-30.000000 -0.000000
-29.600000 0.000000
-29.200000 -0.000000
-28.800000 0.000000
-28.400000 0.000000
-28.000000 0.000000
-27.600000 -0.000000
-27.200000 -0.000000
-26.800000 0.000000
-26.400000 -0.000000
-26.000000 -0.000000
-25.600000 0.000000
-25.200000 -0.000000
-24.800000 0.000000
-24.400000 -0.000000
-24.000000 -0.000000
-23.600000 0.000000
-23.200000 -0.000002
-22.800000 0.000009
-22.400000 -0.000028
-22.000000 0.000062
-21.600000 -0.000086
-21.200000 0.000025
-20.800000 0.000195
-20.400000 -0.000476
-20.000000 0.000427
-19.600000 0.000237
-19.200000 -0.000924
-18.800000 0.000398
-18.400000 0.001200
-18.000000 -0.001581
-17.600000 0.000049
-17.200000 -0.000146
-16.800000 0.003231
-16.400000 -0.003486
-16.000000 -0.000685
-15.600000 0.000171
-15.200000 0.004862
-14.800000 -0.001453
-14.400000 -0.004230
-14.000000 -0.002307
-13.600000 0.003926
-13.200000 0.007012
-12.800000 -0.002015
-12.400000 -0.006318
-12.000000 -0.007984
-11.600000 0.006281
-11.200000 0.008121
-10.800000 0.007340
-10.400000 -0.007125
-10.000000 -0.008936
-9.600000 -0.007101
-9.200000 0.002629
-8.800000 0.008375
-8.400000 0.008205
-8.000000 0.004940
-7.600000 -0.004552
-7.200000 -0.005466
-6.800000 -0.009660
-6.400000 -0.002889
-6.000000 -0.002602
-5.600000 0.004741
-5.200000 0.003556
-4.800000 0.005215
-4.400000 0.002853
-4.000000 0.003216
-3.600000 0.003447
-3.200000 0.003883
-2.800000 0.006944
-2.400000 0.008000
-2.000000 0.010985
-1.600000 0.009635
-1.200000 0.011344
-0.800000 0.007205
-0.400000 0.003742
0.000000 -0.007900
0.400000 -0.025214
0.800000 -0.065411
1.200000 -0.141682
1.600000 -0.296028
2.000000 -0.580355
2.400000 -1.056675
2.800000 -1.652744
3.200000 -2.008463
3.600000 -1.754356
4.000000 -1.163643
4.400000 -0.655874
4.800000 -0.339427
5.200000 -0.167687
5.600000 -0.081729
6.000000 -0.039076
6.400000 -0.018740
6.800000 -0.009267
7.200000 -0.004110
7.600000 -0.002478
8.000000 -0.000867
8.400000 -0.000485
8.800000 -0.000217
9.200000 0.000363
9.600000 -0.000253
10.000000 0.000229
10.400000 -0.000316
10.800000 -0.000229
11.200000 0.000141
11.600000 -0.000059
12.000000 0.000374
12.400000 -0.000040
12.800000 -0.000254
13.200000 0.000005
13.600000 -0.000198
14.000000 0.000404
14.400000 0.000095
14.800000 -0.000445
15.200000 0.000501
15.600000 -0.001031
16.000000 0.001596
16.400000 -0.001538
16.800000 0.001452
17.200000 -0.001783
17.600000 0.001946
18.000000 -0.001648
18.400000 0.001390
18.800000 -0.001396
19.200000 0.001224
19.600000 -0.000582
20.000000 -0.000224
20.400000 0.000719
20.800000 -0.000762
21.200000 0.000539
21.600000 -0.000288
22.000000 0.000120
22.400000 -0.000040
22.800000 0.000010
23.200000 -0.000002
23.600000 0.000000
24.000000 0.000000
24.400000 -0.000000
24.800000 0.000000
25.200000 -0.000000
25.600000 0.000000
26.000000 -0.000000
26.400000 -0.000000
26.800000 0.000000
27.200000 -0.000000
27.600000 -0.000000
28.000000 0.000000
28.400000 0.000000
28.800000 0.000000
29.200000 0.000000
29.600000 -0.000000
