-30.000000 -0.000012
-29.800000 0.000118
-29.600000 -0.000037
-29.400000 -0.000045
-29.200000 -0.000059
-29.000000 0.000053
-28.800000 0.000105
-28.600000 -0.000046
-28.400000 -0.000069
-28.200000 -0.000076
-28.000000 0.000102
-27.800000 0.000102
-27.600000 -0.000028
-27.400000 -0.000113
-27.200000 -0.000093
-27.000000 0.000112
-26.800000 0.000132
-26.600000 0.000017
-26.400000 -0.000147
-26.200000 -0.000142
-26.000000 0.000070
-25.800000 0.000179
-25.600000 0.000107
-25.400000 -0.000125
-25.200000 -0.000218
-25.000000 -0.000050
-24.800000 0.000173
-24.600000 0.000233
-24.400000 0.000012
-24.200000 -0.000230
-24.000000 -0.000234
-23.800000 0.000012
-23.600000 0.000276
-23.400000 0.000251
-23.200000 -0.000034
-23.000000 -0.000306
-22.800000 -0.000287
-22.600000 0.000035
-22.400000 0.000336
-22.200000 0.000328
-22.000000 0.000002
-21.800000 -0.000353
-21.600000 -0.000393
-21.400000 -0.000069
-21.200000 0.000341
-21.000000 0.000468
-20.800000 0.000180
-20.600000 -0.000283
-20.400000 -0.000528
-20.200000 -0.000336
-20.000000 0.000155
-19.800000 0.000547
-19.600000 0.000511
-19.400000 0.000058
-19.200000 -0.000468
-19.000000 -0.000656
-18.800000 -0.000344
-18.600000 0.000249
-18.400000 0.000688
-18.200000 0.000641
-18.000000 0.000121
-17.800000 -0.000514
-17.600000 -0.000819
-17.400000 -0.000568
-17.200000 0.000088
-17.000000 0.000719
-16.800000 0.000903
-16.600000 0.000504
-16.400000 -0.000241
-16.200000 -0.000871
-16.000000 -0.000988
-15.800000 -0.000503
-15.600000 0.000310
-15.400000 0.000978
-15.200000 0.001106
-15.000000 0.000604
-14.800000 -0.000263
-14.600000 -0.001024
-14.400000 -0.001262
-14.200000 -0.000833
-14.000000 0.000053
-13.800000 0.000951
-13.600000 0.001405
-13.400000 0.001179
-13.200000 0.000367
-13.000000 -0.000655
-12.800000 -0.001411
-12.600000 -0.001547
-12.400000 -0.000988
-12.200000 0.000030
-12.000000 0.001074
-11.800000 0.001701
-11.600000 0.001643
-11.400000 0.000914
-11.200000 -0.000205
-11.000000 -0.001284
-10.800000 -0.001910
-10.600000 -0.001844
-10.400000 -0.001105
-10.200000 0.000050
-10.000000 0.001223
-9.800000 0.002016
-9.600000 0.002167
-9.400000 0.001625
-9.200000 0.000560
-9.000000 -0.000702
-8.800000 -0.001787
-8.600000 -0.002380
-8.400000 -0.002318
-8.200000 -0.001624
-8.000000 -0.000490
-7.800000 0.000787
-7.600000 0.001888
-7.400000 0.002550
-7.200000 0.002631
-7.000000 0.002126
-6.800000 0.001162
-6.600000 -0.000043
-6.400000 -0.001240
-6.200000 -0.002195
-6.000000 -0.002744
-5.800000 -0.002810
-5.600000 -0.002410
-5.400000 -0.001643
-5.200000 -0.000655
-5.000000 0.000387
-4.800000 0.001330
-4.600000 0.002057
-4.400000 0.002501
-4.200000 0.002646
-4.000000 0.002521
-3.800000 0.002184
-3.600000 0.001712
-3.400000 0.001176
-3.200000 0.000635
-3.000000 0.000119
-2.800000 -0.000377
-2.600000 -0.000898
-2.400000 -0.001537
-2.200000 -0.002438
-2.000000 -0.003812
-1.800000 -0.005959
-1.600000 -0.009294
-1.400000 -0.014411
-1.200000 -0.022154
-1.000000 -0.033737
-0.800000 -0.050907
-0.600000 -0.076160
-0.400000 -0.113023
-0.200000 -0.166370
0.000000 -0.242703
0.200000 -0.350194
0.400000 -0.498089
0.600000 -0.694757
0.800000 -0.943480
1.000000 -1.235473
1.200000 -1.541826
1.400000 -1.810373
1.600000 -1.976756
1.800000 -1.992271
2.000000 -1.852063
2.200000 -1.598225
2.400000 -1.294650
2.600000 -0.997241
2.800000 -0.739383
3.000000 -0.533094
3.200000 -0.376762
3.400000 -0.262564
3.600000 -0.181201
3.800000 -0.124209
4.000000 -0.084746
4.200000 -0.057634
4.400000 -0.039107
4.600000 -0.026494
4.800000 -0.017929
5.000000 -0.012122
5.200000 -0.008191
5.400000 -0.005532
5.600000 -0.003735
5.800000 -0.002520
6.000000 -0.001699
6.200000 -0.001145
6.400000 -0.000771
6.600000 -0.000519
6.800000 -0.000349
7.000000 -0.000234
7.200000 -0.000158
7.400000 -0.000106
7.600000 -0.000071
7.800000 -0.000048
8.000000 -0.000032
8.200000 -0.000022
8.400000 -0.000015
8.600000 -0.000010
8.800000 -0.000007
9.000000 -0.000005
9.200000 -0.000003
9.400000 -0.000002
9.600000 -0.000002
9.800000 -0.000001
10.000000 -0.000000
10.200000 -0.000000
10.400000 -0.000000
10.600000 -0.000000
10.800000 -0.000000
11.000000 -0.000000
11.200000 -0.000000
11.400000 0.000000
11.600000 0.000001
11.800000 0.000001
12.000000 0.000001
12.200000 -0.000000
12.400000 -0.000001
12.600000 -0.000002
12.800000 -0.000001
13.000000 -0.000000
13.200000 0.000001
13.400000 0.000002
13.600000 0.000002
13.800000 0.000001
14.000000 -0.000001
14.200000 -0.000002
14.400000 -0.000003
14.600000 -0.000002
14.800000 0.000000
15.000000 0.000003
15.200000 0.000004
15.400000 0.000003
15.600000 -0.000000
15.800000 -0.000003
16.000000 -0.000004
16.200000 -0.000003
16.400000 0.000000
16.600000 0.000004
16.800000 0.000005
17.000000 0.000003
17.200000 -0.000001
17.400000 -0.000005
17.600000 -0.000005
17.800000 -0.000002
18.000000 0.000003
18.200000 0.000006
18.400000 0.000005
18.600000 0.000000
18.800000 -0.000005
19.000000 -0.000006
19.200000 -0.000003
19.400000 0.000002
19.600000 0.000007
19.800000 0.000007
20.000000 -0.000001
20.200000 -0.000007
20.400000 -0.000005
20.600000 -0.000002
20.800000 0.000002
21.000000 0.000007
21.200000 0.000006
21.400000 -0.000003
21.600000 -0.000011
21.800000 -0.000005
22.000000 0.000006
22.200000 0.000006
22.400000 0.000004
22.600000 -0.000001
22.800000 -0.000007
23.000000 -0.000006
23.200000 -0.000000
23.400000 0.000008
23.600000 0.000007
23.800000 -0.000003
24.000000 -0.000007
24.200000 -0.000006
24.400000 0.000004
24.600000 0.000007
24.800000 0.000004
25.000000 -0.000002
25.200000 -0.000010
25.400000 -0.000001
25.600000 0.000005
25.800000 0.000008
26.000000 0.000001
26.200000 -0.000009
26.400000 -0.000003
26.600000 0.000000
26.800000 0.000009
27.000000 0.000002
27.200000 -0.000006
27.400000 -0.000004
27.600000 -0.000002
27.800000 0.000011
28.000000 0.000000
28.200000 -0.000003
28.400000 -0.000006
28.600000 -0.000001
28.800000 0.000010
29.000000 -0.000002
29.200000 -0.000000
29.400000 -0.000009
29.600000 0.000004
29.800000 0.000006
