-30.000000 -0.000000
-29.800000 -0.000000
-29.600000 -0.000000
-29.400000 -0.000000
-29.200000 -0.000000
-29.000000 -0.000000
-28.800000 -0.000000
-28.600000 -0.000000
-28.400000 -0.000000
-28.200000 -0.000000
-28.000000 -0.000000
-27.800000 -0.000000
-27.600000 -0.000000
-27.400000 -0.000000
-27.200000 -0.000000
-27.000000 -0.000000
-26.800000 -0.000000
-26.600000 -0.000000
-26.400000 -0.000000
-26.200000 -0.000000
-26.000000 -0.000000
-25.800000 -0.000000
-25.600000 -0.000000
-25.400000 -0.000000
-25.200000 -0.000000
-25.000000 -0.000000
-24.800000 -0.000000
-24.600000 -0.000000
-24.400000 -0.000000
-24.200000 -0.000000
-24.000000 -0.000000
-23.800000 -0.000000
-23.600000 -0.000000
-23.400000 -0.000000
-23.200000 -0.000000
-23.000000 -0.000000
-22.800000 -0.000000
-22.600000 -0.000000
-22.400000 -0.000000
-22.200000 -0.000000
-22.000000 -0.000000
-21.800000 -0.000000
-21.600000 -0.000000
-21.400000 -0.000000
-21.200000 -0.000000
-21.000000 -0.000000
-20.800000 -0.000000
-20.600000 -0.000000
-20.400000 -0.000000
-20.200000 -0.000000
-20.000000 -0.000000
-19.800000 -0.000000
-19.600000 -0.000000
-19.400000 -0.000000
-19.200000 -0.000000
-19.000000 -0.000000
-18.800000 -0.000000
-18.600000 -0.000000
-18.400000 -0.000000
-18.200000 -0.000000
-18.000000 -0.000000
-17.800000 -0.000000
-17.600000 -0.000000
-17.400000 -0.000000
-17.200000 -0.000000
-17.000000 -0.000000
-16.800000 -0.000000
-16.600000 -0.000000
-16.400000 -0.000000
-16.200000 -0.000000
-16.000000 -0.000000
-15.800000 -0.000000
-15.600000 -0.000000
-15.400000 -0.000000
-15.200000 -0.000000
-15.000000 -0.000000
-14.800000 -0.000000
-14.600000 -0.000000
-14.400000 -0.000000
-14.200000 -0.000000
-14.000000 -0.000000
-13.800000 0.000000
-13.600000 -0.000000
-13.400000 0.000000
-13.200000 0.000000
-13.000000 -0.000000
-12.800000 0.000000
-12.600000 -0.000000
-12.400000 -0.000000
-12.200000 0.000000
-12.000000 -0.000000
-11.800000 -0.000000
-11.600000 0.000002
-11.400000 -0.000002
-11.200000 -0.000002
-11.000000 0.000005
-10.800000 0.000001
-10.600000 -0.000008
-10.400000 -0.000001
-10.200000 0.000014
-10.000000 0.000004
-9.800000 -0.000026
-9.600000 -0.000011
-9.400000 0.000041
-9.200000 0.000031
-9.000000 -0.000051
-8.800000 -0.000078
-8.600000 0.000036
-8.400000 0.000144
-8.200000 0.000042
-8.000000 -0.000181
-7.800000 -0.000204
-7.600000 0.000084
-7.400000 0.000357
-7.200000 0.000222
-7.000000 -0.000255
-6.800000 -0.000564
-6.600000 -0.000296
-6.400000 0.000379
-6.200000 0.000822
-6.000000 0.000534
-5.800000 -0.000363
-5.600000 -0.001178
-5.400000 -0.001202
-5.200000 -0.000301
-5.000000 0.000956
-4.800000 0.001680
-4.600000 0.001256
-4.400000 -0.000272
-4.200000 -0.002238
-4.000000 -0.003748
-3.800000 -0.004182
-3.600000 -0.003519
-3.400000 -0.002361
-3.200000 -0.001694
-3.000000 -0.002570
-2.800000 -0.005867
-2.600000 -0.012230
-2.400000 -0.022218
-2.200000 -0.036584
-2.000000 -0.056641
-1.800000 -0.084631
-1.600000 -0.124087
-1.400000 -0.180147
-1.200000 -0.259759
-1.000000 -0.371594
-0.800000 -0.525231
-0.600000 -0.728885
-0.400000 -0.984733
-0.200000 -1.281536
0.000000 -1.586734
0.200000 -1.844807
0.400000 -1.991174
0.600000 -1.981929
0.800000 -1.819971
1.000000 -1.553137
1.200000 -1.246227
1.400000 -0.952465
1.600000 -0.701704
1.800000 -0.503276
2.000000 -0.354094
2.200000 -0.245775
2.400000 -0.168973
2.600000 -0.115397
2.800000 -0.078438
3.000000 -0.053138
3.200000 -0.035912
3.400000 -0.024226
3.600000 -0.016319
3.800000 -0.010979
4.000000 -0.007381
4.200000 -0.004961
4.400000 -0.003337
4.600000 -0.002245
4.800000 -0.001509
5.000000 -0.001009
5.200000 -0.000669
5.400000 -0.000442
5.600000 -0.000296
5.800000 -0.000208
6.000000 -0.000150
6.200000 -0.000103
6.400000 -0.000062
6.600000 -0.000028
6.800000 -0.000014
7.000000 -0.000020
7.200000 -0.000026
7.400000 -0.000020
7.600000 0.000000
7.800000 0.000011
8.000000 -0.000000
8.200000 -0.000011
8.400000 -0.000010
8.600000 0.000003
8.800000 0.000009
9.000000 -0.000002
9.200000 -0.000004
9.400000 -0.000003
9.600000 0.000004
9.800000 0.000004
10.000000 -0.000005
10.200000 0.000000
10.400000 0.000001
10.600000 0.000000
10.800000 0.000001
11.000000 -0.000003
11.200000 0.000003
11.400000 -0.000001
11.600000 -0.000001
11.800000 0.000001
12.000000 -0.000001
12.200000 0.000000
12.400000 0.000000
12.600000 -0.000000
12.800000 0.000000
13.000000 -0.000000
13.200000 -0.000000
13.400000 0.000000
13.600000 -0.000000
13.800000 0.000000
14.000000 -0.000000
14.200000 -0.000000
14.400000 -0.000000
14.600000 -0.000000
14.800000 -0.000000
15.000000 -0.000000
15.200000 -0.000000
15.400000 -0.000000
15.600000 -0.000000
15.800000 -0.000000
16.000000 -0.000000
16.200000 -0.000000
16.400000 -0.000000
16.600000 -0.000000
16.800000 -0.000000
17.000000 -0.000000
17.200000 -0.000000
17.400000 -0.000000
17.600000 -0.000000
17.800000 -0.000000
18.000000 -0.000000
18.200000 -0.000000
18.400000 -0.000000
18.600000 -0.000000
18.800000 -0.000000
19.000000 -0.000000
19.200000 -0.000000
19.400000 -0.000000
19.600000 -0.000000
19.800000 -0.000000
20.000000 -0.000000
20.200000 -0.000000
20.400000 -0.000000
20.600000 -0.000000
20.800000 -0.000000
21.000000 -0.000000
21.200000 -0.000000
21.400000 -0.000000
21.600000 -0.000000
21.800000 -0.000000
22.000000 -0.000000
22.200000 -0.000000
22.400000 -0.000000
22.600000 -0.000000
22.800000 -0.000000
23.000000 -0.000000
23.200000 -0.000000
23.400000 -0.000000
23.600000 -0.000000
23.800000 -0.000000
24.000000 -0.000000
24.200000 -0.000000
24.400000 -0.000000
24.600000 -0.000000
24.800000 -0.000000
25.000000 -0.000000
25.200000 -0.000000
25.400000 -0.000000
25.600000 -0.000000
25.800000 -0.000000
26.000000 -0.000000
26.200000 -0.000000
26.400000 -0.000000
26.600000 -0.000000
26.800000 -0.000000
27.000000 -0.000000
27.200000 -0.000000
27.400000 -0.000000
27.600000 -0.000000
27.800000 -0.000000
28.000000 -0.000000
28.200000 -0.000000
28.400000 -0.000000
28.600000 -0.000000
28.800000 -0.000000
29.000000 -0.000000
29.200000 -0.000000
29.400000 -0.000000
29.600000 -0.000000
29.800000 -0.000000
