-30.000000 -0.000000
-29.800000 -0.000000
-29.600000 -0.000000
-29.400000 -0.000000
-29.200000 -0.000000
-29.000000 -0.000000
-28.800000 -0.000000
-28.600000 -0.000000
-28.400000 -0.000000
-28.200000 -0.000000
-28.000000 -0.000000
-27.800000 -0.000000
-27.600000 -0.000000
-27.400000 -0.000000
-27.200000 -0.000000
-27.000000 -0.000000
-26.800000 -0.000000
-26.600000 -0.000000
-26.400000 -0.000000
-26.200000 -0.000000
-26.000000 -0.000000
-25.800000 -0.000000
-25.600000 -0.000000
-25.400000 -0.000000
-25.200000 -0.000000
-25.000000 -0.000000
-24.800000 -0.000000
-24.600000 -0.000000
-24.400000 -0.000000
-24.200000 -0.000000
-24.000000 -0.000000
-23.800000 -0.000000
-23.600000 -0.000000
-23.400000 -0.000000
-23.200000 -0.000000
-23.000000 -0.000000
-22.800000 -0.000000
-22.600000 -0.000000
-22.400000 -0.000000
-22.200000 -0.000000
-22.000000 -0.000000
-21.800000 -0.000000
-21.600000 -0.000000
-21.400000 -0.000000
-21.200000 -0.000000
-21.000000 -0.000000
-20.800000 -0.000000
-20.600000 -0.000000
-20.400000 -0.000000
-20.200000 -0.000000
-20.000000 -0.000000
-19.800000 -0.000000
-19.600000 -0.000000
-19.400000 -0.000000
-19.200000 -0.000000
-19.000000 -0.000000
-18.800000 -0.000000
-18.600000 -0.000000
-18.400000 -0.000000
-18.200000 -0.000000
-18.000000 -0.000000
-17.800000 -0.000000
-17.600000 -0.000000
-17.400000 -0.000000
-17.200000 -0.000000
-17.000000 -0.000000
-16.800000 -0.000000
-16.600000 -0.000000
-16.400000 -0.000000
-16.200000 -0.000000
-16.000000 -0.000000
-15.800000 -0.000000
-15.600000 -0.000000
-15.400000 -0.000000
-15.200000 -0.000000
-15.000000 -0.000000
-14.800000 -0.000000
-14.600000 -0.000000
-14.400000 -0.000000
-14.200000 -0.000000
-14.000000 -0.000000
-13.800000 -0.000000
-13.600000 -0.000000
-13.400000 -0.000000
-13.200000 -0.000000
-13.000000 -0.000000
-12.800000 -0.000000
-12.600000 -0.000000
-12.400000 -0.000000
-12.200000 -0.000000
-12.000000 -0.000000
-11.800000 -0.000000
-11.600000 -0.000000
-11.400000 -0.000000
-11.200000 -0.000000
-11.000000 -0.000000
-10.800000 -0.000000
-10.600000 -0.000000
-10.400000 -0.000000
-10.200000 -0.000000
-10.000000 -0.000000
-9.800000 -0.000000
-9.600000 -0.000000
-9.400000 -0.000000
-9.200000 -0.000000
-9.000000 -0.000000
-8.800000 -0.000000
-8.600000 0.000000
-8.400000 -0.000000
-8.200000 -0.000001
-8.000000 0.000001
-7.800000 0.000001
-7.600000 -0.000007
-7.400000 -0.000003
-7.200000 0.000012
-7.000000 -0.000002
-6.800000 -0.000033
-6.600000 -0.000020
-6.400000 0.000042
-6.200000 0.000037
-6.000000 -0.000096
-5.800000 -0.000184
-5.600000 -0.000045
-5.400000 0.000183
-5.200000 0.000114
-5.000000 -0.000376
-4.800000 -0.000852
-4.600000 -0.000776
-4.400000 -0.000190
-4.200000 0.000171
-4.000000 -0.000486
-3.800000 -0.002291
-3.600000 -0.004597
-3.400000 -0.006536
-3.200000 -0.007783
-3.000000 -0.008999
-2.800000 -0.011703
-2.600000 -0.017803
-2.400000 -0.029146
-2.200000 -0.047432
-2.000000 -0.074535
-1.800000 -0.113086
-1.600000 -0.167137
-1.400000 -0.242678
-1.200000 -0.347760
-1.000000 -0.491881
-0.800000 -0.684010
-0.600000 -0.928395
-0.400000 -1.217602
-0.200000 -1.524272
0.000000 -1.797322
0.200000 -1.971973
0.400000 -1.997101
0.600000 -1.864585
0.800000 -1.614482
1.000000 -1.310781
1.200000 -1.010821
1.400000 -0.749547
1.600000 -0.540009
1.800000 -0.381061
2.000000 -0.264969
2.200000 -0.182339
2.400000 -0.124562
2.600000 -0.084651
2.800000 -0.057319
3.000000 -0.038715
3.200000 -0.026102
3.400000 -0.017575
3.600000 -0.011814
3.800000 -0.007927
4.000000 -0.005314
4.200000 -0.003565
4.400000 -0.002408
4.600000 -0.001630
4.800000 -0.001091
5.000000 -0.000717
5.200000 -0.000467
5.400000 -0.000323
5.600000 -0.000230
5.800000 -0.000154
6.000000 -0.000097
6.200000 -0.000055
6.400000 -0.000045
6.600000 -0.000035
6.800000 -0.000019
7.000000 -0.000013
7.200000 -0.000005
7.400000 -0.000009
7.600000 -0.000005
7.800000 -0.000000
8.000000 -0.000003
8.200000 -0.000001
8.400000 -0.000000
8.600000 -0.000001
8.800000 -0.000000
9.000000 -0.000000
9.200000 -0.000000
9.400000 -0.000000
9.600000 -0.000000
9.800000 -0.000000
10.000000 -0.000000
10.200000 -0.000000
10.400000 -0.000000
10.600000 -0.000000
10.800000 -0.000000
11.000000 -0.000000
11.200000 -0.000000
11.400000 -0.000000
11.600000 -0.000000
11.800000 -0.000000
12.000000 -0.000000
12.200000 -0.000000
12.400000 -0.000000
12.600000 -0.000000
12.800000 -0.000000
13.000000 -0.000000
13.200000 -0.000000
13.400000 -0.000000
13.600000 -0.000000
13.800000 -0.000000
14.000000 -0.000000
14.200000 -0.000000
14.400000 -0.000000
14.600000 -0.000000
14.800000 -0.000000
15.000000 -0.000000
15.200000 -0.000000
15.400000 -0.000000
15.600000 -0.000000
15.800000 -0.000000
16.000000 -0.000000
16.200000 -0.000000
16.400000 -0.000000
16.600000 -0.000000
16.800000 -0.000000
17.000000 -0.000000
17.200000 -0.000000
17.400000 -0.000000
17.600000 -0.000000
17.800000 -0.000000
18.000000 -0.000000
18.200000 -0.000000
18.400000 -0.000000
18.600000 -0.000000
18.800000 -0.000000
19.000000 -0.000000
19.200000 -0.000000
19.400000 -0.000000
19.600000 -0.000000
19.800000 -0.000000
20.000000 -0.000000
20.200000 -0.000000
20.400000 -0.000000
20.600000 -0.000000
20.800000 -0.000000
21.000000 -0.000000
21.200000 -0.000000
21.400000 -0.000000
21.600000 -0.000000
21.800000 -0.000000
22.000000 -0.000000
22.200000 -0.000000
22.400000 -0.000000
22.600000 -0.000000
22.800000 -0.000000
23.000000 -0.000000
23.200000 -0.000000
23.400000 -0.000000
23.600000 -0.000000
23.800000 -0.000000
24.000000 -0.000000
24.200000 -0.000000
24.400000 -0.000000
24.600000 -0.000000
24.800000 -0.000000
25.000000 -0.000000
25.200000 -0.000000
25.400000 -0.000000
25.600000 -0.000000
25.800000 -0.000000
26.000000 -0.000000
26.200000 -0.000000
26.400000 -0.000000
26.600000 -0.000000
26.800000 -0.000000
27.000000 -0.000000
27.200000 -0.000000
27.400000 -0.000000
27.600000 -0.000000
27.800000 -0.000000
28.000000 -0.000000
28.200000 -0.000000
28.400000 -0.000000
28.600000 -0.000000
28.800000 -0.000000
29.000000 -0.000000
29.200000 -0.000000
29.400000 -0.000000
29.600000 -0.000000
29.800000 -0.000000
