-30.000000 0.000000
-29.800000 -0.000000
-29.600000 0.000000
-29.400000 -0.000000
-29.200000 0.000000
-29.000000 -0.000000
-28.800000 -0.000000
-28.600000 0.000000
-28.400000 -0.000000
-28.200000 0.000000
-28.000000 -0.000000
-27.800000 -0.000001
-27.600000 0.000001
-27.400000 -0.000001
-27.200000 -0.000000
-27.000000 0.000001
-26.800000 -0.000002
-26.600000 0.000000
-26.400000 0.000001
-26.200000 -0.000001
-26.000000 -0.000000
-25.800000 0.000000
-25.600000 0.000002
-25.400000 -0.000002
-25.200000 -0.000002
-25.000000 0.000004
-24.800000 -0.000000
-24.600000 -0.000005
-24.400000 0.000001
-24.200000 0.000005
-24.000000 -0.000002
-23.800000 -0.000008
-23.600000 0.000003
-23.400000 0.000010
-23.200000 -0.000004
-23.000000 -0.000013
-22.800000 0.000004
-22.600000 0.000019
-22.400000 -0.000003
-22.200000 -0.000026
-22.000000 -0.000001
-21.800000 0.000033
-21.600000 0.000010
-21.400000 -0.000040
-21.200000 -0.000025
-21.000000 0.000041
-20.800000 0.000047
-20.600000 -0.000033
-20.400000 -0.000071
-20.200000 0.000008
-20.000000 0.000089
-19.800000 0.000036
-19.600000 -0.000085
-19.400000 -0.000091
-19.200000 0.000044
-19.000000 0.000134
-18.800000 0.000037
-18.600000 -0.000129
-18.400000 -0.000134
-18.200000 0.000048
-18.000000 0.000191
-17.800000 0.000096
-17.600000 -0.000140
-17.400000 -0.000226
-17.200000 -0.000036
-17.000000 0.000223
-16.800000 0.000242
-16.600000 -0.000026
-16.400000 -0.000296
-16.200000 -0.000258
-16.000000 0.000075
-15.800000 0.000364
-15.600000 0.000292
-15.400000 -0.000097
-15.200000 -0.000428
-15.000000 -0.000359
-14.800000 0.000074
-14.600000 0.000480
-14.400000 0.000469
-14.200000 0.000019
-14.000000 -0.000492
-13.800000 -0.000613
-13.600000 -0.000208
-13.400000 0.000414
-13.200000 0.000745
-13.000000 0.000496
-12.800000 -0.000174
-12.600000 -0.000766
-12.400000 -0.000822
-12.200000 -0.000265
-12.000000 0.000533
-11.800000 0.001015
-11.600000 0.000826
-11.400000 0.000058
-11.200000 -0.000810
-11.000000 -0.001218
-10.800000 -0.000884
-10.600000 0.000024
-10.400000 0.000984
-10.200000 0.001435
-10.000000 0.001095
-9.800000 0.000119
-9.600000 -0.000989
-9.400000 -0.001649
-9.200000 -0.001504
-9.000000 -0.000597
-8.800000 0.000659
-8.600000 0.001682
-8.400000 0.001998
-8.200000 0.001446
-8.000000 0.000239
-7.800000 -0.001136
-7.600000 -0.002129
-7.400000 -0.002346
-7.200000 -0.001691
-7.000000 -0.000389
-6.800000 0.001110
-6.600000 0.002304
-6.400000 0.002805
-6.200000 0.002455
-6.000000 0.001362
-5.800000 -0.000160
-5.600000 -0.001692
-5.400000 -0.002835
-5.200000 -0.003316
-5.000000 -0.003046
-4.800000 -0.002116
-4.600000 -0.000757
-4.400000 0.000729
-4.200000 0.002045
-4.000000 0.002961
-3.800000 0.003342
-3.600000 0.003155
-3.400000 0.002447
-3.200000 0.001309
-3.000000 -0.000169
-2.800000 -0.001946
-2.600000 -0.004064
-2.400000 -0.006693
-2.200000 -0.010167
-2.000000 -0.015027
-1.800000 -0.022090
-1.600000 -0.032538
-1.400000 -0.048061
-1.200000 -0.071052
-1.000000 -0.104869
-0.800000 -0.154143
-0.600000 -0.225076
-0.400000 -0.325555
-0.200000 -0.464731
0.000000 -0.651405
0.200000 -0.890323
0.400000 -1.175700
0.600000 -1.483041
0.800000 -1.764327
1.000000 -1.955699
1.200000 -2.002700
1.400000 -1.890614
1.600000 -1.653796
1.800000 -1.354606
2.000000 -1.052334
2.200000 -0.785078
2.400000 -0.568481
2.600000 -0.402914
2.800000 -0.281278
3.000000 -0.194295
3.200000 -0.133225
3.400000 -0.090883
3.600000 -0.061777
3.800000 -0.041886
4.000000 -0.028349
4.200000 -0.019162
4.400000 -0.012939
4.600000 -0.008731
4.800000 -0.005888
5.000000 -0.003968
5.200000 -0.002673
5.400000 -0.001800
5.600000 -0.001212
5.800000 -0.000816
6.000000 -0.000548
6.200000 -0.000369
6.400000 -0.000247
6.600000 -0.000166
6.800000 -0.000111
7.000000 -0.000074
7.200000 -0.000050
7.400000 -0.000034
7.600000 -0.000023
7.800000 -0.000016
8.000000 -0.000010
8.200000 -0.000006
8.400000 -0.000003
8.600000 -0.000002
8.800000 -0.000002
9.000000 -0.000003
9.200000 -0.000004
9.400000 -0.000003
9.600000 -0.000002
9.800000 0.000001
10.000000 0.000004
10.200000 0.000004
10.400000 0.000002
10.600000 -0.000002
10.800000 -0.000005
11.000000 -0.000005
11.200000 -0.000002
11.400000 0.000002
11.600000 0.000006
11.800000 0.000006
12.000000 0.000001
12.200000 -0.000004
12.400000 -0.000008
12.600000 -0.000005
12.800000 0.000001
13.000000 0.000007
13.200000 0.000008
13.400000 0.000002
13.600000 -0.000005
13.800000 -0.000009
14.000000 -0.000005
14.200000 0.000003
14.400000 0.000009
14.600000 0.000007
14.800000 -0.000002
15.000000 -0.000009
15.200000 -0.000008
15.400000 0.000001
15.600000 0.000009
15.800000 0.000008
16.000000 -0.000001
16.200000 -0.000009
16.400000 -0.000007
16.600000 0.000002
16.800000 0.000010
17.000000 0.000006
17.200000 -0.000004
17.400000 -0.000010
17.600000 -0.000003
17.800000 0.000007
18.000000 0.000008
18.200000 -0.000001
18.400000 -0.000008
18.600000 -0.000005
18.800000 0.000005
19.000000 0.000008
19.200000 -0.000000
19.400000 -0.000008
19.600000 -0.000004
19.800000 0.000005
20.000000 0.000007
20.200000 -0.000002
20.400000 -0.000007
20.600000 -0.000000
20.800000 0.000006
21.000000 0.000002
21.200000 -0.000005
21.400000 -0.000003
21.600000 0.000003
21.800000 0.000003
22.000000 -0.000001
22.200000 -0.000003
22.400000 0.000001
22.600000 0.000003
22.800000 -0.000001
23.000000 -0.000001
23.200000 -0.000000
23.400000 0.000002
23.600000 0.000001
23.800000 -0.000002
24.000000 0.000001
24.200000 0.000001
24.400000 -0.000000
24.600000 -0.000000
24.800000 -0.000001
25.000000 0.000002
25.200000 -0.000001
25.400000 -0.000001
25.600000 0.000002
25.800000 -0.000002
26.000000 0.000001
26.200000 -0.000001
26.400000 -0.000000
26.600000 0.000002
26.800000 -0.000003
27.000000 0.000002
27.200000 -0.000000
27.400000 -0.000002
27.600000 0.000002
27.800000 -0.000002
28.000000 0.000001
28.200000 -0.000000
28.400000 -0.000000
28.600000 0.000000
28.800000 -0.000000
29.000000 0.000000
29.200000 -0.000000
29.400000 0.000000
29.600000 -0.000000
29.800000 -0.000000
