-30.000000 0.000386
-29.800000 0.000676
-29.600000 0.000380
-29.400000 0.000191
-29.200000 -0.000631
-29.000000 -0.000367
-28.800000 -0.000613
-28.600000 0.000460
-28.400000 0.000261
-28.200000 0.000928
-28.000000 -0.000117
-27.800000 -0.000004
-27.600000 -0.000987
-27.400000 -0.000278
-27.200000 -0.000365
-27.000000 0.000699
-26.800000 0.000539
-26.600000 0.000702
-26.400000 -0.000102
-26.200000 -0.000501
-26.000000 -0.000796
-25.800000 -0.000588
-25.600000 0.000139
-25.400000 0.000480
-25.200000 0.001028
-25.000000 0.000355
-24.800000 0.000209
-24.600000 -0.000921
-24.400000 -0.000617
-24.200000 -0.000943
-24.000000 0.000262
-23.800000 0.000355
-23.600000 0.001216
-23.400000 0.000547
-23.200000 0.000361
-23.000000 -0.000697
-22.800000 -0.000885
-22.600000 -0.000990
-22.400000 -0.000384
-22.200000 0.000405
-22.000000 0.000865
-21.800000 0.001220
-21.600000 0.000513
-21.400000 0.000148
-21.200000 -0.001025
-21.000000 -0.000923
-20.800000 -0.001259
-20.600000 -0.000118
-20.400000 0.000213
-20.200000 0.001305
-20.000000 0.001063
-19.800000 0.001017
-19.600000 -0.000018
-19.400000 -0.000676
-19.200000 -0.001290
-19.000000 -0.001318
-18.800000 -0.000682
-18.600000 -0.000034
-18.400000 0.001076
-18.200000 0.001214
-18.000000 0.001546
-17.800000 0.000540
-17.600000 0.000087
-17.400000 -0.001191
-17.200000 -0.001301
-17.000000 -0.001613
-16.800000 -0.000766
-16.600000 -0.000079
-16.400000 0.000951
-16.200000 0.001528
-16.000000 0.001565
-15.800000 0.001264
-15.600000 0.000197
-15.400000 -0.000483
-15.200000 -0.001590
-15.000000 -0.001568
-14.800000 -0.001728
-14.600000 -0.000692
-14.400000 -0.000053
-14.200000 0.001152
-14.000000 0.001606
-13.800000 0.001898
-13.600000 0.001513
-13.400000 0.000688
-13.200000 -0.000167
-13.000000 -0.001293
-12.800000 -0.001666
-12.600000 -0.002120
-12.400000 -0.001481
-12.200000 -0.001035
-12.000000 0.000204
-11.800000 0.000933
-11.600000 0.001815
-11.400000 0.002041
-11.200000 0.001911
-11.000000 0.001401
-10.800000 0.000409
-10.600000 -0.000371
-10.400000 -0.001466
-10.200000 -0.001814
-10.000000 -0.002272
-9.800000 -0.001845
-9.600000 -0.001460
-9.400000 -0.000518
-9.200000 0.000330
-9.000000 0.001160
-8.800000 0.001864
-8.600000 0.002055
-8.400000 0.002208
-8.200000 0.001664
-8.000000 0.001260
-7.800000 0.000324
-7.600000 -0.000325
-7.400000 -0.001132
-7.200000 -0.001645
-7.000000 -0.001935
-6.800000 -0.002084
-6.600000 -0.001787
-6.400000 -0.001568
-6.200000 -0.000908
-6.000000 -0.000482
-5.800000 0.000193
-5.600000 0.000627
-5.400000 0.001039
-5.200000 0.001341
-5.000000 0.001400
-4.800000 0.001525
-4.600000 0.001329
-4.400000 0.001307
-4.200000 0.001054
-4.000000 0.000954
-3.800000 0.000821
-3.600000 0.000723
-3.400000 0.000782
-3.200000 0.000753
-3.000000 0.000952
-2.800000 0.001024
-2.600000 0.001234
-2.400000 0.001366
-2.200000 0.001450
-2.000000 0.001511
-1.800000 0.001337
-1.600000 0.001091
-1.400000 0.000471
-1.200000 -0.000453
-1.000000 -0.001939
-0.800000 -0.004201
-0.600000 -0.007506
-0.400000 -0.012467
-0.200000 -0.019668
0.000000 -0.030296
0.200000 -0.045815
0.400000 -0.068479
0.600000 -0.101491
0.800000 -0.149218
1.000000 -0.217714
1.200000 -0.314586
1.400000 -0.448919
1.600000 -0.629653
1.800000 -0.862222
2.000000 -1.142463
2.200000 -1.448419
2.400000 -1.734859
2.600000 -1.939005
2.800000 -2.003950
3.000000 -1.909436
3.200000 -1.684646
3.400000 -1.390074
3.600000 -1.086405
3.800000 -0.814394
4.000000 -0.591947
4.200000 -0.420849
4.400000 -0.294552
4.600000 -0.203935
4.800000 -0.140135
5.000000 -0.095793
5.200000 -0.065260
5.400000 -0.044333
5.600000 -0.030082
5.800000 -0.020373
6.000000 -0.013797
6.200000 -0.009331
6.400000 -0.006310
6.600000 -0.004269
6.800000 -0.002882
7.000000 -0.001953
7.200000 -0.001314
7.400000 -0.000897
7.600000 -0.000597
7.800000 -0.000412
8.000000 -0.000271
8.200000 -0.000188
8.400000 -0.000126
8.600000 -0.000081
8.800000 -0.000062
9.000000 -0.000033
9.200000 -0.000030
9.400000 -0.000012
9.600000 -0.000016
9.800000 -0.000002
10.000000 -0.000008
10.200000 -0.000001
10.400000 -0.000002
10.600000 -0.000003
10.800000 0.000001
11.000000 -0.000006
11.200000 0.000004
11.400000 -0.000006
11.600000 0.000005
11.800000 -0.000005
12.000000 0.000005
12.200000 -0.000003
12.400000 0.000003
12.600000 -0.000001
12.800000 -0.000001
13.000000 0.000002
13.200000 -0.000003
13.400000 0.000004
13.600000 -0.000005
13.800000 0.000005
14.000000 -0.000005
14.200000 0.000006
14.400000 -0.000005
14.600000 0.000004
14.800000 -0.000003
15.000000 0.000002
15.200000 -0.000001
15.400000 -0.000001
15.600000 0.000002
15.800000 -0.000003
16.000000 0.000004
16.200000 -0.000004
16.400000 0.000005
16.600000 -0.000005
16.800000 0.000005
17.000000 -0.000005
17.200000 0.000005
17.400000 -0.000003
17.600000 0.000003
17.800000 -0.000002
18.000000 0.000000
18.200000 -0.000000
18.400000 -0.000001
18.600000 0.000002
18.800000 -0.000002
19.000000 0.000004
19.200000 -0.000003
19.400000 0.000005
19.600000 -0.000005
19.800000 0.000003
20.000000 -0.000006
20.200000 0.000003
20.400000 -0.000004
20.600000 0.000004
20.800000 -0.000001
21.000000 0.000003
21.200000 0.000000
21.400000 -0.000001
21.600000 -0.000000
21.800000 -0.000004
22.000000 0.000001
22.200000 -0.000003
22.400000 0.000005
22.600000 -0.000002
22.800000 0.000006
23.000000 -0.000003
23.200000 0.000003
23.400000 -0.000006
23.600000 0.000001
23.800000 -0.000004
24.000000 0.000004
24.200000 0.000000
24.400000 0.000004
24.600000 0.000001
24.800000 -0.000000
25.000000 -0.000002
25.200000 -0.000004
25.400000 -0.000000
25.600000 -0.000001
25.800000 0.000005
26.000000 0.000001
26.200000 0.000005
26.400000 -0.000004
26.600000 0.000000
26.800000 -0.000007
27.000000 0.000002
27.200000 -0.000002
27.400000 0.000007
27.600000 0.000001
27.800000 0.000004
28.000000 -0.000005
28.200000 -0.000003
28.400000 -0.000005
28.600000 0.000001
28.800000 0.000003
29.000000 0.000004
29.200000 0.000003
29.400000 -0.000003
29.600000 -0.000003
29.800000 -0.000007
