-30.000000 0.000000
-29.800000 0.000001
-29.600000 -0.000002
-29.400000 0.000001
-29.200000 0.000000
-29.000000 -0.000002
-28.800000 0.000002
-28.600000 0.000001
-28.400000 -0.000003
-28.200000 0.000001
-28.000000 0.000003
-27.800000 -0.000002
-27.600000 -0.000004
-27.400000 0.000003
-27.200000 0.000005
-27.000000 -0.000005
-26.800000 -0.000006
-26.600000 0.000006
-26.400000 0.000008
-26.200000 -0.000007
-26.000000 -0.000012
-25.800000 0.000009
-25.600000 0.000017
-25.400000 -0.000010
-25.200000 -0.000023
-25.000000 0.000008
-24.800000 0.000031
-24.600000 -0.000002
-24.400000 -0.000039
-24.200000 -0.000008
-24.000000 0.000046
-23.800000 0.000025
-23.600000 -0.000046
-23.400000 -0.000048
-23.200000 0.000035
-23.000000 0.000072
-22.800000 -0.000007
-22.600000 -0.000087
-22.400000 -0.000038
-22.200000 0.000080
-22.000000 0.000089
-21.800000 -0.000037
-21.600000 -0.000125
-21.400000 -0.000040
-21.200000 0.000115
-21.000000 0.000126
-20.800000 -0.000039
-20.600000 -0.000171
-20.400000 -0.000087
-20.200000 0.000124
-20.000000 0.000197
-19.800000 0.000026
-19.600000 -0.000198
-19.400000 -0.000201
-19.200000 0.000041
-19.000000 0.000260
-18.800000 0.000196
-18.600000 -0.000102
-18.400000 -0.000315
-18.200000 -0.000198
-18.000000 0.000149
-17.800000 0.000369
-17.600000 0.000220
-17.400000 -0.000172
-17.200000 -0.000425
-17.000000 -0.000275
-16.800000 0.000159
-16.600000 0.000479
-16.400000 0.000372
-16.200000 -0.000091
-16.000000 -0.000511
-15.800000 -0.000507
-15.600000 -0.000056
-15.400000 0.000481
-15.200000 0.000653
-15.000000 0.000296
-14.800000 -0.000332
-14.600000 -0.000743
-14.400000 -0.000602
-14.200000 0.000014
-14.000000 0.000665
-13.800000 0.000872
-13.600000 0.000461
-13.400000 -0.000308
-13.200000 -0.000917
-13.000000 -0.000943
-12.800000 -0.000340
-12.600000 0.000526
-12.400000 0.001113
-12.200000 0.001042
-12.000000 0.000327
-11.800000 -0.000630
-11.600000 -0.001279
-11.400000 -0.001235
-11.200000 -0.000495
-11.000000 0.000560
-10.800000 0.001379
-10.600000 0.001526
-10.400000 0.000905
-10.200000 -0.000201
-10.000000 -0.001272
-9.800000 -0.001800
-9.600000 -0.001528
-9.400000 -0.000557
-9.200000 0.000706
-9.000000 0.001734
-8.800000 0.002097
-8.600000 0.001638
-8.400000 0.000521
-8.200000 -0.000843
-8.000000 -0.001958
-7.800000 -0.002426
-7.600000 -0.002081
-7.400000 -0.001032
-7.200000 0.000385
-7.000000 0.001733
-6.800000 0.002609
-6.600000 0.002764
-6.400000 0.002163
-6.200000 0.000975
-6.000000 -0.000487
-5.800000 -0.001862
-5.600000 -0.002831
-5.400000 -0.003193
-5.200000 -0.002896
-5.000000 -0.002034
-4.800000 -0.000805
-4.600000 0.000540
-4.400000 0.001759
-4.200000 0.002661
-4.000000 0.003134
-3.800000 0.003146
-3.600000 0.002739
-3.400000 0.001995
-3.200000 0.001009
-3.000000 -0.000143
-2.800000 -0.001437
-2.600000 -0.002922
-2.400000 -0.004743
-2.200000 -0.007165
-2.000000 -0.010606
-1.800000 -0.015679
-1.600000 -0.023270
-1.400000 -0.034638
-1.200000 -0.051579
-1.000000 -0.076639
-0.800000 -0.113388
-0.600000 -0.166742
-0.400000 -0.243243
-0.200000 -0.351094
0.000000 -0.499559
0.200000 -0.696984
0.400000 -0.946546
0.600000 -1.239234
0.800000 -1.545787
1.000000 -1.813681
1.200000 -1.978464
1.400000 -1.991809
1.600000 -1.849569
1.800000 -1.594420
2.000000 -1.290407
2.200000 -0.993225
2.400000 -0.735946
2.600000 -0.530333
2.800000 -0.374632
3.000000 -0.260960
3.200000 -0.180009
3.400000 -0.123328
3.600000 -0.084095
3.800000 -0.057153
4.000000 -0.038750
4.200000 -0.026228
4.400000 -0.017729
4.600000 -0.011972
4.800000 -0.008078
5.000000 -0.005447
5.200000 -0.003671
5.400000 -0.002473
5.600000 -0.001666
5.800000 -0.001121
6.000000 -0.000755
6.200000 -0.000508
6.400000 -0.000342
6.600000 -0.000230
6.800000 -0.000155
7.000000 -0.000104
7.200000 -0.000071
7.400000 -0.000047
7.600000 -0.000032
7.800000 -0.000021
8.000000 -0.000014
8.200000 -0.000009
8.400000 -0.000006
8.600000 -0.000005
8.800000 -0.000004
9.000000 -0.000003
9.200000 -0.000002
9.400000 -0.000000
9.600000 0.000001
9.800000 0.000001
10.000000 0.000001
10.200000 -0.000001
10.400000 -0.000002
10.600000 -0.000003
10.800000 -0.000002
11.000000 -0.000000
11.200000 0.000002
11.400000 0.000004
11.600000 0.000003
11.800000 0.000001
12.000000 -0.000003
12.200000 -0.000005
12.400000 -0.000004
12.600000 -0.000001
12.800000 0.000003
13.000000 0.000006
13.200000 0.000005
13.400000 -0.000000
13.600000 -0.000005
13.800000 -0.000007
14.000000 -0.000004
14.200000 0.000002
14.400000 0.000007
14.600000 0.000007
14.800000 0.000001
15.000000 -0.000005
15.200000 -0.000008
15.400000 -0.000004
15.600000 0.000003
15.800000 0.000008
16.000000 0.000006
16.200000 -0.000001
16.400000 -0.000008
16.600000 -0.000007
16.800000 -0.000000
17.000000 0.000007
17.200000 0.000008
17.400000 0.000001
17.600000 -0.000007
17.800000 -0.000008
18.000000 -0.000001
18.200000 0.000007
18.400000 0.000008
18.600000 0.000000
18.800000 -0.000008
19.000000 -0.000008
19.200000 0.000001
19.400000 0.000009
19.600000 0.000006
19.800000 -0.000004
20.000000 -0.000009
20.200000 -0.000003
20.400000 0.000006
20.600000 0.000008
20.800000 -0.000001
21.000000 -0.000008
21.200000 -0.000005
21.400000 0.000005
21.600000 0.000008
21.800000 -0.000000
22.000000 -0.000007
22.200000 -0.000004
22.400000 0.000005
22.600000 0.000006
22.800000 -0.000002
23.000000 -0.000007
23.200000 -0.000001
23.400000 0.000006
23.600000 0.000003
23.800000 -0.000005
24.000000 -0.000004
24.200000 0.000003
24.400000 0.000004
24.600000 -0.000001
24.800000 -0.000004
25.000000 0.000001
25.200000 0.000003
25.400000 0.000000
25.600000 -0.000003
25.800000 -0.000001
26.000000 0.000002
26.200000 0.000000
26.400000 -0.000002
26.600000 -0.000000
26.800000 0.000001
27.000000 0.000001
27.200000 -0.000002
27.400000 -0.000000
27.600000 0.000002
27.800000 -0.000001
28.000000 -0.000000
28.200000 0.000000
28.400000 0.000000
28.600000 -0.000001
28.800000 -0.000001
29.000000 0.000005
29.200000 -0.000002
29.400000 -0.000004
29.600000 0.000004
29.800000 -0.000000
