-30.000000 0.000249
-29.800000 -0.000274
-29.600000 -0.000091
-29.400000 -0.000193
-29.200000 0.000249
-29.000000 0.000204
-28.800000 0.000071
-28.600000 -0.000169
-28.400000 -0.000334
-28.200000 0.000039
-28.000000 0.000111
-27.800000 0.000417
-27.600000 -0.000061
-27.400000 -0.000130
-27.200000 -0.000416
-27.000000 -0.000026
-26.800000 0.000215
-26.600000 0.000358
-26.400000 0.000179
-26.200000 -0.000293
-26.000000 -0.000314
-25.800000 -0.000317
-25.600000 0.000277
-25.400000 0.000339
-25.200000 0.000389
-25.000000 -0.000132
-24.800000 -0.000414
-24.600000 -0.000412
-24.400000 -0.000098
-24.200000 0.000440
-24.000000 0.000444
-23.800000 0.000324
-23.600000 -0.000318
-23.400000 -0.000502
-23.200000 -0.000484
-23.000000 0.000031
-22.800000 0.000511
-22.600000 0.000576
-22.400000 0.000330
-22.200000 -0.000346
-22.000000 -0.000601
-21.800000 -0.000623
-21.600000 -0.000041
-21.400000 0.000495
-21.200000 0.000740
-21.000000 0.000524
-20.800000 -0.000159
-20.600000 -0.000625
-20.400000 -0.000847
-20.200000 -0.000387
-20.000000 0.000247
-19.800000 0.000791
-19.600000 0.000876
-19.400000 0.000352
-19.200000 -0.000310
-19.000000 -0.000918
-18.800000 -0.000910
-18.600000 -0.000424
-18.400000 0.000343
-18.200000 0.000970
-18.000000 0.001016
-17.800000 0.000568
-17.600000 -0.000272
-17.400000 -0.000953
-17.200000 -0.001167
-17.000000 -0.000787
-16.800000 0.000047
-16.600000 0.000845
-16.400000 0.001284
-16.200000 0.001080
-16.000000 0.000350
-15.800000 -0.000563
-15.600000 -0.001263
-15.400000 -0.001374
-15.200000 -0.000880
-15.000000 0.000034
-14.800000 0.000964
-14.600000 0.001495
-14.400000 0.001417
-14.200000 0.000728
-14.000000 -0.000277
-13.800000 -0.001195
-13.600000 -0.001672
-13.400000 -0.001500
-13.200000 -0.000750
-13.000000 0.000305
-12.800000 0.001276
-12.600000 0.001805
-12.400000 0.001709
-12.200000 0.001010
-12.000000 -0.000053
-11.800000 -0.001121
-11.600000 -0.001846
-11.400000 -0.001992
-11.200000 -0.001511
-11.000000 -0.000555
-10.800000 0.000588
-10.600000 0.001579
-10.400000 0.002132
-10.200000 0.002094
-10.000000 0.001479
-9.800000 0.000458
-9.600000 -0.000698
-9.400000 -0.001689
-9.200000 -0.002271
-9.000000 -0.002309
-8.800000 -0.001802
-8.600000 -0.000878
-8.400000 0.000245
-8.200000 0.001319
-8.000000 0.002118
-7.800000 0.002487
-7.600000 0.002367
-7.400000 0.001799
-7.200000 0.000905
-7.000000 -0.000139
-6.800000 -0.001145
-6.600000 -0.001947
-6.400000 -0.002425
-6.200000 -0.002526
-6.000000 -0.002262
-5.800000 -0.001697
-5.600000 -0.000936
-5.400000 -0.000098
-5.200000 0.000703
-5.000000 0.001373
-4.800000 0.001852
-4.600000 0.002113
-4.400000 0.002163
-4.200000 0.002037
-4.000000 0.001786
-3.800000 0.001468
-3.600000 0.001136
-3.400000 0.000835
-3.200000 0.000593
-3.000000 0.000415
-2.800000 0.000289
-2.600000 0.000176
-2.400000 0.000019
-2.200000 -0.000268
-2.000000 -0.000798
-1.800000 -0.001727
-1.600000 -0.003266
-1.400000 -0.005709
-1.200000 -0.009476
-1.000000 -0.015172
-0.800000 -0.023676
-0.600000 -0.036262
-0.400000 -0.054775
-0.200000 -0.081859
0.000000 -0.121244
0.200000 -0.178064
0.400000 -0.259114
0.600000 -0.372815
0.800000 -0.528449
1.000000 -0.733885
1.200000 -0.990902
1.400000 -1.287829
1.600000 -1.591766
1.800000 -1.847238
2.000000 -1.990336
2.200000 -1.978294
2.400000 -1.814948
2.600000 -1.548287
2.800000 -1.242582
3.000000 -0.950361
3.200000 -0.700984
3.400000 -0.503569
3.600000 -0.355013
3.800000 -0.247004
4.000000 -0.170290
4.200000 -0.116662
4.400000 -0.079575
4.600000 -0.054115
4.800000 -0.036724
5.000000 -0.024885
5.200000 -0.016845
5.400000 -0.011393
5.600000 -0.007702
5.800000 -0.005204
6.000000 -0.003515
6.200000 -0.002373
6.400000 -0.001601
6.600000 -0.001080
6.800000 -0.000728
7.000000 -0.000490
7.200000 -0.000330
7.400000 -0.000221
7.600000 -0.000149
7.800000 -0.000100
8.000000 -0.000067
8.200000 -0.000046
8.400000 -0.000031
8.600000 -0.000021
8.800000 -0.000015
9.000000 -0.000010
9.200000 -0.000007
9.400000 -0.000004
9.600000 -0.000003
9.800000 -0.000002
10.000000 -0.000001
10.200000 -0.000001
10.400000 -0.000001
10.600000 -0.000001
10.800000 -0.000001
11.000000 0.000000
11.200000 0.000000
11.400000 -0.000001
11.600000 0.000001
11.800000 0.000000
12.000000 -0.000001
12.200000 0.000000
12.400000 0.000001
12.600000 -0.000001
12.800000 -0.000001
13.000000 0.000001
13.200000 0.000002
13.400000 -0.000003
13.600000 -0.000002
13.800000 0.000003
14.000000 -0.000001
14.200000 -0.000002
14.400000 0.000001
14.600000 0.000003
14.800000 0.000001
15.000000 -0.000004
15.200000 -0.000000
15.400000 0.000000
15.600000 -0.000002
15.800000 -0.000001
16.000000 -0.000001
16.200000 0.000005
16.400000 0.000001
16.600000 0.000001
16.800000 0.000000
17.000000 -0.000004
17.200000 -0.000001
17.400000 -0.000004
17.600000 0.000003
17.800000 0.000001
18.000000 0.000002
18.200000 0.000004
18.400000 -0.000003
18.600000 0.000001
18.800000 -0.000007
19.000000 -0.000001
19.200000 -0.000000
19.400000 0.000001
19.600000 0.000008
19.800000 -0.000001
20.000000 0.000005
20.200000 -0.000007
20.400000 -0.000002
20.600000 -0.000003
20.800000 -0.000001
21.000000 0.000008
21.200000 0.000000
21.400000 0.000007
21.600000 -0.000006
21.800000 -0.000002
22.000000 -0.000006
22.200000 -0.000001
22.400000 0.000006
22.600000 0.000002
22.800000 0.000009
23.000000 -0.000007
23.200000 -0.000000
23.400000 -0.000010
23.600000 0.000001
23.800000 0.000003
24.000000 0.000005
24.200000 0.000006
24.400000 -0.000006
24.600000 -0.000001
24.800000 -0.000010
25.000000 0.000006
25.200000 0.000001
25.400000 0.000009
25.600000 -0.000001
25.800000 -0.000005
26.000000 -0.000005
26.200000 -0.000005
26.400000 0.000009
26.600000 0.000002
26.800000 0.000009
27.000000 -0.000009
27.200000 -0.000002
27.400000 -0.000008
27.600000 0.000006
27.800000 0.000006
28.000000 0.000003
28.200000 -0.000001
28.400000 -0.000011
28.600000 0.000001
28.800000 -0.000002
29.000000 0.000013
29.200000 -0.000002
29.400000 0.000001
29.600000 -0.000012
29.800000 -0.000001
