-30.000000 -0.000000
-29.800000 -0.000000
-29.600000 -0.000000
-29.400000 -0.000000
-29.200000 -0.000000
-29.000000 -0.000000
-28.800000 -0.000000
-28.600000 -0.000000
-28.400000 -0.000000
-28.200000 -0.000000
-28.000000 -0.000000
-27.800000 -0.000000
-27.600000 -0.000000
-27.400000 -0.000000
-27.200000 -0.000000
-27.000000 -0.000000
-26.800000 -0.000000
-26.600000 -0.000000
-26.400000 -0.000000
-26.200000 -0.000000
-26.000000 -0.000000
-25.800000 -0.000000
-25.600000 -0.000000
-25.400000 -0.000000
-25.200000 -0.000000
-25.000000 -0.000000
-24.800000 -0.000000
-24.600000 -0.000000
-24.400000 -0.000000
-24.200000 -0.000000
-24.000000 -0.000000
-23.800000 -0.000000
-23.600000 -0.000000
-23.400000 -0.000000
-23.200000 -0.000000
-23.000000 -0.000000
-22.800000 -0.000000
-22.600000 -0.000000
-22.400000 -0.000000
-22.200000 -0.000000
-22.000000 -0.000000
-21.800000 -0.000000
-21.600000 -0.000000
-21.400000 -0.000000
-21.200000 -0.000000
-21.000000 -0.000000
-20.800000 -0.000000
-20.600000 -0.000000
-20.400000 -0.000000
-20.200000 -0.000000
-20.000000 -0.000000
-19.800000 -0.000000
-19.600000 -0.000000
-19.400000 -0.000000
-19.200000 -0.000000
-19.000000 -0.000000
-18.800000 -0.000000
-18.600000 -0.000000
-18.400000 -0.000000
-18.200000 -0.000000
-18.000000 -0.000000
-17.800000 -0.000000
-17.600000 -0.000000
-17.400000 -0.000000
-17.200000 -0.000000
-17.000000 -0.000000
-16.800000 -0.000000
-16.600000 -0.000000
-16.400000 -0.000000
-16.200000 -0.000000
-16.000000 -0.000000
-15.800000 -0.000000
-15.600000 -0.000000
-15.400000 0.000000
-15.200000 -0.000000
-15.000000 -0.000000
-14.800000 0.000000
-14.600000 -0.000000
-14.400000 0.000000
-14.200000 0.000000
-14.000000 -0.000000
-13.800000 0.000000
-13.600000 -0.000000
-13.400000 -0.000000
-13.200000 0.000000
-13.000000 -0.000000
-12.800000 -0.000000
-12.600000 0.000001
-12.400000 -0.000002
-12.200000 -0.000000
-12.000000 0.000004
-11.800000 -0.000003
-11.600000 -0.000004
-11.400000 0.000006
-11.200000 0.000005
-11.000000 -0.000009
-10.800000 -0.000012
-10.600000 0.000016
-10.400000 0.000022
-10.200000 -0.000022
-10.000000 -0.000041
-9.800000 0.000018
-9.600000 0.000074
-9.400000 0.000009
-9.200000 -0.000110
-9.000000 -0.000079
-8.800000 0.000108
-8.600000 0.000192
-8.400000 -0.000005
-8.200000 -0.000270
-8.000000 -0.000227
-7.800000 0.000150
-7.600000 0.000441
-7.400000 0.000256
-7.200000 -0.000293
-7.000000 -0.000654
-6.800000 -0.000393
-6.600000 0.000341
-6.400000 0.000910
-6.200000 0.000739
-6.000000 -0.000148
-5.800000 -0.001117
-5.600000 -0.001404
-5.400000 -0.000698
-5.200000 0.000610
-5.000000 0.001686
-4.800000 0.001775
-4.600000 0.000665
-4.400000 -0.001204
-4.200000 -0.002999
-4.000000 -0.003945
-3.800000 -0.003711
-3.600000 -0.002560
-3.400000 -0.001233
-3.200000 -0.000683
-3.000000 -0.001798
-2.800000 -0.005243
-2.600000 -0.011485
-2.400000 -0.020965
-2.200000 -0.034376
-2.000000 -0.052981
-1.800000 -0.078945
-1.600000 -0.115648
-1.400000 -0.167990
-1.200000 -0.242613
-1.000000 -0.347902
-0.800000 -0.493356
-0.600000 -0.687663
-0.400000 -0.934528
-0.200000 -1.225740
0.000000 -1.533005
0.200000 -1.804483
0.400000 -1.975380
0.600000 -1.995661
0.800000 -1.858914
1.000000 -1.606424
1.200000 -1.302335
1.400000 -1.003359
1.600000 -0.743660
1.800000 -0.535728
2.000000 -0.378139
2.200000 -0.263077
2.400000 -0.181176
2.600000 -0.123884
2.800000 -0.084282
3.000000 -0.057133
3.200000 -0.038628
3.400000 -0.026068
3.600000 -0.017568
3.800000 -0.011829
4.000000 -0.007959
4.200000 -0.005351
4.400000 -0.003593
4.600000 -0.002409
4.800000 -0.001614
5.000000 -0.001082
5.200000 -0.000731
5.400000 -0.000497
5.600000 -0.000339
5.800000 -0.000225
6.000000 -0.000142
6.200000 -0.000086
6.400000 -0.000056
6.600000 -0.000046
6.800000 -0.000043
7.000000 -0.000032
7.200000 -0.000014
7.400000 0.000005
7.600000 0.000006
7.800000 -0.000007
8.000000 -0.000016
8.200000 -0.000010
8.400000 0.000007
8.600000 0.000011
8.800000 -0.000002
9.000000 -0.000010
9.200000 -0.000006
9.400000 0.000007
9.600000 0.000006
9.800000 -0.000004
10.000000 -0.000003
10.200000 -0.000001
10.400000 0.000005
10.600000 0.000001
10.800000 -0.000005
11.000000 0.000002
11.200000 0.000000
11.400000 0.000000
11.600000 -0.000000
11.800000 -0.000002
12.000000 0.000004
12.200000 -0.000002
12.400000 -0.000000
12.600000 0.000001
12.800000 -0.000001
13.000000 0.000000
13.200000 -0.000000
13.400000 -0.000000
13.600000 0.000000
13.800000 -0.000000
14.000000 0.000000
14.200000 0.000000
14.400000 -0.000000
14.600000 0.000000
14.800000 -0.000000
15.000000 -0.000000
15.200000 -0.000000
15.400000 -0.000000
15.600000 -0.000000
15.800000 -0.000000
16.000000 -0.000000
16.200000 -0.000000
16.400000 -0.000000
16.600000 -0.000000
16.800000 -0.000000
17.000000 -0.000000
17.200000 -0.000000
17.400000 -0.000000
17.600000 -0.000000
17.800000 -0.000000
18.000000 -0.000000
18.200000 -0.000000
18.400000 -0.000000
18.600000 -0.000000
18.800000 -0.000000
19.000000 -0.000000
19.200000 -0.000000
19.400000 -0.000000
19.600000 -0.000000
19.800000 -0.000000
20.000000 -0.000000
20.200000 -0.000000
20.400000 -0.000000
20.600000 -0.000000
20.800000 -0.000000
21.000000 -0.000000
21.200000 -0.000000
21.400000 -0.000000
21.600000 -0.000000
21.800000 -0.000000
22.000000 -0.000000
22.200000 -0.000000
22.400000 -0.000000
22.600000 -0.000000
22.800000 -0.000000
23.000000 -0.000000
23.200000 -0.000000
23.400000 -0.000000
23.600000 -0.000000
23.800000 -0.000000
24.000000 -0.000000
24.200000 -0.000000
24.400000 -0.000000
24.600000 -0.000000
24.800000 -0.000000
25.000000 -0.000000
25.200000 -0.000000
25.400000 -0.000000
25.600000 -0.000000
25.800000 -0.000000
26.000000 -0.000000
26.200000 -0.000000
26.400000 -0.000000
26.600000 -0.000000
26.800000 -0.000000
27.000000 -0.000000
27.200000 -0.000000
27.400000 -0.000000
27.600000 -0.000000
27.800000 -0.000000
28.000000 -0.000000
28.200000 -0.000000
28.400000 -0.000000
28.600000 -0.000000
28.800000 -0.000000
29.000000 -0.000000
29.200000 -0.000000
29.400000 -0.000000
29.600000 -0.000000
29.800000 -0.000000
