-30.000000 -0.000142
-29.800000 0.000110
-29.600000 0.000081
-29.400000 0.000017
-29.200000 -0.000095
-29.000000 -0.000138
-28.800000 0.000114
-28.600000 0.000083
-28.400000 0.000106
-28.200000 -0.000168
-28.000000 -0.000120
-27.800000 0.000010
-27.600000 0.000155
-27.400000 0.000160
-27.200000 -0.000124
-27.000000 -0.000157
-26.800000 -0.000132
-26.600000 0.000165
-26.400000 0.000214
-26.200000 0.000046
-26.000000 -0.000166
-25.800000 -0.000268
-25.600000 0.000012
-25.400000 0.000205
-25.200000 0.000266
-25.000000 -0.000002
-24.800000 -0.000279
-24.600000 -0.000254
-24.400000 -0.000016
-24.200000 0.000316
-24.000000 0.000295
-23.800000 0.000014
-23.600000 -0.000310
-23.400000 -0.000367
-23.200000 -0.000043
-23.000000 0.000304
-22.800000 0.000422
-22.600000 0.000137
-22.400000 -0.000287
-22.200000 -0.000467
-22.000000 -0.000262
-21.800000 0.000206
-21.600000 0.000507
-21.400000 0.000400
-21.200000 -0.000047
-21.000000 -0.000491
-20.800000 -0.000545
-20.600000 -0.000172
-20.400000 0.000365
-20.200000 0.000645
-20.000000 0.000432
-19.800000 -0.000113
-19.600000 -0.000608
-19.400000 -0.000677
-19.200000 -0.000250
-19.000000 0.000377
-18.800000 0.000770
-18.600000 0.000640
-18.400000 0.000060
-18.200000 -0.000587
-18.000000 -0.000875
-17.800000 -0.000597
-17.600000 0.000086
-17.400000 0.000744
-17.200000 0.000963
-17.000000 0.000593
-16.800000 -0.000160
-16.600000 -0.000850
-16.400000 -0.001066
-16.200000 -0.000668
-16.000000 0.000133
-15.800000 0.000894
-15.600000 0.001189
-15.400000 0.000845
-15.200000 0.000030
-15.000000 -0.000835
-14.800000 -0.001301
-14.600000 -0.001118
-14.400000 -0.000365
-14.200000 0.000599
-14.000000 0.001310
-13.800000 0.001423
-13.600000 0.000872
-13.400000 -0.000101
-13.200000 -0.001065
-13.000000 -0.001592
-12.800000 -0.001445
-12.600000 -0.000676
-12.400000 0.000403
-12.200000 0.001353
-12.000000 0.001791
-11.800000 0.001539
-11.600000 0.000685
-11.400000 -0.000455
-11.200000 -0.001461
-11.000000 -0.001970
-10.800000 -0.001796
-10.600000 -0.000997
-10.400000 0.000161
-10.200000 0.001296
-10.000000 0.002043
-9.800000 0.002167
-9.600000 0.001630
-9.400000 0.000595
-9.200000 -0.000635
-9.000000 -0.001710
-8.800000 -0.002334
-8.600000 -0.002344
-8.400000 -0.001743
-8.200000 -0.000694
-8.000000 0.000538
-7.800000 0.001655
-7.600000 0.002401
-7.400000 0.002620
-7.200000 0.002278
-7.000000 0.001465
-6.800000 0.000361
-6.600000 -0.000808
-6.400000 -0.001820
-6.200000 -0.002500
-6.000000 -0.002748
-5.800000 -0.002549
-5.600000 -0.001966
-5.400000 -0.001116
-5.200000 -0.000146
-5.000000 0.000797
-4.800000 0.001591
-4.600000 0.002153
-4.400000 0.002446
-4.200000 0.002476
-4.000000 0.002286
-3.800000 0.001936
-3.600000 0.001499
-3.400000 0.001037
-3.200000 0.000597
-3.000000 0.000203
-2.800000 -0.000155
-2.600000 -0.000521
-2.400000 -0.000974
-2.200000 -0.001637
-2.000000 -0.002686
-1.800000 -0.004366
-1.600000 -0.007016
-1.400000 -0.011117
-1.200000 -0.017356
-1.000000 -0.026721
-0.800000 -0.040636
-0.600000 -0.061151
-0.400000 -0.091188
-0.200000 -0.134842
0.000000 -0.197694
0.200000 -0.287018
0.400000 -0.411600
0.600000 -0.580636
0.800000 -0.800876
1.000000 -1.071148
1.200000 -1.374484
1.400000 -1.671255
1.600000 -1.901361
1.800000 -2.003501
2.000000 -1.946319
2.200000 -1.747745
2.400000 -1.463680
2.600000 -1.157350
2.800000 -0.875159
3.000000 -0.640109
3.200000 -0.457048
3.400000 -0.320815
3.600000 -0.222514
3.800000 -0.153058
4.000000 -0.104679
4.200000 -0.071308
4.400000 -0.048440
4.600000 -0.032842
4.800000 -0.022235
5.000000 -0.015039
5.200000 -0.010164
5.400000 -0.006865
5.600000 -0.004634
5.800000 -0.003127
6.000000 -0.002109
6.200000 -0.001423
6.400000 -0.000960
6.600000 -0.000648
6.800000 -0.000437
7.000000 -0.000295
7.200000 -0.000199
7.400000 -0.000134
7.600000 -0.000090
7.800000 -0.000061
8.000000 -0.000041
8.200000 -0.000027
8.400000 -0.000018
8.600000 -0.000012
8.800000 -0.000008
9.000000 -0.000005
9.200000 -0.000004
9.400000 -0.000002
9.600000 -0.000001
9.800000 -0.000001
10.000000 -0.000001
10.200000 -0.000001
10.400000 -0.000001
10.600000 -0.000000
10.800000 -0.000000
11.000000 0.000000
11.200000 0.000000
11.400000 0.000000
11.600000 -0.000000
11.800000 -0.000000
12.000000 -0.000001
12.200000 -0.000000
12.400000 -0.000000
12.600000 0.000001
12.800000 0.000001
13.000000 0.000001
13.200000 0.000001
13.400000 -0.000000
13.600000 -0.000001
13.800000 -0.000002
14.000000 -0.000001
14.200000 -0.000000
14.400000 0.000001
14.600000 0.000002
14.800000 0.000002
15.000000 0.000001
15.200000 -0.000001
15.400000 -0.000003
15.600000 -0.000003
15.800000 -0.000002
16.000000 0.000001
16.200000 0.000003
16.400000 0.000004
16.600000 0.000003
16.800000 -0.000001
17.000000 -0.000004
17.200000 -0.000003
17.400000 -0.000003
17.600000 -0.000000
17.800000 0.000006
18.000000 0.000005
18.200000 0.000001
18.400000 -0.000002
18.600000 -0.000003
18.800000 -0.000005
19.000000 -0.000004
19.200000 0.000003
19.400000 0.000010
19.600000 0.000002
19.800000 -0.000003
20.000000 -0.000003
20.200000 -0.000005
20.400000 -0.000002
20.600000 0.000001
20.800000 0.000007
21.000000 0.000006
21.200000 -0.000003
21.400000 -0.000006
21.600000 -0.000007
21.800000 -0.000000
22.000000 0.000005
22.200000 0.000006
22.400000 0.000005
22.600000 -0.000006
22.800000 -0.000007
23.000000 -0.000005
23.200000 0.000003
23.400000 0.000009
23.600000 0.000003
23.800000 0.000000
24.000000 -0.000009
24.200000 -0.000005
24.400000 0.000002
24.600000 0.000005
24.800000 0.000009
25.000000 -0.000006
25.200000 -0.000004
25.400000 -0.000007
25.600000 0.000003
25.800000 0.000009
26.000000 0.000001
26.200000 0.000000
26.400000 -0.000012
26.600000 0.000001
26.800000 0.000003
27.000000 0.000008
27.200000 0.000003
27.400000 -0.000010
27.600000 -0.000002
27.800000 -0.000004
28.000000 0.000012
28.200000 0.000001
28.400000 -0.000002
28.600000 -0.000007
28.800000 -0.000003
29.000000 0.000010
29.200000 0.000000
29.400000 0.000003
29.600000 -0.000012
29.800000 0.000002
