-30.000000 0.000956
-29.800000 0.000152
-29.600000 0.000216
-29.400000 -0.000715
-29.200000 -0.000414
-29.000000 -0.000398
-28.800000 0.000337
-28.600000 0.000595
-28.400000 0.000559
-28.200000 0.000217
-28.000000 -0.000523
-27.800000 -0.000532
-27.600000 -0.000758
-27.400000 0.000208
-27.200000 0.000235
-27.000000 0.001056
-26.800000 0.000209
-26.600000 0.000296
-26.400000 -0.000923
-26.200000 -0.000480
-26.000000 -0.000848
-25.800000 0.000350
-25.600000 0.000379
-25.400000 0.001084
-25.200000 0.000401
-25.000000 0.000107
-24.800000 -0.000741
-24.600000 -0.000877
-24.400000 -0.000670
-24.200000 -0.000122
-24.000000 0.000718
-23.800000 0.000813
-23.600000 0.001014
-23.400000 0.000002
-23.200000 -0.000234
-23.000000 -0.001257
-22.800000 -0.000689
-22.600000 -0.000772
-22.400000 0.000557
-22.200000 0.000636
-22.000000 0.001362
-21.800000 0.000569
-21.600000 0.000254
-21.400000 -0.000830
-21.200000 -0.001060
-21.000000 -0.001131
-20.800000 -0.000534
-20.600000 0.000345
-20.400000 0.000888
-20.200000 0.001422
-20.000000 0.000823
-19.800000 0.000515
-19.600000 -0.000788
-19.400000 -0.000940
-19.200000 -0.001601
-19.000000 -0.000708
-18.800000 -0.000402
-18.600000 0.000912
-18.400000 0.001137
-18.200000 0.001566
-18.000000 0.000898
-17.800000 0.000222
-17.600000 -0.000727
-17.400000 -0.001424
-17.200000 -0.001444
-17.000000 -0.001281
-16.800000 -0.000179
-16.600000 0.000398
-16.400000 0.001553
-16.200000 0.001433
-16.000000 0.001627
-15.800000 0.000503
-15.600000 -0.000063
-15.400000 -0.001276
-15.200000 -0.001560
-15.000000 -0.001773
-14.800000 -0.001195
-14.600000 -0.000338
-14.400000 0.000550
-14.200000 0.001531
-14.000000 0.001700
-13.800000 0.001904
-13.600000 0.000981
-13.400000 0.000443
-13.200000 -0.000899
-13.000000 -0.001357
-12.800000 -0.002075
-12.600000 -0.001761
-12.400000 -0.001401
-12.200000 -0.000448
-12.000000 0.000524
-11.800000 0.001313
-11.600000 0.002020
-11.400000 0.001928
-11.200000 0.001869
-11.000000 0.000877
-10.800000 0.000268
-10.600000 -0.000961
-10.400000 -0.001473
-10.200000 -0.002135
-10.000000 -0.002052
-9.800000 -0.001785
-9.600000 -0.001137
-9.400000 -0.000204
-9.200000 0.000532
-9.000000 0.001504
-8.800000 0.001797
-8.600000 0.002261
-8.400000 0.001899
-8.200000 0.001691
-8.000000 0.000882
-7.800000 0.000228
-7.600000 -0.000574
-7.400000 -0.001267
-7.200000 -0.001653
-7.000000 -0.002050
-6.800000 -0.001874
-6.600000 -0.001857
-6.400000 -0.001269
-6.200000 -0.000930
-6.000000 -0.000247
-5.800000 0.000217
-5.600000 0.000697
-5.400000 0.001103
-5.200000 0.001241
-5.000000 0.001486
-4.800000 0.001331
-4.600000 0.001402
-4.400000 0.001131
-4.200000 0.001076
-4.000000 0.000884
-3.800000 0.000779
-3.600000 0.000780
-3.400000 0.000700
-3.200000 0.000888
-3.000000 0.000889
-2.800000 0.001154
-2.600000 0.001246
-2.400000 0.001442
-2.200000 0.001561
-2.000000 0.001549
-1.800000 0.001535
-1.600000 0.001188
-1.400000 0.000767
-1.200000 -0.000143
-1.000000 -0.001430
-0.800000 -0.003430
-0.600000 -0.006437
-0.400000 -0.010779
-0.200000 -0.017279
0.000000 -0.026675
0.200000 -0.040545
0.400000 -0.060747
0.600000 -0.090181
0.800000 -0.132904
1.000000 -0.194297
1.200000 -0.281632
1.400000 -0.403512
1.600000 -0.569228
1.800000 -0.785789
2.000000 -1.052722
2.200000 -1.354432
2.400000 -1.652846
2.600000 -1.888973
2.800000 -2.000804
3.000000 -1.954141
3.200000 -1.763688
3.400000 -1.483544
3.600000 -1.177279
3.800000 -0.892755
4.000000 -0.654383
4.200000 -0.468033
4.400000 -0.328949
4.600000 -0.228408
4.800000 -0.157261
5.000000 -0.107646
5.200000 -0.073400
5.400000 -0.049903
5.600000 -0.033876
5.800000 -0.022955
6.000000 -0.015553
6.200000 -0.010520
6.400000 -0.007122
6.600000 -0.004810
6.800000 -0.003254
7.000000 -0.002198
7.200000 -0.001480
7.400000 -0.001006
7.600000 -0.000669
7.800000 -0.000463
8.000000 -0.000301
8.200000 -0.000212
8.400000 -0.000138
8.600000 -0.000095
8.800000 -0.000064
9.000000 -0.000042
9.200000 -0.000032
9.400000 -0.000017
9.600000 -0.000017
9.800000 -0.000005
10.000000 -0.000013
10.200000 0.000002
10.400000 -0.000009
10.600000 0.000002
10.800000 -0.000003
11.000000 0.000000
11.200000 0.000001
11.400000 -0.000001
11.600000 0.000003
11.800000 -0.000004
12.000000 0.000004
12.200000 -0.000006
12.400000 0.000005
12.600000 -0.000006
12.800000 0.000005
13.000000 -0.000004
13.200000 0.000003
13.400000 -0.000002
13.600000 0.000001
13.800000 0.000000
14.000000 -0.000001
14.200000 0.000002
14.400000 -0.000004
14.600000 0.000004
14.800000 -0.000005
15.000000 0.000005
15.200000 -0.000005
15.400000 0.000005
15.600000 -0.000004
15.800000 0.000004
16.000000 -0.000003
16.200000 0.000002
16.400000 -0.000002
16.600000 0.000000
16.800000 0.000001
17.000000 -0.000002
17.200000 0.000003
17.400000 -0.000003
17.600000 0.000004
17.800000 -0.000004
18.000000 0.000005
18.200000 -0.000004
18.400000 0.000005
18.600000 -0.000004
18.800000 0.000004
19.000000 -0.000004
19.200000 0.000002
19.400000 -0.000002
19.600000 0.000001
19.800000 0.000000
20.000000 0.000000
20.200000 0.000003
20.400000 -0.000001
20.600000 0.000003
20.800000 -0.000004
21.000000 0.000002
21.200000 -0.000005
21.400000 0.000004
21.600000 -0.000003
21.800000 0.000006
22.000000 -0.000002
22.200000 0.000004
22.400000 -0.000003
22.600000 0.000001
22.800000 -0.000004
23.000000 -0.000000
23.200000 -0.000001
23.400000 0.000001
23.600000 0.000003
23.800000 0.000001
24.000000 0.000003
24.200000 -0.000003
24.400000 0.000000
24.600000 -0.000006
24.800000 0.000002
25.000000 -0.000003
25.200000 0.000006
25.400000 -0.000001
25.600000 0.000005
25.800000 -0.000004
26.000000 0.000000
26.200000 -0.000006
26.400000 0.000001
26.600000 -0.000001
26.800000 0.000004
27.000000 0.000003
27.200000 0.000002
27.400000 -0.000001
27.600000 -0.000004
27.800000 -0.000003
28.000000 -0.000003
28.200000 0.000004
28.400000 0.000002
28.600000 0.000006
28.800000 -0.000002
29.000000 0.000000
29.200000 -0.000007
29.400000 0.000000
29.600000 -0.000002
29.800000 0.000006
