-30.000000 -0.000119
-29.900000 0.000043
-29.800000 0.000028
-29.700000 0.000255
-29.600000 0.000230
-29.500000 0.000409
-29.400000 0.000283
-29.300000 0.000355
-29.200000 0.000111
-29.100000 0.000107
-29.000000 -0.000187
-28.900000 -0.000175
-28.800000 -0.000415
-28.700000 -0.000295
-28.600000 -0.000418
-28.500000 -0.000167
-28.400000 -0.000192
-28.300000 0.000131
-28.200000 0.000114
-28.100000 0.000405
-28.000000 0.000296
-27.900000 0.000474
-27.800000 0.000229
-27.700000 0.000291
-27.600000 -0.000051
-27.500000 -0.000027
-27.400000 -0.000365
-27.300000 -0.000274
-27.200000 -0.000514
-27.100000 -0.000290
-27.000000 -0.000400
-26.900000 -0.000056
-26.800000 -0.000093
-26.700000 0.000283
-26.600000 0.000216
-26.500000 0.000519
-26.400000 0.000333
-26.300000 0.000505
-26.200000 0.000181
-26.100000 0.000243
-26.000000 -0.000155
-25.900000 -0.000109
-25.800000 -0.000473
-25.700000 -0.000337
-25.600000 -0.000579
-25.500000 -0.000299
-25.400000 -0.000407
-25.300000 -0.000014
-25.200000 -0.000055
-25.100000 0.000355
-25.000000 0.000273
-24.900000 0.000593
-24.800000 0.000382
-24.700000 0.000556
-24.600000 0.000203
-24.500000 0.000263
-24.400000 -0.000163
-24.300000 -0.000122
-24.200000 -0.000512
-24.100000 -0.000384
-24.000000 -0.000646
-23.900000 -0.000371
-23.800000 -0.000484
-23.700000 -0.000085
-23.600000 -0.000111
-23.500000 0.000319
-23.400000 0.000270
-23.300000 0.000621
-23.200000 0.000453
-23.100000 0.000653
-23.000000 0.000334
-22.900000 0.000393
-22.800000 -0.000029
-22.700000 -0.000027
-22.600000 -0.000443
-22.500000 -0.000385
-22.400000 -0.000690
-22.300000 -0.000495
-22.200000 -0.000639
-22.100000 -0.000296
-22.000000 -0.000308
-21.900000 0.000115
-21.800000 0.000139
-21.700000 0.000529
-21.600000 0.000476
-21.500000 0.000735
-21.400000 0.000533
-21.300000 0.000626
-21.200000 0.000282
-21.100000 0.000251
-21.000000 -0.000161
-20.900000 -0.000217
-20.800000 -0.000582
-20.700000 -0.000549
-20.600000 -0.000771
-20.500000 -0.000584
-20.400000 -0.000634
-20.300000 -0.000305
-20.200000 -0.000231
-20.100000 0.000160
-20.000000 0.000256
-19.900000 0.000598
-19.800000 0.000606
-19.700000 0.000803
-19.600000 0.000655
-19.500000 0.000674
-19.400000 0.000378
-19.300000 0.000265
-19.200000 -0.000100
-19.100000 -0.000246
-19.000000 -0.000571
-18.900000 -0.000641
-18.800000 -0.000827
-18.700000 -0.000744
-18.600000 -0.000748
-18.500000 -0.000508
-18.400000 -0.000363
-18.300000 -0.000033
-18.200000 0.000169
-18.100000 0.000482
-18.000000 0.000631
-17.900000 0.000823
-17.800000 0.000831
-17.700000 0.000843
-17.600000 0.000685
-17.500000 0.000527
-17.400000 0.000250
-17.300000 -0.000001
-17.200000 -0.000299
-17.100000 -0.000537
-17.000000 -0.000749
-16.900000 -0.000874
-16.800000 -0.000920
-16.700000 -0.000879
-16.600000 -0.000739
-16.500000 -0.000547
-16.400000 -0.000270
-16.300000 -0.000005
-16.200000 0.000313
-16.100000 0.000547
-16.000000 0.000801
-15.900000 0.000907
-15.800000 0.001016
-15.700000 0.000937
-15.600000 0.000875
-15.500000 0.000621
-15.400000 0.000430
-15.300000 0.000070
-15.200000 -0.000161
-15.100000 -0.000529
-15.000000 -0.000700
-14.900000 -0.000977
-14.800000 -0.001000
-14.700000 -0.001118
-14.600000 -0.000953
-14.500000 -0.000903
-14.400000 -0.000572
-14.300000 -0.000405
-14.200000 0.000017
-14.100000 0.000214
-14.000000 0.000632
-13.900000 0.000762
-13.800000 0.001084
-13.700000 0.001065
-13.600000 0.001227
-13.500000 0.001022
-13.400000 0.001015
-13.300000 0.000646
-13.200000 0.000518
-13.100000 0.000053
-13.000000 -0.000117
-12.900000 -0.000593
-12.800000 -0.000714
-12.700000 -0.001106
-12.600000 -0.001094
-12.500000 -0.001336
-12.400000 -0.001145
-12.300000 -0.001219
-12.200000 -0.000860
-12.100000 -0.000795
-12.000000 -0.000317
-11.900000 -0.000176
-11.800000 0.000348
-11.700000 0.000482
-11.600000 0.000961
-11.500000 0.001000
-11.400000 0.001357
-11.300000 0.001244
-11.200000 0.001443
-11.100000 0.001163
-11.000000 0.001205
-10.900000 0.000777
-10.800000 0.000697
-10.700000 0.000172
-10.600000 0.000036
-10.500000 -0.000507
-10.400000 -0.000615
-10.300000 -0.001097
-10.200000 -0.001109
-10.100000 -0.001472
-10.000000 -0.001345
-9.900000 -0.001559
-9.800000 -0.001276
-9.700000 -0.001335
-9.600000 -0.000910
-9.500000 -0.000848
-9.400000 -0.000332
-9.300000 -0.000210
-9.200000 0.000331
-9.100000 0.000448
-9.000000 0.000955
-8.900000 0.001011
-8.800000 0.001426
-8.700000 0.001371
-8.600000 0.001652
-8.500000 0.001458
-8.400000 0.001595
-8.300000 0.001270
-8.200000 0.001283
-8.100000 0.000855
-8.000000 0.000775
-7.900000 0.000281
-7.800000 0.000152
-7.700000 -0.000358
-7.600000 -0.000481
-7.500000 -0.000949
-7.400000 -0.001015
-7.300000 -0.001399
-7.200000 -0.001380
-7.100000 -0.001660
-7.000000 -0.001539
-6.900000 -0.001703
-6.800000 -0.001474
-6.700000 -0.001521
-6.600000 -0.001198
-6.500000 -0.001153
-6.400000 -0.000769
-6.300000 -0.000670
-6.200000 -0.000259
-6.100000 -0.000133
-6.000000 0.000277
-5.900000 0.000401
-5.800000 0.000778
-5.700000 0.000866
-5.600000 0.001177
-5.500000 0.001206
-5.400000 0.001440
-5.300000 0.001408
-5.200000 0.001567
-5.100000 0.001476
-5.000000 0.001560
-4.900000 0.001410
-4.800000 0.001422
-4.700000 0.001226
-4.600000 0.001186
-4.500000 0.000970
-4.400000 0.000903
-4.300000 0.000684
-4.200000 0.000599
-4.100000 0.000383
-4.000000 0.000289
-3.900000 0.000089
-3.800000 0.000002
-3.700000 -0.000165
-3.600000 -0.000236
-3.500000 -0.000373
-3.400000 -0.000440
-3.300000 -0.000561
-3.200000 -0.000638
-3.100000 -0.000753
-3.000000 -0.000847
-2.900000 -0.000969
-2.800000 -0.001103
-2.700000 -0.001268
-2.600000 -0.001490
-2.500000 -0.001750
-2.400000 -0.002113
-2.300000 -0.002524
-2.200000 -0.003090
-2.100000 -0.003730
-2.000000 -0.004603
-1.900000 -0.005602
-1.800000 -0.006939
-1.700000 -0.008485
-1.600000 -0.010503
-1.500000 -0.012848
-1.400000 -0.015851
-1.300000 -0.019369
-1.200000 -0.023817
-1.100000 -0.029071
-1.000000 -0.035646
-0.900000 -0.043453
-0.800000 -0.053126
-0.700000 -0.064646
-0.600000 -0.078801
-0.500000 -0.095685
-0.400000 -0.116287
-0.300000 -0.140853
-0.200000 -0.170604
-0.100000 -0.205964
0.000000 -0.248394
0.100000 -0.298482
0.200000 -0.357877
0.300000 -0.427222
0.400000 -0.508148
0.500000 -0.601026
0.600000 -0.706990
0.700000 -0.825490
0.800000 -0.956343
0.900000 -1.097128
1.000000 -1.245350
1.100000 -1.395846
1.200000 -1.543284
1.300000 -1.679870
1.400000 -1.798455
1.500000 -1.890698
1.600000 -1.950700
1.700000 -1.973241
1.800000 -1.957237
1.900000 -1.903257
2.000000 -1.816123
2.100000 -1.701411
2.200000 -1.567406
2.300000 -1.421221
2.400000 -1.270898
2.500000 -1.121884
2.600000 -0.979712
2.700000 -0.846974
2.800000 -0.726445
2.900000 -0.618299
3.000000 -0.523387
3.100000 -0.440452
3.200000 -0.369381
3.300000 -0.308333
3.400000 -0.256911
3.500000 -0.213202
3.600000 -0.176875
3.700000 -0.146166
3.800000 -0.120937
3.900000 -0.099634
4.000000 -0.082319
4.100000 -0.067644
4.200000 -0.055854
4.300000 -0.045777
4.400000 -0.037804
4.500000 -0.030902
4.600000 -0.025558
4.700000 -0.020837
4.800000 -0.017286
4.900000 -0.014042
5.000000 -0.011691
5.100000 -0.009436
5.200000 -0.007894
5.300000 -0.006316
5.400000 -0.005333
5.500000 -0.004231
5.600000 -0.003632
5.700000 -0.002852
5.800000 -0.002500
5.900000 -0.001928
6.000000 -0.001738
6.100000 -0.001319
6.200000 -0.001262
6.300000 -0.000986
6.400000 -0.001060
6.500000 -0.000933
6.600000 -0.001156
6.700000 -0.001221
6.800000 -0.001681
6.900000 -0.002099
7.000000 -0.003059
7.100000 -0.004231
7.200000 -0.006282
7.300000 -0.009072
7.400000 -0.013473
7.500000 -0.019736
7.600000 -0.029232
7.700000 -0.043032
7.800000 -0.063625
7.900000 -0.093795
8.000000 -0.138430
8.100000 -0.203833
8.200000 -0.299802
8.300000 -0.439535
8.400000 -0.641987
8.500000 -0.932011
8.600000 -1.341688
8.700000 -1.907560
8.800000 -2.664617
8.900000 -3.630183
9.000000 -4.778139
9.100000 -6.005695
9.200000 -7.116407
9.300000 -7.854093
9.400000 -8.007091
9.500000 -7.527239
9.600000 -6.560612
9.700000 -5.358497
9.800000 -4.154328
9.900000 -3.095285
10.000000 -2.239822
10.100000 -1.587295
10.200000 -1.108417
10.300000 -0.766203
10.400000 -0.525888
10.500000 -0.359283
10.600000 -0.244600
10.700000 -0.166232
10.800000 -0.112725
10.900000 -0.076442
11.000000 -0.051704
11.100000 -0.035044
11.200000 -0.023640
11.300000 -0.016056
11.400000 -0.010800
11.500000 -0.007394
11.600000 -0.004947
11.700000 -0.003443
11.800000 -0.002255
11.900000 -0.001608
12.000000 -0.000987
12.100000 -0.000745
12.200000 -0.000400
12.300000 -0.000367
12.400000 -0.000158
12.500000 -0.000226
12.600000 -0.000062
12.700000 -0.000156
12.800000 0.000010
12.900000 -0.000091
13.000000 0.000073
13.100000 -0.000053
13.200000 0.000088
13.300000 -0.000070
13.400000 0.000058
13.500000 -0.000105
13.600000 0.000044
13.700000 -0.000098
13.800000 0.000077
13.900000 -0.000058
14.000000 0.000113
14.100000 -0.000047
14.200000 0.000099
14.300000 -0.000085
14.400000 0.000057
14.500000 -0.000118
14.600000 0.000049
14.700000 -0.000100
14.800000 0.000090
14.900000 -0.000056
15.000000 0.000122
15.100000 -0.000052
15.200000 0.000098
15.300000 -0.000095
15.400000 0.000052
15.500000 -0.000125
15.600000 0.000050
15.700000 -0.000096
15.800000 0.000097
15.900000 -0.000049
16.000000 0.000123
16.100000 -0.000051
16.200000 0.000090
16.300000 -0.000098
16.400000 0.000044
16.500000 -0.000120
16.600000 0.000050
16.700000 -0.000081
16.800000 0.000100
16.900000 -0.000034
17.000000 0.000119
17.100000 -0.000045
17.200000 0.000075
17.300000 -0.000097
17.400000 0.000025
17.500000 -0.000116
17.600000 0.000036
17.700000 -0.000069
17.800000 0.000090
17.900000 -0.000016
18.000000 0.000110
18.100000 -0.000026
18.200000 0.000062
18.300000 -0.000083
18.400000 0.000005
18.500000 -0.000105
18.600000 0.000014
18.700000 -0.000054
18.800000 0.000074
18.900000 0.000008
19.000000 0.000100
19.100000 0.000002
19.200000 0.000049
19.300000 -0.000061
19.400000 -0.000019
19.500000 -0.000093
19.600000 -0.000019
19.700000 -0.000045
19.800000 0.000044
19.900000 0.000027
20.000000 0.000083
20.100000 0.000034
20.200000 0.000040
20.300000 -0.000027
20.400000 -0.000035
20.500000 -0.000072
20.600000 -0.000051
20.700000 -0.000036
20.800000 0.000009
20.900000 0.000044
21.000000 0.000063
21.100000 0.000069
21.200000 0.000034
21.300000 0.000012
21.400000 -0.000050
21.500000 -0.000052
21.600000 -0.000088
21.700000 -0.000034
21.800000 -0.000036
21.900000 0.000051
22.000000 0.000038
22.100000 0.000103
22.200000 0.000034
22.300000 0.000061
22.400000 -0.000049
22.500000 -0.000019
22.600000 -0.000115
22.700000 -0.000034
22.800000 -0.000088
22.900000 0.000042
23.000000 -0.000002
23.100000 0.000124
23.200000 0.000034
23.300000 0.000115
23.400000 -0.000031
23.500000 0.000027
23.600000 -0.000126
23.700000 -0.000032
23.800000 -0.000141
23.900000 0.000014
24.000000 -0.000058
24.100000 0.000119
24.200000 0.000024
24.300000 0.000162
24.400000 0.000005
24.500000 0.000093
24.600000 -0.000099
24.700000 -0.000007
24.800000 -0.000172
24.900000 -0.000022
25.000000 -0.000130
25.100000 0.000070
25.200000 -0.000021
25.300000 0.000168
25.400000 0.000032
25.500000 0.000162
25.600000 -0.000034
25.700000 0.000057
25.800000 -0.000150
25.900000 -0.000032
26.000000 -0.000186
26.100000 -0.000003
26.200000 -0.000099
26.300000 0.000115
26.400000 0.000017
26.500000 0.000193
26.600000 0.000035
26.700000 0.000143
26.800000 -0.000066
26.900000 0.000016
27.000000 -0.000178
27.100000 -0.000054
27.200000 -0.000180
27.300000 0.000008
27.400000 -0.000064
27.500000 0.000139
27.600000 0.000052
27.700000 0.000199
27.800000 0.000046
27.900000 0.000120
28.000000 -0.000077
28.100000 -0.000023
28.200000 -0.000189
28.300000 -0.000084
28.400000 -0.000169
28.500000 0.000001
28.600000 -0.000031
28.700000 0.000145
28.800000 0.000091
28.900000 0.000198
29.000000 0.000074
29.100000 0.000102
29.200000 -0.000064
29.300000 -0.000057
29.400000 -0.000187
29.500000 -0.000128
29.600000 -0.000176
29.700000 -0.000058
29.800000 -0.000058
29.900000 0.000046
