-30.000000 -0.000485
-29.900000 -0.000252
-29.800000 -0.000527
-29.700000 -0.000115
-29.600000 -0.000262
-29.500000 0.000224
-29.400000 0.000093
-29.300000 0.000545
-29.200000 0.000334
-29.100000 0.000675
-29.000000 0.000333
-28.900000 0.000541
-28.800000 0.000078
-28.700000 0.000196
-28.600000 -0.000311
-28.500000 -0.000184
-28.400000 -0.000630
-28.300000 -0.000399
-28.200000 -0.000713
-28.100000 -0.000342
-28.000000 -0.000525
-27.900000 -0.000048
-27.800000 -0.000160
-27.700000 0.000345
-27.600000 0.000217
-27.500000 0.000661
-27.400000 0.000433
-27.300000 0.000747
-27.200000 0.000371
-27.100000 0.000543
-27.000000 0.000048
-26.900000 0.000143
-26.800000 -0.000377
-26.700000 -0.000253
-26.600000 -0.000696
-26.500000 -0.000459
-26.400000 -0.000768
-26.300000 -0.000390
-26.200000 -0.000568
-26.100000 -0.000079
-26.000000 -0.000177
-25.900000 0.000350
-25.800000 0.000241
-25.700000 0.000707
-25.600000 0.000491
-25.500000 0.000817
-25.400000 0.000448
-25.300000 0.000627
-25.200000 0.000137
-25.100000 0.000231
-25.000000 -0.000297
-24.900000 -0.000197
-24.800000 -0.000674
-24.700000 -0.000489
-24.600000 -0.000845
-24.500000 -0.000522
-24.400000 -0.000725
-24.300000 -0.000262
-24.200000 -0.000346
-24.100000 0.000187
-24.000000 0.000127
-23.900000 0.000621
-23.800000 0.000482
-23.700000 0.000854
-23.600000 0.000580
-23.500000 0.000804
-23.400000 0.000398
-23.300000 0.000497
-23.200000 0.000001
-23.100000 0.000035
-23.000000 -0.000471
-22.900000 -0.000409
-22.800000 -0.000827
-22.700000 -0.000645
-22.600000 -0.000904
-22.500000 -0.000565
-22.400000 -0.000668
-22.300000 -0.000213
-22.200000 -0.000229
-22.100000 0.000261
-22.000000 0.000248
-21.900000 0.000688
-21.800000 0.000599
-21.700000 0.000921
-21.600000 0.000699
-21.500000 0.000863
-21.400000 0.000491
-21.300000 0.000514
-21.200000 0.000045
-21.100000 0.000006
-21.000000 -0.000464
-20.900000 -0.000462
-20.800000 -0.000840
-20.700000 -0.000726
-20.600000 -0.000963
-20.500000 -0.000708
-20.400000 -0.000797
-20.300000 -0.000413
-20.200000 -0.000384
-20.100000 0.000075
-20.000000 0.000149
-19.900000 0.000592
-19.800000 0.000610
-19.700000 0.000940
-19.600000 0.000823
-19.500000 0.000991
-19.400000 0.000726
-19.300000 0.000748
-19.200000 0.000373
-19.100000 0.000300
-19.000000 -0.000125
-18.900000 -0.000228
-18.800000 -0.000630
-18.700000 -0.000685
-18.600000 -0.000981
-18.500000 -0.000909
-18.400000 -0.001038
-18.300000 -0.000809
-18.200000 -0.000774
-18.100000 -0.000426
-18.000000 -0.000292
-17.900000 0.000096
-17.800000 0.000248
-17.700000 0.000602
-17.600000 0.000707
-17.500000 0.000966
-17.400000 0.000966
-17.300000 0.001078
-17.200000 0.000932
-17.100000 0.000877
-17.000000 0.000593
-16.900000 0.000412
-16.800000 0.000060
-16.700000 -0.000160
-16.600000 -0.000490
-16.500000 -0.000666
-16.400000 -0.000906
-16.300000 -0.000986
-16.200000 -0.001098
-16.100000 -0.001052
-16.000000 -0.001014
-15.900000 -0.000833
-15.800000 -0.000653
-15.700000 -0.000364
-15.600000 -0.000098
-15.500000 0.000220
-15.400000 0.000484
-15.300000 0.000741
-15.200000 0.000925
-15.100000 0.001065
-15.000000 0.001132
-14.900000 0.001135
-14.800000 0.001077
-14.700000 0.000942
-14.600000 0.000765
-14.500000 0.000508
-14.400000 0.000245
-14.300000 -0.000079
-14.200000 -0.000351
-14.100000 -0.000655
-14.000000 -0.000851
-13.900000 -0.001063
-13.800000 -0.001133
-13.700000 -0.001227
-13.600000 -0.001163
-13.500000 -0.001143
-13.400000 -0.000950
-13.300000 -0.000824
-13.200000 -0.000517
-13.100000 -0.000310
-13.000000 0.000067
-12.900000 0.000289
-12.800000 0.000658
-12.700000 0.000812
-12.600000 0.001098
-12.500000 0.001132
-12.400000 0.001306
-12.300000 0.001213
-12.200000 0.001280
-12.100000 0.001067
-12.000000 0.001035
-11.900000 0.000710
-11.800000 0.000590
-11.700000 0.000179
-11.600000 0.000014
-11.500000 -0.000422
-11.400000 -0.000558
-11.300000 -0.000943
-11.200000 -0.000988
-11.100000 -0.001279
-11.000000 -0.001211
-10.900000 -0.001404
-10.800000 -0.001229
-10.700000 -0.001328
-10.600000 -0.001046
-10.500000 -0.001048
-10.400000 -0.000661
-10.300000 -0.000580
-10.200000 -0.000121
-10.100000 -0.000012
-10.000000 0.000450
-9.900000 0.000521
-9.800000 0.000931
-9.700000 0.000926
-9.600000 0.001267
-9.500000 0.001181
-9.400000 0.001451
-9.300000 0.001278
-9.200000 0.001462
-9.100000 0.001182
-9.000000 0.001264
-8.900000 0.000876
-8.800000 0.000876
-8.700000 0.000419
-8.600000 0.000392
-8.500000 -0.000079
-8.400000 -0.000089
-8.300000 -0.000543
-8.200000 -0.000521
-8.100000 -0.000952
-8.000000 -0.000892
-7.900000 -0.001287
-7.800000 -0.001163
-7.700000 -0.001487
-7.600000 -0.001265
-7.500000 -0.001496
-7.400000 -0.001175
-7.300000 -0.001330
-7.200000 -0.000944
-7.100000 -0.001063
-7.000000 -0.000645
-6.900000 -0.000748
-6.800000 -0.000304
-6.700000 -0.000384
-6.600000 0.000090
-6.500000 0.000024
-6.400000 0.000503
-6.300000 0.000414
-6.200000 0.000854
-6.100000 0.000704
-6.000000 0.001083
-5.900000 0.000874
-5.800000 0.001210
-5.700000 0.000968
-5.600000 0.001282
-5.500000 0.001014
-5.400000 0.001298
-5.300000 0.000986
-5.200000 0.001219
-5.100000 0.000854
-5.000000 0.001043
-4.900000 0.000649
-4.800000 0.000832
-4.700000 0.000448
-4.600000 0.000653
-4.500000 0.000291
-4.400000 0.000511
-4.300000 0.000150
-4.200000 0.000364
-4.100000 -0.000007
-4.000000 0.000206
-3.900000 -0.000153
-3.800000 0.000091
-3.700000 -0.000224
-3.600000 0.000067
-3.500000 -0.000212
-3.400000 0.000101
-3.300000 -0.000177
-3.200000 0.000123
-3.100000 -0.000173
-3.000000 0.000113
-2.900000 -0.000187
-2.800000 0.000108
-2.700000 -0.000176
-2.600000 0.000129
-2.500000 -0.000159
-2.400000 0.000117
-2.300000 -0.000224
-2.200000 -0.000023
-2.100000 -0.000451
-2.000000 -0.000344
-1.900000 -0.000862
-1.800000 -0.000851
-1.700000 -0.001472
-1.600000 -0.001594
-1.500000 -0.002383
-1.400000 -0.002735
-1.300000 -0.003813
-1.200000 -0.004532
-1.100000 -0.006043
-1.000000 -0.007278
-0.900000 -0.009386
-0.800000 -0.011333
-0.700000 -0.014284
-0.600000 -0.017267
-0.500000 -0.021480
-0.400000 -0.026025
-0.300000 -0.032140
-0.200000 -0.039008
-0.100000 -0.047920
0.000000 -0.058162
0.100000 -0.071110
0.200000 -0.086197
0.300000 -0.104938
0.400000 -0.126966
0.500000 -0.153980
0.600000 -0.185847
0.700000 -0.224464
0.800000 -0.269923
0.900000 -0.324277
1.000000 -0.387751
1.100000 -0.462398
1.200000 -0.548326
1.300000 -0.647214
1.400000 -0.758521
1.500000 -0.882840
1.600000 -1.018105
1.700000 -1.162827
1.800000 -1.312426
1.900000 -1.462557
2.000000 -1.605837
2.100000 -1.735553
2.200000 -1.843024
2.300000 -1.921747
2.400000 -1.965169
2.500000 -1.970717
2.600000 -1.937216
2.700000 -1.868020
2.800000 -1.767571
2.900000 -1.643559
3.000000 -1.503058
3.100000 -1.354438
3.200000 -1.203874
3.300000 -1.057611
3.400000 -0.919144
3.500000 -0.791841
3.600000 -0.676604
3.700000 -0.574560
3.800000 -0.484932
3.900000 -0.407592
4.000000 -0.341005
4.100000 -0.284563
4.200000 -0.236582
4.300000 -0.196421
4.400000 -0.162548
4.500000 -0.134476
4.600000 -0.110917
4.700000 -0.091568
4.800000 -0.075373
4.900000 -0.062178
5.000000 -0.051123
5.100000 -0.042171
5.200000 -0.034627
5.300000 -0.028546
5.400000 -0.023378
5.500000 -0.019244
5.600000 -0.015709
5.700000 -0.012929
5.800000 -0.010543
5.900000 -0.008713
6.000000 -0.007128
6.100000 -0.005935
6.200000 -0.004867
6.300000 -0.004062
6.400000 -0.003306
6.500000 -0.002731
6.600000 -0.002180
6.700000 -0.001774
6.800000 -0.001401
6.900000 -0.001151
7.000000 -0.000937
7.100000 -0.000805
7.200000 -0.000695
7.300000 -0.000611
7.400000 -0.000530
7.500000 -0.000434
7.600000 -0.000349
7.700000 -0.000237
7.800000 -0.000171
7.900000 -0.000081
8.000000 -0.000076
8.100000 -0.000037
8.200000 -0.000093
8.300000 -0.000080
8.400000 -0.000153
8.500000 -0.000111
8.600000 -0.000155
8.700000 -0.000061
8.800000 -0.000081
8.900000 0.000030
9.000000 -0.000021
9.100000 0.000049
9.200000 -0.000079
9.300000 -0.000076
9.400000 -0.000283
9.500000 -0.000335
9.600000 -0.000612
9.700000 -0.000738
9.800000 -0.001155
9.900000 -0.001502
10.000000 -0.002307
10.100000 -0.003246
10.200000 -0.004966
10.300000 -0.007244
10.400000 -0.010939
10.500000 -0.016078
10.600000 -0.023973
10.700000 -0.035258
10.800000 -0.052217
10.900000 -0.076844
11.000000 -0.113473
11.100000 -0.166986
11.200000 -0.245903
11.300000 -0.360902
11.400000 -0.528483
11.500000 -0.769683
11.600000 -1.113587
11.700000 -1.594193
11.800000 -2.249274
11.900000 -3.107091
12.000000 -4.168579
12.100000 -5.373548
12.200000 -6.574476
12.300000 -7.536354
12.400000 -8.009210
12.500000 -7.848166
12.600000 -7.104609
12.700000 -5.990726
12.800000 -4.763267
12.900000 -3.616841
13.000000 -2.653915
13.100000 -1.899148
13.200000 -1.335612
13.300000 -0.927495
13.400000 -0.638993
13.500000 -0.437376
13.600000 -0.298549
13.700000 -0.202919
13.800000 -0.138004
13.900000 -0.093381
14.000000 -0.063444
14.100000 -0.042698
14.200000 -0.029038
14.300000 -0.019374
14.400000 -0.013269
14.500000 -0.008748
14.600000 -0.006147
14.700000 -0.003989
14.800000 -0.002974
14.900000 -0.001854
15.000000 -0.001511
15.100000 -0.000812
15.200000 -0.000743
15.300000 -0.000228
15.400000 -0.000308
15.500000 0.000078
15.600000 -0.000127
15.700000 0.000148
15.800000 -0.000150
15.900000 0.000068
16.000000 -0.000252
16.100000 -0.000013
16.200000 -0.000286
16.300000 0.000019
16.400000 -0.000194
16.500000 0.000153
16.600000 -0.000053
16.700000 0.000268
16.800000 0.000006
16.900000 0.000256
17.000000 -0.000075
17.100000 0.000127
17.200000 -0.000220
17.300000 0.000003
17.400000 -0.000289
17.500000 0.000007
17.600000 -0.000213
17.700000 0.000134
17.800000 -0.000063
17.900000 0.000267
18.000000 0.000021
18.100000 0.000279
18.200000 -0.000040
18.300000 0.000155
18.400000 -0.000192
18.500000 0.000008
18.600000 -0.000294
18.700000 -0.000027
18.800000 -0.000248
18.900000 0.000085
19.000000 -0.000092
19.100000 0.000242
19.200000 0.000033
19.300000 0.000299
19.400000 0.000013
19.500000 0.000202
19.600000 -0.000133
19.700000 0.000035
19.800000 -0.000275
19.900000 -0.000055
20.000000 -0.000286
20.100000 0.000010
20.200000 -0.000151
20.300000 0.000176
20.400000 0.000016
20.500000 0.000296
20.600000 0.000069
20.700000 0.000259
20.800000 -0.000040
20.900000 0.000093
21.000000 -0.000215
21.100000 -0.000061
21.200000 -0.000302
21.300000 -0.000072
21.400000 -0.000223
21.500000 0.000070
21.600000 -0.000038
21.700000 0.000245
21.800000 0.000100
21.900000 0.000301
22.000000 0.000072
22.100000 0.000183
22.200000 -0.000099
22.300000 -0.000016
22.400000 -0.000269
22.500000 -0.000131
22.600000 -0.000291
22.700000 -0.000066
22.800000 -0.000141
22.900000 0.000124
23.000000 0.000061
23.100000 0.000282
23.200000 0.000153
23.300000 0.000275
23.400000 0.000061
23.500000 0.000103
23.600000 -0.000142
23.700000 -0.000101
23.800000 -0.000289
23.900000 -0.000174
24.000000 -0.000257
24.100000 -0.000058
24.200000 -0.000066
24.300000 0.000153
24.400000 0.000136
24.500000 0.000289
24.600000 0.000194
24.700000 0.000241
24.800000 0.000064
24.900000 0.000037
25.000000 -0.000154
25.100000 -0.000169
25.200000 -0.000289
25.300000 -0.000222
25.400000 -0.000230
25.500000 -0.000080
25.600000 -0.000014
25.700000 0.000150
25.800000 0.000201
25.900000 0.000289
26.000000 0.000253
26.100000 0.000225
26.200000 0.000102
26.300000 -0.000000
26.400000 -0.000137
26.500000 -0.000225
26.600000 -0.000287
26.700000 -0.000286
26.800000 -0.000229
26.900000 -0.000135
27.000000 0.000003
27.100000 0.000118
27.200000 0.000244
27.300000 0.000283
27.400000 0.000318
27.500000 0.000236
27.600000 0.000176
27.700000 0.000008
27.800000 -0.000081
27.900000 -0.000247
28.000000 -0.000271
28.100000 -0.000352
28.200000 -0.000254
28.300000 -0.000231
28.400000 -0.000033
28.500000 0.000033
28.600000 0.000243
28.700000 0.000253
28.800000 0.000384
28.900000 0.000272
29.000000 0.000293
29.100000 0.000066
29.200000 0.000022
29.300000 -0.000241
29.400000 -0.000256
29.500000 -0.000461
29.600000 -0.000368
29.700000 -0.000468
29.800000 -0.000257
29.900000 -0.000276
