-30.000000 -0.000001
-29.900000 0.000001
-29.800000 0.000000
-29.700000 0.000001
-29.600000 -0.000001
-29.500000 -0.000001
-29.400000 -0.000001
-29.300000 0.000001
-29.200000 0.000001
-29.100000 0.000001
-29.000000 -0.000000
-28.900000 -0.000001
-28.800000 -0.000001
-28.700000 -0.000001
-28.600000 0.000001
-28.500000 0.000001
-28.400000 0.000001
-28.300000 -0.000001
-28.200000 -0.000001
-28.100000 -0.000002
-28.000000 0.000001
-27.900000 0.000001
-27.800000 0.000002
-27.700000 0.000000
-27.600000 -0.000001
-27.500000 -0.000002
-27.400000 -0.000001
-27.300000 0.000001
-27.200000 0.000002
-27.100000 0.000002
-27.000000 0.000000
-26.900000 -0.000002
-26.800000 -0.000003
-26.700000 -0.000001
-26.600000 0.000001
-26.500000 0.000003
-26.400000 0.000002
-26.300000 0.000001
-26.200000 -0.000002
-26.100000 -0.000003
-26.000000 -0.000002
-25.900000 0.000001
-25.800000 0.000003
-25.700000 0.000003
-25.600000 0.000001
-25.500000 -0.000003
-25.400000 -0.000004
-25.300000 -0.000003
-25.200000 0.000001
-25.100000 0.000004
-25.000000 0.000005
-24.900000 0.000002
-24.800000 -0.000002
-24.700000 -0.000005
-24.600000 -0.000005
-24.500000 -0.000001
-24.400000 0.000003
-24.300000 0.000006
-24.200000 0.000004
-24.100000 -0.000000
-24.000000 -0.000005
-23.900000 -0.000007
-23.800000 -0.000004
-23.700000 0.000002
-23.600000 0.000006
-23.500000 0.000007
-23.400000 0.000003
-23.300000 -0.000003
-23.200000 -0.000008
-23.100000 -0.000008
-23.000000 -0.000003
-22.900000 0.000004
-22.800000 0.000009
-22.700000 0.000008
-22.600000 0.000003
-22.500000 -0.000006
-22.400000 -0.000010
-22.300000 -0.000009
-22.200000 -0.000002
-22.100000 0.000006
-22.000000 0.000012
-21.900000 0.000010
-21.800000 0.000002
-21.700000 -0.000007
-21.600000 -0.000013
-21.500000 -0.000012
-21.400000 -0.000003
-21.300000 0.000008
-21.200000 0.000015
-21.100000 0.000014
-21.000000 0.000005
-20.900000 -0.000007
-20.800000 -0.000016
-20.700000 -0.000016
-20.600000 -0.000007
-20.500000 0.000006
-20.400000 0.000017
-20.300000 0.000019
-20.200000 0.000011
-20.100000 -0.000004
-20.000000 -0.000017
-19.900000 -0.000022
-19.800000 -0.000016
-19.700000 -0.000001
-19.600000 0.000016
-19.500000 0.000025
-19.400000 0.000022
-19.300000 0.000007
-19.200000 -0.000012
-19.100000 -0.000026
-19.000000 -0.000028
-18.900000 -0.000015
-18.800000 0.000005
-18.700000 0.000025
-18.600000 0.000033
-18.500000 0.000025
-18.400000 0.000005
-18.300000 -0.000019
-18.200000 -0.000035
-18.100000 -0.000035
-18.000000 -0.000019
-17.900000 0.000007
-17.800000 0.000032
-17.700000 0.000043
-17.600000 0.000035
-17.500000 0.000010
-17.400000 -0.000020
-17.300000 -0.000043
-17.200000 -0.000048
-17.100000 -0.000032
-17.000000 -0.000001
-16.900000 0.000033
-16.800000 0.000053
-16.700000 0.000052
-16.600000 0.000029
-16.500000 -0.000009
-16.400000 -0.000044
-16.300000 -0.000063
-16.200000 -0.000057
-16.100000 -0.000027
-16.000000 0.000016
-15.900000 0.000055
-15.800000 0.000074
-15.700000 0.000064
-15.600000 0.000028
-15.500000 -0.000021
-15.400000 -0.000064
-15.300000 -0.000085
-15.200000 -0.000074
-15.100000 -0.000033
-15.000000 0.000022
-14.900000 0.000072
-14.800000 0.000098
-14.700000 0.000089
-14.600000 0.000046
-14.500000 -0.000015
-14.400000 -0.000075
-14.300000 -0.000110
-14.200000 -0.000109
-14.100000 -0.000068
-14.000000 -0.000002
-13.900000 0.000069
-13.800000 0.000120
-13.700000 0.000133
-13.600000 0.000101
-13.500000 0.000033
-13.400000 -0.000049
-13.300000 -0.000120
-13.200000 -0.000155
-13.100000 -0.000142
-13.000000 -0.000082
-12.900000 0.000007
-12.800000 0.000099
-12.700000 0.000165
-12.600000 0.000183
-12.500000 0.000146
-12.400000 0.000062
-12.300000 -0.000045
-12.200000 -0.000145
-12.100000 -0.000207
-12.000000 -0.000211
-11.900000 -0.000155
-11.800000 -0.000050
-11.700000 0.000074
-11.600000 0.000185
-11.500000 0.000249
-11.400000 0.000249
-11.300000 0.000179
-11.200000 0.000058
-11.100000 -0.000086
-11.000000 -0.000215
-10.900000 -0.000294
-10.800000 -0.000301
-10.700000 -0.000231
-10.600000 -0.000098
-10.500000 0.000067
-10.400000 0.000225
-10.300000 0.000335
-10.200000 0.000370
-10.100000 0.000318
-10.000000 0.000187
-9.900000 0.000004
-9.800000 -0.000189
-9.700000 -0.000349
-9.600000 -0.000439
-9.500000 -0.000435
-9.400000 -0.000334
-9.300000 -0.000155
-9.200000 0.000069
-9.100000 0.000289
-9.000000 0.000461
-8.900000 0.000546
-8.800000 0.000523
-8.700000 0.000393
-8.600000 0.000176
-8.500000 -0.000087
-8.400000 -0.000348
-8.300000 -0.000556
-8.200000 -0.000670
-8.100000 -0.000666
-8.000000 -0.000538
-7.900000 -0.000306
-7.800000 -0.000006
-7.700000 0.000311
-7.600000 0.000591
-7.500000 0.000785
-7.400000 0.000857
-7.300000 0.000791
-7.200000 0.000591
-7.100000 0.000285
-7.000000 -0.000084
-6.900000 -0.000461
-6.800000 -0.000790
-6.700000 -0.001020
-6.600000 -0.001114
-6.500000 -0.001055
-6.400000 -0.000846
-6.300000 -0.000511
-6.200000 -0.000092
-6.100000 0.000357
-6.000000 0.000778
-5.900000 0.001116
-5.800000 0.001323
-5.700000 0.001369
-5.600000 0.001241
-5.500000 0.000946
-5.400000 0.000509
-5.300000 -0.000029
-5.200000 -0.000617
-5.100000 -0.001200
-5.000000 -0.001724
-4.900000 -0.002143
-4.800000 -0.002424
-4.700000 -0.002547
-4.600000 -0.002511
-4.500000 -0.002332
-4.400000 -0.002042
-4.300000 -0.001686
-4.200000 -0.001319
-4.100000 -0.001002
-4.000000 -0.000798
-3.900000 -0.000770
-3.800000 -0.000976
-3.700000 -0.001472
-3.600000 -0.002305
-3.500000 -0.003520
-3.400000 -0.005159
-3.300000 -0.007266
-3.200000 -0.009888
-3.100000 -0.013082
-3.000000 -0.016922
-2.900000 -0.021500
-2.800000 -0.026938
-2.700000 -0.033390
-2.600000 -0.041056
-2.500000 -0.050182
-2.400000 -0.061073
-2.300000 -0.074102
-2.200000 -0.089720
-2.100000 -0.108462
-2.000000 -0.130959
-1.900000 -0.157947
-1.800000 -0.190271
-1.700000 -0.228885
-1.600000 -0.274845
-1.500000 -0.329288
-1.400000 -0.393392
-1.300000 -0.468313
-1.200000 -0.555086
-1.100000 -0.654486
-1.000000 -0.766841
-0.900000 -0.891810
-0.800000 -1.028125
-0.700000 -1.173334
-0.600000 -1.323604
-0.500000 -1.473638
-0.400000 -1.616799
-0.300000 -1.745501
-0.200000 -1.851886
-0.100000 -1.928722
0.000000 -1.970396
0.100000 -1.973772
0.200000 -1.938712
0.300000 -1.868120
0.400000 -1.767500
0.500000 -1.644158
0.600000 -1.506251
0.700000 -1.361906
0.800000 -1.218577
0.900000 -1.082710
1.000000 -0.959720
1.100000 -0.854251
1.200000 -0.770649
1.300000 -0.713609
1.400000 -0.689003
1.500000 -0.704861
1.600000 -0.772541
1.700000 -0.908001
1.800000 -1.132993
1.900000 -1.475573
2.000000 -1.968710
2.100000 -2.644749
2.200000 -3.522549
2.300000 -4.584729
2.400000 -5.747966
2.500000 -6.842679
2.600000 -7.633640
2.700000 -7.904022
2.800000 -7.568780
2.900000 -6.726481
3.000000 -5.599235
3.100000 -4.418613
3.200000 -3.346473
3.300000 -2.458924
3.400000 -1.768434
3.500000 -1.253361
3.600000 -0.879884
3.700000 -0.614165
3.800000 -0.427446
3.900000 -0.297267
4.000000 -0.206924
4.100000 -0.144368
4.200000 -0.101072
4.300000 -0.071080
4.400000 -0.050260
4.500000 -0.035763
4.600000 -0.025630
4.700000 -0.018512
4.800000 -0.013485
4.900000 -0.009910
5.000000 -0.007351
5.100000 -0.005503
5.200000 -0.004158
5.300000 -0.003169
5.400000 -0.002437
5.500000 -0.001888
5.600000 -0.001474
5.700000 -0.001159
5.800000 -0.000917
5.900000 -0.000728
6.000000 -0.000582
6.100000 -0.000465
6.200000 -0.000373
6.300000 -0.000299
6.400000 -0.000240
6.500000 -0.000192
6.600000 -0.000155
6.700000 -0.000125
6.800000 -0.000102
6.900000 -0.000083
7.000000 -0.000069
7.100000 -0.000057
7.200000 -0.000048
7.300000 -0.000039
7.400000 -0.000032
7.500000 -0.000026
7.600000 -0.000021
7.700000 -0.000017
7.800000 -0.000014
7.900000 -0.000012
8.000000 -0.000010
8.100000 -0.000009
8.200000 -0.000007
8.300000 -0.000006
8.400000 -0.000004
8.500000 -0.000003
8.600000 -0.000001
8.700000 -0.000001
8.800000 -0.000000
8.900000 -0.000001
9.000000 -0.000001
9.100000 -0.000002
9.200000 -0.000002
9.300000 -0.000002
9.400000 -0.000002
9.500000 -0.000001
9.600000 -0.000001
9.700000 -0.000000
9.800000 0.000001
9.900000 0.000001
10.000000 0.000001
10.100000 0.000001
10.200000 0.000000
10.300000 0.000000
10.400000 -0.000000
10.500000 -0.000000
10.600000 -0.000001
10.700000 -0.000001
10.800000 -0.000001
10.900000 -0.000000
11.000000 -0.000000
11.100000 0.000000
11.200000 0.000000
11.300000 0.000001
11.400000 0.000000
11.500000 0.000000
11.600000 0.000000
11.700000 0.000000
11.800000 -0.000000
11.900000 -0.000000
12.000000 -0.000001
12.100000 -0.000000
12.200000 -0.000000
12.300000 0.000000
12.400000 0.000000
12.500000 0.000000
12.600000 0.000001
12.700000 0.000000
12.800000 0.000000
12.900000 -0.000000
13.000000 -0.000000
13.100000 -0.000001
13.200000 -0.000000
13.300000 -0.000000
13.400000 0.000000
13.500000 0.000000
13.600000 0.000000
13.700000 0.000000
13.800000 0.000000
13.900000 -0.000000
14.000000 0.000000
14.100000 -0.000000
14.200000 -0.000000
14.300000 -0.000000
14.400000 -0.000000
14.500000 0.000000
14.600000 0.000000
14.700000 0.000000
14.800000 0.000000
14.900000 0.000000
15.000000 -0.000000
15.100000 -0.000000
15.200000 -0.000000
15.300000 -0.000000
15.400000 -0.000000
15.500000 0.000000
15.600000 -0.000000
15.700000 0.000000
15.800000 -0.000000
15.900000 0.000000
16.000000 -0.000000
16.100000 0.000000
16.200000 -0.000000
16.300000 0.000000
16.400000 -0.000000
16.500000 0.000000
16.600000 -0.000000
16.700000 0.000000
16.800000 -0.000000
16.900000 0.000000
17.000000 0.000000
17.100000 0.000000
17.200000 0.000000
17.300000 -0.000000
17.400000 0.000000
17.500000 -0.000000
17.600000 0.000000
17.700000 -0.000000
17.800000 0.000000
17.900000 -0.000000
18.000000 0.000000
18.100000 -0.000000
18.200000 0.000000
18.300000 -0.000000
18.400000 0.000000
18.500000 -0.000000
18.600000 0.000000
18.700000 -0.000000
18.800000 0.000000
18.900000 -0.000000
19.000000 0.000000
19.100000 -0.000000
19.200000 0.000000
19.300000 -0.000000
19.400000 -0.000000
19.500000 -0.000000
19.600000 -0.000000
19.700000 0.000000
19.800000 0.000000
19.900000 0.000000
20.000000 -0.000000
20.100000 0.000000
20.200000 -0.000000
20.300000 0.000000
20.400000 -0.000000
20.500000 0.000000
20.600000 -0.000000
20.700000 0.000000
20.800000 -0.000000
20.900000 0.000000
21.000000 -0.000000
21.100000 0.000000
21.200000 -0.000000
21.300000 0.000000
21.400000 -0.000000
21.500000 0.000000
21.600000 0.000000
21.700000 0.000000
21.800000 -0.000000
21.900000 -0.000000
22.000000 -0.000000
22.100000 -0.000000
22.200000 0.000000
22.300000 0.000000
22.400000 0.000000
22.500000 -0.000000
22.600000 0.000000
22.700000 -0.000000
22.800000 0.000000
22.900000 -0.000000
23.000000 0.000000
23.100000 -0.000000
23.200000 0.000000
23.300000 -0.000000
23.400000 0.000000
23.500000 -0.000000
23.600000 0.000000
23.700000 -0.000000
23.800000 0.000000
23.900000 0.000000
24.000000 0.000000
24.100000 -0.000000
24.200000 -0.000000
24.300000 -0.000000
24.400000 -0.000000
24.500000 0.000000
24.600000 0.000000
24.700000 0.000000
24.800000 -0.000000
24.900000 0.000000
25.000000 -0.000000
25.100000 0.000000
25.200000 -0.000000
25.300000 0.000000
25.400000 -0.000000
25.500000 0.000000
25.600000 -0.000000
25.700000 0.000000
25.800000 -0.000000
25.900000 0.000000
26.000000 -0.000000
26.100000 0.000000
26.200000 -0.000000
26.300000 0.000000
26.400000 -0.000000
26.500000 -0.000000
26.600000 -0.000000
26.700000 0.000000
26.800000 0.000000
26.900000 0.000000
27.000000 0.000000
27.100000 -0.000000
27.200000 -0.000000
27.300000 -0.000000
27.400000 0.000000
27.500000 -0.000000
27.600000 0.000000
27.700000 -0.000000
27.800000 0.000000
27.900000 -0.000000
28.000000 0.000000
28.100000 -0.000000
28.200000 0.000000
28.300000 -0.000000
28.400000 0.000000
28.500000 -0.000000
28.600000 0.000000
28.700000 -0.000000
28.800000 -0.000000
28.900000 -0.000000
29.000000 0.000000
29.100000 0.000000
29.200000 0.000000
29.300000 0.000000
29.400000 -0.000000
29.500000 -0.000000
29.600000 -0.000000
29.700000 0.000000
29.800000 -0.000000
29.900000 0.000000
