-30.000000 0.000000
-29.900000 -0.000000
-29.800000 -0.000000
-29.700000 0.000000
-29.600000 0.000000
-29.500000 0.000000
-29.400000 -0.000000
-29.300000 -0.000000
-29.200000 0.000000
-29.100000 0.000000
-29.000000 0.000000
-28.900000 -0.000000
-28.800000 -0.000000
-28.700000 0.000000
-28.600000 0.000000
-28.500000 -0.000000
-28.400000 -0.000000
-28.300000 -0.000000
-28.200000 0.000000
-28.100000 0.000000
-28.000000 -0.000000
-27.900000 -0.000000
-27.800000 -0.000000
-27.700000 0.000000
-27.600000 0.000000
-27.500000 -0.000000
-27.400000 -0.000000
-27.300000 -0.000000
-27.200000 0.000000
-27.100000 0.000000
-27.000000 -0.000000
-26.900000 -0.000000
-26.800000 -0.000000
-26.700000 0.000000
-26.600000 0.000000
-26.500000 -0.000000
-26.400000 -0.000000
-26.300000 -0.000000
-26.200000 0.000000
-26.100000 0.000000
-26.000000 -0.000000
-25.900000 -0.000000
-25.800000 -0.000000
-25.700000 0.000000
-25.600000 0.000000
-25.500000 0.000000
-25.400000 -0.000000
-25.300000 -0.000000
-25.200000 0.000000
-25.100000 0.000000
-25.000000 0.000000
-24.900000 -0.000000
-24.800000 -0.000000
-24.700000 -0.000000
-24.600000 0.000000
-24.500000 0.000000
-24.400000 -0.000000
-24.300000 -0.000000
-24.200000 -0.000000
-24.100000 0.000000
-24.000000 0.000000
-23.900000 0.000000
-23.800000 -0.000000
-23.700000 -0.000000
-23.600000 -0.000000
-23.500000 0.000000
-23.400000 0.000000
-23.300000 0.000000
-23.200000 -0.000000
-23.100000 -0.000000
-23.000000 -0.000000
-22.900000 0.000000
-22.800000 0.000000
-22.700000 0.000000
-22.600000 -0.000000
-22.500000 -0.000000
-22.400000 0.000000
-22.300000 0.000000
-22.200000 0.000000
-22.100000 -0.000000
-22.000000 -0.000000
-21.900000 -0.000000
-21.800000 0.000000
-21.700000 0.000001
-21.600000 0.000001
-21.500000 0.000000
-21.400000 -0.000001
-21.300000 -0.000001
-21.200000 -0.000000
-21.100000 0.000001
-21.000000 0.000001
-20.900000 0.000000
-20.800000 -0.000001
-20.700000 -0.000001
-20.600000 -0.000000
-20.500000 0.000001
-20.400000 0.000001
-20.300000 0.000001
-20.200000 -0.000000
-20.100000 -0.000001
-20.000000 -0.000001
-19.900000 0.000000
-19.800000 0.000001
-19.700000 0.000002
-19.600000 0.000000
-19.500000 -0.000001
-19.400000 -0.000002
-19.300000 -0.000001
-19.200000 0.000001
-19.100000 0.000002
-19.000000 0.000002
-18.900000 -0.000000
-18.800000 -0.000002
-18.700000 -0.000003
-18.600000 -0.000001
-18.500000 0.000002
-18.400000 0.000003
-18.300000 0.000002
-18.200000 -0.000001
-18.100000 -0.000003
-18.000000 -0.000004
-17.900000 -0.000001
-17.800000 0.000002
-17.700000 0.000004
-17.600000 0.000003
-17.500000 -0.000000
-17.400000 -0.000004
-17.300000 -0.000005
-17.200000 -0.000003
-17.100000 0.000002
-17.000000 0.000006
-16.900000 0.000006
-16.800000 0.000001
-16.700000 -0.000004
-16.600000 -0.000007
-16.500000 -0.000006
-16.400000 -0.000000
-16.300000 0.000006
-16.200000 0.000009
-16.100000 0.000006
-16.000000 -0.000002
-15.900000 -0.000008
-15.800000 -0.000010
-15.700000 -0.000006
-15.600000 0.000003
-15.500000 0.000011
-15.400000 0.000012
-15.300000 0.000006
-15.200000 -0.000004
-15.100000 -0.000013
-15.000000 -0.000015
-14.900000 -0.000007
-14.800000 0.000005
-14.700000 0.000015
-14.600000 0.000018
-14.500000 0.000010
-14.400000 -0.000005
-14.300000 -0.000017
-14.200000 -0.000021
-14.100000 -0.000014
-14.000000 0.000003
-13.900000 0.000019
-13.800000 0.000026
-13.700000 0.000019
-13.600000 0.000002
-13.500000 -0.000018
-13.400000 -0.000030
-13.300000 -0.000027
-13.200000 -0.000010
-13.100000 0.000014
-13.000000 0.000033
-12.900000 0.000037
-12.800000 0.000022
-12.700000 -0.000004
-12.600000 -0.000031
-12.500000 -0.000045
-12.400000 -0.000038
-12.300000 -0.000013
-12.200000 0.000021
-12.100000 0.000048
-12.000000 0.000054
-11.900000 0.000037
-11.800000 0.000001
-11.700000 -0.000038
-11.600000 -0.000064
-11.500000 -0.000063
-11.400000 -0.000035
-11.300000 0.000011
-11.200000 0.000056
-11.100000 0.000081
-11.000000 0.000074
-10.900000 0.000036
-10.800000 -0.000020
-10.700000 -0.000072
-10.600000 -0.000100
-10.500000 -0.000091
-10.400000 -0.000045
-10.300000 0.000022
-10.200000 0.000086
-10.100000 0.000123
-10.000000 0.000117
-9.900000 0.000068
-9.800000 -0.000010
-9.700000 -0.000091
-9.600000 -0.000146
-9.500000 -0.000155
-9.400000 -0.000110
-9.300000 -0.000024
-9.200000 0.000077
-9.100000 0.000161
-9.000000 0.000198
-8.900000 0.000174
-8.800000 0.000092
-8.700000 -0.000026
-8.600000 -0.000146
-8.500000 -0.000231
-8.400000 -0.000253
-8.300000 -0.000201
-8.200000 -0.000085
-8.100000 0.000065
-8.000000 0.000208
-7.900000 0.000304
-7.800000 0.000322
-7.700000 0.000253
-7.600000 0.000110
-7.500000 -0.000076
-7.400000 -0.000258
-7.300000 -0.000390
-7.200000 -0.000434
-7.100000 -0.000376
-7.000000 -0.000222
-6.900000 -0.000004
-6.800000 0.000230
-6.700000 0.000427
-6.600000 0.000538
-6.500000 0.000533
-6.400000 0.000404
-6.300000 0.000169
-6.200000 -0.000130
-6.100000 -0.000436
-6.000000 -0.000691
-5.900000 -0.000843
-5.800000 -0.000859
-5.700000 -0.000731
-5.600000 -0.000480
-5.500000 -0.000148
-5.400000 0.000203
-5.300000 0.000506
-5.200000 0.000696
-5.100000 0.000725
-5.000000 0.000564
-4.900000 0.000213
-4.800000 -0.000306
-4.700000 -0.000946
-4.600000 -0.001649
-4.500000 -0.002350
-4.400000 -0.002994
-4.300000 -0.003535
-4.200000 -0.003955
-4.100000 -0.004260
-4.000000 -0.004484
-3.900000 -0.004690
-3.800000 -0.004962
-3.700000 -0.005406
-3.600000 -0.006135
-3.500000 -0.007273
-3.400000 -0.008945
-3.300000 -0.011276
-3.200000 -0.014392
-3.100000 -0.018420
-3.000000 -0.023499
-2.900000 -0.029780
-2.800000 -0.037441
-2.700000 -0.046695
-2.600000 -0.057806
-2.500000 -0.071098
-2.400000 -0.086968
-2.300000 -0.105905
-2.200000 -0.128493
-2.100000 -0.155430
-2.000000 -0.187527
-1.900000 -0.225718
-1.800000 -0.271043
-1.700000 -0.324637
-1.600000 -0.387689
-1.500000 -0.461380
-1.400000 -0.546789
-1.300000 -0.644756
-1.200000 -0.755710
-1.100000 -0.879440
-1.000000 -1.014847
-0.900000 -1.159686
-0.800000 -1.310357
-0.700000 -1.461813
-0.600000 -1.607654
-0.500000 -1.740496
-0.400000 -1.852619
-0.300000 -1.936868
-0.200000 -1.987664
-0.100000 -2.001932
0.000000 -1.979720
0.100000 -1.924385
0.200000 -1.842313
0.300000 -1.742301
0.400000 -1.634831
0.500000 -1.531467
0.600000 -1.444583
0.700000 -1.387526
0.800000 -1.375234
0.900000 -1.425201
1.000000 -1.558557
1.100000 -1.800736
1.200000 -2.180758
1.300000 -2.727393
1.400000 -3.459776
1.500000 -4.370180
1.600000 -5.400119
1.700000 -6.419990
1.800000 -7.235009
1.900000 -7.640232
2.000000 -7.513535
2.100000 -6.883737
2.200000 -5.913289
2.300000 -4.811707
2.400000 -3.751686
2.500000 -2.833606
2.600000 -2.092620
2.700000 -1.522480
2.800000 -1.097685
2.900000 -0.787832
3.000000 -0.564841
3.100000 -0.405618
3.200000 -0.292355
3.300000 -0.211839
3.400000 -0.154507
3.500000 -0.113538
3.600000 -0.084113
3.700000 -0.062849
3.800000 -0.047370
3.900000 -0.036012
4.000000 -0.027607
4.100000 -0.021332
4.200000 -0.016605
4.300000 -0.013013
4.400000 -0.010260
4.500000 -0.008134
4.600000 -0.006479
4.700000 -0.005182
4.800000 -0.004160
4.900000 -0.003349
5.000000 -0.002704
5.100000 -0.002187
5.200000 -0.001773
5.300000 -0.001439
5.400000 -0.001170
5.500000 -0.000952
5.600000 -0.000776
5.700000 -0.000633
5.800000 -0.000517
5.900000 -0.000423
6.000000 -0.000347
6.100000 -0.000284
6.200000 -0.000233
6.300000 -0.000191
6.400000 -0.000156
6.500000 -0.000127
6.600000 -0.000104
6.700000 -0.000084
6.800000 -0.000069
6.900000 -0.000056
7.000000 -0.000045
7.100000 -0.000037
7.200000 -0.000030
7.300000 -0.000025
7.400000 -0.000021
7.500000 -0.000018
7.600000 -0.000015
7.700000 -0.000012
7.800000 -0.000010
7.900000 -0.000008
8.000000 -0.000006
8.100000 -0.000005
8.200000 -0.000004
8.300000 -0.000003
8.400000 -0.000002
8.500000 -0.000002
8.600000 -0.000002
8.700000 -0.000002
8.800000 -0.000002
8.900000 -0.000002
9.000000 -0.000001
9.100000 -0.000001
9.200000 -0.000001
9.300000 -0.000000
9.400000 -0.000000
9.500000 0.000000
9.600000 0.000000
9.700000 -0.000000
9.800000 -0.000000
9.900000 -0.000000
10.000000 -0.000000
10.100000 -0.000000
10.200000 -0.000000
10.300000 -0.000000
10.400000 0.000000
10.500000 0.000000
10.600000 0.000000
10.700000 0.000000
10.800000 -0.000000
10.900000 -0.000000
11.000000 -0.000000
11.100000 -0.000000
11.200000 -0.000000
11.300000 -0.000000
11.400000 -0.000000
11.500000 0.000000
11.600000 0.000000
11.700000 0.000000
11.800000 0.000000
11.900000 0.000000
12.000000 -0.000000
12.100000 -0.000000
12.200000 -0.000000
12.300000 -0.000000
12.400000 -0.000000
12.500000 -0.000000
12.600000 0.000000
12.700000 0.000000
12.800000 0.000000
12.900000 0.000000
13.000000 0.000000
13.100000 -0.000000
13.200000 -0.000000
13.300000 -0.000000
13.400000 -0.000000
13.500000 -0.000000
13.600000 0.000000
13.700000 0.000000
13.800000 0.000000
13.900000 -0.000000
14.000000 -0.000000
14.100000 -0.000000
14.200000 -0.000000
14.300000 -0.000000
14.400000 0.000000
14.500000 0.000000
14.600000 0.000000
14.700000 0.000000
14.800000 -0.000000
14.900000 -0.000000
15.000000 -0.000000
15.100000 -0.000000
15.200000 0.000000
15.300000 0.000000
15.400000 0.000000
15.500000 0.000000
15.600000 -0.000000
15.700000 -0.000000
15.800000 -0.000000
15.900000 -0.000000
16.000000 0.000000
16.100000 0.000000
16.200000 0.000000
16.300000 0.000000
16.400000 -0.000000
16.500000 -0.000000
16.600000 -0.000000
16.700000 0.000000
16.800000 0.000000
16.900000 0.000000
17.000000 0.000000
17.100000 -0.000000
17.200000 -0.000000
17.300000 -0.000000
17.400000 -0.000000
17.500000 0.000000
17.600000 0.000000
17.700000 0.000000
17.800000 0.000000
17.900000 -0.000000
18.000000 -0.000000
18.100000 -0.000000
18.200000 0.000000
18.300000 0.000000
18.400000 0.000000
18.500000 -0.000000
18.600000 -0.000000
18.700000 -0.000000
18.800000 -0.000000
18.900000 0.000000
19.000000 0.000000
19.100000 0.000000
19.200000 0.000000
19.300000 -0.000000
19.400000 -0.000000
19.500000 -0.000000
19.600000 0.000000
19.700000 0.000000
19.800000 0.000000
19.900000 -0.000000
20.000000 -0.000000
20.100000 -0.000000
20.200000 -0.000000
20.300000 0.000000
20.400000 0.000000
20.500000 0.000000
20.600000 -0.000000
20.700000 -0.000000
20.800000 -0.000000
20.900000 0.000000
21.000000 0.000000
21.100000 0.000000
21.200000 -0.000000
21.300000 -0.000000
21.400000 -0.000000
21.500000 0.000000
21.600000 0.000000
21.700000 0.000000
21.800000 -0.000000
21.900000 -0.000000
22.000000 -0.000000
22.100000 0.000000
22.200000 0.000000
22.300000 0.000000
22.400000 -0.000000
22.500000 -0.000000
22.600000 -0.000000
22.700000 -0.000000
22.800000 0.000000
22.900000 0.000000
23.000000 0.000000
23.100000 -0.000000
23.200000 0.000000
23.300000 -0.000000
23.400000 0.000000
23.500000 -0.000000
23.600000 -0.000000
23.700000 -0.000000
23.800000 0.000000
23.900000 0.000000
24.000000 0.000000
24.100000 -0.000000
24.200000 -0.000000
24.300000 -0.000000
24.400000 0.000000
24.500000 0.000000
24.600000 0.000000
24.700000 -0.000000
24.800000 -0.000000
24.900000 0.000000
25.000000 0.000000
25.100000 0.000000
25.200000 -0.000000
25.300000 -0.000000
25.400000 -0.000000
25.500000 0.000000
25.600000 -0.000000
25.700000 0.000000
25.800000 -0.000000
25.900000 0.000000
26.000000 -0.000000
26.100000 0.000000
26.200000 -0.000000
26.300000 0.000000
26.400000 -0.000000
26.500000 0.000000
26.600000 0.000000
26.700000 0.000000
26.800000 -0.000000
26.900000 -0.000000
27.000000 -0.000000
27.100000 0.000000
27.200000 0.000000
27.300000 -0.000000
27.400000 0.000000
27.500000 -0.000000
27.600000 0.000000
27.700000 -0.000000
27.800000 0.000000
27.900000 -0.000000
28.000000 0.000000
28.100000 -0.000000
28.200000 0.000000
28.300000 -0.000000
28.400000 0.000000
28.500000 -0.000000
28.600000 0.000000
28.700000 -0.000000
28.800000 0.000000
28.900000 -0.000000
29.000000 0.000000
29.100000 0.000000
29.200000 0.000000
29.300000 0.000000
29.400000 -0.000000
29.500000 -0.000000
29.600000 -0.000000
29.700000 0.000000
29.800000 0.000000
29.900000 0.000000
