-30.000000 0.000422
-29.900000 0.000369
-29.800000 0.000726
-29.700000 0.000600
-29.600000 0.000864
-29.500000 0.000632
-29.400000 0.000774
-29.300000 0.000419
-29.200000 0.000443
-29.100000 0.000003
-29.000000 -0.000022
-28.900000 -0.000453
-28.800000 -0.000423
-28.700000 -0.000747
-28.600000 -0.000586
-28.500000 -0.000760
-28.400000 -0.000466
-28.300000 -0.000519
-28.200000 -0.000142
-28.100000 -0.000137
-28.000000 0.000257
-27.900000 0.000261
-27.800000 0.000611
-27.700000 0.000553
-27.600000 0.000800
-27.500000 0.000625
-27.400000 0.000724
-27.300000 0.000413
-27.200000 0.000378
-27.100000 -0.000018
-27.000000 -0.000102
-26.900000 -0.000477
-26.800000 -0.000502
-26.700000 -0.000763
-26.600000 -0.000667
-26.500000 -0.000784
-26.400000 -0.000569
-26.300000 -0.000568
-26.200000 -0.000272
-26.100000 -0.000196
-26.000000 0.000135
-25.900000 0.000237
-25.800000 0.000545
-25.700000 0.000604
-25.600000 0.000813
-25.500000 0.000758
-25.400000 0.000810
-25.300000 0.000607
-25.200000 0.000507
-25.100000 0.000202
-25.000000 0.000029
-24.900000 -0.000280
-24.800000 -0.000425
-24.700000 -0.000652
-24.600000 -0.000704
-24.500000 -0.000809
-24.400000 -0.000754
-24.300000 -0.000737
-24.200000 -0.000579
-24.100000 -0.000452
-24.000000 -0.000210
-23.900000 -0.000005
-23.800000 0.000270
-23.700000 0.000480
-23.600000 0.000697
-23.500000 0.000815
-23.400000 0.000889
-23.300000 0.000857
-23.200000 0.000768
-23.100000 0.000603
-23.000000 0.000402
-22.900000 0.000175
-22.800000 -0.000060
-22.700000 -0.000276
-22.600000 -0.000485
-22.500000 -0.000644
-22.400000 -0.000787
-22.300000 -0.000854
-22.200000 -0.000894
-22.100000 -0.000830
-22.000000 -0.000738
-21.900000 -0.000534
-21.800000 -0.000327
-21.700000 -0.000034
-21.600000 0.000209
-21.500000 0.000491
-21.400000 0.000665
-21.300000 0.000846
-21.200000 0.000888
-21.100000 0.000937
-21.000000 0.000849
-20.900000 0.000789
-20.800000 0.000601
-20.700000 0.000463
-20.600000 0.000203
-20.500000 0.000015
-20.400000 -0.000282
-20.300000 -0.000472
-20.200000 -0.000742
-20.100000 -0.000856
-20.000000 -0.001019
-19.900000 -0.000987
-19.800000 -0.000996
-19.700000 -0.000805
-19.600000 -0.000684
-19.500000 -0.000389
-19.400000 -0.000215
-19.300000 0.000106
-19.200000 0.000263
-19.100000 0.000554
-19.000000 0.000655
-18.900000 0.000890
-18.800000 0.000910
-18.700000 0.001059
-18.600000 0.000963
-18.500000 0.000991
-18.400000 0.000751
-18.300000 0.000653
-18.200000 0.000293
-18.100000 0.000126
-18.000000 -0.000272
-17.900000 -0.000412
-17.800000 -0.000755
-17.700000 -0.000793
-17.600000 -0.001035
-17.500000 -0.000953
-17.400000 -0.001096
-17.300000 -0.000907
-17.200000 -0.000966
-17.100000 -0.000680
-17.000000 -0.000660
-16.900000 -0.000282
-16.800000 -0.000195
-16.700000 0.000248
-16.600000 0.000349
-16.500000 0.000781
-16.400000 0.000809
-16.300000 0.001143
-16.200000 0.001030
-16.100000 0.001228
-16.000000 0.000970
-15.900000 0.001059
-15.800000 0.000701
-15.700000 0.000730
-15.600000 0.000317
-15.500000 0.000315
-15.400000 -0.000135
-15.300000 -0.000153
-15.200000 -0.000621
-15.100000 -0.000623
-15.000000 -0.001057
-14.900000 -0.000978
-14.800000 -0.001308
-14.700000 -0.001088
-14.600000 -0.001278
-14.500000 -0.000914
-14.400000 -0.000990
-14.300000 -0.000535
-14.200000 -0.000562
-14.100000 -0.000079
-14.000000 -0.000108
-13.900000 0.000369
-13.800000 0.000323
-13.700000 0.000788
-13.600000 0.000718
-13.500000 0.001150
-13.400000 0.001018
-13.300000 0.001362
-13.200000 0.001111
-13.100000 0.001324
-13.000000 0.000935
-12.900000 0.001029
-12.800000 0.000544
-12.700000 0.000579
-12.600000 0.000068
-12.500000 0.000110
-12.400000 -0.000378
-12.300000 -0.000304
-12.200000 -0.000763
-12.100000 -0.000661
-12.000000 -0.001095
-11.900000 -0.000956
-11.800000 -0.001338
-11.700000 -0.001120
-11.600000 -0.001399
-11.500000 -0.001059
-11.400000 -0.001214
-11.300000 -0.000760
-11.200000 -0.000829
-11.100000 -0.000320
-11.000000 -0.000373
-10.900000 0.000126
-10.800000 0.000043
-10.700000 0.000511
-10.600000 0.000397
-10.500000 0.000848
-10.400000 0.000719
-10.300000 0.001154
-10.200000 0.000990
-10.100000 0.001373
-10.000000 0.001127
-9.900000 0.001412
-9.800000 0.001050
-9.700000 0.001229
-9.600000 0.000771
-9.500000 0.000888
-9.400000 0.000393
-9.300000 0.000511
-9.200000 0.000029
-9.100000 0.000175
-9.000000 -0.000293
-8.900000 -0.000139
-8.800000 -0.000620
-8.700000 -0.000473
-8.600000 -0.000963
-8.500000 -0.000796
-8.400000 -0.001249
-8.300000 -0.001009
-8.200000 -0.001378
-8.100000 -0.001035
-8.000000 -0.001315
-7.900000 -0.000892
-7.800000 -0.001125
-7.700000 -0.000674
-7.600000 -0.000911
-7.500000 -0.000466
-7.400000 -0.000716
-7.300000 -0.000263
-7.200000 -0.000494
-7.100000 -0.000001
-7.000000 -0.000193
-6.900000 0.000337
-6.800000 0.000156
-6.700000 0.000675
-6.600000 0.000451
-6.500000 0.000909
-6.400000 0.000608
-6.300000 0.000996
-6.200000 0.000640
-6.100000 0.000998
-6.000000 0.000634
-5.900000 0.001005
-5.800000 0.000657
-5.700000 0.001037
-5.600000 0.000682
-5.500000 0.001031
-5.400000 0.000628
-5.300000 0.000919
-5.200000 0.000463
-5.100000 0.000713
-5.000000 0.000246
-4.900000 0.000510
-4.800000 0.000086
-4.700000 0.000403
-4.600000 0.000036
-4.500000 0.000389
-4.400000 0.000040
-4.300000 0.000380
-4.200000 0.000006
-4.100000 0.000309
-4.000000 -0.000088
-3.900000 0.000205
-3.800000 -0.000171
-3.700000 0.000159
-3.600000 -0.000156
-3.500000 0.000232
-3.400000 -0.000028
-3.300000 0.000386
-3.200000 0.000130
-3.100000 0.000513
-3.000000 0.000214
-2.900000 0.000542
-2.800000 0.000205
-2.700000 0.000511
-2.600000 0.000186
-2.500000 0.000521
-2.400000 0.000242
-2.300000 0.000613
-2.200000 0.000357
-2.100000 0.000717
-2.000000 0.000427
-1.900000 0.000721
-1.800000 0.000352
-1.700000 0.000558
-1.600000 0.000116
-1.500000 0.000264
-1.400000 -0.000213
-1.300000 -0.000087
-1.200000 -0.000581
-1.100000 -0.000495
-1.000000 -0.001063
-0.900000 -0.001103
-0.800000 -0.001851
-0.700000 -0.002130
-0.600000 -0.003164
-0.500000 -0.003773
-0.400000 -0.005177
-0.300000 -0.006202
-0.200000 -0.008080
-0.100000 -0.009665
0.000000 -0.012218
0.100000 -0.014642
0.200000 -0.018243
0.300000 -0.021976
0.400000 -0.027195
0.500000 -0.032911
0.600000 -0.040530
0.700000 -0.049134
0.800000 -0.060211
0.900000 -0.072951
1.000000 -0.088970
1.100000 -0.107624
1.200000 -0.130709
1.300000 -0.157795
1.400000 -0.190893
1.500000 -0.229809
1.600000 -0.276754
1.700000 -0.331717
1.800000 -0.397004
1.900000 -0.472608
2.000000 -0.560653
2.100000 -0.660735
2.200000 -0.774238
2.300000 -0.899640
2.400000 -1.036701
2.500000 -1.181802
2.600000 -1.332126
2.700000 -1.481244
2.800000 -1.623547
2.900000 -1.750386
3.000000 -1.854969
3.100000 -1.929094
3.200000 -1.968257
3.300000 -1.968420
3.400000 -1.930532
3.500000 -1.856567
3.600000 -1.752963
3.700000 -1.625927
3.800000 -1.484246
3.900000 -1.334640
4.000000 -1.184730
4.100000 -1.039025
4.200000 -0.902326
4.300000 -0.776314
4.400000 -0.663168
4.500000 -0.562466
4.600000 -0.474736
4.700000 -0.398461
4.800000 -0.333426
4.900000 -0.277760
5.000000 -0.231060
5.100000 -0.191490
5.200000 -0.158720
5.300000 -0.131101
5.400000 -0.108463
5.500000 -0.089387
5.600000 -0.073881
5.700000 -0.060751
5.800000 -0.050162
5.900000 -0.041115
6.000000 -0.033898
6.100000 -0.027666
6.200000 -0.022791
6.300000 -0.018537
6.400000 -0.015317
6.500000 -0.012461
6.600000 -0.010392
6.700000 -0.008482
6.800000 -0.007155
6.900000 -0.005831
7.000000 -0.004944
7.100000 -0.003963
7.200000 -0.003337
7.300000 -0.002583
7.400000 -0.002151
7.500000 -0.001590
7.600000 -0.001342
7.700000 -0.000972
7.800000 -0.000895
7.900000 -0.000682
8.000000 -0.000719
8.100000 -0.000583
8.200000 -0.000639
8.300000 -0.000490
8.400000 -0.000497
8.500000 -0.000303
8.600000 -0.000267
8.700000 -0.000066
8.800000 -0.000046
8.900000 0.000099
9.000000 0.000051
9.100000 0.000108
9.200000 -0.000011
9.300000 -0.000018
9.400000 -0.000157
9.500000 -0.000157
9.600000 -0.000240
9.700000 -0.000173
9.800000 -0.000169
9.900000 -0.000040
10.000000 0.000010
10.100000 0.000131
10.200000 0.000150
10.300000 0.000198
10.400000 0.000145
10.500000 0.000109
10.600000 0.000006
10.700000 -0.000066
10.800000 -0.000154
10.900000 -0.000193
11.000000 -0.000203
11.100000 -0.000168
11.200000 -0.000090
11.300000 -0.000007
11.400000 0.000100
11.500000 0.000153
11.600000 0.000212
11.700000 0.000174
11.800000 0.000155
11.900000 0.000035
12.000000 -0.000023
12.100000 -0.000168
12.200000 -0.000199
12.300000 -0.000307
12.400000 -0.000270
12.500000 -0.000331
12.600000 -0.000255
12.700000 -0.000340
12.800000 -0.000338
12.900000 -0.000600
13.000000 -0.000859
13.100000 -0.001513
13.200000 -0.002288
13.300000 -0.003663
13.400000 -0.005415
13.500000 -0.008194
13.600000 -0.011968
13.700000 -0.017741
13.800000 -0.025938
13.900000 -0.038298
14.000000 -0.056251
14.100000 -0.083061
14.200000 -0.122309
14.300000 -0.180403
14.400000 -0.265344
14.500000 -0.389766
14.600000 -0.570063
14.700000 -0.829758
14.800000 -1.198069
14.900000 -1.711176
15.000000 -2.405051
15.100000 -3.305475
15.200000 -4.402735
15.300000 -5.621989
15.400000 -6.795098
15.500000 -7.677264
15.600000 -8.028218
15.700000 -7.739901
15.800000 -6.901506
15.900000 -5.745759
16.000000 -4.521827
16.100000 -3.407438
16.200000 -2.485830
16.300000 -1.771985
16.400000 -1.242242
16.500000 -0.861185
16.600000 -0.592067
16.700000 -0.405133
16.800000 -0.275983
16.900000 -0.187851
17.000000 -0.127437
17.100000 -0.086669
17.200000 -0.058654
17.300000 -0.039955
17.400000 -0.026905
17.500000 -0.018351
17.600000 -0.012162
17.700000 -0.008281
17.800000 -0.005279
17.900000 -0.003615
18.000000 -0.002155
18.100000 -0.001588
18.200000 -0.000887
18.300000 -0.000853
18.400000 -0.000486
18.500000 -0.000660
18.600000 -0.000382
18.700000 -0.000582
18.800000 -0.000266
18.900000 -0.000418
19.000000 -0.000036
19.100000 -0.000152
19.200000 0.000246
19.300000 0.000093
19.400000 0.000425
19.500000 0.000163
19.600000 0.000387
19.700000 0.000014
19.800000 0.000169
19.900000 -0.000243
20.000000 -0.000070
20.100000 -0.000434
20.200000 -0.000172
20.300000 -0.000439
20.400000 -0.000071
20.500000 -0.000254
20.600000 0.000178
20.700000 0.000011
20.800000 0.000420
20.900000 0.000179
21.000000 0.000488
21.100000 0.000127
21.200000 0.000331
21.300000 -0.000110
21.400000 0.000059
21.500000 -0.000373
21.600000 -0.000149
21.700000 -0.000498
21.800000 -0.000170
21.900000 -0.000415
22.000000 0.000009
22.100000 -0.000168
22.200000 0.000288
22.300000 0.000097
22.400000 0.000496
22.500000 0.000210
22.600000 0.000492
22.700000 0.000088
22.800000 0.000274
22.900000 -0.000190
23.000000 -0.000017
23.100000 -0.000447
23.200000 -0.000199
23.300000 -0.000530
23.400000 -0.000169
23.500000 -0.000393
23.600000 0.000056
23.700000 -0.000112
23.800000 0.000352
23.900000 0.000152
24.000000 0.000542
24.100000 0.000233
24.200000 0.000501
24.300000 0.000075
24.400000 0.000252
24.500000 -0.000226
24.600000 -0.000051
24.700000 -0.000488
24.800000 -0.000231
24.900000 -0.000563
25.000000 -0.000189
25.100000 -0.000413
25.200000 0.000052
25.300000 -0.000115
25.400000 0.000368
25.500000 0.000170
25.600000 0.000579
25.700000 0.000271
25.800000 0.000554
25.900000 0.000117
26.000000 0.000298
26.100000 -0.000203
26.200000 -0.000035
26.300000 -0.000501
26.400000 -0.000254
26.500000 -0.000613
26.600000 -0.000245
26.700000 -0.000486
26.800000 -0.000015
26.900000 -0.000183
27.000000 0.000322
27.100000 0.000143
27.200000 0.000589
27.300000 0.000310
27.400000 0.000626
27.500000 0.000213
27.600000 0.000406
27.700000 -0.000094
27.800000 0.000056
27.900000 -0.000435
28.000000 -0.000234
28.100000 -0.000633
28.200000 -0.000323
28.300000 -0.000597
28.400000 -0.000170
28.500000 -0.000338
28.600000 0.000159
28.700000 0.000026
28.800000 0.000499
28.900000 0.000301
29.000000 0.000658
29.100000 0.000327
29.200000 0.000541
29.300000 0.000098
29.400000 0.000228
29.500000 -0.000242
29.600000 -0.000095
29.700000 -0.000486
29.800000 -0.000226
29.900000 -0.000451
