-30.000000 0.000161
-29.900000 0.000184
-29.800000 0.000314
-29.700000 0.000285
-29.600000 0.000316
-29.500000 0.000195
-29.400000 0.000126
-29.300000 -0.000043
-29.200000 -0.000134
-29.100000 -0.000257
-29.000000 -0.000278
-28.900000 -0.000284
-28.800000 -0.000200
-28.700000 -0.000098
-28.600000 0.000040
-28.500000 0.000166
-28.400000 0.000258
-28.300000 0.000313
-28.200000 0.000285
-28.100000 0.000231
-28.000000 0.000092
-27.900000 -0.000020
-27.800000 -0.000186
-27.700000 -0.000253
-27.600000 -0.000347
-27.500000 -0.000292
-27.400000 -0.000273
-27.300000 -0.000100
-27.200000 -0.000016
-27.100000 0.000192
-27.000000 0.000239
-26.900000 0.000378
-26.800000 0.000304
-26.700000 0.000325
-26.600000 0.000125
-26.500000 0.000068
-26.400000 -0.000179
-26.300000 -0.000213
-26.200000 -0.000401
-26.100000 -0.000319
-26.000000 -0.000385
-25.900000 -0.000169
-25.800000 -0.000141
-25.700000 0.000142
-25.600000 0.000168
-25.500000 0.000407
-25.400000 0.000329
-25.300000 0.000448
-25.200000 0.000228
-25.100000 0.000234
-25.000000 -0.000076
-24.900000 -0.000096
-24.800000 -0.000387
-24.700000 -0.000324
-24.600000 -0.000502
-24.500000 -0.000295
-24.400000 -0.000344
-24.300000 -0.000022
-24.200000 -0.000010
-24.100000 0.000327
-24.000000 0.000289
-23.900000 0.000532
-23.800000 0.000358
-23.700000 0.000460
-23.600000 0.000148
-23.500000 0.000151
-23.400000 -0.000217
-23.300000 -0.000205
-23.200000 -0.000514
-23.100000 -0.000390
-23.000000 -0.000560
-22.900000 -0.000286
-22.800000 -0.000323
-22.700000 0.000052
-22.600000 0.000061
-22.500000 0.000425
-22.400000 0.000365
-22.300000 0.000613
-22.200000 0.000406
-22.100000 0.000500
-22.000000 0.000154
-21.900000 0.000146
-21.800000 -0.000249
-21.700000 -0.000249
-21.600000 -0.000575
-21.500000 -0.000460
-21.400000 -0.000637
-21.300000 -0.000364
-21.200000 -0.000392
-21.100000 -0.000009
-21.000000 0.000029
-20.900000 0.000413
-20.800000 0.000397
-20.700000 0.000669
-20.600000 0.000510
-20.500000 0.000615
-20.400000 0.000303
-20.300000 0.000274
-20.200000 -0.000118
-20.100000 -0.000179
-20.000000 -0.000534
-19.900000 -0.000510
-19.800000 -0.000724
-19.700000 -0.000542
-19.600000 -0.000582
-19.500000 -0.000255
-19.400000 -0.000175
-19.300000 0.000209
-19.200000 0.000297
-19.100000 0.000616
-19.000000 0.000599
-18.900000 0.000761
-18.800000 0.000580
-18.700000 0.000565
-18.600000 0.000244
-18.500000 0.000115
-18.400000 -0.000250
-18.300000 -0.000377
-18.200000 -0.000664
-18.100000 -0.000678
-18.000000 -0.000798
-17.900000 -0.000644
-17.800000 -0.000583
-17.700000 -0.000287
-17.600000 -0.000110
-17.500000 0.000230
-17.400000 0.000410
-17.300000 0.000675
-17.200000 0.000745
-17.100000 0.000843
-17.000000 0.000742
-16.900000 0.000652
-16.800000 0.000400
-16.700000 0.000179
-16.600000 -0.000134
-16.500000 -0.000378
-16.400000 -0.000634
-16.300000 -0.000784
-16.200000 -0.000883
-16.100000 -0.000866
-16.000000 -0.000770
-15.900000 -0.000587
-15.800000 -0.000335
-15.700000 -0.000059
-15.600000 0.000249
-15.500000 0.000505
-15.400000 0.000754
-15.300000 0.000879
-15.200000 0.000977
-15.100000 0.000911
-15.000000 0.000831
-14.900000 0.000582
-14.800000 0.000367
-14.700000 0.000011
-14.600000 -0.000239
-14.500000 -0.000591
-14.400000 -0.000761
-14.300000 -0.000999
-14.200000 -0.001002
-14.100000 -0.001067
-14.000000 -0.000872
-13.900000 -0.000766
-13.800000 -0.000410
-13.700000 -0.000200
-13.600000 0.000226
-13.500000 0.000435
-13.400000 0.000816
-13.300000 0.000916
-13.200000 0.001161
-13.100000 0.001082
-13.000000 0.001146
-12.900000 0.000872
-12.800000 0.000772
-12.700000 0.000351
-12.600000 0.000157
-12.500000 -0.000318
-12.400000 -0.000500
-12.300000 -0.000922
-12.200000 -0.000995
-12.100000 -0.001278
-12.000000 -0.001173
-11.900000 -0.001275
-11.800000 -0.000979
-11.700000 -0.000912
-11.600000 -0.000468
-11.500000 -0.000297
-11.400000 0.000213
-11.300000 0.000395
-11.200000 0.000872
-11.100000 0.000968
-11.000000 0.001323
-10.900000 0.001262
-10.800000 0.001444
-10.700000 0.001198
-10.600000 0.001205
-10.500000 0.000796
-10.400000 0.000666
-10.300000 0.000156
-10.200000 -0.000033
-10.100000 -0.000557
-10.000000 -0.000714
-9.900000 -0.001163
-9.800000 -0.001210
-9.700000 -0.001520
-9.600000 -0.001408
-9.500000 -0.001544
-9.400000 -0.001261
-9.300000 -0.001230
-9.200000 -0.000803
-9.100000 -0.000653
-9.000000 -0.000146
-8.900000 0.000055
-8.800000 0.000568
-8.700000 0.000743
-8.600000 0.001189
-8.500000 0.001271
-8.400000 0.001588
-8.300000 0.001532
-8.200000 0.001689
-8.100000 0.001480
-8.000000 0.001481
-7.900000 0.001138
-7.800000 0.001009
-7.700000 0.000572
-7.600000 0.000364
-7.500000 -0.000110
-7.400000 -0.000335
-7.300000 -0.000783
-7.200000 -0.000967
-7.100000 -0.001334
-7.000000 -0.001432
-6.900000 -0.001680
-6.800000 -0.001662
-6.700000 -0.001773
-6.600000 -0.001632
-6.500000 -0.001610
-6.400000 -0.001363
-6.300000 -0.001230
-6.200000 -0.000905
-6.100000 -0.000696
-6.000000 -0.000331
-5.900000 -0.000086
-5.800000 0.000274
-5.700000 0.000511
-5.600000 0.000828
-5.500000 0.001026
-5.400000 0.001273
-5.300000 0.001408
-5.200000 0.001565
-5.100000 0.001623
-5.000000 0.001683
-4.900000 0.001666
-4.800000 0.001637
-4.700000 0.001556
-4.600000 0.001451
-4.500000 0.001321
-4.400000 0.001157
-4.300000 0.000996
-4.200000 0.000793
-4.100000 0.000625
-4.000000 0.000406
-3.900000 0.000246
-3.800000 0.000020
-3.700000 -0.000125
-3.600000 -0.000351
-3.500000 -0.000477
-3.400000 -0.000701
-3.300000 -0.000813
-3.200000 -0.001049
-3.100000 -0.001169
-3.000000 -0.001445
-2.900000 -0.001605
-2.800000 -0.001957
-2.700000 -0.002200
-2.600000 -0.002682
-2.500000 -0.003078
-2.400000 -0.003776
-2.300000 -0.004428
-2.200000 -0.005458
-2.100000 -0.006503
-2.000000 -0.008028
-1.900000 -0.009663
-1.800000 -0.011927
-1.700000 -0.014449
-1.600000 -0.017805
-1.500000 -0.021640
-1.400000 -0.026596
-1.300000 -0.032355
-1.200000 -0.039651
-1.100000 -0.048228
-1.000000 -0.058940
-0.900000 -0.071626
-0.800000 -0.087286
-0.700000 -0.105894
-0.600000 -0.128637
-0.500000 -0.155671
-0.400000 -0.188406
-0.300000 -0.227201
-0.200000 -0.273685
-0.100000 -0.328386
0.000000 -0.393061
0.100000 -0.468248
0.200000 -0.555568
0.300000 -0.655172
0.400000 -0.767980
0.500000 -0.893023
0.600000 -1.029617
0.700000 -1.174679
0.800000 -1.324964
0.900000 -1.474548
1.000000 -1.617398
1.100000 -1.745322
1.200000 -1.851074
1.300000 -1.926837
1.400000 -1.967602
1.500000 -1.969637
1.600000 -1.933359
1.700000 -1.861018
1.800000 -1.758557
1.900000 -1.632497
2.000000 -1.491222
2.100000 -1.341834
2.200000 -1.191644
2.300000 -1.045593
2.400000 -0.908214
2.500000 -0.781620
2.600000 -0.667716
2.700000 -0.566468
2.800000 -0.478099
2.900000 -0.401428
3.000000 -0.335909
3.100000 -0.279975
3.200000 -0.232888
3.300000 -0.193111
3.400000 -0.159987
3.500000 -0.132181
3.600000 -0.109213
3.700000 -0.089993
3.800000 -0.074222
3.900000 -0.061040
4.000000 -0.050292
4.100000 -0.041303
4.200000 -0.034017
4.300000 -0.027906
4.400000 -0.022980
4.500000 -0.018830
4.600000 -0.015508
4.700000 -0.012701
4.800000 -0.010475
4.900000 -0.008591
5.000000 -0.007109
5.100000 -0.005856
5.200000 -0.004883
5.300000 -0.004078
5.400000 -0.003481
5.500000 -0.003039
5.600000 -0.002778
5.700000 -0.002701
5.800000 -0.002827
5.900000 -0.003240
6.000000 -0.003986
6.100000 -0.005274
6.200000 -0.007245
6.300000 -0.010325
6.400000 -0.014885
6.500000 -0.021775
6.600000 -0.031906
6.700000 -0.047012
6.800000 -0.069215
6.900000 -0.102100
7.000000 -0.150384
7.100000 -0.221453
7.200000 -0.325307
7.300000 -0.476693
7.400000 -0.695305
7.500000 -1.007991
7.600000 -1.447616
7.700000 -2.051637
7.800000 -2.852475
7.900000 -3.861235
8.000000 -5.037692
8.100000 -6.259902
8.200000 -7.312959
8.300000 -7.940038
8.400000 -7.955324
8.500000 -7.354419
8.600000 -6.315629
8.700000 -5.096193
8.800000 -3.913856
8.900000 -2.895901
9.000000 -2.084936
9.100000 -1.472394
9.200000 -1.025584
9.300000 -0.707846
9.400000 -0.485215
9.500000 -0.331321
9.600000 -0.225371
9.700000 -0.153172
9.800000 -0.103771
9.900000 -0.070424
10.000000 -0.047581
10.100000 -0.032327
10.200000 -0.021776
10.300000 -0.014856
10.400000 -0.009946
10.500000 -0.006841
10.600000 -0.004514
10.700000 -0.003160
10.800000 -0.002027
10.900000 -0.001483
11.000000 -0.000901
11.100000 -0.000722
11.200000 -0.000384
11.300000 -0.000360
11.400000 -0.000133
11.500000 -0.000182
11.600000 -0.000017
11.700000 -0.000109
11.800000 0.000018
11.900000 -0.000088
12.000000 0.000028
12.100000 -0.000069
12.200000 0.000046
12.300000 -0.000046
12.400000 0.000057
12.500000 -0.000041
12.600000 0.000043
12.700000 -0.000054
12.800000 0.000027
12.900000 -0.000052
13.000000 0.000036
13.100000 -0.000029
13.200000 0.000049
13.300000 -0.000019
13.400000 0.000036
13.500000 -0.000036
13.600000 0.000010
13.700000 -0.000044
13.800000 0.000010
13.900000 -0.000021
14.000000 0.000030
14.100000 0.000000
14.200000 0.000028
14.300000 -0.000008
14.400000 0.000002
14.500000 -0.000022
14.600000 -0.000008
14.700000 -0.000009
14.800000 0.000008
14.900000 0.000016
15.000000 0.000013
15.100000 0.000015
15.200000 -0.000009
15.300000 -0.000003
15.400000 -0.000027
15.500000 0.000002
15.600000 -0.000017
15.700000 0.000028
15.800000 -0.000003
15.900000 0.000036
16.000000 -0.000020
16.100000 0.000017
16.200000 -0.000047
16.300000 0.000009
16.400000 -0.000045
16.500000 0.000034
16.600000 -0.000021
16.700000 0.000058
16.800000 -0.000020
16.900000 0.000048
17.000000 -0.000049
17.100000 0.000026
17.200000 -0.000065
17.300000 0.000035
17.400000 -0.000046
17.500000 0.000064
17.600000 -0.000029
17.700000 0.000069
17.800000 -0.000048
17.900000 0.000042
18.000000 -0.000077
18.100000 0.000031
18.200000 -0.000070
18.300000 0.000060
18.400000 -0.000038
18.500000 0.000085
18.600000 -0.000036
18.700000 0.000066
18.800000 -0.000070
18.900000 0.000034
19.000000 -0.000088
19.100000 0.000041
19.200000 -0.000059
19.300000 0.000079
19.400000 -0.000028
19.500000 0.000088
19.600000 -0.000043
19.700000 0.000051
19.800000 -0.000083
19.900000 0.000022
20.000000 -0.000084
20.100000 0.000044
20.200000 -0.000043
20.300000 0.000082
20.400000 -0.000018
20.500000 0.000076
20.600000 -0.000045
20.700000 0.000032
20.800000 -0.000080
20.900000 0.000013
21.000000 -0.000065
21.100000 0.000046
21.200000 -0.000018
21.300000 0.000077
21.400000 -0.000006
21.500000 0.000053
21.600000 -0.000045
21.700000 0.000003
21.800000 -0.000073
21.900000 -0.000002
22.000000 -0.000040
22.100000 0.000042
22.200000 0.000011
22.300000 0.000066
22.400000 0.000012
22.500000 0.000028
22.600000 -0.000036
22.700000 -0.000025
22.800000 -0.000058
22.900000 -0.000022
23.000000 -0.000015
23.100000 0.000029
23.200000 0.000039
23.300000 0.000049
23.400000 0.000033
23.500000 0.000003
23.600000 -0.000021
23.700000 -0.000053
23.800000 -0.000041
23.900000 -0.000046
24.000000 0.000008
24.100000 0.000012
24.200000 0.000067
24.300000 0.000034
24.400000 0.000058
24.500000 -0.000017
24.600000 -0.000002
24.700000 -0.000078
24.800000 -0.000027
24.900000 -0.000070
25.000000 0.000024
25.100000 -0.000007
25.200000 0.000088
25.300000 0.000022
25.400000 0.000081
25.500000 -0.000029
25.600000 0.000015
25.700000 -0.000096
25.800000 -0.000018
25.900000 -0.000093
26.000000 0.000030
26.100000 -0.000024
26.200000 0.000102
26.300000 0.000018
26.400000 0.000105
26.500000 -0.000026
26.600000 0.000033
26.700000 -0.000104
26.800000 -0.000020
26.900000 -0.000117
27.000000 0.000017
27.100000 -0.000044
27.200000 0.000102
27.300000 0.000023
27.400000 0.000127
27.500000 -0.000003
27.600000 0.000056
27.700000 -0.000093
27.800000 -0.000024
27.900000 -0.000133
28.000000 -0.000014
28.100000 -0.000071
28.200000 0.000076
28.300000 0.000022
28.400000 0.000135
28.500000 0.000033
28.600000 0.000087
28.700000 -0.000052
28.800000 -0.000016
28.900000 -0.000131
29.000000 -0.000054
29.100000 -0.000105
29.200000 0.000019
29.300000 0.000002
29.400000 0.000116
29.500000 0.000070
29.600000 0.000123
29.700000 0.000028
29.800000 0.000039
29.900000 -0.000047
