-30.000000 0.000169
-29.950000 0.000057
-29.900000 0.000130
-29.850000 -0.000067
-29.800000 -0.000054
-29.750000 -0.000291
-29.700000 -0.000289
-29.650000 -0.000517
-29.600000 -0.000481
-29.550000 -0.000659
-29.500000 -0.000555
-29.450000 -0.000659
-29.400000 -0.000475
-29.350000 -0.000506
-29.300000 -0.000252
-29.250000 -0.000231
-29.200000 0.000061
-29.150000 0.000095
-29.100000 0.000382
-29.050000 0.000387
-29.000000 0.000628
-28.950000 0.000566
-28.900000 0.000731
-28.850000 0.000580
-28.800000 0.000659
-28.750000 0.000422
-28.700000 0.000428
-28.650000 0.000130
-28.600000 0.000097
-28.550000 -0.000223
-28.500000 -0.000251
-28.450000 -0.000545
-28.400000 -0.000522
-28.350000 -0.000751
-28.300000 -0.000644
-28.250000 -0.000784
-28.200000 -0.000581
-28.150000 -0.000632
-28.100000 -0.000346
-28.050000 -0.000331
-28.000000 0.000006
-27.950000 0.000045
-27.900000 0.000385
-27.850000 0.000399
-27.800000 0.000694
-27.750000 0.000640
-27.700000 0.000854
-27.650000 0.000703
-27.600000 0.000818
-27.550000 0.000568
-27.500000 0.000593
-27.450000 0.000263
-27.400000 0.000232
-27.350000 -0.000137
-27.300000 -0.000178
-27.250000 -0.000534
-27.200000 -0.000533
-27.150000 -0.000827
-27.100000 -0.000743
-27.050000 -0.000942
-27.000000 -0.000751
-26.950000 -0.000845
-26.900000 -0.000551
-26.850000 -0.000556
-26.800000 -0.000186
-26.750000 -0.000142
-26.700000 0.000256
-26.650000 0.000298
-26.600000 0.000668
-26.550000 0.000654
-26.500000 0.000948
-26.450000 0.000838
-26.400000 0.001026
-26.350000 0.000800
-26.300000 0.000877
-26.250000 0.000544
-26.200000 0.000532
-26.150000 0.000127
-26.100000 0.000071
-26.050000 -0.000354
-26.000000 -0.000398
-25.950000 -0.000785
-25.900000 -0.000762
-25.850000 -0.001062
-25.800000 -0.000932
-25.750000 -0.001115
-25.700000 -0.000861
-25.650000 -0.000926
-25.600000 -0.000561
-25.550000 -0.000535
-25.500000 -0.000098
-25.450000 -0.000028
-25.400000 0.000424
-25.350000 0.000476
-25.300000 0.000884
-25.250000 0.000860
-25.200000 0.001172
-25.150000 0.001032
-25.100000 0.001218
-25.050000 0.000945
-25.000000 0.001005
-24.950000 0.000615
-24.900000 0.000577
-24.850000 0.000110
-24.800000 0.000027
-24.750000 -0.000457
-24.700000 -0.000522
-24.650000 -0.000958
-24.600000 -0.000944
-24.550000 -0.001279
-24.500000 -0.001141
-24.450000 -0.001341
-24.400000 -0.001062
-24.350000 -0.001126
-24.300000 -0.000717
-24.250000 -0.000673
-24.200000 -0.000179
-24.150000 -0.000081
-24.100000 0.000437
-24.050000 0.000524
-24.000000 0.000998
-23.950000 0.001006
-23.900000 0.001376
-23.850000 0.001256
-23.800000 0.001485
-23.750000 0.001213
-23.700000 0.001293
-23.650000 0.000880
-23.600000 0.000837
-23.550000 0.000322
-23.500000 0.000208
-23.450000 -0.000346
-23.400000 -0.000461
-23.350000 -0.000982
-23.300000 -0.001026
-23.250000 -0.001447
-23.200000 -0.001364
-23.150000 -0.001639
-23.100000 -0.001395
-23.050000 -0.001509
-23.000000 -0.001107
-22.950000 -0.001077
-22.900000 -0.000552
-22.850000 -0.000428
-22.800000 0.000159
-22.750000 0.000307
-22.700000 0.000881
-22.650000 0.000975
-22.600000 0.001463
-22.550000 0.001437
-22.500000 0.001780
-22.450000 0.001589
-22.400000 0.001760
-22.350000 0.001394
-22.300000 0.001398
-22.250000 0.000882
-22.200000 0.000762
-22.150000 0.000151
-22.100000 -0.000026
-22.050000 -0.000656
-22.000000 -0.000809
-21.950000 -0.001376
-21.900000 -0.001428
-21.850000 -0.001862
-21.800000 -0.001754
-21.750000 -0.002011
-21.700000 -0.001714
-21.650000 -0.001783
-21.600000 -0.001306
-21.550000 -0.001215
-21.500000 -0.000604
-21.450000 -0.000412
-21.400000 0.000263
-21.350000 0.000474
-21.300000 0.001126
-21.250000 0.001270
-21.200000 0.001817
-21.150000 0.001819
-21.100000 0.002196
-21.050000 0.002007
-21.000000 0.002182
-20.950000 0.001789
-20.900000 0.001769
-20.850000 0.001196
-20.800000 0.001024
-20.750000 0.000334
-20.700000 0.000084
-20.650000 -0.000642
-20.600000 -0.000879
-20.550000 -0.001547
-20.500000 -0.001683
-20.450000 -0.002210
-20.400000 -0.002171
-20.350000 -0.002498
-20.300000 -0.002243
-20.250000 -0.002349
-20.200000 -0.001876
-20.150000 -0.001780
-20.100000 -0.001127
-20.050000 -0.000884
-20.000000 -0.000124
-19.950000 0.000180
-19.900000 0.000954
-19.850000 0.001222
-19.800000 0.001912
-19.750000 0.002052
-19.700000 0.002574
-19.650000 0.002513
-19.600000 0.002811
-19.550000 0.002512
-19.500000 0.002570
-19.450000 0.002038
-19.400000 0.001882
-19.350000 0.001163
-19.300000 0.000857
-19.250000 0.000032
-19.200000 -0.000330
-19.150000 -0.001160
-19.100000 -0.001476
-19.050000 -0.002207
-19.000000 -0.002377
-18.950000 -0.002921
-18.900000 -0.002870
-18.850000 -0.003170
-18.800000 -0.002860
-18.750000 -0.002897
-18.700000 -0.002334
-18.650000 -0.002137
-18.600000 -0.001369
-18.550000 -0.001007
-18.500000 -0.000119
-18.450000 0.000311
-18.400000 0.001211
-18.350000 0.001598
-18.300000 0.002399
-18.250000 0.002636
-18.200000 0.003242
-18.150000 0.003245
-18.100000 0.003589
-18.050000 0.003314
-18.000000 0.003372
-17.950000 0.002816
-17.900000 0.002610
-17.850000 0.001818
-17.800000 0.001414
-17.750000 0.000470
-17.700000 -0.000032
-17.650000 -0.001017
-17.600000 -0.001502
-17.550000 -0.002408
-17.500000 -0.002757
-17.450000 -0.003475
-17.400000 -0.003591
-17.350000 -0.004039
-17.300000 -0.003860
-17.250000 -0.003998
-17.200000 -0.003506
-17.150000 -0.003340
-17.100000 -0.002568
-17.050000 -0.002154
-17.000000 -0.001178
-16.950000 -0.000611
-16.900000 0.000459
-16.850000 0.001059
-16.800000 0.002098
-16.750000 0.002604
-16.700000 0.003487
-16.650000 0.003782
-16.600000 0.004406
-16.550000 0.004405
-16.500000 0.004704
-16.450000 0.004363
-16.400000 0.004318
-16.350000 0.003645
-16.300000 0.003289
-16.250000 0.002339
-16.200000 0.001751
-16.150000 0.000625
-16.100000 -0.000080
-16.050000 -0.001258
-16.000000 -0.001945
-15.950000 -0.003036
-15.900000 -0.003572
-15.850000 -0.004448
-15.800000 -0.004717
-15.750000 -0.005280
-15.700000 -0.005203
-15.650000 -0.005396
-15.600000 -0.004941
-15.550000 -0.004759
-15.500000 -0.003947
-15.450000 -0.003439
-15.400000 -0.002344
-15.350000 -0.001603
-15.300000 -0.000340
-15.250000 0.000504
-15.200000 0.001797
-15.150000 0.002598
-15.100000 0.003773
-15.050000 0.004389
-15.000000 0.005313
-14.950000 0.005623
-14.900000 0.006195
-14.850000 0.006119
-14.800000 0.006281
-14.750000 0.005788
-14.700000 0.005537
-14.650000 0.004652
-14.600000 0.004039
-14.550000 0.002838
-14.500000 0.001964
-14.450000 0.000569
-14.400000 -0.000429
-14.350000 -0.001870
-14.300000 -0.002837
-14.250000 -0.004166
-14.200000 -0.004946
-14.150000 -0.006016
-14.100000 -0.006476
-14.050000 -0.007170
-14.000000 -0.007214
-13.950000 -0.007461
-13.900000 -0.007044
-13.850000 -0.006826
-13.800000 -0.005961
-13.750000 -0.005321
-13.700000 -0.004076
-13.650000 -0.003107
-13.600000 -0.001600
-13.550000 -0.000441
-13.500000 0.001176
-13.450000 0.002364
-13.400000 0.003921
-13.350000 0.004967
-13.300000 0.006301
-13.250000 0.007051
-13.200000 0.008019
-13.150000 0.008350
-13.100000 0.008853
-13.050000 0.008689
-13.000000 0.008677
-12.950000 0.007999
-12.900000 0.007484
-12.850000 0.006332
-12.800000 0.005382
-12.750000 0.003852
-12.700000 0.002588
-12.650000 0.000822
-12.600000 -0.000599
-12.550000 -0.002430
-12.500000 -0.003826
-12.450000 -0.005538
-12.400000 -0.006730
-12.350000 -0.008151
-12.300000 -0.008975
-12.250000 -0.009960
-12.200000 -0.010294
-12.150000 -0.010742
-12.100000 -0.010513
-12.050000 -0.010380
-12.000000 -0.009575
-11.950000 -0.008881
-11.900000 -0.007550
-11.850000 -0.006374
-11.800000 -0.004622
-11.750000 -0.003096
-11.700000 -0.001079
-11.650000 0.000627
-11.600000 0.002725
-11.550000 0.004417
-11.500000 0.006400
-11.450000 0.007883
-11.400000 0.009563
-11.350000 0.010661
-11.300000 0.011877
-11.250000 0.012450
-11.200000 0.013084
-11.150000 0.013039
-11.100000 0.013030
-11.050000 0.012336
-11.000000 0.011683
-10.950000 0.010370
-10.900000 0.009134
-10.850000 0.007295
-10.800000 0.005596
-10.750000 0.003375
-10.700000 0.001378
-10.650000 -0.001040
-10.600000 -0.003135
-10.550000 -0.005544
-10.500000 -0.007527
-10.450000 -0.009715
-10.400000 -0.011379
-10.350000 -0.013152
-10.300000 -0.014318
-10.250000 -0.015514
-10.200000 -0.016042
-10.150000 -0.016549
-10.100000 -0.016358
-10.050000 -0.016124
-10.000000 -0.015193
-9.950000 -0.014231
-9.900000 -0.012607
-9.850000 -0.010996
-9.800000 -0.008787
-9.750000 -0.006662
-9.700000 -0.004030
-9.650000 -0.001575
-9.600000 0.001281
-9.550000 0.003853
-9.500000 0.006710
-9.450000 0.009174
-9.400000 0.011807
-9.350000 0.013942
-9.300000 0.016140
-9.250000 0.017749
-9.200000 0.019332
-9.150000 0.020257
-9.100000 0.021092
-9.050000 0.021226
-9.000000 0.021236
-8.950000 0.020532
-8.900000 0.019701
-8.850000 0.018177
-8.800000 0.016554
-8.750000 0.014290
-8.700000 0.011985
-8.650000 0.009117
-8.600000 0.006292
-8.550000 0.003006
-8.500000 -0.000133
-8.450000 -0.003616
-8.400000 -0.006837
-8.350000 -0.010277
-8.300000 -0.013337
-8.250000 -0.016490
-8.200000 -0.019150
-8.150000 -0.021789
-8.100000 -0.023834
-8.050000 -0.025761
-8.000000 -0.027017
-7.950000 -0.028083
-7.900000 -0.028426
-7.850000 -0.028537
-7.800000 -0.027907
-7.750000 -0.027034
-7.700000 -0.025434
-7.650000 -0.023614
-7.600000 -0.021115
-7.550000 -0.018449
-7.500000 -0.015179
-7.450000 -0.011824
-7.400000 -0.007965
-7.350000 -0.004123
-7.300000 0.000105
-7.250000 0.004199
-7.200000 0.008550
-7.150000 0.012644
-7.100000 0.016863
-7.050000 0.020703
-7.000000 0.024542
-6.950000 0.027888
-6.900000 0.031118
-6.850000 0.033757
-6.800000 0.036181
-6.750000 0.037935
-6.700000 0.039399
-6.650000 0.040137
-6.600000 0.040535
-6.550000 0.040179
-6.500000 0.039461
-6.450000 0.037987
-6.400000 0.036157
-6.350000 0.033599
-6.300000 0.030719
-6.250000 0.027167
-6.200000 0.023352
-6.150000 0.018946
-6.100000 0.014360
-6.050000 0.009284
-6.000000 0.004132
-5.950000 -0.001392
-5.900000 -0.006874
-5.850000 -0.012595
-5.800000 -0.018148
-5.750000 -0.023803
-5.700000 -0.029158
-5.650000 -0.034477
-5.600000 -0.039368
-5.550000 -0.044090
-5.500000 -0.048266
-5.450000 -0.052154
-5.400000 -0.055393
-5.350000 -0.058242
-5.300000 -0.060361
-5.250000 -0.062011
-5.200000 -0.062872
-5.150000 -0.063213
-5.100000 -0.062736
-5.050000 -0.061714
-5.000000 -0.059873
-4.950000 -0.057491
-4.900000 -0.054318
-4.850000 -0.050635
-4.800000 -0.046214
-4.750000 -0.041340
-4.700000 -0.035805
-4.650000 -0.029896
-4.600000 -0.023419
-4.550000 -0.016664
-4.500000 -0.009450
-4.450000 -0.002063
-4.400000 0.005665
-4.350000 0.013456
-4.300000 0.021466
-4.250000 0.029425
-4.200000 0.037482
-4.150000 0.045379
-4.100000 0.053258
-4.050000 0.060871
-4.000000 0.068357
-3.950000 0.075481
-3.900000 0.082377
-3.850000 0.088825
-3.800000 0.094957
-3.750000 0.100565
-3.700000 0.105777
-3.650000 0.110402
-3.600000 0.114563
-3.550000 0.118082
-3.500000 0.121079
-3.450000 0.123389
-3.400000 0.125128
-3.350000 0.126141
-3.300000 0.126540
-3.250000 0.126183
-3.200000 0.125175
-3.150000 0.123385
-3.100000 0.120911
-3.050000 0.117633
-3.000000 0.113642
-2.950000 0.108828
-2.900000 0.103273
-2.850000 0.096877
-2.800000 0.089714
-2.750000 0.081691
-2.700000 0.072877
-2.650000 0.063186
-2.600000 0.052677
-2.550000 0.041277
-2.500000 0.029036
-2.450000 0.015890
-2.400000 0.001883
-2.350000 -0.013039
-2.300000 -0.028838
-2.250000 -0.045557
-2.200000 -0.063160
-2.150000 -0.081678
-2.100000 -0.101079
-2.050000 -0.121377
-2.000000 -0.142542
-1.950000 -0.164570
-1.900000 -0.187429
-1.850000 -0.211095
-1.800000 -0.235531
-1.750000 -0.260691
-1.700000 -0.286531
-1.650000 -0.312978
-1.600000 -0.339982
-1.550000 -0.367441
-1.500000 -0.395294
-1.450000 -0.423412
-1.400000 -0.451722
-1.350000 -0.480066
-1.300000 -0.508360
-1.250000 -0.536421
-1.200000 -0.564156
-1.150000 -0.591357
-1.100000 -0.617928
-1.050000 -0.643642
-1.000000 -0.668404
-0.950000 -0.691978
-0.900000 -0.714279
-0.850000 -0.735069
-0.800000 -0.754281
-0.750000 -0.771686
-0.700000 -0.787248
-0.650000 -0.800752
-0.600000 -0.812201
-0.550000 -0.821407
-0.500000 -0.828419
-0.450000 -0.833079
-0.400000 -0.835486
-0.350000 -0.835518
-0.300000 -0.833328
-0.250000 -0.828827
-0.200000 -0.822217
-0.150000 -0.813443
-0.100000 -0.802752
-0.050000 -0.790113
0.000000 -0.775810
0.050000 -0.759829
0.100000 -0.742482
0.150000 -0.723760
0.200000 -0.703995
0.250000 -0.683174
0.300000 -0.661638
0.350000 -0.639361
0.400000 -0.616685
0.450000 -0.593567
0.500000 -0.570342
0.550000 -0.546944
0.600000 -0.523699
0.650000 -0.500513
0.700000 -0.477701
0.750000 -0.455140
0.800000 -0.433133
0.850000 -0.411529
0.900000 -0.390621
0.950000 -0.370231
1.000000 -0.350643
1.050000 -0.331654
1.100000 -0.313543
1.150000 -0.296089
1.200000 -0.279565
1.250000 -0.263735
1.300000 -0.248873
1.350000 -0.234730
1.400000 -0.221585
1.450000 -0.209180
1.500000 -0.197804
1.550000 -0.187194
1.600000 -0.177653
1.650000 -0.168920
1.700000 -0.161316
1.750000 -0.154587
1.800000 -0.149082
1.850000 -0.144560
1.900000 -0.141404
1.950000 -0.139398
2.000000 -0.138971
2.050000 -0.139939
2.100000 -0.142790
2.150000 -0.147392
2.200000 -0.154307
2.250000 -0.163474
2.300000 -0.175550
2.350000 -0.190569
2.400000 -0.209313
2.450000 -0.231939
2.500000 -0.259386
2.550000 -0.291972
2.600000 -0.330825
2.650000 -0.376458
2.700000 -0.430224
2.750000 -0.492856
2.800000 -0.565951
2.850000 -0.650467
2.900000 -0.748223
2.950000 -0.860348
3.000000 -0.988790
3.050000 -1.134695
3.100000 -1.299908
3.150000 -1.485272
3.200000 -1.692099
3.250000 -1.920378
3.300000 -2.170215
3.350000 -2.439960
3.400000 -2.727645
3.450000 -3.029099
3.500000 -3.339485
3.550000 -3.651526
3.600000 -3.957312
3.650000 -4.246807
3.700000 -4.510065
3.750000 -4.736101
3.800000 -4.915470
3.850000 -5.039324
3.900000 -5.102023
3.950000 -5.099930
4.000000 -5.033589
4.050000 -4.905857
4.100000 -4.723429
4.150000 -4.494314
4.200000 -4.228929
4.250000 -3.937337
4.300000 -3.630382
4.350000 -3.317112
4.400000 -3.006291
4.450000 -2.704184
4.500000 -2.416471
4.550000 -2.146323
4.600000 -1.896562
4.650000 -1.667858
4.700000 -1.460980
4.750000 -1.274980
4.800000 -1.109438
4.850000 -0.962570
4.900000 -0.833433
4.950000 -0.719949
5.000000 -0.621079
5.050000 -0.534769
5.100000 -0.460107
5.150000 -0.395213
5.200000 -0.339400
5.250000 -0.291011
5.300000 -0.249598
5.350000 -0.213728
5.400000 -0.183171
5.450000 -0.156688
5.500000 -0.134237
5.550000 -0.114735
5.600000 -0.098294
5.650000 -0.083954
5.700000 -0.071947
5.750000 -0.061407
5.800000 -0.052659
5.850000 -0.044908
5.900000 -0.038550
5.950000 -0.032841
6.000000 -0.028234
6.050000 -0.024020
6.100000 -0.020694
6.150000 -0.017574
6.200000 -0.015184
6.250000 -0.012863
6.300000 -0.011158
6.350000 -0.009419
6.400000 -0.008215
6.450000 -0.006900
6.500000 -0.006060
6.550000 -0.005054
6.600000 -0.004481
6.650000 -0.003700
6.700000 -0.003322
6.750000 -0.002706
6.800000 -0.002471
6.850000 -0.001976
6.900000 -0.001848
6.950000 -0.001442
7.000000 -0.001392
7.050000 -0.001050
7.100000 -0.001057
7.150000 -0.000762
7.200000 -0.000810
7.250000 -0.000548
7.300000 -0.000626
7.350000 -0.000387
7.400000 -0.000488
7.450000 -0.000266
7.500000 -0.000385
7.550000 -0.000177
7.600000 -0.000310
7.650000 -0.000112
7.700000 -0.000256
7.750000 -0.000066
7.800000 -0.000218
7.850000 -0.000032
7.900000 -0.000189
7.950000 -0.000005
8.000000 -0.000165
8.050000 0.000018
8.100000 -0.000145
8.150000 0.000037
8.200000 -0.000129
8.250000 0.000051
8.300000 -0.000119
8.350000 0.000060
8.400000 -0.000113
8.450000 0.000065
8.500000 -0.000110
8.550000 0.000068
8.600000 -0.000109
8.650000 0.000071
8.700000 -0.000106
8.750000 0.000076
8.800000 -0.000101
8.850000 0.000082
8.900000 -0.000096
8.950000 0.000087
9.000000 -0.000093
9.050000 0.000089
9.100000 -0.000093
9.150000 0.000088
9.200000 -0.000096
9.250000 0.000086
9.300000 -0.000098
9.350000 0.000086
9.400000 -0.000099
9.450000 0.000087
9.500000 -0.000097
9.550000 0.000091
9.600000 -0.000093
9.650000 0.000095
9.700000 -0.000091
9.750000 0.000097
9.800000 -0.000091
9.850000 0.000096
9.900000 -0.000094
9.950000 0.000093
10.000000 -0.000098
10.050000 0.000090
10.100000 -0.000100
10.150000 0.000091
10.200000 -0.000099
10.250000 0.000094
10.300000 -0.000095
10.350000 0.000098
10.400000 -0.000092
10.450000 0.000100
10.500000 -0.000092
10.550000 0.000099
10.600000 -0.000095
10.650000 0.000096
10.700000 -0.000099
10.750000 0.000093
10.800000 -0.000101
10.850000 0.000092
10.900000 -0.000101
10.950000 0.000094
11.000000 -0.000098
11.050000 0.000098
11.100000 -0.000095
11.150000 0.000102
11.200000 -0.000093
11.250000 0.000102
11.300000 -0.000094
11.350000 0.000100
11.400000 -0.000098
11.450000 0.000096
11.500000 -0.000102
11.550000 0.000093
11.600000 -0.000103
11.650000 0.000094
11.700000 -0.000101
11.750000 0.000098
11.800000 -0.000097
11.850000 0.000102
11.900000 -0.000094
11.950000 0.000104
12.000000 -0.000094
12.050000 0.000102
12.100000 -0.000098
12.150000 0.000098
12.200000 -0.000102
12.250000 0.000095
12.300000 -0.000105
12.350000 0.000094
12.400000 -0.000104
12.450000 0.000097
12.500000 -0.000100
12.550000 0.000101
12.600000 -0.000095
12.650000 0.000105
12.700000 -0.000094
12.750000 0.000105
12.800000 -0.000096
12.850000 0.000101
12.900000 -0.000101
12.950000 0.000096
13.000000 -0.000105
13.050000 0.000094
13.100000 -0.000105
13.150000 0.000095
13.200000 -0.000102
13.250000 0.000099
13.300000 -0.000097
13.350000 0.000104
13.400000 -0.000094
13.450000 0.000106
13.500000 -0.000094
13.550000 0.000103
13.600000 -0.000098
13.650000 0.000098
13.700000 -0.000103
13.750000 0.000094
13.800000 -0.000106
13.850000 0.000093
13.900000 -0.000104
13.950000 0.000096
14.000000 -0.000100
14.050000 0.000101
14.100000 -0.000094
14.150000 0.000105
14.200000 -0.000092
14.250000 0.000105
14.300000 -0.000094
14.350000 0.000101
14.400000 -0.000099
14.450000 0.000095
14.500000 -0.000104
14.550000 0.000092
14.600000 -0.000105
14.650000 0.000092
14.700000 -0.000102
14.750000 0.000097
14.800000 -0.000096
14.850000 0.000102
14.900000 -0.000091
14.950000 0.000105
15.000000 -0.000091
15.050000 0.000103
15.100000 -0.000094
15.150000 0.000097
15.200000 -0.000100
15.250000 0.000092
15.300000 -0.000104
15.350000 0.000089
15.400000 -0.000104
15.450000 0.000092
15.500000 -0.000099
15.550000 0.000097
15.600000 -0.000092
15.650000 0.000103
15.700000 -0.000088
15.750000 0.000104
15.800000 -0.000089
15.850000 0.000100
15.900000 -0.000094
15.950000 0.000093
16.000000 -0.000100
16.050000 0.000088
16.100000 -0.000103
16.150000 0.000087
16.200000 -0.000101
16.250000 0.000091
16.300000 -0.000094
16.350000 0.000097
16.400000 -0.000088
16.450000 0.000102
16.500000 -0.000085
16.550000 0.000101
16.600000 -0.000087
16.650000 0.000096
16.700000 -0.000093
16.750000 0.000088
16.800000 -0.000099
16.850000 0.000083
16.900000 -0.000101
16.950000 0.000084
17.000000 -0.000097
17.050000 0.000089
17.100000 -0.000089
17.150000 0.000096
17.200000 -0.000083
17.250000 0.000100
17.300000 -0.000081
17.350000 0.000098
17.400000 -0.000085
17.450000 0.000091
17.500000 -0.000092
17.550000 0.000083
17.600000 -0.000098
17.650000 0.000079
17.700000 -0.000098
17.750000 0.000080
17.800000 -0.000093
17.850000 0.000087
17.900000 -0.000084
17.950000 0.000094
18.000000 -0.000078
18.050000 0.000097
18.100000 -0.000077
18.150000 0.000094
18.200000 -0.000082
18.250000 0.000086
18.300000 -0.000089
18.350000 0.000078
18.400000 -0.000095
18.450000 0.000074
18.500000 -0.000095
18.550000 0.000076
18.600000 -0.000088
18.650000 0.000084
18.700000 -0.000079
18.750000 0.000091
18.800000 -0.000072
18.850000 0.000094
18.900000 -0.000072
18.950000 0.000090
19.000000 -0.000078
19.050000 0.000081
19.100000 -0.000086
19.150000 0.000072
19.200000 -0.000092
19.250000 0.000068
19.300000 -0.000091
19.350000 0.000072
19.400000 -0.000083
19.450000 0.000080
19.500000 -0.000073
19.550000 0.000088
19.600000 -0.000066
19.650000 0.000090
19.700000 -0.000066
19.750000 0.000085
19.800000 -0.000073
19.850000 0.000075
19.900000 -0.000082
19.950000 0.000066
20.000000 -0.000088
20.050000 0.000062
20.100000 -0.000086
20.150000 0.000066
20.200000 -0.000078
20.250000 0.000075
20.300000 -0.000067
20.350000 0.000083
20.400000 -0.000059
20.450000 0.000086
20.500000 -0.000060
20.550000 0.000081
20.600000 -0.000067
20.650000 0.000070
20.700000 -0.000077
20.750000 0.000059
20.800000 -0.000083
20.850000 0.000055
20.900000 -0.000082
20.950000 0.000059
21.000000 -0.000073
21.050000 0.000069
21.100000 -0.000061
21.150000 0.000078
21.200000 -0.000053
21.250000 0.000082
21.300000 -0.000052
21.350000 0.000076
21.400000 -0.000060
21.450000 0.000065
21.500000 -0.000071
21.550000 0.000053
21.600000 -0.000078
21.650000 0.000047
21.700000 -0.000078
21.750000 0.000051
21.800000 -0.000069
21.850000 0.000061
21.900000 -0.000056
21.950000 0.000072
22.000000 -0.000046
22.050000 0.000077
22.100000 -0.000044
22.150000 0.000072
22.200000 -0.000051
22.250000 0.000060
22.300000 -0.000063
22.350000 0.000047
22.400000 -0.000072
22.450000 0.000040
22.500000 -0.000074
22.550000 0.000042
22.600000 -0.000065
22.650000 0.000052
22.700000 -0.000051
22.750000 0.000064
22.800000 -0.000039
22.850000 0.000071
22.900000 -0.000035
22.950000 0.000069
23.000000 -0.000041
23.050000 0.000057
23.100000 -0.000054
23.150000 0.000042
23.200000 -0.000065
23.250000 0.000032
23.300000 -0.000069
23.350000 0.000032
23.400000 -0.000062
23.450000 0.000041
23.500000 -0.000048
23.550000 0.000055
23.600000 -0.000033
23.650000 0.000065
23.700000 -0.000026
23.750000 0.000065
23.800000 -0.000030
23.850000 0.000054
23.900000 -0.000042
23.950000 0.000038
24.000000 -0.000056
24.050000 0.000025
24.100000 -0.000063
24.150000 0.000021
24.200000 -0.000059
24.250000 0.000029
24.300000 -0.000046
24.350000 0.000043
24.400000 -0.000029
24.450000 0.000057
24.500000 -0.000017
24.550000 0.000061
24.600000 -0.000018
24.650000 0.000053
24.700000 -0.000029
24.750000 0.000036
24.800000 -0.000045
24.850000 0.000020
24.900000 -0.000056
24.950000 0.000011
25.000000 -0.000057
25.050000 0.000015
25.100000 -0.000045
25.150000 0.000029
25.200000 -0.000027
25.250000 0.000045
25.300000 -0.000011
25.350000 0.000055
25.400000 -0.000006
25.450000 0.000052
25.500000 -0.000013
25.550000 0.000037
25.600000 -0.000030
25.650000 0.000017
25.700000 -0.000046
25.750000 0.000003
25.800000 -0.000053
25.850000 0.000001
25.900000 -0.000046
25.950000 0.000012
26.000000 -0.000028
26.050000 0.000031
26.100000 -0.000008
26.150000 0.000046
26.200000 0.000004
26.250000 0.000049
26.300000 0.000002
26.350000 0.000039
26.400000 -0.000012
26.450000 0.000019
26.500000 -0.000031
26.550000 -0.000001
26.600000 -0.000045
26.650000 -0.000011
26.700000 -0.000046
26.750000 -0.000006
26.800000 -0.000032
26.850000 0.000012
26.900000 -0.000010
26.950000 0.000032
27.000000 0.000009
27.050000 0.000044
27.100000 0.000016
27.150000 0.000041
27.200000 0.000008
27.250000 0.000024
27.300000 -0.000011
27.350000 0.000001
27.400000 -0.000032
27.450000 -0.000017
27.500000 -0.000042
27.550000 -0.000022
27.600000 -0.000036
27.650000 -0.000010
27.700000 -0.000016
27.750000 0.000011
27.800000 0.000008
27.850000 0.000031
27.900000 0.000025
27.950000 0.000039
28.000000 0.000027
28.050000 0.000031
28.100000 0.000013
28.150000 0.000009
28.200000 -0.000011
28.250000 -0.000016
28.300000 -0.000031
28.350000 -0.000033
28.400000 -0.000037
28.450000 -0.000032
28.500000 -0.000025
28.550000 -0.000015
28.600000 -0.000001
28.650000 0.000010
28.700000 0.000025
28.750000 0.000030
28.800000 0.000040
28.850000 0.000034
28.900000 0.000037
28.950000 0.000020
29.000000 0.000017
29.050000 -0.000006
29.100000 -0.000009
29.150000 -0.000033
29.200000 -0.000029
29.250000 -0.000047
29.300000 -0.000031
29.350000 -0.000042
29.400000 -0.000015
29.450000 -0.000020
29.500000 0.000013
29.550000 0.000008
29.600000 0.000040
29.650000 0.000027
29.700000 0.000053
29.750000 0.000029
29.800000 0.000047
29.850000 0.000010
29.900000 0.000023
29.950000 -0.000019
30.000000 -0.000006
30.050000 -0.000047
30.100000 -0.000026
30.150000 -0.000060
30.200000 -0.000026
30.250000 -0.000052
30.300000 -0.000006
30.350000 -0.000026
30.400000 0.000025
30.450000 0.000004
30.500000 0.000054
30.550000 0.000024
30.600000 0.000067
30.650000 0.000024
30.700000 0.000058
30.750000 0.000003
30.800000 0.000030
30.850000 -0.000030
30.900000 -0.000002
30.950000 -0.000061
31.000000 -0.000023
31.050000 -0.000074
31.100000 -0.000023
31.150000 -0.000064
31.200000 -0.000000
31.250000 -0.000035
31.300000 0.000035
31.350000 -0.000002
31.400000 0.000067
31.450000 0.000021
31.500000 0.000081
31.550000 0.000022
31.600000 0.000071
31.650000 -0.000001
31.700000 0.000041
31.750000 -0.000038
31.800000 0.000005
31.850000 -0.000072
31.900000 -0.000020
31.950000 -0.000088
32.000000 -0.000021
32.050000 -0.000079
32.100000 0.000002
32.150000 -0.000048
32.200000 0.000040
32.250000 -0.000010
32.300000 0.000077
32.350000 0.000018
32.400000 0.000095
32.450000 0.000021
32.500000 0.000087
32.550000 -0.000001
32.600000 0.000056
32.650000 -0.000041
32.700000 0.000016
32.750000 -0.000080
32.800000 -0.000015
32.850000 -0.000102
32.900000 -0.000022
32.950000 -0.000096
33.000000 -0.000001
33.050000 -0.000065
33.100000 0.000040
33.150000 -0.000023
33.200000 0.000082
33.250000 0.000012
33.300000 0.000108
33.350000 0.000023
33.400000 0.000106
33.450000 0.000004
33.500000 0.000076
33.550000 -0.000037
33.600000 0.000031
33.650000 -0.000083
33.700000 -0.000008
33.750000 -0.000114
33.800000 -0.000023
33.850000 -0.000116
33.900000 -0.000008
33.950000 -0.000088
34.000000 0.000032
34.050000 -0.000042
34.100000 0.000081
34.150000 0.000002
34.200000 0.000118
34.250000 0.000024
34.300000 0.000125
34.350000 0.000014
34.400000 0.000101
34.450000 -0.000025
34.500000 0.000055
34.550000 -0.000077
34.600000 0.000006
34.650000 -0.000119
34.700000 -0.000023
34.750000 -0.000135
34.800000 -0.000020
34.850000 -0.000116
34.900000 0.000016
34.950000 -0.000070
35.000000 0.000069
35.050000 -0.000017
35.100000 0.000119
35.150000 0.000020
35.200000 0.000143
35.250000 0.000025
35.300000 0.000131
35.350000 -0.000005
35.400000 0.000088
35.450000 -0.000059
35.500000 0.000032
35.550000 -0.000114
35.600000 -0.000014
35.650000 -0.000148
35.700000 -0.000030
35.750000 -0.000146
35.800000 -0.000008
35.850000 -0.000108
35.900000 0.000045
35.950000 -0.000050
36.000000 0.000105
36.050000 0.000005
36.100000 0.000150
36.150000 0.000032
36.200000 0.000159
36.250000 0.000020
36.300000 0.000130
36.350000 -0.000027
36.400000 0.000072
36.450000 -0.000091
36.500000 0.000010
36.550000 -0.000147
36.600000 -0.000030
36.650000 -0.000170
36.700000 -0.000032
36.750000 -0.000152
36.800000 0.000007
36.850000 -0.000098
36.900000 0.000072
36.950000 -0.000031
37.000000 0.000137
37.050000 0.000023
37.100000 0.000176
37.150000 0.000041
37.200000 0.000172
37.250000 0.000014
37.300000 0.000127
37.350000 -0.000047
37.400000 0.000058
37.450000 -0.000119
37.500000 -0.000008
37.550000 -0.000174
37.600000 -0.000044
37.650000 -0.000189
37.700000 -0.000034
37.750000 -0.000157
37.800000 0.000018
37.850000 -0.000091
37.900000 0.000094
37.950000 -0.000015
38.000000 0.000163
38.050000 0.000039
38.100000 0.000198
38.150000 0.000050
38.200000 0.000185
38.250000 0.000013
38.300000 0.000128
38.350000 -0.000060
38.400000 0.000048
38.450000 -0.000141
38.500000 -0.000023
38.550000 -0.000198
38.600000 -0.000058
38.650000 -0.000208
38.700000 -0.000042
38.750000 -0.000167
38.800000 0.000021
38.850000 -0.000090
38.900000 0.000107
38.950000 -0.000006
39.000000 0.000183
39.050000 0.000054
39.100000 0.000221
39.150000 0.000064
39.200000 0.000204
39.250000 0.000020
39.300000 0.000138
39.350000 -0.000063
39.400000 0.000048
39.450000 -0.000153
39.500000 -0.000034
39.550000 -0.000218
39.600000 -0.000074
39.650000 -0.000232
39.700000 -0.000058
39.750000 -0.000188
39.800000 0.000011
39.850000 -0.000102
39.900000 0.000107
39.950000 -0.000005
40.000000 0.000196
40.050000 0.000066
40.100000 0.000243
40.150000 0.000084
40.200000 0.000231
40.250000 0.000041
40.300000 0.000162
40.350000 -0.000048
40.400000 0.000061
40.450000 -0.000152
40.500000 -0.000035
40.550000 -0.000233
40.600000 -0.000091
40.650000 -0.000259
40.700000 -0.000085
40.750000 -0.000221
40.800000 -0.000018
40.850000 -0.000131
40.900000 0.000088
40.950000 -0.000020
41.000000 0.000194
41.050000 0.000071
41.100000 0.000263
41.150000 0.000109
41.200000 0.000267
41.250000 0.000079
41.300000 0.000204
41.350000 -0.000011
41.400000 0.000096
41.450000 -0.000129
41.500000 -0.000020
41.550000 -0.000233
41.600000 -0.000103
41.650000 -0.000286
41.700000 -0.000121
41.750000 -0.000268
41.800000 -0.000068
41.850000 -0.000183
41.900000 0.000041
41.950000 -0.000060
42.000000 0.000167
42.050000 0.000058
42.100000 0.000267
42.150000 0.000130
42.200000 0.000305
42.250000 0.000129
42.300000 0.000265
42.350000 0.000054
42.400000 0.000161
42.450000 -0.000071
42.500000 0.000026
42.550000 -0.000204
42.600000 -0.000093
42.650000 -0.000298
42.700000 -0.000154
42.750000 -0.000320
42.800000 -0.000135
42.850000 -0.000260
42.900000 -0.000040
42.950000 -0.000138
43.000000 0.000099
43.050000 0.000007
43.100000 0.000237
43.150000 0.000125
43.200000 0.000325
43.250000 0.000176
43.300000 0.000333
43.350000 0.000141
43.400000 0.000256
43.450000 0.000029
43.500000 0.000118
43.550000 -0.000124
43.600000 -0.000036
43.650000 -0.000266
43.700000 -0.000155
43.750000 -0.000351
43.800000 -0.000198
43.850000 -0.000348
43.900000 -0.000150
43.950000 -0.000256
44.000000 -0.000023
44.050000 -0.000105
44.100000 0.000140
44.150000 0.000057
44.200000 0.000286
44.250000 0.000175
44.300000 0.000366
44.350000 0.000209
44.400000 0.000350
44.450000 0.000145
44.500000 0.000240
44.550000 0.000001
44.600000 0.000072
44.650000 -0.000176
44.700000 -0.000097
44.750000 -0.000320
44.800000 -0.000201
44.850000 -0.000368
44.900000 -0.000181
44.950000 -0.000270
