-30.000000 -0.001812
-29.950000 -0.001582
-29.900000 -0.003150
-29.850000 -0.002669
-29.800000 -0.003972
-29.750000 -0.003219
-29.700000 -0.004241
-29.650000 -0.003211
-29.600000 -0.003959
-29.550000 -0.002673
-29.500000 -0.003184
-29.450000 -0.001695
-29.400000 -0.002034
-29.350000 -0.000421
-29.300000 -0.000679
-29.250000 0.000963
-29.200000 0.000687
-29.150000 0.002256
-29.100000 0.001864
-29.050000 0.003271
-29.000000 0.002684
-28.950000 0.003862
-28.900000 0.003030
-28.850000 0.003946
-28.800000 0.002853
-28.750000 0.003510
-28.700000 0.002177
-28.650000 0.002615
-28.600000 0.001098
-28.550000 0.001386
-28.500000 -0.000234
-28.450000 -0.000005
-28.400000 -0.001629
-28.350000 -0.001359
-28.300000 -0.002889
-28.250000 -0.002480
-28.200000 -0.003825
-28.150000 -0.003200
-28.100000 -0.004296
-28.050000 -0.003405
-28.000000 -0.004221
-27.950000 -0.003056
-27.900000 -0.003603
-27.850000 -0.002193
-27.800000 -0.002521
-27.750000 -0.000933
-27.700000 -0.001124
-27.650000 0.000548
-27.600000 0.000392
-27.550000 0.002039
-27.500000 0.001811
-27.450000 0.003332
-27.400000 0.002934
-27.350000 0.004242
-27.300000 0.003603
-27.250000 0.004641
-27.200000 0.003721
-27.150000 0.004468
-27.100000 0.003267
-27.050000 0.003741
-27.000000 0.002293
-26.950000 0.002549
-26.900000 0.000925
-26.850000 0.001045
-26.800000 -0.000660
-26.750000 -0.000573
-26.700000 -0.002252
-26.650000 -0.002088
-26.600000 -0.003632
-26.550000 -0.003290
-26.500000 -0.004609
-26.450000 -0.004009
-26.400000 -0.005038
-26.350000 -0.004136
-26.300000 -0.004851
-26.250000 -0.003644
-26.200000 -0.004064
-26.150000 -0.002590
-26.100000 -0.002775
-26.050000 -0.001112
-26.000000 -0.001151
-25.950000 0.000598
-25.900000 0.000593
-25.850000 0.002315
-25.800000 0.002230
-25.750000 0.003813
-25.700000 0.003544
-25.650000 0.004895
-25.600000 0.004363
-25.550000 0.005418
-25.500000 0.004576
-25.450000 0.005308
-25.400000 0.004148
-25.350000 0.004568
-25.300000 0.003121
-25.250000 0.003280
-25.200000 0.001615
-25.150000 0.001598
-25.100000 -0.000187
-25.050000 -0.000273
-25.000000 -0.002062
-24.950000 -0.002096
-24.900000 -0.003769
-24.850000 -0.003636
-24.800000 -0.005085
-24.750000 -0.004688
-24.700000 -0.005833
-24.650000 -0.005110
-24.600000 -0.005909
-24.550000 -0.004839
-24.500000 -0.005293
-24.450000 -0.003902
-24.400000 -0.004057
-24.350000 -0.002409
-24.300000 -0.002348
-24.250000 -0.000541
-24.200000 -0.000373
-24.150000 0.001477
-24.100000 0.001631
-24.050000 0.003401
-24.000000 0.003422
-23.950000 0.005000
-23.900000 0.004784
-23.850000 0.006077
-23.800000 0.005546
-23.750000 0.006494
-23.700000 0.005607
-23.650000 0.006188
-23.600000 0.004945
-23.550000 0.005180
-23.500000 0.003623
-23.450000 0.003576
-23.400000 0.001786
-23.350000 0.001555
-23.300000 -0.000355
-23.250000 -0.000647
-23.200000 -0.002548
-23.150000 -0.002770
-23.100000 -0.004530
-23.050000 -0.004556
-23.000000 -0.006061
-22.950000 -0.005790
-22.900000 -0.006955
-22.850000 -0.006321
-22.800000 -0.007100
-22.750000 -0.006079
-22.700000 -0.006472
-22.650000 -0.005086
-22.600000 -0.005136
-22.550000 -0.003448
-22.500000 -0.003234
-22.450000 -0.001340
-22.400000 -0.000972
-22.350000 0.001008
-22.300000 0.001402
-22.250000 0.003337
-22.200000 0.003626
-22.150000 0.005388
-22.100000 0.005449
-22.050000 0.006924
-22.000000 0.006658
-21.950000 0.007763
-21.900000 0.007105
-21.850000 0.007795
-21.800000 0.006723
-21.750000 0.007001
-21.700000 0.005540
-21.650000 0.005454
-21.600000 0.003674
-21.550000 0.003314
-21.500000 0.001324
-21.450000 0.000811
-21.400000 -0.001258
-21.350000 -0.001785
-21.300000 -0.003792
-21.250000 -0.004194
-21.200000 -0.006005
-21.150000 -0.006156
-21.100000 -0.007657
-21.050000 -0.007458
-21.000000 -0.008567
-20.950000 -0.007955
-20.900000 -0.008629
-20.850000 -0.007582
-20.800000 -0.007822
-20.750000 -0.006364
-20.700000 -0.006215
-20.650000 -0.004411
-20.600000 -0.003957
-20.550000 -0.001910
-20.500000 -0.001271
-20.450000 0.000888
-20.400000 0.001573
-20.350000 0.003697
-20.300000 0.004279
-20.250000 0.006223
-20.200000 0.006563
-20.150000 0.008198
-20.100000 0.008181
-20.050000 0.009409
-20.000000 0.008957
-19.950000 0.009721
-19.900000 0.008802
-19.850000 0.009095
-19.800000 0.007723
-19.750000 0.007581
-19.700000 0.005816
-19.650000 0.005320
-19.600000 0.003260
-19.550000 0.002524
-19.500000 0.000296
-19.450000 -0.000545
-19.400000 -0.002797
-19.350000 -0.003594
-19.300000 -0.005722
-19.250000 -0.006330
-19.200000 -0.008195
-19.150000 -0.008482
-19.100000 -0.009966
-19.050000 -0.009830
-19.000000 -0.010847
-18.950000 -0.010224
-18.900000 -0.010733
-18.850000 -0.009606
-18.800000 -0.009614
-18.750000 -0.008015
-18.700000 -0.007581
-18.650000 -0.005591
-18.600000 -0.004814
-18.550000 -0.002553
-18.500000 -0.001569
-18.450000 0.000817
-18.400000 0.001854
-18.350000 0.004208
-18.300000 0.005139
-18.250000 0.007306
-18.200000 0.007987
-18.150000 0.009830
-18.100000 0.010134
-18.050000 0.011544
-18.000000 0.011381
-17.950000 0.012286
-17.900000 0.011603
-17.850000 0.011973
-17.800000 0.010762
-17.750000 0.010611
-17.700000 0.008911
-17.650000 0.008298
-17.600000 0.006189
-17.550000 0.005216
-17.500000 0.002818
-17.450000 0.001622
-17.400000 -0.000915
-17.350000 -0.002175
-17.300000 -0.004685
-17.250000 -0.005841
-17.200000 -0.008158
-17.150000 -0.009049
-17.100000 -0.011023
-17.050000 -0.011512
-17.000000 -0.013020
-16.950000 -0.013005
-16.900000 -0.013968
-16.850000 -0.013391
-16.800000 -0.013774
-16.750000 -0.012625
-16.700000 -0.012442
-16.650000 -0.010758
-16.600000 -0.010068
-16.550000 -0.007928
-16.500000 -0.006829
-16.450000 -0.004351
-16.400000 -0.002976
-16.350000 -0.000304
-16.300000 0.001191
-16.250000 0.003893
-16.200000 0.005339
-16.150000 0.007902
-16.100000 0.009133
-16.050000 0.011393
-16.000000 0.012256
-15.950000 0.014073
-15.900000 0.014441
-15.850000 0.015709
-15.800000 0.015498
-15.750000 0.016153
-15.700000 0.015322
-15.650000 0.015351
-15.600000 0.013913
-15.550000 0.013351
-15.500000 0.011365
-15.450000 0.010294
-15.400000 0.007860
-15.350000 0.006399
-15.300000 0.003653
-15.250000 0.001949
-15.200000 -0.000951
-15.150000 -0.002732
-15.100000 -0.005617
-15.050000 -0.007304
-15.000000 -0.010000
-14.950000 -0.011424
-14.900000 -0.013771
-14.850000 -0.014777
-14.800000 -0.016633
-14.750000 -0.017096
-14.700000 -0.018352
-14.650000 -0.018184
-14.600000 -0.018774
-14.550000 -0.017932
-14.500000 -0.017839
-14.450000 -0.016334
-14.400000 -0.015594
-14.350000 -0.013486
-14.300000 -0.012184
-14.250000 -0.009579
-14.200000 -0.007841
-14.150000 -0.004883
-14.100000 -0.002866
-14.050000 0.000278
-14.000000 0.002400
-13.950000 0.005551
-13.900000 0.007598
-13.850000 0.010579
-13.800000 0.012378
-13.750000 0.015022
-13.700000 0.016415
-13.650000 0.018576
-13.600000 0.019431
-13.550000 0.020992
-13.500000 0.021209
-13.450000 0.022087
-13.400000 0.021603
-13.350000 0.021759
-13.300000 0.020558
-13.250000 0.019998
-13.200000 0.018108
-13.150000 0.016886
-13.100000 0.014387
-13.050000 0.012603
-13.000000 0.009614
-12.950000 0.007406
-12.900000 0.004081
-12.850000 0.001617
-12.800000 -0.001865
-12.750000 -0.004401
-12.700000 -0.007854
-12.650000 -0.010274
-12.600000 -0.013511
-12.550000 -0.015636
-12.500000 -0.018485
-12.450000 -0.020150
-12.400000 -0.022461
-12.350000 -0.023530
-12.300000 -0.025179
-12.250000 -0.025548
-12.200000 -0.026452
-12.150000 -0.026055
-12.100000 -0.026170
-12.050000 -0.024988
-12.000000 -0.024317
-11.950000 -0.022375
-11.900000 -0.020968
-11.850000 -0.018342
-11.800000 -0.016297
-11.750000 -0.013105
-11.700000 -0.010559
-11.650000 -0.006954
-11.600000 -0.004076
-11.550000 -0.000239
-11.500000 0.002784
-11.450000 0.006662
-11.400000 0.009637
-11.350000 0.013364
-11.300000 0.016104
-11.250000 0.019500
-11.200000 0.021834
-11.150000 0.024738
-11.100000 0.026517
-11.050000 0.028795
-11.000000 0.029897
-10.950000 0.031442
-10.900000 0.031779
-10.850000 0.032519
-10.800000 0.032036
-10.750000 0.031936
-10.700000 0.030618
-10.650000 0.029684
-10.600000 0.027560
-10.550000 0.025840
-10.500000 0.022978
-10.450000 0.020563
-10.400000 0.017074
-10.350000 0.014094
-10.300000 0.010123
-10.250000 0.006736
-10.200000 0.002455
-10.150000 -0.001156
-10.100000 -0.005559
-10.050000 -0.009202
-10.000000 -0.013532
-9.950000 -0.017015
-9.900000 -0.021082
-9.850000 -0.024218
-9.800000 -0.027842
-9.750000 -0.030461
-9.700000 -0.033483
-9.650000 -0.035435
-9.600000 -0.037717
-9.550000 -0.038881
-9.500000 -0.040318
-9.450000 -0.040604
-9.400000 -0.041126
-9.350000 -0.040484
-9.300000 -0.040062
-9.250000 -0.038486
-9.200000 -0.037137
-9.150000 -0.034668
-9.100000 -0.032454
-9.050000 -0.029175
-9.000000 -0.026201
-8.950000 -0.022236
-8.900000 -0.018641
-8.850000 -0.014142
-8.800000 -0.010091
-8.750000 -0.005231
-8.700000 -0.000903
-8.650000 0.004134
-8.600000 0.008555
-8.550000 0.013584
-8.500000 0.017914
-8.450000 0.022754
-8.400000 0.026816
-8.350000 0.031295
-8.300000 0.034923
-8.250000 0.038882
-8.200000 0.041923
-8.150000 0.045220
-8.100000 0.047543
-8.050000 0.050055
-8.000000 0.051550
-7.950000 0.053184
-7.900000 0.053772
-7.850000 0.054463
-7.800000 0.054096
-7.750000 0.053816
-7.700000 0.052484
-7.650000 0.051237
-7.600000 0.048962
-7.550000 0.046788
-7.500000 0.043625
-7.450000 0.040592
-7.400000 0.036621
-7.350000 0.032821
-7.300000 0.028145
-7.250000 0.023693
-7.200000 0.018437
-7.150000 0.013464
-7.100000 0.007767
-7.050000 0.002423
-7.000000 -0.003556
-6.950000 -0.009105
-6.900000 -0.015194
-6.850000 -0.020770
-6.800000 -0.026785
-6.750000 -0.032201
-6.700000 -0.037954
-6.650000 -0.043022
-6.600000 -0.048328
-6.550000 -0.052869
-6.500000 -0.057556
-6.450000 -0.061407
-6.400000 -0.065323
-6.350000 -0.068344
-6.300000 -0.071365
-6.250000 -0.073448
-6.200000 -0.075478
-6.150000 -0.076543
-6.100000 -0.077520
-6.050000 -0.077518
-6.000000 -0.077409
-5.950000 -0.076323
-5.900000 -0.075123
-5.850000 -0.072962
-5.800000 -0.070696
-5.750000 -0.067499
-5.700000 -0.064219
-5.650000 -0.060053
-5.600000 -0.055839
-5.550000 -0.050797
-5.500000 -0.045756
-5.450000 -0.039956
-5.400000 -0.034217
-5.350000 -0.027798
-5.300000 -0.021505
-5.250000 -0.014616
-5.200000 -0.007921
-5.150000 -0.000714
-5.100000 0.006231
-5.050000 0.013608
-5.000000 0.020660
-4.950000 0.028068
-4.900000 0.035094
-4.850000 0.042407
-4.800000 0.049287
-4.750000 0.056391
-4.700000 0.063017
-4.650000 0.069809
-4.600000 0.076083
-4.550000 0.082470
-4.500000 0.088304
-4.450000 0.094202
-4.400000 0.099517
-4.350000 0.104853
-4.300000 0.109581
-4.250000 0.114296
-4.200000 0.118383
-4.150000 0.122428
-4.100000 0.125837
-4.050000 0.129181
-4.000000 0.131886
-3.950000 0.134511
-3.900000 0.136500
-3.850000 0.138397
-3.800000 0.139662
-3.750000 0.140827
-3.700000 0.141366
-3.650000 0.141795
-3.600000 0.141602
-3.550000 0.141287
-3.500000 0.140353
-3.450000 0.139283
-3.400000 0.137596
-3.350000 0.135760
-3.300000 0.133308
-3.250000 0.130692
-3.200000 0.127462
-3.150000 0.124055
-3.100000 0.120036
-3.050000 0.115828
-3.000000 0.111010
-2.950000 0.105990
-2.900000 0.100359
-2.850000 0.094510
-2.800000 0.088048
-2.750000 0.081346
-2.700000 0.074023
-2.650000 0.066434
-2.600000 0.058211
-2.550000 0.049691
-2.500000 0.040519
-2.450000 0.031016
-2.400000 0.020841
-2.350000 0.010300
-2.300000 -0.000933
-2.250000 -0.012566
-2.200000 -0.024908
-2.150000 -0.037680
-2.100000 -0.051176
-2.050000 -0.065129
-2.000000 -0.079813
-1.950000 -0.094977
-1.900000 -0.110875
-1.850000 -0.127269
-1.800000 -0.144397
-1.750000 -0.162029
-1.700000 -0.180385
-1.650000 -0.199245
-1.600000 -0.218807
-1.550000 -0.238859
-1.500000 -0.259573
-1.450000 -0.280743
-1.400000 -0.302514
-1.350000 -0.324682
-1.300000 -0.347361
-1.250000 -0.370348
-1.200000 -0.393726
-1.150000 -0.417290
-1.100000 -0.441094
-1.050000 -0.464931
-1.000000 -0.488824
-0.950000 -0.512569
-0.900000 -0.536160
-0.850000 -0.559395
-0.800000 -0.582244
-0.750000 -0.604513
-0.700000 -0.626148
-0.650000 -0.646968
-0.600000 -0.666901
-0.550000 -0.685780
-0.500000 -0.703522
-0.450000 -0.719980
-0.400000 -0.735066
-0.350000 -0.748660
-0.300000 -0.760671
-0.250000 -0.771014
-0.200000 -0.779606
-0.150000 -0.786402
-0.100000 -0.791330
-0.050000 -0.794390
0.000000 -0.795529
0.050000 -0.794795
0.100000 -0.792152
0.150000 -0.787699
0.200000 -0.781418
0.250000 -0.773452
0.300000 -0.763797
0.350000 -0.752636
0.400000 -0.739972
0.450000 -0.726023
0.500000 -0.710789
0.550000 -0.694514
0.600000 -0.677190
0.650000 -0.659082
0.700000 -0.640165
0.750000 -0.620718
0.800000 -0.600696
0.850000 -0.580386
0.900000 -0.559721
0.950000 -0.538993
1.000000 -0.518109
1.050000 -0.497365
1.100000 -0.476638
1.150000 -0.456228
1.200000 -0.435980
1.250000 -0.416196
1.300000 -0.396692
1.350000 -0.377766
1.400000 -0.359206
1.450000 -0.341312
1.500000 -0.323838
1.550000 -0.307086
1.600000 -0.290783
1.650000 -0.275234
1.700000 -0.260139
1.750000 -0.245810
1.800000 -0.231925
1.850000 -0.218803
1.900000 -0.206101
1.950000 -0.194151
2.000000 -0.182592
2.050000 -0.171769
2.100000 -0.161304
2.150000 -0.151555
2.200000 -0.142128
2.250000 -0.133396
2.300000 -0.124946
2.350000 -0.117167
2.400000 -0.109628
2.450000 -0.102730
2.500000 -0.096028
2.550000 -0.089937
2.600000 -0.083993
2.650000 -0.078627
2.700000 -0.073361
2.750000 -0.068643
2.800000 -0.063979
2.850000 -0.059834
2.900000 -0.055702
2.950000 -0.052067
3.000000 -0.048409
3.050000 -0.045231
3.100000 -0.042001
3.150000 -0.039240
3.200000 -0.036400
3.250000 -0.034020
3.300000 -0.031539
3.350000 -0.029511
3.400000 -0.027358
3.450000 -0.025649
3.500000 -0.023793
3.550000 -0.022373
3.600000 -0.020780
3.650000 -0.019615
3.700000 -0.018256
3.750000 -0.017320
3.800000 -0.016171
3.850000 -0.015446
3.900000 -0.014496
3.950000 -0.013978
4.000000 -0.013233
4.050000 -0.012936
4.100000 -0.012416
4.150000 -0.012372
4.200000 -0.012119
4.250000 -0.012375
4.300000 -0.012447
4.350000 -0.013072
4.400000 -0.013546
4.450000 -0.014629
4.500000 -0.015609
4.550000 -0.017271
4.600000 -0.018899
4.650000 -0.021309
4.700000 -0.023785
4.750000 -0.027180
4.800000 -0.030786
4.850000 -0.035501
4.900000 -0.040636
4.950000 -0.047142
5.000000 -0.054360
5.050000 -0.063310
5.100000 -0.073375
5.150000 -0.085660
5.200000 -0.099612
5.250000 -0.116438
5.300000 -0.135671
5.350000 -0.158651
5.400000 -0.185026
5.450000 -0.216299
5.500000 -0.252267
5.550000 -0.294633
5.600000 -0.343380
5.650000 -0.400445
5.700000 -0.466026
5.750000 -0.542312
5.800000 -0.629721
5.850000 -0.730674
5.900000 -0.845755
5.950000 -0.977520
6.000000 -1.126555
6.050000 -1.295316
6.100000 -1.484062
6.150000 -1.694700
6.200000 -1.926598
6.250000 -2.180422
6.300000 -2.453841
6.350000 -2.745401
6.400000 -3.050174
6.450000 -3.363786
6.500000 -3.678146
6.550000 -3.985781
6.600000 -4.275837
6.650000 -4.538858
6.700000 -4.763120
6.750000 -4.939819
6.800000 -5.059529
6.850000 -5.117447
6.900000 -5.109527
6.950000 -5.037296
7.000000 -4.903275
7.050000 -4.715160
7.100000 -4.480556
7.150000 -4.210779
7.200000 -3.915328
7.250000 -3.605793
7.300000 -3.290505
7.350000 -2.978858
7.400000 -2.676301
7.450000 -2.389102
7.500000 -2.119581
7.550000 -1.871159
7.600000 -1.643669
7.650000 -1.438517
7.700000 -1.253944
7.750000 -1.090213
7.800000 -0.944752
7.850000 -0.817339
7.900000 -0.705123
7.950000 -0.607814
8.000000 -0.522589
8.050000 -0.449305
8.100000 -0.385312
8.150000 -0.330699
8.200000 -0.283035
8.250000 -0.242660
8.300000 -0.207354
8.350000 -0.177685
8.400000 -0.151618
8.450000 -0.129918
8.500000 -0.110698
8.550000 -0.094885
8.600000 -0.080709
8.650000 -0.069225
8.700000 -0.058751
8.750000 -0.050445
8.800000 -0.042686
8.850000 -0.036716
8.900000 -0.030952
8.950000 -0.026701
9.000000 -0.022406
9.050000 -0.019424
9.100000 -0.016212
9.150000 -0.014165
9.200000 -0.011746
9.250000 -0.010383
9.300000 -0.008539
9.350000 -0.007668
9.400000 -0.006230
9.450000 -0.005706
9.500000 -0.004549
9.550000 -0.004264
9.600000 -0.003299
9.650000 -0.003180
9.700000 -0.002346
9.750000 -0.002345
9.800000 -0.001609
9.850000 -0.001701
9.900000 -0.001043
9.950000 -0.001216
10.000000 -0.000628
10.050000 -0.000875
10.100000 -0.000349
10.150000 -0.000662
10.200000 -0.000188
10.250000 -0.000553
10.300000 -0.000117
10.350000 -0.000517
10.400000 -0.000098
10.450000 -0.000513
10.500000 -0.000093
10.550000 -0.000505
10.600000 -0.000068
10.650000 -0.000467
10.700000 -0.000008
10.750000 -0.000393
10.800000 0.000085
10.850000 -0.000293
10.900000 0.000192
10.950000 -0.000193
11.000000 0.000284
11.050000 -0.000122
11.100000 0.000335
11.150000 -0.000101
11.200000 0.000333
11.250000 -0.000133
11.300000 0.000281
11.350000 -0.000206
11.400000 0.000201
11.450000 -0.000292
11.500000 0.000124
11.550000 -0.000360
11.600000 0.000078
11.650000 -0.000385
11.700000 0.000083
11.750000 -0.000358
11.800000 0.000137
11.850000 -0.000288
11.900000 0.000224
11.950000 -0.000199
12.000000 0.000315
12.050000 -0.000122
12.100000 0.000378
12.150000 -0.000084
12.200000 0.000393
12.250000 -0.000100
12.300000 0.000353
12.350000 -0.000166
12.400000 0.000273
12.450000 -0.000260
12.500000 0.000181
12.550000 -0.000349
12.600000 0.000109
12.650000 -0.000404
12.700000 0.000083
12.750000 -0.000404
12.800000 0.000115
12.850000 -0.000350
12.900000 0.000193
12.950000 -0.000260
13.000000 0.000293
13.050000 -0.000166
13.100000 0.000380
13.150000 -0.000101
13.200000 0.000424
13.250000 -0.000089
13.300000 0.000410
13.350000 -0.000134
13.400000 0.000344
13.450000 -0.000222
13.500000 0.000248
13.550000 -0.000324
13.600000 0.000155
13.650000 -0.000406
13.700000 0.000097
13.750000 -0.000440
13.800000 0.000095
13.850000 -0.000415
13.900000 0.000151
13.950000 -0.000339
14.000000 0.000247
14.050000 -0.000238
14.100000 0.000352
14.150000 -0.000145
14.200000 0.000431
14.250000 -0.000093
14.300000 0.000457
14.350000 -0.000101
14.400000 0.000421
14.450000 -0.000168
14.500000 0.000334
14.550000 -0.000273
14.600000 0.000226
14.650000 -0.000381
14.700000 0.000134
14.750000 -0.000455
14.800000 0.000090
14.850000 -0.000471
14.900000 0.000110
14.950000 -0.000423
15.000000 0.000187
15.050000 -0.000328
15.100000 0.000298
15.150000 -0.000217
15.200000 0.000405
15.250000 -0.000128
15.300000 0.000474
15.350000 -0.000091
15.400000 0.000483
15.450000 -0.000118
15.500000 0.000427
15.550000 -0.000203
15.600000 0.000326
15.650000 -0.000318
15.700000 0.000212
15.750000 -0.000427
15.800000 0.000123
15.850000 -0.000494
15.900000 0.000089
15.950000 -0.000497
16.000000 0.000123
16.050000 -0.000434
16.100000 0.000216
16.150000 -0.000325
16.200000 0.000338
16.250000 -0.000206
16.300000 0.000450
16.350000 -0.000117
16.400000 0.000515
16.450000 -0.000087
16.500000 0.000511
16.550000 -0.000129
16.600000 0.000440
16.650000 -0.000229
16.700000 0.000325
16.750000 -0.000356
16.800000 0.000203
16.850000 -0.000469
16.900000 0.000114
16.950000 -0.000531
17.000000 0.000088
17.050000 -0.000524
17.100000 0.000133
17.150000 -0.000449
17.200000 0.000238
17.250000 -0.000329
17.300000 0.000368
17.350000 -0.000204
17.400000 0.000484
17.450000 -0.000112
17.500000 0.000549
17.550000 -0.000085
17.600000 0.000541
17.650000 -0.000133
17.700000 0.000463
17.750000 -0.000241
17.800000 0.000337
17.850000 -0.000378
17.900000 0.000205
17.950000 -0.000500
18.000000 0.000109
18.050000 -0.000568
18.100000 0.000081
18.150000 -0.000559
18.200000 0.000131
18.250000 -0.000477
18.300000 0.000244
18.350000 -0.000346
18.400000 0.000386
18.450000 -0.000209
18.500000 0.000512
18.550000 -0.000109
18.600000 0.000583
18.650000 -0.000078
18.700000 0.000576
18.750000 -0.000127
18.800000 0.000494
18.850000 -0.000242
18.900000 0.000362
18.950000 -0.000387
19.000000 0.000220
19.050000 -0.000519
19.100000 0.000112
19.150000 -0.000598
19.200000 0.000074
19.250000 -0.000598
19.300000 0.000118
19.350000 -0.000519
19.400000 0.000232
19.450000 -0.000383
19.500000 0.000383
19.550000 -0.000233
19.600000 0.000525
19.650000 -0.000115
19.700000 0.000614
19.750000 -0.000067
19.800000 0.000622
19.850000 -0.000106
19.900000 0.000545
19.950000 -0.000220
20.000000 0.000406
20.050000 -0.000377
20.100000 0.000249
20.150000 -0.000527
20.200000 0.000122
20.250000 -0.000626
20.300000 0.000064
20.350000 -0.000643
20.400000 0.000094
20.450000 -0.000573
20.500000 0.000203
20.550000 -0.000437
20.600000 0.000361
20.650000 -0.000275
20.700000 0.000520
20.750000 -0.000136
20.800000 0.000633
20.850000 -0.000062
20.900000 0.000666
20.950000 -0.000077
21.000000 0.000608
21.050000 -0.000178
21.100000 0.000476
21.150000 -0.000337
21.200000 0.000307
21.250000 -0.000507
21.300000 0.000153
21.350000 -0.000638
21.400000 0.000060
21.450000 -0.000690
21.500000 0.000058
21.550000 -0.000646
21.600000 0.000150
21.650000 -0.000518
21.700000 0.000309
21.750000 -0.000344
21.800000 0.000488
21.850000 -0.000177
21.900000 0.000636
21.950000 -0.000066
22.000000 0.000707
22.050000 -0.000044
22.100000 0.000681
22.150000 -0.000120
22.200000 0.000565
22.250000 -0.000272
22.300000 0.000393
22.350000 -0.000456
22.400000 0.000214
22.450000 -0.000621
22.500000 0.000080
22.550000 -0.000718
22.600000 0.000032
22.650000 -0.000719
22.700000 0.000084
22.750000 -0.000621
22.800000 0.000224
22.850000 -0.000453
22.900000 0.000413
22.950000 -0.000261
23.000000 0.000598
23.050000 -0.000102
23.100000 0.000724
23.150000 -0.000023
23.200000 0.000754
23.250000 -0.000048
23.300000 0.000678
23.350000 -0.000173
23.400000 0.000517
23.450000 -0.000363
23.500000 0.000317
23.550000 -0.000563
23.600000 0.000136
23.650000 -0.000716
23.700000 0.000026
23.750000 -0.000779
23.800000 0.000020
23.850000 -0.000732
23.900000 0.000120
23.950000 -0.000590
24.000000 0.000299
24.050000 -0.000391
24.100000 0.000508
24.150000 -0.000190
24.200000 0.000689
24.250000 -0.000046
24.300000 0.000792
24.350000 0.000002
24.400000 0.000785
24.450000 -0.000062
24.500000 0.000671
24.550000 -0.000223
24.600000 0.000478
24.650000 -0.000438
24.700000 0.000261
24.750000 -0.000647
24.800000 0.000079
24.850000 -0.000791
24.900000 -0.000014
24.950000 -0.000830
25.000000 0.000010
25.050000 -0.000750
25.100000 0.000145
25.150000 -0.000573
25.200000 0.000356
25.250000 -0.000347
25.300000 0.000584
25.350000 -0.000136
25.400000 0.000766
25.450000 0.000001
25.500000 0.000853
25.550000 0.000027
25.600000 0.000820
25.650000 -0.000067
25.700000 0.000674
25.750000 -0.000257
25.800000 0.000456
25.850000 -0.000493
25.900000 0.000223
25.950000 -0.000711
26.000000 0.000039
26.050000 -0.000853
26.100000 -0.000046
26.150000 -0.000878
26.200000 -0.000007
26.250000 -0.000779
26.300000 0.000149
26.350000 -0.000580
26.400000 0.000382
26.450000 -0.000334
26.500000 0.000629
26.550000 -0.000106
26.600000 0.000824
26.650000 0.000040
26.700000 0.000914
26.750000 0.000062
26.800000 0.000872
26.850000 -0.000046
26.900000 0.000708
26.950000 -0.000257
27.000000 0.000466
27.050000 -0.000517
27.100000 0.000210
27.150000 -0.000755
27.200000 0.000009
27.250000 -0.000909
27.300000 -0.000084
27.350000 -0.000938
27.400000 -0.000043
27.450000 -0.000832
27.500000 0.000123
27.550000 -0.000620
27.600000 0.000372
27.650000 -0.000354
27.700000 0.000641
27.750000 -0.000103
27.800000 0.000859
27.850000 0.000065
27.900000 0.000970
27.950000 0.000107
28.000000 0.000942
28.050000 0.000007
28.100000 0.000780
28.150000 -0.000211
28.200000 0.000524
28.250000 -0.000491
28.300000 0.000240
28.350000 -0.000762
28.400000 0.000003
28.450000 -0.000952
28.500000 -0.000124
28.550000 -0.001011
28.600000 -0.000107
28.650000 -0.000922
28.700000 0.000052
28.750000 -0.000707
28.800000 0.000312
28.850000 -0.000420
28.900000 0.000609
28.950000 -0.000135
29.000000 0.000867
29.050000 0.000076
29.100000 0.001020
29.150000 0.000158
29.200000 0.001028
29.250000 0.000089
29.300000 0.000889
29.350000 -0.000116
29.400000 0.000634
29.450000 -0.000407
29.500000 0.000327
29.550000 -0.000714
29.600000 0.000043
29.650000 -0.000958
29.700000 -0.000144
29.750000 -0.001078
29.800000 -0.000185
29.850000 -0.001040
29.900000 -0.000067
29.950000 -0.000851
30.000000 0.000183
30.050000 -0.000558
30.100000 0.000504
30.150000 -0.000232
30.200000 0.000817
30.250000 0.000044
30.300000 0.001041
30.350000 0.000201
30.400000 0.001121
30.450000 0.000197
30.500000 0.001036
30.550000 0.000033
30.600000 0.000805
30.650000 -0.000253
30.700000 0.000485
30.750000 -0.000591
30.800000 0.000151
30.850000 -0.000901
30.900000 -0.000113
30.950000 -0.001106
31.000000 -0.000244
31.050000 -0.001156
31.100000 -0.000207
31.150000 -0.001036
31.200000 -0.000009
31.250000 -0.000772
31.300000 0.000307
31.350000 -0.000425
31.400000 0.000666
31.450000 -0.000079
31.500000 0.000980
31.550000 0.000181
31.600000 0.001172
31.650000 0.000291
31.700000 0.001194
31.750000 0.000221
31.800000 0.001038
31.850000 -0.000014
31.900000 0.000739
31.950000 -0.000360
32.000000 0.000368
32.050000 -0.000735
32.100000 0.000014
32.150000 -0.001048
32.200000 -0.000238
32.250000 -0.001226
32.300000 -0.000328
32.350000 -0.001225
32.400000 -0.000234
32.450000 -0.001043
32.500000 0.000026
32.550000 -0.000722
32.600000 0.000392
32.650000 -0.000334
32.700000 0.000780
32.750000 0.000031
32.800000 0.001102
32.850000 0.000288
32.900000 0.001279
32.950000 0.000374
33.000000 0.001269
33.050000 0.000265
33.100000 0.001069
33.150000 -0.000016
33.200000 0.000723
33.250000 -0.000407
33.300000 0.000310
33.350000 -0.000819
33.400000 -0.000074
33.450000 -0.001154
33.500000 -0.000339
33.550000 -0.001334
33.600000 -0.000422
33.650000 -0.001316
33.700000 -0.000302
33.750000 -0.001101
33.800000 -0.000003
33.850000 -0.000737
33.900000 0.000406
33.950000 -0.000307
34.000000 0.000834
34.050000 0.000094
34.100000 0.001185
34.150000 0.000374
34.200000 0.001380
34.250000 0.000470
34.300000 0.001371
34.350000 0.000357
34.400000 0.001159
34.450000 0.000056
34.500000 0.000786
34.550000 -0.000369
34.600000 0.000334
34.650000 -0.000824
34.700000 -0.000098
34.750000 -0.001208
34.800000 -0.000411
34.850000 -0.001432
34.900000 -0.000532
34.950000 -0.001443
35.000000 -0.000431
35.050000 -0.001236
35.100000 -0.000128
35.150000 -0.000853
35.200000 0.000313
35.250000 -0.000379
35.300000 0.000795
35.350000 0.000082
35.400000 0.001211
35.450000 0.000429
35.500000 0.001469
35.550000 0.000584
35.600000 0.001512
35.650000 0.000512
35.700000 0.001329
35.750000 0.000226
35.800000 0.000955
35.850000 -0.000215
35.900000 0.000470
35.950000 -0.000719
36.000000 -0.000025
36.050000 -0.001178
36.100000 -0.000423
36.150000 -0.001493
36.200000 -0.000637
36.250000 -0.001593
36.300000 -0.000616
36.350000 -0.001451
36.400000 -0.000360
36.450000 -0.001094
36.500000 0.000080
36.550000 -0.000595
36.600000 0.000611
36.650000 -0.000061
36.700000 0.001120
36.750000 0.000396
36.800000 0.001498
36.850000 0.000674
36.900000 0.001662
36.950000 0.000715
37.000000 0.001576
37.050000 0.000506
37.100000 0.001254
37.150000 0.000089
37.200000 0.000764
37.250000 -0.000450
37.300000 0.000203
37.350000 -0.001002
37.400000 -0.000311
37.450000 -0.001452
37.500000 -0.000673
37.550000 -0.001706
37.600000 -0.000805
37.650000 -0.001708
37.700000 -0.000676
37.750000 -0.001453
37.800000 -0.000307
37.850000 -0.000988
37.900000 0.000229
37.950000 -0.000407
38.000000 0.000826
38.050000 0.000174
38.100000 0.001360
38.150000 0.000634
38.200000 0.001719
38.250000 0.000874
38.300000 0.001827
38.350000 0.000844
38.400000 0.001658
38.450000 0.000545
38.500000 0.001244
38.550000 0.000036
38.600000 0.000665
38.650000 -0.000582
38.700000 0.000038
38.750000 -0.001186
38.800000 -0.000512
38.850000 -0.001655
38.900000 -0.000876
38.950000 -0.001894
39.000000 -0.000979
39.050000 -0.001853
39.100000 -0.000796
39.150000 -0.001536
39.200000 -0.000360
39.250000 -0.001000
39.300000 0.000249
39.350000 -0.000347
39.400000 0.000913
39.450000 0.000296
39.500000 0.001502
39.550000 0.000802
39.600000 0.001897
39.650000 0.001067
39.700000 0.002017
39.750000 0.001035
39.800000 0.001833
39.850000 0.000707
39.900000 0.001376
39.950000 0.000144
40.000000 0.000733
40.050000 -0.000547
40.100000 0.000027
40.150000 -0.001232
40.200000 -0.000605
40.250000 -0.001778
40.300000 -0.001041
40.350000 -0.002080
40.400000 -0.001195
40.450000 -0.002078
40.500000 -0.001035
40.550000 -0.001767
40.600000 -0.000588
40.650000 -0.001202
40.700000 0.000067
40.750000 -0.000486
40.800000 0.000809
40.850000 0.000249
40.900000 0.001501
40.950000 0.000865
41.000000 0.002010
41.050000 0.001243
41.100000 0.002236
41.150000 0.001307
41.200000 0.002132
41.250000 0.001038
41.300000 0.001709
41.350000 0.000482
41.400000 0.001043
41.450000 -0.000262
41.500000 0.000256
41.550000 -0.001054
41.600000 -0.000507
41.650000 -0.001749
41.700000 -0.001102
41.750000 -0.002215
41.800000 -0.001418
41.850000 -0.002365
41.900000 -0.001395
41.950000 -0.002167
42.000000 -0.001033
42.050000 -0.001655
42.100000 -0.000394
42.150000 -0.000915
42.200000 0.000411
42.250000 -0.000079
42.300000 0.001240
42.350000 0.000706
42.400000 0.001944
42.450000 0.001298
42.500000 0.002393
42.550000 0.001585
42.600000 0.002503
42.650000 0.001511
42.700000 0.002245
42.750000 0.001081
42.800000 0.001659
42.850000 0.000366
42.900000 0.000845
42.950000 -0.000509
43.000000 -0.000054
43.050000 -0.001390
43.100000 -0.000879
43.150000 -0.002119
43.200000 -0.001481
43.250000 -0.002565
43.300000 -0.001752
43.350000 -0.002647
43.400000 -0.001642
43.450000 -0.002348
43.500000 -0.001168
43.550000 -0.001716
43.600000 -0.000408
43.650000 -0.000859
43.700000 0.000508
43.750000 0.000079
43.800000 0.001425
43.850000 0.000935
43.900000 0.002181
43.950000 0.001559
44.000000 0.002642
44.050000 0.001837
44.100000 0.002720
44.150000 0.001711
44.200000 0.002391
44.250000 0.001193
44.300000 0.001704
44.350000 0.000368
44.400000 0.000775
44.450000 -0.000620
44.500000 -0.000229
44.550000 -0.001588
44.600000 -0.001112
44.650000 -0.002336
44.700000 -0.001680
44.750000 -0.002678
44.800000 -0.001761
44.850000 -0.002463
44.900000 -0.001227
44.950000 -0.001588
