-30.000000 -0.000000
-29.950000 -0.000000
-29.900000 -0.000000
-29.850000 0.000000
-29.800000 0.000000
-29.750000 0.000000
-29.700000 0.000000
-29.650000 -0.000000
-29.600000 -0.000000
-29.550000 -0.000000
-29.500000 -0.000000
-29.450000 0.000000
-29.400000 0.000000
-29.350000 0.000000
-29.300000 0.000000
-29.250000 -0.000000
-29.200000 -0.000000
-29.150000 -0.000000
-29.100000 0.000000
-29.050000 0.000000
-29.000000 0.000000
-28.950000 0.000000
-28.900000 0.000000
-28.850000 -0.000000
-28.800000 -0.000000
-28.750000 -0.000000
-28.700000 0.000000
-28.650000 0.000000
-28.600000 0.000000
-28.550000 0.000000
-28.500000 -0.000000
-28.450000 -0.000000
-28.400000 -0.000000
-28.350000 -0.000000
-28.300000 0.000000
-28.250000 0.000000
-28.200000 0.000000
-28.150000 0.000000
-28.100000 -0.000000
-28.050000 -0.000000
-28.000000 -0.000000
-27.950000 -0.000000
-27.900000 0.000000
-27.850000 0.000000
-27.800000 0.000000
-27.750000 0.000000
-27.700000 -0.000000
-27.650000 -0.000000
-27.600000 -0.000000
-27.550000 -0.000000
-27.500000 0.000000
-27.450000 0.000000
-27.400000 0.000000
-27.350000 0.000000
-27.300000 -0.000000
-27.250000 -0.000000
-27.200000 -0.000000
-27.150000 -0.000000
-27.100000 0.000000
-27.050000 0.000000
-27.000000 0.000000
-26.950000 0.000000
-26.900000 -0.000000
-26.850000 -0.000000
-26.800000 -0.000000
-26.750000 -0.000000
-26.700000 0.000000
-26.650000 0.000000
-26.600000 0.000000
-26.550000 0.000000
-26.500000 -0.000000
-26.450000 -0.000000
-26.400000 -0.000000
-26.350000 -0.000000
-26.300000 -0.000000
-26.250000 0.000000
-26.200000 0.000000
-26.150000 0.000000
-26.100000 0.000000
-26.050000 -0.000000
-26.000000 -0.000000
-25.950000 -0.000000
-25.900000 -0.000000
-25.850000 0.000000
-25.800000 0.000000
-25.750000 0.000000
-25.700000 0.000000
-25.650000 -0.000000
-25.600000 -0.000000
-25.550000 -0.000000
-25.500000 -0.000000
-25.450000 0.000000
-25.400000 0.000000
-25.350000 0.000000
-25.300000 0.000000
-25.250000 -0.000000
-25.200000 -0.000000
-25.150000 -0.000000
-25.100000 -0.000000
-25.050000 -0.000000
-25.000000 0.000000
-24.950000 0.000000
-24.900000 0.000000
-24.850000 0.000000
-24.800000 -0.000000
-24.750000 -0.000000
-24.700000 -0.000000
-24.650000 -0.000000
-24.600000 0.000000
-24.550000 0.000000
-24.500000 0.000000
-24.450000 0.000000
-24.400000 0.000000
-24.350000 -0.000000
-24.300000 -0.000000
-24.250000 -0.000000
-24.200000 -0.000000
-24.150000 0.000000
-24.100000 0.000000
-24.050000 0.000000
-24.000000 0.000000
-23.950000 -0.000000
-23.900000 -0.000000
-23.850000 -0.000000
-23.800000 -0.000000
-23.750000 -0.000000
-23.700000 0.000000
-23.650000 0.000000
-23.600000 0.000000
-23.550000 0.000000
-23.500000 -0.000000
-23.450000 -0.000000
-23.400000 -0.000000
-23.350000 -0.000000
-23.300000 -0.000000
-23.250000 0.000000
-23.200000 0.000000
-23.150000 0.000000
-23.100000 0.000000
-23.050000 -0.000000
-23.000000 -0.000000
-22.950000 -0.000000
-22.900000 -0.000000
-22.850000 -0.000000
-22.800000 0.000000
-22.750000 0.000000
-22.700000 0.000000
-22.650000 0.000000
-22.600000 -0.000000
-22.550000 -0.000000
-22.500000 -0.000000
-22.450000 -0.000000
-22.400000 -0.000000
-22.350000 0.000000
-22.300000 0.000000
-22.250000 0.000000
-22.200000 0.000000
-22.150000 -0.000000
-22.100000 -0.000000
-22.050000 -0.000000
-22.000000 -0.000000
-21.950000 -0.000000
-21.900000 0.000000
-21.850000 0.000000
-21.800000 0.000000
-21.750000 0.000000
-21.700000 -0.000000
-21.650000 -0.000000
-21.600000 -0.000000
-21.550000 -0.000000
-21.500000 -0.000000
-21.450000 0.000000
-21.400000 0.000000
-21.350000 0.000000
-21.300000 0.000000
-21.250000 0.000000
-21.200000 -0.000000
-21.150000 -0.000000
-21.100000 -0.000000
-21.050000 -0.000000
-21.000000 -0.000000
-20.950000 0.000000
-20.900000 0.000000
-20.850000 0.000000
-20.800000 0.000000
-20.750000 -0.000000
-20.700000 -0.000000
-20.650000 -0.000000
-20.600000 -0.000000
-20.550000 -0.000000
-20.500000 0.000000
-20.450000 0.000000
-20.400000 0.000000
-20.350000 0.000000
-20.300000 0.000000
-20.250000 -0.000000
-20.200000 -0.000000
-20.150000 -0.000000
-20.100000 -0.000000
-20.050000 -0.000000
-20.000000 0.000000
-19.950000 0.000000
-19.900000 0.000000
-19.850000 0.000000
-19.800000 0.000000
-19.750000 -0.000000
-19.700000 -0.000000
-19.650000 -0.000000
-19.600000 -0.000000
-19.550000 -0.000000
-19.500000 0.000000
-19.450000 0.000000
-19.400000 0.000000
-19.350000 0.000000
-19.300000 0.000000
-19.250000 -0.000000
-19.200000 -0.000000
-19.150000 -0.000000
-19.100000 -0.000000
-19.050000 -0.000000
-19.000000 0.000000
-18.950000 0.000000
-18.900000 0.000000
-18.850000 0.000000
-18.800000 0.000000
-18.750000 -0.000000
-18.700000 -0.000000
-18.650000 -0.000000
-18.600000 -0.000000
-18.550000 -0.000000
-18.500000 0.000000
-18.450000 0.000000
-18.400000 0.000000
-18.350000 0.000000
-18.300000 0.000000
-18.250000 -0.000000
-18.200000 -0.000000
-18.150000 -0.000000
-18.100000 -0.000000
-18.050000 -0.000000
-18.000000 0.000000
-17.950000 0.000000
-17.900000 0.000000
-17.850000 0.000000
-17.800000 0.000000
-17.750000 -0.000000
-17.700000 -0.000000
-17.650000 -0.000000
-17.600000 -0.000000
-17.550000 -0.000000
-17.500000 -0.000000
-17.450000 0.000000
-17.400000 0.000000
-17.350000 0.000000
-17.300000 0.000000
-17.250000 0.000000
-17.200000 -0.000000
-17.150000 -0.000000
-17.100000 -0.000000
-17.050000 -0.000000
-17.000000 -0.000000
-16.950000 0.000000
-16.900000 0.000000
-16.850000 0.000000
-16.800000 0.000000
-16.750000 0.000000
-16.700000 0.000000
-16.650000 -0.000000
-16.600000 -0.000000
-16.550000 -0.000000
-16.500000 -0.000000
-16.450000 -0.000000
-16.400000 0.000000
-16.350000 0.000000
-16.300000 0.000000
-16.250000 0.000000
-16.200000 0.000000
-16.150000 0.000000
-16.100000 -0.000000
-16.050000 -0.000000
-16.000000 -0.000000
-15.950000 -0.000000
-15.900000 -0.000000
-15.850000 0.000000
-15.800000 0.000000
-15.750000 0.000000
-15.700000 0.000000
-15.650000 0.000000
-15.600000 0.000000
-15.550000 -0.000000
-15.500000 -0.000000
-15.450000 -0.000000
-15.400000 -0.000000
-15.350000 -0.000000
-15.300000 -0.000000
-15.250000 0.000000
-15.200000 0.000000
-15.150000 0.000000
-15.100000 0.000000
-15.050000 0.000000
-15.000000 0.000000
-14.950000 -0.000000
-14.900000 -0.000000
-14.850000 -0.000000
-14.800000 -0.000000
-14.750000 -0.000000
-14.700000 0.000000
-14.650000 0.000000
-14.600000 0.000000
-14.550000 0.000000
-14.500000 0.000000
-14.450000 0.000000
-14.400000 -0.000000
-14.350000 -0.000000
-14.300000 -0.000001
-14.250000 -0.000001
-14.200000 -0.000000
-14.150000 -0.000000
-14.100000 0.000000
-14.050000 0.000000
-14.000000 0.000001
-13.950000 0.000001
-13.900000 0.000001
-13.850000 0.000000
-13.800000 -0.000000
-13.750000 -0.000000
-13.700000 -0.000001
-13.650000 -0.000001
-13.600000 -0.000001
-13.550000 -0.000000
-13.500000 0.000000
-13.450000 0.000000
-13.400000 0.000001
-13.350000 0.000001
-13.300000 0.000001
-13.250000 0.000001
-13.200000 0.000000
-13.150000 -0.000001
-13.100000 -0.000001
-13.050000 -0.000001
-13.000000 -0.000001
-12.950000 -0.000001
-12.900000 -0.000000
-12.850000 0.000000
-12.800000 0.000001
-12.750000 0.000001
-12.700000 0.000002
-12.650000 0.000001
-12.600000 0.000001
-12.550000 -0.000000
-12.500000 -0.000001
-12.450000 -0.000002
-12.400000 -0.000002
-12.350000 -0.000002
-12.300000 -0.000001
-12.250000 -0.000000
-12.200000 0.000001
-12.150000 0.000002
-12.100000 0.000002
-12.050000 0.000002
-12.000000 0.000002
-11.950000 0.000001
-11.900000 -0.000000
-11.850000 -0.000002
-11.800000 -0.000003
-11.750000 -0.000003
-11.700000 -0.000003
-11.650000 -0.000002
-11.600000 -0.000001
-11.550000 0.000001
-11.500000 0.000002
-11.450000 0.000003
-11.400000 0.000004
-11.350000 0.000003
-11.300000 0.000002
-11.250000 0.000000
-11.200000 -0.000002
-11.150000 -0.000003
-11.100000 -0.000005
-11.050000 -0.000005
-11.000000 -0.000004
-10.950000 -0.000002
-10.900000 -0.000000
-10.850000 0.000002
-10.800000 0.000004
-10.750000 0.000006
-10.700000 0.000006
-10.650000 0.000005
-10.600000 0.000003
-10.550000 0.000000
-10.500000 -0.000003
-10.450000 -0.000006
-10.400000 -0.000008
-10.350000 -0.000008
-10.300000 -0.000007
-10.250000 -0.000004
-10.200000 -0.000001
-10.150000 0.000003
-10.100000 0.000007
-10.050000 0.000009
-10.000000 0.000010
-9.950000 0.000009
-9.900000 0.000007
-9.850000 0.000002
-9.800000 -0.000003
-9.750000 -0.000008
-9.700000 -0.000011
-9.650000 -0.000013
-9.600000 -0.000013
-9.550000 -0.000010
-9.500000 -0.000006
-9.450000 0.000001
-9.400000 0.000007
-9.350000 0.000013
-9.300000 0.000017
-9.250000 0.000018
-9.200000 0.000016
-9.150000 0.000011
-9.100000 0.000004
-9.050000 -0.000005
-9.000000 -0.000013
-8.950000 -0.000020
-8.900000 -0.000024
-8.850000 -0.000024
-8.800000 -0.000020
-8.750000 -0.000013
-8.700000 -0.000003
-8.650000 0.000008
-8.600000 0.000019
-8.550000 0.000027
-8.500000 0.000031
-8.450000 0.000031
-8.400000 0.000026
-8.350000 0.000016
-8.300000 0.000002
-8.250000 -0.000013
-8.200000 -0.000027
-8.150000 -0.000038
-8.100000 -0.000045
-8.050000 -0.000045
-8.000000 -0.000038
-7.950000 -0.000026
-7.900000 -0.000008
-7.850000 0.000011
-7.800000 0.000030
-7.750000 0.000047
-7.700000 0.000057
-7.650000 0.000059
-7.600000 0.000053
-7.550000 0.000038
-7.500000 0.000016
-7.450000 -0.000011
-7.400000 -0.000038
-7.350000 -0.000063
-7.300000 -0.000082
-7.250000 -0.000092
-7.200000 -0.000091
-7.150000 -0.000079
-7.100000 -0.000055
-7.050000 -0.000024
-7.000000 0.000013
-6.950000 0.000049
-6.900000 0.000081
-6.850000 0.000103
-6.800000 0.000112
-6.750000 0.000106
-6.700000 0.000083
-6.650000 0.000046
-6.600000 -0.000002
-6.550000 -0.000057
-6.500000 -0.000112
-6.450000 -0.000162
-6.400000 -0.000200
-6.350000 -0.000220
-6.300000 -0.000221
-6.250000 -0.000200
-6.200000 -0.000158
-6.150000 -0.000100
-6.100000 -0.000031
-6.050000 0.000040
-6.000000 0.000107
-5.950000 0.000159
-5.900000 0.000189
-5.850000 0.000192
-5.800000 0.000163
-5.750000 0.000102
-5.700000 0.000012
-5.650000 -0.000101
-5.600000 -0.000229
-5.550000 -0.000361
-5.500000 -0.000485
-5.450000 -0.000591
-5.400000 -0.000667
-5.350000 -0.000707
-5.300000 -0.000705
-5.250000 -0.000661
-5.200000 -0.000579
-5.150000 -0.000466
-5.100000 -0.000335
-5.050000 -0.000199
-5.000000 -0.000077
-4.950000 0.000016
-4.900000 0.000063
-4.850000 0.000051
-4.800000 -0.000031
-4.750000 -0.000188
-4.700000 -0.000420
-4.650000 -0.000722
-4.600000 -0.001081
-4.550000 -0.001483
-4.500000 -0.001907
-4.450000 -0.002331
-4.400000 -0.002733
-4.350000 -0.003091
-4.300000 -0.003388
-4.250000 -0.003610
-4.200000 -0.003750
-4.150000 -0.003810
-4.100000 -0.003797
-4.050000 -0.003728
-4.000000 -0.003629
-3.950000 -0.003531
-3.900000 -0.003470
-3.850000 -0.003487
-3.800000 -0.003622
-3.750000 -0.003915
-3.700000 -0.004404
-3.650000 -0.005119
-3.600000 -0.006084
-3.550000 -0.007312
-3.500000 -0.008809
-3.450000 -0.010567
-3.400000 -0.012572
-3.350000 -0.014796
-3.300000 -0.017207
-3.250000 -0.019766
-3.200000 -0.022431
-3.150000 -0.025161
-3.100000 -0.027916
-3.050000 -0.030665
-3.000000 -0.033384
-2.950000 -0.036066
-2.900000 -0.038716
-2.850000 -0.041357
-2.800000 -0.044034
-2.750000 -0.046809
-2.700000 -0.049769
-2.650000 -0.053016
-2.600000 -0.056677
-2.550000 -0.060893
-2.500000 -0.065821
-2.450000 -0.071632
-2.400000 -0.078503
-2.350000 -0.086621
-2.300000 -0.096171
-2.250000 -0.107339
-2.200000 -0.120303
-2.150000 -0.135231
-2.100000 -0.152279
-2.050000 -0.171585
-2.000000 -0.193268
-1.950000 -0.217420
-1.900000 -0.244111
-1.850000 -0.273380
-1.800000 -0.305239
-1.750000 -0.339665
-1.700000 -0.376607
-1.650000 -0.415980
-1.600000 -0.457667
-1.550000 -0.501522
-1.500000 -0.547374
-1.450000 -0.595024
-1.400000 -0.644256
-1.350000 -0.694837
-1.300000 -0.746528
-1.250000 -0.799090
-1.200000 -0.852291
-1.150000 -0.905916
-1.100000 -0.959780
-1.050000 -1.013736
-1.000000 -1.067688
-0.950000 -1.121601
-0.900000 -1.175512
-0.850000 -1.229542
-0.800000 -1.283902
-0.750000 -1.338904
-0.700000 -1.394963
-0.650000 -1.452598
-0.600000 -1.512438
-0.550000 -1.575210
-0.500000 -1.641733
-0.450000 -1.712906
-0.400000 -1.789683
-0.350000 -1.873049
-0.300000 -1.963985
-0.250000 -2.063423
-0.200000 -2.172193
-0.150000 -2.290964
-0.100000 -2.420165
-0.050000 -2.559912
0.000000 -2.709915
0.050000 -2.869397
0.100000 -3.037010
0.150000 -3.210765
0.200000 -3.387993
0.250000 -3.565338
0.300000 -3.738798
0.350000 -3.903830
0.400000 -4.055511
0.450000 -4.188773
0.500000 -4.298672
0.550000 -4.380707
0.600000 -4.431124
0.650000 -4.447201
0.700000 -4.427459
0.750000 -4.371781
0.800000 -4.281429
0.850000 -4.158939
0.900000 -4.007928
0.950000 -3.832826
1.000000 -3.638571
1.050000 -3.430298
1.100000 -3.213060
1.150000 -2.991588
1.200000 -2.770118
1.250000 -2.552280
1.300000 -2.341046
1.350000 -2.138727
1.400000 -1.947010
1.450000 -1.767019
1.500000 -1.599392
1.550000 -1.444363
1.600000 -1.301845
1.650000 -1.171502
1.700000 -1.052820
1.750000 -0.945160
1.800000 -0.847807
1.850000 -0.760009
1.900000 -0.681000
1.950000 -0.610029
2.000000 -0.546370
2.050000 -0.489335
2.100000 -0.438279
2.150000 -0.392604
2.200000 -0.351762
2.250000 -0.315251
2.300000 -0.282614
2.350000 -0.253442
2.400000 -0.227363
2.450000 -0.204044
2.500000 -0.183189
2.550000 -0.164530
2.600000 -0.147829
2.650000 -0.132876
2.700000 -0.119482
2.750000 -0.107478
2.800000 -0.096716
2.850000 -0.087062
2.900000 -0.078398
2.950000 -0.070620
3.000000 -0.063633
3.050000 -0.057354
3.100000 -0.051709
3.150000 -0.046632
3.200000 -0.042064
3.250000 -0.037952
3.300000 -0.034250
3.350000 -0.030915
3.400000 -0.027910
3.450000 -0.025202
3.500000 -0.022760
3.550000 -0.020558
3.600000 -0.018572
3.650000 -0.016780
3.700000 -0.015163
3.750000 -0.013703
3.800000 -0.012385
3.850000 -0.011194
3.900000 -0.010120
3.950000 -0.009149
4.000000 -0.008271
4.050000 -0.007479
4.100000 -0.006763
4.150000 -0.006115
4.200000 -0.005530
4.250000 -0.005002
4.300000 -0.004524
4.350000 -0.004091
4.400000 -0.003701
4.450000 -0.003347
4.500000 -0.003028
4.550000 -0.002739
4.600000 -0.002478
4.650000 -0.002241
4.700000 -0.002028
4.750000 -0.001834
4.800000 -0.001659
4.850000 -0.001501
4.900000 -0.001358
4.950000 -0.001229
5.000000 -0.001112
5.050000 -0.001006
5.100000 -0.000910
5.150000 -0.000823
5.200000 -0.000745
5.250000 -0.000674
5.300000 -0.000610
5.350000 -0.000552
5.400000 -0.000499
5.450000 -0.000452
5.500000 -0.000409
5.550000 -0.000370
5.600000 -0.000335
5.650000 -0.000303
5.700000 -0.000274
5.750000 -0.000248
5.800000 -0.000224
5.850000 -0.000203
5.900000 -0.000184
5.950000 -0.000166
6.000000 -0.000150
6.050000 -0.000136
6.100000 -0.000123
6.150000 -0.000111
6.200000 -0.000101
6.250000 -0.000091
6.300000 -0.000082
6.350000 -0.000075
6.400000 -0.000068
6.450000 -0.000061
6.500000 -0.000055
6.550000 -0.000050
6.600000 -0.000045
6.650000 -0.000041
6.700000 -0.000037
6.750000 -0.000034
6.800000 -0.000030
6.850000 -0.000027
6.900000 -0.000025
6.950000 -0.000022
7.000000 -0.000020
7.050000 -0.000018
7.100000 -0.000017
7.150000 -0.000015
7.200000 -0.000014
7.250000 -0.000012
7.300000 -0.000011
7.350000 -0.000010
7.400000 -0.000009
7.450000 -0.000008
7.500000 -0.000007
7.550000 -0.000007
7.600000 -0.000006
7.650000 -0.000006
7.700000 -0.000005
7.750000 -0.000005
7.800000 -0.000004
7.850000 -0.000004
7.900000 -0.000003
7.950000 -0.000003
8.000000 -0.000003
8.050000 -0.000002
8.100000 -0.000002
8.150000 -0.000002
8.200000 -0.000002
8.250000 -0.000002
8.300000 -0.000002
8.350000 -0.000001
8.400000 -0.000001
8.450000 -0.000001
8.500000 -0.000001
8.550000 -0.000001
8.600000 -0.000001
8.650000 -0.000001
8.700000 -0.000001
8.750000 -0.000001
8.800000 -0.000001
8.850000 -0.000001
8.900000 -0.000000
8.950000 -0.000000
9.000000 -0.000000
9.050000 -0.000000
9.100000 -0.000000
9.150000 -0.000000
9.200000 -0.000000
9.250000 -0.000000
9.300000 -0.000000
9.350000 -0.000000
9.400000 -0.000000
9.450000 -0.000000
9.500000 -0.000000
9.550000 -0.000000
9.600000 -0.000000
9.650000 -0.000000
9.700000 -0.000000
9.750000 -0.000000
9.800000 -0.000000
9.850000 -0.000000
9.900000 -0.000000
9.950000 -0.000000
10.000000 -0.000000
10.050000 -0.000000
10.100000 -0.000000
10.150000 -0.000000
10.200000 -0.000000
10.250000 -0.000000
10.300000 -0.000000
10.350000 -0.000000
10.400000 -0.000000
10.450000 -0.000000
10.500000 -0.000000
10.550000 -0.000000
10.600000 -0.000000
10.650000 -0.000000
10.700000 -0.000000
10.750000 -0.000000
10.800000 -0.000000
10.850000 -0.000000
10.900000 -0.000000
10.950000 -0.000000
11.000000 -0.000000
11.050000 -0.000000
11.100000 -0.000000
11.150000 -0.000000
11.200000 -0.000000
11.250000 -0.000000
11.300000 -0.000000
11.350000 -0.000000
11.400000 -0.000000
11.450000 -0.000000
11.500000 -0.000000
11.550000 -0.000000
11.600000 -0.000000
11.650000 -0.000000
11.700000 -0.000000
11.750000 -0.000000
11.800000 -0.000000
11.850000 -0.000000
11.900000 -0.000000
11.950000 -0.000000
12.000000 -0.000000
12.050000 -0.000000
12.100000 -0.000000
12.150000 -0.000000
12.200000 -0.000000
12.250000 -0.000000
12.300000 -0.000000
12.350000 -0.000000
12.400000 -0.000000
12.450000 -0.000000
12.500000 -0.000000
12.550000 -0.000000
12.600000 -0.000000
12.650000 -0.000000
12.700000 0.000000
12.750000 -0.000000
12.800000 -0.000000
12.850000 -0.000000
12.900000 -0.000000
12.950000 -0.000000
13.000000 -0.000000
13.050000 -0.000000
13.100000 -0.000000
13.150000 -0.000000
13.200000 0.000000
13.250000 0.000000
13.300000 0.000000
13.350000 0.000000
13.400000 0.000000
13.450000 -0.000000
13.500000 -0.000000
13.550000 -0.000000
13.600000 -0.000000
13.650000 -0.000000
13.700000 -0.000000
13.750000 -0.000000
13.800000 0.000000
13.850000 0.000000
13.900000 0.000000
13.950000 0.000000
14.000000 0.000000
14.050000 0.000000
14.100000 -0.000000
14.150000 -0.000000
14.200000 -0.000000
14.250000 -0.000000
14.300000 -0.000000
14.350000 -0.000000
14.400000 0.000000
14.450000 0.000000
14.500000 0.000000
14.550000 0.000000
14.600000 0.000000
14.650000 0.000000
14.700000 -0.000000
14.750000 -0.000000
14.800000 -0.000000
14.850000 -0.000000
14.900000 -0.000000
14.950000 -0.000000
15.000000 0.000000
15.050000 0.000000
15.100000 0.000000
15.150000 0.000000
15.200000 0.000000
15.250000 0.000000
15.300000 -0.000000
15.350000 -0.000000
15.400000 -0.000000
15.450000 -0.000000
15.500000 -0.000000
15.550000 0.000000
15.600000 0.000000
15.650000 0.000000
15.700000 0.000000
15.750000 0.000000
15.800000 0.000000
15.850000 -0.000000
15.900000 -0.000000
15.950000 -0.000000
16.000000 -0.000000
16.050000 -0.000000
16.100000 -0.000000
16.150000 0.000000
16.200000 0.000000
16.250000 0.000000
16.300000 0.000000
16.350000 0.000000
16.400000 -0.000000
16.450000 -0.000000
16.500000 -0.000000
16.550000 -0.000000
16.600000 -0.000000
16.650000 -0.000000
16.700000 0.000000
16.750000 0.000000
16.800000 0.000000
16.850000 0.000000
16.900000 0.000000
16.950000 -0.000000
17.000000 -0.000000
17.050000 -0.000000
17.100000 -0.000000
17.150000 -0.000000
17.200000 0.000000
17.250000 0.000000
17.300000 0.000000
17.350000 0.000000
17.400000 0.000000
17.450000 0.000000
17.500000 -0.000000
17.550000 -0.000000
17.600000 -0.000000
17.650000 -0.000000
17.700000 -0.000000
17.750000 0.000000
17.800000 0.000000
17.850000 0.000000
17.900000 0.000000
17.950000 0.000000
18.000000 -0.000000
18.050000 -0.000000
18.100000 -0.000000
18.150000 -0.000000
18.200000 -0.000000
18.250000 -0.000000
18.300000 0.000000
18.350000 0.000000
18.400000 0.000000
18.450000 0.000000
18.500000 0.000000
18.550000 -0.000000
18.600000 -0.000000
18.650000 -0.000000
18.700000 -0.000000
18.750000 -0.000000
18.800000 0.000000
18.850000 0.000000
18.900000 0.000000
18.950000 0.000000
19.000000 0.000000
19.050000 -0.000000
19.100000 -0.000000
19.150000 -0.000000
19.200000 -0.000000
19.250000 -0.000000
19.300000 0.000000
19.350000 0.000000
19.400000 0.000000
19.450000 0.000000
19.500000 0.000000
19.550000 -0.000000
19.600000 -0.000000
19.650000 -0.000000
19.700000 -0.000000
19.750000 -0.000000
19.800000 0.000000
19.850000 0.000000
19.900000 0.000000
19.950000 0.000000
20.000000 0.000000
20.050000 -0.000000
20.100000 -0.000000
20.150000 -0.000000
20.200000 -0.000000
20.250000 -0.000000
20.300000 0.000000
20.350000 0.000000
20.400000 0.000000
20.450000 0.000000
20.500000 0.000000
20.550000 -0.000000
20.600000 -0.000000
20.650000 -0.000000
20.700000 -0.000000
20.750000 0.000000
20.800000 0.000000
20.850000 0.000000
20.900000 0.000000
20.950000 0.000000
21.000000 -0.000000
21.050000 -0.000000
21.100000 -0.000000
21.150000 -0.000000
21.200000 -0.000000
21.250000 0.000000
21.300000 0.000000
21.350000 0.000000
21.400000 0.000000
21.450000 0.000000
21.500000 -0.000000
21.550000 -0.000000
21.600000 -0.000000
21.650000 -0.000000
21.700000 0.000000
21.750000 0.000000
21.800000 0.000000
21.850000 0.000000
21.900000 0.000000
21.950000 -0.000000
22.000000 -0.000000
22.050000 -0.000000
22.100000 -0.000000
22.150000 -0.000000
22.200000 0.000000
22.250000 0.000000
22.300000 0.000000
22.350000 0.000000
22.400000 -0.000000
22.450000 -0.000000
22.500000 -0.000000
22.550000 -0.000000
22.600000 -0.000000
22.650000 0.000000
22.700000 0.000000
22.750000 0.000000
22.800000 0.000000
22.850000 -0.000000
22.900000 -0.000000
22.950000 -0.000000
23.000000 -0.000000
23.050000 -0.000000
23.100000 0.000000
23.150000 0.000000
23.200000 0.000000
23.250000 0.000000
23.300000 -0.000000
23.350000 -0.000000
23.400000 -0.000000
23.450000 -0.000000
23.500000 -0.000000
23.550000 0.000000
23.600000 0.000000
23.650000 0.000000
23.700000 0.000000
23.750000 -0.000000
23.800000 -0.000000
23.850000 -0.000000
23.900000 -0.000000
23.950000 -0.000000
24.000000 0.000000
24.050000 0.000000
24.100000 0.000000
24.150000 0.000000
24.200000 -0.000000
24.250000 -0.000000
24.300000 -0.000000
24.350000 -0.000000
24.400000 0.000000
24.450000 0.000000
24.500000 0.000000
24.550000 0.000000
24.600000 0.000000
24.650000 -0.000000
24.700000 -0.000000
24.750000 -0.000000
24.800000 -0.000000
24.850000 0.000000
24.900000 0.000000
24.950000 0.000000
25.000000 0.000000
25.050000 -0.000000
25.100000 -0.000000
25.150000 -0.000000
25.200000 -0.000000
25.250000 0.000000
25.300000 0.000000
25.350000 0.000000
25.400000 0.000000
25.450000 0.000000
25.500000 -0.000000
25.550000 -0.000000
25.600000 -0.000000
25.650000 -0.000000
25.700000 0.000000
25.750000 0.000000
25.800000 0.000000
25.850000 0.000000
25.900000 -0.000000
25.950000 -0.000000
26.000000 -0.000000
26.050000 -0.000000
26.100000 0.000000
26.150000 0.000000
26.200000 0.000000
26.250000 0.000000
26.300000 -0.000000
26.350000 -0.000000
26.400000 -0.000000
26.450000 -0.000000
26.500000 0.000000
26.550000 0.000000
26.600000 0.000000
26.650000 0.000000
26.700000 0.000000
26.750000 -0.000000
26.800000 -0.000000
26.850000 -0.000000
26.900000 -0.000000
26.950000 0.000000
27.000000 0.000000
27.050000 0.000000
27.100000 0.000000
27.150000 -0.000000
27.200000 -0.000000
27.250000 -0.000000
27.300000 -0.000000
27.350000 0.000000
27.400000 0.000000
27.450000 0.000000
27.500000 0.000000
27.550000 -0.000000
27.600000 -0.000000
27.650000 -0.000000
27.700000 -0.000000
27.750000 0.000000
27.800000 0.000000
27.850000 0.000000
27.900000 0.000000
27.950000 -0.000000
28.000000 -0.000000
28.050000 -0.000000
28.100000 -0.000000
28.150000 0.000000
28.200000 0.000000
28.250000 0.000000
28.300000 0.000000
28.350000 -0.000000
28.400000 -0.000000
28.450000 -0.000000
28.500000 -0.000000
28.550000 0.000000
28.600000 0.000000
28.650000 0.000000
28.700000 0.000000
28.750000 -0.000000
28.800000 -0.000000
28.850000 -0.000000
28.900000 -0.000000
28.950000 0.000000
29.000000 0.000000
29.050000 0.000000
29.100000 -0.000000
29.150000 -0.000000
29.200000 -0.000000
29.250000 -0.000000
29.300000 0.000000
29.350000 0.000000
29.400000 0.000000
29.450000 0.000000
29.500000 -0.000000
29.550000 -0.000000
29.600000 -0.000000
29.650000 -0.000000
29.700000 0.000000
29.750000 0.000000
29.800000 0.000000
29.850000 0.000000
29.900000 -0.000000
29.950000 -0.000000
30.000000 -0.000000
30.050000 -0.000000
30.100000 0.000000
30.150000 0.000000
30.200000 0.000000
30.250000 0.000000
30.300000 -0.000000
30.350000 -0.000000
30.400000 -0.000000
30.450000 0.000000
30.500000 0.000000
30.550000 0.000000
30.600000 0.000000
30.650000 -0.000000
30.700000 -0.000000
30.750000 -0.000000
30.800000 -0.000000
30.850000 0.000000
30.900000 0.000000
30.950000 0.000000
31.000000 0.000000
31.050000 -0.000000
31.100000 -0.000000
31.150000 -0.000000
31.200000 -0.000000
31.250000 0.000000
31.300000 0.000000
31.350000 0.000000
31.400000 0.000000
31.450000 -0.000000
31.500000 -0.000000
31.550000 -0.000000
31.600000 0.000000
31.650000 0.000000
31.700000 0.000000
31.750000 0.000000
31.800000 -0.000000
31.850000 -0.000000
31.900000 -0.000000
31.950000 -0.000000
32.000000 0.000000
32.050000 0.000000
32.100000 0.000000
32.150000 -0.000000
32.200000 -0.000000
32.250000 -0.000000
32.300000 -0.000000
32.350000 -0.000000
32.400000 0.000000
32.450000 0.000000
32.500000 0.000000
32.550000 -0.000000
32.600000 -0.000000
32.650000 -0.000000
32.700000 -0.000000
32.750000 0.000000
32.800000 0.000000
32.850000 0.000000
32.900000 0.000000
32.950000 -0.000000
33.000000 -0.000000
33.050000 -0.000000
33.100000 0.000000
33.150000 0.000000
33.200000 0.000000
33.250000 0.000000
33.300000 -0.000000
33.350000 -0.000000
33.400000 -0.000000
33.450000 0.000000
33.500000 0.000000
33.550000 0.000000
33.600000 0.000000
33.650000 -0.000000
33.700000 -0.000000
33.750000 -0.000000
33.800000 -0.000000
33.850000 0.000000
33.900000 0.000000
33.950000 0.000000
34.000000 -0.000000
34.050000 -0.000000
34.100000 -0.000000
34.150000 0.000000
34.200000 0.000000
34.250000 0.000000
34.300000 0.000000
34.350000 -0.000000
34.400000 -0.000000
34.450000 -0.000000
34.500000 0.000000
34.550000 0.000000
34.600000 0.000000
34.650000 -0.000000
34.700000 -0.000000
34.750000 -0.000000
34.800000 -0.000000
34.850000 0.000000
34.900000 0.000000
34.950000 0.000000
35.000000 0.000000
35.050000 -0.000000
35.100000 -0.000000
35.150000 -0.000000
35.200000 0.000000
35.250000 0.000000
35.300000 0.000000
35.350000 -0.000000
35.400000 -0.000000
35.450000 -0.000000
35.500000 -0.000000
35.550000 0.000000
35.600000 0.000000
35.650000 0.000000
35.700000 -0.000000
35.750000 -0.000000
35.800000 -0.000000
35.850000 0.000000
35.900000 0.000000
35.950000 0.000000
36.000000 0.000000
36.050000 -0.000000
36.100000 -0.000000
36.150000 -0.000000
36.200000 0.000000
36.250000 0.000000
36.300000 0.000000
36.350000 -0.000000
36.400000 -0.000000
36.450000 -0.000000
36.500000 0.000000
36.550000 0.000000
36.600000 0.000000
36.650000 0.000000
36.700000 -0.000000
36.750000 -0.000000
36.800000 -0.000000
36.850000 0.000000
36.900000 0.000000
36.950000 0.000000
37.000000 -0.000000
37.050000 -0.000000
37.100000 -0.000000
37.150000 -0.000000
37.200000 0.000000
37.250000 0.000000
37.300000 -0.000000
37.350000 -0.000000
37.400000 -0.000000
37.450000 -0.000000
37.500000 0.000000
37.550000 0.000000
37.600000 0.000000
37.650000 0.000000
37.700000 -0.000000
37.750000 -0.000000
37.800000 0.000000
37.850000 -0.000000
37.900000 0.000000
37.950000 0.000000
38.000000 -0.000000
38.050000 -0.000000
38.100000 0.000000
38.150000 -0.000000
38.200000 0.000000
38.250000 0.000000
38.300000 -0.000000
38.350000 -0.000000
38.400000 -0.000000
38.450000 -0.000000
38.500000 0.000000
38.550000 0.000000
38.600000 -0.000000
38.650000 0.000000
38.700000 -0.000000
38.750000 -0.000000
38.800000 0.000000
38.850000 0.000000
38.900000 -0.000000
38.950000 -0.000000
39.000000 -0.000000
39.050000 -0.000000
39.100000 0.000000
39.150000 0.000000
39.200000 0.000000
39.250000 -0.000000
39.300000 -0.000000
39.350000 0.000000
39.400000 -0.000000
39.450000 0.000000
39.500000 0.000000
39.550000 -0.000000
39.600000 -0.000000
39.650000 0.000000
39.700000 -0.000000
39.750000 0.000000
39.800000 0.000000
39.850000 -0.000000
39.900000 -0.000000
39.950000 -0.000000
40.000000 0.000000
40.050000 0.000000
40.100000 0.000000
40.150000 -0.000000
40.200000 -0.000000
40.250000 -0.000000
40.300000 0.000000
40.350000 0.000000
40.400000 0.000000
40.450000 0.000000
40.500000 -0.000000
40.550000 -0.000000
40.600000 0.000000
40.650000 -0.000000
40.700000 0.000000
40.750000 0.000000
40.800000 -0.000000
40.850000 0.000000
40.900000 -0.000000
40.950000 0.000000
41.000000 0.000000
41.050000 -0.000000
41.100000 -0.000000
41.150000 0.000000
41.200000 -0.000000
41.250000 0.000000
41.300000 0.000000
41.350000 -0.000000
41.400000 0.000000
41.450000 0.000000
41.500000 -0.000000
41.550000 0.000000
41.600000 0.000000
41.650000 -0.000000
41.700000 -0.000000
41.750000 -0.000000
41.800000 0.000000
41.850000 0.000000
41.900000 0.000000
41.950000 -0.000000
42.000000 -0.000000
42.050000 0.000000
42.100000 0.000000
42.150000 0.000000
42.200000 -0.000000
42.250000 0.000000
42.300000 0.000000
42.350000 -0.000000
42.400000 0.000000
42.450000 0.000000
42.500000 -0.000000
42.550000 0.000000
42.600000 0.000000
42.650000 -0.000000
42.700000 0.000000
42.750000 -0.000000
42.800000 -0.000000
42.850000 -0.000000
42.900000 0.000000
42.950000 0.000000
43.000000 -0.000000
43.050000 -0.000000
43.100000 0.000000
43.150000 -0.000000
43.200000 -0.000000
43.250000 0.000000
43.300000 0.000000
43.350000 -0.000000
43.400000 0.000000
43.450000 -0.000000
43.500000 -0.000000
43.550000 0.000000
43.600000 -0.000000
43.650000 -0.000000
43.700000 0.000000
43.750000 -0.000000
43.800000 0.000000
43.850000 0.000000
43.900000 -0.000000
43.950000 0.000000
44.000000 0.000000
44.050000 -0.000000
44.100000 -0.000000
44.150000 0.000000
44.200000 -0.000000
44.250000 -0.000000
44.300000 0.000000
44.350000 -0.000000
44.400000 -0.000000
44.450000 0.000000
44.500000 -0.000000
44.550000 -0.000000
44.600000 0.000000
44.650000 0.000000
44.700000 -0.000000
44.750000 0.000000
44.800000 -0.000000
44.850000 0.000000
44.900000 -0.000000
44.950000 0.000000
