-30.000000 -0.000042
-29.800000 0.000010
-29.600000 0.000026
-29.400000 -0.000064
-29.200000 0.000109
-29.000000 -0.000151
-28.800000 0.000177
-28.600000 -0.000175
-28.400000 0.000133
-28.200000 -0.000045
-28.000000 -0.000085
-27.800000 0.000242
-27.600000 -0.000409
-27.400000 0.000567
-27.200000 -0.000688
-27.000000 0.000736
-26.800000 -0.000679
-26.600000 0.000511
-26.400000 -0.000242
-26.200000 -0.000124
-26.000000 0.000571
-25.800000 -0.001044
-25.600000 0.001463
-25.400000 -0.001779
-25.200000 0.001963
-25.000000 -0.001953
-24.800000 0.001685
-24.600000 -0.001184
-24.400000 0.000519
-24.200000 0.000294
-24.000000 -0.001223
-23.800000 0.002120
-23.600000 -0.002835
-23.400000 0.003358
-23.200000 -0.003642
-23.000000 0.003530
-22.800000 -0.003014
-22.600000 0.002246
-22.400000 -0.001217
-22.200000 -0.000085
-22.000000 0.001387
-21.800000 -0.002514
-21.600000 0.003568
-21.400000 -0.004345
-21.200000 0.004530
-21.000000 -0.004359
-20.800000 0.003971
-20.600000 -0.003001
-20.400000 0.001690
-20.200000 -0.000551
-20.000000 -0.000764
-19.800000 0.002165
-19.600000 -0.002855
-19.400000 0.003327
-19.200000 -0.003955
-19.000000 0.003565
-18.800000 -0.002617
-18.600000 0.002394
-18.400000 -0.001542
-18.200000 -0.000029
-18.000000 0.000381
-17.800000 -0.000817
-17.600000 0.001884
-17.400000 -0.001274
-17.200000 0.000791
-17.000000 -0.001440
-16.800000 -0.000023
-16.600000 0.001252
-16.400000 -0.000364
-16.200000 0.001453
-16.000000 -0.002040
-15.800000 0.000342
-15.600000 -0.000981
-15.400000 0.000166
-15.200000 0.002748
-15.000000 -0.001755
-14.800000 0.002756
-14.600000 -0.005491
-14.400000 0.003526
-14.200000 -0.004255
-14.000000 0.004703
-13.800000 -0.000737
-13.600000 0.001935
-13.400000 -0.000419
-13.200000 -0.004542
-13.000000 0.002744
-12.800000 -0.005524
-12.600000 0.007625
-12.400000 -0.004326
-12.200000 0.008368
-12.000000 -0.005916
-11.800000 0.001726
-11.600000 -0.004844
-11.400000 -0.001271
-11.200000 0.001626
-11.000000 -0.001254
-10.800000 0.008715
-10.600000 -0.003436
-10.400000 0.006042
-10.200000 -0.008253
-10.000000 0.001812
-9.800000 -0.007900
-9.600000 0.000831
-9.400000 0.000885
-9.200000 0.003440
-9.000000 0.006014
-8.800000 0.000739
-8.600000 0.004725
-8.400000 -0.005828
-8.200000 -0.002168
-8.000000 -0.007575
-7.800000 -0.002571
-7.600000 -0.002559
-7.400000 0.001580
-7.200000 0.006369
-7.000000 0.005445
-6.800000 0.006593
-6.600000 0.003609
-6.400000 0.000817
-6.200000 -0.002447
-6.000000 -0.008295
-5.800000 -0.004694
-5.600000 -0.010453
-5.400000 -0.003147
-5.200000 -0.005375
-5.000000 0.003333
-4.800000 0.003230
-4.600000 0.005964
-4.400000 0.010753
-4.200000 0.005358
-4.000000 0.011915
-3.800000 -0.000297
-3.600000 0.009219
-3.400000 -0.006132
-3.200000 0.001200
-3.000000 -0.010676
-2.800000 -0.008130
-2.600000 -0.015871
-2.400000 -0.023548
-2.200000 -0.026626
-2.000000 -0.048322
-1.800000 -0.057363
-1.600000 -0.098778
-1.400000 -0.127538
-1.200000 -0.201319
-1.000000 -0.277878
-0.800000 -0.404888
-0.600000 -0.561770
-0.400000 -0.771783
-0.200000 -1.027722
0.000000 -1.303079
0.200000 -1.586442
0.400000 -1.792239
0.600000 -1.898671
0.800000 -1.847700
1.000000 -1.680324
1.200000 -1.417812
1.400000 -1.136372
1.600000 -0.874277
1.800000 -0.642526
2.000000 -0.466532
2.200000 -0.334248
2.400000 -0.232545
2.600000 -0.162481
2.800000 -0.117190
3.000000 -0.087133
3.200000 -0.066360
3.400000 -0.073135
3.600000 -0.098963
3.800000 -0.170207
4.000000 -0.334635
4.200000 -0.676133
4.400000 -1.363658
4.600000 -2.625065
4.800000 -4.678866
5.000000 -7.054101
5.200000 -8.100326
5.400000 -6.655026
5.600000 -4.236210
5.800000 -2.329488
6.000000 -1.190524
6.200000 -0.583687
6.400000 -0.282945
6.600000 -0.136002
6.800000 -0.064325
7.000000 -0.032686
7.200000 -0.014312
7.400000 -0.008243
7.600000 -0.003882
7.800000 -0.001233
8.000000 -0.002100
8.200000 0.000649
8.400000 -0.001050
8.600000 0.000091
8.800000 0.000547
9.000000 -0.000932
9.200000 0.001354
9.400000 -0.000834
9.600000 0.000467
9.800000 0.000253
10.000000 -0.001024
10.200000 0.001083
10.400000 -0.001163
10.600000 0.000598
10.800000 0.000067
11.000000 -0.000654
11.200000 0.001205
11.400000 -0.001048
11.600000 0.000779
11.800000 -0.000213
12.000000 -0.000622
12.200000 0.000975
12.400000 -0.001166
12.600000 0.000986
12.800000 -0.000337
13.000000 -0.000244
13.200000 0.000837
13.400000 -0.001168
13.600000 0.000983
13.800000 -0.000588
14.000000 -0.000025
14.200000 0.000686
14.400000 -0.001046
14.600000 0.001088
14.800000 -0.000765
15.000000 0.000180
15.200000 0.000418
15.400000 -0.000924
15.600000 0.001106
15.800000 -0.000857
16.000000 0.000389
16.200000 0.000202
16.400000 -0.000794
16.600000 0.001077
16.800000 -0.000978
17.000000 0.000613
17.200000 -0.000050
17.400000 -0.000547
17.600000 0.000927
17.800000 -0.000970
18.000000 0.000700
18.200000 -0.000199
18.400000 -0.000379
18.600000 0.000829
18.800000 -0.000992
19.000000 0.000833
19.200000 -0.000416
19.400000 -0.000127
19.600000 0.000612
19.800000 -0.000873
20.000000 0.000836
20.200000 -0.000526
20.400000 0.000048
20.600000 0.000431
20.800000 -0.000749
21.000000 0.000817
21.200000 -0.000621
21.400000 0.000228
21.600000 0.000214
21.800000 -0.000555
22.000000 0.000701
22.200000 -0.000613
22.400000 0.000323
22.600000 0.000057
22.800000 -0.000391
23.000000 0.000582
23.200000 -0.000587
23.400000 0.000408
23.600000 -0.000117
23.800000 -0.000176
24.000000 0.000375
24.200000 -0.000438
24.400000 0.000357
24.600000 -0.000166
24.800000 -0.000060
25.000000 0.000240
25.200000 -0.000324
25.400000 0.000304
25.600000 -0.000200
25.800000 0.000049
26.000000 0.000094
26.200000 -0.000183
26.400000 0.000202
26.600000 -0.000162
26.800000 0.000087
27.000000 -0.000003
27.200000 -0.000065
27.400000 0.000100
27.600000 -0.000097
27.800000 0.000068
28.000000 -0.000030
28.200000 -0.000005
28.400000 0.000029
28.600000 -0.000040
28.800000 0.000042
29.000000 -0.000035
29.200000 0.000020
29.400000 -0.000015
29.600000 0.000022
29.800000 -0.000006
