-30.000000 0.000279
-29.800000 0.000203
-29.600000 -0.000366
-29.400000 0.000377
-29.200000 -0.000562
-29.000000 0.000734
-28.800000 -0.000740
-28.600000 0.000637
-28.400000 -0.000457
-28.200000 0.000172
-28.000000 0.000214
-27.800000 -0.000665
-27.600000 0.001132
-27.400000 -0.001540
-27.200000 0.001829
-27.000000 -0.001965
-26.800000 0.001908
-26.600000 -0.001605
-26.400000 0.001058
-26.200000 -0.000342
-26.000000 -0.000486
-25.800000 0.001396
-25.600000 -0.002283
-25.400000 0.002983
-25.200000 -0.003429
-25.000000 0.003620
-24.800000 -0.003467
-24.600000 0.002895
-24.400000 -0.002013
-24.200000 0.000947
-24.000000 0.000314
-23.800000 -0.001653
-23.600000 0.002800
-23.400000 -0.003705
-23.200000 0.004392
-23.000000 -0.004614
-22.800000 0.004289
-22.600000 -0.003704
-22.400000 0.002835
-22.200000 -0.001507
-22.000000 0.000131
-21.800000 0.001014
-21.600000 -0.002211
-21.400000 0.003180
-21.200000 -0.003487
-21.000000 0.003649
-20.800000 -0.003634
-20.600000 0.002750
-20.400000 -0.001802
-20.200000 0.001366
-20.000000 -0.000266
-19.800000 -0.000977
-19.600000 0.001039
-19.400000 -0.001268
-19.200000 0.001774
-19.000000 -0.000963
-18.800000 0.000408
-18.600000 -0.000498
-18.400000 -0.000918
-18.200000 0.001652
-18.000000 -0.000736
-17.800000 0.001460
-17.600000 -0.001654
-17.400000 -0.000240
-17.200000 0.000425
-17.000000 -0.001228
-16.800000 0.003593
-16.600000 -0.003038
-16.400000 0.003592
-16.200000 -0.005719
-16.000000 0.003619
-15.800000 -0.002801
-15.600000 0.003285
-15.400000 0.000234
-15.200000 -0.000853
-15.000000 0.001652
-14.800000 -0.006219
-14.600000 0.005109
-14.400000 -0.005306
-14.200000 0.008369
-14.000000 -0.005130
-13.800000 0.005487
-13.600000 -0.005107
-13.400000 -0.000533
-13.200000 -0.001293
-13.000000 -0.001211
-12.800000 0.005962
-12.600000 -0.003186
-12.400000 0.007447
-12.200000 -0.006653
-12.000000 0.003178
-11.800000 -0.008273
-11.600000 0.002525
-11.400000 -0.001413
-11.200000 0.002939
-11.000000 0.004322
-10.800000 0.000831
-10.600000 0.002853
-10.400000 -0.006344
-10.200000 -0.000319
-10.000000 -0.006203
-9.800000 0.000135
-9.600000 -0.000258
-9.400000 0.004613
-9.200000 0.005171
-9.000000 0.002511
-8.800000 0.002731
-8.600000 -0.002171
-8.400000 -0.004377
-8.200000 -0.005683
-8.000000 -0.005644
-7.800000 -0.000221
-7.600000 -0.002246
-7.400000 0.007210
-7.200000 0.003661
-7.000000 0.008949
-6.800000 0.002837
-6.600000 0.002958
-6.400000 -0.000378
-6.200000 -0.007626
-6.000000 -0.003467
-5.800000 -0.012266
-5.600000 -0.000976
-5.400000 -0.010864
-5.200000 0.004687
-5.000000 -0.002270
-4.800000 0.008600
-4.600000 0.005309
-4.400000 0.008576
-4.200000 0.010413
-4.000000 0.002622
-3.800000 0.009958
-3.600000 -0.003512
-3.400000 0.006176
-3.200000 -0.010053
-3.000000 -0.000486
-2.800000 -0.013357
-2.600000 -0.010692
-2.400000 -0.019905
-2.200000 -0.026434
-2.000000 -0.035237
-1.800000 -0.058600
-1.600000 -0.076287
-1.400000 -0.121512
-1.200000 -0.167757
-1.000000 -0.253193
-0.800000 -0.353761
-0.600000 -0.504636
-0.400000 -0.695324
-0.200000 -0.934061
0.000000 -1.209137
0.200000 -1.490374
0.400000 -1.733821
0.600000 -1.873810
0.800000 -1.881445
1.000000 -1.750298
1.200000 -1.510340
1.400000 -1.236449
1.600000 -0.960172
1.800000 -0.716141
2.000000 -0.524393
2.200000 -0.376049
2.400000 -0.262746
2.600000 -0.182120
2.800000 -0.134501
3.000000 -0.084744
3.200000 -0.070823
3.400000 -0.049217
3.600000 -0.057308
3.800000 -0.070013
4.000000 -0.125109
4.200000 -0.245901
4.400000 -0.492537
4.600000 -1.002656
4.800000 -1.964537
5.000000 -3.662230
5.200000 -6.006698
5.400000 -7.956265
5.600000 -7.582721
5.800000 -5.303964
6.000000 -3.069538
6.200000 -1.605607
6.400000 -0.799700
6.600000 -0.391434
6.800000 -0.187700
7.000000 -0.092167
7.200000 -0.043968
7.400000 -0.020997
7.600000 -0.011365
7.800000 -0.003890
8.000000 -0.003491
8.200000 -0.000723
8.400000 -0.000352
8.600000 -0.001030
8.800000 0.001087
9.000000 -0.001093
9.200000 0.000801
9.400000 0.000069
9.600000 -0.000505
9.800000 0.001114
10.000000 -0.001217
10.200000 0.000770
10.400000 -0.000424
10.600000 -0.000521
10.800000 0.000957
11.000000 -0.001147
11.200000 0.001120
11.400000 -0.000441
11.600000 -0.000146
11.800000 0.000845
12.000000 -0.001203
12.200000 0.001058
12.400000 -0.000804
12.600000 0.000024
12.800000 0.000669
13.000000 -0.000985
13.200000 0.001205
13.400000 -0.000853
13.600000 0.000210
13.800000 0.000386
14.000000 -0.000994
14.200000 0.001181
14.400000 -0.000964
14.600000 0.000528
14.800000 0.000180
15.000000 -0.000792
15.200000 0.001081
15.400000 -0.001069
15.600000 0.000673
15.800000 -0.000053
16.000000 -0.000569
16.200000 0.001028
16.400000 -0.001098
16.600000 0.000817
16.800000 -0.000318
17.000000 -0.000345
17.200000 0.000887
17.400000 -0.001062
17.600000 0.000925
17.800000 -0.000507
18.000000 -0.000135
18.200000 0.000721
18.400000 -0.001029
18.600000 0.001023
18.800000 -0.000700
19.000000 0.000133
19.200000 0.000466
19.400000 -0.000877
19.600000 0.000984
19.800000 -0.000767
20.000000 0.000287
20.200000 0.000296
20.400000 -0.000771
20.600000 0.000983
20.800000 -0.000880
21.000000 0.000494
21.200000 0.000043
21.400000 -0.000544
21.600000 0.000847
21.800000 -0.000862
22.000000 0.000587
22.200000 -0.000125
22.400000 -0.000358
22.600000 0.000711
22.800000 -0.000825
23.000000 0.000663
23.200000 -0.000294
23.400000 -0.000143
23.600000 0.000508
23.800000 -0.000694
24.000000 0.000639
24.200000 -0.000373
24.400000 0.000004
24.600000 0.000340
24.800000 -0.000562
25.000000 0.000598
25.200000 -0.000442
25.400000 0.000164
25.600000 0.000129
25.800000 -0.000348
26.000000 0.000436
26.200000 -0.000376
26.400000 0.000197
26.600000 0.000026
26.800000 -0.000213
27.000000 0.000313
27.200000 -0.000311
27.400000 0.000220
27.600000 -0.000075
27.800000 -0.000075
28.000000 0.000174
28.200000 -0.000194
28.400000 0.000166
28.600000 -0.000110
28.800000 0.000014
29.000000 0.000064
29.200000 -0.000075
29.400000 0.000107
29.600000 -0.000113
29.800000 -0.000025
