-30.000000 -0.000000
-29.600000 -0.000000
-29.200000 -0.000000
-28.800000 -0.000000
-28.400000 -0.000000
-28.000000 -0.000000
-27.600000 -0.000000
-27.200000 -0.000000
-26.800000 -0.000000
-26.400000 -0.000000
-26.000000 -0.000000
-25.600000 -0.000000
-25.200000 -0.000000
-24.800000 -0.000000
-24.400000 -0.000000
-24.000000 -0.000000
-23.600000 -0.000000
-23.200000 -0.000000
-22.800000 -0.000000
-22.400000 -0.000000
-22.000000 -0.000000
-21.600000 -0.000000
-21.200000 -0.000000
-20.800000 -0.000000
-20.400000 -0.000000
-20.000000 -0.000000
-19.600000 -0.000000
-19.200000 -0.000000
-18.800000 -0.000000
-18.400000 -0.000000
-18.000000 -0.000000
-17.600000 -0.000000
-17.200000 -0.000000
-16.800000 -0.000000
-16.400000 -0.000000
-16.000000 -0.000000
-15.600000 -0.000000
-15.200000 -0.000000
-14.800000 -0.000000
-14.400000 -0.000000
-14.000000 -0.000000
-13.600000 -0.000000
-13.200000 -0.000000
-12.800000 -0.000000
-12.400000 -0.000000
-12.000000 -0.000000
-11.600000 -0.000000
-11.200000 -0.000000
-10.800000 -0.000000
-10.400000 -0.000000
-10.000000 -0.000000
-9.600000 -0.000000
-9.200000 -0.000000
-8.800000 -0.000000
-8.400000 -0.000001
-8.000000 -0.000001
-7.600000 -0.000003
-7.200000 -0.000006
-6.800000 -0.000014
-6.400000 -0.000031
-6.000000 -0.000069
-5.600000 -0.000154
-5.200000 -0.000342
-4.800000 -0.000753
-4.400000 -0.001638
-4.000000 -0.003469
-3.600000 -0.006966
-3.200000 -0.012963
-2.800000 -0.025836
-2.400000 -0.080858
-2.000000 -0.242235
-1.600000 -0.452426
-1.200000 -1.220894
-0.800000 -1.595363
-0.400000 -0.077604
0.000000 -2.464379
0.400000 7.425761
0.800000 -5.755310
1.200000 -15.823025
1.600000 -6.534063
2.000000 -2.058540
2.400000 -0.667266
2.800000 -0.240340
3.200000 -0.093398
3.600000 -0.038370
4.000000 -0.016430
4.400000 -0.007210
4.800000 -0.003204
5.200000 -0.001432
5.600000 -0.000642
6.000000 -0.000288
6.400000 -0.000129
6.800000 -0.000058
7.200000 -0.000026
7.600000 -0.000012
8.000000 -0.000005
8.400000 -0.000002
8.800000 -0.000001
9.200000 -0.000000
9.600000 -0.000000
10.000000 -0.000000
10.400000 -0.000000
10.800000 -0.000000
11.200000 -0.000000
11.600000 -0.000000
12.000000 -0.000000
12.400000 -0.000000
12.800000 -0.000000
13.200000 -0.000000
13.600000 -0.000000
14.000000 -0.000000
14.400000 -0.000000
14.800000 -0.000000
15.200000 -0.000000
15.600000 -0.000000
16.000000 -0.000000
16.400000 -0.000000
16.800000 -0.000000
17.200000 -0.000000
17.600000 -0.000000
18.000000 -0.000000
18.400000 -0.000000
18.800000 -0.000000
19.200000 -0.000000
19.600000 -0.000000
20.000000 -0.000000
20.400000 -0.000000
20.800000 -0.000000
21.200000 -0.000000
21.600000 -0.000000
22.000000 -0.000000
22.400000 -0.000000
22.800000 -0.000000
23.200000 -0.000000
23.600000 -0.000000
24.000000 -0.000000
24.400000 -0.000000
24.800000 -0.000000
25.200000 -0.000000
25.600000 -0.000000
26.000000 -0.000000
26.400000 -0.000000
26.800000 -0.000000
27.200000 -0.000000
27.600000 -0.000000
28.000000 -0.000000
28.400000 -0.000000
28.800000 -0.000000
29.200000 -0.000000
29.600000 -0.000000
