-30.000000 -0.000010
-29.950000 -0.000006
-29.900000 -0.000012
-29.850000 -0.000005
-29.800000 -0.000008
-29.750000 0.000001
-29.700000 -0.000001
-29.650000 0.000008
-29.600000 0.000005
-29.550000 0.000013
-29.500000 0.000008
-29.450000 0.000013
-29.400000 0.000005
-29.350000 0.000008
-29.300000 -0.000001
-29.250000 0.000001
-29.200000 -0.000009
-29.150000 -0.000006
-29.100000 -0.000014
-29.050000 -0.000009
-29.000000 -0.000014
-28.950000 -0.000006
-28.900000 -0.000009
-28.850000 0.000000
-28.800000 -0.000001
-28.750000 0.000009
-28.700000 0.000006
-28.650000 0.000014
-28.600000 0.000010
-28.550000 0.000015
-28.500000 0.000007
-28.450000 0.000010
-28.400000 0.000001
-28.350000 0.000002
-28.300000 -0.000008
-28.250000 -0.000006
-28.200000 -0.000015
-28.150000 -0.000010
-28.100000 -0.000016
-28.050000 -0.000009
-28.000000 -0.000012
-27.950000 -0.000002
-27.900000 -0.000003
-27.850000 0.000007
-27.800000 0.000006
-27.750000 0.000015
-27.700000 0.000011
-27.650000 0.000017
-27.600000 0.000011
-27.550000 0.000013
-27.500000 0.000004
-27.450000 0.000005
-27.400000 -0.000005
-27.350000 -0.000005
-27.300000 -0.000014
-27.250000 -0.000012
-27.200000 -0.000018
-27.150000 -0.000012
-27.100000 -0.000015
-27.050000 -0.000007
-27.000000 -0.000007
-26.950000 0.000003
-26.900000 0.000003
-26.850000 0.000013
-26.800000 0.000012
-26.750000 0.000019
-26.700000 0.000014
-26.650000 0.000018
-26.600000 0.000010
-26.550000 0.000010
-26.500000 0.000000
-26.450000 -0.000001
-26.400000 -0.000011
-26.350000 -0.000011
-26.300000 -0.000019
-26.250000 -0.000016
-26.200000 -0.000020
-26.150000 -0.000013
-26.100000 -0.000014
-26.050000 -0.000004
-26.000000 -0.000003
-25.950000 0.000008
-25.900000 0.000009
-25.850000 0.000018
-25.800000 0.000016
-25.750000 0.000022
-25.700000 0.000016
-25.650000 0.000017
-25.600000 0.000009
-25.550000 0.000007
-25.500000 -0.000003
-25.450000 -0.000006
-25.400000 -0.000015
-25.350000 -0.000016
-25.300000 -0.000022
-25.250000 -0.000019
-25.200000 -0.000021
-25.150000 -0.000014
-25.100000 -0.000012
-25.050000 -0.000002
-25.000000 0.000001
-24.950000 0.000011
-24.900000 0.000014
-24.850000 0.000021
-24.800000 0.000021
-24.750000 0.000024
-24.700000 0.000019
-24.650000 0.000018
-24.600000 0.000009
-24.550000 0.000006
-24.500000 -0.000005
-24.450000 -0.000009
-24.400000 -0.000018
-24.350000 -0.000020
-24.300000 -0.000025
-24.250000 -0.000023
-24.200000 -0.000024
-24.150000 -0.000017
-24.100000 -0.000013
-24.050000 -0.000003
-24.000000 0.000002
-23.950000 0.000012
-23.900000 0.000017
-23.850000 0.000024
-23.800000 0.000025
-23.750000 0.000028
-23.700000 0.000024
-23.650000 0.000021
-23.600000 0.000013
-23.550000 0.000007
-23.500000 -0.000003
-23.450000 -0.000010
-23.400000 -0.000019
-23.350000 -0.000023
-23.300000 -0.000029
-23.250000 -0.000028
-23.200000 -0.000028
-23.150000 -0.000023
-23.100000 -0.000018
-23.050000 -0.000009
-23.000000 -0.000001
-22.950000 0.000009
-22.900000 0.000017
-22.850000 0.000025
-22.800000 0.000029
-22.750000 0.000032
-22.700000 0.000030
-22.650000 0.000028
-22.600000 0.000021
-22.550000 0.000014
-22.500000 0.000004
-22.450000 -0.000005
-22.400000 -0.000015
-22.350000 -0.000023
-22.300000 -0.000030
-22.250000 -0.000033
-22.200000 -0.000035
-22.150000 -0.000032
-22.100000 -0.000027
-22.050000 -0.000019
-22.000000 -0.000010
-21.950000 0.000000
-21.900000 0.000011
-21.850000 0.000021
-21.800000 0.000029
-21.750000 0.000034
-21.700000 0.000037
-21.650000 0.000037
-21.600000 0.000034
-21.550000 0.000027
-21.500000 0.000018
-21.450000 0.000007
-21.400000 -0.000004
-21.350000 -0.000016
-21.300000 -0.000025
-21.250000 -0.000034
-21.200000 -0.000038
-21.150000 -0.000041
-21.100000 -0.000039
-21.050000 -0.000036
-21.000000 -0.000027
-20.950000 -0.000018
-20.900000 -0.000005
-20.850000 0.000006
-20.800000 0.000019
-20.750000 0.000029
-20.700000 0.000038
-20.650000 0.000042
-20.600000 0.000046
-20.550000 0.000042
-20.500000 0.000039
-20.450000 0.000029
-20.400000 0.000019
-20.350000 0.000005
-20.300000 -0.000007
-20.250000 -0.000022
-20.200000 -0.000031
-20.150000 -0.000042
-20.100000 -0.000046
-20.050000 -0.000050
-20.000000 -0.000047
-19.950000 -0.000043
-19.900000 -0.000032
-19.850000 -0.000023
-19.800000 -0.000007
-19.750000 0.000005
-19.700000 0.000022
-19.650000 0.000032
-19.600000 0.000045
-19.550000 0.000050
-19.500000 0.000055
-19.450000 0.000052
-19.400000 0.000050
-19.350000 0.000038
-19.300000 0.000029
-19.250000 0.000012
-19.200000 -0.000001
-19.150000 -0.000019
-19.100000 -0.000031
-19.050000 -0.000046
-19.000000 -0.000052
-18.950000 -0.000060
-18.900000 -0.000058
-18.850000 -0.000058
-18.800000 -0.000047
-18.750000 -0.000038
-18.700000 -0.000020
-18.650000 -0.000007
-18.600000 0.000013
-18.550000 0.000026
-18.500000 0.000044
-18.450000 0.000053
-18.400000 0.000064
-18.350000 0.000064
-18.300000 0.000067
-18.250000 0.000057
-18.200000 0.000051
-18.150000 0.000033
-18.100000 0.000020
-18.050000 -0.000002
-18.000000 -0.000016
-17.950000 -0.000038
-17.900000 -0.000049
-17.850000 -0.000065
-17.800000 -0.000069
-17.750000 -0.000075
-17.700000 -0.000069
-17.650000 -0.000066
-17.600000 -0.000050
-17.550000 -0.000038
-17.500000 -0.000016
-17.450000 0.000000
-17.400000 0.000024
-17.350000 0.000039
-17.300000 0.000060
-17.250000 0.000068
-17.200000 0.000081
-17.150000 0.000079
-17.100000 0.000081
-17.050000 0.000069
-17.000000 0.000061
-16.950000 0.000039
-16.900000 0.000024
-16.850000 -0.000002
-16.800000 -0.000020
-16.750000 -0.000045
-16.700000 -0.000059
-16.650000 -0.000079
-16.600000 -0.000084
-16.550000 -0.000093
-16.500000 -0.000087
-16.450000 -0.000085
-16.400000 -0.000067
-16.350000 -0.000055
-16.300000 -0.000029
-16.250000 -0.000011
-16.200000 0.000018
-16.150000 0.000037
-16.100000 0.000063
-16.050000 0.000076
-16.000000 0.000095
-15.950000 0.000097
-15.900000 0.000104
-15.850000 0.000094
-15.800000 0.000089
-15.750000 0.000067
-15.700000 0.000052
-15.650000 0.000022
-15.600000 0.000001
-15.550000 -0.000030
-15.500000 -0.000050
-15.450000 -0.000078
-15.400000 -0.000091
-15.350000 -0.000109
-15.300000 -0.000111
-15.250000 -0.000116
-15.200000 -0.000104
-15.150000 -0.000096
-15.100000 -0.000072
-15.050000 -0.000054
-15.000000 -0.000022
-14.950000 0.000002
-14.900000 0.000036
-14.850000 0.000059
-14.800000 0.000088
-14.750000 0.000103
-14.700000 0.000122
-14.650000 0.000125
-14.600000 0.000130
-14.550000 0.000119
-14.500000 0.000110
-14.450000 0.000085
-14.400000 0.000065
-14.350000 0.000030
-14.300000 0.000004
-14.250000 -0.000033
-14.200000 -0.000059
-14.150000 -0.000092
-14.100000 -0.000111
-14.050000 -0.000134
-14.000000 -0.000140
-13.950000 -0.000148
-13.900000 -0.000139
-13.850000 -0.000132
-13.800000 -0.000108
-13.750000 -0.000087
-13.700000 -0.000052
-13.650000 -0.000023
-13.600000 0.000017
-13.550000 0.000047
-13.500000 0.000085
-13.450000 0.000110
-13.400000 0.000139
-13.350000 0.000152
-13.300000 0.000166
-13.250000 0.000163
-13.200000 0.000161
-13.150000 0.000141
-13.100000 0.000123
-13.050000 0.000089
-13.000000 0.000060
-12.950000 0.000018
-12.900000 -0.000017
-12.850000 -0.000060
-12.800000 -0.000093
-12.750000 -0.000130
-12.700000 -0.000152
-12.650000 -0.000177
-12.600000 -0.000184
-12.550000 -0.000191
-12.500000 -0.000181
-12.450000 -0.000170
-12.400000 -0.000143
-12.350000 -0.000117
-12.300000 -0.000076
-12.250000 -0.000039
-12.200000 0.000008
-12.150000 0.000048
-12.100000 0.000094
-12.050000 0.000128
-12.000000 0.000166
-11.950000 0.000188
-11.900000 0.000210
-11.850000 0.000215
-11.800000 0.000218
-11.750000 0.000204
-11.700000 0.000188
-11.650000 0.000156
-11.600000 0.000124
-11.550000 0.000078
-11.500000 0.000036
-11.450000 -0.000016
-11.400000 -0.000061
-11.350000 -0.000111
-11.300000 -0.000151
-11.250000 -0.000191
-11.200000 -0.000218
-11.150000 -0.000242
-11.100000 -0.000249
-11.050000 -0.000253
-11.000000 -0.000240
-10.950000 -0.000223
-10.900000 -0.000191
-10.850000 -0.000156
-10.800000 -0.000108
-10.750000 -0.000061
-10.700000 -0.000004
-10.650000 0.000047
-10.600000 0.000104
-10.550000 0.000152
-10.500000 0.000199
-10.450000 0.000235
-10.400000 0.000267
-10.350000 0.000284
-10.300000 0.000296
-10.250000 0.000291
-10.200000 0.000280
-10.150000 0.000253
-10.100000 0.000221
-10.050000 0.000176
-10.000000 0.000127
-9.950000 0.000069
-9.900000 0.000011
-9.850000 -0.000052
-9.800000 -0.000111
-9.750000 -0.000170
-9.700000 -0.000221
-9.650000 -0.000268
-9.600000 -0.000302
-9.550000 -0.000331
-9.500000 -0.000344
-9.450000 -0.000349
-9.400000 -0.000338
-9.350000 -0.000319
-9.300000 -0.000286
-9.250000 -0.000244
-9.200000 -0.000192
-9.150000 -0.000134
-9.100000 -0.000068
-9.050000 -0.000001
-9.000000 0.000069
-8.950000 0.000136
-8.900000 0.000201
-8.850000 0.000260
-8.800000 0.000313
-8.750000 0.000354
-8.700000 0.000387
-8.650000 0.000407
-8.600000 0.000416
-8.550000 0.000410
-8.500000 0.000393
-8.450000 0.000362
-8.400000 0.000321
-8.350000 0.000268
-8.300000 0.000207
-8.250000 0.000138
-8.200000 0.000064
-8.150000 -0.000013
-8.100000 -0.000091
-8.050000 -0.000168
-8.000000 -0.000242
-7.950000 -0.000309
-7.900000 -0.000370
-7.850000 -0.000420
-7.800000 -0.000460
-7.750000 -0.000488
-7.700000 -0.000503
-7.650000 -0.000504
-7.600000 -0.000492
-7.550000 -0.000466
-7.500000 -0.000428
-7.450000 -0.000377
-7.400000 -0.000317
-7.350000 -0.000246
-7.300000 -0.000169
-7.250000 -0.000085
-7.200000 0.000001
-7.150000 0.000089
-7.100000 0.000175
-7.050000 0.000260
-7.000000 0.000338
-6.950000 0.000410
-6.900000 0.000472
-6.850000 0.000525
-6.800000 0.000564
-6.750000 0.000592
-6.700000 0.000605
-6.650000 0.000606
-6.600000 0.000590
-6.550000 0.000562
-6.500000 0.000518
-6.450000 0.000465
-6.400000 0.000397
-6.350000 0.000321
-6.300000 0.000233
-6.250000 0.000142
-6.200000 0.000041
-6.150000 -0.000059
-6.100000 -0.000165
-6.050000 -0.000266
-6.000000 -0.000369
-5.950000 -0.000464
-5.900000 -0.000557
-5.850000 -0.000638
-5.800000 -0.000715
-5.750000 -0.000777
-5.700000 -0.000832
-5.650000 -0.000871
-5.600000 -0.000903
-5.550000 -0.000917
-5.500000 -0.000923
-5.450000 -0.000912
-5.400000 -0.000895
-5.350000 -0.000861
-5.300000 -0.000823
-5.250000 -0.000771
-5.200000 -0.000717
-5.150000 -0.000652
-5.100000 -0.000588
-5.050000 -0.000517
-5.000000 -0.000451
-4.950000 -0.000381
-4.900000 -0.000320
-4.850000 -0.000260
-4.800000 -0.000214
-4.750000 -0.000171
-4.700000 -0.000147
-4.650000 -0.000130
-4.600000 -0.000136
-4.550000 -0.000152
-4.500000 -0.000195
-4.450000 -0.000252
-4.400000 -0.000339
-4.350000 -0.000444
-4.300000 -0.000582
-4.250000 -0.000740
-4.200000 -0.000935
-4.150000 -0.001154
-4.100000 -0.001413
-4.050000 -0.001699
-4.000000 -0.002029
-3.950000 -0.002390
-3.900000 -0.002800
-3.850000 -0.003246
-3.800000 -0.003746
-3.750000 -0.004288
-3.700000 -0.004892
-3.650000 -0.005545
-3.600000 -0.006268
-3.550000 -0.007052
-3.500000 -0.007917
-3.450000 -0.008854
-3.400000 -0.009887
-3.350000 -0.011009
-3.300000 -0.012245
-3.250000 -0.013589
-3.200000 -0.015070
-3.150000 -0.016685
-3.100000 -0.018463
-3.050000 -0.020407
-3.000000 -0.022548
-2.950000 -0.024893
-2.900000 -0.027477
-2.850000 -0.030311
-2.800000 -0.033436
-2.750000 -0.036865
-2.700000 -0.040648
-2.650000 -0.044803
-2.600000 -0.049386
-2.550000 -0.054422
-2.500000 -0.059975
-2.450000 -0.066079
-2.400000 -0.072806
-2.350000 -0.080199
-2.300000 -0.088342
-2.250000 -0.097287
-2.200000 -0.107130
-2.150000 -0.117936
-2.100000 -0.129813
-2.050000 -0.142839
-2.000000 -0.157135
-1.950000 -0.172795
-1.900000 -0.189954
-1.850000 -0.208717
-1.800000 -0.229233
-1.750000 -0.251622
-1.700000 -0.276044
-1.650000 -0.302626
-1.600000 -0.331535
-1.550000 -0.362905
-1.500000 -0.396900
-1.450000 -0.433648
-1.400000 -0.473302
-1.350000 -0.515969
-1.300000 -0.561774
-1.250000 -0.610784
-1.200000 -0.663073
-1.150000 -0.718644
-1.100000 -0.777489
-1.050000 -0.839517
-1.000000 -0.904608
-0.950000 -0.972541
-0.900000 -1.043052
-0.850000 -1.115758
-0.800000 -1.190223
-0.750000 -1.265882
-0.700000 -1.342109
-0.650000 -1.418156
-0.600000 -1.493221
-0.550000 -1.566393
-0.500000 -1.636739
-0.450000 -1.703251
-0.400000 -1.764940
-0.350000 -1.820800
-0.300000 -1.869899
-0.250000 -1.911351
-0.200000 -1.944409
-0.150000 -1.968429
-0.100000 -1.982962
-0.050000 -1.987708
0.000000 -1.982588
0.050000 -1.967690
0.100000 -1.943325
0.150000 -1.909950
0.200000 -1.868218
0.250000 -1.818881
0.300000 -1.762834
0.350000 -1.701011
0.400000 -1.634423
0.450000 -1.564063
0.500000 -1.490939
0.550000 -1.415990
0.600000 -1.340127
0.650000 -1.264156
0.700000 -1.188828
0.750000 -1.114777
0.800000 -1.042572
0.850000 -0.972664
0.900000 -0.905445
0.950000 -0.841201
1.000000 -0.780171
1.050000 -0.722508
1.100000 -0.668335
1.150000 -0.617707
1.200000 -0.570672
1.250000 -0.527226
1.300000 -0.487382
1.350000 -0.451118
1.400000 -0.418444
1.450000 -0.389362
1.500000 -0.363920
1.550000 -0.342176
1.600000 -0.324262
1.650000 -0.310340
1.700000 -0.300669
1.750000 -0.295570
1.800000 -0.295495
1.850000 -0.300997
1.900000 -0.312800
1.950000 -0.331785
2.000000 -0.359060
2.050000 -0.395954
2.100000 -0.444100
2.150000 -0.505428
2.200000 -0.582254
2.250000 -0.677269
2.300000 -0.793615
2.350000 -0.934852
2.400000 -1.104984
2.450000 -1.308356
2.500000 -1.549559
2.550000 -1.833170
2.600000 -2.163442
2.650000 -2.543753
2.700000 -2.975967
2.750000 -3.459530
2.800000 -3.990510
2.850000 -4.560520
2.900000 -5.155854
2.950000 -5.756966
3.000000 -6.338719
3.050000 -6.871577
3.100000 -7.324015
3.150000 -7.665862
3.200000 -7.872260
3.250000 -7.927287
3.300000 -7.826527
3.350000 -7.577761
3.400000 -7.199724
3.450000 -6.719138
3.500000 -6.166920
3.550000 -5.574315
3.600000 -4.969790
3.650000 -4.376959
3.700000 -3.813690
3.750000 -3.292088
3.800000 -2.819159
3.850000 -2.397745
3.900000 -2.027589
3.950000 -1.706282
4.000000 -1.430096
4.050000 -1.194599
4.100000 -0.995130
4.150000 -0.827094
4.200000 -0.686175
4.250000 -0.568427
4.300000 -0.470338
4.350000 -0.388823
4.400000 -0.321217
4.450000 -0.265234
4.500000 -0.218937
4.550000 -0.180686
4.600000 -0.149110
4.650000 -0.123058
4.700000 -0.101574
4.750000 -0.083860
4.800000 -0.069260
4.850000 -0.057225
4.900000 -0.047305
4.950000 -0.039128
5.000000 -0.032386
5.050000 -0.026825
5.100000 -0.022238
5.150000 -0.018453
5.200000 -0.015327
5.250000 -0.012746
5.300000 -0.010613
5.350000 -0.008850
5.400000 -0.007391
5.450000 -0.006185
5.500000 -0.005187
5.550000 -0.004363
5.600000 -0.003682
5.650000 -0.003122
5.700000 -0.002663
5.750000 -0.002293
5.800000 -0.001998
5.850000 -0.001772
5.900000 -0.001609
5.950000 -0.001510
6.000000 -0.001473
6.050000 -0.001510
6.100000 -0.001627
6.150000 -0.001846
6.200000 -0.002187
6.250000 -0.002690
6.300000 -0.003400
6.350000 -0.004387
6.400000 -0.005737
6.450000 -0.007578
6.500000 -0.010069
6.550000 -0.013437
6.600000 -0.017976
6.650000 -0.024094
6.700000 -0.032325
6.750000 -0.043401
6.800000 -0.058291
6.850000 -0.078308
6.900000 -0.105196
6.950000 -0.141305
7.000000 -0.189757
7.050000 -0.254730
7.100000 -0.341752
7.150000 -0.458150
7.200000 -0.613534
7.250000 -0.820439
7.300000 -1.094994
7.350000 -1.457654
7.400000 -1.933728
7.450000 -2.553539
7.500000 -3.351570
7.550000 -4.363944
7.600000 -5.623006
7.650000 -7.147951
7.700000 -8.930672
7.750000 -10.918041
7.800000 -12.995090
7.850000 -14.978592
7.900000 -16.633047
7.950000 -17.716579
8.000000 -18.048250
8.050000 -17.569113
8.100000 -16.363787
8.150000 -14.629728
8.200000 -12.612336
8.250000 -10.540023
8.300000 -8.583792
8.350000 -6.846246
8.400000 -5.370808
8.450000 -4.159284
8.500000 -3.189124
8.550000 -2.426718
8.600000 -1.835935
8.650000 -1.382937
8.700000 -1.038296
8.750000 -0.777633
8.800000 -0.581334
8.850000 -0.433995
8.900000 -0.323663
8.950000 -0.241201
9.000000 -0.179641
9.050000 -0.133742
9.100000 -0.099534
9.150000 -0.074063
9.200000 -0.055096
9.250000 -0.040985
9.300000 -0.030481
9.350000 -0.022672
9.400000 -0.016857
9.450000 -0.012538
9.500000 -0.009320
9.550000 -0.006932
9.600000 -0.005151
9.650000 -0.003833
9.700000 -0.002846
9.750000 -0.002119
9.800000 -0.001572
9.850000 -0.001172
9.900000 -0.000868
9.950000 -0.000648
10.000000 -0.000479
10.050000 -0.000359
10.100000 -0.000264
10.150000 -0.000199
10.200000 -0.000145
10.250000 -0.000111
10.300000 -0.000079
10.350000 -0.000062
10.400000 -0.000043
10.450000 -0.000035
10.500000 -0.000023
10.550000 -0.000020
10.600000 -0.000012
10.650000 -0.000012
10.700000 -0.000006
10.750000 -0.000008
10.800000 -0.000003
10.850000 -0.000005
10.900000 -0.000001
10.950000 -0.000004
11.000000 -0.000000
11.050000 -0.000004
11.100000 0.000000
11.150000 -0.000003
11.200000 0.000001
11.250000 -0.000003
11.300000 0.000001
11.350000 -0.000002
11.400000 0.000002
11.450000 -0.000002
11.500000 0.000002
11.550000 -0.000001
11.600000 0.000002
11.650000 -0.000002
11.700000 0.000002
11.750000 -0.000002
11.800000 0.000002
11.850000 -0.000002
11.900000 0.000002
11.950000 -0.000002
12.000000 0.000002
12.050000 -0.000001
12.100000 0.000002
12.150000 -0.000001
12.200000 0.000002
12.250000 -0.000001
12.300000 0.000002
12.350000 -0.000002
12.400000 0.000002
12.450000 -0.000002
12.500000 0.000001
12.550000 -0.000002
12.600000 0.000001
12.650000 -0.000002
12.700000 0.000001
12.750000 -0.000002
12.800000 0.000001
12.850000 -0.000002
12.900000 0.000002
12.950000 -0.000001
13.000000 0.000002
13.050000 -0.000001
13.100000 0.000002
13.150000 -0.000001
13.200000 0.000002
13.250000 -0.000001
13.300000 0.000001
13.350000 -0.000002
13.400000 0.000001
13.450000 -0.000002
13.500000 0.000001
13.550000 -0.000002
13.600000 0.000001
13.650000 -0.000002
13.700000 0.000001
13.750000 -0.000001
13.800000 0.000002
13.850000 -0.000001
13.900000 0.000002
13.950000 -0.000001
14.000000 0.000002
14.050000 -0.000001
14.100000 0.000001
14.150000 -0.000001
14.200000 0.000001
14.250000 -0.000001
14.300000 0.000001
14.350000 -0.000001
14.400000 0.000001
14.450000 -0.000002
14.500000 0.000001
14.550000 -0.000002
14.600000 0.000001
14.650000 -0.000001
14.700000 0.000001
14.750000 -0.000001
14.800000 0.000001
14.850000 -0.000000
14.900000 0.000002
14.950000 -0.000000
15.000000 0.000001
15.050000 -0.000001
15.100000 0.000001
15.150000 -0.000001
15.200000 0.000001
15.250000 -0.000001
15.300000 0.000000
15.350000 -0.000001
15.400000 0.000000
15.450000 -0.000001
15.500000 0.000001
15.550000 -0.000001
15.600000 0.000001
15.650000 -0.000000
15.700000 0.000001
15.750000 -0.000000
15.800000 0.000001
15.850000 -0.000000
15.900000 0.000001
15.950000 -0.000001
16.000000 0.000000
16.050000 -0.000001
16.100000 0.000000
16.150000 -0.000001
16.200000 0.000000
16.250000 -0.000001
16.300000 0.000001
16.350000 -0.000000
16.400000 0.000001
16.450000 -0.000000
16.500000 0.000001
16.550000 -0.000000
16.600000 0.000000
16.650000 -0.000000
16.700000 0.000000
16.750000 -0.000001
16.800000 -0.000000
16.850000 -0.000001
16.900000 -0.000000
16.950000 -0.000000
17.000000 0.000000
17.050000 -0.000000
17.100000 0.000000
17.150000 0.000000
17.200000 0.000000
17.250000 0.000000
17.300000 0.000000
17.350000 0.000000
17.400000 0.000000
17.450000 0.000000
17.500000 0.000000
17.550000 0.000000
17.600000 -0.000000
17.650000 0.000000
17.700000 -0.000000
17.750000 -0.000000
17.800000 -0.000000
17.850000 -0.000000
17.900000 -0.000001
17.950000 -0.000000
18.000000 -0.000001
18.050000 0.000000
18.100000 -0.000000
18.150000 0.000000
18.200000 -0.000000
18.250000 0.000001
18.300000 0.000000
18.350000 0.000001
18.400000 0.000000
18.450000 0.000001
18.500000 -0.000000
18.550000 0.000001
18.600000 -0.000001
18.650000 0.000000
18.700000 -0.000001
18.750000 0.000000
18.800000 -0.000001
18.850000 0.000000
18.900000 -0.000001
18.950000 0.000001
19.000000 -0.000001
19.050000 0.000001
19.100000 -0.000000
19.150000 0.000001
19.200000 -0.000000
19.250000 0.000001
19.300000 -0.000001
19.350000 0.000001
19.400000 -0.000001
19.450000 0.000001
19.500000 -0.000001
19.550000 0.000000
19.600000 -0.000001
19.650000 0.000001
19.700000 -0.000001
19.750000 0.000001
19.800000 -0.000001
19.850000 0.000001
19.900000 -0.000001
19.950000 0.000001
20.000000 -0.000001
20.050000 0.000001
20.100000 -0.000001
20.150000 0.000001
20.200000 -0.000001
20.250000 0.000001
20.300000 -0.000001
20.350000 0.000001
20.400000 -0.000001
20.450000 0.000001
20.500000 -0.000001
20.550000 0.000001
20.600000 -0.000001
20.650000 0.000001
20.700000 -0.000001
20.750000 0.000002
20.800000 -0.000001
20.850000 0.000001
20.900000 -0.000001
20.950000 0.000001
21.000000 -0.000001
21.050000 0.000001
21.100000 -0.000001
21.150000 0.000001
21.200000 -0.000002
21.250000 0.000001
21.300000 -0.000002
21.350000 0.000001
21.400000 -0.000002
21.450000 0.000001
21.500000 -0.000002
21.550000 0.000001
21.600000 -0.000001
21.650000 0.000002
21.700000 -0.000001
21.750000 0.000002
21.800000 -0.000001
21.850000 0.000002
21.900000 -0.000001
21.950000 0.000002
22.000000 -0.000001
22.050000 0.000001
22.100000 -0.000002
22.150000 0.000001
22.200000 -0.000002
22.250000 0.000001
22.300000 -0.000002
22.350000 0.000001
22.400000 -0.000002
22.450000 0.000002
22.500000 -0.000001
22.550000 0.000002
22.600000 -0.000001
22.650000 0.000002
22.700000 -0.000001
22.750000 0.000002
22.800000 -0.000002
22.850000 0.000001
22.900000 -0.000002
22.950000 0.000001
23.000000 -0.000002
23.050000 0.000001
23.100000 -0.000002
23.150000 0.000001
23.200000 -0.000001
23.250000 0.000002
23.300000 -0.000001
23.350000 0.000002
23.400000 -0.000001
23.450000 0.000002
23.500000 -0.000001
23.550000 0.000002
23.600000 -0.000002
23.650000 0.000001
23.700000 -0.000002
23.750000 0.000001
23.800000 -0.000002
23.850000 0.000001
23.900000 -0.000002
23.950000 0.000001
24.000000 -0.000001
24.050000 0.000002
24.100000 -0.000001
24.150000 0.000002
24.200000 -0.000001
24.250000 0.000002
24.300000 -0.000001
24.350000 0.000001
24.400000 -0.000001
24.450000 0.000001
24.500000 -0.000002
24.550000 0.000001
24.600000 -0.000002
24.650000 0.000001
24.700000 -0.000001
24.750000 0.000001
24.800000 -0.000001
24.850000 0.000001
24.900000 -0.000001
24.950000 0.000001
25.000000 -0.000001
25.050000 0.000001
25.100000 -0.000001
25.150000 0.000001
25.200000 -0.000001
25.250000 0.000001
25.300000 -0.000001
25.350000 0.000001
25.400000 -0.000001
25.450000 0.000001
25.500000 -0.000001
25.550000 0.000001
25.600000 -0.000001
25.650000 0.000001
25.700000 -0.000001
25.750000 0.000001
25.800000 -0.000001
25.850000 0.000001
25.900000 -0.000001
25.950000 0.000001
26.000000 -0.000001
26.050000 0.000002
26.100000 -0.000001
26.150000 0.000001
26.200000 -0.000001
26.250000 0.000001
26.300000 -0.000001
26.350000 0.000000
26.400000 -0.000001
26.450000 0.000000
26.500000 -0.000001
26.550000 0.000001
26.600000 -0.000001
26.650000 0.000001
26.700000 -0.000000
26.750000 0.000001
26.800000 -0.000000
26.850000 0.000001
26.900000 -0.000001
26.950000 0.000001
27.000000 -0.000001
27.050000 0.000000
27.100000 -0.000001
27.150000 0.000000
27.200000 -0.000001
27.250000 0.000000
27.300000 -0.000001
27.350000 0.000001
27.400000 -0.000000
27.450000 0.000001
27.500000 -0.000000
27.550000 0.000001
27.600000 -0.000000
27.650000 0.000001
27.700000 -0.000000
27.750000 0.000000
27.800000 -0.000000
27.850000 0.000000
27.900000 -0.000000
27.950000 0.000000
28.000000 -0.000001
28.050000 0.000000
28.100000 -0.000000
28.150000 0.000000
28.200000 -0.000000
28.250000 0.000000
28.300000 -0.000000
28.350000 0.000000
28.400000 0.000000
28.450000 0.000000
28.500000 0.000000
28.550000 0.000000
28.600000 -0.000000
28.650000 -0.000000
28.700000 -0.000000
28.750000 -0.000000
28.800000 -0.000000
28.850000 -0.000000
28.900000 0.000000
28.950000 -0.000000
29.000000 0.000000
29.050000 0.000000
29.100000 0.000000
29.150000 -0.000000
29.200000 0.000000
29.250000 -0.000000
29.300000 0.000000
29.350000 -0.000000
29.400000 0.000000
29.450000 -0.000000
29.500000 0.000000
29.550000 -0.000000
29.600000 0.000001
29.650000 -0.000000
29.700000 0.000000
29.750000 -0.000000
29.800000 0.000000
29.850000 -0.000001
29.900000 0.000000
29.950000 -0.000001
30.000000 0.000000
30.050000 -0.000001
30.100000 0.000001
30.150000 -0.000000
30.200000 0.000001
30.250000 -0.000000
30.300000 0.000001
30.350000 -0.000000
30.400000 0.000001
30.450000 -0.000001
30.500000 0.000000
30.550000 -0.000001
30.600000 0.000000
30.650000 -0.000001
30.700000 0.000000
30.750000 -0.000001
30.800000 0.000001
30.850000 -0.000000
30.900000 0.000001
30.950000 -0.000000
31.000000 0.000001
31.050000 -0.000001
31.100000 0.000001
31.150000 -0.000001
31.200000 0.000000
31.250000 -0.000001
31.300000 0.000000
31.350000 -0.000001
31.400000 0.000001
31.450000 -0.000001
31.500000 0.000001
31.550000 -0.000000
31.600000 0.000002
31.650000 -0.000000
31.700000 0.000001
31.750000 -0.000001
31.800000 0.000001
31.850000 -0.000001
31.900000 0.000001
31.950000 -0.000002
32.000000 0.000001
32.050000 -0.000001
32.100000 0.000001
32.150000 -0.000001
32.200000 0.000001
32.250000 -0.000001
32.300000 0.000002
32.350000 -0.000001
32.400000 0.000001
32.450000 -0.000001
32.500000 0.000001
32.550000 -0.000002
32.600000 0.000001
32.650000 -0.000002
32.700000 0.000001
32.750000 -0.000001
32.800000 0.000001
32.850000 -0.000001
32.900000 0.000002
32.950000 -0.000001
33.000000 0.000002
33.050000 -0.000001
33.100000 0.000001
33.150000 -0.000001
33.200000 0.000001
33.250000 -0.000002
33.300000 0.000001
33.350000 -0.000001
33.400000 0.000001
33.450000 -0.000001
33.500000 0.000002
33.550000 -0.000001
33.600000 0.000002
33.650000 -0.000001
33.700000 0.000001
33.750000 -0.000001
33.800000 0.000001
33.850000 -0.000002
33.900000 0.000001
33.950000 -0.000002
34.000000 0.000001
34.050000 -0.000001
34.100000 0.000002
34.150000 -0.000001
34.200000 0.000002
34.250000 -0.000001
34.300000 0.000002
34.350000 -0.000001
34.400000 0.000001
34.450000 -0.000002
34.500000 0.000001
34.550000 -0.000002
34.600000 0.000001
34.650000 -0.000002
34.700000 0.000001
34.750000 -0.000001
34.800000 0.000002
34.850000 -0.000001
34.900000 0.000002
34.950000 -0.000001
35.000000 0.000001
35.050000 -0.000001
35.100000 0.000001
35.150000 -0.000002
35.200000 0.000001
35.250000 -0.000002
35.300000 0.000001
35.350000 -0.000001
35.400000 0.000001
35.450000 -0.000001
35.500000 0.000002
35.550000 -0.000001
35.600000 0.000002
35.650000 -0.000001
35.700000 0.000001
35.750000 -0.000001
35.800000 0.000001
35.850000 -0.000002
35.900000 0.000001
35.950000 -0.000002
36.000000 0.000001
36.050000 -0.000001
36.100000 0.000001
36.150000 -0.000001
36.200000 0.000002
36.250000 -0.000001
36.300000 0.000001
36.350000 -0.000001
36.400000 0.000001
36.450000 -0.000001
36.500000 0.000001
36.550000 -0.000002
36.600000 0.000000
36.650000 -0.000001
36.700000 0.000001
36.750000 -0.000001
36.800000 0.000001
36.850000 -0.000000
36.900000 0.000001
36.950000 -0.000000
37.000000 0.000001
37.050000 -0.000001
37.100000 0.000001
37.150000 -0.000001
37.200000 0.000000
37.250000 -0.000001
37.300000 0.000000
37.350000 -0.000001
37.400000 0.000001
37.450000 -0.000000
37.500000 0.000001
37.550000 -0.000000
37.600000 0.000001
37.650000 -0.000000
37.700000 0.000001
37.750000 -0.000001
37.800000 0.000000
37.850000 -0.000001
37.900000 -0.000000
37.950000 -0.000001
38.000000 -0.000000
38.050000 -0.000001
38.100000 0.000001
38.150000 -0.000000
38.200000 0.000001
38.250000 0.000000
38.300000 0.000001
38.350000 0.000000
38.400000 0.000001
38.450000 -0.000000
38.500000 -0.000000
38.550000 -0.000001
38.600000 -0.000001
38.650000 -0.000001
38.700000 -0.000000
38.750000 -0.000001
38.800000 0.000000
38.850000 0.000000
38.900000 0.000001
38.950000 0.000001
39.000000 0.000001
39.050000 0.000001
39.100000 0.000001
39.150000 -0.000000
39.200000 -0.000000
39.250000 -0.000001
39.300000 -0.000001
39.350000 -0.000001
39.400000 -0.000001
39.450000 -0.000001
39.500000 -0.000000
39.550000 0.000000
39.600000 0.000001
39.650000 0.000001
39.700000 0.000001
39.750000 0.000001
39.800000 0.000001
39.850000 0.000000
39.900000 -0.000000
39.950000 -0.000001
40.000000 -0.000001
40.050000 -0.000001
40.100000 -0.000001
40.150000 -0.000001
40.200000 -0.000000
40.250000 0.000001
40.300000 0.000001
40.350000 0.000001
40.400000 0.000001
40.450000 0.000002
40.500000 0.000001
40.550000 0.000001
40.600000 -0.000001
40.650000 -0.000000
40.700000 -0.000002
40.750000 -0.000001
40.800000 -0.000002
40.850000 -0.000001
40.900000 -0.000001
40.950000 0.000000
41.000000 0.000000
41.050000 0.000002
41.100000 0.000001
41.150000 0.000002
41.200000 0.000001
41.250000 0.000001
41.300000 -0.000000
41.350000 0.000000
41.400000 -0.000002
41.450000 -0.000001
41.500000 -0.000002
41.550000 -0.000001
41.600000 -0.000002
41.650000 0.000000
41.700000 -0.000000
41.750000 0.000002
41.800000 0.000001
41.850000 0.000003
41.900000 0.000001
41.950000 0.000002
42.000000 0.000000
42.050000 0.000001
42.100000 -0.000002
42.150000 -0.000001
42.200000 -0.000003
42.250000 -0.000001
42.300000 -0.000003
42.350000 -0.000000
42.400000 -0.000001
42.450000 0.000001
42.500000 0.000000
42.550000 0.000003
42.600000 0.000001
42.650000 0.000003
42.700000 0.000001
42.750000 0.000002
42.800000 -0.000001
42.850000 -0.000000
42.900000 -0.000003
42.950000 -0.000001
43.000000 -0.000003
43.050000 -0.000001
43.100000 -0.000002
43.150000 0.000001
43.200000 -0.000000
43.250000 0.000002
43.300000 0.000001
43.350000 0.000003
43.400000 0.000001
43.450000 0.000003
43.500000 0.000000
43.550000 0.000001
43.600000 -0.000002
43.650000 -0.000001
43.700000 -0.000003
43.750000 -0.000002
43.800000 -0.000003
43.850000 -0.000001
43.900000 -0.000002
43.950000 0.000001
44.000000 0.000000
44.050000 0.000003
44.100000 0.000002
44.150000 0.000004
44.200000 0.000001
44.250000 0.000003
44.300000 -0.000001
44.350000 0.000000
44.400000 -0.000003
44.450000 -0.000001
44.500000 -0.000004
44.550000 -0.000002
44.600000 -0.000003
44.650000 -0.000000
44.700000 -0.000001
44.750000 0.000002
44.800000 0.000001
44.850000 0.000004
44.900000 0.000002
44.950000 0.000004
