-30.000000 0.000026
-29.950000 0.000015
-29.900000 0.000030
-29.850000 0.000010
-29.800000 0.000018
-29.750000 -0.000008
-29.700000 -0.000003
-29.650000 -0.000030
-29.600000 -0.000024
-29.550000 -0.000049
-29.500000 -0.000038
-29.450000 -0.000056
-29.400000 -0.000038
-29.350000 -0.000050
-29.300000 -0.000026
-29.250000 -0.000032
-29.200000 -0.000002
-29.150000 -0.000006
-29.100000 0.000025
-29.050000 0.000020
-29.000000 0.000048
-28.950000 0.000038
-28.900000 0.000060
-28.850000 0.000044
-28.800000 0.000058
-28.750000 0.000034
-28.700000 0.000041
-28.650000 0.000012
-28.600000 0.000015
-28.550000 -0.000017
-28.500000 -0.000013
-28.450000 -0.000043
-28.400000 -0.000035
-28.350000 -0.000060
-28.300000 -0.000046
-28.250000 -0.000063
-28.200000 -0.000041
-28.150000 -0.000052
-28.100000 -0.000023
-28.050000 -0.000028
-28.000000 0.000005
-27.950000 0.000002
-27.900000 0.000034
-27.850000 0.000029
-27.800000 0.000058
-27.750000 0.000046
-27.700000 0.000068
-27.650000 0.000049
-27.600000 0.000063
-27.550000 0.000035
-27.500000 0.000042
-27.450000 0.000009
-27.400000 0.000013
-27.350000 -0.000022
-27.300000 -0.000019
-27.250000 -0.000051
-27.200000 -0.000043
-27.150000 -0.000069
-27.100000 -0.000054
-27.050000 -0.000072
-27.000000 -0.000047
-26.950000 -0.000057
-26.900000 -0.000026
-26.850000 -0.000030
-26.800000 0.000006
-26.750000 0.000003
-26.700000 0.000039
-26.650000 0.000034
-26.600000 0.000065
-26.550000 0.000053
-26.500000 0.000077
-26.450000 0.000057
-26.400000 0.000072
-26.350000 0.000043
-26.300000 0.000050
-26.250000 0.000015
-26.200000 0.000018
-26.150000 -0.000019
-26.100000 -0.000017
-26.050000 -0.000053
-26.000000 -0.000046
-25.950000 -0.000076
-25.900000 -0.000061
-25.850000 -0.000082
-25.800000 -0.000058
-25.750000 -0.000070
-25.700000 -0.000038
-25.650000 -0.000043
-25.600000 -0.000005
-25.550000 -0.000007
-25.500000 0.000033
-25.450000 0.000030
-25.400000 0.000065
-25.350000 0.000057
-25.300000 0.000085
-25.250000 0.000067
-25.200000 0.000086
-25.150000 0.000059
-25.100000 0.000068
-25.050000 0.000033
-25.000000 0.000036
-24.950000 -0.000004
-24.900000 -0.000003
-24.850000 -0.000043
-24.800000 -0.000040
-24.750000 -0.000075
-24.700000 -0.000065
-24.650000 -0.000092
-24.600000 -0.000073
-24.550000 -0.000090
-24.500000 -0.000060
-24.450000 -0.000068
-24.400000 -0.000030
-24.350000 -0.000032
-24.300000 0.000010
-24.250000 0.000010
-24.200000 0.000051
-24.150000 0.000048
-24.100000 0.000084
-24.050000 0.000073
-24.000000 0.000099
-23.950000 0.000079
-23.900000 0.000094
-23.850000 0.000063
-23.800000 0.000069
-23.750000 0.000030
-23.700000 0.000030
-23.650000 -0.000013
-23.600000 -0.000014
-23.550000 -0.000056
-23.500000 -0.000054
-23.450000 -0.000090
-23.400000 -0.000079
-23.350000 -0.000106
-23.300000 -0.000085
-23.250000 -0.000100
-23.200000 -0.000069
-23.150000 -0.000074
-23.100000 -0.000034
-23.050000 -0.000033
-23.000000 0.000012
-22.950000 0.000014
-22.900000 0.000058
-22.850000 0.000057
-22.800000 0.000095
-22.750000 0.000086
-22.700000 0.000113
-22.650000 0.000093
-22.600000 0.000109
-22.550000 0.000078
-22.500000 0.000083
-22.450000 0.000042
-22.400000 0.000040
-22.350000 -0.000005
-22.300000 -0.000010
-22.250000 -0.000055
-22.200000 -0.000057
-22.150000 -0.000096
-22.100000 -0.000090
-22.050000 -0.000119
-22.000000 -0.000102
-21.950000 -0.000119
-21.900000 -0.000090
-21.850000 -0.000096
-21.800000 -0.000056
-21.750000 -0.000054
-21.700000 -0.000008
-21.650000 -0.000002
-21.600000 0.000045
-21.550000 0.000050
-21.500000 0.000093
-21.450000 0.000090
-21.400000 0.000124
-21.350000 0.000110
-21.300000 0.000131
-21.250000 0.000105
-21.200000 0.000114
-21.150000 0.000076
-21.100000 0.000074
-21.050000 0.000028
-21.000000 0.000021
-20.950000 -0.000028
-20.900000 -0.000036
-20.850000 -0.000082
-20.800000 -0.000085
-20.750000 -0.000122
-20.700000 -0.000115
-20.650000 -0.000141
-20.600000 -0.000120
-20.550000 -0.000133
-20.500000 -0.000100
-20.450000 -0.000101
-20.400000 -0.000057
-20.350000 -0.000049
-20.300000 0.000000
-20.250000 0.000011
-20.200000 0.000060
-20.150000 0.000068
-20.100000 0.000112
-20.050000 0.000112
-20.000000 0.000145
-19.950000 0.000132
-19.900000 0.000152
-19.850000 0.000126
-19.800000 0.000131
-19.750000 0.000092
-19.700000 0.000087
-19.650000 0.000039
-19.600000 0.000026
-19.550000 -0.000025
-19.500000 -0.000038
-19.450000 -0.000088
-19.400000 -0.000095
-19.350000 -0.000136
-19.300000 -0.000134
-19.250000 -0.000162
-19.200000 -0.000146
-19.150000 -0.000160
-19.100000 -0.000130
-19.050000 -0.000130
-19.000000 -0.000087
-18.950000 -0.000077
-18.900000 -0.000026
-18.850000 -0.000010
-18.800000 0.000044
-18.750000 0.000059
-18.700000 0.000108
-18.650000 0.000116
-18.600000 0.000156
-18.550000 0.000152
-18.500000 0.000178
-18.450000 0.000160
-18.400000 0.000170
-18.350000 0.000137
-18.300000 0.000134
-18.250000 0.000088
-18.200000 0.000074
-18.150000 0.000021
-18.100000 0.000001
-18.050000 -0.000053
-18.000000 -0.000071
-17.950000 -0.000121
-17.900000 -0.000131
-17.850000 -0.000171
-17.800000 -0.000169
-17.750000 -0.000194
-17.700000 -0.000176
-17.650000 -0.000185
-17.600000 -0.000152
-17.550000 -0.000146
-17.500000 -0.000100
-17.450000 -0.000083
-17.400000 -0.000028
-17.350000 -0.000006
-17.300000 0.000051
-17.250000 0.000073
-17.200000 0.000125
-17.150000 0.000139
-17.100000 0.000181
-17.050000 0.000183
-17.000000 0.000210
-16.950000 0.000196
-16.900000 0.000206
-16.850000 0.000175
-16.800000 0.000170
-16.750000 0.000125
-16.700000 0.000106
-16.650000 0.000052
-16.600000 0.000026
-16.550000 -0.000032
-16.500000 -0.000059
-16.450000 -0.000115
-16.400000 -0.000135
-16.350000 -0.000182
-16.300000 -0.000191
-16.250000 -0.000223
-16.200000 -0.000216
-16.150000 -0.000231
-16.100000 -0.000207
-16.050000 -0.000205
-16.000000 -0.000164
-15.950000 -0.000147
-15.900000 -0.000095
-15.850000 -0.000067
-15.800000 -0.000008
-15.750000 0.000024
-15.700000 0.000084
-15.650000 0.000112
-15.600000 0.000165
-15.550000 0.000184
-15.500000 0.000225
-15.450000 0.000229
-15.400000 0.000253
-15.350000 0.000240
-15.300000 0.000246
-15.250000 0.000215
-15.200000 0.000203
-15.150000 0.000157
-15.100000 0.000131
-15.050000 0.000074
-15.000000 0.000040
-14.950000 -0.000023
-14.900000 -0.000059
-14.850000 -0.000119
-14.800000 -0.000150
-14.750000 -0.000202
-14.700000 -0.000221
-14.650000 -0.000258
-14.600000 -0.000262
-14.550000 -0.000281
-14.500000 -0.000266
-14.450000 -0.000266
-14.400000 -0.000232
-14.350000 -0.000215
-14.300000 -0.000165
-14.250000 -0.000134
-14.200000 -0.000073
-14.150000 -0.000034
-14.100000 0.000031
-14.050000 0.000072
-14.000000 0.000134
-13.950000 0.000170
-13.900000 0.000223
-13.850000 0.000246
-13.800000 0.000284
-13.750000 0.000291
-13.700000 0.000311
-13.650000 0.000298
-13.600000 0.000298
-13.550000 0.000266
-13.500000 0.000247
-13.450000 0.000198
-13.400000 0.000164
-13.350000 0.000103
-13.300000 0.000060
-13.250000 -0.000007
-13.200000 -0.000054
-13.150000 -0.000120
-13.100000 -0.000163
-13.050000 -0.000221
-13.000000 -0.000253
-12.950000 -0.000298
-12.900000 -0.000314
-12.850000 -0.000340
-12.800000 -0.000337
-12.750000 -0.000343
-12.700000 -0.000319
-12.650000 -0.000305
-12.600000 -0.000262
-12.550000 -0.000230
-12.500000 -0.000173
-12.450000 -0.000127
-12.400000 -0.000060
-12.350000 -0.000008
-12.300000 0.000062
-12.250000 0.000114
-12.200000 0.000180
-12.150000 0.000225
-12.100000 0.000281
-12.050000 0.000313
-12.000000 0.000352
-11.950000 0.000366
-11.900000 0.000386
-11.850000 0.000379
-11.800000 0.000378
-11.750000 0.000350
-11.700000 0.000328
-11.650000 0.000282
-11.600000 0.000242
-11.550000 0.000181
-11.500000 0.000129
-11.450000 0.000059
-11.400000 -0.000000
-11.350000 -0.000073
-11.300000 -0.000132
-11.250000 -0.000201
-11.200000 -0.000252
-11.150000 -0.000310
-11.100000 -0.000348
-11.050000 -0.000390
-11.000000 -0.000410
-10.950000 -0.000432
-10.900000 -0.000431
-10.850000 -0.000431
-10.800000 -0.000409
-10.750000 -0.000387
-10.700000 -0.000345
-10.650000 -0.000305
-10.600000 -0.000246
-10.550000 -0.000191
-10.500000 -0.000121
-10.450000 -0.000057
-10.400000 0.000019
-10.350000 0.000086
-10.300000 0.000160
-10.250000 0.000222
-10.200000 0.000289
-10.150000 0.000341
-10.100000 0.000394
-10.050000 0.000430
-10.000000 0.000464
-9.950000 0.000481
-9.900000 0.000494
-9.850000 0.000489
-9.800000 0.000480
-9.750000 0.000454
-9.700000 0.000424
-9.650000 0.000378
-9.600000 0.000329
-9.550000 0.000267
-9.500000 0.000204
-9.450000 0.000131
-9.400000 0.000059
-9.350000 -0.000019
-9.300000 -0.000093
-9.250000 -0.000171
-9.200000 -0.000241
-9.150000 -0.000311
-9.100000 -0.000371
-9.050000 -0.000428
-9.000000 -0.000473
-8.950000 -0.000513
-8.900000 -0.000539
-8.850000 -0.000558
-8.800000 -0.000564
-8.750000 -0.000561
-8.700000 -0.000545
-8.650000 -0.000520
-8.600000 -0.000483
-8.550000 -0.000438
-8.500000 -0.000384
-8.450000 -0.000323
-8.400000 -0.000254
-8.350000 -0.000181
-8.300000 -0.000103
-8.250000 -0.000023
-8.200000 0.000058
-8.150000 0.000138
-8.100000 0.000217
-8.050000 0.000293
-8.000000 0.000363
-7.950000 0.000429
-7.900000 0.000487
-7.850000 0.000539
-7.800000 0.000580
-7.750000 0.000613
-7.700000 0.000634
-7.650000 0.000647
-7.600000 0.000648
-7.550000 0.000640
-7.500000 0.000619
-7.450000 0.000591
-7.400000 0.000551
-7.350000 0.000505
-7.300000 0.000447
-7.250000 0.000385
-7.200000 0.000313
-7.150000 0.000240
-7.100000 0.000159
-7.050000 0.000079
-7.000000 -0.000008
-6.950000 -0.000089
-6.900000 -0.000176
-6.850000 -0.000255
-6.800000 -0.000336
-6.750000 -0.000408
-6.700000 -0.000480
-6.650000 -0.000541
-6.600000 -0.000600
-6.550000 -0.000646
-6.500000 -0.000690
-6.450000 -0.000719
-6.400000 -0.000745
-6.350000 -0.000755
-6.300000 -0.000764
-6.250000 -0.000755
-6.200000 -0.000745
-6.150000 -0.000718
-6.100000 -0.000691
-6.050000 -0.000647
-6.000000 -0.000604
-5.950000 -0.000546
-5.900000 -0.000491
-5.850000 -0.000422
-5.800000 -0.000358
-5.750000 -0.000280
-5.700000 -0.000210
-5.650000 -0.000128
-5.600000 -0.000056
-5.550000 0.000027
-5.500000 0.000098
-5.450000 0.000178
-5.400000 0.000243
-5.350000 0.000317
-5.300000 0.000373
-5.250000 0.000437
-5.200000 0.000483
-5.150000 0.000535
-5.100000 0.000567
-5.050000 0.000604
-5.000000 0.000621
-4.950000 0.000643
-4.900000 0.000642
-4.850000 0.000647
-4.800000 0.000629
-4.750000 0.000617
-4.700000 0.000580
-4.650000 0.000550
-4.600000 0.000495
-4.550000 0.000447
-4.500000 0.000373
-4.450000 0.000307
-4.400000 0.000215
-4.350000 0.000131
-4.300000 0.000021
-4.250000 -0.000081
-4.200000 -0.000210
-4.150000 -0.000331
-4.100000 -0.000479
-4.050000 -0.000621
-4.000000 -0.000790
-3.950000 -0.000954
-3.900000 -0.001147
-3.850000 -0.001335
-3.800000 -0.001555
-3.750000 -0.001772
-3.700000 -0.002024
-3.650000 -0.002276
-3.600000 -0.002566
-3.550000 -0.002860
-3.500000 -0.003198
-3.450000 -0.003544
-3.400000 -0.003940
-3.350000 -0.004350
-3.300000 -0.004819
-3.250000 -0.005308
-3.200000 -0.005865
-3.150000 -0.006454
-3.100000 -0.007121
-3.050000 -0.007831
-3.000000 -0.008634
-2.950000 -0.009495
-2.900000 -0.010465
-2.850000 -0.011512
-2.800000 -0.012688
-2.750000 -0.013962
-2.700000 -0.015391
-2.650000 -0.016945
-2.600000 -0.018683
-2.550000 -0.020577
-2.500000 -0.022693
-2.450000 -0.025004
-2.400000 -0.027579
-2.350000 -0.030397
-2.300000 -0.033532
-2.250000 -0.036967
-2.200000 -0.040781
-2.150000 -0.044964
-2.100000 -0.049602
-2.050000 -0.054690
-2.000000 -0.060323
-1.950000 -0.066505
-1.900000 -0.073339
-1.850000 -0.080838
-1.800000 -0.089117
-1.750000 -0.098198
-1.700000 -0.108209
-1.650000 -0.119183
-1.600000 -0.131262
-1.550000 -0.144492
-1.500000 -0.159027
-1.450000 -0.174928
-1.400000 -0.192366
-1.350000 -0.211411
-1.300000 -0.232249
-1.250000 -0.254963
-1.200000 -0.279750
-1.150000 -0.306703
-1.100000 -0.336023
-1.050000 -0.367808
-1.000000 -0.402259
-0.950000 -0.439463
-0.900000 -0.479612
-0.850000 -0.522771
-0.800000 -0.569100
-0.750000 -0.618623
-0.700000 -0.671448
-0.650000 -0.727531
-0.600000 -0.786899
-0.550000 -0.849409
-0.500000 -0.914973
-0.450000 -0.983317
-0.400000 -1.054206
-0.350000 -1.127202
-0.300000 -1.201896
-0.250000 -1.277666
-0.200000 -1.353917
-0.150000 -1.429841
-0.100000 -1.504669
-0.050000 -1.577436
0.000000 -1.647246
0.050000 -1.713043
0.100000 -1.773883
0.150000 -1.828720
0.200000 -1.876678
0.250000 -1.916839
0.300000 -1.948523
0.350000 -1.971063
0.400000 -1.984082
0.450000 -1.987263
0.500000 -1.980603
0.550000 -1.964174
0.600000 -1.938360
0.650000 -1.903597
0.700000 -1.860606
0.750000 -1.810109
0.800000 -1.753058
0.850000 -1.690347
0.900000 -1.623037
0.950000 -1.552067
1.000000 -1.478485
1.050000 -1.403168
1.100000 -1.327060
1.150000 -1.250898
1.200000 -1.175460
1.250000 -1.101306
1.300000 -1.029029
1.350000 -0.959000
1.400000 -0.891633
1.450000 -0.827126
1.500000 -0.765737
1.550000 -0.707523
1.600000 -0.652614
1.650000 -0.600959
1.700000 -0.552597
1.750000 -0.507399
1.800000 -0.465342
1.850000 -0.426249
1.900000 -0.390061
1.950000 -0.356572
2.000000 -0.325706
2.050000 -0.297246
2.100000 -0.271112
2.150000 -0.247088
2.200000 -0.225099
2.250000 -0.204937
2.300000 -0.186537
2.350000 -0.169702
2.400000 -0.154383
2.450000 -0.140397
2.500000 -0.127709
2.550000 -0.116152
2.600000 -0.105707
2.650000 -0.096224
2.700000 -0.087699
2.750000 -0.079997
2.800000 -0.073132
2.850000 -0.066985
2.900000 -0.061586
2.950000 -0.056834
3.000000 -0.052778
3.050000 -0.049336
3.100000 -0.046579
3.150000 -0.044449
3.200000 -0.043045
3.250000 -0.042340
3.300000 -0.042468
3.350000 -0.043443
3.400000 -0.045451
3.450000 -0.048563
3.500000 -0.053033
3.550000 -0.059019
3.600000 -0.066872
3.650000 -0.076869
3.700000 -0.089507
3.750000 -0.105235
3.800000 -0.124757
3.850000 -0.148768
3.900000 -0.178268
3.950000 -0.214302
4.000000 -0.258283
4.050000 -0.311742
4.100000 -0.376655
4.150000 -0.455196
4.200000 -0.550071
4.250000 -0.664257
4.300000 -0.801320
4.350000 -0.965119
4.400000 -1.160057
4.450000 -1.390693
4.500000 -1.661846
4.550000 -1.978012
4.600000 -2.343209
4.650000 -2.760066
4.700000 -3.229313
4.750000 -3.748516
4.800000 -4.311304
4.850000 -4.906071
4.900000 -5.515546
4.950000 -6.116388
5.000000 -6.680272
5.050000 -7.175538
5.100000 -7.570565
5.150000 -7.837352
5.200000 -7.955772
5.250000 -7.916443
5.300000 -7.722546
5.350000 -7.389016
5.400000 -6.940421
5.450000 -6.406987
5.500000 -5.820876
5.550000 -5.212338
5.600000 -4.607470
5.650000 -4.026569
5.700000 -3.484110
5.750000 -2.988918
5.800000 -2.545351
5.850000 -2.154073
5.900000 -1.813372
5.950000 -1.519767
6.000000 -1.269007
6.050000 -1.056316
6.100000 -0.877043
6.150000 -0.726613
6.200000 -0.600955
6.250000 -0.496274
6.300000 -0.409368
6.350000 -0.337318
6.400000 -0.277755
6.450000 -0.228529
6.500000 -0.187955
6.550000 -0.154488
6.600000 -0.126965
6.650000 -0.104285
6.700000 -0.085668
6.750000 -0.070332
6.800000 -0.057763
6.850000 -0.047406
6.900000 -0.038933
6.950000 -0.031944
7.000000 -0.026238
7.050000 -0.021521
7.100000 -0.017682
7.150000 -0.014499
7.200000 -0.011919
7.250000 -0.009768
7.300000 -0.008036
7.350000 -0.006582
7.400000 -0.005421
7.450000 -0.004436
7.500000 -0.003660
7.550000 -0.002991
7.600000 -0.002473
7.650000 -0.002017
7.700000 -0.001674
7.750000 -0.001360
7.800000 -0.001134
7.850000 -0.000917
7.900000 -0.000770
7.950000 -0.000617
8.000000 -0.000523
8.050000 -0.000415
8.100000 -0.000357
8.150000 -0.000279
8.200000 -0.000246
8.250000 -0.000187
8.300000 -0.000170
8.350000 -0.000125
8.400000 -0.000119
8.450000 -0.000083
8.500000 -0.000084
8.550000 -0.000054
8.600000 -0.000060
8.650000 -0.000034
8.700000 -0.000043
8.750000 -0.000020
8.800000 -0.000032
8.850000 -0.000011
8.900000 -0.000025
8.950000 -0.000005
9.000000 -0.000020
9.050000 -0.000002
9.100000 -0.000017
9.150000 0.000001
9.200000 -0.000015
9.250000 0.000003
9.300000 -0.000013
9.350000 0.000004
9.400000 -0.000012
9.450000 0.000005
9.500000 -0.000012
9.550000 0.000004
9.600000 -0.000013
9.650000 0.000002
9.700000 -0.000016
9.750000 -0.000002
9.800000 -0.000020
9.850000 -0.000008
9.900000 -0.000029
9.950000 -0.000019
10.000000 -0.000044
10.050000 -0.000040
10.100000 -0.000072
10.150000 -0.000078
10.200000 -0.000123
10.250000 -0.000148
10.300000 -0.000217
10.350000 -0.000273
10.400000 -0.000385
10.450000 -0.000500
10.500000 -0.000689
10.550000 -0.000907
10.600000 -0.001237
10.650000 -0.001644
10.700000 -0.002228
10.750000 -0.002977
10.800000 -0.004021
10.850000 -0.005389
10.900000 -0.007265
10.950000 -0.009754
11.000000 -0.013135
11.050000 -0.017646
11.100000 -0.023747
11.150000 -0.031916
11.200000 -0.042930
11.250000 -0.057698
11.300000 -0.077577
11.350000 -0.104245
11.400000 -0.140085
11.450000 -0.188145
11.500000 -0.252618
11.550000 -0.338943
11.600000 -0.454441
11.650000 -0.608600
11.700000 -0.813918
11.750000 -1.086366
11.800000 -1.446320
11.850000 -1.918903
11.900000 -2.534353
11.950000 -3.327017
12.000000 -4.333075
12.050000 -5.585032
12.100000 -7.102656
12.150000 -8.878769
12.200000 -10.861765
12.250000 -12.938485
12.300000 -14.927532
12.350000 -16.594321
12.400000 -17.696346
12.450000 -18.050036
12.500000 -17.592620
12.550000 -16.404926
12.600000 -14.682145
12.650000 -12.669260
12.700000 -10.595867
12.750000 -8.634769
12.800000 -6.890425
12.850000 -5.407621
12.900000 -4.189097
12.950000 -3.212733
13.000000 -2.445127
13.050000 -1.850101
13.100000 -1.393752
13.150000 -1.046482
13.200000 -0.783810
13.250000 -0.585963
13.300000 -0.437467
13.350000 -0.326248
13.400000 -0.243135
13.450000 -0.181075
13.500000 -0.134815
13.550000 -0.100326
13.600000 -0.074659
13.650000 -0.055533
13.700000 -0.041318
13.750000 -0.030723
13.800000 -0.022859
13.850000 -0.016991
13.900000 -0.012645
13.950000 -0.009395
14.000000 -0.006995
14.050000 -0.005193
14.100000 -0.003871
14.150000 -0.002870
14.200000 -0.002143
14.250000 -0.001585
14.300000 -0.001188
14.350000 -0.000875
14.400000 -0.000659
14.450000 -0.000482
14.500000 -0.000366
14.550000 -0.000264
14.600000 -0.000203
14.650000 -0.000142
14.700000 -0.000113
14.750000 -0.000075
14.800000 -0.000063
14.850000 -0.000039
14.900000 -0.000036
14.950000 -0.000020
15.000000 -0.000023
15.050000 -0.000010
15.100000 -0.000015
15.150000 -0.000005
15.200000 -0.000011
15.250000 -0.000001
15.300000 -0.000008
15.350000 0.000001
15.400000 -0.000005
15.450000 0.000003
15.500000 -0.000004
15.550000 0.000004
15.600000 -0.000003
15.650000 0.000004
15.700000 -0.000004
15.750000 0.000003
15.800000 -0.000005
15.850000 0.000002
15.900000 -0.000005
15.950000 0.000001
16.000000 -0.000005
16.050000 0.000002
16.100000 -0.000004
16.150000 0.000003
16.200000 -0.000002
16.250000 0.000004
16.300000 -0.000002
16.350000 0.000004
16.400000 -0.000002
16.450000 0.000004
16.500000 -0.000002
16.550000 0.000003
16.600000 -0.000003
16.650000 0.000002
16.700000 -0.000003
16.750000 0.000002
16.800000 -0.000003
16.850000 0.000002
16.900000 -0.000002
16.950000 0.000003
17.000000 -0.000002
17.050000 0.000003
17.100000 -0.000002
17.150000 0.000003
17.200000 -0.000002
17.250000 0.000002
17.300000 -0.000003
17.350000 0.000001
17.400000 -0.000003
17.450000 0.000001
17.500000 -0.000003
17.550000 0.000001
17.600000 -0.000002
17.650000 0.000002
17.700000 -0.000001
17.750000 0.000003
17.800000 -0.000000
17.850000 0.000003
17.900000 -0.000000
17.950000 0.000002
18.000000 -0.000001
18.050000 0.000001
18.100000 -0.000002
18.150000 0.000000
18.200000 -0.000002
18.250000 0.000000
18.300000 -0.000002
18.350000 0.000001
18.400000 -0.000001
18.450000 0.000001
18.500000 -0.000000
18.550000 0.000002
18.600000 0.000000
18.650000 0.000001
18.700000 -0.000000
18.750000 0.000000
18.800000 -0.000001
18.850000 -0.000001
18.900000 -0.000002
18.950000 -0.000001
19.000000 -0.000001
19.050000 -0.000000
19.100000 0.000000
19.150000 0.000001
19.200000 0.000001
19.250000 0.000002
19.300000 0.000002
19.350000 0.000001
19.400000 0.000001
19.450000 0.000000
19.500000 -0.000000
19.550000 -0.000001
19.600000 -0.000001
19.650000 -0.000002
19.700000 -0.000001
19.750000 -0.000002
19.800000 -0.000000
19.850000 -0.000001
19.900000 0.000002
19.950000 0.000001
20.000000 0.000003
20.050000 0.000001
20.100000 0.000003
20.150000 0.000000
20.200000 0.000001
20.250000 -0.000002
20.300000 -0.000000
20.350000 -0.000003
20.400000 -0.000001
20.450000 -0.000004
20.500000 -0.000001
20.550000 -0.000003
20.600000 0.000001
20.650000 -0.000001
20.700000 0.000003
20.750000 0.000001
20.800000 0.000004
20.850000 0.000001
20.900000 0.000004
20.950000 -0.000000
21.000000 0.000002
21.050000 -0.000003
21.100000 -0.000000
21.150000 -0.000004
21.200000 -0.000001
21.250000 -0.000005
21.300000 -0.000000
21.350000 -0.000003
21.400000 0.000002
21.450000 -0.000001
21.500000 0.000004
21.550000 0.000000
21.600000 0.000005
21.650000 0.000000
21.700000 0.000004
21.750000 -0.000002
21.800000 0.000002
21.850000 -0.000004
21.900000 0.000001
21.950000 -0.000005
22.000000 0.000000
22.050000 -0.000005
22.100000 0.000001
22.150000 -0.000003
22.200000 0.000004
22.250000 -0.000001
22.300000 0.000005
22.350000 -0.000000
22.400000 0.000006
22.450000 -0.000001
22.500000 0.000004
22.550000 -0.000003
22.600000 0.000002
22.650000 -0.000005
22.700000 0.000001
22.750000 -0.000006
22.800000 0.000001
22.850000 -0.000005
22.900000 0.000002
22.950000 -0.000004
23.000000 0.000005
23.050000 -0.000002
23.100000 0.000006
23.150000 -0.000001
23.200000 0.000006
23.250000 -0.000002
23.300000 0.000005
23.350000 -0.000004
23.400000 0.000003
23.450000 -0.000006
23.500000 0.000002
23.550000 -0.000007
23.600000 0.000002
23.650000 -0.000006
23.700000 0.000003
23.750000 -0.000004
23.800000 0.000005
23.850000 -0.000003
23.900000 0.000007
23.950000 -0.000002
24.000000 0.000007
24.050000 -0.000003
24.100000 0.000006
24.150000 -0.000004
24.200000 0.000004
24.250000 -0.000006
24.300000 0.000002
24.350000 -0.000007
24.400000 0.000002
24.450000 -0.000007
24.500000 0.000004
24.550000 -0.000005
24.600000 0.000006
24.650000 -0.000003
24.700000 0.000007
24.750000 -0.000002
24.800000 0.000007
24.850000 -0.000003
24.900000 0.000006
24.950000 -0.000005
25.000000 0.000004
25.050000 -0.000007
25.100000 0.000003
25.150000 -0.000008
25.200000 0.000003
25.250000 -0.000007
25.300000 0.000004
25.350000 -0.000005
25.400000 0.000006
25.450000 -0.000004
25.500000 0.000008
25.550000 -0.000003
25.600000 0.000008
25.650000 -0.000004
25.700000 0.000007
25.750000 -0.000006
25.800000 0.000005
25.850000 -0.000008
25.900000 0.000003
25.950000 -0.000009
26.000000 0.000003
26.050000 -0.000008
26.100000 0.000005
26.150000 -0.000006
26.200000 0.000007
26.250000 -0.000004
26.300000 0.000009
26.350000 -0.000003
26.400000 0.000009
26.450000 -0.000004
26.500000 0.000008
26.550000 -0.000006
26.600000 0.000005
26.650000 -0.000009
26.700000 0.000003
26.750000 -0.000010
26.800000 0.000003
26.850000 -0.000009
26.900000 0.000005
26.950000 -0.000007
27.000000 0.000008
27.050000 -0.000004
27.100000 0.000010
27.150000 -0.000003
27.200000 0.000010
27.250000 -0.000004
27.300000 0.000009
27.350000 -0.000006
27.400000 0.000006
27.450000 -0.000009
27.500000 0.000003
27.550000 -0.000011
27.600000 0.000003
27.650000 -0.000010
27.700000 0.000005
27.750000 -0.000008
27.800000 0.000008
27.850000 -0.000005
27.900000 0.000010
27.950000 -0.000003
28.000000 0.000011
28.050000 -0.000004
28.100000 0.000010
28.150000 -0.000006
28.200000 0.000007
28.250000 -0.000009
28.300000 0.000004
28.350000 -0.000011
28.400000 0.000003
28.450000 -0.000011
28.500000 0.000004
28.550000 -0.000009
28.600000 0.000007
28.650000 -0.000006
28.700000 0.000010
28.750000 -0.000004
28.800000 0.000012
28.850000 -0.000003
28.900000 0.000011
28.950000 -0.000005
29.000000 0.000008
29.050000 -0.000008
29.100000 0.000005
29.150000 -0.000011
29.200000 0.000003
29.250000 -0.000012
29.300000 0.000004
29.350000 -0.000011
29.400000 0.000006
29.450000 -0.000008
29.500000 0.000009
29.550000 -0.000004
29.600000 0.000012
29.650000 -0.000003
29.700000 0.000013
29.750000 -0.000004
29.800000 0.000010
29.850000 -0.000007
29.900000 0.000007
29.950000 -0.000011
30.000000 0.000004
30.050000 -0.000013
30.100000 0.000002
30.150000 -0.000013
30.200000 0.000004
30.250000 -0.000010
30.300000 0.000008
30.350000 -0.000006
30.400000 0.000012
30.450000 -0.000003
30.500000 0.000014
30.550000 -0.000002
30.600000 0.000013
30.650000 -0.000005
30.700000 0.000009
30.750000 -0.000009
30.800000 0.000005
30.850000 -0.000013
30.900000 0.000002
30.950000 -0.000014
31.000000 0.000003
31.050000 -0.000012
31.100000 0.000006
31.150000 -0.000008
31.200000 0.000010
31.250000 -0.000004
31.300000 0.000014
31.350000 -0.000002
31.400000 0.000014
31.450000 -0.000003
31.500000 0.000012
31.550000 -0.000007
31.600000 0.000007
31.650000 -0.000011
31.700000 0.000003
31.750000 -0.000014
31.800000 0.000002
31.850000 -0.000014
31.900000 0.000003
31.950000 -0.000011
32.000000 0.000007
32.050000 -0.000007
32.100000 0.000012
32.150000 -0.000003
32.200000 0.000014
32.250000 -0.000002
32.300000 0.000014
32.350000 -0.000004
32.400000 0.000011
32.450000 -0.000008
32.500000 0.000006
32.550000 -0.000012
32.600000 0.000002
32.650000 -0.000015
32.700000 0.000001
32.750000 -0.000014
32.800000 0.000004
32.850000 -0.000011
32.900000 0.000008
32.950000 -0.000006
33.000000 0.000013
33.050000 -0.000002
33.100000 0.000015
33.150000 -0.000001
33.200000 0.000014
33.250000 -0.000004
33.300000 0.000010
33.350000 -0.000008
33.400000 0.000005
33.450000 -0.000013
33.500000 0.000001
33.550000 -0.000016
33.600000 0.000000
33.650000 -0.000014
33.700000 0.000003
33.750000 -0.000010
33.800000 0.000009
33.850000 -0.000004
33.900000 0.000014
33.950000 -0.000000
34.000000 0.000016
34.050000 0.000000
34.100000 0.000015
34.150000 -0.000003
34.200000 0.000010
34.250000 -0.000009
34.300000 0.000004
34.350000 -0.000014
34.400000 -0.000000
34.450000 -0.000016
34.500000 -0.000000
34.550000 -0.000015
34.600000 0.000003
34.650000 -0.000009
34.700000 0.000009
34.750000 -0.000003
34.800000 0.000014
34.850000 0.000001
34.900000 0.000017
34.950000 0.000001
35.000000 0.000015
35.050000 -0.000003
35.100000 0.000009
35.150000 -0.000009
35.200000 0.000003
35.250000 -0.000014
35.300000 -0.000001
35.350000 -0.000017
35.400000 -0.000001
35.450000 -0.000015
35.500000 0.000002
35.550000 -0.000010
35.600000 0.000008
35.650000 -0.000003
35.700000 0.000014
35.750000 0.000001
35.800000 0.000017
35.850000 0.000002
35.900000 0.000016
35.950000 -0.000001
36.000000 0.000010
36.050000 -0.000007
36.100000 0.000004
36.150000 -0.000013
36.200000 -0.000002
36.250000 -0.000017
36.300000 -0.000003
36.350000 -0.000016
36.400000 -0.000000
36.450000 -0.000011
36.500000 0.000006
36.550000 -0.000004
36.600000 0.000013
36.650000 0.000002
36.700000 0.000017
36.750000 0.000004
36.800000 0.000017
36.850000 0.000002
36.900000 0.000012
36.950000 -0.000005
37.000000 0.000004
37.050000 -0.000012
37.100000 -0.000002
37.150000 -0.000017
37.200000 -0.000005
37.250000 -0.000018
37.300000 -0.000003
37.350000 -0.000013
37.400000 0.000003
37.450000 -0.000005
37.500000 0.000011
37.550000 0.000002
37.600000 0.000017
37.650000 0.000006
37.700000 0.000018
37.750000 0.000005
37.800000 0.000014
37.850000 -0.000001
37.900000 0.000007
37.950000 -0.000009
38.000000 -0.000001
38.050000 -0.000016
38.100000 -0.000006
38.150000 -0.000019
38.200000 -0.000006
38.250000 -0.000016
38.300000 -0.000001
38.350000 -0.000008
38.400000 0.000007
38.450000 0.000000
38.500000 0.000015
38.550000 0.000007
38.600000 0.000019
38.650000 0.000008
38.700000 0.000017
38.750000 0.000004
38.800000 0.000011
38.850000 -0.000004
38.900000 0.000001
38.950000 -0.000013
39.000000 -0.000006
39.050000 -0.000019
39.100000 -0.000010
39.150000 -0.000019
39.200000 -0.000007
39.250000 -0.000013
39.300000 0.000001
39.350000 -0.000004
39.400000 0.000011
39.450000 0.000006
39.500000 0.000018
39.550000 0.000011
39.600000 0.000020
39.650000 0.000010
39.700000 0.000016
39.750000 0.000002
39.800000 0.000006
39.850000 -0.000008
39.900000 -0.000004
39.950000 -0.000017
40.000000 -0.000011
40.050000 -0.000021
40.100000 -0.000012
40.150000 -0.000018
40.200000 -0.000006
40.250000 -0.000010
40.300000 0.000004
40.350000 0.000001
40.400000 0.000014
40.450000 0.000010
40.500000 0.000020
40.550000 0.000014
40.600000 0.000020
40.650000 0.000010
40.700000 0.000013
40.750000 0.000001
40.800000 0.000003
40.850000 -0.000010
40.900000 -0.000008
40.950000 -0.000019
41.000000 -0.000015
41.050000 -0.000022
41.100000 -0.000014
41.150000 -0.000018
41.200000 -0.000007
41.250000 -0.000007
41.300000 0.000005
41.350000 0.000005
41.400000 0.000016
41.450000 0.000014
41.500000 0.000022
41.550000 0.000017
41.600000 0.000021
41.650000 0.000012
41.700000 0.000013
41.750000 0.000001
41.800000 0.000000
41.850000 -0.000011
41.900000 -0.000012
41.950000 -0.000021
42.000000 -0.000018
42.050000 -0.000023
42.100000 -0.000017
42.150000 -0.000018
42.200000 -0.000008
42.250000 -0.000006
42.300000 0.000005
42.350000 0.000007
42.400000 0.000017
42.450000 0.000017
42.500000 0.000023
42.550000 0.000020
42.600000 0.000022
42.650000 0.000015
42.700000 0.000013
42.750000 0.000003
42.800000 -0.000000
42.850000 -0.000010
42.900000 -0.000013
42.950000 -0.000021
43.000000 -0.000021
43.050000 -0.000024
43.100000 -0.000020
43.150000 -0.000020
43.200000 -0.000012
43.250000 -0.000008
43.300000 0.000001
43.350000 0.000006
43.400000 0.000015
43.450000 0.000018
43.500000 0.000024
43.550000 0.000024
43.600000 0.000025
43.650000 0.000020
43.700000 0.000017
43.750000 0.000009
43.800000 0.000003
43.850000 -0.000006
43.900000 -0.000012
43.950000 -0.000020
44.000000 -0.000023
44.050000 -0.000027
44.100000 -0.000026
44.150000 -0.000024
44.200000 -0.000019
44.250000 -0.000013
44.300000 -0.000005
44.350000 0.000003
44.400000 0.000011
44.450000 0.000019
44.500000 0.000025
44.550000 0.000029
44.600000 0.000031
44.650000 0.000030
44.700000 0.000028
44.750000 0.000024
44.800000 0.000018
44.850000 0.000013
44.900000 0.000007
44.950000 0.000004
