-30.000000 -0.000000
-29.800000 -0.000000
-29.600000 -0.000000
-29.400000 -0.000000
-29.200000 -0.000000
-29.000000 -0.000000
-28.800000 -0.000000
-28.600000 -0.000000
-28.400000 -0.000000
-28.200000 -0.000000
-28.000000 -0.000000
-27.800000 -0.000000
-27.600000 -0.000000
-27.400000 -0.000000
-27.200000 -0.000000
-27.000000 -0.000000
-26.800000 -0.000000
-26.600000 -0.000000
-26.400000 -0.000000
-26.200000 -0.000000
-26.000000 -0.000000
-25.800000 -0.000000
-25.600000 -0.000000
-25.400000 -0.000000
-25.200000 -0.000000
-25.000000 -0.000000
-24.800000 -0.000000
-24.600000 -0.000000
-24.400000 -0.000000
-24.200000 -0.000000
-24.000000 -0.000000
-23.800000 -0.000000
-23.600000 -0.000000
-23.400000 -0.000000
-23.200000 -0.000000
-23.000000 -0.000000
-22.800000 -0.000000
-22.600000 -0.000000
-22.400000 -0.000000
-22.200000 -0.000000
-22.000000 -0.000000
-21.800000 -0.000000
-21.600000 -0.000000
-21.400000 -0.000000
-21.200000 -0.000000
-21.000000 -0.000000
-20.800000 -0.000000
-20.600000 -0.000000
-20.400000 -0.000000
-20.200000 -0.000000
-20.000000 -0.000000
-19.800000 -0.000000
-19.600000 -0.000000
-19.400000 -0.000000
-19.200000 -0.000000
-19.000000 -0.000000
-18.800000 -0.000000
-18.600000 -0.000000
-18.400000 -0.000000
-18.200000 -0.000000
-18.000000 -0.000000
-17.800000 -0.000000
-17.600000 -0.000000
-17.400000 -0.000000
-17.200000 -0.000000
-17.000000 -0.000000
-16.800000 -0.000000
-16.600000 -0.000000
-16.400000 -0.000000
-16.200000 -0.000000
-16.000000 -0.000000
-15.800000 -0.000000
-15.600000 -0.000000
-15.400000 -0.000000
-15.200000 -0.000000
-15.000000 -0.000000
-14.800000 -0.000000
-14.600000 -0.000000
-14.400000 -0.000000
-14.200000 -0.000000
-14.000000 -0.000000
-13.800000 -0.000000
-13.600000 -0.000000
-13.400000 -0.000000
-13.200000 -0.000000
-13.000000 -0.000000
-12.800000 -0.000000
-12.600000 -0.000000
-12.400000 -0.000000
-12.200000 -0.000000
-12.000000 -0.000000
-11.800000 -0.000000
-11.600000 -0.000000
-11.400000 -0.000000
-11.200000 -0.000000
-11.000000 -0.000000
-10.800000 -0.000000
-10.600000 -0.000000
-10.400000 -0.000000
-10.200000 -0.000000
-10.000000 -0.000000
-9.800000 -0.000000
-9.600000 -0.000000
-9.400000 -0.000000
-9.200000 -0.000000
-9.000000 -0.000000
-8.800000 -0.000000
-8.600000 -0.000000
-8.400000 -0.000001
-8.200000 -0.000001
-8.000000 -0.000002
-7.800000 -0.000002
-7.600000 -0.000004
-7.400000 -0.000005
-7.200000 -0.000008
-7.000000 -0.000012
-6.800000 -0.000018
-6.600000 -0.000026
-6.400000 -0.000041
-6.200000 -0.000065
-6.000000 -0.000071
-5.800000 -0.000134
-5.600000 -0.000239
-5.400000 -0.000271
-5.200000 -0.000399
-5.000000 -0.000560
-4.800000 -0.001131
-4.600000 -0.001673
-4.400000 -0.002119
-4.200000 -0.002826
-4.000000 -0.004098
-3.800000 -0.007536
-3.600000 -0.011883
-3.400000 -0.017986
-3.200000 -0.024020
-3.000000 -0.032801
-2.800000 -0.047504
-2.600000 -0.073062
-2.400000 -0.116171
-2.200000 -0.177916
-2.000000 -0.266412
-1.800000 -0.380921
-1.600000 -0.534104
-1.400000 -0.727316
-1.200000 -0.969182
-1.000000 -1.251511
-0.800000 -1.551881
-0.600000 -1.836373
-0.400000 -2.052390
-0.200000 -2.192367
0.000000 -2.272638
0.200000 -2.410249
0.400000 -2.749030
0.600000 -3.487570
0.800000 -4.733846
1.000000 -6.241888
1.200000 -7.144248
1.400000 -6.498841
1.600000 -4.762567
1.800000 -3.035890
2.000000 -1.802772
2.200000 -1.043565
2.400000 -0.604827
2.600000 -0.355203
2.800000 -0.212937
3.000000 -0.130083
3.200000 -0.080992
3.400000 -0.051371
3.600000 -0.032927
3.800000 -0.021517
4.000000 -0.014073
4.200000 -0.009348
4.400000 -0.006182
4.600000 -0.004111
4.800000 -0.002735
5.000000 -0.001837
5.200000 -0.001229
5.400000 -0.000818
5.600000 -0.000548
5.800000 -0.000362
6.000000 -0.000256
6.200000 -0.000158
6.400000 -0.000113
6.600000 -0.000074
6.800000 -0.000049
7.000000 -0.000033
7.200000 -0.000022
7.400000 -0.000015
7.600000 -0.000010
7.800000 -0.000007
8.000000 -0.000005
8.200000 -0.000003
8.400000 -0.000002
8.600000 -0.000001
8.800000 -0.000001
9.000000 -0.000001
9.200000 -0.000000
9.400000 -0.000000
9.600000 -0.000000
9.800000 -0.000000
10.000000 -0.000000
10.200000 -0.000000
10.400000 -0.000000
10.600000 -0.000000
10.800000 -0.000000
11.000000 -0.000000
11.200000 -0.000000
11.400000 -0.000000
11.600000 -0.000000
11.800000 -0.000000
12.000000 -0.000000
12.200000 -0.000000
12.400000 -0.000000
12.600000 -0.000000
12.800000 -0.000000
13.000000 -0.000000
13.200000 -0.000000
13.400000 -0.000000
13.600000 -0.000000
13.800000 -0.000000
14.000000 -0.000000
14.200000 -0.000000
14.400000 -0.000000
14.600000 -0.000000
14.800000 -0.000000
15.000000 -0.000000
15.200000 -0.000000
15.400000 -0.000000
15.600000 -0.000000
15.800000 -0.000000
16.000000 -0.000000
16.200000 -0.000000
16.400000 -0.000000
16.600000 -0.000000
16.800000 -0.000000
17.000000 -0.000000
17.200000 -0.000000
17.400000 -0.000000
17.600000 -0.000000
17.800000 -0.000000
18.000000 -0.000000
18.200000 -0.000000
18.400000 -0.000000
18.600000 -0.000000
18.800000 -0.000000
19.000000 -0.000000
19.200000 -0.000000
19.400000 -0.000000
19.600000 -0.000000
19.800000 -0.000000
20.000000 -0.000000
20.200000 -0.000000
20.400000 -0.000000
20.600000 -0.000000
20.800000 -0.000000
21.000000 -0.000000
21.200000 -0.000000
21.400000 -0.000000
21.600000 -0.000000
21.800000 -0.000000
22.000000 -0.000000
22.200000 -0.000000
22.400000 -0.000000
22.600000 -0.000000
22.800000 -0.000000
23.000000 -0.000000
23.200000 -0.000000
23.400000 -0.000000
23.600000 -0.000000
23.800000 -0.000000
24.000000 -0.000000
24.200000 -0.000000
24.400000 -0.000000
24.600000 -0.000000
24.800000 -0.000000
25.000000 -0.000000
25.200000 -0.000000
25.400000 -0.000000
25.600000 -0.000000
25.800000 -0.000000
26.000000 -0.000000
26.200000 -0.000000
26.400000 -0.000000
26.600000 -0.000000
26.800000 -0.000000
27.000000 -0.000000
27.200000 -0.000000
27.400000 -0.000000
27.600000 -0.000000
27.800000 -0.000000
28.000000 -0.000000
28.200000 -0.000000
28.400000 -0.000000
28.600000 -0.000000
28.800000 -0.000000
29.000000 -0.000000
29.200000 -0.000000
29.400000 -0.000000
29.600000 -0.000000
29.800000 -0.000000
