-30.000000 0.009540
-29.800000 -0.010089
-29.600000 0.000360
-29.400000 -0.003769
-29.200000 0.005236
-29.000000 0.001909
-28.800000 -0.001878
-28.600000 0.001197
-28.400000 -0.004373
-28.200000 0.006311
-28.000000 -0.007348
-27.800000 0.004447
-27.600000 -0.004627
-27.400000 0.009856
-27.200000 -0.002243
-27.000000 -0.004279
-26.800000 -0.005387
-26.600000 -0.000037
-26.400000 0.011342
-26.200000 0.001155
-26.000000 -0.000547
-25.800000 -0.013300
-25.600000 -0.000159
-25.400000 0.004212
-25.200000 0.011561
-25.000000 -0.000625
-24.800000 -0.007792
-24.600000 -0.006072
-24.400000 0.000947
-24.200000 0.007144
-24.000000 0.001489
-23.800000 -0.001334
-23.600000 -0.002270
-23.400000 -0.000856
-23.200000 0.002478
-23.000000 -0.002070
-22.800000 -0.000618
-22.600000 -0.001219
-22.400000 0.003501
-22.200000 0.003200
-22.000000 -0.003601
-21.800000 -0.000880
-21.600000 -0.002896
-21.400000 0.006658
-21.200000 -0.004548
-21.000000 0.000999
-20.800000 -0.005531
-20.600000 0.006276
-20.400000 0.003842
-20.200000 0.002351
-20.000000 -0.003987
-19.800000 -0.011137
-19.600000 0.002971
-19.400000 0.000901
-19.200000 0.012012
-19.000000 -0.006267
-18.800000 0.002390
-18.600000 -0.005658
-18.400000 0.004247
-18.200000 -0.001435
-18.000000 -0.002456
-17.800000 -0.002217
-17.600000 -0.003633
-17.400000 0.009059
-17.200000 0.001258
-17.000000 0.006175
-16.800000 -0.007971
-16.600000 0.001167
-16.400000 -0.004888
-16.200000 0.000110
-16.000000 -0.002493
-15.800000 0.000274
-15.600000 0.003395
-15.400000 0.002201
-15.200000 0.005846
-15.000000 -0.000461
-14.800000 -0.000808
-14.600000 -0.005016
-14.400000 -0.002146
-14.200000 -0.003244
-14.000000 -0.002265
-13.800000 0.000908
-13.600000 0.003793
-13.400000 0.004090
-13.200000 0.004180
-13.000000 0.001587
-12.800000 0.001806
-12.600000 -0.005180
-12.400000 -0.001745
-12.200000 -0.006922
-12.000000 -0.001548
-11.800000 -0.004204
-11.600000 0.002518
-11.400000 0.003462
-11.200000 0.003439
-11.000000 0.007077
-10.800000 0.001183
-10.600000 0.006355
-10.400000 -0.006032
-10.200000 0.001900
-10.000000 -0.009505
-9.800000 -0.001515
-9.600000 -0.008484
-9.400000 -0.001165
-9.200000 -0.000748
-9.000000 0.000269
-8.800000 0.006616
-8.600000 0.001996
-8.400000 0.010871
-8.200000 -0.000389
-8.000000 0.008723
-7.800000 -0.002941
-7.600000 0.002591
-7.400000 -0.006570
-7.200000 -0.003240
-7.000000 -0.005881
-6.800000 -0.007324
-6.600000 -0.003504
-6.400000 -0.005668
-6.200000 0.001165
-6.000000 -0.003341
-5.800000 0.004935
-5.600000 0.001888
-5.400000 0.006067
-5.200000 0.003704
-5.000000 0.006442
-4.800000 0.004916
-4.600000 0.003416
-4.400000 0.003392
-4.200000 0.003071
-4.000000 0.001065
-3.800000 0.000799
-3.600000 0.000070
-3.400000 0.001750
-3.200000 -0.001672
-3.000000 0.001231
-2.800000 0.000460
-2.600000 0.000327
-2.400000 0.000005
-2.200000 -0.001938
-2.000000 0.000570
-1.800000 -0.009047
-1.600000 -0.006147
-1.400000 -0.019791
-1.200000 -0.022560
-1.000000 -0.045586
-0.800000 -0.060107
-0.600000 -0.095287
-0.400000 -0.139220
-0.200000 -0.201534
0.000000 -0.292976
0.200000 -0.408946
0.400000 -0.580882
0.600000 -0.779022
0.800000 -1.041522
1.000000 -1.312300
1.200000 -1.591448
1.400000 -1.793622
1.600000 -1.893194
1.800000 -1.845744
2.000000 -1.665351
2.200000 -1.415641
2.400000 -1.126595
2.600000 -0.867179
2.800000 -0.637352
3.000000 -0.466087
3.200000 -0.325707
3.400000 -0.231553
3.600000 -0.159277
3.800000 -0.112727
4.000000 -0.074396
4.200000 -0.051457
4.400000 -0.040367
4.600000 -0.020204
4.800000 -0.018149
5.000000 -0.014238
5.200000 -0.004174
5.400000 -0.007649
5.600000 -0.003738
5.800000 -0.000128
6.000000 -0.004987
6.200000 0.002083
6.400000 -0.002227
6.600000 -0.001990
6.800000 -0.002229
7.000000 -0.003886
7.200000 -0.013839
7.400000 -0.017701
7.600000 -0.048691
7.800000 -0.089353
8.000000 -0.194671
8.200000 -0.403418
8.400000 -0.823025
8.600000 -1.662953
8.800000 -3.152853
9.000000 -5.411924
9.200000 -7.620056
9.400000 -7.899921
9.600000 -5.927620
9.800000 -3.579332
10.000000 -1.913932
10.200000 -0.964547
10.400000 -0.470779
10.600000 -0.225256
10.800000 -0.109029
11.000000 -0.050207
11.200000 -0.025276
11.400000 -0.012023
11.600000 -0.005059
11.800000 -0.003993
12.000000 -0.000455
12.200000 -0.001741
12.400000 -0.000025
12.600000 0.000446
12.800000 -0.001300
13.000000 0.001070
13.200000 -0.000570
13.400000 0.000765
13.600000 -0.000022
13.800000 -0.001114
14.000000 0.001606
14.200000 -0.000870
14.400000 0.000109
14.600000 -0.000427
14.800000 -0.000210
15.000000 0.001437
15.200000 -0.001737
15.400000 0.000527
15.600000 0.000577
15.800000 -0.000026
16.000000 0.000308
16.200000 -0.001667
16.400000 0.001735
16.600000 -0.000068
16.800000 -0.001147
17.000000 0.000324
17.200000 -0.000244
17.400000 0.001592
17.600000 -0.001476
17.800000 -0.000394
18.000000 0.001635
18.200000 -0.000675
18.400000 0.000077
18.600000 -0.001361
18.800000 0.001284
19.000000 0.000842
19.200000 -0.001977
19.400000 0.000827
19.600000 0.000138
19.800000 0.000895
20.000000 -0.000951
20.200000 -0.001238
20.400000 0.002247
20.600000 -0.000855
20.800000 -0.000382
21.000000 -0.000285
21.200000 0.000641
21.400000 0.001321
21.600000 -0.002439
21.800000 0.000594
22.000000 0.000936
22.200000 -0.000217
22.400000 -0.000209
22.600000 -0.001368
22.800000 0.002322
23.000000 -0.000409
23.200000 -0.001477
23.400000 0.000742
23.600000 0.000093
23.800000 0.001138
24.000000 -0.002005
24.200000 0.000055
24.400000 0.002079
24.600000 -0.001175
24.800000 -0.000162
25.000000 -0.000842
25.200000 0.001551
25.400000 0.000309
25.600000 -0.002303
25.800000 0.001447
26.000000 0.000327
26.200000 0.000221
26.400000 -0.001117
26.600000 -0.000522
26.800000 0.002496
27.000000 -0.001450
27.200000 -0.000587
27.400000 0.000249
27.600000 0.000624
27.800000 0.000617
28.000000 -0.002387
28.200000 0.001327
28.400000 0.000976
28.600000 -0.000841
28.800000 -0.000197
29.000000 -0.000660
29.200000 0.002244
29.400000 -0.001073
29.600000 -0.001264
29.800000 0.001431
