-30.000000 0.000000
-29.800000 0.000000
-29.600000 -0.000000
-29.400000 0.000000
-29.200000 -0.000000
-29.000000 -0.000000
-28.800000 0.000000
-28.600000 -0.000000
-28.400000 0.000000
-28.200000 -0.000000
-28.000000 -0.000000
-27.800000 0.000000
-27.600000 -0.000000
-27.400000 0.000000
-27.200000 -0.000000
-27.000000 -0.000000
-26.800000 -0.000000
-26.600000 0.000000
-26.400000 -0.000000
-26.200000 0.000000
-26.000000 -0.000000
-25.800000 0.000000
-25.600000 0.000000
-25.400000 -0.000000
-25.200000 0.000000
-25.000000 -0.000000
-24.800000 0.000000
-24.600000 -0.000000
-24.400000 0.000000
-24.200000 0.000000
-24.000000 -0.000000
-23.800000 0.000000
-23.600000 -0.000000
-23.400000 0.000001
-23.200000 -0.000001
-23.000000 0.000001
-22.800000 -0.000000
-22.600000 -0.000003
-22.400000 0.000011
-22.200000 -0.000021
-22.000000 0.000030
-21.800000 -0.000031
-21.600000 0.000019
-21.400000 0.000008
-21.200000 -0.000047
-21.000000 0.000092
-20.800000 -0.000140
-20.600000 0.000181
-20.400000 -0.000194
-20.200000 0.000163
-20.000000 -0.000089
-19.800000 -0.000018
-19.600000 0.000162
-19.400000 -0.000342
-19.200000 0.000527
-19.000000 -0.000661
-18.800000 0.000727
-18.600000 -0.000734
-18.400000 0.000640
-18.200000 -0.000389
-18.000000 0.000026
-17.800000 0.000366
-17.600000 -0.000811
-17.400000 0.001317
-17.200000 -0.001715
-17.000000 0.001901
-16.800000 -0.001984
-16.600000 0.001907
-16.400000 -0.001458
-16.200000 0.000793
-16.000000 -0.000125
-15.800000 -0.000774
-15.600000 0.001830
-15.400000 -0.002531
-15.200000 0.003077
-15.000000 -0.003707
-14.800000 0.003688
-14.600000 -0.003102
-14.400000 0.002764
-14.200000 -0.001864
-14.000000 0.000204
-13.800000 0.000709
-13.600000 -0.001727
-13.400000 0.003607
-13.200000 -0.004014
-13.000000 0.003914
-12.800000 -0.005100
-12.600000 0.004327
-12.400000 -0.002635
-12.200000 0.002988
-12.000000 -0.001202
-11.800000 -0.001174
-11.600000 0.000513
-11.400000 -0.002636
-11.200000 0.004432
-11.000000 -0.002179
-10.800000 0.004016
-10.600000 -0.004295
-10.400000 0.000771
-10.200000 -0.002919
-10.000000 0.001039
-9.800000 0.002161
-9.600000 0.001572
-9.400000 0.002205
-9.200000 -0.002886
-9.000000 -0.001443
-8.800000 -0.003506
-8.600000 -0.000614
-8.400000 0.002003
-8.200000 0.002843
-8.000000 0.004931
-7.800000 -0.000236
-7.600000 -0.000210
-7.400000 -0.004701
-7.200000 -0.004885
-7.000000 -0.002597
-6.800000 -0.002063
-6.600000 0.006702
-6.400000 0.001681
-6.200000 0.010305
-6.000000 -0.000209
-5.800000 0.004259
-5.600000 -0.007256
-5.400000 -0.005152
-5.200000 -0.007885
-5.000000 -0.008861
-4.800000 -0.000848
-4.600000 -0.004429
-4.400000 0.010717
-4.200000 0.000661
-4.000000 0.015680
-3.800000 0.002970
-3.600000 0.010774
-3.400000 -0.001790
-3.200000 -0.002318
-3.000000 -0.009215
-2.800000 -0.021416
-2.600000 -0.023949
-2.400000 -0.045696
-2.200000 -0.051478
-2.000000 -0.088981
-1.800000 -0.112015
-1.600000 -0.173163
-1.400000 -0.239465
-1.200000 -0.347358
-1.000000 -0.485687
-0.800000 -0.670058
-0.600000 -0.907582
-0.400000 -1.171319
-0.200000 -1.459786
0.000000 -1.702212
0.200000 -1.864346
0.400000 -1.883442
0.600000 -1.769751
0.800000 -1.545998
1.000000 -1.266375
1.200000 -0.995527
1.400000 -0.748116
1.600000 -0.548432
1.800000 -0.405131
2.000000 -0.297706
2.200000 -0.244536
2.400000 -0.238274
2.600000 -0.318809
2.800000 -0.526780
3.000000 -1.001510
3.200000 -1.929125
3.400000 -3.573030
3.600000 -5.905492
3.800000 -7.860838
4.000000 -7.620126
4.200000 -5.435979
4.400000 -3.193564
4.600000 -1.686367
4.800000 -0.844529
5.000000 -0.413433
5.200000 -0.198103
5.400000 -0.097150
5.600000 -0.046339
5.800000 -0.023000
6.000000 -0.012578
6.200000 -0.005090
6.400000 -0.004336
6.600000 -0.001065
6.800000 -0.000917
7.000000 -0.000917
7.200000 0.000927
7.400000 -0.000977
7.600000 0.000933
7.800000 -0.000185
8.000000 -0.000365
8.200000 0.000774
8.400000 -0.001231
8.600000 0.000814
8.800000 -0.000552
9.000000 -0.000045
9.200000 0.000732
9.400000 -0.000905
9.600000 0.000963
9.800000 -0.000634
10.000000 0.000042
10.200000 0.000454
10.400000 -0.000918
10.600000 0.001003
10.800000 -0.000729
11.000000 0.000342
11.200000 0.000237
11.400000 -0.000730
11.600000 0.000879
11.800000 -0.000792
12.000000 0.000459
12.200000 0.000065
12.400000 -0.000528
12.600000 0.000793
12.800000 -0.000808
13.000000 0.000558
13.200000 -0.000139
13.400000 -0.000302
13.600000 0.000621
13.800000 -0.000715
14.000000 0.000573
14.200000 -0.000252
14.400000 -0.000138
14.600000 0.000459
14.800000 -0.000617
15.000000 0.000578
15.200000 -0.000359
15.400000 0.000050
15.600000 0.000235
15.800000 -0.000418
16.000000 0.000454
16.200000 -0.000334
16.400000 0.000116
16.600000 0.000108
16.800000 -0.000275
17.000000 0.000348
17.200000 -0.000305
17.400000 0.000170
17.600000 -0.000008
17.800000 -0.000125
18.000000 0.000204
18.200000 -0.000215
18.400000 0.000159
18.600000 -0.000065
18.800000 -0.000024
19.000000 0.000083
19.200000 -0.000109
19.400000 0.000101
19.600000 -0.000065
19.800000 0.000019
20.000000 0.000020
20.200000 -0.000040
20.400000 0.000046
20.600000 -0.000042
20.800000 0.000033
21.000000 -0.000022
21.200000 0.000013
21.400000 -0.000008
21.600000 0.000007
21.800000 -0.000005
22.000000 0.000002
22.200000 0.000002
22.400000 -0.000005
22.600000 0.000006
22.800000 -0.000006
23.000000 0.000005
23.200000 -0.000003
23.400000 0.000002
23.600000 -0.000001
23.800000 0.000000
24.000000 -0.000000
24.200000 0.000000
24.400000 -0.000000
24.600000 0.000000
24.800000 0.000000
25.000000 -0.000000
25.200000 0.000000
25.400000 -0.000000
25.600000 0.000000
25.800000 -0.000000
26.000000 0.000000
26.200000 -0.000000
26.400000 0.000000
26.600000 0.000000
26.800000 -0.000000
27.000000 0.000000
27.200000 -0.000000
27.400000 0.000000
27.600000 -0.000000
27.800000 -0.000000
28.000000 0.000000
28.200000 -0.000000
28.400000 0.000000
28.600000 -0.000000
28.800000 -0.000000
29.000000 0.000000
29.200000 -0.000000
29.400000 0.000000
29.600000 0.000000
29.800000 -0.000000
