-30.000000 -0.000062
-29.950000 -0.000046
-29.900000 -0.000092
-29.850000 -0.000060
-29.800000 -0.000093
-29.750000 -0.000049
-29.700000 -0.000071
-29.650000 -0.000018
-29.600000 -0.000033
-29.550000 0.000024
-29.500000 0.000010
-29.450000 0.000068
-29.400000 0.000053
-29.350000 0.000107
-29.300000 0.000086
-29.250000 0.000134
-29.200000 0.000106
-29.150000 0.000147
-29.100000 0.000111
-29.050000 0.000144
-29.000000 0.000101
-28.950000 0.000127
-28.900000 0.000077
-28.850000 0.000097
-28.800000 0.000041
-28.750000 0.000057
-28.700000 -0.000002
-28.650000 0.000012
-28.600000 -0.000048
-28.550000 -0.000034
-28.500000 -0.000093
-28.450000 -0.000076
-28.400000 -0.000131
-28.350000 -0.000109
-28.300000 -0.000157
-28.250000 -0.000127
-28.200000 -0.000166
-28.150000 -0.000126
-28.100000 -0.000155
-28.050000 -0.000105
-28.000000 -0.000125
-27.950000 -0.000067
-27.900000 -0.000081
-27.850000 -0.000017
-27.800000 -0.000027
-27.750000 0.000038
-27.700000 0.000028
-27.650000 0.000091
-27.600000 0.000076
-27.550000 0.000133
-27.500000 0.000112
-27.450000 0.000161
-27.400000 0.000130
-27.350000 0.000170
-27.300000 0.000130
-27.250000 0.000161
-27.200000 0.000112
-27.150000 0.000135
-27.100000 0.000080
-27.050000 0.000097
-27.000000 0.000037
-26.950000 0.000051
-26.900000 -0.000011
-26.850000 0.000002
-26.800000 -0.000060
-26.750000 -0.000046
-26.700000 -0.000105
-26.650000 -0.000087
-26.600000 -0.000142
-26.550000 -0.000118
-26.500000 -0.000166
-26.450000 -0.000135
-26.400000 -0.000175
-26.350000 -0.000135
-26.300000 -0.000167
-26.250000 -0.000118
-26.200000 -0.000140
-26.150000 -0.000083
-26.100000 -0.000098
-26.050000 -0.000034
-26.000000 -0.000044
-25.950000 0.000024
-25.900000 0.000015
-25.850000 0.000083
-25.800000 0.000071
-25.750000 0.000134
-25.700000 0.000116
-25.650000 0.000171
-25.600000 0.000144
-25.550000 0.000189
-25.500000 0.000152
-25.450000 0.000186
-25.400000 0.000139
-25.350000 0.000164
-25.300000 0.000108
-25.250000 0.000126
-25.200000 0.000065
-25.150000 0.000078
-25.100000 0.000014
-25.050000 0.000025
-25.000000 -0.000040
-24.950000 -0.000027
-24.900000 -0.000090
-24.850000 -0.000075
-24.800000 -0.000134
-24.750000 -0.000114
-24.700000 -0.000167
-24.650000 -0.000140
-24.600000 -0.000186
-24.550000 -0.000151
-24.500000 -0.000189
-24.450000 -0.000146
-24.400000 -0.000175
-24.350000 -0.000122
-24.300000 -0.000143
-24.250000 -0.000083
-24.200000 -0.000097
-24.150000 -0.000030
-24.100000 -0.000039
-24.050000 0.000030
-24.000000 0.000022
-23.950000 0.000091
-23.900000 0.000081
-23.850000 0.000146
-23.800000 0.000130
-23.750000 0.000187
-23.700000 0.000162
-23.650000 0.000208
-23.600000 0.000173
-23.550000 0.000208
-23.500000 0.000162
-23.450000 0.000187
-23.400000 0.000131
-23.350000 0.000148
-23.300000 0.000085
-23.250000 0.000097
-23.200000 0.000030
-23.150000 0.000040
-23.100000 -0.000028
-23.050000 -0.000018
-23.000000 -0.000084
-22.950000 -0.000070
-22.900000 -0.000132
-22.850000 -0.000115
-22.800000 -0.000171
-22.750000 -0.000147
-22.700000 -0.000197
-22.650000 -0.000166
-22.600000 -0.000209
-22.550000 -0.000169
-22.500000 -0.000203
-22.450000 -0.000154
-22.400000 -0.000179
-22.350000 -0.000122
-22.300000 -0.000139
-22.250000 -0.000074
-22.200000 -0.000084
-22.150000 -0.000014
-22.100000 -0.000020
-22.050000 0.000051
-22.000000 0.000045
-21.950000 0.000115
-21.900000 0.000106
-21.850000 0.000171
-21.800000 0.000154
-21.750000 0.000210
-21.700000 0.000184
-21.650000 0.000230
-21.600000 0.000193
-21.550000 0.000228
-21.500000 0.000180
-21.450000 0.000205
-21.400000 0.000148
-21.350000 0.000164
-21.300000 0.000100
-21.250000 0.000111
-21.200000 0.000043
-21.150000 0.000051
-21.100000 -0.000018
-21.050000 -0.000010
-21.000000 -0.000078
-20.950000 -0.000067
-20.900000 -0.000132
-20.850000 -0.000117
-20.800000 -0.000176
-20.750000 -0.000156
-20.700000 -0.000210
-20.650000 -0.000183
-20.600000 -0.000229
-20.550000 -0.000194
-20.500000 -0.000232
-20.450000 -0.000188
-20.400000 -0.000216
-20.350000 -0.000163
-20.300000 -0.000181
-20.250000 -0.000119
-20.200000 -0.000129
-20.150000 -0.000060
-20.100000 -0.000065
-20.050000 0.000009
-20.000000 0.000007
-19.950000 0.000080
-19.900000 0.000076
-19.850000 0.000147
-19.800000 0.000137
-19.750000 0.000200
-19.700000 0.000183
-19.650000 0.000237
-19.600000 0.000209
-19.550000 0.000252
-19.500000 0.000214
-19.450000 0.000247
-19.400000 0.000199
-19.350000 0.000222
-19.300000 0.000166
-19.250000 0.000182
-19.200000 0.000119
-19.150000 0.000130
-19.100000 0.000064
-19.050000 0.000071
-19.000000 0.000002
-18.950000 0.000009
-18.900000 -0.000060
-18.850000 -0.000053
-18.800000 -0.000120
-18.750000 -0.000111
-18.700000 -0.000175
-18.650000 -0.000161
-18.600000 -0.000220
-18.550000 -0.000200
-18.500000 -0.000251
-18.450000 -0.000223
-18.400000 -0.000266
-18.350000 -0.000228
-18.300000 -0.000260
-18.250000 -0.000211
-18.200000 -0.000233
-18.150000 -0.000174
-18.100000 -0.000186
-18.050000 -0.000118
-18.000000 -0.000122
-17.950000 -0.000048
-17.900000 -0.000048
-17.850000 0.000027
-17.800000 0.000027
-17.750000 0.000101
-17.700000 0.000097
-17.650000 0.000165
-17.600000 0.000155
-17.550000 0.000216
-17.500000 0.000198
-17.450000 0.000251
-17.400000 0.000224
-17.350000 0.000268
-17.300000 0.000232
-17.250000 0.000268
-17.200000 0.000224
-17.150000 0.000252
-17.100000 0.000201
-17.050000 0.000222
-17.000000 0.000164
-16.950000 0.000179
-16.900000 0.000115
-16.850000 0.000124
-16.800000 0.000055
-16.750000 0.000060
-16.700000 -0.000012
-16.650000 -0.000010
-16.600000 -0.000083
-16.550000 -0.000081
-16.500000 -0.000153
-16.450000 -0.000148
-16.400000 -0.000215
-16.350000 -0.000205
-16.300000 -0.000264
-16.250000 -0.000245
-16.200000 -0.000295
-16.150000 -0.000265
-16.100000 -0.000304
-16.050000 -0.000263
-16.000000 -0.000290
-15.950000 -0.000238
-15.900000 -0.000255
-15.850000 -0.000194
-15.800000 -0.000203
-15.750000 -0.000135
-15.700000 -0.000140
-15.650000 -0.000068
-15.600000 -0.000071
-15.550000 0.000001
-15.500000 -0.000002
-15.450000 0.000069
-15.400000 0.000064
-15.350000 0.000132
-15.300000 0.000124
-15.250000 0.000189
-15.200000 0.000177
-15.150000 0.000237
-15.100000 0.000220
-15.050000 0.000275
-15.000000 0.000252
-14.950000 0.000300
-14.900000 0.000269
-14.850000 0.000309
-14.800000 0.000269
-14.750000 0.000299
-14.700000 0.000250
-14.650000 0.000270
-14.600000 0.000211
-14.550000 0.000222
-14.500000 0.000154
-14.450000 0.000157
-14.400000 0.000083
-14.350000 0.000082
-14.300000 0.000005
-14.250000 0.000002
-14.200000 -0.000075
-14.150000 -0.000076
-14.100000 -0.000149
-14.050000 -0.000145
-14.000000 -0.000213
-13.950000 -0.000203
-13.900000 -0.000263
-13.850000 -0.000245
-13.800000 -0.000297
-13.750000 -0.000270
-13.700000 -0.000314
-13.650000 -0.000279
-13.600000 -0.000316
-13.550000 -0.000274
-13.500000 -0.000304
-13.450000 -0.000256
-13.400000 -0.000279
-13.350000 -0.000225
-13.300000 -0.000242
-13.250000 -0.000182
-13.200000 -0.000194
-13.150000 -0.000128
-13.100000 -0.000134
-13.050000 -0.000063
-13.000000 -0.000065
-12.950000 0.000010
-12.900000 0.000012
-12.850000 0.000089
-12.800000 0.000090
-12.750000 0.000166
-12.700000 0.000165
-12.650000 0.000236
-12.600000 0.000228
-12.550000 0.000292
-12.500000 0.000276
-12.450000 0.000330
-12.400000 0.000304
-12.350000 0.000348
-12.300000 0.000312
-12.250000 0.000346
-12.200000 0.000301
-12.150000 0.000328
-12.100000 0.000276
-12.050000 0.000295
-12.000000 0.000238
-11.950000 0.000252
-11.900000 0.000190
-11.850000 0.000201
-11.800000 0.000136
-11.750000 0.000144
-11.700000 0.000076
-11.650000 0.000081
-11.600000 0.000011
-11.550000 0.000015
-11.500000 -0.000056
-11.450000 -0.000053
-11.400000 -0.000125
-11.350000 -0.000122
-11.300000 -0.000193
-11.250000 -0.000188
-11.200000 -0.000256
-11.150000 -0.000247
-11.100000 -0.000310
-11.050000 -0.000294
-11.000000 -0.000349
-10.950000 -0.000325
-10.900000 -0.000371
-10.850000 -0.000337
-10.800000 -0.000373
-10.750000 -0.000329
-10.700000 -0.000355
-10.650000 -0.000302
-10.600000 -0.000321
-10.550000 -0.000260
-10.500000 -0.000273
-10.450000 -0.000208
-10.400000 -0.000217
-10.350000 -0.000149
-10.300000 -0.000157
-10.250000 -0.000088
-10.200000 -0.000096
-10.150000 -0.000027
-10.100000 -0.000034
-10.050000 0.000034
-10.000000 0.000027
-9.950000 0.000096
-9.900000 0.000089
-9.850000 0.000157
-9.800000 0.000150
-9.750000 0.000218
-9.700000 0.000209
-9.650000 0.000274
-9.600000 0.000262
-9.550000 0.000323
-9.500000 0.000306
-9.450000 0.000360
-9.400000 0.000335
-9.350000 0.000382
-9.300000 0.000349
-9.250000 0.000387
-9.200000 0.000345
-9.150000 0.000374
-9.100000 0.000323
-9.050000 0.000345
-9.000000 0.000288
-8.950000 0.000303
-8.900000 0.000241
-8.850000 0.000252
-8.800000 0.000187
-8.750000 0.000196
-8.700000 0.000130
-8.650000 0.000139
-8.600000 0.000072
-8.550000 0.000082
-8.500000 0.000016
-8.450000 0.000026
-8.400000 -0.000039
-8.350000 -0.000029
-8.300000 -0.000094
-8.250000 -0.000084
-8.200000 -0.000150
-8.150000 -0.000139
-8.100000 -0.000205
-8.050000 -0.000195
-8.000000 -0.000259
-7.950000 -0.000247
-7.900000 -0.000309
-7.850000 -0.000292
-7.800000 -0.000349
-7.750000 -0.000326
-7.700000 -0.000376
-7.650000 -0.000345
-7.600000 -0.000387
-7.550000 -0.000349
-7.500000 -0.000383
-7.450000 -0.000337
-7.400000 -0.000365
-7.350000 -0.000313
-7.300000 -0.000336
-7.250000 -0.000281
-7.200000 -0.000301
-7.150000 -0.000244
-7.100000 -0.000263
-7.050000 -0.000205
-7.000000 -0.000224
-6.950000 -0.000166
-6.900000 -0.000185
-6.850000 -0.000126
-6.800000 -0.000144
-6.750000 -0.000085
-6.700000 -0.000101
-6.650000 -0.000040
-6.600000 -0.000055
-6.550000 0.000008
-6.500000 -0.000005
-6.450000 0.000060
-6.400000 0.000048
-6.350000 0.000113
-6.300000 0.000102
-6.250000 0.000167
-6.200000 0.000154
-6.150000 0.000217
-6.100000 0.000200
-6.050000 0.000259
-6.000000 0.000238
-5.950000 0.000291
-5.900000 0.000264
-5.850000 0.000311
-5.800000 0.000278
-5.750000 0.000320
-5.700000 0.000282
-5.650000 0.000319
-5.600000 0.000278
-5.550000 0.000314
-5.500000 0.000272
-5.450000 0.000307
-5.400000 0.000265
-5.350000 0.000301
-5.300000 0.000259
-5.250000 0.000295
-5.200000 0.000254
-5.150000 0.000290
-5.100000 0.000247
-5.050000 0.000281
-5.000000 0.000235
-4.950000 0.000266
-4.900000 0.000217
-4.850000 0.000244
-4.800000 0.000191
-4.750000 0.000214
-4.700000 0.000158
-4.650000 0.000178
-4.600000 0.000120
-4.550000 0.000140
-4.500000 0.000083
-4.450000 0.000104
-4.400000 0.000048
-4.350000 0.000072
-4.300000 0.000019
-4.250000 0.000046
-4.200000 -0.000003
-4.150000 0.000028
-4.100000 -0.000019
-4.050000 0.000015
-4.000000 -0.000029
-3.950000 0.000005
-3.900000 -0.000038
-3.850000 -0.000003
-3.800000 -0.000047
-3.750000 -0.000014
-3.700000 -0.000060
-3.650000 -0.000029
-3.600000 -0.000077
-3.550000 -0.000048
-3.500000 -0.000099
-3.450000 -0.000071
-3.400000 -0.000123
-3.350000 -0.000095
-3.300000 -0.000146
-3.250000 -0.000118
-3.200000 -0.000167
-3.150000 -0.000136
-3.100000 -0.000183
-3.050000 -0.000151
-3.000000 -0.000197
-2.950000 -0.000164
-2.900000 -0.000210
-2.850000 -0.000179
-2.800000 -0.000229
-2.750000 -0.000203
-2.700000 -0.000259
-2.650000 -0.000241
-2.600000 -0.000306
-2.550000 -0.000297
-2.500000 -0.000373
-2.450000 -0.000376
-2.400000 -0.000464
-2.350000 -0.000479
-2.300000 -0.000580
-2.250000 -0.000607
-2.200000 -0.000721
-2.150000 -0.000763
-2.100000 -0.000892
-2.050000 -0.000950
-2.000000 -0.001096
-1.950000 -0.001174
-1.900000 -0.001343
-1.850000 -0.001446
-1.800000 -0.001644
-1.750000 -0.001780
-1.700000 -0.002015
-1.650000 -0.002192
-1.600000 -0.002473
-1.550000 -0.002702
-1.500000 -0.003041
-1.450000 -0.003334
-1.400000 -0.003744
-1.350000 -0.004115
-1.300000 -0.004611
-1.250000 -0.005076
-1.200000 -0.005675
-1.150000 -0.006253
-1.100000 -0.006976
-1.050000 -0.007690
-1.000000 -0.008561
-0.950000 -0.009438
-0.900000 -0.010489
-0.850000 -0.011563
-0.800000 -0.012832
-0.750000 -0.014147
-0.700000 -0.015681
-0.650000 -0.017290
-0.600000 -0.019151
-0.550000 -0.021120
-0.500000 -0.023378
-0.450000 -0.025787
-0.400000 -0.028531
-0.350000 -0.031476
-0.300000 -0.034811
-0.250000 -0.038406
-0.200000 -0.042457
-0.150000 -0.046839
-0.100000 -0.051755
-0.050000 -0.057088
0.000000 -0.063046
0.050000 -0.069524
0.100000 -0.076738
0.150000 -0.084591
0.200000 -0.093312
0.250000 -0.102816
0.300000 -0.113342
0.350000 -0.124819
0.400000 -0.137500
0.450000 -0.151326
0.500000 -0.166566
0.550000 -0.183175
0.600000 -0.201435
0.650000 -0.221316
0.700000 -0.243113
0.750000 -0.266806
0.800000 -0.292704
0.850000 -0.320793
0.900000 -0.351386
0.950000 -0.384471
1.000000 -0.420358
1.050000 -0.459024
1.100000 -0.500763
1.150000 -0.545526
1.200000 -0.593570
1.250000 -0.644802
1.300000 -0.699416
1.350000 -0.757245
1.400000 -0.818394
1.450000 -0.882589
1.500000 -0.949812
1.550000 -1.019649
1.600000 -1.091925
1.650000 -1.166057
1.700000 -1.241689
1.750000 -1.318051
1.800000 -1.394599
1.850000 -1.470380
1.900000 -1.544683
1.950000 -1.616408
2.000000 -1.684733
2.050000 -1.748485
2.100000 -1.806821
2.150000 -1.858604
2.200000 -1.903089
2.250000 -1.939303
2.300000 -1.966723
2.350000 -1.984659
2.400000 -1.992916
2.450000 -1.991172
2.500000 -1.979619
2.550000 -1.958328
2.600000 -1.927874
2.650000 -1.888681
2.700000 -1.841643
2.750000 -1.787444
2.800000 -1.727182
2.850000 -1.661684
2.900000 -1.592121
2.950000 -1.519339
3.000000 -1.444469
3.050000 -1.368270
3.100000 -1.291749
3.150000 -1.215508
3.200000 -1.140381
3.250000 -1.066785
3.300000 -0.995364
3.350000 -0.926350
3.400000 -0.860208
3.450000 -0.797005
3.500000 -0.737055
3.550000 -0.680291
3.600000 -0.626908
3.650000 -0.576738
3.700000 -0.529894
3.750000 -0.486137
3.800000 -0.445526
3.850000 -0.407780
3.900000 -0.372924
3.950000 -0.340657
4.000000 -0.310989
4.050000 -0.283612
4.100000 -0.258536
4.150000 -0.235452
4.200000 -0.214378
4.250000 -0.195015
4.300000 -0.177389
4.350000 -0.161215
4.400000 -0.146532
4.450000 -0.133068
4.500000 -0.120874
4.550000 -0.109695
4.600000 -0.099596
4.650000 -0.090332
4.700000 -0.081984
4.750000 -0.074320
4.800000 -0.067430
4.850000 -0.061096
4.900000 -0.055417
4.950000 -0.050186
5.000000 -0.045512
5.050000 -0.041196
5.100000 -0.037354
5.150000 -0.033795
5.200000 -0.030642
5.250000 -0.027709
5.300000 -0.025127
5.350000 -0.022712
5.400000 -0.020601
5.450000 -0.018615
5.500000 -0.016892
5.550000 -0.015258
5.600000 -0.013855
5.650000 -0.012512
5.700000 -0.011371
5.750000 -0.010265
5.800000 -0.009338
5.850000 -0.008425
5.900000 -0.007672
5.950000 -0.006915
6.000000 -0.006303
6.050000 -0.005674
6.100000 -0.005175
6.150000 -0.004649
6.200000 -0.004243
6.250000 -0.003800
6.300000 -0.003471
6.350000 -0.003098
6.400000 -0.002832
6.450000 -0.002518
6.500000 -0.002306
6.550000 -0.002042
6.600000 -0.001878
6.650000 -0.001657
6.700000 -0.001533
6.750000 -0.001350
6.800000 -0.001260
6.850000 -0.001108
6.900000 -0.001045
6.950000 -0.000917
7.000000 -0.000875
7.050000 -0.000766
7.100000 -0.000738
7.150000 -0.000641
7.200000 -0.000624
7.250000 -0.000534
7.300000 -0.000523
7.350000 -0.000439
7.400000 -0.000433
7.450000 -0.000353
7.500000 -0.000350
7.550000 -0.000275
7.600000 -0.000277
7.650000 -0.000206
7.700000 -0.000214
7.750000 -0.000150
7.800000 -0.000163
7.850000 -0.000106
7.900000 -0.000126
7.950000 -0.000076
8.000000 -0.000104
8.050000 -0.000060
8.100000 -0.000093
8.150000 -0.000056
8.200000 -0.000093
8.250000 -0.000059
8.300000 -0.000099
8.350000 -0.000066
8.400000 -0.000106
8.450000 -0.000073
8.500000 -0.000112
8.550000 -0.000077
8.600000 -0.000113
8.650000 -0.000076
8.700000 -0.000110
8.750000 -0.000072
8.800000 -0.000106
8.850000 -0.000069
8.900000 -0.000106
8.950000 -0.000074
9.000000 -0.000119
9.050000 -0.000098
9.100000 -0.000157
9.150000 -0.000152
9.200000 -0.000230
9.250000 -0.000249
9.300000 -0.000353
9.350000 -0.000402
9.400000 -0.000542
9.450000 -0.000634
9.500000 -0.000823
9.550000 -0.000973
9.600000 -0.001232
9.650000 -0.001466
9.700000 -0.001827
9.750000 -0.002185
9.800000 -0.002697
9.850000 -0.003241
9.900000 -0.003980
9.950000 -0.004804
10.000000 -0.005884
10.050000 -0.007125
10.100000 -0.008717
10.150000 -0.010584
10.200000 -0.012939
10.250000 -0.015737
10.300000 -0.019229
10.350000 -0.023415
10.400000 -0.028597
10.450000 -0.034843
10.500000 -0.042535
10.550000 -0.051836
10.600000 -0.063246
10.650000 -0.077071
10.700000 -0.093981
10.750000 -0.114488
10.800000 -0.139509
10.850000 -0.169854
10.900000 -0.206791
10.950000 -0.251546
11.000000 -0.305878
11.050000 -0.371582
11.100000 -0.451069
11.150000 -0.546874
11.200000 -0.662223
11.250000 -0.800527
11.300000 -0.965907
11.350000 -1.162628
11.400000 -1.395524
11.450000 -1.669287
11.500000 -1.988688
11.550000 -2.357601
11.600000 -2.778893
11.650000 -3.253081
11.700000 -3.777858
11.750000 -4.346486
11.800000 -4.947289
11.850000 -5.562408
11.900000 -6.168219
11.950000 -6.735647
12.000000 -7.232705
12.050000 -7.627152
12.100000 -7.890982
12.150000 -8.003939
12.200000 -7.957210
12.250000 -7.754393
12.300000 -7.411381
12.350000 -6.953308
12.400000 -6.411260
12.450000 -5.817669
12.500000 -5.203245
12.550000 -4.593943
12.600000 -4.010168
12.650000 -3.466005
12.700000 -2.970243
12.750000 -2.526799
12.800000 -2.136307
12.850000 -1.796667
12.900000 -1.504440
12.950000 -1.255063
13.000000 -1.043867
13.050000 -0.865948
13.100000 -0.716888
13.150000 -0.592398
13.200000 -0.488869
13.250000 -0.402901
13.300000 -0.331773
13.350000 -0.272927
13.400000 -0.224417
13.450000 -0.184373
13.500000 -0.151453
13.550000 -0.124311
13.600000 -0.102049
13.650000 -0.083699
13.700000 -0.068682
13.750000 -0.056299
13.800000 -0.046190
13.850000 -0.037843
13.900000 -0.031052
13.950000 -0.025431
14.000000 -0.020878
14.050000 -0.017094
14.100000 -0.014048
14.150000 -0.011500
14.200000 -0.009466
14.250000 -0.007747
14.300000 -0.006392
14.350000 -0.005228
14.400000 -0.004325
14.450000 -0.003531
14.500000 -0.002930
14.550000 -0.002382
14.600000 -0.001982
14.650000 -0.001599
14.700000 -0.001334
14.750000 -0.001061
14.800000 -0.000887
14.850000 -0.000691
14.900000 -0.000580
14.950000 -0.000436
15.000000 -0.000369
15.050000 -0.000264
15.100000 -0.000229
15.150000 -0.000151
15.200000 -0.000141
15.250000 -0.000084
15.300000 -0.000090
15.350000 -0.000049
15.400000 -0.000068
15.450000 -0.000037
15.500000 -0.000064
15.550000 -0.000039
15.600000 -0.000071
15.650000 -0.000048
15.700000 -0.000080
15.750000 -0.000056
15.800000 -0.000084
15.850000 -0.000056
15.900000 -0.000080
15.950000 -0.000047
16.000000 -0.000065
16.050000 -0.000028
16.100000 -0.000042
16.150000 -0.000001
16.200000 -0.000013
16.250000 0.000027
16.300000 0.000014
16.350000 0.000052
16.400000 0.000035
16.450000 0.000067
16.500000 0.000045
16.550000 0.000071
16.600000 0.000042
16.650000 0.000061
16.700000 0.000027
16.750000 0.000042
16.800000 0.000004
16.850000 0.000017
16.900000 -0.000022
16.950000 -0.000009
17.000000 -0.000045
17.050000 -0.000030
17.100000 -0.000062
17.150000 -0.000042
17.200000 -0.000070
17.250000 -0.000044
17.300000 -0.000066
17.350000 -0.000035
17.400000 -0.000052
17.450000 -0.000018
17.500000 -0.000031
17.550000 0.000006
17.600000 -0.000006
17.650000 0.000031
17.700000 0.000019
17.750000 0.000054
17.800000 0.000039
17.850000 0.000070
17.900000 0.000049
17.950000 0.000074
18.000000 0.000048
18.050000 0.000066
18.100000 0.000034
18.150000 0.000046
18.200000 0.000010
18.250000 0.000019
18.300000 -0.000020
18.350000 -0.000011
18.400000 -0.000048
18.450000 -0.000036
18.500000 -0.000069
18.550000 -0.000052
18.600000 -0.000078
18.650000 -0.000054
18.700000 -0.000073
18.750000 -0.000043
18.800000 -0.000056
18.850000 -0.000022
18.900000 -0.000031
18.950000 0.000006
19.000000 -0.000002
19.050000 0.000035
19.100000 0.000025
19.150000 0.000058
19.200000 0.000044
19.250000 0.000073
19.300000 0.000053
19.350000 0.000075
19.400000 0.000050
19.450000 0.000066
19.500000 0.000036
19.550000 0.000048
19.600000 0.000014
19.650000 0.000022
19.700000 -0.000013
19.750000 -0.000005
19.800000 -0.000040
19.850000 -0.000031
19.900000 -0.000063
19.950000 -0.000050
20.000000 -0.000077
20.050000 -0.000058
20.100000 -0.000079
20.150000 -0.000054
20.200000 -0.000068
20.250000 -0.000037
20.300000 -0.000045
20.350000 -0.000010
20.400000 -0.000015
20.450000 0.000022
20.500000 0.000018
20.550000 0.000053
20.600000 0.000045
20.650000 0.000075
20.700000 0.000062
20.750000 0.000085
20.800000 0.000064
20.850000 0.000080
20.900000 0.000052
20.950000 0.000062
21.000000 0.000028
21.050000 0.000034
21.100000 -0.000002
21.150000 0.000002
21.200000 -0.000034
21.250000 -0.000028
21.300000 -0.000060
21.350000 -0.000051
21.400000 -0.000078
21.450000 -0.000062
21.500000 -0.000083
21.550000 -0.000061
21.600000 -0.000076
21.650000 -0.000048
21.700000 -0.000057
21.750000 -0.000025
21.800000 -0.000031
21.850000 0.000004
21.900000 -0.000000
21.950000 0.000034
22.000000 0.000029
22.050000 0.000061
22.100000 0.000053
22.150000 0.000080
22.200000 0.000067
22.250000 0.000088
22.300000 0.000068
22.350000 0.000081
22.400000 0.000054
22.450000 0.000061
22.500000 0.000029
22.550000 0.000031
22.600000 -0.000005
22.650000 -0.000005
22.700000 -0.000040
22.750000 -0.000038
22.800000 -0.000070
22.850000 -0.000064
22.900000 -0.000089
22.950000 -0.000075
23.000000 -0.000093
23.050000 -0.000071
23.100000 -0.000082
23.150000 -0.000053
23.200000 -0.000057
23.250000 -0.000024
23.300000 -0.000024
23.350000 0.000010
23.400000 0.000010
23.450000 0.000044
23.500000 0.000041
23.550000 0.000070
23.600000 0.000063
23.650000 0.000087
23.700000 0.000073
23.750000 0.000091
23.800000 0.000070
23.850000 0.000081
23.900000 0.000055
23.950000 0.000060
24.000000 0.000030
24.050000 0.000031
24.100000 -0.000003
24.150000 -0.000003
24.200000 -0.000037
24.250000 -0.000036
24.300000 -0.000067
24.350000 -0.000063
24.400000 -0.000089
24.450000 -0.000079
24.500000 -0.000098
24.550000 -0.000081
24.600000 -0.000092
24.650000 -0.000067
24.700000 -0.000071
24.750000 -0.000040
24.800000 -0.000038
24.850000 -0.000003
24.900000 0.000001
24.950000 0.000037
25.000000 0.000039
25.050000 0.000071
25.100000 0.000069
25.150000 0.000095
25.200000 0.000085
25.250000 0.000103
25.300000 0.000086
25.350000 0.000095
25.400000 0.000070
25.450000 0.000073
25.500000 0.000042
25.550000 0.000041
25.600000 0.000007
25.650000 0.000004
25.700000 -0.000030
25.750000 -0.000032
25.800000 -0.000063
25.850000 -0.000061
25.900000 -0.000087
25.950000 -0.000080
26.000000 -0.000100
26.050000 -0.000086
26.100000 -0.000099
26.150000 -0.000078
26.200000 -0.000085
26.250000 -0.000058
26.300000 -0.000058
26.350000 -0.000026
26.400000 -0.000023
26.450000 0.000011
26.500000 0.000016
26.550000 0.000050
26.600000 0.000053
26.650000 0.000084
26.700000 0.000082
26.750000 0.000106
26.800000 0.000096
26.850000 0.000112
26.900000 0.000094
26.950000 0.000101
27.000000 0.000075
27.050000 0.000075
27.100000 0.000042
27.150000 0.000036
27.200000 0.000001
27.250000 -0.000007
27.300000 -0.000042
27.350000 -0.000047
27.400000 -0.000079
27.450000 -0.000079
27.500000 -0.000104
27.550000 -0.000096
27.600000 -0.000113
27.650000 -0.000098
27.700000 -0.000106
27.750000 -0.000083
27.800000 -0.000085
27.850000 -0.000056
27.900000 -0.000053
27.950000 -0.000021
28.000000 -0.000015
28.050000 0.000018
28.100000 0.000024
28.150000 0.000056
28.200000 0.000059
28.250000 0.000088
28.300000 0.000087
28.350000 0.000110
28.400000 0.000102
28.450000 0.000117
28.500000 0.000102
28.550000 0.000110
28.600000 0.000086
28.650000 0.000086
28.700000 0.000056
28.750000 0.000049
28.800000 0.000014
28.850000 0.000005
28.900000 -0.000031
28.950000 -0.000040
29.000000 -0.000074
29.050000 -0.000080
29.100000 -0.000108
29.150000 -0.000106
29.200000 -0.000127
29.250000 -0.000117
29.300000 -0.000129
29.350000 -0.000110
29.400000 -0.000114
29.450000 -0.000089
29.500000 -0.000087
29.550000 -0.000058
29.600000 -0.000054
29.650000 -0.000025
29.700000 -0.000022
29.750000 0.000003
29.800000 0.000001
29.850000 0.000020
29.900000 0.000010
29.950000 0.000020
