-30.000000 0.000025
-29.950000 0.000015
-29.900000 0.000031
-29.850000 0.000014
-29.800000 0.000023
-29.750000 -0.000000
-29.700000 0.000005
-29.650000 -0.000020
-29.600000 -0.000015
-29.550000 -0.000039
-29.500000 -0.000031
-29.450000 -0.000051
-29.400000 -0.000038
-29.350000 -0.000052
-29.300000 -0.000033
-29.250000 -0.000042
-29.200000 -0.000018
-29.150000 -0.000024
-29.100000 0.000003
-29.050000 -0.000000
-29.000000 0.000027
-28.950000 0.000021
-28.900000 0.000046
-28.850000 0.000036
-28.800000 0.000056
-28.750000 0.000041
-28.700000 0.000055
-28.650000 0.000034
-28.600000 0.000042
-28.550000 0.000016
-28.500000 0.000020
-28.450000 -0.000008
-28.400000 -0.000005
-28.350000 -0.000033
-28.300000 -0.000027
-28.250000 -0.000052
-28.200000 -0.000041
-28.150000 -0.000060
-28.100000 -0.000043
-28.050000 -0.000056
-28.000000 -0.000033
-27.950000 -0.000040
-27.900000 -0.000013
-27.850000 -0.000017
-27.800000 0.000013
-27.750000 0.000009
-27.700000 0.000038
-27.650000 0.000031
-27.600000 0.000056
-27.550000 0.000045
-27.500000 0.000063
-27.450000 0.000046
-27.400000 0.000058
-27.350000 0.000034
-27.300000 0.000041
-27.250000 0.000012
-27.200000 0.000016
-27.150000 -0.000015
-27.100000 -0.000012
-27.050000 -0.000041
-27.000000 -0.000035
-26.950000 -0.000060
-26.900000 -0.000049
-26.850000 -0.000068
-26.800000 -0.000049
-26.750000 -0.000061
-26.700000 -0.000036
-26.650000 -0.000043
-26.600000 -0.000013
-26.550000 -0.000016
-26.500000 0.000016
-26.450000 0.000013
-26.400000 0.000043
-26.350000 0.000037
-26.300000 0.000063
-26.250000 0.000052
-26.200000 0.000071
-26.150000 0.000053
-26.100000 0.000066
-26.050000 0.000040
-26.000000 0.000047
-25.950000 0.000017
-25.900000 0.000020
-25.850000 -0.000013
-25.800000 -0.000011
-25.750000 -0.000043
-25.700000 -0.000038
-25.650000 -0.000065
-25.600000 -0.000055
-25.550000 -0.000076
-25.500000 -0.000058
-25.450000 -0.000072
-25.400000 -0.000046
-25.350000 -0.000054
-25.300000 -0.000023
-25.250000 -0.000025
-25.200000 0.000008
-25.150000 0.000007
-25.100000 0.000040
-25.050000 0.000036
-25.000000 0.000065
-24.950000 0.000056
-24.900000 0.000079
-24.850000 0.000063
-24.800000 0.000078
-24.750000 0.000054
-24.700000 0.000063
-24.650000 0.000033
-24.600000 0.000036
-24.550000 0.000001
-24.500000 0.000002
-24.450000 -0.000033
-24.400000 -0.000030
-24.350000 -0.000062
-24.300000 -0.000055
-24.250000 -0.000082
-24.200000 -0.000067
-24.150000 -0.000086
-24.100000 -0.000064
-24.050000 -0.000074
-24.000000 -0.000045
-23.950000 -0.000049
-23.900000 -0.000014
-23.850000 -0.000015
-23.800000 0.000021
-23.750000 0.000020
-23.700000 0.000055
-23.650000 0.000050
-23.600000 0.000080
-23.550000 0.000069
-23.500000 0.000091
-23.450000 0.000072
-23.400000 0.000086
-23.350000 0.000059
-23.300000 0.000066
-23.250000 0.000033
-23.200000 0.000034
-23.150000 -0.000003
-23.100000 -0.000004
-23.050000 -0.000041
-23.000000 -0.000040
-22.950000 -0.000073
-22.900000 -0.000067
-22.850000 -0.000093
-22.800000 -0.000079
-22.750000 -0.000097
-22.700000 -0.000074
-22.650000 -0.000084
-22.600000 -0.000053
-22.550000 -0.000056
-22.500000 -0.000020
-22.450000 -0.000019
-22.400000 0.000020
-22.350000 0.000021
-22.300000 0.000058
-22.250000 0.000056
-22.200000 0.000087
-22.150000 0.000079
-22.100000 0.000103
-22.050000 0.000086
-22.000000 0.000101
-21.950000 0.000075
-21.900000 0.000082
-21.850000 0.000048
-21.800000 0.000049
-21.750000 0.000010
-21.700000 0.000007
-21.650000 -0.000033
-21.600000 -0.000035
-21.550000 -0.000072
-21.500000 -0.000069
-21.450000 -0.000100
-21.400000 -0.000089
-21.350000 -0.000111
-21.300000 -0.000092
-21.250000 -0.000105
-21.200000 -0.000076
-21.150000 -0.000081
-21.100000 -0.000045
-21.050000 -0.000044
-21.000000 -0.000004
-20.950000 -0.000000
-20.900000 0.000041
-20.850000 0.000043
-20.800000 0.000081
-20.750000 0.000078
-20.700000 0.000109
-20.650000 0.000098
-20.600000 0.000120
-20.550000 0.000100
-20.500000 0.000112
-20.450000 0.000082
-20.400000 0.000085
-20.350000 0.000048
-20.300000 0.000045
-20.250000 0.000003
-20.200000 -0.000002
-20.150000 -0.000044
-20.100000 -0.000048
-20.050000 -0.000086
-20.000000 -0.000085
-19.950000 -0.000116
-19.900000 -0.000106
-19.850000 -0.000128
-19.800000 -0.000109
-19.750000 -0.000121
-19.700000 -0.000092
-19.650000 -0.000094
-19.600000 -0.000057
-19.550000 -0.000053
-19.500000 -0.000011
-19.450000 -0.000004
-19.400000 0.000039
-19.350000 0.000045
-19.300000 0.000086
-19.250000 0.000087
-19.200000 0.000121
-19.150000 0.000114
-19.100000 0.000138
-19.050000 0.000121
-19.000000 0.000134
-18.950000 0.000107
-18.900000 0.000110
-18.850000 0.000074
-18.800000 0.000069
-18.750000 0.000027
-18.700000 0.000018
-18.650000 -0.000026
-18.600000 -0.000035
-18.550000 -0.000077
-18.500000 -0.000082
-18.450000 -0.000118
-18.400000 -0.000116
-18.350000 -0.000144
-18.300000 -0.000131
-18.250000 -0.000149
-18.200000 -0.000126
-18.150000 -0.000132
-18.100000 -0.000099
-18.050000 -0.000096
-18.000000 -0.000055
-17.950000 -0.000045
-17.900000 -0.000000
-17.850000 0.000012
-17.800000 0.000057
-17.750000 0.000067
-17.700000 0.000108
-17.650000 0.000111
-17.600000 0.000144
-17.550000 0.000138
-17.500000 0.000161
-17.450000 0.000144
-17.400000 0.000155
-17.350000 0.000128
-17.300000 0.000128
-17.250000 0.000091
-17.200000 0.000084
-17.150000 0.000040
-17.100000 0.000027
-17.050000 -0.000019
-17.000000 -0.000033
-16.950000 -0.000079
-16.900000 -0.000089
-16.850000 -0.000129
-16.800000 -0.000132
-16.750000 -0.000163
-16.700000 -0.000156
-16.650000 -0.000176
-16.600000 -0.000157
-16.550000 -0.000165
-16.500000 -0.000135
-16.450000 -0.000132
-16.400000 -0.000092
-16.350000 -0.000081
-16.300000 -0.000035
-16.250000 -0.000019
-16.200000 0.000029
-16.150000 0.000045
-16.100000 0.000091
-16.050000 0.000103
-16.000000 0.000143
-15.950000 0.000147
-15.900000 0.000178
-15.850000 0.000172
-15.800000 0.000191
-15.750000 0.000173
-15.700000 0.000180
-15.650000 0.000150
-15.600000 0.000146
-15.550000 0.000106
-15.500000 0.000093
-15.450000 0.000046
-15.400000 0.000028
-15.350000 -0.000022
-15.300000 -0.000042
-15.250000 -0.000090
-15.200000 -0.000105
-15.150000 -0.000147
-15.100000 -0.000155
-15.050000 -0.000188
-15.000000 -0.000186
-14.950000 -0.000207
-14.900000 -0.000193
-14.850000 -0.000201
-14.800000 -0.000175
-14.750000 -0.000172
-14.700000 -0.000134
-14.650000 -0.000122
-14.600000 -0.000076
-14.550000 -0.000056
-14.500000 -0.000006
-14.450000 0.000017
-14.400000 0.000067
-14.350000 0.000088
-14.300000 0.000135
-14.250000 0.000150
-14.200000 0.000188
-14.150000 0.000193
-14.100000 0.000221
-14.050000 0.000214
-14.000000 0.000228
-13.950000 0.000208
-13.900000 0.000210
-13.850000 0.000178
-13.800000 0.000168
-13.750000 0.000126
-13.700000 0.000107
-13.650000 0.000058
-13.600000 0.000034
-13.550000 -0.000018
-13.500000 -0.000043
-13.450000 -0.000094
-13.400000 -0.000117
-13.350000 -0.000163
-13.300000 -0.000178
-13.250000 -0.000216
-13.200000 -0.000221
-13.150000 -0.000246
-13.100000 -0.000239
-13.050000 -0.000251
-13.000000 -0.000230
-12.950000 -0.000229
-12.900000 -0.000195
-12.850000 -0.000182
-12.800000 -0.000138
-12.750000 -0.000116
-12.700000 -0.000065
-12.650000 -0.000038
-12.600000 0.000016
-12.550000 0.000045
-12.500000 0.000097
-12.450000 0.000123
-12.400000 0.000171
-12.350000 0.000190
-12.300000 0.000229
-12.250000 0.000239
-12.200000 0.000267
-12.150000 0.000264
-12.100000 0.000278
-12.050000 0.000262
-12.000000 0.000263
-11.950000 0.000233
-11.900000 0.000221
-11.850000 0.000180
-11.800000 0.000158
-11.750000 0.000108
-11.700000 0.000078
-11.650000 0.000023
-11.600000 -0.000009
-11.550000 -0.000065
-11.500000 -0.000096
-11.450000 -0.000148
-11.400000 -0.000175
-11.350000 -0.000220
-11.300000 -0.000238
-11.250000 -0.000273
-11.200000 -0.000280
-11.150000 -0.000303
-11.100000 -0.000298
-11.050000 -0.000307
-11.000000 -0.000288
-10.950000 -0.000283
-10.900000 -0.000251
-10.850000 -0.000234
-10.800000 -0.000191
-10.750000 -0.000163
-10.700000 -0.000112
-10.650000 -0.000078
-10.600000 -0.000021
-10.550000 0.000016
-10.500000 0.000072
-10.450000 0.000108
-10.400000 0.000161
-10.350000 0.000192
-10.300000 0.000238
-10.250000 0.000261
-10.200000 0.000297
-10.150000 0.000309
-10.100000 0.000333
-10.050000 0.000333
-10.000000 0.000344
-9.950000 0.000330
-9.900000 0.000327
-9.850000 0.000300
-9.800000 0.000285
-9.750000 0.000245
-9.700000 0.000219
-9.650000 0.000170
-9.600000 0.000135
-9.550000 0.000079
-9.500000 0.000039
-9.450000 -0.000019
-9.400000 -0.000060
-9.350000 -0.000117
-9.300000 -0.000155
-9.250000 -0.000207
-9.200000 -0.000239
-9.150000 -0.000284
-9.100000 -0.000307
-9.050000 -0.000341
-9.000000 -0.000354
-8.950000 -0.000376
-8.900000 -0.000376
-8.850000 -0.000385
-8.800000 -0.000373
-8.750000 -0.000368
-8.700000 -0.000342
-8.650000 -0.000325
-8.600000 -0.000288
-8.550000 -0.000259
-8.500000 -0.000212
-8.450000 -0.000175
-8.400000 -0.000121
-8.350000 -0.000078
-8.300000 -0.000021
-8.250000 0.000024
-8.200000 0.000082
-8.150000 0.000125
-8.100000 0.000180
-8.050000 0.000219
-8.000000 0.000268
-7.950000 0.000300
-7.900000 0.000341
-7.850000 0.000365
-7.800000 0.000395
-7.750000 0.000408
-7.700000 0.000427
-7.650000 0.000427
-7.600000 0.000433
-7.550000 0.000421
-7.500000 0.000414
-7.450000 0.000390
-7.400000 0.000371
-7.350000 0.000336
-7.300000 0.000307
-7.250000 0.000262
-7.200000 0.000225
-7.150000 0.000173
-7.100000 0.000130
-7.050000 0.000075
-7.000000 0.000029
-6.950000 -0.000027
-6.900000 -0.000074
-6.850000 -0.000130
-6.800000 -0.000175
-6.750000 -0.000227
-6.700000 -0.000268
-6.650000 -0.000314
-6.600000 -0.000349
-6.550000 -0.000388
-6.500000 -0.000414
-6.450000 -0.000443
-6.400000 -0.000459
-6.350000 -0.000477
-6.300000 -0.000483
-6.250000 -0.000490
-6.200000 -0.000484
-6.150000 -0.000480
-6.100000 -0.000464
-6.050000 -0.000450
-6.000000 -0.000425
-5.950000 -0.000402
-5.900000 -0.000368
-5.850000 -0.000338
-5.800000 -0.000298
-5.750000 -0.000261
-5.700000 -0.000216
-5.650000 -0.000175
-5.600000 -0.000126
-5.550000 -0.000082
-5.500000 -0.000032
-5.450000 0.000013
-5.400000 0.000062
-5.350000 0.000106
-5.300000 0.000152
-5.250000 0.000192
-5.200000 0.000233
-5.150000 0.000268
-5.100000 0.000303
-5.050000 0.000331
-5.000000 0.000358
-4.950000 0.000379
-4.900000 0.000399
-4.850000 0.000411
-4.800000 0.000423
-4.750000 0.000427
-4.700000 0.000429
-4.650000 0.000424
-4.600000 0.000417
-4.550000 0.000403
-4.500000 0.000386
-4.450000 0.000362
-4.400000 0.000336
-4.350000 0.000303
-4.300000 0.000266
-4.250000 0.000224
-4.200000 0.000178
-4.150000 0.000127
-4.100000 0.000073
-4.050000 0.000014
-4.000000 -0.000049
-3.950000 -0.000117
-3.900000 -0.000189
-3.850000 -0.000266
-3.800000 -0.000348
-3.750000 -0.000435
-3.700000 -0.000529
-3.650000 -0.000628
-3.600000 -0.000735
-3.550000 -0.000849
-3.500000 -0.000971
-3.450000 -0.001102
-3.400000 -0.001243
-3.350000 -0.001393
-3.300000 -0.001556
-3.250000 -0.001731
-3.200000 -0.001922
-3.150000 -0.002128
-3.100000 -0.002353
-3.050000 -0.002597
-3.000000 -0.002866
-2.950000 -0.003157
-2.900000 -0.003480
-2.850000 -0.003831
-2.800000 -0.004221
-2.750000 -0.004647
-2.700000 -0.005118
-2.650000 -0.005635
-2.600000 -0.006207
-2.550000 -0.006835
-2.500000 -0.007532
-2.450000 -0.008296
-2.400000 -0.009144
-2.350000 -0.010076
-2.300000 -0.011111
-2.250000 -0.012249
-2.200000 -0.013511
-2.150000 -0.014901
-2.100000 -0.016441
-2.050000 -0.018138
-2.000000 -0.020018
-1.950000 -0.022090
-1.900000 -0.024383
-1.850000 -0.026909
-1.800000 -0.029703
-1.750000 -0.032781
-1.700000 -0.036185
-1.650000 -0.039933
-1.600000 -0.044073
-1.550000 -0.048633
-1.500000 -0.053667
-1.450000 -0.059208
-1.400000 -0.065322
-1.350000 -0.072048
-1.300000 -0.079462
-1.250000 -0.087614
-1.200000 -0.096590
-1.150000 -0.106453
-1.100000 -0.117300
-1.050000 -0.129205
-1.000000 -0.142281
-0.950000 -0.156616
-0.900000 -0.172335
-0.850000 -0.189539
-0.800000 -0.208372
-0.750000 -0.228945
-0.700000 -0.251415
-0.650000 -0.275905
-0.600000 -0.302583
-0.550000 -0.331578
-0.500000 -0.363060
-0.450000 -0.397160
-0.400000 -0.434043
-0.350000 -0.473825
-0.300000 -0.516652
-0.250000 -0.562612
-0.200000 -0.611812
-0.150000 -0.664288
-0.100000 -0.720080
-0.050000 -0.779145
0.000000 -0.841428
0.050000 -0.906773
0.100000 -0.974996
0.150000 -1.045791
0.200000 -1.118816
0.250000 -1.193590
0.300000 -1.269586
0.350000 -1.346133
0.400000 -1.422518
0.450000 -1.497893
0.500000 -1.571382
0.550000 -1.642002
0.600000 -1.708781
0.650000 -1.770681
0.700000 -1.826729
0.750000 -1.875947
0.800000 -1.917484
0.850000 -1.950547
0.900000 -1.974533
0.950000 -1.988948
1.000000 -1.993534
1.050000 -1.988175
1.100000 -1.973002
1.150000 -1.948289
1.200000 -1.914544
1.250000 -1.872380
1.300000 -1.822602
1.350000 -1.766064
1.400000 -1.703754
1.450000 -1.636642
1.500000 -1.565770
1.550000 -1.492104
1.600000 -1.416627
1.650000 -1.340204
1.700000 -1.263683
1.750000 -1.187765
1.800000 -1.113118
1.850000 -1.040255
1.900000 -0.969659
1.950000 -0.901656
2.000000 -0.836555
2.050000 -0.774522
2.100000 -0.715723
2.150000 -0.660193
2.200000 -0.607987
2.250000 -0.559045
2.300000 -0.513344
2.350000 -0.470760
2.400000 -0.431219
2.450000 -0.394559
2.500000 -0.360678
2.550000 -0.329394
2.600000 -0.300593
2.650000 -0.274090
2.700000 -0.249771
2.750000 -0.227452
2.800000 -0.207029
2.850000 -0.188326
2.900000 -0.171251
2.950000 -0.155643
3.000000 -0.141421
3.050000 -0.128439
3.100000 -0.116631
3.150000 -0.105863
3.200000 -0.096087
3.250000 -0.087179
3.300000 -0.079105
3.350000 -0.071755
3.400000 -0.065105
3.450000 -0.059055
3.500000 -0.053594
3.550000 -0.048632
3.600000 -0.044166
3.650000 -0.040115
3.700000 -0.036484
3.750000 -0.033201
3.800000 -0.030281
3.850000 -0.027655
3.900000 -0.025349
3.950000 -0.023302
4.000000 -0.021546
4.050000 -0.020030
4.100000 -0.018793
4.150000 -0.017794
4.200000 -0.017083
4.250000 -0.016630
4.300000 -0.016499
4.350000 -0.016675
4.400000 -0.017239
4.450000 -0.018197
4.500000 -0.019658
4.550000 -0.021655
4.600000 -0.024334
4.650000 -0.027772
4.700000 -0.032169
4.750000 -0.037665
4.800000 -0.044536
4.850000 -0.053016
4.900000 -0.063496
4.950000 -0.076344
5.000000 -0.092114
5.050000 -0.111374
5.100000 -0.134914
5.150000 -0.163584
5.200000 -0.198515
5.250000 -0.240954
5.300000 -0.292502
5.350000 -0.354956
5.400000 -0.430547
5.450000 -0.521791
5.500000 -0.631716
5.550000 -0.763697
5.600000 -0.921660
5.650000 -1.109851
5.700000 -1.332958
5.750000 -1.595742
5.800000 -1.902975
5.850000 -2.258824
5.900000 -2.666470
5.950000 -3.127128
6.000000 -3.639304
6.050000 -4.197508
6.100000 -4.791404
6.150000 -5.404771
6.200000 -6.015417
6.250000 -6.595538
6.300000 -7.113630
6.350000 -7.537181
6.400000 -7.836701
6.450000 -7.989611
6.500000 -7.983943
6.550000 -7.820094
6.600000 -7.510970
6.650000 -7.079664
6.700000 -6.556114
6.750000 -5.972779
6.800000 -5.361083
6.850000 -4.748373
6.900000 -4.156526
6.950000 -3.601230
7.000000 -3.092545
7.050000 -2.635544
7.100000 -2.231594
7.150000 -1.879213
7.200000 -1.575225
7.250000 -1.315304
7.300000 -1.094769
7.350000 -0.908752
7.400000 -0.752694
7.450000 -0.622269
7.500000 -0.513689
7.550000 -0.423501
7.600000 -0.348813
7.650000 -0.287030
7.700000 -0.236051
7.750000 -0.193991
7.800000 -0.159376
7.850000 -0.130862
7.900000 -0.107441
7.950000 -0.088164
8.000000 -0.072354
8.050000 -0.059345
8.100000 -0.048692
8.150000 -0.039922
8.200000 -0.032753
8.250000 -0.026845
8.300000 -0.022026
8.350000 -0.018047
8.400000 -0.014812
8.450000 -0.012132
8.500000 -0.009962
8.550000 -0.008156
8.600000 -0.006703
8.650000 -0.005484
8.700000 -0.004512
8.750000 -0.003687
8.800000 -0.003037
8.850000 -0.002476
8.900000 -0.002044
8.950000 -0.001661
9.000000 -0.001375
9.050000 -0.001112
9.100000 -0.000924
9.150000 -0.000743
9.200000 -0.000623
9.250000 -0.000497
9.300000 -0.000422
9.350000 -0.000333
9.400000 -0.000289
9.450000 -0.000225
9.500000 -0.000200
9.550000 -0.000152
9.600000 -0.000140
9.650000 -0.000102
9.700000 -0.000098
9.750000 -0.000066
9.800000 -0.000067
9.850000 -0.000039
9.900000 -0.000045
9.950000 -0.000021
10.000000 -0.000030
10.050000 -0.000009
10.100000 -0.000021
10.150000 -0.000003
10.200000 -0.000018
10.250000 -0.000001
10.300000 -0.000017
10.350000 -0.000001
10.400000 -0.000017
10.450000 -0.000002
10.500000 -0.000017
10.550000 -0.000000
10.600000 -0.000015
10.650000 0.000003
10.700000 -0.000011
10.750000 0.000007
10.800000 -0.000007
10.850000 0.000011
10.900000 -0.000004
10.950000 0.000012
11.000000 -0.000004
11.050000 0.000012
11.100000 -0.000006
11.150000 0.000009
11.200000 -0.000009
11.250000 0.000005
11.300000 -0.000012
11.350000 0.000003
11.400000 -0.000014
11.450000 0.000003
11.500000 -0.000012
11.550000 0.000005
11.600000 -0.000009
11.650000 0.000009
11.700000 -0.000005
11.750000 0.000012
11.800000 -0.000003
11.850000 0.000014
11.900000 -0.000003
11.950000 0.000013
12.000000 -0.000005
12.050000 0.000009
12.100000 -0.000009
12.150000 0.000005
12.200000 -0.000013
12.250000 0.000003
12.300000 -0.000014
12.350000 0.000002
12.400000 -0.000013
12.450000 0.000005
12.500000 -0.000010
12.550000 0.000009
12.600000 -0.000005
12.650000 0.000013
12.700000 -0.000003
12.750000 0.000014
12.800000 -0.000002
12.850000 0.000013
12.900000 -0.000005
12.950000 0.000010
13.000000 -0.000009
13.050000 0.000006
13.100000 -0.000013
13.150000 0.000002
13.200000 -0.000015
13.250000 0.000002
13.300000 -0.000014
13.350000 0.000004
13.400000 -0.000010
13.450000 0.000008
13.500000 -0.000006
13.550000 0.000012
13.600000 -0.000002
13.650000 0.000015
13.700000 -0.000001
13.750000 0.000014
13.800000 -0.000003
13.850000 0.000011
13.900000 -0.000008
13.950000 0.000006
14.000000 -0.000012
14.050000 0.000003
14.100000 -0.000015
14.150000 0.000001
14.200000 -0.000015
14.250000 0.000003
14.300000 -0.000012
14.350000 0.000007
14.400000 -0.000007
14.450000 0.000012
14.500000 -0.000003
14.550000 0.000015
14.600000 -0.000001
14.650000 0.000015
14.700000 -0.000002
14.750000 0.000013
14.800000 -0.000006
14.850000 0.000008
14.900000 -0.000011
14.950000 0.000003
15.000000 -0.000015
15.050000 0.000000
15.100000 -0.000016
15.150000 0.000001
15.200000 -0.000014
15.250000 0.000005
15.300000 -0.000009
15.350000 0.000010
15.400000 -0.000004
15.450000 0.000014
15.500000 -0.000000
15.550000 0.000016
15.600000 -0.000000
15.650000 0.000015
15.700000 -0.000003
15.750000 0.000010
15.800000 -0.000009
15.850000 0.000005
15.900000 -0.000014
15.950000 0.000001
16.000000 -0.000016
16.050000 -0.000000
16.100000 -0.000016
16.150000 0.000002
16.200000 -0.000011
16.250000 0.000007
16.300000 -0.000006
16.350000 0.000013
16.400000 -0.000001
16.450000 0.000016
16.500000 0.000001
16.550000 0.000016
16.600000 -0.000001
16.650000 0.000013
16.700000 -0.000005
16.750000 0.000007
16.800000 -0.000011
16.850000 0.000002
16.900000 -0.000016
16.950000 -0.000001
17.000000 -0.000017
17.050000 -0.000001
17.100000 -0.000014
17.150000 0.000003
17.200000 -0.000009
17.250000 0.000009
17.300000 -0.000003
17.350000 0.000015
17.400000 0.000001
17.450000 0.000017
17.500000 0.000002
17.550000 0.000016
17.600000 -0.000001
17.650000 0.000011
17.700000 -0.000007
17.750000 0.000005
17.800000 -0.000013
17.850000 -0.000001
17.900000 -0.000017
17.950000 -0.000003
18.000000 -0.000017
18.050000 -0.000001
18.100000 -0.000013
18.150000 0.000004
18.200000 -0.000007
18.250000 0.000011
18.300000 -0.000001
18.350000 0.000016
18.400000 0.000003
18.450000 0.000018
18.500000 0.000003
18.550000 0.000015
18.600000 -0.000002
18.650000 0.000009
18.700000 -0.000008
18.750000 0.000003
18.800000 -0.000015
18.850000 -0.000003
18.900000 -0.000018
18.950000 -0.000004
19.000000 -0.000017
19.050000 -0.000001
19.100000 -0.000012
19.150000 0.000005
19.200000 -0.000005
19.250000 0.000012
19.300000 0.000001
19.350000 0.000017
19.400000 0.000005
19.450000 0.000018
19.500000 0.000004
19.550000 0.000015
19.600000 -0.000001
19.650000 0.000008
19.700000 -0.000009
19.750000 0.000001
19.800000 -0.000015
19.850000 -0.000004
19.900000 -0.000019
19.950000 -0.000006
20.000000 -0.000017
20.050000 -0.000002
20.100000 -0.000012
20.150000 0.000005
20.200000 -0.000004
20.250000 0.000012
20.300000 0.000003
20.350000 0.000018
20.400000 0.000006
20.450000 0.000019
20.500000 0.000005
20.550000 0.000015
20.600000 -0.000000
20.650000 0.000008
20.700000 -0.000008
20.750000 0.000000
20.800000 -0.000016
20.850000 -0.000006
20.900000 -0.000019
20.950000 -0.000007
21.000000 -0.000018
21.050000 -0.000004
21.100000 -0.000013
21.150000 0.000004
21.200000 -0.000004
21.250000 0.000012
21.300000 0.000004
21.350000 0.000018
21.400000 0.000008
21.450000 0.000020
21.500000 0.000007
21.550000 0.000017
21.600000 0.000002
21.650000 0.000009
21.700000 -0.000007
21.750000 0.000000
21.800000 -0.000015
21.850000 -0.000007
21.900000 -0.000020
21.950000 -0.000009
22.000000 -0.000020
22.050000 -0.000007
22.100000 -0.000014
22.150000 0.000001
22.200000 -0.000006
22.250000 0.000010
22.300000 0.000003
22.350000 0.000018
22.400000 0.000009
22.450000 0.000021
22.500000 0.000010
22.550000 0.000019
22.600000 0.000005
22.650000 0.000012
22.700000 -0.000003
22.750000 0.000002
22.800000 -0.000013
22.850000 -0.000007
22.900000 -0.000020
22.950000 -0.000011
23.000000 -0.000021
23.050000 -0.000010
23.100000 -0.000017
23.150000 -0.000004
23.200000 -0.000009
23.250000 0.000006
23.300000 0.000001
23.350000 0.000015
23.400000 0.000009
23.450000 0.000021
23.500000 0.000013
23.550000 0.000021
23.600000 0.000010
23.650000 0.000016
23.700000 0.000002
23.750000 0.000006
23.800000 -0.000008
23.850000 -0.000004
23.900000 -0.000018
23.950000 -0.000012
24.000000 -0.000022
24.050000 -0.000014
24.100000 -0.000021
24.150000 -0.000009
24.200000 -0.000014
24.250000 -0.000000
24.300000 -0.000003
24.350000 0.000011
24.400000 0.000007
24.450000 0.000019
24.500000 0.000014
24.550000 0.000023
24.600000 0.000015
24.650000 0.000021
24.700000 0.000009
24.750000 0.000012
24.800000 -0.000001
24.850000 0.000001
24.900000 -0.000012
24.950000 -0.000010
25.000000 -0.000021
25.050000 -0.000016
25.100000 -0.000024
25.150000 -0.000016
25.200000 -0.000020
25.250000 -0.000009
25.300000 -0.000011
25.350000 0.000002
25.400000 0.000001
25.450000 0.000014
25.500000 0.000012
25.550000 0.000022
25.600000 0.000018
25.650000 0.000025
25.700000 0.000017
25.750000 0.000020
25.800000 0.000009
25.850000 0.000010
25.900000 -0.000003
25.950000 -0.000003
26.000000 -0.000015
26.050000 -0.000014
26.100000 -0.000024
26.150000 -0.000019
26.200000 -0.000025
26.250000 -0.000018
26.300000 -0.000020
26.350000 -0.000009
26.400000 -0.000009
26.450000 0.000003
26.500000 0.000004
26.550000 0.000016
26.600000 0.000016
26.650000 0.000024
26.700000 0.000021
26.750000 0.000026
26.800000 0.000019
26.850000 0.000021
26.900000 0.000010
26.950000 0.000009
27.000000 -0.000003
27.050000 -0.000005
27.100000 -0.000016
27.150000 -0.000017
27.200000 -0.000025
27.250000 -0.000023
27.300000 -0.000027
27.350000 -0.000021
27.400000 -0.000022
27.450000 -0.000012
27.500000 -0.000010
27.550000 0.000001
27.600000 0.000005
27.650000 0.000016
27.700000 0.000018
27.750000 0.000026
27.800000 0.000025
27.850000 0.000028
27.900000 0.000023
27.950000 0.000023
28.000000 0.000014
28.050000 0.000011
28.100000 0.000000
28.150000 -0.000004
28.200000 -0.000014
28.250000 -0.000018
28.300000 -0.000026
28.350000 -0.000026
28.400000 -0.000030
28.450000 -0.000026
28.500000 -0.000025
28.550000 -0.000018
28.600000 -0.000013
28.650000 -0.000004
28.700000 0.000002
28.750000 0.000012
28.800000 0.000018
28.850000 0.000025
28.900000 0.000027
28.950000 0.000031
29.000000 0.000029
29.050000 0.000028
29.100000 0.000022
29.150000 0.000017
29.200000 0.000008
29.250000 0.000001
29.300000 -0.000009
29.350000 -0.000016
29.400000 -0.000024
29.450000 -0.000029
29.500000 -0.000033
29.550000 -0.000034
29.600000 -0.000034
29.650000 -0.000031
29.700000 -0.000028
29.750000 -0.000022
29.800000 -0.000017
29.850000 -0.000010
29.900000 -0.000006
29.950000 -0.000002
