-30.000000 -0.000013
-29.950000 -0.000010
-29.900000 -0.000019
-29.850000 -0.000012
-29.800000 -0.000018
-29.750000 -0.000009
-29.700000 -0.000012
-29.650000 -0.000001
-29.600000 -0.000003
-29.550000 0.000009
-29.500000 0.000006
-29.450000 0.000016
-29.400000 0.000011
-29.350000 0.000018
-29.300000 0.000011
-29.250000 0.000015
-29.200000 0.000005
-29.150000 0.000007
-29.100000 -0.000005
-29.050000 -0.000003
-29.000000 -0.000014
-28.950000 -0.000010
-28.900000 -0.000019
-28.850000 -0.000013
-28.800000 -0.000019
-28.750000 -0.000010
-28.700000 -0.000012
-28.650000 -0.000001
-28.600000 -0.000003
-28.550000 0.000009
-28.500000 0.000007
-28.450000 0.000017
-28.400000 0.000013
-28.350000 0.000021
-28.300000 0.000014
-28.250000 0.000018
-28.200000 0.000008
-28.150000 0.000009
-28.100000 -0.000002
-28.050000 -0.000001
-28.000000 -0.000013
-27.950000 -0.000011
-27.900000 -0.000020
-27.850000 -0.000016
-27.800000 -0.000021
-27.750000 -0.000014
-27.700000 -0.000016
-27.650000 -0.000006
-27.600000 -0.000006
-27.550000 0.000006
-27.500000 0.000005
-27.450000 0.000016
-27.400000 0.000014
-27.350000 0.000022
-27.300000 0.000017
-27.250000 0.000021
-27.200000 0.000013
-27.150000 0.000014
-27.100000 0.000003
-27.050000 0.000003
-27.000000 -0.000009
-26.950000 -0.000009
-26.900000 -0.000019
-26.850000 -0.000017
-26.800000 -0.000024
-26.750000 -0.000018
-26.700000 -0.000021
-26.650000 -0.000013
-26.600000 -0.000012
-26.550000 -0.000001
-26.500000 0.000000
-26.450000 0.000012
-26.400000 0.000012
-26.350000 0.000022
-26.300000 0.000020
-26.250000 0.000025
-26.200000 0.000020
-26.150000 0.000021
-26.100000 0.000012
-26.050000 0.000011
-26.000000 -0.000000
-25.950000 -0.000003
-25.900000 -0.000014
-25.850000 -0.000015
-25.800000 -0.000024
-25.750000 -0.000022
-25.700000 -0.000027
-25.650000 -0.000021
-25.600000 -0.000022
-25.550000 -0.000012
-25.500000 -0.000010
-25.450000 0.000001
-25.400000 0.000005
-25.350000 0.000016
-25.300000 0.000018
-25.250000 0.000026
-25.200000 0.000024
-25.150000 0.000028
-25.100000 0.000023
-25.050000 0.000022
-25.000000 0.000013
-24.950000 0.000009
-24.900000 -0.000002
-24.850000 -0.000006
-24.800000 -0.000017
-24.750000 -0.000020
-24.700000 -0.000027
-24.650000 -0.000027
-24.600000 -0.000030
-24.550000 -0.000025
-24.500000 -0.000024
-24.450000 -0.000015
-24.400000 -0.000010
-24.350000 0.000001
-24.300000 0.000006
-24.250000 0.000017
-24.200000 0.000021
-24.150000 0.000029
-24.100000 0.000029
-24.050000 0.000032
-24.000000 0.000028
-23.950000 0.000026
-23.900000 0.000017
-23.850000 0.000012
-23.800000 0.000001
-23.750000 -0.000006
-23.700000 -0.000016
-23.650000 -0.000022
-23.600000 -0.000030
-23.550000 -0.000031
-23.500000 -0.000034
-23.450000 -0.000031
-23.400000 -0.000029
-23.350000 -0.000022
-23.300000 -0.000015
-23.250000 -0.000005
-23.200000 0.000003
-23.150000 0.000014
-23.100000 0.000021
-23.050000 0.000029
-23.000000 0.000033
-22.950000 0.000037
-22.900000 0.000035
-22.850000 0.000033
-22.800000 0.000027
-22.750000 0.000020
-22.700000 0.000010
-22.650000 0.000001
-22.600000 -0.000010
-22.550000 -0.000019
-22.500000 -0.000028
-22.450000 -0.000034
-22.400000 -0.000038
-22.350000 -0.000039
-22.300000 -0.000038
-22.250000 -0.000033
-22.200000 -0.000027
-22.150000 -0.000018
-22.100000 -0.000008
-22.050000 0.000003
-22.000000 0.000014
-21.950000 0.000024
-21.900000 0.000032
-21.850000 0.000038
-21.800000 0.000042
-21.750000 0.000042
-21.700000 0.000040
-21.650000 0.000035
-21.600000 0.000027
-21.550000 0.000017
-21.500000 0.000006
-21.450000 -0.000006
-21.400000 -0.000017
-21.350000 -0.000028
-21.300000 -0.000036
-21.250000 -0.000043
-21.200000 -0.000046
-21.150000 -0.000046
-21.100000 -0.000043
-21.050000 -0.000038
-21.000000 -0.000028
-20.950000 -0.000018
-20.900000 -0.000005
-20.850000 0.000006
-20.800000 0.000019
-20.750000 0.000029
-20.700000 0.000040
-20.650000 0.000045
-20.600000 0.000051
-20.550000 0.000050
-20.500000 0.000048
-20.450000 0.000041
-20.400000 0.000033
-20.350000 0.000020
-20.300000 0.000009
-20.250000 -0.000006
-20.200000 -0.000017
-20.150000 -0.000031
-20.100000 -0.000040
-20.050000 -0.000050
-20.000000 -0.000053
-19.950000 -0.000056
-19.900000 -0.000052
-19.850000 -0.000048
-19.800000 -0.000038
-19.750000 -0.000029
-19.700000 -0.000013
-19.650000 -0.000001
-19.600000 0.000016
-19.550000 0.000027
-19.500000 0.000042
-19.450000 0.000049
-19.400000 0.000058
-19.350000 0.000059
-19.300000 0.000061
-19.250000 0.000054
-19.200000 0.000049
-19.150000 0.000035
-19.100000 0.000025
-19.050000 0.000007
-19.000000 -0.000005
-18.950000 -0.000024
-18.900000 -0.000035
-18.850000 -0.000050
-18.800000 -0.000057
-18.750000 -0.000066
-18.700000 -0.000065
-18.650000 -0.000066
-18.600000 -0.000057
-18.550000 -0.000051
-18.500000 -0.000035
-18.450000 -0.000024
-18.400000 -0.000004
-18.350000 0.000009
-18.300000 0.000029
-18.250000 0.000041
-18.200000 0.000057
-18.150000 0.000063
-18.100000 0.000073
-18.050000 0.000071
-18.000000 0.000072
-17.950000 0.000062
-17.900000 0.000056
-17.850000 0.000038
-17.800000 0.000026
-17.750000 0.000005
-17.700000 -0.000009
-17.650000 -0.000031
-17.600000 -0.000044
-17.550000 -0.000062
-17.500000 -0.000068
-17.450000 -0.000080
-17.400000 -0.000078
-17.350000 -0.000081
-17.300000 -0.000070
-17.250000 -0.000064
-17.200000 -0.000046
-17.150000 -0.000034
-17.100000 -0.000011
-17.050000 0.000004
-17.000000 0.000029
-16.950000 0.000042
-16.900000 0.000063
-16.850000 0.000071
-16.800000 0.000086
-16.750000 0.000086
-16.700000 0.000091
-16.650000 0.000081
-16.600000 0.000077
-16.550000 0.000059
-16.500000 0.000047
-16.450000 0.000023
-16.400000 0.000007
-16.350000 -0.000019
-16.300000 -0.000035
-16.250000 -0.000059
-16.200000 -0.000070
-16.150000 -0.000088
-16.100000 -0.000092
-16.050000 -0.000101
-16.000000 -0.000094
-15.950000 -0.000094
-15.900000 -0.000077
-15.850000 -0.000068
-15.800000 -0.000044
-15.750000 -0.000028
-15.700000 0.000000
-15.650000 0.000018
-15.600000 0.000046
-15.550000 0.000061
-15.500000 0.000084
-15.450000 0.000093
-15.400000 0.000108
-15.350000 0.000106
-15.300000 0.000111
-15.250000 0.000099
-15.200000 0.000094
-15.150000 0.000072
-15.100000 0.000058
-15.050000 0.000030
-15.000000 0.000011
-14.950000 -0.000020
-14.900000 -0.000039
-14.850000 -0.000068
-14.800000 -0.000082
-14.750000 -0.000105
-14.700000 -0.000111
-14.650000 -0.000124
-14.600000 -0.000119
-14.550000 -0.000121
-14.500000 -0.000105
-14.450000 -0.000096
-14.400000 -0.000070
-14.350000 -0.000053
-14.300000 -0.000021
-14.250000 -0.000000
-14.200000 0.000033
-14.150000 0.000053
-14.100000 0.000084
-14.050000 0.000099
-14.000000 0.000122
-13.950000 0.000127
-13.900000 0.000140
-13.850000 0.000133
-13.800000 0.000134
-13.750000 0.000116
-13.700000 0.000105
-13.650000 0.000077
-13.600000 0.000058
-13.550000 0.000023
-13.500000 0.000000
-13.450000 -0.000036
-13.400000 -0.000059
-13.350000 -0.000092
-13.300000 -0.000109
-13.250000 -0.000134
-13.200000 -0.000142
-13.150000 -0.000156
-13.100000 -0.000151
-13.050000 -0.000153
-13.000000 -0.000135
-12.950000 -0.000125
-12.900000 -0.000096
-12.850000 -0.000077
-12.800000 -0.000040
-12.750000 -0.000015
-12.700000 0.000024
-12.650000 0.000050
-12.600000 0.000088
-12.550000 0.000109
-12.500000 0.000139
-12.450000 0.000151
-12.400000 0.000171
-12.350000 0.000171
-12.300000 0.000177
-12.250000 0.000164
-12.200000 0.000157
-12.150000 0.000131
-12.100000 0.000113
-12.050000 0.000077
-12.000000 0.000051
-11.950000 0.000009
-11.900000 -0.000020
-11.850000 -0.000063
-11.800000 -0.000090
-11.750000 -0.000127
-11.700000 -0.000148
-11.650000 -0.000176
-11.600000 -0.000185
-11.550000 -0.000200
-11.500000 -0.000196
-11.450000 -0.000197
-11.400000 -0.000179
-11.350000 -0.000166
-11.300000 -0.000135
-11.250000 -0.000111
-11.200000 -0.000071
-11.150000 -0.000040
-11.100000 0.000006
-11.050000 0.000039
-11.000000 0.000084
-10.950000 0.000114
-10.900000 0.000153
-10.850000 0.000175
-10.800000 0.000204
-10.750000 0.000214
-10.700000 0.000230
-10.650000 0.000225
-10.600000 0.000226
-10.550000 0.000206
-10.500000 0.000193
-10.450000 0.000160
-10.400000 0.000134
-10.350000 0.000091
-10.300000 0.000057
-10.250000 0.000008
-10.200000 -0.000030
-10.150000 -0.000079
-10.100000 -0.000114
-10.050000 -0.000158
-10.000000 -0.000186
-9.950000 -0.000221
-9.900000 -0.000237
-9.850000 -0.000258
-9.800000 -0.000260
-9.750000 -0.000266
-9.700000 -0.000252
-9.650000 -0.000243
-9.600000 -0.000214
-9.550000 -0.000190
-9.500000 -0.000148
-9.450000 -0.000114
-9.400000 -0.000064
-9.350000 -0.000023
-9.300000 0.000031
-9.250000 0.000073
-9.200000 0.000125
-9.150000 0.000162
-9.100000 0.000208
-9.050000 0.000236
-9.000000 0.000270
-8.950000 0.000286
-8.900000 0.000305
-8.850000 0.000305
-8.800000 0.000308
-8.750000 0.000292
-8.700000 0.000279
-8.650000 0.000247
-8.600000 0.000220
-8.550000 0.000175
-8.500000 0.000136
-8.450000 0.000083
-8.400000 0.000037
-8.350000 -0.000021
-8.300000 -0.000068
-8.250000 -0.000125
-8.200000 -0.000170
-8.150000 -0.000220
-8.100000 -0.000257
-8.050000 -0.000297
-8.000000 -0.000321
-7.950000 -0.000347
-7.900000 -0.000356
-7.850000 -0.000366
-7.800000 -0.000358
-7.750000 -0.000351
-7.700000 -0.000327
-7.650000 -0.000304
-7.600000 -0.000265
-7.550000 -0.000229
-7.500000 -0.000178
-7.450000 -0.000131
-7.400000 -0.000072
-7.350000 -0.000020
-7.300000 0.000042
-7.250000 0.000096
-7.200000 0.000156
-7.150000 0.000205
-7.100000 0.000260
-7.050000 0.000300
-7.000000 0.000344
-6.950000 0.000373
-6.900000 0.000402
-6.850000 0.000416
-6.800000 0.000430
-6.750000 0.000427
-6.700000 0.000424
-6.650000 0.000404
-6.600000 0.000385
-6.550000 0.000349
-6.500000 0.000315
-6.450000 0.000266
-6.400000 0.000220
-6.350000 0.000161
-6.300000 0.000105
-6.250000 0.000040
-6.200000 -0.000020
-6.150000 -0.000087
-6.100000 -0.000148
-6.050000 -0.000213
-6.000000 -0.000270
-5.950000 -0.000329
-5.900000 -0.000378
-5.850000 -0.000428
-5.800000 -0.000466
-5.750000 -0.000504
-5.700000 -0.000529
-5.650000 -0.000552
-5.600000 -0.000563
-5.550000 -0.000572
-5.500000 -0.000567
-5.450000 -0.000561
-5.400000 -0.000543
-5.350000 -0.000523
-5.300000 -0.000492
-5.250000 -0.000460
-5.200000 -0.000419
-5.150000 -0.000379
-5.100000 -0.000331
-5.050000 -0.000285
-5.000000 -0.000233
-4.950000 -0.000186
-4.900000 -0.000134
-4.850000 -0.000089
-4.800000 -0.000041
-4.750000 -0.000002
-4.700000 0.000037
-4.650000 0.000067
-4.600000 0.000095
-4.550000 0.000111
-4.500000 0.000123
-4.450000 0.000123
-4.400000 0.000116
-4.350000 0.000096
-4.300000 0.000069
-4.250000 0.000026
-4.200000 -0.000025
-4.150000 -0.000093
-4.100000 -0.000170
-4.050000 -0.000265
-4.000000 -0.000372
-3.950000 -0.000497
-3.900000 -0.000636
-3.850000 -0.000794
-3.800000 -0.000968
-3.750000 -0.001163
-3.700000 -0.001376
-3.650000 -0.001612
-3.600000 -0.001869
-3.550000 -0.002152
-3.500000 -0.002460
-3.450000 -0.002798
-3.400000 -0.003166
-3.350000 -0.003568
-3.300000 -0.004007
-3.250000 -0.004486
-3.200000 -0.005009
-3.150000 -0.005581
-3.100000 -0.006206
-3.050000 -0.006891
-3.000000 -0.007640
-2.950000 -0.008462
-2.900000 -0.009363
-2.850000 -0.010352
-2.800000 -0.011439
-2.750000 -0.012634
-2.700000 -0.013948
-2.650000 -0.015393
-2.600000 -0.016985
-2.550000 -0.018738
-2.500000 -0.020670
-2.450000 -0.022798
-2.400000 -0.025145
-2.350000 -0.027731
-2.300000 -0.030584
-2.250000 -0.033728
-2.200000 -0.037196
-2.150000 -0.041019
-2.100000 -0.045234
-2.050000 -0.049881
-2.000000 -0.055003
-1.950000 -0.060646
-1.900000 -0.066864
-1.850000 -0.073710
-1.800000 -0.081250
-1.750000 -0.089545
-1.700000 -0.098673
-1.650000 -0.108707
-1.600000 -0.119737
-1.550000 -0.131849
-1.500000 -0.145145
-1.450000 -0.159727
-1.400000 -0.175710
-1.350000 -0.193209
-1.300000 -0.212356
-1.250000 -0.233276
-1.200000 -0.256116
-1.150000 -0.281011
-1.100000 -0.308116
-1.050000 -0.337576
-1.000000 -0.369546
-0.950000 -0.404171
-0.900000 -0.441599
-0.850000 -0.481960
-0.800000 -0.525384
-0.750000 -0.571968
-0.700000 -0.621799
-0.650000 -0.674921
-0.600000 -0.731354
-0.550000 -0.791057
-0.500000 -0.853953
-0.450000 -0.919883
-0.400000 -0.988638
-0.350000 -1.059908
-0.300000 -1.133319
-0.250000 -1.208387
-0.200000 -1.284551
-0.150000 -1.361137
-0.100000 -1.437399
-0.050000 -1.512487
0.000000 -1.585499
0.050000 -1.655456
0.100000 -1.721366
0.150000 -1.782207
0.200000 -1.836997
0.250000 -1.884784
0.300000 -1.924723
0.350000 -1.956059
0.400000 -1.978203
0.450000 -1.990712
0.500000 -1.993350
0.550000 -1.986053
0.600000 -1.968977
0.650000 -1.942447
0.700000 -1.906990
0.750000 -1.863262
0.800000 -1.812079
0.850000 -1.754328
0.900000 -1.690990
0.950000 -1.623059
1.000000 -1.551559
1.050000 -1.477465
1.100000 -1.401737
1.150000 -1.325240
1.200000 -1.248792
1.250000 -1.173091
1.300000 -1.098772
1.350000 -1.026348
1.400000 -0.956265
1.450000 -0.888854
1.500000 -0.824391
1.550000 -0.763049
1.600000 -0.704965
1.650000 -0.650185
1.700000 -0.598739
1.750000 -0.550584
1.800000 -0.505677
1.850000 -0.463915
1.900000 -0.425208
1.950000 -0.389420
2.000000 -0.356441
2.050000 -0.326121
2.100000 -0.298345
2.150000 -0.272966
2.200000 -0.249880
2.250000 -0.228954
2.300000 -0.210103
2.350000 -0.193223
2.400000 -0.178259
2.450000 -0.165141
2.500000 -0.153858
2.550000 -0.144387
2.600000 -0.136772
2.650000 -0.131057
2.700000 -0.127361
2.750000 -0.125812
2.800000 -0.126635
2.850000 -0.130080
2.900000 -0.136514
2.950000 -0.146359
3.000000 -0.160184
3.050000 -0.178652
3.100000 -0.202619
3.150000 -0.233085
3.200000 -0.271305
3.250000 -0.318748
3.300000 -0.377213
3.350000 -0.448795
3.400000 -0.536003
3.450000 -0.641722
3.500000 -0.769319
3.550000 -0.922572
3.600000 -1.105722
3.650000 -1.323322
3.700000 -1.580160
3.750000 -1.880926
3.800000 -2.229898
3.850000 -2.630295
3.900000 -3.083615
3.950000 -3.588615
4.000000 -4.140337
4.050000 -4.728960
4.100000 -5.339023
4.150000 -5.948977
4.200000 -6.531732
4.250000 -7.056136
4.300000 -7.489825
4.350000 -7.802854
4.400000 -7.971874
4.450000 -7.983617
4.500000 -7.837142
4.550000 -7.543909
4.600000 -7.125982
4.650000 -6.612526
4.700000 -6.035828
4.750000 -5.427383
4.800000 -4.815055
4.850000 -4.221237
4.900000 -3.662331
4.950000 -3.148916
5.000000 -2.686645
5.050000 -2.277204
5.100000 -1.919473
5.150000 -1.610389
5.200000 -1.345818
5.250000 -1.121053
5.300000 -0.931321
5.350000 -0.771971
5.400000 -0.638725
5.450000 -0.527677
5.500000 -0.435412
5.550000 -0.358915
5.600000 -0.295631
5.650000 -0.243341
5.700000 -0.200210
5.750000 -0.164651
5.800000 -0.135378
5.850000 -0.111277
5.900000 -0.091464
5.950000 -0.075165
6.000000 -0.061778
6.050000 -0.050768
6.100000 -0.041733
6.150000 -0.034300
6.200000 -0.028205
6.250000 -0.023189
6.300000 -0.019078
6.350000 -0.015691
6.400000 -0.012919
6.450000 -0.010631
6.500000 -0.008761
6.550000 -0.007213
6.600000 -0.005952
6.650000 -0.004904
6.700000 -0.004053
6.750000 -0.003342
6.800000 -0.002767
6.850000 -0.002284
6.900000 -0.001896
6.950000 -0.001565
7.000000 -0.001303
7.050000 -0.001077
7.100000 -0.000900
7.150000 -0.000744
7.200000 -0.000625
7.250000 -0.000516
7.300000 -0.000436
7.350000 -0.000360
7.400000 -0.000307
7.450000 -0.000253
7.500000 -0.000218
7.550000 -0.000179
7.600000 -0.000156
7.650000 -0.000127
7.700000 -0.000113
7.750000 -0.000091
7.800000 -0.000082
7.850000 -0.000065
7.900000 -0.000061
7.950000 -0.000047
8.000000 -0.000046
8.050000 -0.000034
8.100000 -0.000035
8.150000 -0.000025
8.200000 -0.000027
8.250000 -0.000019
8.300000 -0.000021
8.350000 -0.000014
8.400000 -0.000017
8.450000 -0.000010
8.500000 -0.000013
8.550000 -0.000007
8.600000 -0.000011
8.650000 -0.000005
8.700000 -0.000009
8.750000 -0.000003
8.800000 -0.000008
8.850000 -0.000002
8.900000 -0.000007
8.950000 -0.000002
9.000000 -0.000006
9.050000 -0.000001
9.100000 -0.000005
9.150000 0.000000
9.200000 -0.000004
9.250000 0.000001
9.300000 -0.000004
9.350000 0.000001
9.400000 -0.000004
9.450000 0.000001
9.500000 -0.000004
9.550000 0.000001
9.600000 -0.000004
9.650000 0.000001
9.700000 -0.000003
9.750000 0.000001
9.800000 -0.000003
9.850000 0.000002
9.900000 -0.000002
9.950000 0.000002
10.000000 -0.000002
10.050000 0.000002
10.100000 -0.000002
10.150000 0.000002
10.200000 -0.000003
10.250000 0.000001
10.300000 -0.000003
10.350000 0.000001
10.400000 -0.000003
10.450000 0.000002
10.500000 -0.000002
10.550000 0.000002
10.600000 -0.000002
10.650000 0.000002
10.700000 -0.000001
10.750000 0.000002
10.800000 -0.000002
10.850000 0.000002
10.900000 -0.000002
10.950000 0.000001
11.000000 -0.000002
11.050000 0.000001
11.100000 -0.000002
11.150000 0.000001
11.200000 -0.000002
11.250000 0.000002
11.300000 -0.000001
11.350000 0.000002
11.400000 -0.000001
11.450000 0.000002
11.500000 -0.000001
11.550000 0.000002
11.600000 -0.000002
11.650000 0.000001
11.700000 -0.000002
11.750000 0.000001
11.800000 -0.000002
11.850000 0.000001
11.900000 -0.000002
11.950000 0.000002
12.000000 -0.000001
12.050000 0.000002
12.100000 -0.000001
12.150000 0.000002
12.200000 -0.000001
12.250000 0.000001
12.300000 -0.000001
12.350000 0.000001
12.400000 -0.000002
12.450000 0.000001
12.500000 -0.000002
12.550000 0.000001
12.600000 -0.000001
12.650000 0.000001
12.700000 -0.000001
12.750000 0.000002
12.800000 -0.000000
12.850000 0.000002
12.900000 -0.000000
12.950000 0.000001
13.000000 -0.000001
13.050000 0.000001
13.100000 -0.000002
13.150000 0.000000
13.200000 -0.000002
13.250000 0.000000
13.300000 -0.000001
13.350000 0.000001
13.400000 -0.000000
13.450000 0.000001
13.500000 0.000000
13.550000 0.000002
13.600000 -0.000000
13.650000 0.000001
13.700000 -0.000001
13.750000 0.000000
13.800000 -0.000001
13.850000 -0.000000
13.900000 -0.000001
13.950000 -0.000000
14.000000 -0.000001
14.050000 0.000000
14.100000 -0.000000
14.150000 0.000001
14.200000 0.000000
14.250000 0.000001
14.300000 0.000001
14.350000 0.000001
14.400000 -0.000000
14.450000 0.000000
14.500000 -0.000001
14.550000 -0.000001
14.600000 -0.000001
14.650000 -0.000001
14.700000 -0.000001
14.750000 -0.000000
14.800000 -0.000000
14.850000 0.000000
14.900000 0.000001
14.950000 0.000001
15.000000 0.000001
15.050000 0.000001
15.100000 0.000001
15.150000 0.000000
15.200000 -0.000000
15.250000 -0.000001
15.300000 -0.000001
15.350000 -0.000001
15.400000 -0.000001
15.450000 -0.000001
15.500000 -0.000000
15.550000 -0.000000
15.600000 0.000001
15.650000 0.000001
15.700000 0.000001
15.750000 0.000001
15.800000 0.000001
15.850000 0.000000
15.900000 0.000001
15.950000 -0.000001
16.000000 -0.000000
16.050000 -0.000002
16.100000 -0.000001
16.150000 -0.000002
16.200000 -0.000000
16.250000 -0.000001
16.300000 0.000001
16.350000 0.000000
16.400000 0.000002
16.450000 0.000001
16.500000 0.000002
16.550000 0.000000
16.600000 0.000001
16.650000 -0.000001
16.700000 0.000000
16.750000 -0.000002
16.800000 -0.000000
16.850000 -0.000002
16.900000 -0.000000
16.950000 -0.000002
17.000000 0.000000
17.050000 -0.000001
17.100000 0.000002
17.150000 0.000000
17.200000 0.000002
17.250000 0.000000
17.300000 0.000002
17.350000 -0.000000
17.400000 0.000001
17.450000 -0.000001
17.500000 0.000000
17.550000 -0.000002
17.600000 -0.000000
17.650000 -0.000003
17.700000 0.000000
17.750000 -0.000002
17.800000 0.000001
17.850000 -0.000001
17.900000 0.000002
17.950000 0.000000
18.000000 0.000003
18.050000 -0.000000
18.100000 0.000002
18.150000 -0.000001
18.200000 0.000001
18.250000 -0.000002
18.300000 0.000000
18.350000 -0.000003
18.400000 -0.000000
18.450000 -0.000003
18.500000 0.000001
18.550000 -0.000002
18.600000 0.000002
18.650000 -0.000001
18.700000 0.000003
18.750000 0.000000
18.800000 0.000003
18.850000 -0.000000
18.900000 0.000002
18.950000 -0.000002
19.000000 0.000001
19.050000 -0.000003
19.100000 0.000000
19.150000 -0.000004
19.200000 0.000000
19.250000 -0.000003
19.300000 0.000001
19.350000 -0.000002
19.400000 0.000003
19.450000 -0.000000
19.500000 0.000004
19.550000 -0.000000
19.600000 0.000003
19.650000 -0.000001
19.700000 0.000002
19.750000 -0.000002
19.800000 0.000001
19.850000 -0.000004
19.900000 0.000000
19.950000 -0.000004
20.000000 0.000000
20.050000 -0.000003
20.100000 0.000002
20.150000 -0.000002
20.200000 0.000003
20.250000 -0.000000
20.300000 0.000004
20.350000 -0.000000
20.400000 0.000004
20.450000 -0.000001
20.500000 0.000002
20.550000 -0.000003
20.600000 0.000001
20.650000 -0.000004
20.700000 0.000000
20.750000 -0.000004
20.800000 0.000001
20.850000 -0.000003
20.900000 0.000002
20.950000 -0.000002
21.000000 0.000004
21.050000 -0.000000
21.100000 0.000005
21.150000 -0.000000
21.200000 0.000004
21.250000 -0.000001
21.300000 0.000002
21.350000 -0.000003
21.400000 0.000001
21.450000 -0.000004
21.500000 -0.000000
21.550000 -0.000005
21.600000 0.000000
21.650000 -0.000003
21.700000 0.000002
21.750000 -0.000002
21.800000 0.000004
21.850000 -0.000000
21.900000 0.000005
21.950000 0.000000
22.000000 0.000004
22.050000 -0.000001
22.100000 0.000003
22.150000 -0.000003
22.200000 0.000001
22.250000 -0.000005
22.300000 -0.000000
22.350000 -0.000005
22.400000 0.000000
22.450000 -0.000004
22.500000 0.000002
22.550000 -0.000002
22.600000 0.000004
22.650000 -0.000000
22.700000 0.000005
22.750000 0.000000
22.800000 0.000005
22.850000 -0.000001
22.900000 0.000003
22.950000 -0.000003
23.000000 0.000001
23.050000 -0.000005
23.100000 -0.000000
23.150000 -0.000005
23.200000 -0.000000
23.250000 -0.000004
23.300000 0.000002
23.350000 -0.000002
23.400000 0.000004
23.450000 -0.000000
23.500000 0.000005
23.550000 0.000001
23.600000 0.000005
23.650000 -0.000000
23.700000 0.000004
23.750000 -0.000002
23.800000 0.000001
23.850000 -0.000005
23.900000 -0.000001
23.950000 -0.000006
24.000000 -0.000001
24.050000 -0.000005
24.100000 0.000001
24.150000 -0.000003
24.200000 0.000003
24.250000 -0.000000
24.300000 0.000005
24.350000 0.000001
24.400000 0.000006
24.450000 0.000001
24.500000 0.000004
24.550000 -0.000001
24.600000 0.000002
24.650000 -0.000004
24.700000 -0.000000
24.750000 -0.000006
24.800000 -0.000001
24.850000 -0.000006
24.900000 -0.000000
24.950000 -0.000004
25.000000 0.000002
25.050000 -0.000001
25.100000 0.000005
25.150000 0.000001
25.200000 0.000006
25.250000 0.000002
25.300000 0.000006
25.350000 -0.000000
25.400000 0.000003
25.450000 -0.000003
25.500000 0.000000
25.550000 -0.000005
25.600000 -0.000002
25.650000 -0.000006
25.700000 -0.000002
25.750000 -0.000005
25.800000 0.000000
25.850000 -0.000002
25.900000 0.000004
25.950000 0.000001
26.000000 0.000006
26.050000 0.000002
26.100000 0.000006
26.150000 0.000002
26.200000 0.000005
26.250000 -0.000001
26.300000 0.000001
26.350000 -0.000004
26.400000 -0.000002
26.450000 -0.000006
26.500000 -0.000003
26.550000 -0.000006
26.600000 -0.000002
26.650000 -0.000004
26.700000 0.000001
26.750000 -0.000001
26.800000 0.000005
26.850000 0.000002
26.900000 0.000007
26.950000 0.000003
27.000000 0.000006
27.050000 0.000002
27.100000 0.000004
27.150000 -0.000002
27.200000 -0.000000
27.250000 -0.000005
27.300000 -0.000003
27.350000 -0.000007
27.400000 -0.000004
27.450000 -0.000006
27.500000 -0.000002
27.550000 -0.000003
27.600000 0.000002
27.650000 0.000001
27.700000 0.000006
27.750000 0.000004
27.800000 0.000007
27.850000 0.000004
27.900000 0.000006
27.950000 0.000002
28.000000 0.000003
28.050000 -0.000002
28.100000 -0.000001
28.150000 -0.000006
28.200000 -0.000004
28.250000 -0.000008
28.300000 -0.000004
28.350000 -0.000006
28.400000 -0.000002
28.450000 -0.000002
28.500000 0.000003
28.550000 0.000002
28.600000 0.000006
28.650000 0.000005
28.700000 0.000008
28.750000 0.000005
28.800000 0.000006
28.850000 0.000002
28.900000 0.000002
28.950000 -0.000003
29.000000 -0.000003
29.050000 -0.000007
29.100000 -0.000006
29.150000 -0.000008
29.200000 -0.000006
29.250000 -0.000006
29.300000 -0.000002
29.350000 -0.000002
29.400000 0.000002
29.450000 0.000003
29.500000 0.000007
29.550000 0.000006
29.600000 0.000009
29.650000 0.000007
29.700000 0.000007
29.750000 0.000004
29.800000 0.000004
29.850000 0.000000
29.900000 0.000001
29.950000 -0.000002
