-30.000000 0.000045
-29.950000 0.000041
-29.900000 0.000081
-29.850000 0.000072
-29.800000 0.000106
-29.750000 0.000091
-29.700000 0.000118
-29.650000 0.000095
-29.600000 0.000115
-29.550000 0.000085
-29.500000 0.000098
-29.450000 0.000061
-29.400000 0.000067
-29.350000 0.000025
-29.300000 0.000028
-29.250000 -0.000016
-29.200000 -0.000013
-29.150000 -0.000056
-29.100000 -0.000051
-29.050000 -0.000088
-29.000000 -0.000077
-28.950000 -0.000107
-28.900000 -0.000087
-28.850000 -0.000108
-28.800000 -0.000080
-28.750000 -0.000092
-28.700000 -0.000056
-28.650000 -0.000062
-28.600000 -0.000021
-28.550000 -0.000024
-28.500000 0.000019
-28.450000 0.000017
-28.400000 0.000058
-28.350000 0.000053
-28.300000 0.000089
-28.250000 0.000078
-28.200000 0.000108
-28.150000 0.000089
-28.100000 0.000111
-28.050000 0.000085
-28.000000 0.000099
-27.950000 0.000065
-27.900000 0.000072
-27.850000 0.000033
-27.800000 0.000035
-27.750000 -0.000007
-27.700000 -0.000007
-27.650000 -0.000049
-27.600000 -0.000047
-27.550000 -0.000086
-27.500000 -0.000079
-27.450000 -0.000112
-27.400000 -0.000097
-27.350000 -0.000121
-27.300000 -0.000097
-27.250000 -0.000112
-27.200000 -0.000080
-27.150000 -0.000086
-27.100000 -0.000047
-27.050000 -0.000047
-27.000000 -0.000004
-26.950000 -0.000002
-26.900000 0.000041
-26.850000 0.000041
-26.800000 0.000081
-26.750000 0.000076
-26.700000 0.000110
-26.650000 0.000098
-26.600000 0.000123
-26.550000 0.000103
-26.500000 0.000119
-26.450000 0.000091
-26.400000 0.000099
-26.350000 0.000064
-26.300000 0.000066
-26.250000 0.000026
-26.200000 0.000024
-26.150000 -0.000018
-26.100000 -0.000021
-26.050000 -0.000062
-26.000000 -0.000062
-25.950000 -0.000100
-25.900000 -0.000094
-25.850000 -0.000125
-25.800000 -0.000111
-25.750000 -0.000133
-25.700000 -0.000110
-25.650000 -0.000121
-25.600000 -0.000090
-25.550000 -0.000092
-25.500000 -0.000053
-25.450000 -0.000050
-25.400000 -0.000007
-25.350000 -0.000001
-25.300000 0.000043
-25.250000 0.000047
-25.200000 0.000087
-25.150000 0.000086
-25.100000 0.000119
-25.050000 0.000111
-25.000000 0.000136
-24.950000 0.000119
-24.900000 0.000134
-24.850000 0.000108
-24.800000 0.000114
-24.750000 0.000081
-24.700000 0.000080
-24.650000 0.000041
-24.600000 0.000036
-24.550000 -0.000006
-24.500000 -0.000012
-24.450000 -0.000054
-24.400000 -0.000059
-24.350000 -0.000097
-24.300000 -0.000097
-24.250000 -0.000129
-24.200000 -0.000122
-24.150000 -0.000145
-24.100000 -0.000129
-24.050000 -0.000142
-24.000000 -0.000116
-23.950000 -0.000119
-23.900000 -0.000084
-23.850000 -0.000079
-23.800000 -0.000038
-23.750000 -0.000029
-23.700000 0.000015
-23.650000 0.000025
-23.600000 0.000068
-23.550000 0.000075
-23.500000 0.000112
-23.450000 0.000112
-23.400000 0.000141
-23.350000 0.000133
-23.300000 0.000153
-23.250000 0.000135
-23.200000 0.000145
-23.150000 0.000118
-23.100000 0.000119
-23.050000 0.000085
-23.000000 0.000079
-22.950000 0.000039
-22.900000 0.000029
-22.850000 -0.000013
-22.800000 -0.000024
-22.750000 -0.000065
-22.700000 -0.000074
-22.650000 -0.000111
-22.600000 -0.000115
-22.550000 -0.000145
-22.500000 -0.000141
-22.450000 -0.000162
-22.400000 -0.000148
-22.350000 -0.000159
-22.300000 -0.000135
-22.250000 -0.000135
-22.200000 -0.000101
-22.150000 -0.000093
-22.100000 -0.000052
-22.050000 -0.000039
-22.000000 0.000005
-21.950000 0.000020
-21.900000 0.000063
-21.850000 0.000075
-21.800000 0.000113
-21.750000 0.000119
-21.700000 0.000150
-21.650000 0.000148
-21.600000 0.000168
-21.550000 0.000156
-21.500000 0.000167
-21.450000 0.000146
-21.400000 0.000147
-21.350000 0.000117
-21.300000 0.000110
-21.250000 0.000073
-21.200000 0.000060
-21.150000 0.000020
-21.100000 0.000004
-21.050000 -0.000038
-21.000000 -0.000055
-20.950000 -0.000094
-20.900000 -0.000107
-20.850000 -0.000141
-20.800000 -0.000147
-20.750000 -0.000173
-20.700000 -0.000169
-20.650000 -0.000184
-20.600000 -0.000170
-20.550000 -0.000174
-20.500000 -0.000149
-20.450000 -0.000142
-20.400000 -0.000108
-20.350000 -0.000093
-20.300000 -0.000052
-20.250000 -0.000033
-20.200000 0.000010
-20.150000 0.000030
-20.100000 0.000072
-20.050000 0.000089
-20.000000 0.000125
-19.950000 0.000136
-19.900000 0.000165
-19.850000 0.000167
-19.800000 0.000187
-19.750000 0.000180
-19.700000 0.000189
-19.650000 0.000173
-19.600000 0.000172
-19.550000 0.000146
-19.500000 0.000136
-19.450000 0.000103
-19.400000 0.000086
-19.350000 0.000046
-19.300000 0.000024
-19.250000 -0.000018
-19.200000 -0.000041
-19.150000 -0.000083
-19.100000 -0.000103
-19.050000 -0.000140
-19.000000 -0.000155
-18.950000 -0.000183
-18.900000 -0.000188
-18.850000 -0.000206
-18.800000 -0.000200
-18.750000 -0.000206
-18.700000 -0.000189
-18.650000 -0.000183
-18.600000 -0.000156
-18.550000 -0.000141
-18.500000 -0.000106
-18.450000 -0.000084
-18.400000 -0.000044
-18.350000 -0.000019
-18.300000 0.000022
-18.250000 0.000047
-18.200000 0.000086
-18.150000 0.000108
-18.100000 0.000142
-18.050000 0.000158
-18.000000 0.000185
-17.950000 0.000193
-17.900000 0.000211
-17.850000 0.000210
-17.800000 0.000218
-17.750000 0.000206
-17.700000 0.000203
-17.650000 0.000180
-17.600000 0.000167
-17.550000 0.000135
-17.500000 0.000112
-17.450000 0.000073
-17.400000 0.000045
-17.350000 0.000002
-17.300000 -0.000028
-17.250000 -0.000071
-17.200000 -0.000099
-17.150000 -0.000137
-17.100000 -0.000159
-17.050000 -0.000189
-17.000000 -0.000202
-16.950000 -0.000222
-16.900000 -0.000225
-16.850000 -0.000234
-16.800000 -0.000226
-16.750000 -0.000224
-16.700000 -0.000206
-16.650000 -0.000194
-16.600000 -0.000167
-16.550000 -0.000146
-16.500000 -0.000112
-16.450000 -0.000086
-16.400000 -0.000047
-16.350000 -0.000017
-16.300000 0.000024
-16.250000 0.000056
-16.200000 0.000095
-16.150000 0.000124
-16.100000 0.000160
-16.050000 0.000184
-16.000000 0.000212
-15.950000 0.000227
-15.900000 0.000245
-15.850000 0.000250
-15.800000 0.000256
-15.750000 0.000249
-15.700000 0.000242
-15.650000 0.000223
-15.600000 0.000205
-15.550000 0.000176
-15.500000 0.000150
-15.450000 0.000114
-15.400000 0.000081
-15.350000 0.000041
-15.300000 0.000006
-15.250000 -0.000034
-15.200000 -0.000069
-15.150000 -0.000107
-15.100000 -0.000137
-15.050000 -0.000170
-15.000000 -0.000195
-14.950000 -0.000220
-14.900000 -0.000238
-14.850000 -0.000254
-14.800000 -0.000262
-14.750000 -0.000269
-14.700000 -0.000266
-14.650000 -0.000261
-14.600000 -0.000248
-14.550000 -0.000232
-14.500000 -0.000208
-14.450000 -0.000183
-14.400000 -0.000150
-14.350000 -0.000116
-14.300000 -0.000077
-14.250000 -0.000038
-14.200000 0.000004
-14.150000 0.000044
-14.100000 0.000085
-14.050000 0.000123
-14.000000 0.000160
-13.950000 0.000191
-13.900000 0.000220
-13.850000 0.000243
-13.800000 0.000263
-13.750000 0.000276
-13.700000 0.000285
-13.650000 0.000288
-13.600000 0.000286
-13.550000 0.000279
-13.500000 0.000267
-13.450000 0.000250
-13.400000 0.000229
-13.350000 0.000204
-13.300000 0.000175
-13.250000 0.000142
-13.200000 0.000106
-13.150000 0.000069
-13.100000 0.000028
-13.050000 -0.000013
-13.000000 -0.000055
-12.950000 -0.000096
-12.900000 -0.000136
-12.850000 -0.000173
-12.800000 -0.000209
-12.750000 -0.000239
-12.700000 -0.000266
-12.650000 -0.000286
-12.600000 -0.000303
-12.550000 -0.000312
-12.500000 -0.000318
-12.450000 -0.000315
-12.400000 -0.000309
-12.350000 -0.000295
-12.300000 -0.000280
-12.250000 -0.000256
-12.200000 -0.000232
-12.150000 -0.000201
-12.100000 -0.000170
-12.050000 -0.000133
-12.000000 -0.000098
-11.950000 -0.000057
-11.900000 -0.000019
-11.850000 0.000024
-11.800000 0.000063
-11.750000 0.000105
-11.700000 0.000142
-11.650000 0.000183
-11.600000 0.000215
-11.550000 0.000250
-11.500000 0.000276
-11.450000 0.000303
-11.400000 0.000320
-11.350000 0.000337
-11.300000 0.000342
-11.250000 0.000348
-11.200000 0.000341
-11.150000 0.000335
-11.100000 0.000317
-11.050000 0.000301
-11.000000 0.000273
-10.950000 0.000248
-10.900000 0.000213
-10.850000 0.000182
-10.800000 0.000141
-10.750000 0.000106
-10.700000 0.000062
-10.650000 0.000026
-10.600000 -0.000019
-10.550000 -0.000056
-10.500000 -0.000101
-10.450000 -0.000136
-10.400000 -0.000178
-10.350000 -0.000209
-10.300000 -0.000247
-10.250000 -0.000274
-10.200000 -0.000305
-10.150000 -0.000324
-10.100000 -0.000348
-10.050000 -0.000358
-10.000000 -0.000372
-9.950000 -0.000371
-9.900000 -0.000374
-9.850000 -0.000362
-9.800000 -0.000354
-9.750000 -0.000332
-9.700000 -0.000314
-9.650000 -0.000282
-9.600000 -0.000257
-9.550000 -0.000218
-9.500000 -0.000187
-9.450000 -0.000143
-9.400000 -0.000110
-9.350000 -0.000064
-9.300000 -0.000029
-9.250000 0.000018
-9.200000 0.000052
-9.150000 0.000098
-9.100000 0.000131
-9.050000 0.000174
-9.000000 0.000205
-8.950000 0.000245
-8.900000 0.000271
-8.850000 0.000307
-8.800000 0.000327
-8.750000 0.000356
-8.700000 0.000368
-8.650000 0.000389
-8.600000 0.000392
-8.550000 0.000403
-8.500000 0.000396
-8.450000 0.000398
-8.400000 0.000381
-8.350000 0.000372
-8.300000 0.000346
-8.250000 0.000330
-8.200000 0.000296
-8.150000 0.000273
-8.100000 0.000234
-8.050000 0.000207
-8.000000 0.000164
-7.950000 0.000135
-7.900000 0.000090
-7.850000 0.000059
-7.800000 0.000013
-7.750000 -0.000017
-7.700000 -0.000063
-7.650000 -0.000094
-7.600000 -0.000139
-7.550000 -0.000168
-7.500000 -0.000212
-7.450000 -0.000238
-7.400000 -0.000279
-7.350000 -0.000301
-7.300000 -0.000337
-7.250000 -0.000353
-7.200000 -0.000381
-7.150000 -0.000390
-7.100000 -0.000410
-7.050000 -0.000410
-7.000000 -0.000422
-6.950000 -0.000413
-6.900000 -0.000417
-6.850000 -0.000401
-6.800000 -0.000398
-6.750000 -0.000375
-6.700000 -0.000366
-6.650000 -0.000338
-6.600000 -0.000325
-6.550000 -0.000293
-6.500000 -0.000277
-6.450000 -0.000242
-6.400000 -0.000223
-6.350000 -0.000185
-6.300000 -0.000163
-6.250000 -0.000122
-6.200000 -0.000098
-6.150000 -0.000055
-6.100000 -0.000029
-6.050000 0.000016
-6.000000 0.000042
-5.950000 0.000087
-5.900000 0.000112
-5.850000 0.000156
-5.800000 0.000178
-5.750000 0.000219
-5.700000 0.000236
-5.650000 0.000272
-5.600000 0.000284
-5.550000 0.000314
-5.500000 0.000320
-5.450000 0.000345
-5.400000 0.000346
-5.350000 0.000366
-5.300000 0.000363
-5.250000 0.000379
-5.200000 0.000372
-5.150000 0.000385
-5.100000 0.000376
-5.050000 0.000386
-5.000000 0.000372
-4.950000 0.000379
-4.900000 0.000362
-4.850000 0.000365
-4.800000 0.000343
-4.750000 0.000341
-4.700000 0.000315
-4.650000 0.000308
-4.600000 0.000277
-4.550000 0.000267
-4.500000 0.000233
-4.450000 0.000221
-4.400000 0.000184
-4.350000 0.000170
-4.300000 0.000133
-4.250000 0.000120
-4.200000 0.000083
-4.150000 0.000070
-4.100000 0.000034
-4.050000 0.000022
-4.000000 -0.000014
-3.950000 -0.000025
-3.900000 -0.000062
-3.850000 -0.000075
-3.800000 -0.000113
-3.750000 -0.000128
-3.700000 -0.000169
-3.650000 -0.000186
-3.600000 -0.000230
-3.550000 -0.000251
-3.500000 -0.000298
-3.450000 -0.000321
-3.400000 -0.000372
-3.350000 -0.000397
-3.300000 -0.000451
-3.250000 -0.000479
-3.200000 -0.000537
-3.150000 -0.000570
-3.100000 -0.000633
-3.050000 -0.000674
-3.000000 -0.000747
-2.950000 -0.000798
-2.900000 -0.000883
-2.850000 -0.000950
-2.800000 -0.001052
-2.750000 -0.001137
-2.700000 -0.001262
-2.650000 -0.001371
-2.600000 -0.001521
-2.550000 -0.001659
-2.500000 -0.001841
-2.450000 -0.002013
-2.400000 -0.002232
-2.350000 -0.002445
-2.300000 -0.002709
-2.250000 -0.002972
-2.200000 -0.003292
-2.150000 -0.003615
-2.100000 -0.004004
-2.050000 -0.004403
-2.000000 -0.004876
-1.950000 -0.005370
-1.900000 -0.005947
-1.850000 -0.006556
-1.800000 -0.007263
-1.750000 -0.008013
-1.700000 -0.008876
-1.650000 -0.009799
-1.600000 -0.010852
-1.550000 -0.011984
-1.500000 -0.013267
-1.450000 -0.014652
-1.400000 -0.016213
-1.350000 -0.017904
-1.300000 -0.019804
-1.250000 -0.021867
-1.200000 -0.024178
-1.150000 -0.026693
-1.100000 -0.029503
-1.050000 -0.032570
-1.000000 -0.035987
-0.950000 -0.039723
-0.900000 -0.043878
-0.850000 -0.048425
-0.800000 -0.053472
-0.750000 -0.059001
-0.700000 -0.065126
-0.650000 -0.071838
-0.600000 -0.079261
-0.550000 -0.087395
-0.500000 -0.096378
-0.450000 -0.106217
-0.400000 -0.117064
-0.350000 -0.128939
-0.300000 -0.142008
-0.250000 -0.156305
-0.200000 -0.172009
-0.150000 -0.189168
-0.100000 -0.207977
-0.050000 -0.228497
0.000000 -0.250935
0.050000 -0.275365
0.100000 -0.302003
0.150000 -0.330929
0.200000 -0.362365
0.250000 -0.396389
0.300000 -0.433218
0.350000 -0.472918
0.400000 -0.515686
0.450000 -0.561558
0.500000 -0.610693
0.550000 -0.663076
0.600000 -0.718800
0.650000 -0.777771
0.700000 -0.839987
0.750000 -0.905240
0.800000 -0.973402
0.850000 -1.044116
0.900000 -1.117094
0.950000 -1.191806
1.000000 -1.267779
1.050000 -1.344294
1.100000 -1.420692
1.150000 -1.496074
1.200000 -1.569621
1.250000 -1.640298
1.300000 -1.707186
1.350000 -1.769195
1.400000 -1.825403
1.450000 -1.874779
1.500000 -1.916522
1.550000 -1.949782
1.600000 -1.974005
1.650000 -1.988641
1.700000 -1.993480
1.750000 -1.988346
1.800000 -1.973421
1.850000 -1.948920
1.900000 -1.915402
1.950000 -1.873421
2.000000 -1.823835
2.050000 -1.767442
2.100000 -1.705282
2.150000 -1.638271
2.200000 -1.567504
2.250000 -1.493893
2.300000 -1.418477
2.350000 -1.342068
2.400000 -1.265567
2.450000 -1.189624
2.500000 -1.114964
2.550000 -1.042047
2.600000 -0.971410
2.650000 -0.903329
2.700000 -0.838170
2.750000 -0.776047
2.800000 -0.717180
2.850000 -0.661554
2.900000 -0.609278
2.950000 -0.560242
3.000000 -0.514475
3.050000 -0.471802
3.100000 -0.432202
3.150000 -0.395461
3.200000 -0.361529
3.250000 -0.330172
3.300000 -0.301329
3.350000 -0.274759
3.400000 -0.250402
3.450000 -0.228021
3.500000 -0.207564
3.550000 -0.188803
3.600000 -0.171698
3.650000 -0.156033
3.700000 -0.141783
3.750000 -0.128745
3.800000 -0.116910
3.850000 -0.106089
3.900000 -0.096285
3.950000 -0.087324
4.000000 -0.079222
4.050000 -0.071815
4.100000 -0.065133
4.150000 -0.059021
4.200000 -0.053518
4.250000 -0.048481
4.300000 -0.043956
4.350000 -0.039808
4.400000 -0.036091
4.450000 -0.032675
4.500000 -0.029624
4.550000 -0.026812
4.600000 -0.024308
4.650000 -0.021992
4.700000 -0.019938
4.750000 -0.018030
4.800000 -0.016347
4.850000 -0.014775
4.900000 -0.013396
4.950000 -0.012102
5.000000 -0.010976
5.050000 -0.009910
5.100000 -0.008993
5.150000 -0.008116
5.200000 -0.007371
5.250000 -0.006650
5.300000 -0.006047
5.350000 -0.005454
5.400000 -0.004966
5.450000 -0.004477
5.500000 -0.004083
5.550000 -0.003679
5.600000 -0.003361
5.650000 -0.003025
5.700000 -0.002768
5.750000 -0.002488
5.800000 -0.002283
5.850000 -0.002049
5.900000 -0.001887
5.950000 -0.001694
6.000000 -0.001570
6.050000 -0.001413
6.100000 -0.001325
6.150000 -0.001203
6.200000 -0.001149
6.250000 -0.001061
6.300000 -0.001042
6.350000 -0.000990
6.400000 -0.001008
6.450000 -0.000995
6.500000 -0.001056
6.550000 -0.001089
6.600000 -0.001202
6.650000 -0.001295
6.700000 -0.001479
6.750000 -0.001655
6.800000 -0.001938
6.850000 -0.002234
6.900000 -0.002661
6.950000 -0.003133
7.000000 -0.003775
7.050000 -0.004508
7.100000 -0.005467
7.150000 -0.006586
7.200000 -0.008017
7.250000 -0.009709
7.300000 -0.011838
7.350000 -0.014381
7.400000 -0.017545
7.450000 -0.021347
7.500000 -0.026046
7.550000 -0.031718
7.600000 -0.038692
7.650000 -0.047134
7.700000 -0.057481
7.750000 -0.070026
7.800000 -0.085365
7.850000 -0.103978
7.900000 -0.126689
7.950000 -0.154249
8.000000 -0.187806
8.050000 -0.228496
8.100000 -0.277919
8.150000 -0.337741
8.200000 -0.410174
8.250000 -0.497580
8.300000 -0.602950
8.350000 -0.729497
8.400000 -0.881101
8.450000 -1.061857
8.500000 -1.276444
8.550000 -1.529545
8.600000 -1.826045
8.650000 -2.170216
8.700000 -2.565616
8.750000 -3.013920
8.800000 -3.514447
8.850000 -4.062658
8.900000 -4.649526
8.950000 -5.260178
9.000000 -5.873888
9.050000 -6.463973
9.100000 -6.999661
9.150000 -7.448267
9.200000 -7.779300
9.250000 -7.968120
9.300000 -8.000108
9.350000 -7.872602
9.400000 -7.595782
9.450000 -7.190550
9.500000 -6.685696
9.550000 -6.113373
9.600000 -5.505633
9.650000 -4.890889
9.700000 -4.292471
9.750000 -3.727432
9.800000 -3.207173
9.850000 -2.737758
9.900000 -2.321411
9.950000 -1.957141
10.000000 -1.642175
10.050000 -1.372317
10.100000 -1.143007
10.150000 -0.949309
10.200000 -0.786657
10.250000 -0.650577
10.300000 -0.537232
10.350000 -0.443007
10.400000 -0.364964
10.450000 -0.300356
10.500000 -0.247053
10.550000 -0.203041
10.600000 -0.166834
10.650000 -0.136981
10.700000 -0.112479
10.750000 -0.092285
10.800000 -0.075746
10.850000 -0.062110
10.900000 -0.050967
10.950000 -0.041768
11.000000 -0.034272
11.050000 -0.028069
11.100000 -0.023035
11.150000 -0.018854
11.200000 -0.015479
11.250000 -0.012660
11.300000 -0.010403
11.350000 -0.008502
11.400000 -0.006998
11.450000 -0.005714
11.500000 -0.004715
11.550000 -0.003845
11.600000 -0.003185
11.650000 -0.002591
11.700000 -0.002156
11.750000 -0.001746
11.800000 -0.001462
11.850000 -0.001174
11.900000 -0.000989
11.950000 -0.000782
12.000000 -0.000664
12.050000 -0.000513
12.100000 -0.000440
12.150000 -0.000328
12.200000 -0.000288
12.250000 -0.000203
12.300000 -0.000187
12.350000 -0.000123
12.400000 -0.000125
12.450000 -0.000075
12.500000 -0.000090
12.550000 -0.000051
12.600000 -0.000073
12.650000 -0.000040
12.700000 -0.000066
12.750000 -0.000035
12.800000 -0.000062
12.850000 -0.000030
12.900000 -0.000056
12.950000 -0.000022
13.000000 -0.000046
13.050000 -0.000010
13.100000 -0.000032
13.150000 0.000005
13.200000 -0.000017
13.250000 0.000019
13.300000 -0.000003
13.350000 0.000031
13.400000 0.000006
13.450000 0.000037
13.500000 0.000008
13.550000 0.000035
13.600000 0.000002
13.650000 0.000027
13.700000 -0.000009
13.750000 0.000014
13.800000 -0.000022
13.850000 0.000001
13.900000 -0.000034
13.950000 -0.000009
14.000000 -0.000040
14.050000 -0.000011
14.100000 -0.000039
14.150000 -0.000006
14.200000 -0.000031
14.250000 0.000005
14.300000 -0.000017
14.350000 0.000019
14.400000 -0.000003
14.450000 0.000032
14.500000 0.000007
14.550000 0.000040
14.600000 0.000012
14.650000 0.000040
14.700000 0.000008
14.750000 0.000034
14.800000 -0.000001
14.850000 0.000021
14.900000 -0.000015
14.950000 0.000007
15.000000 -0.000029
15.050000 -0.000005
15.100000 -0.000038
15.150000 -0.000012
15.200000 -0.000042
15.250000 -0.000011
15.300000 -0.000038
15.350000 -0.000004
15.400000 -0.000027
15.450000 0.000009
15.500000 -0.000012
15.550000 0.000024
15.600000 0.000002
15.650000 0.000037
15.700000 0.000012
15.750000 0.000043
15.800000 0.000014
15.850000 0.000042
15.900000 0.000008
15.950000 0.000032
16.000000 -0.000004
16.050000 0.000017
16.100000 -0.000020
16.150000 0.000002
16.200000 -0.000034
16.250000 -0.000010
16.300000 -0.000043
16.350000 -0.000015
16.400000 -0.000044
16.450000 -0.000012
16.500000 -0.000037
16.550000 -0.000001
16.600000 -0.000023
16.650000 0.000014
16.700000 -0.000008
16.750000 0.000029
16.800000 0.000006
16.850000 0.000041
16.900000 0.000015
16.950000 0.000045
17.000000 0.000015
17.050000 0.000042
17.100000 0.000008
17.150000 0.000031
17.200000 -0.000006
17.250000 0.000016
17.300000 -0.000022
17.350000 -0.000001
17.400000 -0.000037
17.450000 -0.000013
17.500000 -0.000046
17.550000 -0.000018
17.600000 -0.000047
17.650000 -0.000014
17.700000 -0.000039
17.750000 -0.000002
17.800000 -0.000024
17.850000 0.000015
17.900000 -0.000006
17.950000 0.000032
18.000000 0.000009
18.050000 0.000044
18.100000 0.000018
18.150000 0.000049
18.200000 0.000018
18.250000 0.000044
18.300000 0.000009
18.350000 0.000032
18.400000 -0.000006
18.450000 0.000015
18.500000 -0.000023
18.550000 -0.000002
18.600000 -0.000039
18.650000 -0.000015
18.700000 -0.000048
18.750000 -0.000020
18.800000 -0.000049
18.850000 -0.000016
18.900000 -0.000041
18.950000 -0.000005
19.000000 -0.000026
19.050000 0.000012
19.100000 -0.000008
19.150000 0.000030
19.200000 0.000009
19.250000 0.000045
19.300000 0.000020
19.350000 0.000052
19.400000 0.000022
19.450000 0.000049
19.500000 0.000015
19.550000 0.000037
19.600000 -0.000001
19.650000 0.000019
19.700000 -0.000020
19.750000 0.000000
19.800000 -0.000038
19.850000 -0.000016
19.900000 -0.000050
19.950000 -0.000023
20.000000 -0.000053
20.050000 -0.000021
20.100000 -0.000047
20.150000 -0.000010
20.200000 -0.000032
20.250000 0.000007
20.300000 -0.000013
20.350000 0.000027
20.400000 0.000006
20.450000 0.000043
20.500000 0.000019
20.550000 0.000053
20.600000 0.000025
20.650000 0.000054
20.700000 0.000021
20.750000 0.000045
20.800000 0.000008
20.850000 0.000028
20.900000 -0.000011
20.950000 0.000008
21.000000 -0.000032
21.050000 -0.000011
21.100000 -0.000048
21.150000 -0.000024
21.200000 -0.000057
21.250000 -0.000028
21.300000 -0.000055
21.350000 -0.000020
21.400000 -0.000043
21.450000 -0.000004
21.500000 -0.000024
21.550000 0.000017
21.600000 -0.000002
21.650000 0.000038
21.700000 0.000017
21.750000 0.000053
21.800000 0.000027
21.850000 0.000059
21.900000 0.000028
21.950000 0.000054
22.000000 0.000018
22.050000 0.000040
22.100000 0.000001
22.150000 0.000020
22.200000 -0.000021
22.250000 -0.000001
22.300000 -0.000041
22.350000 -0.000019
22.400000 -0.000055
22.450000 -0.000029
22.500000 -0.000060
22.550000 -0.000029
22.600000 -0.000055
22.650000 -0.000019
22.700000 -0.000040
22.750000 -0.000000
22.800000 -0.000019
22.850000 0.000023
22.900000 0.000004
22.950000 0.000044
23.000000 0.000023
23.050000 0.000059
23.100000 0.000033
23.150000 0.000064
23.200000 0.000032
23.250000 0.000057
23.300000 0.000019
23.350000 0.000039
23.400000 -0.000002
23.450000 0.000016
23.500000 -0.000026
23.550000 -0.000007
23.600000 -0.000047
23.650000 -0.000026
23.700000 -0.000061
23.750000 -0.000035
23.800000 -0.000065
23.850000 -0.000033
23.900000 -0.000057
23.950000 -0.000020
24.000000 -0.000040
24.050000 0.000001
24.100000 -0.000017
24.150000 0.000025
24.200000 0.000007
24.250000 0.000047
24.300000 0.000026
24.350000 0.000062
24.400000 0.000037
24.450000 0.000068
24.500000 0.000036
24.550000 0.000061
24.600000 0.000024
24.650000 0.000043
24.700000 0.000002
24.750000 0.000019
24.800000 -0.000024
24.850000 -0.000007
24.900000 -0.000048
24.950000 -0.000029
25.000000 -0.000065
25.050000 -0.000040
25.100000 -0.000071
25.150000 -0.000040
25.200000 -0.000064
25.250000 -0.000027
25.300000 -0.000046
25.350000 -0.000005
25.400000 -0.000021
25.450000 0.000021
25.500000 0.000005
25.550000 0.000046
25.600000 0.000027
25.650000 0.000064
25.700000 0.000040
25.750000 0.000072
25.800000 0.000042
25.850000 0.000067
25.900000 0.000032
25.950000 0.000052
26.000000 0.000012
26.050000 0.000028
26.100000 -0.000014
26.150000 0.000001
26.200000 -0.000041
26.250000 -0.000024
26.300000 -0.000063
26.350000 -0.000042
26.400000 -0.000075
26.450000 -0.000047
26.500000 -0.000074
26.550000 -0.000040
26.600000 -0.000060
26.650000 -0.000020
26.700000 -0.000035
26.750000 0.000008
26.800000 -0.000006
26.850000 0.000037
26.900000 0.000022
26.950000 0.000061
27.000000 0.000042
27.050000 0.000076
27.100000 0.000050
27.150000 0.000077
27.200000 0.000045
27.250000 0.000066
27.300000 0.000028
27.350000 0.000044
27.400000 0.000002
27.450000 0.000016
27.500000 -0.000027
27.550000 -0.000013
27.600000 -0.000054
27.650000 -0.000037
27.700000 -0.000073
27.750000 -0.000051
27.800000 -0.000081
27.850000 -0.000052
27.900000 -0.000076
27.950000 -0.000040
28.000000 -0.000057
28.050000 -0.000017
28.100000 -0.000030
28.150000 0.000013
28.200000 0.000002
28.250000 0.000045
28.300000 0.000031
28.350000 0.000070
28.400000 0.000052
28.450000 0.000084
28.500000 0.000059
28.550000 0.000084
28.600000 0.000051
28.650000 0.000070
28.700000 0.000031
28.750000 0.000044
28.800000 0.000002
28.850000 0.000013
28.900000 -0.000030
28.950000 -0.000018
29.000000 -0.000058
29.050000 -0.000043
29.100000 -0.000078
29.150000 -0.000056
29.200000 -0.000085
29.250000 -0.000056
29.300000 -0.000078
29.350000 -0.000043
29.400000 -0.000059
29.450000 -0.000019
29.500000 -0.000031
29.550000 0.000010
29.600000 -0.000001
29.650000 0.000039
29.700000 0.000025
29.750000 0.000059
29.800000 0.000038
29.850000 0.000063
29.900000 0.000031
29.950000 0.000045
