-30.000000 0.000004
-29.950000 0.000008
-29.900000 0.000015
-29.850000 0.000022
-29.800000 0.000029
-29.750000 0.000035
-29.700000 0.000041
-29.650000 0.000044
-29.600000 0.000045
-29.550000 0.000043
-29.500000 0.000039
-29.450000 0.000032
-29.400000 0.000024
-29.350000 0.000014
-29.300000 0.000003
-29.250000 -0.000007
-29.200000 -0.000018
-29.150000 -0.000027
-29.100000 -0.000035
-29.050000 -0.000040
-29.000000 -0.000044
-28.950000 -0.000043
-28.900000 -0.000041
-28.850000 -0.000034
-28.800000 -0.000027
-28.750000 -0.000017
-28.700000 -0.000007
-28.650000 0.000006
-28.600000 0.000016
-28.550000 0.000027
-28.500000 0.000035
-28.450000 0.000043
-28.400000 0.000045
-28.350000 0.000047
-28.300000 0.000043
-28.250000 0.000040
-28.200000 0.000030
-28.150000 0.000023
-28.100000 0.000009
-28.050000 -0.000000
-28.000000 -0.000014
-27.950000 -0.000023
-27.900000 -0.000035
-27.850000 -0.000041
-27.800000 -0.000048
-27.750000 -0.000048
-27.700000 -0.000049
-27.650000 -0.000043
-27.600000 -0.000039
-27.550000 -0.000027
-27.500000 -0.000019
-27.450000 -0.000004
-27.400000 0.000006
-27.350000 0.000021
-27.300000 0.000029
-27.250000 0.000042
-27.200000 0.000046
-27.150000 0.000053
-27.100000 0.000051
-27.050000 0.000052
-27.000000 0.000043
-26.950000 0.000038
-26.900000 0.000024
-26.850000 0.000016
-26.800000 -0.000001
-26.750000 -0.000011
-26.700000 -0.000027
-26.650000 -0.000034
-26.600000 -0.000048
-26.550000 -0.000050
-26.500000 -0.000057
-26.450000 -0.000053
-26.400000 -0.000055
-26.350000 -0.000044
-26.300000 -0.000039
-26.250000 -0.000023
-26.200000 -0.000015
-26.150000 0.000004
-26.100000 0.000013
-26.050000 0.000031
-26.000000 0.000038
-25.950000 0.000052
-25.900000 0.000054
-25.850000 0.000062
-25.800000 0.000057
-25.750000 0.000058
-25.700000 0.000046
-25.650000 0.000042
-25.600000 0.000024
-25.550000 0.000015
-25.500000 -0.000005
-25.450000 -0.000014
-25.400000 -0.000034
-25.350000 -0.000040
-25.300000 -0.000056
-25.250000 -0.000057
-25.200000 -0.000066
-25.150000 -0.000060
-25.100000 -0.000063
-25.050000 -0.000050
-25.000000 -0.000046
-24.950000 -0.000027
-24.900000 -0.000019
-24.850000 0.000003
-24.800000 0.000012
-24.750000 0.000033
-24.700000 0.000040
-24.650000 0.000058
-24.600000 0.000059
-24.550000 0.000071
-24.500000 0.000065
-24.450000 0.000069
-24.400000 0.000056
-24.350000 0.000053
-24.300000 0.000033
-24.250000 0.000026
-24.200000 0.000002
-24.150000 -0.000006
-24.100000 -0.000030
-24.050000 -0.000037
-24.000000 -0.000058
-23.950000 -0.000060
-23.900000 -0.000074
-23.850000 -0.000069
-23.800000 -0.000076
-23.750000 -0.000063
-23.700000 -0.000063
-23.650000 -0.000043
-23.600000 -0.000037
-23.550000 -0.000012
-23.500000 -0.000003
-23.450000 0.000023
-23.400000 0.000031
-23.350000 0.000054
-23.300000 0.000058
-23.250000 0.000076
-23.200000 0.000073
-23.150000 0.000083
-23.100000 0.000072
-23.050000 0.000074
-23.000000 0.000055
-22.950000 0.000051
-22.900000 0.000025
-22.850000 0.000017
-22.800000 -0.000011
-22.750000 -0.000019
-22.700000 -0.000046
-22.650000 -0.000052
-22.600000 -0.000074
-22.550000 -0.000073
-22.500000 -0.000088
-22.450000 -0.000080
-22.400000 -0.000086
-22.350000 -0.000069
-22.300000 -0.000068
-22.250000 -0.000044
-22.200000 -0.000037
-22.150000 -0.000008
-22.100000 0.000001
-22.050000 0.000031
-22.000000 0.000039
-21.950000 0.000066
-21.900000 0.000069
-21.850000 0.000089
-21.800000 0.000085
-21.750000 0.000097
-21.700000 0.000083
-21.650000 0.000086
-21.600000 0.000064
-21.550000 0.000060
-21.500000 0.000032
-21.450000 0.000024
-21.400000 -0.000008
-21.350000 -0.000017
-21.300000 -0.000048
-21.250000 -0.000055
-21.200000 -0.000081
-21.150000 -0.000082
-21.100000 -0.000101
-21.050000 -0.000093
-21.000000 -0.000103
-20.950000 -0.000086
-20.900000 -0.000087
-20.850000 -0.000061
-20.800000 -0.000055
-20.750000 -0.000023
-20.700000 -0.000014
-20.650000 0.000020
-20.600000 0.000030
-20.550000 0.000062
-20.500000 0.000068
-20.450000 0.000094
-20.400000 0.000093
-20.350000 0.000111
-20.300000 0.000100
-20.250000 0.000109
-20.200000 0.000089
-20.150000 0.000089
-20.100000 0.000060
-20.050000 0.000053
-20.000000 0.000019
-19.950000 0.000009
-19.900000 -0.000027
-19.850000 -0.000037
-19.800000 -0.000071
-19.750000 -0.000076
-19.700000 -0.000104
-19.650000 -0.000102
-19.600000 -0.000121
-19.550000 -0.000109
-19.500000 -0.000118
-19.450000 -0.000096
-19.400000 -0.000095
-19.350000 -0.000065
-19.300000 -0.000057
-19.250000 -0.000021
-19.200000 -0.000010
-19.150000 0.000029
-19.100000 0.000039
-19.050000 0.000075
-19.000000 0.000081
-18.950000 0.000111
-18.900000 0.000109
-18.850000 0.000130
-18.800000 0.000118
-18.750000 0.000129
-18.700000 0.000107
-18.650000 0.000108
-18.600000 0.000077
-18.550000 0.000069
-18.500000 0.000032
-18.450000 0.000020
-18.400000 -0.000021
-18.350000 -0.000033
-18.300000 -0.000072
-18.250000 -0.000080
-18.200000 -0.000113
-18.150000 -0.000114
-18.100000 -0.000138
-18.050000 -0.000129
-18.000000 -0.000143
-17.950000 -0.000122
-17.900000 -0.000125
-17.850000 -0.000095
-17.800000 -0.000089
-17.750000 -0.000051
-17.700000 -0.000040
-17.650000 0.000002
-17.600000 0.000015
-17.550000 0.000058
-17.500000 0.000069
-17.450000 0.000106
-17.400000 0.000111
-17.350000 0.000141
-17.300000 0.000137
-17.250000 0.000156
-17.200000 0.000140
-17.150000 0.000149
-17.100000 0.000122
-17.050000 0.000119
-17.000000 0.000083
-16.950000 0.000072
-16.900000 0.000030
-16.850000 0.000015
-16.800000 -0.000030
-16.750000 -0.000044
-16.700000 -0.000087
-16.650000 -0.000097
-16.600000 -0.000133
-16.550000 -0.000135
-16.500000 -0.000162
-16.450000 -0.000154
-16.400000 -0.000170
-16.350000 -0.000149
-16.300000 -0.000154
-16.250000 -0.000122
-16.200000 -0.000117
-16.150000 -0.000076
-16.100000 -0.000063
-16.050000 -0.000017
-16.000000 -0.000000
-15.950000 0.000047
-15.900000 0.000063
-15.850000 0.000107
-15.800000 0.000117
-15.750000 0.000154
-15.700000 0.000155
-15.650000 0.000181
-15.600000 0.000170
-15.550000 0.000185
-15.500000 0.000162
-15.450000 0.000165
-15.400000 0.000131
-15.350000 0.000124
-15.300000 0.000081
-15.250000 0.000066
-15.200000 0.000017
-15.150000 -0.000001
-15.100000 -0.000050
-15.050000 -0.000067
-15.000000 -0.000114
-14.950000 -0.000126
-14.900000 -0.000165
-14.850000 -0.000168
-14.800000 -0.000197
-14.750000 -0.000188
-14.700000 -0.000205
-14.650000 -0.000183
-14.600000 -0.000187
-14.550000 -0.000153
-14.500000 -0.000146
-14.450000 -0.000102
-14.400000 -0.000086
-14.350000 -0.000036
-14.300000 -0.000017
-14.250000 0.000036
-14.200000 0.000056
-14.150000 0.000106
-14.100000 0.000121
-14.050000 0.000165
-14.000000 0.000172
-13.950000 0.000207
-13.900000 0.000203
-13.850000 0.000225
-13.800000 0.000208
-13.750000 0.000217
-13.700000 0.000188
-13.650000 0.000184
-13.600000 0.000143
-13.550000 0.000130
-13.500000 0.000080
-13.450000 0.000059
-13.400000 0.000005
-13.350000 -0.000018
-13.300000 -0.000073
-13.250000 -0.000094
-13.200000 -0.000144
-13.150000 -0.000159
-13.100000 -0.000201
-13.050000 -0.000206
-13.000000 -0.000237
-12.950000 -0.000230
-12.900000 -0.000249
-12.850000 -0.000228
-12.800000 -0.000234
-12.750000 -0.000200
-12.700000 -0.000193
-12.650000 -0.000149
-12.600000 -0.000132
-12.550000 -0.000078
-12.500000 -0.000055
-12.450000 0.000003
-12.400000 0.000028
-12.350000 0.000086
-12.300000 0.000109
-12.250000 0.000162
-12.200000 0.000178
-12.150000 0.000223
-12.100000 0.000229
-12.050000 0.000262
-12.000000 0.000256
-11.950000 0.000276
-11.900000 0.000257
-11.850000 0.000263
-11.800000 0.000230
-11.750000 0.000224
-11.700000 0.000180
-11.650000 0.000163
-11.600000 0.000109
-11.550000 0.000085
-11.500000 0.000025
-11.450000 -0.000003
-11.400000 -0.000064
-11.350000 -0.000091
-11.300000 -0.000149
-11.250000 -0.000171
-11.200000 -0.000222
-11.150000 -0.000235
-11.100000 -0.000275
-11.050000 -0.000276
-11.000000 -0.000304
-10.950000 -0.000292
-10.900000 -0.000305
-10.850000 -0.000280
-10.800000 -0.000280
-10.750000 -0.000241
-10.700000 -0.000229
-10.650000 -0.000180
-10.600000 -0.000158
-10.550000 -0.000100
-10.500000 -0.000071
-10.450000 -0.000009
-10.400000 0.000023
-10.350000 0.000086
-10.300000 0.000116
-10.250000 0.000175
-10.200000 0.000200
-10.150000 0.000252
-10.100000 0.000267
-10.050000 0.000308
-10.000000 0.000311
-9.950000 0.000340
-9.900000 0.000329
-9.850000 0.000344
-9.800000 0.000320
-9.750000 0.000321
-9.700000 0.000283
-9.650000 0.000272
-9.600000 0.000223
-9.550000 0.000201
-9.500000 0.000144
-9.450000 0.000114
-9.400000 0.000050
-9.350000 0.000017
-9.300000 -0.000049
-9.250000 -0.000083
-9.200000 -0.000148
-9.150000 -0.000178
-9.100000 -0.000237
-9.050000 -0.000260
-9.000000 -0.000310
-8.950000 -0.000323
-8.900000 -0.000361
-8.850000 -0.000361
-8.800000 -0.000386
-8.750000 -0.000373
-8.700000 -0.000385
-8.650000 -0.000359
-8.600000 -0.000357
-8.550000 -0.000318
-8.500000 -0.000304
-8.450000 -0.000254
-8.400000 -0.000230
-8.350000 -0.000171
-8.300000 -0.000140
-8.250000 -0.000075
-8.200000 -0.000038
-8.150000 0.000029
-8.100000 0.000067
-8.050000 0.000134
-8.000000 0.000168
-7.950000 0.000231
-7.900000 0.000259
-7.850000 0.000314
-7.800000 0.000334
-7.750000 0.000379
-7.700000 0.000388
-7.650000 0.000421
-7.600000 0.000418
-7.550000 0.000439
-7.500000 0.000423
-7.450000 0.000431
-7.400000 0.000403
-7.350000 0.000398
-7.300000 0.000359
-7.250000 0.000342
-7.200000 0.000292
-7.150000 0.000266
-7.100000 0.000207
-7.050000 0.000174
-7.000000 0.000109
-6.950000 0.000071
-6.900000 0.000004
-6.850000 -0.000036
-6.800000 -0.000103
-6.750000 -0.000141
-6.700000 -0.000205
-6.650000 -0.000239
-6.600000 -0.000298
-6.550000 -0.000325
-6.500000 -0.000377
-6.450000 -0.000396
-6.400000 -0.000439
-6.350000 -0.000448
-6.300000 -0.000481
-6.250000 -0.000480
-6.200000 -0.000501
-6.150000 -0.000489
-6.100000 -0.000498
-6.050000 -0.000475
-6.000000 -0.000473
-5.950000 -0.000439
-5.900000 -0.000427
-5.850000 -0.000384
-5.800000 -0.000364
-5.750000 -0.000313
-5.700000 -0.000286
-5.650000 -0.000230
-5.600000 -0.000199
-5.550000 -0.000139
-5.500000 -0.000105
-5.450000 -0.000044
-5.400000 -0.000009
-5.350000 0.000051
-5.300000 0.000085
-5.250000 0.000143
-5.200000 0.000174
-5.150000 0.000228
-5.100000 0.000253
-5.050000 0.000301
-5.000000 0.000319
-4.950000 0.000359
-4.900000 0.000369
-4.850000 0.000400
-4.800000 0.000401
-4.750000 0.000422
-4.700000 0.000414
-4.650000 0.000425
-4.600000 0.000407
-4.550000 0.000408
-4.500000 0.000379
-4.450000 0.000370
-4.400000 0.000332
-4.350000 0.000312
-4.300000 0.000264
-4.250000 0.000234
-4.200000 0.000174
-4.150000 0.000133
-4.100000 0.000064
-4.050000 0.000012
-4.000000 -0.000068
-3.950000 -0.000131
-3.900000 -0.000222
-3.850000 -0.000296
-3.800000 -0.000399
-3.750000 -0.000484
-3.700000 -0.000600
-3.650000 -0.000699
-3.600000 -0.000829
-3.550000 -0.000945
-3.500000 -0.001093
-3.450000 -0.001229
-3.400000 -0.001398
-3.350000 -0.001558
-3.300000 -0.001753
-3.250000 -0.001942
-3.200000 -0.002170
-3.150000 -0.002395
-3.100000 -0.002662
-3.050000 -0.002930
-3.000000 -0.003246
-2.950000 -0.003569
-2.900000 -0.003946
-2.850000 -0.004337
-2.800000 -0.004788
-2.750000 -0.005263
-2.700000 -0.005807
-2.650000 -0.006386
-2.600000 -0.007045
-2.550000 -0.007751
-2.500000 -0.008551
-2.450000 -0.009414
-2.400000 -0.010386
-2.350000 -0.011439
-2.300000 -0.012623
-2.250000 -0.013909
-2.200000 -0.015350
-2.150000 -0.016922
-2.100000 -0.018677
-2.050000 -0.020596
-2.000000 -0.022735
-1.950000 -0.025078
-1.900000 -0.027684
-1.850000 -0.030542
-1.800000 -0.033716
-1.750000 -0.037200
-1.700000 -0.041062
-1.650000 -0.045304
-1.600000 -0.050000
-1.550000 -0.055158
-1.500000 -0.060861
-1.450000 -0.067126
-1.400000 -0.074044
-1.350000 -0.081642
-1.300000 -0.090022
-1.250000 -0.099222
-1.200000 -0.109354
-1.150000 -0.120471
-1.100000 -0.132697
-1.050000 -0.146097
-1.000000 -0.160810
-0.950000 -0.176916
-0.900000 -0.194566
-0.850000 -0.213855
-0.800000 -0.234946
-0.750000 -0.257949
-0.700000 -0.283036
-0.650000 -0.310327
-0.600000 -0.340001
-0.550000 -0.372179
-0.500000 -0.407040
-0.450000 -0.444697
-0.400000 -0.485314
-0.350000 -0.528984
-0.300000 -0.575838
-0.250000 -0.625927
-0.200000 -0.679325
-0.150000 -0.736015
-0.100000 -0.795988
-0.050000 -0.859123
0.000000 -0.925296
0.050000 -0.994251
0.100000 -1.065712
0.150000 -1.139260
0.200000 -1.214440
0.250000 -1.290647
0.300000 -1.367236
0.350000 -1.443419
0.400000 -1.518376
0.450000 -1.591163
0.500000 -1.660835
0.550000 -1.726363
0.600000 -1.786759
0.650000 -1.841010
0.700000 -1.888205
0.750000 -1.927471
0.800000 -1.958099
0.850000 -1.979479
0.900000 -1.991215
0.950000 -1.993053
1.000000 -1.984978
1.050000 -1.967129
1.100000 -1.939878
1.150000 -1.903733
1.200000 -1.859394
1.250000 -1.807652
1.300000 -1.749433
1.350000 -1.685690
1.400000 -1.617449
1.450000 -1.545701
1.500000 -1.471451
1.550000 -1.395619
1.600000 -1.319099
1.650000 -1.242667
1.700000 -1.167046
1.750000 -1.092832
1.800000 -1.020559
1.850000 -0.950635
1.900000 -0.883414
1.950000 -0.819133
2.000000 -0.757988
2.050000 -0.700077
2.100000 -0.645471
2.150000 -0.594161
2.200000 -0.546129
2.250000 -0.501290
2.300000 -0.459566
2.350000 -0.420826
2.400000 -0.384955
2.450000 -0.351798
2.500000 -0.321222
2.550000 -0.293064
2.600000 -0.267186
2.650000 -0.243427
2.700000 -0.221653
2.750000 -0.201713
2.800000 -0.183482
2.850000 -0.166821
2.900000 -0.151619
2.950000 -0.137750
3.000000 -0.125118
3.050000 -0.113611
3.100000 -0.103145
3.150000 -0.093626
3.200000 -0.084982
3.250000 -0.077132
3.300000 -0.070015
3.350000 -0.063563
3.400000 -0.057729
3.450000 -0.052454
3.500000 -0.047700
3.550000 -0.043420
3.600000 -0.039585
3.650000 -0.036159
3.700000 -0.033121
3.750000 -0.030445
3.800000 -0.028119
3.850000 -0.026128
3.900000 -0.024471
3.950000 -0.023145
4.000000 -0.022161
4.050000 -0.021532
4.100000 -0.021285
4.150000 -0.021452
4.200000 -0.022084
4.250000 -0.023239
4.300000 -0.024998
4.350000 -0.027459
4.400000 -0.030747
4.450000 -0.035015
4.500000 -0.040453
4.550000 -0.047293
4.600000 -0.055821
4.650000 -0.066386
4.700000 -0.079410
4.750000 -0.095413
4.800000 -0.115018
4.850000 -0.138986
4.900000 -0.168232
4.950000 -0.203861
5.000000 -0.247195
5.050000 -0.299819
5.100000 -0.363611
5.150000 -0.440800
5.200000 -0.533991
5.250000 -0.646217
5.300000 -0.780950
5.350000 -0.942120
5.400000 -1.134063
5.450000 -1.361449
5.500000 -1.629091
5.550000 -1.941679
5.600000 -2.303333
5.650000 -2.717015
5.700000 -3.183714
5.750000 -3.701497
5.800000 -4.264402
5.850000 -4.861417
5.900000 -5.475672
5.950000 -6.084248
6.000000 -6.658842
6.050000 -7.167637
6.100000 -7.578295
6.150000 -7.861889
6.200000 -7.996938
6.250000 -7.972800
6.300000 -7.791387
6.350000 -7.466884
6.400000 -7.023398
6.450000 -6.491336
6.500000 -5.903241
6.550000 -5.290156
6.600000 -4.678888
6.650000 -4.090578
6.700000 -3.540264
6.750000 -3.037355
6.800000 -2.586470
6.850000 -2.188568
6.900000 -1.841956
6.950000 -1.543262
7.000000 -1.288125
7.050000 -1.071793
7.100000 -0.889455
7.150000 -0.736543
7.200000 -0.608818
7.250000 -0.502504
7.300000 -0.414241
7.350000 -0.341145
7.400000 -0.280708
7.450000 -0.230828
7.500000 -0.189700
7.550000 -0.155836
7.600000 -0.127963
7.650000 -0.105052
7.700000 -0.086214
7.750000 -0.070748
7.800000 -0.058039
7.850000 -0.047615
7.900000 -0.039051
7.950000 -0.032032
8.000000 -0.026265
8.050000 -0.021543
8.100000 -0.017660
8.150000 -0.014485
8.200000 -0.011873
8.250000 -0.009740
8.300000 -0.007982
8.350000 -0.006550
8.400000 -0.005367
8.450000 -0.004408
8.500000 -0.003611
8.550000 -0.002968
8.600000 -0.002430
8.650000 -0.002000
8.700000 -0.001636
8.750000 -0.001348
8.800000 -0.001100
8.850000 -0.000908
8.900000 -0.000738
8.950000 -0.000610
9.000000 -0.000494
9.050000 -0.000410
9.100000 -0.000330
9.150000 -0.000276
9.200000 -0.000221
9.250000 -0.000188
9.300000 -0.000149
9.350000 -0.000130
9.400000 -0.000102
9.450000 -0.000092
9.500000 -0.000070
9.550000 -0.000065
9.600000 -0.000047
9.650000 -0.000045
9.700000 -0.000030
9.750000 -0.000030
9.800000 -0.000017
9.850000 -0.000019
9.900000 -0.000008
9.950000 -0.000012
10.000000 -0.000002
10.050000 -0.000009
10.100000 -0.000001
10.150000 -0.000009
10.200000 -0.000001
10.250000 -0.000010
10.300000 -0.000002
10.350000 -0.000011
10.400000 -0.000002
10.450000 -0.000010
10.500000 -0.000001
10.550000 -0.000008
10.600000 0.000002
10.650000 -0.000004
10.700000 0.000006
10.750000 -0.000002
10.800000 0.000008
10.850000 -0.000000
10.900000 0.000008
10.950000 -0.000002
11.000000 0.000006
11.050000 -0.000004
11.100000 0.000003
11.150000 -0.000007
11.200000 0.000001
11.250000 -0.000009
11.300000 -0.000000
11.350000 -0.000009
11.400000 0.000002
11.450000 -0.000006
11.500000 0.000005
11.550000 -0.000003
11.600000 0.000008
11.650000 -0.000001
11.700000 0.000009
11.750000 -0.000000
11.800000 0.000009
11.850000 -0.000002
11.900000 0.000006
11.950000 -0.000005
12.000000 0.000003
12.050000 -0.000008
12.100000 0.000001
12.150000 -0.000010
12.200000 0.000000
12.250000 -0.000009
12.300000 0.000002
12.350000 -0.000006
12.400000 0.000006
12.450000 -0.000003
12.500000 0.000009
12.550000 -0.000001
12.600000 0.000010
12.650000 -0.000000
12.700000 0.000010
12.750000 -0.000003
12.800000 0.000007
12.850000 -0.000006
12.900000 0.000003
12.950000 -0.000009
13.000000 0.000001
13.050000 -0.000011
13.100000 0.000000
13.150000 -0.000010
13.200000 0.000003
13.250000 -0.000007
13.300000 0.000006
13.350000 -0.000003
13.400000 0.000010
13.450000 -0.000001
13.500000 0.000011
13.550000 -0.000000
13.600000 0.000010
13.650000 -0.000003
13.700000 0.000007
13.750000 -0.000007
13.800000 0.000003
13.850000 -0.000010
13.900000 0.000001
13.950000 -0.000012
14.000000 0.000000
14.050000 -0.000011
14.100000 0.000003
14.150000 -0.000007
14.200000 0.000007
14.250000 -0.000003
14.300000 0.000011
14.350000 -0.000001
14.400000 0.000012
14.450000 -0.000000
14.500000 0.000011
14.550000 -0.000003
14.600000 0.000008
14.650000 -0.000007
14.700000 0.000004
14.750000 -0.000011
14.800000 0.000001
14.850000 -0.000013
14.900000 0.000000
14.950000 -0.000012
15.000000 0.000002
15.050000 -0.000008
15.100000 0.000007
15.150000 -0.000004
15.200000 0.000011
15.250000 -0.000001
15.300000 0.000013
15.350000 0.000000
15.400000 0.000012
15.450000 -0.000002
15.500000 0.000009
15.550000 -0.000006
15.600000 0.000005
15.650000 -0.000011
15.700000 0.000001
15.750000 -0.000013
15.800000 -0.000000
15.850000 -0.000013
15.900000 0.000002
15.950000 -0.000010
16.000000 0.000006
16.050000 -0.000005
16.100000 0.000010
16.150000 -0.000001
16.200000 0.000014
16.250000 0.000000
16.300000 0.000014
16.350000 -0.000001
16.400000 0.000011
16.450000 -0.000005
16.500000 0.000006
16.550000 -0.000010
16.600000 0.000002
16.650000 -0.000014
16.700000 -0.000001
16.750000 -0.000014
16.800000 0.000000
16.850000 -0.000012
16.900000 0.000004
16.950000 -0.000007
17.000000 0.000010
17.050000 -0.000002
17.100000 0.000014
17.150000 0.000001
17.200000 0.000015
17.250000 0.000000
17.300000 0.000013
17.350000 -0.000003
17.400000 0.000008
17.450000 -0.000009
17.500000 0.000003
17.550000 -0.000013
17.600000 -0.000001
17.650000 -0.000015
17.700000 -0.000001
17.750000 -0.000014
17.800000 0.000002
17.850000 -0.000010
17.900000 0.000007
17.950000 -0.000004
18.000000 0.000013
18.050000 0.000000
18.100000 0.000016
18.150000 0.000002
18.200000 0.000015
18.250000 -0.000001
18.300000 0.000011
18.350000 -0.000006
18.400000 0.000005
18.450000 -0.000012
18.500000 0.000000
18.550000 -0.000016
18.600000 -0.000002
18.650000 -0.000016
18.700000 -0.000000
18.750000 -0.000013
18.800000 0.000004
18.850000 -0.000007
18.900000 0.000010
18.950000 -0.000001
19.000000 0.000015
19.050000 0.000002
19.100000 0.000017
19.150000 0.000002
19.200000 0.000015
19.250000 -0.000002
19.300000 0.000009
19.350000 -0.000008
19.400000 0.000003
19.450000 -0.000014
19.500000 -0.000002
19.550000 -0.000017
19.600000 -0.000003
19.650000 -0.000016
19.700000 0.000000
19.750000 -0.000011
19.800000 0.000006
19.850000 -0.000005
19.900000 0.000013
19.950000 0.000001
20.000000 0.000017
20.050000 0.000003
20.100000 0.000018
20.150000 0.000002
20.200000 0.000014
20.250000 -0.000004
20.300000 0.000008
20.350000 -0.000010
20.400000 0.000001
20.450000 -0.000016
20.500000 -0.000003
20.550000 -0.000018
20.600000 -0.000003
20.650000 -0.000016
20.700000 0.000001
20.750000 -0.000010
20.800000 0.000008
20.850000 -0.000003
20.900000 0.000014
20.950000 0.000002
21.000000 0.000018
21.050000 0.000004
21.100000 0.000018
21.150000 0.000002
21.200000 0.000014
21.250000 -0.000004
21.300000 0.000006
21.350000 -0.000012
21.400000 -0.000001
21.450000 -0.000018
21.500000 -0.000005
21.550000 -0.000019
21.600000 -0.000004
21.650000 -0.000017
21.700000 0.000001
21.750000 -0.000010
21.800000 0.000008
21.850000 -0.000002
21.900000 0.000016
21.950000 0.000004
22.000000 0.000020
22.050000 0.000006
22.100000 0.000019
22.150000 0.000003
22.200000 0.000014
22.250000 -0.000004
22.300000 0.000006
22.350000 -0.000012
22.400000 -0.000002
22.450000 -0.000018
22.500000 -0.000006
22.550000 -0.000021
22.600000 -0.000006
22.650000 -0.000018
22.700000 -0.000001
22.750000 -0.000011
22.800000 0.000008
22.850000 -0.000002
22.900000 0.000016
22.950000 0.000005
23.000000 0.000021
23.050000 0.000007
23.100000 0.000021
23.150000 0.000005
23.200000 0.000015
23.250000 -0.000002
23.300000 0.000007
23.350000 -0.000011
23.400000 -0.000002
23.450000 -0.000019
23.500000 -0.000007
23.550000 -0.000022
23.600000 -0.000008
23.650000 -0.000020
23.700000 -0.000003
23.750000 -0.000013
23.800000 0.000006
23.850000 -0.000003
23.900000 0.000015
23.950000 0.000005
24.000000 0.000021
24.050000 0.000009
24.100000 0.000022
24.150000 0.000008
24.200000 0.000018
24.250000 0.000001
24.300000 0.000010
24.350000 -0.000009
24.400000 -0.000000
24.450000 -0.000018
24.500000 -0.000008
24.550000 -0.000023
24.600000 -0.000010
24.650000 -0.000022
24.700000 -0.000007
24.750000 -0.000016
24.800000 0.000002
24.850000 -0.000006
24.900000 0.000012
24.950000 0.000003
25.000000 0.000020
25.050000 0.000010
25.100000 0.000024
25.150000 0.000011
25.200000 0.000022
25.250000 0.000006
25.300000 0.000014
25.350000 -0.000004
25.400000 0.000003
25.450000 -0.000014
25.500000 -0.000006
25.550000 -0.000022
25.600000 -0.000012
25.650000 -0.000025
25.700000 -0.000011
25.750000 -0.000021
25.800000 -0.000005
25.850000 -0.000012
25.900000 0.000006
25.950000 -0.000000
26.000000 0.000017
26.050000 0.000009
26.100000 0.000024
26.150000 0.000014
26.200000 0.000025
26.250000 0.000012
26.300000 0.000020
26.350000 0.000004
26.400000 0.000010
26.450000 -0.000008
26.500000 -0.000002
26.550000 -0.000019
26.600000 -0.000011
26.650000 -0.000026
26.700000 -0.000015
26.750000 -0.000026
26.800000 -0.000012
26.850000 -0.000019
26.900000 -0.000003
26.950000 -0.000008
27.000000 0.000009
27.050000 0.000004
27.100000 0.000020
27.150000 0.000014
27.200000 0.000027
27.250000 0.000017
27.300000 0.000026
27.350000 0.000013
27.400000 0.000019
27.450000 0.000003
27.500000 0.000007
27.550000 -0.000010
27.600000 -0.000006
27.650000 -0.000022
27.700000 -0.000015
27.750000 -0.000028
27.800000 -0.000018
27.850000 -0.000027
27.900000 -0.000014
27.950000 -0.000019
28.000000 -0.000003
28.050000 -0.000006
28.100000 0.000011
28.150000 0.000007
28.200000 0.000023
28.250000 0.000017
28.300000 0.000029
28.350000 0.000020
28.400000 0.000028
28.450000 0.000015
28.500000 0.000019
28.550000 0.000004
28.600000 0.000006
28.650000 -0.000011
28.700000 -0.000008
28.750000 -0.000023
28.800000 -0.000018
28.850000 -0.000030
28.900000 -0.000022
28.950000 -0.000030
29.000000 -0.000017
29.050000 -0.000021
29.100000 -0.000006
29.150000 -0.000007
29.200000 0.000009
29.250000 0.000008
29.300000 0.000023
29.350000 0.000019
29.400000 0.000031
29.450000 0.000024
29.500000 0.000031
29.550000 0.000020
29.600000 0.000024
29.650000 0.000010
29.700000 0.000012
29.750000 -0.000002
29.800000 0.000000
29.850000 -0.000012
29.900000 -0.000005
29.950000 -0.000012
