-30.000000 0.000412
-29.900000 0.000259
-29.800000 0.000510
-29.700000 0.000209
-29.600000 0.000328
-29.500000 -0.000060
-29.400000 0.000015
-29.300000 -0.000358
-29.200000 -0.000224
-29.100000 -0.000491
-29.000000 -0.000236
-28.900000 -0.000371
-28.800000 -0.000011
-28.700000 -0.000071
-28.600000 0.000304
-28.500000 0.000213
-28.400000 0.000501
-28.300000 0.000297
-28.200000 0.000449
-28.100000 0.000125
-28.000000 0.000175
-27.900000 -0.000197
-27.800000 -0.000153
-27.700000 -0.000466
-27.600000 -0.000330
-27.500000 -0.000510
-27.400000 -0.000245
-27.300000 -0.000298
-27.200000 0.000051
-27.100000 0.000046
-27.000000 0.000378
-26.900000 0.000318
-26.800000 0.000537
-26.700000 0.000351
-26.600000 0.000425
-26.500000 0.000125
-26.400000 0.000104
-26.300000 -0.000228
-26.200000 -0.000241
-26.100000 -0.000500
-26.000000 -0.000412
-25.900000 -0.000528
-25.800000 -0.000306
-25.700000 -0.000286
-25.600000 0.000021
-25.500000 0.000093
-25.400000 0.000381
-25.300000 0.000394
-25.200000 0.000562
-25.100000 0.000445
-25.000000 0.000460
-24.900000 0.000219
-24.800000 0.000124
-24.700000 -0.000162
-24.600000 -0.000266
-24.500000 -0.000489
-24.400000 -0.000497
-24.300000 -0.000573
-24.200000 -0.000440
-24.100000 -0.000364
-24.000000 -0.000126
-23.900000 0.000029
-23.800000 0.000276
-23.700000 0.000405
-23.600000 0.000556
-23.500000 0.000567
-23.400000 0.000557
-23.300000 0.000424
-23.200000 0.000270
-23.100000 0.000050
-23.000000 -0.000159
-22.900000 -0.000361
-22.800000 -0.000516
-22.700000 -0.000599
-22.600000 -0.000620
-22.500000 -0.000536
-22.400000 -0.000415
-22.300000 -0.000196
-22.200000 -0.000001
-22.100000 0.000256
-22.000000 0.000416
-21.900000 0.000601
-21.800000 0.000628
-21.700000 0.000672
-21.600000 0.000530
-21.500000 0.000432
-21.400000 0.000159
-21.300000 -0.000008
-21.200000 -0.000314
-21.100000 -0.000439
-21.000000 -0.000667
-20.900000 -0.000653
-20.800000 -0.000735
-20.700000 -0.000550
-20.600000 -0.000487
-20.500000 -0.000168
-20.400000 -0.000031
-20.300000 0.000326
-20.200000 0.000427
-20.100000 0.000710
-20.000000 0.000676
-19.900000 0.000811
-19.800000 0.000602
-19.700000 0.000585
-19.600000 0.000235
-19.500000 0.000130
-19.400000 -0.000275
-19.300000 -0.000365
-19.200000 -0.000713
-19.100000 -0.000684
-19.000000 -0.000889
-18.900000 -0.000684
-18.800000 -0.000727
-18.700000 -0.000364
-18.600000 -0.000296
-18.500000 0.000146
-18.400000 0.000232
-18.300000 0.000648
-18.200000 0.000644
-18.100000 0.000938
-18.000000 0.000769
-17.900000 0.000894
-17.800000 0.000550
-17.700000 0.000533
-17.600000 0.000074
-17.500000 -0.000002
-17.400000 -0.000478
-17.300000 -0.000511
-17.200000 -0.000903
-17.100000 -0.000802
-17.000000 -0.001036
-16.900000 -0.000755
-16.800000 -0.000819
-16.700000 -0.000384
-16.600000 -0.000336
-16.500000 0.000171
-16.400000 0.000237
-16.300000 0.000716
-16.200000 0.000700
-16.100000 0.001061
-16.000000 0.000890
-15.900000 0.001079
-15.800000 0.000728
-15.700000 0.000756
-15.600000 0.000271
-15.500000 0.000208
-15.400000 -0.000322
-15.300000 -0.000379
-15.200000 -0.000858
-15.100000 -0.000819
-15.000000 -0.001165
-14.900000 -0.000963
-14.800000 -0.001132
-14.700000 -0.000756
-14.600000 -0.000767
-14.500000 -0.000267
-14.400000 -0.000192
-14.300000 0.000347
-14.200000 0.000416
-14.100000 0.000902
-14.000000 0.000879
-13.900000 0.001233
-13.800000 0.001053
-13.700000 0.001230
-13.600000 0.000878
-13.500000 0.000892
-13.400000 0.000410
-13.300000 0.000326
-13.200000 -0.000209
-13.100000 -0.000311
-13.000000 -0.000814
-12.900000 -0.000848
-12.800000 -0.001237
-12.700000 -0.001132
-12.600000 -0.001353
-12.500000 -0.001080
-12.400000 -0.001130
-12.300000 -0.000713
-12.200000 -0.000636
-12.100000 -0.000134
-12.000000 0.000003
-11.900000 0.000515
-11.800000 0.000633
-11.700000 0.001074
-11.600000 0.001093
-11.500000 0.001393
-11.400000 0.001264
-11.300000 0.001395
-11.200000 0.001113
-11.100000 0.001092
-11.000000 0.000687
-10.900000 0.000553
-10.800000 0.000077
-10.700000 -0.000107
-10.600000 -0.000582
-10.500000 -0.000738
-10.400000 -0.001131
-10.300000 -0.001191
-10.200000 -0.001451
-10.100000 -0.001379
-10.000000 -0.001487
-9.900000 -0.001277
-9.800000 -0.001235
-9.700000 -0.000901
-9.600000 -0.000737
-9.500000 -0.000324
-9.400000 -0.000098
-9.300000 0.000326
-9.200000 0.000546
-9.100000 0.000918
-9.000000 0.001080
-8.900000 0.001355
-8.800000 0.001421
-8.700000 0.001566
-8.600000 0.001507
-8.500000 0.001505
-8.400000 0.001321
-8.300000 0.001188
-8.200000 0.000911
-8.100000 0.000689
-8.000000 0.000362
-7.900000 0.000091
-7.800000 -0.000245
-7.700000 -0.000523
-7.600000 -0.000823
-7.500000 -0.001057
-7.400000 -0.001272
-7.300000 -0.001423
-7.200000 -0.001527
-7.100000 -0.001583
-7.000000 -0.001575
-6.900000 -0.001540
-6.800000 -0.001425
-6.700000 -0.001305
-6.600000 -0.001092
-6.500000 -0.000906
-6.400000 -0.000626
-6.300000 -0.000412
-6.200000 -0.000106
-6.100000 0.000098
-6.000000 0.000400
-5.900000 0.000574
-5.800000 0.000855
-5.700000 0.000979
-5.600000 0.001216
-5.500000 0.001266
-5.400000 0.001438
-5.300000 0.001405
-5.200000 0.001516
-5.100000 0.001411
-5.000000 0.001476
-4.900000 0.001313
-4.800000 0.001338
-4.700000 0.001120
-4.600000 0.001112
-4.500000 0.000854
-4.400000 0.000833
-4.300000 0.000561
-4.200000 0.000552
-4.100000 0.000282
-4.000000 0.000292
-3.900000 0.000025
-3.800000 0.000052
-3.700000 -0.000209
-3.600000 -0.000157
-3.500000 -0.000401
-3.400000 -0.000319
-3.300000 -0.000549
-3.200000 -0.000449
-3.100000 -0.000687
-3.000000 -0.000596
-2.900000 -0.000864
-2.800000 -0.000799
-2.700000 -0.001113
-2.600000 -0.001096
-2.500000 -0.001488
-2.400000 -0.001569
-2.300000 -0.002102
-2.200000 -0.002352
-2.100000 -0.003102
-2.000000 -0.003604
-1.900000 -0.004664
-1.800000 -0.005531
-1.700000 -0.007043
-1.600000 -0.008459
-1.500000 -0.010651
-1.400000 -0.012890
-1.300000 -0.016087
-1.200000 -0.019532
-1.100000 -0.024186
-1.000000 -0.029387
-0.900000 -0.036169
-0.800000 -0.043945
-0.700000 -0.053848
-0.600000 -0.065392
-0.500000 -0.079835
-0.400000 -0.096825
-0.300000 -0.117783
-0.200000 -0.142537
-0.100000 -0.172713
0.000000 -0.208360
0.100000 -0.251320
0.200000 -0.301842
0.300000 -0.361917
0.400000 -0.431863
0.500000 -0.513602
0.600000 -0.607191
0.700000 -0.714007
0.800000 -0.833204
0.900000 -0.964789
1.000000 -1.106054
1.100000 -1.254630
1.200000 -1.405071
1.300000 -1.552126
1.400000 -1.687780
1.500000 -1.804997
1.600000 -1.895362
1.700000 -1.953187
1.800000 -1.973329
1.900000 -1.954960
2.000000 -1.898781
2.100000 -1.809791
2.200000 -1.693650
2.300000 -1.558681
2.400000 -1.412013
2.500000 -1.261603
2.600000 -1.112883
2.700000 -0.971224
2.800000 -0.839215
2.900000 -0.719443
3.000000 -0.612135
3.100000 -0.517958
3.200000 -0.435784
3.300000 -0.365324
3.400000 -0.304921
3.500000 -0.253984
3.600000 -0.210808
3.700000 -0.174836
3.800000 -0.144540
3.900000 -0.119527
4.000000 -0.098519
4.100000 -0.081312
4.200000 -0.066867
4.300000 -0.055135
4.400000 -0.045269
4.500000 -0.037324
4.600000 -0.030607
4.700000 -0.025241
4.800000 -0.020660
4.900000 -0.017036
5.000000 -0.013909
5.100000 -0.011475
5.200000 -0.009354
5.300000 -0.007739
5.400000 -0.006309
5.500000 -0.005239
5.600000 -0.004263
5.700000 -0.003540
5.800000 -0.002862
5.900000 -0.002371
6.000000 -0.001912
6.100000 -0.001598
6.200000 -0.001310
6.300000 -0.001121
6.400000 -0.000949
6.500000 -0.000834
6.600000 -0.000740
6.700000 -0.000684
6.800000 -0.000682
6.900000 -0.000729
7.000000 -0.000890
7.100000 -0.001133
7.200000 -0.001578
7.300000 -0.002189
7.400000 -0.003178
7.500000 -0.004558
7.600000 -0.006709
7.700000 -0.009794
7.800000 -0.014502
7.900000 -0.021349
8.000000 -0.031629
8.100000 -0.046661
8.200000 -0.069007
8.300000 -0.101757
8.400000 -0.150133
8.500000 -0.220962
8.600000 -0.324821
8.700000 -0.475836
8.800000 -0.694333
8.900000 -1.006459
9.000000 -1.445760
9.100000 -2.048931
9.200000 -2.849190
9.300000 -3.856952
9.400000 -5.033090
9.500000 -6.255169
9.600000 -7.309540
9.700000 -7.938443
9.800000 -7.956525
9.900000 -7.357553
10.000000 -6.320282
10.100000 -5.100827
10.200000 -3.918313
10.300000 -2.899317
10.400000 -2.087826
10.500000 -1.474295
10.600000 -1.027206
10.700000 -0.708745
10.800000 -0.486081
10.900000 -0.331649
11.000000 -0.225826
11.100000 -0.153205
11.200000 -0.104036
11.300000 -0.070342
11.400000 -0.047791
11.500000 -0.032220
11.600000 -0.021978
11.700000 -0.014738
11.800000 -0.010132
11.900000 -0.006695
12.000000 -0.004669
12.100000 -0.002986
12.200000 -0.002165
12.300000 -0.001308
12.400000 -0.001055
12.500000 -0.000576
12.600000 -0.000567
12.700000 -0.000236
12.800000 -0.000314
12.900000 -0.000037
13.000000 -0.000159
13.100000 0.000074
13.200000 -0.000096
13.300000 0.000090
13.400000 -0.000114
13.500000 0.000056
13.600000 -0.000139
13.700000 0.000052
13.800000 -0.000114
13.900000 0.000096
14.000000 -0.000064
14.100000 0.000130
14.200000 -0.000055
14.300000 0.000105
14.400000 -0.000097
14.500000 0.000056
14.600000 -0.000127
14.700000 0.000049
14.800000 -0.000100
14.900000 0.000093
15.000000 -0.000049
15.100000 0.000123
15.200000 -0.000043
15.300000 0.000093
15.400000 -0.000089
15.500000 0.000038
15.600000 -0.000120
15.700000 0.000032
15.800000 -0.000087
15.900000 0.000081
16.000000 -0.000028
16.100000 0.000114
16.200000 -0.000021
16.300000 0.000079
16.400000 -0.000072
16.500000 0.000018
16.600000 -0.000107
16.700000 0.000009
16.800000 -0.000072
16.900000 0.000061
17.000000 -0.000006
17.100000 0.000101
17.200000 0.000008
17.300000 0.000068
17.400000 -0.000044
17.500000 -0.000002
17.600000 -0.000092
17.700000 -0.000026
17.800000 -0.000066
17.900000 0.000024
18.000000 0.000008
18.100000 0.000079
18.200000 0.000040
18.300000 0.000061
18.400000 -0.000006
18.500000 -0.000014
18.600000 -0.000066
18.700000 -0.000056
18.800000 -0.000056
18.900000 -0.000015
19.000000 0.000019
19.100000 0.000052
19.200000 0.000071
19.300000 0.000054
19.400000 0.000039
19.500000 -0.000020
19.600000 -0.000033
19.700000 -0.000083
19.800000 -0.000050
19.900000 -0.000064
20.000000 0.000017
20.100000 0.000010
20.200000 0.000091
20.300000 0.000043
20.400000 0.000088
20.500000 -0.000013
20.600000 0.000013
20.700000 -0.000097
20.800000 -0.000036
20.900000 -0.000110
21.000000 0.000008
21.100000 -0.000039
21.200000 0.000099
21.300000 0.000027
21.400000 0.000131
21.500000 0.000001
21.600000 0.000069
21.700000 -0.000092
21.800000 -0.000012
21.900000 -0.000148
22.000000 -0.000012
22.100000 -0.000103
22.200000 0.000076
22.300000 -0.000010
22.400000 0.000156
22.500000 0.000020
22.600000 0.000137
22.700000 -0.000054
22.800000 0.000040
22.900000 -0.000152
23.000000 -0.000021
23.100000 -0.000165
23.200000 0.000028
23.300000 -0.000076
23.400000 0.000137
23.500000 0.000014
23.600000 0.000184
23.700000 -0.000001
23.800000 0.000116
23.900000 -0.000108
24.000000 0.000006
24.100000 -0.000191
24.200000 -0.000021
24.300000 -0.000157
24.400000 0.000067
24.500000 -0.000040
24.600000 0.000179
24.700000 0.000033
24.800000 0.000192
24.900000 -0.000020
25.000000 0.000087
25.100000 -0.000147
25.200000 -0.000025
25.300000 -0.000210
25.400000 -0.000024
25.500000 -0.000139
25.600000 0.000094
25.700000 -0.000005
25.800000 0.000203
25.900000 0.000052
26.000000 0.000186
26.100000 -0.000030
26.200000 0.000056
26.300000 -0.000166
26.400000 -0.000055
26.500000 -0.000213
26.600000 -0.000033
26.700000 -0.000118
26.800000 0.000101
26.900000 0.000028
27.000000 0.000210
27.100000 0.000079
27.200000 0.000176
27.300000 -0.000019
27.400000 0.000028
27.500000 -0.000166
27.600000 -0.000090
27.700000 -0.000211
27.800000 -0.000062
27.900000 -0.000103
28.000000 0.000085
28.100000 0.000058
28.200000 0.000203
28.300000 0.000117
28.400000 0.000173
28.500000 0.000018
28.600000 0.000015
28.700000 -0.000143
28.800000 -0.000125
28.900000 -0.000210
29.000000 -0.000115
29.100000 -0.000109
29.200000 0.000036
29.300000 0.000073
29.400000 0.000188
29.500000 0.000176
29.600000 0.000204
29.700000 0.000125
29.800000 0.000092
29.900000 0.000009
