-30.000000 0.000143
-29.900000 0.000091
-29.800000 0.000160
-29.700000 0.000044
-29.600000 0.000053
-29.500000 -0.000082
-29.400000 -0.000068
-29.300000 -0.000151
-29.200000 -0.000076
-29.100000 -0.000083
-29.000000 0.000036
-28.900000 0.000052
-28.800000 0.000141
-28.700000 0.000110
-28.600000 0.000119
-28.500000 0.000027
-28.400000 -0.000015
-28.300000 -0.000106
-28.200000 -0.000124
-28.100000 -0.000143
-28.000000 -0.000093
-27.900000 -0.000036
-27.800000 0.000046
-27.700000 0.000111
-27.600000 0.000144
-27.500000 0.000147
-27.400000 0.000092
-27.300000 0.000034
-27.200000 -0.000066
-27.100000 -0.000112
-27.000000 -0.000173
-26.900000 -0.000135
-26.800000 -0.000120
-26.700000 -0.000004
-26.600000 0.000041
-26.500000 0.000157
-26.400000 0.000146
-26.300000 0.000189
-26.200000 0.000084
-26.100000 0.000059
-26.000000 -0.000093
-25.900000 -0.000107
-25.800000 -0.000216
-25.700000 -0.000143
-25.600000 -0.000164
-25.500000 -0.000006
-25.400000 0.000016
-25.300000 0.000180
-25.200000 0.000152
-25.100000 0.000238
-25.000000 0.000110
-24.900000 0.000109
-24.800000 -0.000079
-24.700000 -0.000089
-24.600000 -0.000242
-24.500000 -0.000172
-24.400000 -0.000226
-24.300000 -0.000057
-24.200000 -0.000040
-24.100000 0.000157
-24.000000 0.000151
-23.900000 0.000278
-23.800000 0.000172
-23.700000 0.000191
-23.600000 -0.000002
-23.500000 -0.000033
-23.400000 -0.000221
-23.300000 -0.000200
-23.200000 -0.000290
-23.100000 -0.000160
-23.000000 -0.000142
-22.900000 0.000057
-22.800000 0.000103
-22.700000 0.000268
-22.600000 0.000239
-22.500000 0.000287
-22.400000 0.000146
-22.300000 0.000091
-22.200000 -0.000103
-22.100000 -0.000166
-22.000000 -0.000300
-21.900000 -0.000272
-21.800000 -0.000278
-21.700000 -0.000136
-21.600000 -0.000043
-21.500000 0.000135
-21.400000 0.000222
-21.300000 0.000324
-21.200000 0.000306
-21.100000 0.000271
-21.000000 0.000139
-20.900000 0.000007
-20.800000 -0.000154
-20.700000 -0.000269
-20.600000 -0.000342
-20.500000 -0.000345
-20.400000 -0.000273
-20.300000 -0.000157
-20.200000 0.000012
-20.100000 0.000156
-20.000000 0.000306
-19.900000 0.000359
-19.800000 0.000390
-19.700000 0.000292
-19.600000 0.000197
-19.500000 -0.000006
-19.400000 -0.000139
-19.300000 -0.000328
-19.200000 -0.000373
-19.100000 -0.000441
-19.000000 -0.000331
-18.900000 -0.000260
-18.800000 -0.000032
-18.700000 0.000095
-18.600000 0.000324
-18.500000 0.000378
-18.400000 0.000491
-18.300000 0.000389
-18.200000 0.000349
-18.100000 0.000110
-18.000000 -0.000015
-17.900000 -0.000282
-17.800000 -0.000361
-17.700000 -0.000526
-17.600000 -0.000457
-17.500000 -0.000457
-17.400000 -0.000230
-17.300000 -0.000110
-17.200000 0.000181
-17.100000 0.000299
-17.000000 0.000520
-16.900000 0.000511
-16.800000 0.000567
-16.700000 0.000386
-16.600000 0.000283
-16.500000 -0.000009
-16.400000 -0.000166
-16.300000 -0.000438
-16.200000 -0.000513
-16.100000 -0.000640
-16.000000 -0.000545
-15.900000 -0.000487
-15.800000 -0.000235
-15.700000 -0.000056
-15.600000 0.000244
-15.500000 0.000411
-15.400000 0.000618
-15.300000 0.000647
-15.200000 0.000669
-15.100000 0.000514
-15.000000 0.000356
-14.900000 0.000076
-14.800000 -0.000159
-14.700000 -0.000432
-14.600000 -0.000602
-14.500000 -0.000735
-14.400000 -0.000734
-14.300000 -0.000661
-14.200000 -0.000476
-14.100000 -0.000238
-14.000000 0.000044
-13.900000 0.000327
-13.800000 0.000565
-13.700000 0.000749
-13.600000 0.000820
-13.500000 0.000815
-13.400000 0.000672
-13.300000 0.000483
-13.200000 0.000182
-13.100000 -0.000094
-13.000000 -0.000424
-12.900000 -0.000643
-12.800000 -0.000861
-12.700000 -0.000904
-12.600000 -0.000923
-12.500000 -0.000746
-12.400000 -0.000572
-12.300000 -0.000231
-12.200000 0.000041
-12.100000 0.000421
-12.000000 0.000651
-11.900000 0.000927
-11.800000 0.000990
-11.700000 0.001066
-11.600000 0.000906
-11.500000 0.000772
-11.400000 0.000426
-11.300000 0.000157
-11.200000 -0.000263
-11.100000 -0.000534
-11.000000 -0.000887
-10.900000 -0.001026
-10.800000 -0.001197
-10.700000 -0.001123
-10.600000 -0.001068
-10.500000 -0.000781
-10.400000 -0.000541
-10.300000 -0.000120
-10.200000 0.000197
-10.100000 0.000622
-10.000000 0.000881
-9.900000 0.001180
-9.800000 0.001268
-9.700000 0.001354
-9.600000 0.001221
-9.500000 0.001079
-9.400000 0.000749
-9.300000 0.000440
-9.200000 0.000006
-9.100000 -0.000359
-9.000000 -0.000773
-8.900000 -0.001066
-8.800000 -0.001341
-8.700000 -0.001463
-8.600000 -0.001523
-8.500000 -0.001427
-8.400000 -0.001260
-8.300000 -0.000968
-8.200000 -0.000625
-8.100000 -0.000216
-8.000000 0.000204
-7.900000 0.000620
-7.800000 0.001002
-7.700000 0.001314
-7.600000 0.001560
-7.500000 0.001685
-7.400000 0.001735
-7.300000 0.001641
-7.200000 0.001487
-7.100000 0.001193
-7.000000 0.000879
-6.900000 0.000451
-6.800000 0.000057
-6.700000 -0.000414
-6.600000 -0.000792
-6.500000 -0.001211
-6.400000 -0.001486
-6.300000 -0.001775
-6.200000 -0.001885
-6.100000 -0.001999
-6.000000 -0.001918
-5.900000 -0.001849
-5.800000 -0.001591
-5.700000 -0.001368
-5.600000 -0.000977
-5.500000 -0.000656
-5.400000 -0.000198
-5.300000 0.000154
-5.200000 0.000609
-5.100000 0.000923
-5.000000 0.001311
-4.900000 0.001534
-4.800000 0.001808
-4.700000 0.001903
-4.600000 0.002037
-4.500000 0.001992
-4.400000 0.001981
-4.300000 0.001800
-4.200000 0.001657
-4.100000 0.001360
-4.000000 0.001107
-3.900000 0.000719
-3.800000 0.000378
-3.700000 -0.000078
-3.600000 -0.000491
-3.500000 -0.001007
-3.400000 -0.001491
-3.300000 -0.002078
-3.200000 -0.002660
-3.100000 -0.003357
-3.000000 -0.004095
-2.900000 -0.004981
-2.800000 -0.005977
-2.700000 -0.007180
-2.600000 -0.008594
-2.500000 -0.010311
-2.400000 -0.012381
-2.300000 -0.014901
-2.200000 -0.017978
-2.100000 -0.021722
-2.000000 -0.026311
-1.900000 -0.031886
-1.800000 -0.038717
-1.700000 -0.047000
-1.600000 -0.057120
-1.500000 -0.069363
-1.400000 -0.084264
-1.300000 -0.102234
-1.200000 -0.123998
-1.100000 -0.150138
-1.000000 -0.181599
-0.900000 -0.219160
-0.800000 -0.263996
-0.700000 -0.317056
-0.600000 -0.379665
-0.500000 -0.452803
-0.400000 -0.537696
-0.300000 -0.634984
-0.200000 -0.745262
-0.100000 -0.868129
0.000000 -1.002680
0.100000 -1.146492
0.200000 -1.296176
0.300000 -1.446497
0.400000 -1.591230
0.500000 -1.722724
0.600000 -1.833299
0.700000 -1.915344
0.800000 -1.963060
0.900000 -1.972600
1.000000 -1.943393
1.100000 -1.877548
1.200000 -1.780178
1.300000 -1.657965
1.400000 -1.518832
1.500000 -1.370388
1.600000 -1.219759
1.700000 -1.072556
1.800000 -0.933191
1.900000 -0.804425
2.000000 -0.687977
2.100000 -0.584369
2.200000 -0.493544
2.300000 -0.414790
2.400000 -0.347204
2.500000 -0.289627
2.600000 -0.240929
2.700000 -0.199950
2.800000 -0.165634
2.900000 -0.137017
3.000000 -0.113227
3.100000 -0.093542
3.200000 -0.077291
3.300000 -0.063986
3.400000 -0.053133
3.500000 -0.044455
3.600000 -0.037623
3.700000 -0.032568
3.800000 -0.029142
3.900000 -0.027528
4.000000 -0.027853
4.100000 -0.030694
4.200000 -0.036688
4.300000 -0.047164
4.400000 -0.063800
4.500000 -0.089456
4.600000 -0.127992
4.700000 -0.185428
4.800000 -0.270090
4.900000 -0.394251
5.000000 -0.574697
5.100000 -0.834617
5.200000 -1.203672
5.300000 -1.717674
5.400000 -2.412971
5.500000 -3.314734
5.600000 -4.413251
5.700000 -5.632525
5.800000 -6.804082
5.900000 -7.682263
6.000000 -8.027921
6.100000 -7.734070
6.200000 -6.892056
6.300000 -5.734728
6.400000 -4.511449
6.500000 -3.398536
6.600000 -2.479066
6.700000 -1.766938
6.800000 -1.238899
6.900000 -0.858839
7.000000 -0.590701
7.100000 -0.404117
7.200000 -0.275457
7.300000 -0.187306
7.400000 -0.127157
7.500000 -0.086229
7.600000 -0.058440
7.700000 -0.039580
7.800000 -0.026812
7.900000 -0.018143
8.000000 -0.012294
8.100000 -0.008306
8.200000 -0.005635
8.300000 -0.003794
8.400000 -0.002585
8.500000 -0.001727
8.600000 -0.001189
8.700000 -0.000780
8.800000 -0.000551
8.900000 -0.000346
9.000000 -0.000259
9.100000 -0.000147
9.200000 -0.000127
9.300000 -0.000058
9.400000 -0.000068
9.500000 -0.000018
9.600000 -0.000042
9.700000 -0.000001
9.800000 -0.000030
9.900000 0.000007
10.000000 -0.000025
10.100000 0.000009
10.200000 -0.000022
10.300000 0.000009
10.400000 -0.000020
10.500000 0.000009
10.600000 -0.000017
10.700000 0.000009
10.800000 -0.000013
10.900000 0.000010
11.000000 -0.000008
11.100000 0.000011
11.200000 -0.000004
11.300000 0.000009
11.400000 -0.000003
11.500000 0.000005
11.600000 -0.000003
11.700000 0.000001
11.800000 -0.000001
11.900000 -0.000000
12.000000 0.000004
12.100000 -0.000001
12.200000 0.000006
12.300000 -0.000004
12.400000 0.000006
12.500000 -0.000009
12.600000 0.000005
12.700000 -0.000013
12.800000 0.000006
12.900000 -0.000014
13.000000 0.000010
13.100000 -0.000012
13.200000 0.000014
13.300000 -0.000011
13.400000 0.000017
13.500000 -0.000011
13.600000 0.000017
13.700000 -0.000014
13.800000 0.000014
13.900000 -0.000016
14.000000 0.000013
14.100000 -0.000015
14.200000 0.000014
14.300000 -0.000014
14.400000 0.000013
14.500000 -0.000014
14.600000 0.000012
14.700000 -0.000013
14.800000 0.000011
14.900000 -0.000010
15.000000 0.000010
15.100000 -0.000008
15.200000 0.000009
15.300000 -0.000006
15.400000 0.000007
15.500000 -0.000005
15.600000 0.000003
15.700000 -0.000003
15.800000 0.000001
15.900000 -0.000000
16.000000 -0.000000
16.100000 0.000002
16.200000 -0.000002
16.300000 0.000004
16.400000 -0.000005
16.500000 0.000006
16.600000 -0.000008
16.700000 0.000006
16.800000 -0.000011
16.900000 0.000007
17.000000 -0.000010
17.100000 0.000012
17.200000 -0.000008
17.300000 0.000015
17.400000 -0.000009
17.500000 0.000012
17.600000 -0.000013
17.700000 0.000011
17.800000 -0.000014
17.900000 0.000010
18.000000 -0.000014
18.100000 0.000010
18.200000 -0.000012
18.300000 0.000012
18.400000 -0.000008
18.500000 0.000013
18.600000 -0.000008
18.700000 0.000009
18.800000 -0.000010
18.900000 0.000006
19.000000 -0.000008
19.100000 0.000006
19.200000 -0.000005
19.300000 0.000005
19.400000 -0.000003
19.500000 0.000003
19.600000 -0.000001
19.700000 0.000001
19.800000 0.000000
19.900000 -0.000002
20.000000 0.000001
20.100000 -0.000004
20.200000 0.000004
20.300000 -0.000003
20.400000 0.000007
20.500000 -0.000005
20.600000 0.000007
20.700000 -0.000009
20.800000 0.000007
20.900000 -0.000009
21.000000 0.000009
21.100000 -0.000009
21.200000 0.000009
21.300000 -0.000011
21.400000 0.000009
21.500000 -0.000010
21.600000 0.000011
21.700000 -0.000008
21.800000 0.000010
21.900000 -0.000010
22.000000 0.000007
22.100000 -0.000011
22.200000 0.000008
22.300000 -0.000006
22.400000 0.000010
22.500000 -0.000005
22.600000 0.000005
22.700000 -0.000008
22.800000 0.000002
22.900000 -0.000005
23.000000 0.000004
23.100000 0.000000
23.200000 0.000003
23.300000 -0.000000
23.400000 -0.000001
23.500000 0.000000
23.600000 -0.000001
23.700000 0.000004
23.800000 -0.000002
23.900000 0.000004
24.000000 -0.000007
24.100000 0.000001
24.200000 -0.000009
24.300000 0.000007
24.400000 -0.000003
24.500000 0.000013
24.600000 -0.000004
24.700000 0.000008
24.800000 -0.000012
24.900000 0.000004
25.000000 -0.000011
25.100000 0.000009
25.200000 -0.000006
25.300000 0.000011
25.400000 -0.000007
25.500000 0.000006
25.600000 -0.000010
25.700000 0.000006
25.800000 -0.000004
25.900000 0.000010
26.000000 -0.000002
26.100000 0.000004
26.200000 -0.000008
26.300000 -0.000002
26.400000 -0.000006
26.500000 0.000003
26.600000 0.000004
26.700000 0.000006
26.800000 0.000004
26.900000 -0.000003
27.000000 -0.000004
27.100000 -0.000009
27.200000 0.000001
27.300000 -0.000001
27.400000 0.000010
27.500000 -0.000000
27.600000 0.000007
27.700000 -0.000010
27.800000 0.000000
27.900000 -0.000011
28.000000 0.000008
28.100000 -0.000002
28.200000 0.000014
28.300000 -0.000003
28.400000 0.000005
28.500000 -0.000014
28.600000 -0.000000
28.700000 -0.000010
28.800000 0.000009
28.900000 0.000002
29.000000 0.000013
29.100000 -0.000002
29.200000 0.000000
29.300000 -0.000013
29.400000 -0.000005
29.500000 -0.000005
29.600000 0.000007
29.700000 0.000009
29.800000 0.000011
29.900000 0.000007
