-30.000000 -0.000000
-29.900000 -0.000000
-29.800000 -0.000000
-29.700000 -0.000000
-29.600000 -0.000000
-29.500000 -0.000000
-29.400000 -0.000000
-29.300000 -0.000000
-29.200000 -0.000000
-29.100000 -0.000000
-29.000000 -0.000000
-28.900000 -0.000000
-28.800000 -0.000000
-28.700000 -0.000000
-28.600000 -0.000000
-28.500000 -0.000000
-28.400000 -0.000000
-28.300000 -0.000000
-28.200000 -0.000000
-28.100000 -0.000000
-28.000000 -0.000000
-27.900000 -0.000000
-27.800000 -0.000000
-27.700000 -0.000000
-27.600000 -0.000000
-27.500000 -0.000000
-27.400000 -0.000000
-27.300000 -0.000000
-27.200000 -0.000000
-27.100000 -0.000000
-27.000000 -0.000000
-26.900000 -0.000000
-26.800000 -0.000000
-26.700000 -0.000000
-26.600000 -0.000000
-26.500000 -0.000000
-26.400000 -0.000000
-26.300000 -0.000000
-26.200000 -0.000000
-26.100000 -0.000000
-26.000000 -0.000000
-25.900000 -0.000000
-25.800000 -0.000000
-25.700000 -0.000000
-25.600000 -0.000000
-25.500000 -0.000000
-25.400000 -0.000000
-25.300000 -0.000000
-25.200000 -0.000000
-25.100000 -0.000000
-25.000000 -0.000000
-24.900000 -0.000000
-24.800000 -0.000000
-24.700000 -0.000000
-24.600000 -0.000000
-24.500000 -0.000000
-24.400000 -0.000000
-24.300000 -0.000000
-24.200000 -0.000000
-24.100000 -0.000000
-24.000000 -0.000000
-23.900000 -0.000000
-23.800000 -0.000000
-23.700000 -0.000000
-23.600000 -0.000000
-23.500000 -0.000000
-23.400000 -0.000000
-23.300000 -0.000000
-23.200000 -0.000000
-23.100000 -0.000000
-23.000000 -0.000000
-22.900000 -0.000000
-22.800000 -0.000000
-22.700000 -0.000000
-22.600000 -0.000000
-22.500000 -0.000000
-22.400000 -0.000000
-22.300000 -0.000000
-22.200000 -0.000000
-22.100000 -0.000000
-22.000000 -0.000000
-21.900000 -0.000000
-21.800000 -0.000000
-21.700000 -0.000000
-21.600000 -0.000000
-21.500000 -0.000000
-21.400000 -0.000000
-21.300000 -0.000000
-21.200000 -0.000000
-21.100000 -0.000000
-21.000000 -0.000000
-20.900000 -0.000000
-20.800000 -0.000000
-20.700000 -0.000000
-20.600000 -0.000000
-20.500000 -0.000000
-20.400000 -0.000000
-20.300000 -0.000000
-20.200000 -0.000000
-20.100000 -0.000000
-20.000000 -0.000000
-19.900000 -0.000000
-19.800000 -0.000000
-19.700000 -0.000000
-19.600000 -0.000000
-19.500000 -0.000000
-19.400000 -0.000000
-19.300000 -0.000000
-19.200000 -0.000000
-19.100000 -0.000000
-19.000000 -0.000000
-18.900000 -0.000000
-18.800000 -0.000000
-18.700000 -0.000000
-18.600000 -0.000000
-18.500000 -0.000000
-18.400000 -0.000000
-18.300000 -0.000000
-18.200000 -0.000000
-18.100000 -0.000000
-18.000000 -0.000000
-17.900000 -0.000000
-17.800000 -0.000000
-17.700000 -0.000000
-17.600000 -0.000000
-17.500000 -0.000000
-17.400000 -0.000000
-17.300000 -0.000000
-17.200000 -0.000000
-17.100000 -0.000000
-17.000000 -0.000000
-16.900000 -0.000000
-16.800000 -0.000000
-16.700000 -0.000000
-16.600000 -0.000000
-16.500000 -0.000000
-16.400000 -0.000000
-16.300000 -0.000000
-16.200000 -0.000000
-16.100000 -0.000000
-16.000000 -0.000000
-15.900000 -0.000000
-15.800000 -0.000000
-15.700000 -0.000000
-15.600000 -0.000000
-15.500000 -0.000000
-15.400000 -0.000000
-15.300000 -0.000000
-15.200000 -0.000000
-15.100000 -0.000000
-15.000000 -0.000000
-14.900000 -0.000000
-14.800000 -0.000000
-14.700000 -0.000000
-14.600000 -0.000000
-14.500000 -0.000000
-14.400000 -0.000000
-14.300000 -0.000000
-14.200000 -0.000000
-14.100000 -0.000000
-14.000000 -0.000000
-13.900000 -0.000000
-13.800000 -0.000000
-13.700000 -0.000000
-13.600000 -0.000000
-13.500000 -0.000000
-13.400000 -0.000000
-13.300000 -0.000000
-13.200000 -0.000000
-13.100000 -0.000000
-13.000000 -0.000000
-12.900000 -0.000000
-12.800000 -0.000000
-12.700000 -0.000000
-12.600000 -0.000000
-12.500000 -0.000000
-12.400000 -0.000000
-12.300000 -0.000000
-12.200000 -0.000000
-12.100000 -0.000000
-12.000000 -0.000000
-11.900000 -0.000000
-11.800000 -0.000000
-11.700000 -0.000000
-11.600000 -0.000000
-11.500000 -0.000000
-11.400000 -0.000000
-11.300000 -0.000000
-11.200000 -0.000000
-11.100000 -0.000000
-11.000000 -0.000000
-10.900000 -0.000000
-10.800000 -0.000000
-10.700000 -0.000000
-10.600000 -0.000000
-10.500000 -0.000000
-10.400000 -0.000000
-10.300000 -0.000000
-10.200000 -0.000000
-10.100000 -0.000000
-10.000000 -0.000000
-9.900000 -0.000000
-9.800000 -0.000000
-9.700000 -0.000000
-9.600000 -0.000000
-9.500000 -0.000000
-9.400000 -0.000000
-9.300000 -0.000000
-9.200000 -0.000000
-9.100000 -0.000000
-9.000000 -0.000000
-8.900000 -0.000000
-8.800000 -0.000000
-8.700000 -0.000000
-8.600000 -0.000000
-8.500000 -0.000000
-8.400000 -0.000000
-8.300000 -0.000000
-8.200000 -0.000000
-8.100000 -0.000000
-8.000000 -0.000000
-7.900000 -0.000000
-7.800000 -0.000000
-7.700000 -0.000000
-7.600000 -0.000000
-7.500000 -0.000000
-7.400000 -0.000000
-7.300000 -0.000000
-7.200000 -0.000000
-7.100000 -0.000000
-7.000000 -0.000000
-6.900000 -0.000000
-6.800000 -0.000000
-6.700000 -0.000000
-6.600000 -0.000000
-6.500000 -0.000000
-6.400000 -0.000000
-6.300000 -0.000000
-6.200000 -0.000000
-6.100000 -0.000000
-6.000000 -0.000000
-5.900000 -0.000000
-5.800000 -0.000000
-5.700000 -0.000000
-5.600000 -0.000000
-5.500000 -0.000001
-5.400000 -0.000001
-5.300000 -0.000001
-5.200000 -0.000001
-5.100000 -0.000001
-5.000000 -0.000002
-4.900000 -0.000002
-4.800000 -0.000002
-4.700000 -0.000003
-4.600000 -0.000003
-4.500000 -0.000004
-4.400000 -0.000005
-4.300000 -0.000006
-4.200000 -0.000008
-4.100000 -0.000009
-4.000000 -0.000012
-3.900000 -0.000014
-3.800000 -0.000017
-3.700000 -0.000021
-3.600000 -0.000026
-3.500000 -0.000031
-3.400000 -0.000038
-3.300000 -0.000047
-3.200000 -0.000057
-3.100000 -0.000070
-3.000000 -0.000085
-2.900000 -0.000104
-2.800000 -0.000127
-2.700000 -0.000156
-2.600000 -0.000190
-2.500000 -0.000232
-2.400000 -0.000284
-2.300000 -0.000347
-2.200000 -0.000423
-2.100000 -0.000517
-2.000000 -0.000631
-1.900000 -0.000771
-1.800000 -0.000942
-1.700000 -0.001150
-1.600000 -0.001405
-1.500000 -0.001716
-1.400000 -0.002096
-1.300000 -0.002559
-1.200000 -0.003125
-1.100000 -0.003817
-1.000000 -0.004661
-0.900000 -0.005691
-0.800000 -0.006949
-0.700000 -0.008484
-0.600000 -0.010358
-0.500000 -0.012644
-0.400000 -0.015433
-0.300000 -0.018833
-0.200000 -0.022979
-0.100000 -0.028031
0.000000 -0.034184
0.100000 -0.041673
0.200000 -0.050782
0.300000 -0.061850
0.400000 -0.075284
0.500000 -0.091566
0.600000 -0.111268
0.700000 -0.135058
0.800000 -0.163712
0.900000 -0.198121
1.000000 -0.239285
1.100000 -0.288310
1.200000 -0.346376
1.300000 -0.414695
1.400000 -0.494429
1.500000 -0.586580
1.600000 -0.691829
1.700000 -0.810327
1.800000 -0.941453
1.900000 -1.083538
2.000000 -1.233619
2.100000 -1.387263
2.200000 -1.538554
2.300000 -1.680306
2.400000 -1.804566
2.500000 -1.903397
2.600000 -1.969841
2.700000 -1.998903
2.800000 -1.988317
2.900000 -1.938914
3.000000 -1.854485
3.100000 -1.741185
3.200000 -1.606616
3.300000 -1.458837
3.400000 -1.305473
3.500000 -1.153078
3.600000 -1.006792
3.700000 -0.870252
3.800000 -0.745703
3.900000 -0.634226
4.000000 -0.535997
4.100000 -0.450556
4.200000 -0.377028
4.300000 -0.314310
4.400000 -0.261200
4.500000 -0.216497
4.600000 -0.179055
4.700000 -0.147823
4.800000 -0.121858
4.900000 -0.100331
5.000000 -0.082523
5.100000 -0.067820
5.200000 -0.055699
5.300000 -0.045719
5.400000 -0.037510
5.500000 -0.030763
5.600000 -0.025222
5.700000 -0.020673
5.800000 -0.016942
5.900000 -0.013882
6.000000 -0.011372
6.100000 -0.009316
6.200000 -0.007630
6.300000 -0.006249
6.400000 -0.005118
6.500000 -0.004191
6.600000 -0.003432
6.700000 -0.002810
6.800000 -0.002301
6.900000 -0.001884
7.000000 -0.001543
7.100000 -0.001263
7.200000 -0.001034
7.300000 -0.000847
7.400000 -0.000693
7.500000 -0.000568
7.600000 -0.000465
7.700000 -0.000381
7.800000 -0.000312
7.900000 -0.000255
8.000000 -0.000209
8.100000 -0.000171
8.200000 -0.000140
8.300000 -0.000115
8.400000 -0.000094
8.500000 -0.000077
8.600000 -0.000063
8.700000 -0.000052
8.800000 -0.000043
8.900000 -0.000035
9.000000 -0.000029
9.100000 -0.000024
9.200000 -0.000021
9.300000 -0.000018
9.400000 -0.000017
9.500000 -0.000017
9.600000 -0.000018
9.700000 -0.000021
9.800000 -0.000026
9.900000 -0.000035
10.000000 -0.000049
10.100000 -0.000071
10.200000 -0.000104
10.300000 -0.000153
10.400000 -0.000227
10.500000 -0.000338
10.600000 -0.000503
10.700000 -0.000750
10.800000 -0.001118
10.900000 -0.001668
11.000000 -0.002488
11.100000 -0.003710
11.200000 -0.005534
11.300000 -0.008255
11.400000 -0.012311
11.500000 -0.018359
11.600000 -0.027372
11.700000 -0.040800
11.800000 -0.060791
11.900000 -0.090519
12.000000 -0.134663
12.100000 -0.200061
12.200000 -0.296617
12.300000 -0.438455
12.400000 -0.645249
12.500000 -0.943397
12.600000 -1.366216
12.700000 -1.951426
12.800000 -2.732992
12.900000 -3.723736
13.000000 -4.887460
13.100000 -6.108565
13.200000 -7.183201
13.300000 -7.864013
13.400000 -7.962169
13.500000 -7.448421
13.600000 -6.470217
13.700000 -5.269311
13.800000 -4.071008
13.900000 -3.019362
14.000000 -2.172403
14.100000 -1.529173
14.200000 -1.059909
14.300000 -0.726823
14.400000 -0.494761
14.500000 -0.335110
14.600000 -0.226207
14.700000 -0.152345
14.800000 -0.102443
14.900000 -0.068815
15.000000 -0.046194
15.100000 -0.030994
15.200000 -0.020789
15.300000 -0.013941
15.400000 -0.009348
15.500000 -0.006267
15.600000 -0.004202
15.700000 -0.002817
15.800000 -0.001888
15.900000 -0.001266
16.000000 -0.000848
16.100000 -0.000569
16.200000 -0.000381
16.300000 -0.000256
16.400000 -0.000171
16.500000 -0.000115
16.600000 -0.000077
16.700000 -0.000052
16.800000 -0.000035
16.900000 -0.000023
17.000000 -0.000016
17.100000 -0.000010
17.200000 -0.000007
17.300000 -0.000005
17.400000 -0.000003
17.500000 -0.000002
17.600000 -0.000001
17.700000 -0.000001
17.800000 -0.000001
17.900000 -0.000000
18.000000 -0.000000
18.100000 -0.000000
18.200000 -0.000000
18.300000 -0.000000
18.400000 -0.000000
18.500000 -0.000000
18.600000 -0.000000
18.700000 -0.000000
18.800000 -0.000000
18.900000 -0.000000
19.000000 -0.000000
19.100000 -0.000000
19.200000 -0.000000
19.300000 -0.000000
19.400000 -0.000000
19.500000 -0.000000
19.600000 -0.000000
19.700000 -0.000000
19.800000 -0.000000
19.900000 -0.000000
20.000000 -0.000000
20.100000 -0.000000
20.200000 -0.000000
20.300000 -0.000000
20.400000 -0.000000
20.500000 -0.000000
20.600000 -0.000000
20.700000 -0.000000
20.800000 -0.000000
20.900000 -0.000000
21.000000 -0.000000
21.100000 -0.000000
21.200000 -0.000000
21.300000 -0.000000
21.400000 -0.000000
21.500000 -0.000000
21.600000 -0.000000
21.700000 -0.000000
21.800000 -0.000000
21.900000 -0.000000
22.000000 -0.000000
22.100000 -0.000000
22.200000 -0.000000
22.300000 -0.000000
22.400000 -0.000000
22.500000 -0.000000
22.600000 -0.000000
22.700000 -0.000000
22.800000 -0.000000
22.900000 -0.000000
23.000000 -0.000000
23.100000 -0.000000
23.200000 -0.000000
23.300000 -0.000000
23.400000 -0.000000
23.500000 -0.000000
23.600000 -0.000000
23.700000 -0.000000
23.800000 -0.000000
23.900000 -0.000000
24.000000 -0.000000
24.100000 -0.000000
24.200000 -0.000000
24.300000 -0.000000
24.400000 -0.000000
24.500000 -0.000000
24.600000 -0.000000
24.700000 -0.000000
24.800000 -0.000000
24.900000 -0.000000
25.000000 -0.000000
25.100000 -0.000000
25.200000 -0.000000
25.300000 -0.000000
25.400000 -0.000000
25.500000 -0.000000
25.600000 -0.000000
25.700000 -0.000000
25.800000 -0.000000
25.900000 -0.000000
26.000000 -0.000000
26.100000 -0.000000
26.200000 -0.000000
26.300000 -0.000000
26.400000 -0.000000
26.500000 -0.000000
26.600000 -0.000000
26.700000 -0.000000
26.800000 -0.000000
26.900000 -0.000000
27.000000 -0.000000
27.100000 -0.000000
27.200000 -0.000000
27.300000 -0.000000
27.400000 -0.000000
27.500000 -0.000000
27.600000 -0.000000
27.700000 -0.000000
27.800000 -0.000000
27.900000 -0.000000
28.000000 -0.000000
28.100000 -0.000000
28.200000 -0.000000
28.300000 -0.000000
28.400000 -0.000000
28.500000 -0.000000
28.600000 -0.000000
28.700000 -0.000000
28.800000 -0.000000
28.900000 -0.000000
29.000000 -0.000000
29.100000 -0.000000
29.200000 -0.000000
29.300000 -0.000000
29.400000 -0.000000
29.500000 -0.000000
29.600000 -0.000000
29.700000 -0.000000
29.800000 -0.000000
29.900000 -0.000000
