-30.000000 0.000004
-29.950000 0.000006
-29.900000 0.000012
-29.850000 0.000015
-29.800000 0.000022
-29.750000 0.000026
-29.700000 0.000032
-29.650000 0.000035
-29.600000 0.000039
-29.550000 0.000040
-29.500000 0.000042
-29.450000 0.000041
-29.400000 0.000040
-29.350000 0.000035
-29.300000 0.000031
-29.250000 0.000024
-29.200000 0.000018
-29.150000 0.000009
-29.100000 0.000002
-29.050000 -0.000007
-29.000000 -0.000015
-28.950000 -0.000023
-28.900000 -0.000029
-28.850000 -0.000035
-28.800000 -0.000038
-28.750000 -0.000041
-28.700000 -0.000041
-28.650000 -0.000040
-28.600000 -0.000036
-28.550000 -0.000032
-28.500000 -0.000026
-28.450000 -0.000020
-28.400000 -0.000012
-28.350000 -0.000004
-28.300000 0.000005
-28.250000 0.000013
-28.200000 0.000021
-28.150000 0.000027
-28.100000 0.000033
-28.050000 0.000038
-28.000000 0.000041
-27.950000 0.000043
-27.900000 0.000042
-27.850000 0.000040
-27.800000 0.000037
-27.750000 0.000032
-27.700000 0.000025
-27.650000 0.000018
-27.600000 0.000009
-27.550000 0.000000
-27.500000 -0.000009
-27.450000 -0.000017
-27.400000 -0.000025
-27.350000 -0.000032
-27.300000 -0.000038
-27.250000 -0.000042
-27.200000 -0.000045
-27.150000 -0.000045
-27.100000 -0.000044
-27.050000 -0.000041
-27.000000 -0.000037
-26.950000 -0.000031
-26.900000 -0.000024
-26.850000 -0.000016
-26.800000 -0.000008
-26.750000 0.000002
-26.700000 0.000010
-26.650000 0.000020
-26.600000 0.000027
-26.550000 0.000035
-26.500000 0.000040
-26.450000 0.000045
-26.400000 0.000046
-26.350000 0.000048
-26.300000 0.000046
-26.250000 0.000044
-26.200000 0.000039
-26.150000 0.000034
-26.100000 0.000025
-26.050000 0.000018
-26.000000 0.000007
-25.950000 -0.000001
-25.900000 -0.000012
-25.850000 -0.000020
-25.800000 -0.000030
-25.750000 -0.000036
-25.700000 -0.000043
-25.650000 -0.000046
-25.600000 -0.000050
-25.550000 -0.000049
-25.500000 -0.000050
-25.450000 -0.000046
-25.400000 -0.000043
-25.350000 -0.000035
-25.300000 -0.000029
-25.250000 -0.000019
-25.200000 -0.000012
-25.150000 -0.000000
-25.100000 0.000007
-25.050000 0.000019
-25.000000 0.000026
-24.950000 0.000036
-24.900000 0.000041
-24.850000 0.000049
-24.800000 0.000050
-24.750000 0.000054
-24.700000 0.000052
-24.650000 0.000052
-24.600000 0.000046
-24.550000 0.000043
-24.500000 0.000033
-24.450000 0.000027
-24.400000 0.000015
-24.350000 0.000008
-24.300000 -0.000005
-24.250000 -0.000013
-24.200000 -0.000025
-24.150000 -0.000031
-24.100000 -0.000042
-24.050000 -0.000045
-24.000000 -0.000053
-23.950000 -0.000053
-23.900000 -0.000057
-23.850000 -0.000054
-23.800000 -0.000054
-23.750000 -0.000047
-23.700000 -0.000044
-23.650000 -0.000034
-23.600000 -0.000028
-23.550000 -0.000015
-23.500000 -0.000008
-23.450000 0.000006
-23.400000 0.000014
-23.350000 0.000027
-23.300000 0.000034
-23.250000 0.000045
-23.200000 0.000049
-23.150000 0.000057
-23.100000 0.000057
-23.050000 0.000062
-23.000000 0.000058
-22.950000 0.000058
-22.900000 0.000050
-22.850000 0.000047
-22.800000 0.000036
-22.750000 0.000030
-22.700000 0.000017
-22.650000 0.000009
-22.600000 -0.000005
-22.550000 -0.000012
-22.500000 -0.000027
-22.450000 -0.000033
-22.400000 -0.000045
-22.350000 -0.000049
-22.300000 -0.000058
-22.250000 -0.000059
-22.200000 -0.000065
-22.150000 -0.000061
-22.100000 -0.000063
-22.050000 -0.000056
-22.000000 -0.000054
-21.950000 -0.000042
-21.900000 -0.000037
-21.850000 -0.000023
-21.800000 -0.000016
-21.750000 -0.000000
-21.700000 0.000007
-21.650000 0.000023
-21.600000 0.000030
-21.550000 0.000043
-21.500000 0.000048
-21.450000 0.000059
-21.400000 0.000060
-21.350000 0.000068
-21.300000 0.000065
-21.250000 0.000068
-21.200000 0.000061
-21.150000 0.000061
-21.100000 0.000051
-21.050000 0.000047
-21.000000 0.000033
-20.950000 0.000027
-20.900000 0.000012
-20.850000 0.000004
-20.800000 -0.000012
-20.750000 -0.000020
-20.700000 -0.000036
-20.650000 -0.000041
-20.600000 -0.000055
-20.550000 -0.000058
-20.500000 -0.000069
-20.450000 -0.000068
-20.400000 -0.000074
-20.350000 -0.000069
-20.300000 -0.000071
-20.250000 -0.000062
-20.200000 -0.000060
-20.150000 -0.000047
-20.100000 -0.000042
-20.050000 -0.000026
-20.000000 -0.000020
-19.950000 -0.000002
-19.900000 0.000005
-19.850000 0.000022
-19.800000 0.000029
-19.750000 0.000045
-19.700000 0.000049
-19.650000 0.000063
-19.600000 0.000065
-19.550000 0.000075
-19.500000 0.000073
-19.450000 0.000079
-19.400000 0.000072
-19.350000 0.000075
-19.300000 0.000064
-19.250000 0.000062
-19.200000 0.000047
-19.150000 0.000042
-19.100000 0.000025
-19.050000 0.000018
-19.000000 -0.000001
-18.950000 -0.000008
-18.900000 -0.000027
-18.850000 -0.000033
-18.800000 -0.000050
-18.750000 -0.000055
-18.700000 -0.000069
-18.650000 -0.000070
-18.600000 -0.000080
-18.550000 -0.000077
-18.500000 -0.000084
-18.450000 -0.000076
-18.400000 -0.000079
-18.350000 -0.000068
-18.300000 -0.000066
-18.250000 -0.000051
-18.200000 -0.000047
-18.150000 -0.000029
-18.100000 -0.000023
-18.050000 -0.000003
-18.000000 0.000004
-17.950000 0.000024
-17.900000 0.000031
-17.850000 0.000049
-17.800000 0.000054
-17.750000 0.000070
-17.700000 0.000072
-17.650000 0.000084
-17.600000 0.000082
-17.550000 0.000090
-17.500000 0.000083
-17.450000 0.000087
-17.400000 0.000076
-17.350000 0.000076
-17.300000 0.000061
-17.250000 0.000057
-17.200000 0.000039
-17.150000 0.000033
-17.100000 0.000014
-17.050000 0.000007
-17.000000 -0.000014
-16.950000 -0.000021
-16.900000 -0.000041
-16.850000 -0.000046
-16.800000 -0.000064
-16.750000 -0.000068
-16.700000 -0.000083
-16.650000 -0.000083
-16.600000 -0.000094
-16.550000 -0.000090
-16.500000 -0.000097
-16.450000 -0.000088
-16.400000 -0.000090
-16.350000 -0.000077
-16.300000 -0.000075
-16.250000 -0.000058
-16.200000 -0.000053
-16.150000 -0.000033
-16.100000 -0.000027
-16.050000 -0.000005
-16.000000 0.000002
-15.950000 0.000023
-15.900000 0.000030
-15.850000 0.000050
-15.800000 0.000055
-15.750000 0.000073
-15.700000 0.000076
-15.650000 0.000091
-15.600000 0.000090
-15.550000 0.000101
-15.500000 0.000095
-15.450000 0.000102
-15.400000 0.000093
-15.350000 0.000095
-15.300000 0.000081
-15.250000 0.000080
-15.200000 0.000062
-15.150000 0.000058
-15.100000 0.000037
-15.050000 0.000030
-15.000000 0.000008
-14.950000 -0.000000
-14.900000 -0.000023
-14.850000 -0.000030
-14.800000 -0.000051
-14.750000 -0.000057
-14.700000 -0.000076
-14.650000 -0.000078
-14.600000 -0.000094
-14.550000 -0.000093
-14.500000 -0.000106
-14.450000 -0.000101
-14.400000 -0.000109
-14.350000 -0.000100
-14.300000 -0.000105
-14.250000 -0.000091
-14.200000 -0.000092
-14.150000 -0.000075
-14.100000 -0.000072
-14.050000 -0.000051
-14.000000 -0.000046
-13.950000 -0.000023
-13.900000 -0.000016
-13.850000 0.000008
-13.800000 0.000016
-13.750000 0.000039
-13.700000 0.000046
-13.650000 0.000067
-13.600000 0.000071
-13.550000 0.000090
-13.500000 0.000091
-13.450000 0.000107
-13.400000 0.000104
-13.350000 0.000116
-13.300000 0.000109
-13.250000 0.000116
-13.200000 0.000106
-13.150000 0.000109
-13.100000 0.000094
-13.050000 0.000094
-13.000000 0.000076
-12.950000 0.000073
-12.900000 0.000052
-12.850000 0.000046
-12.800000 0.000023
-12.750000 0.000015
-12.700000 -0.000009
-12.650000 -0.000017
-12.600000 -0.000041
-12.550000 -0.000047
-12.500000 -0.000070
-12.450000 -0.000074
-12.400000 -0.000094
-12.350000 -0.000096
-12.300000 -0.000112
-12.250000 -0.000110
-12.200000 -0.000123
-12.150000 -0.000116
-12.100000 -0.000125
-12.050000 -0.000115
-12.000000 -0.000120
-11.950000 -0.000105
-11.900000 -0.000107
-11.850000 -0.000089
-11.800000 -0.000087
-11.750000 -0.000067
-11.700000 -0.000062
-11.650000 -0.000039
-11.600000 -0.000033
-11.550000 -0.000008
-11.500000 -0.000001
-11.450000 0.000024
-11.400000 0.000031
-11.350000 0.000055
-11.300000 0.000061
-11.250000 0.000083
-11.200000 0.000087
-11.150000 0.000106
-11.100000 0.000106
-11.050000 0.000123
-11.000000 0.000119
-10.950000 0.000132
-10.900000 0.000124
-10.850000 0.000133
-10.800000 0.000122
-10.750000 0.000127
-10.700000 0.000112
-10.650000 0.000114
-10.600000 0.000096
-10.550000 0.000095
-10.500000 0.000074
-10.450000 0.000071
-10.400000 0.000047
-10.350000 0.000042
-10.300000 0.000017
-10.250000 0.000011
-10.200000 -0.000015
-10.150000 -0.000022
-10.100000 -0.000047
-10.050000 -0.000052
-10.000000 -0.000076
-9.950000 -0.000080
-9.900000 -0.000102
-9.850000 -0.000102
-9.800000 -0.000121
-9.750000 -0.000119
-9.700000 -0.000134
-9.650000 -0.000128
-9.600000 -0.000140
-9.550000 -0.000131
-9.500000 -0.000140
-9.450000 -0.000127
-9.400000 -0.000133
-9.350000 -0.000117
-9.300000 -0.000120
-9.250000 -0.000101
-9.200000 -0.000101
-9.150000 -0.000079
-9.100000 -0.000076
-9.050000 -0.000053
-9.000000 -0.000048
-8.950000 -0.000023
-8.900000 -0.000018
-8.850000 0.000008
-8.800000 0.000014
-8.750000 0.000039
-8.700000 0.000044
-8.650000 0.000068
-8.600000 0.000071
-8.550000 0.000094
-8.500000 0.000094
-8.450000 0.000115
-8.400000 0.000113
-8.350000 0.000131
-8.300000 0.000126
-8.250000 0.000141
-8.200000 0.000134
-8.150000 0.000147
-8.100000 0.000137
-8.050000 0.000146
-8.000000 0.000133
-7.950000 0.000139
-7.900000 0.000123
-7.850000 0.000127
-7.800000 0.000108
-7.750000 0.000109
-7.700000 0.000088
-7.650000 0.000086
-7.600000 0.000063
-7.550000 0.000061
-7.500000 0.000036
-7.450000 0.000033
-7.400000 0.000008
-7.350000 0.000005
-7.300000 -0.000019
-7.250000 -0.000022
-7.200000 -0.000046
-7.150000 -0.000047
-7.100000 -0.000070
-7.050000 -0.000071
-7.000000 -0.000093
-6.950000 -0.000092
-6.900000 -0.000112
-6.850000 -0.000110
-6.800000 -0.000128
-6.750000 -0.000124
-6.700000 -0.000140
-6.650000 -0.000133
-6.600000 -0.000146
-6.550000 -0.000137
-6.500000 -0.000148
-6.450000 -0.000135
-6.400000 -0.000144
-6.350000 -0.000129
-6.300000 -0.000135
-6.250000 -0.000119
-6.200000 -0.000123
-6.150000 -0.000105
-6.100000 -0.000108
-6.050000 -0.000089
-6.000000 -0.000091
-5.950000 -0.000071
-5.900000 -0.000072
-5.850000 -0.000051
-5.800000 -0.000052
-5.750000 -0.000030
-5.700000 -0.000031
-5.650000 -0.000009
-5.600000 -0.000009
-5.550000 0.000013
-5.500000 0.000013
-5.450000 0.000035
-5.400000 0.000033
-5.350000 0.000054
-5.300000 0.000051
-5.250000 0.000071
-5.200000 0.000067
-5.150000 0.000085
-5.100000 0.000079
-5.050000 0.000096
-5.000000 0.000089
-4.950000 0.000104
-4.900000 0.000096
-4.850000 0.000110
-4.800000 0.000100
-4.750000 0.000114
-4.700000 0.000103
-4.650000 0.000115
-4.600000 0.000103
-4.550000 0.000114
-4.500000 0.000101
-4.450000 0.000110
-4.400000 0.000095
-4.350000 0.000103
-4.300000 0.000087
-4.250000 0.000094
-4.200000 0.000077
-4.150000 0.000083
-4.100000 0.000065
-4.050000 0.000071
-4.000000 0.000052
-3.950000 0.000058
-3.900000 0.000039
-3.850000 0.000044
-3.800000 0.000025
-3.750000 0.000030
-3.700000 0.000011
-3.650000 0.000015
-3.600000 -0.000006
-3.550000 -0.000003
-3.500000 -0.000024
-3.450000 -0.000022
-3.400000 -0.000045
-3.350000 -0.000044
-3.300000 -0.000069
-3.250000 -0.000069
-3.200000 -0.000095
-3.150000 -0.000098
-3.100000 -0.000125
-3.050000 -0.000130
-3.000000 -0.000160
-2.950000 -0.000167
-2.900000 -0.000200
-2.850000 -0.000212
-2.800000 -0.000250
-2.750000 -0.000266
-2.700000 -0.000310
-2.650000 -0.000333
-2.600000 -0.000385
-2.550000 -0.000417
-2.500000 -0.000478
-2.450000 -0.000519
-2.400000 -0.000592
-2.350000 -0.000646
-2.300000 -0.000731
-2.250000 -0.000800
-2.200000 -0.000903
-2.150000 -0.000990
-2.100000 -0.001113
-2.050000 -0.001223
-2.000000 -0.001371
-1.950000 -0.001509
-1.900000 -0.001688
-1.850000 -0.001861
-1.800000 -0.002079
-1.750000 -0.002294
-1.700000 -0.002558
-1.650000 -0.002825
-1.600000 -0.003146
-1.550000 -0.003476
-1.500000 -0.003866
-1.450000 -0.004272
-1.400000 -0.004746
-1.350000 -0.005245
-1.300000 -0.005821
-1.250000 -0.006433
-1.200000 -0.007134
-1.150000 -0.007884
-1.100000 -0.008738
-1.050000 -0.009656
-1.000000 -0.010696
-0.950000 -0.011819
-0.900000 -0.013086
-0.850000 -0.014460
-0.800000 -0.016003
-0.750000 -0.017681
-0.700000 -0.019559
-0.650000 -0.021607
-0.600000 -0.023894
-0.550000 -0.026392
-0.500000 -0.029174
-0.450000 -0.032217
-0.400000 -0.035601
-0.350000 -0.039307
-0.300000 -0.043419
-0.250000 -0.047928
-0.200000 -0.052924
-0.150000 -0.058404
-0.100000 -0.064468
-0.050000 -0.071120
0.000000 -0.078471
0.050000 -0.086536
0.100000 -0.095435
0.150000 -0.105194
0.200000 -0.115946
0.250000 -0.127731
0.300000 -0.140695
0.350000 -0.154891
0.400000 -0.170478
0.450000 -0.187525
0.500000 -0.206207
0.550000 -0.226603
0.600000 -0.248903
0.650000 -0.273199
0.700000 -0.299688
0.750000 -0.328473
0.800000 -0.359754
0.850000 -0.393632
0.900000 -0.430306
0.950000 -0.469865
1.000000 -0.512487
1.050000 -0.558234
1.100000 -0.607247
1.150000 -0.659536
1.200000 -0.715178
1.250000 -0.774106
1.300000 -0.836301
1.350000 -0.901584
1.400000 -0.969808
1.450000 -1.040648
1.500000 -1.113794
1.550000 -1.188748
1.600000 -1.265015
1.650000 -1.341905
1.700000 -1.418735
1.750000 -1.494633
1.800000 -1.568750
1.850000 -1.640077
1.900000 -1.707659
1.950000 -1.770428
2.000000 -1.827422
2.050000 -1.877626
2.100000 -1.920195
2.150000 -1.954294
2.200000 -1.979323
2.250000 -1.994743
2.300000 -2.000300
2.350000 -1.995832
2.400000 -1.981480
2.450000 -1.957477
2.500000 -1.924342
2.550000 -1.882660
2.600000 -1.833253
2.650000 -1.776953
2.700000 -1.714772
2.750000 -1.647666
2.800000 -1.576705
2.850000 -1.502844
2.900000 -1.427101
2.950000 -1.350332
3.000000 -1.273416
3.050000 -1.197047
3.100000 -1.121927
3.150000 -1.048558
3.200000 -0.977452
3.250000 -0.908927
3.300000 -0.843318
3.350000 -0.780778
3.400000 -0.721495
3.450000 -0.665493
3.500000 -0.612846
3.550000 -0.563480
3.600000 -0.517388
3.650000 -0.474431
3.700000 -0.434552
3.750000 -0.397571
3.800000 -0.363401
3.850000 -0.331844
3.900000 -0.302800
3.950000 -0.276068
4.000000 -0.251545
4.050000 -0.229034
4.100000 -0.208441
4.150000 -0.189579
4.200000 -0.172365
4.250000 -0.156624
4.300000 -0.142288
4.350000 -0.129196
4.400000 -0.117294
4.450000 -0.106435
4.500000 -0.096578
4.550000 -0.087591
4.600000 -0.079446
4.650000 -0.072021
4.700000 -0.065301
4.750000 -0.059176
4.800000 -0.053640
4.850000 -0.048592
4.900000 -0.044036
4.950000 -0.039880
5.000000 -0.036136
5.050000 -0.032717
5.100000 -0.029642
5.150000 -0.026831
5.200000 -0.024307
5.250000 -0.021998
5.300000 -0.019929
5.350000 -0.018032
5.400000 -0.016337
5.450000 -0.014779
5.500000 -0.013392
5.550000 -0.012111
5.600000 -0.010976
5.650000 -0.009924
5.700000 -0.008995
5.750000 -0.008130
5.800000 -0.007371
5.850000 -0.006659
5.900000 -0.006039
5.950000 -0.005453
6.000000 -0.004946
6.050000 -0.004464
6.100000 -0.004051
6.150000 -0.003654
6.200000 -0.003319
6.250000 -0.002991
6.300000 -0.002720
6.350000 -0.002450
6.400000 -0.002230
6.450000 -0.002007
6.500000 -0.001829
6.550000 -0.001644
6.600000 -0.001500
6.650000 -0.001346
6.700000 -0.001230
6.750000 -0.001101
6.800000 -0.001008
6.850000 -0.000899
6.900000 -0.000825
6.950000 -0.000734
7.000000 -0.000675
7.050000 -0.000598
7.100000 -0.000553
7.150000 -0.000488
7.200000 -0.000454
7.250000 -0.000399
7.300000 -0.000374
7.350000 -0.000327
7.400000 -0.000309
7.450000 -0.000268
7.500000 -0.000256
7.550000 -0.000220
7.600000 -0.000211
7.650000 -0.000179
7.700000 -0.000174
7.750000 -0.000145
7.800000 -0.000142
7.850000 -0.000116
7.900000 -0.000116
7.950000 -0.000092
8.000000 -0.000095
8.050000 -0.000073
8.100000 -0.000078
8.150000 -0.000059
8.200000 -0.000066
8.250000 -0.000048
8.300000 -0.000056
8.350000 -0.000040
8.400000 -0.000049
8.450000 -0.000033
8.500000 -0.000043
8.550000 -0.000027
8.600000 -0.000036
8.650000 -0.000021
8.700000 -0.000030
8.750000 -0.000014
8.800000 -0.000024
8.850000 -0.000009
8.900000 -0.000019
8.950000 -0.000005
9.000000 -0.000016
9.050000 -0.000002
9.100000 -0.000014
9.150000 -0.000001
9.200000 -0.000014
9.250000 -0.000001
9.300000 -0.000014
9.350000 -0.000002
9.400000 -0.000014
9.450000 -0.000002
9.500000 -0.000014
9.550000 -0.000001
9.600000 -0.000012
9.650000 0.000001
9.700000 -0.000010
9.750000 0.000004
9.800000 -0.000007
9.850000 0.000006
9.900000 -0.000005
9.950000 0.000007
10.000000 -0.000005
10.050000 0.000007
10.100000 -0.000006
10.150000 0.000006
10.200000 -0.000007
10.250000 0.000004
10.300000 -0.000009
10.350000 0.000003
10.400000 -0.000010
10.450000 0.000002
10.500000 -0.000010
10.550000 0.000003
10.600000 -0.000008
10.650000 0.000005
10.700000 -0.000006
10.750000 0.000007
10.800000 -0.000004
10.850000 0.000009
10.900000 -0.000003
10.950000 0.000009
11.000000 -0.000003
11.050000 0.000008
11.100000 -0.000005
11.150000 0.000006
11.200000 -0.000007
11.250000 0.000004
11.300000 -0.000009
11.350000 0.000003
11.400000 -0.000010
11.450000 0.000003
11.500000 -0.000009
11.550000 0.000004
11.600000 -0.000007
11.650000 0.000006
11.700000 -0.000005
11.750000 0.000008
11.800000 -0.000003
11.850000 0.000009
11.900000 -0.000003
11.950000 0.000009
12.000000 -0.000003
12.050000 0.000008
12.100000 -0.000005
12.150000 0.000006
12.200000 -0.000007
12.250000 0.000004
12.300000 -0.000009
12.350000 0.000003
12.400000 -0.000010
12.450000 0.000003
12.500000 -0.000009
12.550000 0.000004
12.600000 -0.000007
12.650000 0.000006
12.700000 -0.000004
12.750000 0.000009
12.800000 -0.000003
12.850000 0.000010
12.900000 -0.000002
12.950000 0.000009
13.000000 -0.000003
13.050000 0.000008
13.100000 -0.000005
13.150000 0.000005
13.200000 -0.000008
13.250000 0.000003
13.300000 -0.000009
13.350000 0.000002
13.400000 -0.000010
13.450000 0.000003
13.500000 -0.000008
13.550000 0.000004
13.600000 -0.000006
13.650000 0.000007
13.700000 -0.000004
13.750000 0.000009
13.800000 -0.000002
13.850000 0.000010
13.900000 -0.000002
13.950000 0.000009
14.000000 -0.000003
14.050000 0.000007
14.100000 -0.000005
14.150000 0.000005
14.200000 -0.000008
14.250000 0.000003
14.300000 -0.000010
14.350000 0.000002
14.400000 -0.000010
14.450000 0.000002
14.500000 -0.000008
14.550000 0.000004
14.600000 -0.000006
14.650000 0.000007
14.700000 -0.000003
14.750000 0.000009
14.800000 -0.000002
14.850000 0.000010
14.900000 -0.000002
14.950000 0.000009
15.000000 -0.000003
15.050000 0.000007
15.100000 -0.000005
15.150000 0.000005
15.200000 -0.000008
15.250000 0.000002
15.300000 -0.000010
15.350000 0.000001
15.400000 -0.000010
15.450000 0.000002
15.500000 -0.000008
15.550000 0.000004
15.600000 -0.000006
15.650000 0.000007
15.700000 -0.000003
15.750000 0.000009
15.800000 -0.000001
15.850000 0.000010
15.900000 -0.000001
15.950000 0.000009
16.000000 -0.000002
16.050000 0.000007
16.100000 -0.000005
16.150000 0.000004
16.200000 -0.000008
16.250000 0.000002
16.300000 -0.000010
16.350000 0.000001
16.400000 -0.000010
16.450000 0.000001
16.500000 -0.000009
16.550000 0.000003
16.600000 -0.000006
16.650000 0.000006
16.700000 -0.000003
16.750000 0.000009
16.800000 -0.000001
16.850000 0.000010
16.900000 -0.000001
16.950000 0.000010
17.000000 -0.000002
17.050000 0.000008
17.100000 -0.000004
17.150000 0.000005
17.200000 -0.000007
17.250000 0.000002
17.300000 -0.000009
17.350000 0.000000
17.400000 -0.000010
17.450000 0.000001
17.500000 -0.000009
17.550000 0.000002
17.600000 -0.000006
17.650000 0.000005
17.700000 -0.000003
17.750000 0.000008
17.800000 -0.000001
17.850000 0.000010
17.900000 0.000000
17.950000 0.000010
18.000000 -0.000001
18.050000 0.000008
18.100000 -0.000003
18.150000 0.000005
18.200000 -0.000006
18.250000 0.000002
18.300000 -0.000009
18.350000 0.000000
18.400000 -0.000010
18.450000 -0.000000
18.500000 -0.000009
18.550000 0.000001
18.600000 -0.000007
18.650000 0.000004
18.700000 -0.000004
18.750000 0.000007
18.800000 -0.000001
18.850000 0.000010
18.900000 0.000000
18.950000 0.000010
19.000000 0.000000
19.050000 0.000009
19.100000 -0.000002
19.150000 0.000006
19.200000 -0.000005
19.250000 0.000003
19.300000 -0.000008
19.350000 0.000000
19.400000 -0.000010
19.450000 -0.000001
19.500000 -0.000010
19.550000 0.000000
19.600000 -0.000008
19.650000 0.000003
19.700000 -0.000005
19.750000 0.000006
19.800000 -0.000002
19.850000 0.000009
19.900000 0.000001
19.950000 0.000010
20.000000 0.000001
20.050000 0.000010
20.100000 -0.000000
20.150000 0.000007
20.200000 -0.000003
20.250000 0.000004
20.300000 -0.000007
20.350000 0.000001
20.400000 -0.000009
20.450000 -0.000001
20.500000 -0.000011
20.550000 -0.000001
20.600000 -0.000010
20.650000 0.000001
20.700000 -0.000007
20.750000 0.000004
20.800000 -0.000003
20.850000 0.000008
20.900000 0.000000
20.950000 0.000010
21.000000 0.000002
21.050000 0.000011
21.100000 0.000001
21.150000 0.000009
21.200000 -0.000001
21.250000 0.000006
21.300000 -0.000005
21.350000 0.000002
21.400000 -0.000008
21.450000 -0.000001
21.500000 -0.000010
21.550000 -0.000002
21.600000 -0.000010
21.650000 -0.000001
21.700000 -0.000009
21.750000 0.000002
21.800000 -0.000005
21.850000 0.000005
21.900000 -0.000001
21.950000 0.000009
22.000000 0.000002
22.050000 0.000011
22.100000 0.000003
22.150000 0.000010
22.200000 0.000001
22.250000 0.000008
22.300000 -0.000002
22.350000 0.000004
22.400000 -0.000006
22.450000 0.000000
22.500000 -0.000009
22.550000 -0.000002
22.600000 -0.000011
22.650000 -0.000003
22.700000 -0.000010
22.750000 -0.000001
22.800000 -0.000008
22.850000 0.000002
22.900000 -0.000004
22.950000 0.000006
23.000000 0.000000
23.050000 0.000010
23.100000 0.000003
23.150000 0.000011
23.200000 0.000003
23.250000 0.000010
23.300000 0.000001
23.350000 0.000007
23.400000 -0.000002
23.450000 0.000003
23.500000 -0.000007
23.550000 -0.000001
23.600000 -0.000010
23.650000 -0.000003
23.700000 -0.000011
23.750000 -0.000003
23.800000 -0.000010
23.850000 -0.000001
23.900000 -0.000007
23.950000 0.000003
24.000000 -0.000003
24.050000 0.000007
24.100000 0.000001
24.150000 0.000010
24.200000 0.000004
24.250000 0.000011
24.300000 0.000004
24.350000 0.000010
24.400000 0.000001
24.450000 0.000007
24.500000 -0.000003
24.550000 0.000002
24.600000 -0.000007
24.650000 -0.000002
24.700000 -0.000010
24.750000 -0.000004
24.800000 -0.000011
24.850000 -0.000004
24.900000 -0.000010
24.950000 -0.000002
25.000000 -0.000007
25.050000 0.000002
25.100000 -0.000002
25.150000 0.000007
25.200000 0.000002
25.250000 0.000010
25.300000 0.000005
25.350000 0.000012
25.400000 0.000005
25.450000 0.000010
25.500000 0.000002
25.550000 0.000007
25.600000 -0.000002
25.650000 0.000002
25.700000 -0.000007
25.750000 -0.000002
25.800000 -0.000011
25.850000 -0.000005
25.900000 -0.000012
25.950000 -0.000005
26.000000 -0.000011
26.050000 -0.000002
26.100000 -0.000007
26.150000 0.000002
26.200000 -0.000002
26.250000 0.000007
26.300000 0.000002
26.350000 0.000010
26.400000 0.000005
26.450000 0.000012
26.500000 0.000006
26.550000 0.000011
26.600000 0.000003
26.650000 0.000007
26.700000 -0.000001
26.750000 0.000003
26.800000 -0.000006
26.850000 -0.000002
26.900000 -0.000010
26.950000 -0.000006
27.000000 -0.000012
27.050000 -0.000006
27.100000 -0.000011
27.150000 -0.000004
27.200000 -0.000008
27.250000 0.000000
27.300000 -0.000003
27.350000 0.000006
27.400000 0.000002
27.450000 0.000010
27.500000 0.000006
27.550000 0.000012
27.600000 0.000007
27.650000 0.000012
27.700000 0.000005
27.750000 0.000009
27.800000 0.000001
27.850000 0.000004
27.900000 -0.000005
27.950000 -0.000002
28.000000 -0.000009
28.050000 -0.000006
28.100000 -0.000012
28.150000 -0.000007
28.200000 -0.000012
28.250000 -0.000006
28.300000 -0.000010
28.350000 -0.000002
28.400000 -0.000005
28.450000 0.000003
28.500000 0.000001
28.550000 0.000009
28.600000 0.000006
28.650000 0.000012
28.700000 0.000008
28.750000 0.000013
28.800000 0.000007
28.850000 0.000010
28.900000 0.000003
28.950000 0.000006
29.000000 -0.000002
29.050000 0.000000
29.100000 -0.000008
29.150000 -0.000005
29.200000 -0.000012
29.250000 -0.000008
29.300000 -0.000013
29.350000 -0.000008
29.400000 -0.000011
29.450000 -0.000005
29.500000 -0.000007
29.550000 0.000000
29.600000 -0.000001
29.650000 0.000006
29.700000 0.000004
29.750000 0.000011
29.800000 0.000008
29.850000 0.000013
29.900000 0.000009
29.950000 0.000013
30.000000 0.000007
30.050000 0.000009
30.100000 0.000002
30.150000 0.000003
30.200000 -0.000004
30.250000 -0.000003
30.300000 -0.000010
30.350000 -0.000008
30.400000 -0.000013
30.450000 -0.000010
30.500000 -0.000013
30.550000 -0.000008
30.600000 -0.000010
30.650000 -0.000004
30.700000 -0.000005
30.750000 0.000002
30.800000 0.000001
30.850000 0.000008
30.900000 0.000007
30.950000 0.000012
31.000000 0.000010
31.050000 0.000014
31.100000 0.000010
31.150000 0.000012
31.200000 0.000007
31.250000 0.000007
31.300000 0.000001
31.350000 0.000001
31.400000 -0.000006
31.450000 -0.000005
31.500000 -0.000011
31.550000 -0.000010
31.600000 -0.000014
31.650000 -0.000011
31.700000 -0.000014
31.750000 -0.000009
31.800000 -0.000010
31.850000 -0.000004
31.900000 -0.000004
31.950000 0.000003
32.000000 0.000003
32.050000 0.000009
32.100000 0.000009
32.150000 0.000013
32.200000 0.000011
32.250000 0.000014
32.300000 0.000011
32.350000 0.000012
32.400000 0.000007
32.450000 0.000007
32.500000 0.000001
32.550000 -0.000000
32.600000 -0.000006
32.650000 -0.000007
32.700000 -0.000012
32.750000 -0.000011
32.800000 -0.000015
32.850000 -0.000012
32.900000 -0.000014
32.950000 -0.000010
33.000000 -0.000010
33.050000 -0.000004
33.100000 -0.000003
33.150000 0.000003
33.200000 0.000004
33.250000 0.000009
33.300000 0.000010
33.350000 0.000014
33.400000 0.000013
33.450000 0.000015
33.500000 0.000012
33.550000 0.000013
33.600000 0.000008
33.650000 0.000007
33.700000 0.000002
33.750000 -0.000000
33.800000 -0.000006
33.850000 -0.000007
33.900000 -0.000012
33.950000 -0.000012
34.000000 -0.000015
34.050000 -0.000014
34.100000 -0.000015
34.150000 -0.000012
34.200000 -0.000011
34.250000 -0.000006
34.300000 -0.000004
34.350000 0.000001
34.400000 0.000004
34.450000 0.000009
34.500000 0.000010
34.550000 0.000014
34.600000 0.000014
34.650000 0.000016
34.700000 0.000015
34.750000 0.000014
34.800000 0.000011
34.850000 0.000009
34.900000 0.000004
34.950000 0.000001
35.000000 -0.000004
35.050000 -0.000007
35.100000 -0.000011
35.150000 -0.000013
35.200000 -0.000015
35.250000 -0.000016
35.300000 -0.000016
35.350000 -0.000014
35.400000 -0.000013
35.450000 -0.000010
35.500000 -0.000007
35.550000 -0.000002
35.600000 0.000001
35.650000 0.000006
35.700000 0.000009
35.750000 0.000013
35.800000 0.000015
35.850000 0.000017
35.900000 0.000017
35.950000 0.000016
36.000000 0.000014
36.050000 0.000012
36.100000 0.000008
36.150000 0.000005
36.200000 0.000000
36.250000 -0.000004
36.300000 -0.000008
36.350000 -0.000012
36.400000 -0.000015
36.450000 -0.000017
36.500000 -0.000018
36.550000 -0.000017
36.600000 -0.000016
36.650000 -0.000014
36.700000 -0.000011
36.750000 -0.000007
36.800000 -0.000003
36.850000 0.000001
36.900000 0.000006
36.950000 0.000010
37.000000 0.000013
37.050000 0.000016
37.100000 0.000018
37.150000 0.000018
37.200000 0.000018
37.250000 0.000016
37.300000 0.000014
37.350000 0.000010
37.400000 0.000007
37.450000 0.000002
37.500000 -0.000002
37.550000 -0.000008
37.600000 -0.000011
37.650000 -0.000015
37.700000 -0.000017
37.750000 -0.000019
37.800000 -0.000019
37.850000 -0.000019
37.900000 -0.000016
37.950000 -0.000014
38.000000 -0.000009
38.050000 -0.000006
38.100000 -0.000000
38.150000 0.000003
38.200000 0.000009
38.250000 0.000012
38.300000 0.000016
38.350000 0.000018
38.400000 0.000020
38.450000 0.000019
38.500000 0.000020
38.550000 0.000017
38.600000 0.000015
38.650000 0.000010
38.700000 0.000006
38.750000 0.000000
38.800000 -0.000003
38.850000 -0.000010
38.900000 -0.000013
38.950000 -0.000018
39.000000 -0.000019
39.050000 -0.000022
39.100000 -0.000020
39.150000 -0.000021
39.200000 -0.000017
39.250000 -0.000016
39.300000 -0.000010
39.350000 -0.000007
39.400000 -0.000000
39.450000 0.000003
39.500000 0.000010
39.550000 0.000013
39.600000 0.000018
39.650000 0.000019
39.700000 0.000022
39.750000 0.000021
39.800000 0.000022
39.850000 0.000018
39.900000 0.000017
39.950000 0.000011
40.000000 0.000008
40.050000 0.000001
40.100000 -0.000002
40.150000 -0.000009
40.200000 -0.000012
40.250000 -0.000018
40.300000 -0.000019
40.350000 -0.000024
40.400000 -0.000022
40.450000 -0.000024
40.500000 -0.000020
40.550000 -0.000019
40.600000 -0.000013
40.650000 -0.000010
40.700000 -0.000003
40.750000 0.000001
40.800000 0.000009
40.850000 0.000011
40.900000 0.000018
40.950000 0.000019
41.000000 0.000024
41.050000 0.000023
41.100000 0.000025
41.150000 0.000021
41.200000 0.000021
41.250000 0.000015
41.300000 0.000013
41.350000 0.000005
41.400000 0.000002
41.450000 -0.000006
41.500000 -0.000009
41.550000 -0.000017
41.600000 -0.000018
41.650000 -0.000024
41.700000 -0.000023
41.750000 -0.000027
41.800000 -0.000023
41.850000 -0.000025
41.900000 -0.000018
41.950000 -0.000017
42.000000 -0.000009
42.050000 -0.000006
42.100000 0.000003
42.150000 0.000006
42.200000 0.000015
42.250000 0.000016
42.300000 0.000024
42.350000 0.000023
42.400000 0.000028
42.450000 0.000025
42.500000 0.000027
42.550000 0.000021
42.600000 0.000021
42.650000 0.000013
42.700000 0.000011
42.750000 0.000001
42.800000 -0.000001
42.850000 -0.000011
42.900000 -0.000013
42.950000 -0.000022
43.000000 -0.000022
43.050000 -0.000029
43.100000 -0.000026
43.150000 -0.000030
43.200000 -0.000025
43.250000 -0.000026
43.300000 -0.000018
43.350000 -0.000016
43.400000 -0.000007
43.450000 -0.000004
43.500000 0.000006
43.550000 0.000009
43.600000 0.000019
43.650000 0.000020
43.700000 0.000028
43.750000 0.000026
43.800000 0.000032
43.850000 0.000027
43.900000 0.000030
43.950000 0.000022
44.000000 0.000023
44.050000 0.000013
44.100000 0.000011
44.150000 -0.000000
44.200000 -0.000003
44.250000 -0.000014
44.300000 -0.000016
44.350000 -0.000026
44.400000 -0.000027
44.450000 -0.000035
44.500000 -0.000033
44.550000 -0.000039
44.600000 -0.000034
44.650000 -0.000037
44.700000 -0.000030
44.750000 -0.000031
44.800000 -0.000021
44.850000 -0.000021
44.900000 -0.000011
44.950000 -0.000010
