-30.000000 0.000023
-29.950000 0.000021
-29.900000 0.000043
-29.850000 0.000039
-29.800000 0.000058
-29.750000 0.000051
-29.700000 0.000068
-29.650000 0.000059
-29.600000 0.000072
-29.550000 0.000060
-29.500000 0.000071
-29.450000 0.000056
-29.400000 0.000063
-29.350000 0.000046
-29.300000 0.000050
-29.250000 0.000030
-29.200000 0.000032
-29.150000 0.000010
-29.100000 0.000011
-29.050000 -0.000012
-29.000000 -0.000011
-28.950000 -0.000033
-28.900000 -0.000031
-28.850000 -0.000051
-28.800000 -0.000046
-28.750000 -0.000063
-28.700000 -0.000054
-28.650000 -0.000067
-28.600000 -0.000055
-28.550000 -0.000064
-28.500000 -0.000048
-28.450000 -0.000054
-28.400000 -0.000035
-28.350000 -0.000038
-28.300000 -0.000017
-28.250000 -0.000019
-28.200000 0.000003
-28.150000 0.000002
-28.100000 0.000023
-28.050000 0.000021
-28.000000 0.000041
-27.950000 0.000037
-27.900000 0.000055
-27.850000 0.000049
-27.800000 0.000064
-27.750000 0.000055
-27.700000 0.000067
-27.650000 0.000055
-27.600000 0.000064
-27.550000 0.000048
-27.500000 0.000054
-27.450000 0.000035
-27.400000 0.000038
-27.350000 0.000017
-27.300000 0.000018
-27.250000 -0.000004
-27.200000 -0.000004
-27.150000 -0.000026
-27.100000 -0.000025
-27.050000 -0.000047
-27.000000 -0.000044
-26.950000 -0.000062
-26.900000 -0.000056
-26.850000 -0.000071
-26.800000 -0.000062
-26.750000 -0.000072
-26.700000 -0.000059
-26.650000 -0.000066
-26.600000 -0.000049
-26.550000 -0.000053
-26.500000 -0.000033
-26.450000 -0.000035
-26.400000 -0.000014
-26.350000 -0.000014
-26.300000 0.000007
-26.250000 0.000007
-26.200000 0.000028
-26.150000 0.000026
-26.100000 0.000046
-26.050000 0.000043
-26.000000 0.000061
-25.950000 0.000055
-25.900000 0.000070
-25.850000 0.000062
-25.800000 0.000073
-25.750000 0.000062
-25.700000 0.000070
-25.650000 0.000054
-25.600000 0.000059
-25.550000 0.000041
-25.500000 0.000042
-25.450000 0.000021
-25.400000 0.000021
-25.350000 -0.000002
-25.300000 -0.000003
-25.250000 -0.000025
-25.200000 -0.000026
-25.150000 -0.000047
-25.100000 -0.000046
-25.050000 -0.000064
-25.000000 -0.000060
-24.950000 -0.000075
-24.900000 -0.000067
-24.850000 -0.000078
-24.800000 -0.000066
-24.750000 -0.000074
-24.700000 -0.000058
-24.650000 -0.000062
-24.600000 -0.000044
-24.550000 -0.000046
-24.500000 -0.000026
-24.450000 -0.000026
-24.400000 -0.000005
-24.350000 -0.000004
-24.300000 0.000017
-24.250000 0.000017
-24.200000 0.000038
-24.150000 0.000037
-24.100000 0.000056
-24.050000 0.000054
-24.000000 0.000071
-23.950000 0.000065
-23.900000 0.000079
-23.850000 0.000071
-23.800000 0.000081
-23.750000 0.000069
-23.700000 0.000075
-23.650000 0.000059
-23.600000 0.000061
-23.550000 0.000042
-23.500000 0.000041
-23.450000 0.000020
-23.400000 0.000018
-23.350000 -0.000005
-23.300000 -0.000008
-23.250000 -0.000030
-23.200000 -0.000031
-23.150000 -0.000052
-23.100000 -0.000051
-23.050000 -0.000069
-23.000000 -0.000065
-22.950000 -0.000079
-22.900000 -0.000072
-22.850000 -0.000083
-22.800000 -0.000072
-22.750000 -0.000080
-22.700000 -0.000066
-22.650000 -0.000070
-22.600000 -0.000054
-22.550000 -0.000055
-22.500000 -0.000036
-22.450000 -0.000036
-22.400000 -0.000016
-22.350000 -0.000014
-22.300000 0.000007
-22.250000 0.000010
-22.200000 0.000031
-22.150000 0.000033
-22.100000 0.000053
-22.050000 0.000054
-22.000000 0.000072
-21.950000 0.000070
-21.900000 0.000085
-21.850000 0.000079
-21.800000 0.000090
-21.750000 0.000080
-21.700000 0.000087
-21.650000 0.000073
-21.600000 0.000076
-21.550000 0.000059
-21.500000 0.000058
-21.450000 0.000038
-21.400000 0.000036
-21.350000 0.000014
-21.300000 0.000011
-21.250000 -0.000011
-21.200000 -0.000014
-21.150000 -0.000034
-21.100000 -0.000036
-21.050000 -0.000055
-21.000000 -0.000055
-20.950000 -0.000072
-20.900000 -0.000069
-20.850000 -0.000083
-20.800000 -0.000078
-20.750000 -0.000089
-20.700000 -0.000081
-20.650000 -0.000088
-20.600000 -0.000077
-20.550000 -0.000081
-20.500000 -0.000066
-20.450000 -0.000067
-20.400000 -0.000049
-20.350000 -0.000047
-20.300000 -0.000027
-20.250000 -0.000023
-20.200000 -0.000002
-20.150000 0.000003
-20.100000 0.000025
-20.050000 0.000030
-20.000000 0.000050
-19.950000 0.000053
-19.900000 0.000072
-19.850000 0.000072
-19.800000 0.000087
-19.750000 0.000084
-19.700000 0.000095
-19.650000 0.000088
-19.600000 0.000095
-19.550000 0.000084
-19.500000 0.000088
-19.450000 0.000074
-19.400000 0.000075
-19.350000 0.000058
-19.300000 0.000057
-19.250000 0.000039
-19.200000 0.000036
-19.150000 0.000016
-19.100000 0.000012
-19.050000 -0.000008
-19.000000 -0.000012
-18.950000 -0.000032
-18.900000 -0.000036
-18.850000 -0.000055
-18.800000 -0.000058
-18.750000 -0.000076
-18.700000 -0.000077
-18.650000 -0.000091
-18.600000 -0.000089
-18.550000 -0.000100
-18.500000 -0.000094
-18.450000 -0.000101
-18.400000 -0.000091
-18.350000 -0.000094
-18.300000 -0.000081
-18.250000 -0.000080
-18.200000 -0.000063
-18.150000 -0.000059
-18.100000 -0.000040
-18.050000 -0.000035
-18.000000 -0.000014
-17.950000 -0.000008
-17.900000 0.000012
-17.850000 0.000018
-17.800000 0.000037
-17.750000 0.000042
-17.700000 0.000059
-17.650000 0.000062
-17.600000 0.000078
-17.550000 0.000078
-17.500000 0.000091
-17.450000 0.000089
-17.400000 0.000099
-17.350000 0.000094
-17.300000 0.000102
-17.250000 0.000094
-17.200000 0.000098
-17.150000 0.000087
-17.100000 0.000088
-17.050000 0.000074
-17.000000 0.000071
-16.950000 0.000054
-16.900000 0.000049
-16.850000 0.000029
-16.800000 0.000022
-16.750000 0.000002
-16.700000 -0.000006
-16.650000 -0.000027
-16.600000 -0.000034
-16.550000 -0.000053
-16.500000 -0.000059
-16.450000 -0.000075
-16.400000 -0.000078
-16.350000 -0.000092
-16.300000 -0.000092
-16.250000 -0.000102
-16.200000 -0.000099
-16.150000 -0.000106
-16.100000 -0.000100
-16.050000 -0.000104
-16.000000 -0.000094
-15.950000 -0.000096
-15.900000 -0.000084
-15.850000 -0.000082
-15.800000 -0.000068
-15.750000 -0.000065
-15.700000 -0.000049
-15.650000 -0.000043
-15.600000 -0.000026
-15.550000 -0.000019
-15.500000 -0.000000
-15.450000 0.000008
-15.400000 0.000027
-15.350000 0.000035
-15.300000 0.000053
-15.250000 0.000060
-15.200000 0.000077
-15.150000 0.000082
-15.100000 0.000096
-15.050000 0.000098
-15.000000 0.000109
-14.950000 0.000107
-14.900000 0.000114
-14.850000 0.000109
-14.800000 0.000112
-14.750000 0.000103
-14.700000 0.000103
-14.650000 0.000091
-14.600000 0.000088
-14.550000 0.000075
-14.500000 0.000070
-14.450000 0.000055
-14.400000 0.000048
-14.350000 0.000032
-14.300000 0.000025
-14.250000 0.000008
-14.200000 0.000001
-14.150000 -0.000016
-14.100000 -0.000024
-14.050000 -0.000041
-14.000000 -0.000048
-13.950000 -0.000065
-13.900000 -0.000071
-13.850000 -0.000086
-13.800000 -0.000090
-13.750000 -0.000103
-13.700000 -0.000105
-13.650000 -0.000114
-13.600000 -0.000113
-13.550000 -0.000119
-13.500000 -0.000114
-13.450000 -0.000117
-13.400000 -0.000108
-13.350000 -0.000107
-13.300000 -0.000095
-13.250000 -0.000091
-13.200000 -0.000077
-13.150000 -0.000071
-13.100000 -0.000055
-13.050000 -0.000048
-13.000000 -0.000031
-12.950000 -0.000023
-12.900000 -0.000007
-12.850000 0.000001
-12.800000 0.000017
-12.750000 0.000025
-12.700000 0.000040
-12.650000 0.000047
-12.600000 0.000062
-12.550000 0.000068
-12.500000 0.000082
-12.450000 0.000087
-12.400000 0.000099
-12.350000 0.000102
-12.300000 0.000112
-12.250000 0.000113
-12.200000 0.000120
-12.150000 0.000118
-12.100000 0.000122
-12.050000 0.000116
-12.000000 0.000117
-11.950000 0.000108
-11.900000 0.000105
-11.850000 0.000094
-11.800000 0.000088
-11.750000 0.000074
-11.700000 0.000067
-11.650000 0.000052
-11.600000 0.000043
-11.550000 0.000028
-11.500000 0.000019
-11.450000 0.000003
-11.400000 -0.000005
-11.350000 -0.000020
-11.300000 -0.000028
-11.250000 -0.000042
-11.200000 -0.000049
-11.150000 -0.000062
-11.100000 -0.000069
-11.050000 -0.000081
-11.000000 -0.000086
-10.950000 -0.000097
-10.900000 -0.000100
-10.850000 -0.000110
-10.800000 -0.000112
-10.750000 -0.000119
-10.700000 -0.000119
-10.650000 -0.000123
-10.600000 -0.000120
-10.550000 -0.000121
-10.500000 -0.000115
-10.450000 -0.000113
-10.400000 -0.000104
-10.350000 -0.000100
-10.300000 -0.000088
-10.250000 -0.000082
-10.200000 -0.000069
-10.150000 -0.000061
-10.100000 -0.000047
-10.050000 -0.000038
-10.000000 -0.000025
-9.950000 -0.000016
-9.900000 -0.000003
-9.850000 0.000005
-9.800000 0.000018
-9.750000 0.000026
-9.700000 0.000038
-9.650000 0.000045
-9.600000 0.000057
-9.550000 0.000063
-9.500000 0.000074
-9.450000 0.000080
-9.400000 0.000090
-9.350000 0.000095
-9.300000 0.000104
-9.250000 0.000108
-9.200000 0.000114
-9.150000 0.000116
-9.100000 0.000120
-9.050000 0.000119
-9.000000 0.000121
-8.950000 0.000118
-8.900000 0.000117
-8.850000 0.000111
-8.800000 0.000107
-8.750000 0.000099
-8.700000 0.000094
-8.650000 0.000084
-8.600000 0.000078
-8.550000 0.000067
-8.500000 0.000061
-8.450000 0.000050
-8.400000 0.000043
-8.350000 0.000033
-8.300000 0.000026
-8.250000 0.000016
-8.200000 0.000009
-8.150000 -0.000001
-8.100000 -0.000008
-8.050000 -0.000019
-8.000000 -0.000026
-7.950000 -0.000036
-7.900000 -0.000044
-7.850000 -0.000054
-7.800000 -0.000061
-7.750000 -0.000071
-7.700000 -0.000078
-7.650000 -0.000086
-7.600000 -0.000091
-7.550000 -0.000098
-7.500000 -0.000101
-7.450000 -0.000105
-7.400000 -0.000106
-7.350000 -0.000108
-7.300000 -0.000107
-7.250000 -0.000108
-7.200000 -0.000105
-7.150000 -0.000104
-7.100000 -0.000099
-7.050000 -0.000098
-7.000000 -0.000093
-6.950000 -0.000090
-6.900000 -0.000085
-6.850000 -0.000082
-6.800000 -0.000077
-6.750000 -0.000074
-6.700000 -0.000069
-6.650000 -0.000065
-6.600000 -0.000059
-6.550000 -0.000055
-6.500000 -0.000048
-6.450000 -0.000042
-6.400000 -0.000035
-6.350000 -0.000029
-6.300000 -0.000020
-6.250000 -0.000013
-6.200000 -0.000004
-6.150000 0.000003
-6.100000 0.000011
-6.050000 0.000018
-6.000000 0.000025
-5.950000 0.000031
-5.900000 0.000037
-5.850000 0.000041
-5.800000 0.000045
-5.750000 0.000048
-5.700000 0.000051
-5.650000 0.000053
-5.600000 0.000055
-5.550000 0.000056
-5.500000 0.000058
-5.450000 0.000059
-5.400000 0.000061
-5.350000 0.000062
-5.300000 0.000064
-5.250000 0.000066
-5.200000 0.000068
-5.150000 0.000069
-5.100000 0.000071
-5.050000 0.000071
-5.000000 0.000072
-4.950000 0.000071
-4.900000 0.000071
-4.850000 0.000070
-4.800000 0.000068
-4.750000 0.000066
-4.700000 0.000064
-4.650000 0.000060
-4.600000 0.000058
-4.550000 0.000054
-4.500000 0.000051
-4.450000 0.000048
-4.400000 0.000046
-4.350000 0.000044
-4.300000 0.000042
-4.250000 0.000041
-4.200000 0.000041
-4.150000 0.000040
-4.100000 0.000041
-4.050000 0.000041
-4.000000 0.000042
-3.950000 0.000042
-3.900000 0.000042
-3.850000 0.000042
-3.800000 0.000042
-3.750000 0.000041
-3.700000 0.000040
-3.650000 0.000039
-3.600000 0.000038
-3.550000 0.000036
-3.500000 0.000035
-3.450000 0.000034
-3.400000 0.000033
-3.350000 0.000033
-3.300000 0.000033
-3.250000 0.000034
-3.200000 0.000035
-3.150000 0.000036
-3.100000 0.000038
-3.050000 0.000040
-3.000000 0.000041
-2.950000 0.000043
-2.900000 0.000043
-2.850000 0.000044
-2.800000 0.000043
-2.750000 0.000042
-2.700000 0.000039
-2.650000 0.000036
-2.600000 0.000032
-2.550000 0.000027
-2.500000 0.000021
-2.450000 0.000014
-2.400000 0.000007
-2.350000 -0.000002
-2.300000 -0.000011
-2.250000 -0.000021
-2.200000 -0.000033
-2.150000 -0.000045
-2.100000 -0.000059
-2.050000 -0.000074
-2.000000 -0.000092
-1.950000 -0.000111
-1.900000 -0.000134
-1.850000 -0.000158
-1.800000 -0.000187
-1.750000 -0.000219
-1.700000 -0.000256
-1.650000 -0.000297
-1.600000 -0.000344
-1.550000 -0.000396
-1.500000 -0.000455
-1.450000 -0.000519
-1.400000 -0.000591
-1.350000 -0.000669
-1.300000 -0.000757
-1.250000 -0.000853
-1.200000 -0.000959
-1.150000 -0.001075
-1.100000 -0.001204
-1.050000 -0.001345
-1.000000 -0.001502
-0.950000 -0.001674
-0.900000 -0.001865
-0.850000 -0.002075
-0.800000 -0.002310
-0.750000 -0.002567
-0.700000 -0.002854
-0.650000 -0.003170
-0.600000 -0.003521
-0.550000 -0.003907
-0.500000 -0.004336
-0.450000 -0.004809
-0.400000 -0.005332
-0.350000 -0.005909
-0.300000 -0.006547
-0.250000 -0.007250
-0.200000 -0.008028
-0.150000 -0.008885
-0.100000 -0.009832
-0.050000 -0.010876
0.000000 -0.012029
0.050000 -0.013301
0.100000 -0.014707
0.150000 -0.016257
0.200000 -0.017970
0.250000 -0.019859
0.300000 -0.021946
0.350000 -0.024249
0.400000 -0.026792
0.450000 -0.029597
0.500000 -0.032694
0.550000 -0.036109
0.600000 -0.039878
0.650000 -0.044032
0.700000 -0.048614
0.750000 -0.053662
0.800000 -0.059228
0.850000 -0.065356
0.900000 -0.072107
0.950000 -0.079537
1.000000 -0.087715
1.050000 -0.096709
1.100000 -0.106600
1.150000 -0.117468
1.200000 -0.129407
1.250000 -0.142510
1.300000 -0.156887
1.350000 -0.172643
1.400000 -0.189902
1.450000 -0.208784
1.500000 -0.229428
1.550000 -0.251965
1.600000 -0.276546
1.650000 -0.303313
1.700000 -0.332421
1.750000 -0.364019
1.800000 -0.398261
1.850000 -0.435288
1.900000 -0.475245
1.950000 -0.518252
2.000000 -0.564425
2.050000 -0.613843
2.100000 -0.666572
2.150000 -0.722625
2.200000 -0.781986
2.250000 -0.844572
2.300000 -0.910253
2.350000 -0.978815
2.400000 -1.049980
2.450000 -1.123370
2.500000 -1.198532
2.550000 -1.274901
2.600000 -1.351834
2.650000 -1.428576
2.700000 -1.504304
2.750000 -1.578103
2.800000 -1.649013
2.850000 -1.716018
2.900000 -1.778108
2.950000 -1.834267
3.000000 -1.883544
3.050000 -1.925050
3.100000 -1.958023
3.150000 -1.981824
3.200000 -1.995996
3.250000 -2.000251
3.300000 -1.994511
3.350000 -1.978883
3.400000 -1.953685
3.450000 -1.919399
3.500000 -1.876688
3.550000 -1.826332
3.600000 -1.769233
3.650000 -1.706353
3.700000 -1.638708
3.750000 -1.567310
3.800000 -1.493170
3.850000 -1.417239
3.900000 -1.340422
3.950000 -1.263529
4.000000 -1.187303
4.050000 -1.112371
4.100000 -1.039285
4.150000 -0.968484
4.200000 -0.900334
4.250000 -0.835098
4.300000 -0.772984
4.350000 -0.714108
4.400000 -0.658549
4.450000 -0.606312
4.500000 -0.557382
4.550000 -0.511686
4.600000 -0.469143
4.650000 -0.429631
4.700000 -0.393032
4.750000 -0.359195
4.800000 -0.327984
4.850000 -0.299236
4.900000 -0.272810
4.950000 -0.248545
5.000000 -0.226303
5.050000 -0.205931
5.100000 -0.187302
5.150000 -0.170274
5.200000 -0.154732
5.250000 -0.140550
5.300000 -0.127627
5.350000 -0.115850
5.400000 -0.105134
5.450000 -0.095379
5.500000 -0.086513
5.550000 -0.078449
5.600000 -0.071128
5.650000 -0.064473
5.700000 -0.058437
5.750000 -0.052954
5.800000 -0.047985
5.850000 -0.043472
5.900000 -0.039385
5.950000 -0.035674
6.000000 -0.032316
6.050000 -0.029266
6.100000 -0.026509
6.150000 -0.024003
6.200000 -0.021740
6.250000 -0.019682
6.300000 -0.017824
6.350000 -0.016134
6.400000 -0.014610
6.450000 -0.013222
6.500000 -0.011971
6.550000 -0.010832
6.600000 -0.009806
6.650000 -0.008871
6.700000 -0.008031
6.750000 -0.007263
6.800000 -0.006576
6.850000 -0.005947
6.900000 -0.005385
6.950000 -0.004870
7.000000 -0.004412
7.050000 -0.003990
7.100000 -0.003617
7.150000 -0.003272
7.200000 -0.002967
7.250000 -0.002684
7.300000 -0.002435
7.350000 -0.002202
7.400000 -0.001998
7.450000 -0.001806
7.500000 -0.001638
7.550000 -0.001478
7.600000 -0.001341
7.650000 -0.001208
7.700000 -0.001095
7.750000 -0.000985
7.800000 -0.000893
7.850000 -0.000802
7.900000 -0.000727
7.950000 -0.000653
8.000000 -0.000593
8.050000 -0.000532
8.100000 -0.000486
8.150000 -0.000436
8.200000 -0.000400
8.250000 -0.000360
8.300000 -0.000332
8.350000 -0.000298
8.400000 -0.000277
8.450000 -0.000248
8.500000 -0.000231
8.550000 -0.000206
8.600000 -0.000192
8.650000 -0.000170
8.700000 -0.000158
8.750000 -0.000137
8.800000 -0.000127
8.850000 -0.000109
8.900000 -0.000101
8.950000 -0.000084
9.000000 -0.000078
9.050000 -0.000064
9.100000 -0.000061
9.150000 -0.000049
9.200000 -0.000048
9.250000 -0.000039
9.300000 -0.000040
9.350000 -0.000033
9.400000 -0.000037
9.450000 -0.000031
9.500000 -0.000035
9.550000 -0.000030
9.600000 -0.000034
9.650000 -0.000028
9.700000 -0.000032
9.750000 -0.000025
9.800000 -0.000028
9.850000 -0.000020
9.900000 -0.000022
9.950000 -0.000013
10.000000 -0.000015
10.050000 -0.000006
10.100000 -0.000008
10.150000 0.000000
10.200000 -0.000003
10.250000 0.000005
10.300000 0.000000
10.350000 0.000007
10.400000 0.000001
10.450000 0.000005
10.500000 -0.000002
10.550000 0.000002
10.600000 -0.000006
10.650000 -0.000002
10.700000 -0.000010
10.750000 -0.000006
10.800000 -0.000013
10.850000 -0.000008
10.900000 -0.000014
10.950000 -0.000008
11.000000 -0.000013
11.050000 -0.000006
11.100000 -0.000009
11.150000 -0.000001
11.200000 -0.000004
11.250000 0.000005
11.300000 0.000001
11.350000 0.000010
11.400000 0.000005
11.450000 0.000013
11.500000 0.000007
11.550000 0.000013
11.600000 0.000005
11.650000 0.000010
11.700000 0.000001
11.750000 0.000005
11.800000 -0.000004
11.850000 -0.000001
11.900000 -0.000010
11.950000 -0.000005
12.000000 -0.000013
12.050000 -0.000007
12.100000 -0.000014
12.150000 -0.000006
12.200000 -0.000012
12.250000 -0.000003
12.300000 -0.000007
12.350000 0.000002
12.400000 -0.000002
12.450000 0.000007
12.500000 0.000003
12.550000 0.000012
12.600000 0.000006
12.650000 0.000014
12.700000 0.000007
12.750000 0.000013
12.800000 0.000005
12.850000 0.000010
12.900000 0.000000
12.950000 0.000005
13.000000 -0.000005
13.050000 -0.000000
13.100000 -0.000010
13.150000 -0.000005
13.200000 -0.000014
13.250000 -0.000007
13.300000 -0.000015
13.350000 -0.000007
13.400000 -0.000013
13.450000 -0.000003
13.500000 -0.000008
13.550000 0.000002
13.600000 -0.000002
13.650000 0.000008
13.700000 0.000003
13.750000 0.000013
13.800000 0.000007
13.850000 0.000015
13.900000 0.000008
13.950000 0.000014
14.000000 0.000005
14.050000 0.000010
14.100000 -0.000000
14.150000 0.000005
14.200000 -0.000006
14.250000 -0.000001
14.300000 -0.000011
14.350000 -0.000005
14.400000 -0.000015
14.450000 -0.000007
14.500000 -0.000015
14.550000 -0.000006
14.600000 -0.000013
14.650000 -0.000003
14.700000 -0.000008
14.750000 0.000003
14.800000 -0.000003
14.850000 0.000009
14.900000 0.000003
14.950000 0.000013
15.000000 0.000006
15.050000 0.000016
15.100000 0.000007
15.150000 0.000015
15.200000 0.000005
15.250000 0.000012
15.300000 0.000001
15.350000 0.000006
15.400000 -0.000005
15.450000 0.000000
15.500000 -0.000011
15.550000 -0.000005
15.600000 -0.000016
15.650000 -0.000008
15.700000 -0.000017
15.750000 -0.000008
15.800000 -0.000015
15.850000 -0.000004
15.900000 -0.000010
15.950000 0.000002
16.000000 -0.000004
16.050000 0.000009
16.100000 0.000003
16.150000 0.000014
16.200000 0.000007
16.250000 0.000017
16.300000 0.000008
16.350000 0.000017
16.400000 0.000006
16.450000 0.000013
16.500000 0.000001
16.550000 0.000008
16.600000 -0.000005
16.650000 0.000001
16.700000 -0.000011
16.750000 -0.000004
16.800000 -0.000015
16.850000 -0.000007
16.900000 -0.000017
16.950000 -0.000008
17.000000 -0.000016
17.050000 -0.000005
17.100000 -0.000012
17.150000 0.000000
17.200000 -0.000006
17.250000 0.000007
17.300000 0.000000
17.350000 0.000013
17.400000 0.000006
17.450000 0.000017
17.500000 0.000008
17.550000 0.000018
17.600000 0.000008
17.650000 0.000016
17.700000 0.000004
17.750000 0.000011
17.800000 -0.000002
17.850000 0.000004
17.900000 -0.000009
17.950000 -0.000003
18.000000 -0.000015
18.050000 -0.000007
18.100000 -0.000019
18.150000 -0.000009
18.200000 -0.000019
18.250000 -0.000007
18.300000 -0.000015
18.350000 -0.000002
18.400000 -0.000009
18.450000 0.000005
18.500000 -0.000002
18.550000 0.000012
18.600000 0.000004
18.650000 0.000017
18.700000 0.000008
18.750000 0.000019
18.800000 0.000009
18.850000 0.000018
18.900000 0.000006
18.950000 0.000014
19.000000 0.000001
19.050000 0.000008
19.100000 -0.000006
19.150000 0.000001
19.200000 -0.000013
19.250000 -0.000005
19.300000 -0.000018
19.350000 -0.000009
19.400000 -0.000020
19.450000 -0.000009
19.500000 -0.000019
19.550000 -0.000006
19.600000 -0.000014
19.650000 0.000000
19.700000 -0.000007
19.750000 0.000008
19.800000 0.000001
19.850000 0.000015
19.900000 0.000007
19.950000 0.000020
20.000000 0.000010
20.050000 0.000021
20.100000 0.000009
20.150000 0.000018
20.200000 0.000005
20.250000 0.000013
20.300000 -0.000002
20.350000 0.000005
20.400000 -0.000010
20.450000 -0.000002
20.500000 -0.000016
20.550000 -0.000007
20.600000 -0.000020
20.650000 -0.000010
20.700000 -0.000021
20.750000 -0.000008
20.800000 -0.000018
20.850000 -0.000004
20.900000 -0.000012
20.950000 0.000003
21.000000 -0.000005
21.050000 0.000010
21.100000 0.000002
21.150000 0.000016
21.200000 0.000008
21.250000 0.000021
21.300000 0.000010
21.350000 0.000021
21.400000 0.000009
21.450000 0.000019
21.500000 0.000004
21.550000 0.000012
21.600000 -0.000003
21.650000 0.000005
21.700000 -0.000011
21.750000 -0.000003
21.800000 -0.000018
21.850000 -0.000009
21.900000 -0.000022
21.950000 -0.000011
22.000000 -0.000022
22.050000 -0.000009
22.100000 -0.000019
22.150000 -0.000004
22.200000 -0.000012
22.250000 0.000004
22.300000 -0.000004
22.350000 0.000012
22.400000 0.000004
22.450000 0.000019
22.500000 0.000009
22.550000 0.000022
22.600000 0.000011
22.650000 0.000022
22.700000 0.000009
22.750000 0.000018
22.800000 0.000004
22.850000 0.000012
22.900000 -0.000004
22.950000 0.000004
23.000000 -0.000012
23.050000 -0.000004
23.100000 -0.000018
23.150000 -0.000009
23.200000 -0.000023
23.250000 -0.000011
23.300000 -0.000023
23.350000 -0.000010
23.400000 -0.000020
23.450000 -0.000005
23.500000 -0.000013
23.550000 0.000003
23.600000 -0.000005
23.650000 0.000011
23.700000 0.000004
23.750000 0.000019
23.800000 0.000010
23.850000 0.000024
23.900000 0.000013
23.950000 0.000024
24.000000 0.000011
24.050000 0.000021
24.100000 0.000005
24.150000 0.000014
24.200000 -0.000003
24.250000 0.000005
24.300000 -0.000012
24.350000 -0.000004
24.400000 -0.000019
24.450000 -0.000010
24.500000 -0.000024
24.550000 -0.000013
24.600000 -0.000025
24.650000 -0.000011
24.700000 -0.000021
24.750000 -0.000006
24.800000 -0.000014
24.850000 0.000002
24.900000 -0.000006
24.950000 0.000010
25.000000 0.000002
25.050000 0.000018
25.100000 0.000009
25.150000 0.000023
25.200000 0.000013
25.250000 0.000025
25.300000 0.000012
25.350000 0.000023
25.400000 0.000008
25.450000 0.000017
25.500000 0.000001
25.550000 0.000009
25.600000 -0.000009
25.650000 -0.000001
25.700000 -0.000017
25.750000 -0.000009
25.800000 -0.000024
25.850000 -0.000014
25.900000 -0.000027
25.950000 -0.000014
26.000000 -0.000025
26.050000 -0.000010
26.100000 -0.000019
26.150000 -0.000002
26.200000 -0.000010
26.250000 0.000008
26.300000 -0.000000
26.350000 0.000017
26.400000 0.000008
26.450000 0.000024
26.500000 0.000013
26.550000 0.000027
26.600000 0.000014
26.650000 0.000026
26.700000 0.000011
26.750000 0.000020
26.800000 0.000004
26.850000 0.000012
26.900000 -0.000005
26.950000 0.000003
27.000000 -0.000014
27.050000 -0.000006
27.100000 -0.000022
27.150000 -0.000012
27.200000 -0.000026
27.250000 -0.000015
27.300000 -0.000027
27.350000 -0.000013
27.400000 -0.000024
27.450000 -0.000008
27.500000 -0.000017
27.550000 0.000001
27.600000 -0.000007
27.650000 0.000011
27.700000 0.000003
27.750000 0.000020
27.800000 0.000011
27.850000 0.000027
27.900000 0.000016
27.950000 0.000029
28.000000 0.000016
28.050000 0.000027
28.100000 0.000011
28.150000 0.000020
28.200000 0.000002
28.250000 0.000010
28.300000 -0.000008
28.350000 -0.000001
28.400000 -0.000018
28.450000 -0.000010
28.500000 -0.000026
28.550000 -0.000015
28.600000 -0.000029
28.650000 -0.000016
28.700000 -0.000028
28.750000 -0.000013
28.800000 -0.000023
28.850000 -0.000006
28.900000 -0.000014
28.950000 0.000004
29.000000 -0.000004
29.050000 0.000014
29.100000 0.000005
29.150000 0.000022
29.200000 0.000013
29.250000 0.000028
29.300000 0.000017
29.350000 0.000030
29.400000 0.000016
29.450000 0.000027
29.500000 0.000011
29.550000 0.000020
29.600000 0.000002
29.650000 0.000010
29.700000 -0.000009
29.750000 -0.000001
29.800000 -0.000020
29.850000 -0.000011
29.900000 -0.000028
29.950000 -0.000017
30.000000 -0.000032
30.050000 -0.000019
30.100000 -0.000030
30.150000 -0.000015
30.200000 -0.000024
30.250000 -0.000007
30.300000 -0.000015
30.350000 0.000004
30.400000 -0.000003
30.450000 0.000015
30.500000 0.000007
30.550000 0.000024
30.600000 0.000015
30.650000 0.000030
30.700000 0.000018
30.750000 0.000031
30.800000 0.000017
30.850000 0.000028
30.900000 0.000012
30.950000 0.000021
31.000000 0.000003
31.050000 0.000011
31.100000 -0.000008
31.150000 0.000000
31.200000 -0.000018
31.250000 -0.000010
31.300000 -0.000027
31.350000 -0.000017
31.400000 -0.000032
31.450000 -0.000020
31.500000 -0.000033
31.550000 -0.000018
31.600000 -0.000028
31.650000 -0.000011
31.700000 -0.000019
31.750000 0.000000
31.800000 -0.000007
31.850000 0.000012
31.900000 0.000005
31.950000 0.000024
32.000000 0.000015
32.050000 0.000032
32.100000 0.000020
32.150000 0.000035
32.200000 0.000021
32.250000 0.000032
32.300000 0.000016
32.350000 0.000025
32.400000 0.000007
32.450000 0.000015
32.500000 -0.000005
32.550000 0.000003
32.600000 -0.000016
32.650000 -0.000008
32.700000 -0.000026
32.750000 -0.000016
32.800000 -0.000033
32.850000 -0.000021
32.900000 -0.000034
32.950000 -0.000020
33.000000 -0.000032
33.050000 -0.000015
33.100000 -0.000024
33.150000 -0.000006
33.200000 -0.000013
33.250000 0.000006
33.300000 -0.000001
33.350000 0.000018
33.400000 0.000011
33.450000 0.000029
33.500000 0.000019
33.550000 0.000036
33.600000 0.000023
33.650000 0.000037
33.700000 0.000022
33.750000 0.000032
33.800000 0.000015
33.850000 0.000023
33.900000 0.000004
33.950000 0.000011
34.000000 -0.000010
34.050000 -0.000002
34.100000 -0.000022
34.150000 -0.000014
34.200000 -0.000032
34.250000 -0.000021
34.300000 -0.000037
34.350000 -0.000024
34.400000 -0.000037
34.450000 -0.000021
34.500000 -0.000031
34.550000 -0.000013
34.600000 -0.000022
34.650000 -0.000002
34.700000 -0.000010
34.750000 0.000010
34.800000 0.000003
34.850000 0.000022
34.900000 0.000014
34.950000 0.000032
35.000000 0.000022
35.050000 0.000038
35.100000 0.000025
35.150000 0.000038
35.200000 0.000022
35.250000 0.000033
35.300000 0.000015
35.350000 0.000023
35.400000 0.000003
35.450000 0.000010
35.500000 -0.000011
35.550000 -0.000004
35.600000 -0.000024
35.650000 -0.000016
35.700000 -0.000035
35.750000 -0.000024
35.800000 -0.000040
35.850000 -0.000027
35.900000 -0.000040
35.950000 -0.000023
36.000000 -0.000034
36.050000 -0.000015
36.100000 -0.000023
36.150000 -0.000002
36.200000 -0.000010
36.250000 0.000011
36.300000 0.000004
36.350000 0.000024
36.400000 0.000015
36.450000 0.000034
36.500000 0.000023
36.550000 0.000040
36.600000 0.000026
36.650000 0.000040
36.700000 0.000024
36.750000 0.000035
36.800000 0.000017
36.850000 0.000026
36.900000 0.000006
36.950000 0.000013
37.000000 -0.000008
37.050000 -0.000001
37.100000 -0.000022
37.150000 -0.000014
37.200000 -0.000034
37.250000 -0.000024
37.300000 -0.000042
37.350000 -0.000029
37.400000 -0.000044
37.450000 -0.000028
37.500000 -0.000039
37.550000 -0.000020
37.600000 -0.000029
37.650000 -0.000008
37.700000 -0.000015
37.750000 0.000007
37.800000 -0.000000
37.850000 0.000022
37.900000 0.000014
37.950000 0.000034
38.000000 0.000024
38.050000 0.000042
38.100000 0.000029
38.150000 0.000044
38.200000 0.000028
38.250000 0.000041
38.300000 0.000022
38.350000 0.000032
38.400000 0.000012
38.450000 0.000020
38.500000 -0.000002
38.550000 0.000006
38.600000 -0.000017
38.650000 -0.000009
38.700000 -0.000030
38.750000 -0.000021
38.800000 -0.000040
38.850000 -0.000029
38.900000 -0.000046
38.950000 -0.000031
39.000000 -0.000045
39.050000 -0.000028
39.100000 -0.000039
39.150000 -0.000018
39.200000 -0.000027
39.250000 -0.000005
39.300000 -0.000012
39.350000 0.000012
39.400000 0.000005
39.450000 0.000027
39.500000 0.000019
39.550000 0.000040
39.600000 0.000029
39.650000 0.000047
39.700000 0.000033
39.750000 0.000048
39.800000 0.000031
39.850000 0.000043
39.900000 0.000023
39.950000 0.000032
40.000000 0.000010
40.050000 0.000018
40.100000 -0.000005
40.150000 0.000002
40.200000 -0.000021
40.250000 -0.000012
40.300000 -0.000034
40.350000 -0.000024
40.400000 -0.000044
40.450000 -0.000032
40.500000 -0.000049
40.550000 -0.000033
40.600000 -0.000048
40.650000 -0.000029
40.700000 -0.000041
40.750000 -0.000020
40.800000 -0.000029
40.850000 -0.000005
40.900000 -0.000013
40.950000 0.000011
41.000000 0.000004
41.050000 0.000028
41.100000 0.000020
41.150000 0.000042
41.200000 0.000031
41.250000 0.000050
41.300000 0.000037
41.350000 0.000053
41.400000 0.000035
41.450000 0.000048
41.500000 0.000027
41.550000 0.000037
41.600000 0.000014
41.650000 0.000022
41.700000 -0.000002
41.750000 0.000005
41.800000 -0.000019
41.850000 -0.000011
41.900000 -0.000034
41.950000 -0.000024
42.000000 -0.000045
42.050000 -0.000033
42.100000 -0.000052
42.150000 -0.000037
42.200000 -0.000052
42.250000 -0.000034
42.300000 -0.000046
42.350000 -0.000026
42.400000 -0.000036
42.450000 -0.000012
42.500000 -0.000021
42.550000 0.000004
42.600000 -0.000003
42.650000 0.000022
42.700000 0.000014
42.750000 0.000038
42.800000 0.000028
42.850000 0.000050
42.900000 0.000038
42.950000 0.000056
43.000000 0.000041
43.050000 0.000056
43.100000 0.000036
43.150000 0.000048
43.200000 0.000025
43.250000 0.000034
43.300000 0.000010
43.350000 0.000017
43.400000 -0.000009
43.450000 -0.000001
43.500000 -0.000026
43.550000 -0.000018
43.600000 -0.000041
43.650000 -0.000031
43.700000 -0.000051
43.750000 -0.000038
43.800000 -0.000056
43.850000 -0.000039
43.900000 -0.000054
43.950000 -0.000034
44.000000 -0.000045
44.050000 -0.000023
44.100000 -0.000032
44.150000 -0.000007
44.200000 -0.000015
44.250000 0.000011
44.300000 0.000004
44.350000 0.000031
44.400000 0.000023
44.450000 0.000048
44.500000 0.000039
44.550000 0.000061
44.600000 0.000048
44.650000 0.000067
44.700000 0.000051
44.750000 0.000065
44.800000 0.000043
44.850000 0.000053
44.900000 0.000026
44.950000 0.000031
