-30.000000 -0.000023
-29.950000 -0.000022
-29.900000 -0.000044
-29.850000 -0.000041
-29.800000 -0.000061
-29.750000 -0.000056
-29.700000 -0.000074
-29.650000 -0.000066
-29.600000 -0.000080
-29.550000 -0.000069
-29.500000 -0.000080
-29.450000 -0.000065
-29.400000 -0.000072
-29.350000 -0.000053
-29.300000 -0.000057
-29.250000 -0.000036
-29.200000 -0.000037
-29.150000 -0.000014
-29.100000 -0.000014
-29.050000 0.000009
-29.000000 0.000009
-28.950000 0.000031
-28.900000 0.000029
-28.850000 0.000049
-28.800000 0.000045
-28.750000 0.000062
-28.700000 0.000054
-28.650000 0.000068
-28.600000 0.000057
-28.550000 0.000068
-28.500000 0.000054
-28.450000 0.000061
-28.400000 0.000045
-28.350000 0.000050
-28.300000 0.000031
-28.250000 0.000034
-28.200000 0.000014
-28.150000 0.000015
-28.100000 -0.000006
-28.050000 -0.000005
-28.000000 -0.000026
-27.950000 -0.000025
-27.900000 -0.000046
-27.850000 -0.000043
-27.800000 -0.000062
-27.750000 -0.000056
-27.700000 -0.000072
-27.650000 -0.000063
-27.600000 -0.000075
-27.550000 -0.000063
-27.500000 -0.000071
-27.450000 -0.000055
-27.400000 -0.000059
-27.350000 -0.000039
-27.300000 -0.000041
-27.250000 -0.000019
-27.200000 -0.000019
-27.150000 0.000003
-27.100000 0.000004
-27.050000 0.000026
-27.000000 0.000026
-26.950000 0.000046
-26.900000 0.000044
-26.850000 0.000062
-26.800000 0.000056
-26.750000 0.000071
-26.700000 0.000062
-26.650000 0.000074
-26.600000 0.000062
-26.550000 0.000071
-26.500000 0.000056
-26.450000 0.000062
-26.400000 0.000045
-26.350000 0.000049
-26.300000 0.000029
-26.250000 0.000031
-26.200000 0.000010
-26.150000 0.000011
-26.100000 -0.000011
-26.050000 -0.000011
-26.000000 -0.000033
-25.950000 -0.000032
-25.900000 -0.000053
-25.850000 -0.000051
-25.800000 -0.000069
-25.750000 -0.000064
-25.700000 -0.000079
-25.650000 -0.000071
-25.600000 -0.000082
-25.550000 -0.000069
-25.500000 -0.000076
-25.450000 -0.000060
-25.400000 -0.000063
-25.350000 -0.000043
-25.300000 -0.000044
-25.250000 -0.000022
-25.200000 -0.000022
-25.150000 0.000001
-25.100000 0.000002
-25.050000 0.000024
-25.000000 0.000024
-24.950000 0.000045
-24.900000 0.000043
-24.850000 0.000062
-24.800000 0.000057
-24.750000 0.000073
-24.700000 0.000066
-24.650000 0.000079
-24.600000 0.000069
-24.550000 0.000079
-24.500000 0.000066
-24.450000 0.000072
-24.400000 0.000057
-24.350000 0.000061
-24.300000 0.000042
-24.250000 0.000044
-24.200000 0.000024
-24.150000 0.000024
-24.100000 0.000002
-24.050000 0.000001
-24.000000 -0.000022
-23.950000 -0.000023
-23.900000 -0.000045
-23.850000 -0.000045
-23.800000 -0.000065
-23.750000 -0.000063
-23.700000 -0.000080
-23.650000 -0.000074
-23.600000 -0.000088
-23.550000 -0.000078
-23.500000 -0.000087
-23.450000 -0.000073
-23.400000 -0.000079
-23.350000 -0.000061
-23.300000 -0.000064
-23.250000 -0.000043
-23.200000 -0.000044
-23.150000 -0.000022
-23.100000 -0.000021
-23.050000 0.000001
-23.000000 0.000002
-22.950000 0.000024
-22.900000 0.000024
-22.850000 0.000045
-22.800000 0.000043
-22.750000 0.000062
-22.700000 0.000059
-22.650000 0.000076
-22.600000 0.000070
-22.550000 0.000084
-22.500000 0.000076
-22.450000 0.000087
-22.400000 0.000076
-22.350000 0.000084
-22.300000 0.000069
-22.250000 0.000074
-22.200000 0.000056
-22.150000 0.000058
-22.100000 0.000037
-22.050000 0.000036
-22.000000 0.000014
-21.950000 0.000011
-21.900000 -0.000012
-21.850000 -0.000015
-21.800000 -0.000038
-21.750000 -0.000039
-21.700000 -0.000061
-21.650000 -0.000060
-21.600000 -0.000079
-21.550000 -0.000075
-21.500000 -0.000090
-21.450000 -0.000082
-21.400000 -0.000094
-21.350000 -0.000082
-21.300000 -0.000090
-21.250000 -0.000075
-21.200000 -0.000080
-21.150000 -0.000062
-21.100000 -0.000065
-21.050000 -0.000045
-21.000000 -0.000046
-20.950000 -0.000025
-20.900000 -0.000025
-20.850000 -0.000004
-20.800000 -0.000003
-20.750000 0.000019
-20.700000 0.000020
-20.650000 0.000042
-20.600000 0.000042
-20.550000 0.000063
-20.500000 0.000062
-20.450000 0.000080
-20.400000 0.000077
-20.350000 0.000093
-20.300000 0.000086
-20.250000 0.000099
-20.200000 0.000089
-20.150000 0.000097
-20.100000 0.000083
-20.050000 0.000088
-20.000000 0.000070
-19.950000 0.000071
-19.900000 0.000050
-19.850000 0.000049
-19.800000 0.000026
-19.750000 0.000024
-19.700000 0.000000
-19.650000 -0.000002
-19.600000 -0.000025
-19.550000 -0.000027
-19.500000 -0.000049
-19.450000 -0.000049
-19.400000 -0.000068
-19.350000 -0.000066
-19.300000 -0.000083
-19.250000 -0.000078
-19.200000 -0.000092
-19.150000 -0.000085
-19.100000 -0.000097
-19.050000 -0.000086
-19.000000 -0.000095
-18.950000 -0.000083
-18.900000 -0.000089
-18.850000 -0.000074
-18.800000 -0.000077
-18.750000 -0.000059
-18.700000 -0.000060
-18.650000 -0.000040
-18.600000 -0.000038
-18.550000 -0.000016
-18.500000 -0.000013
-18.450000 0.000011
-18.400000 0.000014
-18.350000 0.000038
-18.300000 0.000041
-18.250000 0.000063
-18.200000 0.000064
-18.150000 0.000083
-18.100000 0.000081
-18.050000 0.000098
-18.000000 0.000092
-17.950000 0.000105
-17.900000 0.000096
-17.850000 0.000105
-17.800000 0.000092
-17.750000 0.000098
-17.700000 0.000082
-17.650000 0.000086
-17.600000 0.000068
-17.550000 0.000069
-17.500000 0.000050
-17.450000 0.000050
-17.400000 0.000029
-17.350000 0.000028
-17.300000 0.000007
-17.250000 0.000005
-17.200000 -0.000017
-17.150000 -0.000018
-17.100000 -0.000040
-17.050000 -0.000041
-17.000000 -0.000062
-16.950000 -0.000063
-16.900000 -0.000082
-16.850000 -0.000081
-16.800000 -0.000098
-16.750000 -0.000094
-16.700000 -0.000108
-16.650000 -0.000101
-16.600000 -0.000112
-16.550000 -0.000101
-16.500000 -0.000108
-16.450000 -0.000093
-16.400000 -0.000096
-16.350000 -0.000078
-16.300000 -0.000078
-16.250000 -0.000058
-16.200000 -0.000056
-16.150000 -0.000034
-16.100000 -0.000031
-16.050000 -0.000008
-16.000000 -0.000005
-15.950000 0.000016
-15.900000 0.000018
-15.850000 0.000039
-15.800000 0.000040
-15.750000 0.000060
-15.700000 0.000059
-15.650000 0.000077
-15.600000 0.000076
-15.550000 0.000092
-15.500000 0.000088
-15.450000 0.000103
-15.400000 0.000097
-15.350000 0.000110
-15.300000 0.000101
-15.250000 0.000111
-15.200000 0.000100
-15.150000 0.000106
-15.100000 0.000092
-15.050000 0.000095
-15.000000 0.000078
-14.950000 0.000078
-14.900000 0.000058
-14.850000 0.000055
-14.800000 0.000034
-14.750000 0.000030
-14.700000 0.000007
-14.650000 0.000002
-14.600000 -0.000020
-14.550000 -0.000024
-14.500000 -0.000046
-14.450000 -0.000048
-14.400000 -0.000068
-14.350000 -0.000068
-14.300000 -0.000085
-14.250000 -0.000083
-14.200000 -0.000098
-14.150000 -0.000094
-14.100000 -0.000106
-14.050000 -0.000100
-14.000000 -0.000110
-13.950000 -0.000101
-13.900000 -0.000110
-13.850000 -0.000099
-13.800000 -0.000105
-13.750000 -0.000093
-13.700000 -0.000097
-13.650000 -0.000083
-13.600000 -0.000084
-13.550000 -0.000067
-13.500000 -0.000067
-13.450000 -0.000048
-13.400000 -0.000045
-13.350000 -0.000024
-13.300000 -0.000019
-13.250000 0.000003
-13.200000 0.000008
-13.150000 0.000030
-13.100000 0.000034
-13.050000 0.000055
-13.000000 0.000058
-12.950000 0.000077
-12.900000 0.000077
-12.850000 0.000094
-12.800000 0.000092
-12.750000 0.000106
-12.700000 0.000101
-12.650000 0.000112
-12.600000 0.000105
-12.550000 0.000114
-12.500000 0.000105
-12.450000 0.000111
-12.400000 0.000100
-12.350000 0.000105
-12.300000 0.000093
-12.250000 0.000096
-12.200000 0.000082
-12.150000 0.000084
-12.100000 0.000069
-12.050000 0.000069
-12.000000 0.000052
-11.950000 0.000050
-11.900000 0.000032
-11.850000 0.000028
-11.800000 0.000009
-11.750000 0.000004
-11.700000 -0.000016
-11.650000 -0.000021
-11.600000 -0.000041
-11.550000 -0.000045
-11.500000 -0.000065
-11.450000 -0.000067
-11.400000 -0.000085
-11.350000 -0.000085
-11.300000 -0.000100
-11.250000 -0.000098
-11.200000 -0.000110
-11.150000 -0.000105
-11.100000 -0.000115
-11.050000 -0.000107
-11.000000 -0.000114
-10.950000 -0.000105
-10.900000 -0.000111
-10.850000 -0.000100
-10.800000 -0.000104
-10.750000 -0.000093
-10.700000 -0.000096
-10.650000 -0.000083
-10.600000 -0.000085
-10.550000 -0.000071
-10.500000 -0.000072
-10.450000 -0.000057
-10.400000 -0.000056
-10.350000 -0.000039
-10.300000 -0.000037
-10.250000 -0.000019
-10.200000 -0.000015
-10.150000 0.000003
-10.100000 0.000008
-10.050000 0.000027
-10.000000 0.000031
-9.950000 0.000049
-9.900000 0.000052
-9.850000 0.000069
-9.800000 0.000071
-9.750000 0.000086
-9.700000 0.000085
-9.650000 0.000098
-9.600000 0.000095
-9.550000 0.000106
-9.500000 0.000101
-9.450000 0.000109
-9.400000 0.000102
-9.350000 0.000109
-9.300000 0.000101
-9.250000 0.000106
-9.200000 0.000098
-9.150000 0.000102
-9.100000 0.000093
-9.050000 0.000097
-9.000000 0.000087
-8.950000 0.000089
-8.900000 0.000078
-8.850000 0.000080
-8.800000 0.000068
-8.750000 0.000068
-8.700000 0.000054
-8.650000 0.000052
-8.600000 0.000037
-8.550000 0.000034
-8.500000 0.000017
-8.450000 0.000013
-8.400000 -0.000004
-8.350000 -0.000008
-8.300000 -0.000024
-8.250000 -0.000027
-8.200000 -0.000042
-8.150000 -0.000044
-8.100000 -0.000057
-8.050000 -0.000057
-8.000000 -0.000069
-7.950000 -0.000068
-7.900000 -0.000078
-7.850000 -0.000075
-7.800000 -0.000084
-7.750000 -0.000080
-7.700000 -0.000088
-7.650000 -0.000084
-7.600000 -0.000092
-7.550000 -0.000087
-7.500000 -0.000094
-7.450000 -0.000089
-7.400000 -0.000096
-7.350000 -0.000091
-7.300000 -0.000096
-7.250000 -0.000090
-7.200000 -0.000095
-7.150000 -0.000087
-7.100000 -0.000090
-7.050000 -0.000081
-7.000000 -0.000082
-6.950000 -0.000071
-6.900000 -0.000071
-6.850000 -0.000058
-6.800000 -0.000057
-6.750000 -0.000044
-6.700000 -0.000042
-6.650000 -0.000029
-6.600000 -0.000028
-6.550000 -0.000016
-6.500000 -0.000015
-6.450000 -0.000004
-6.400000 -0.000005
-6.350000 0.000005
-6.300000 0.000003
-6.250000 0.000012
-6.200000 0.000010
-6.150000 0.000018
-6.100000 0.000016
-6.050000 0.000025
-6.000000 0.000023
-5.950000 0.000032
-5.900000 0.000031
-5.850000 0.000040
-5.800000 0.000039
-5.750000 0.000049
-5.700000 0.000048
-5.650000 0.000056
-5.600000 0.000055
-5.550000 0.000062
-5.500000 0.000060
-5.450000 0.000066
-5.400000 0.000062
-5.350000 0.000066
-5.300000 0.000061
-5.250000 0.000064
-5.200000 0.000058
-5.150000 0.000060
-5.100000 0.000053
-5.050000 0.000055
-5.000000 0.000049
-4.950000 0.000051
-4.900000 0.000045
-4.850000 0.000048
-4.800000 0.000042
-4.750000 0.000046
-4.700000 0.000042
-4.650000 0.000046
-4.600000 0.000042
-4.550000 0.000047
-4.500000 0.000044
-4.450000 0.000048
-4.400000 0.000045
-4.350000 0.000049
-4.300000 0.000044
-4.250000 0.000047
-4.200000 0.000042
-4.150000 0.000044
-4.100000 0.000038
-4.050000 0.000040
-4.000000 0.000034
-3.950000 0.000036
-3.900000 0.000031
-3.850000 0.000034
-3.800000 0.000030
-3.750000 0.000035
-3.700000 0.000032
-3.650000 0.000038
-3.600000 0.000037
-3.550000 0.000044
-3.500000 0.000043
-3.450000 0.000050
-3.400000 0.000050
-3.350000 0.000057
-3.300000 0.000056
-3.250000 0.000062
-3.200000 0.000061
-3.150000 0.000065
-3.100000 0.000063
-3.050000 0.000067
-3.000000 0.000063
-2.950000 0.000066
-2.900000 0.000063
-2.850000 0.000065
-2.800000 0.000062
-2.750000 0.000064
-2.700000 0.000061
-2.650000 0.000063
-2.600000 0.000060
-2.550000 0.000063
-2.500000 0.000061
-2.450000 0.000063
-2.400000 0.000060
-2.350000 0.000062
-2.300000 0.000058
-2.250000 0.000059
-2.200000 0.000053
-2.150000 0.000051
-2.100000 0.000042
-2.050000 0.000037
-2.000000 0.000025
-1.950000 0.000016
-1.900000 0.000000
-1.850000 -0.000013
-1.800000 -0.000032
-1.750000 -0.000049
-1.700000 -0.000073
-1.650000 -0.000093
-1.600000 -0.000121
-1.550000 -0.000146
-1.500000 -0.000178
-1.450000 -0.000208
-1.400000 -0.000246
-1.350000 -0.000283
-1.300000 -0.000329
-1.250000 -0.000375
-1.200000 -0.000431
-1.150000 -0.000488
-1.100000 -0.000557
-1.050000 -0.000629
-1.000000 -0.000714
-0.950000 -0.000805
-0.900000 -0.000909
-0.850000 -0.001021
-0.800000 -0.001149
-0.750000 -0.001287
-0.700000 -0.001443
-0.650000 -0.001611
-0.600000 -0.001801
-0.550000 -0.002006
-0.500000 -0.002236
-0.450000 -0.002485
-0.400000 -0.002764
-0.350000 -0.003068
-0.300000 -0.003406
-0.250000 -0.003776
-0.200000 -0.004187
-0.150000 -0.004638
-0.100000 -0.005139
-0.050000 -0.005689
0.000000 -0.006300
0.050000 -0.006973
0.100000 -0.007719
0.150000 -0.008540
0.200000 -0.009451
0.250000 -0.010454
0.300000 -0.011565
0.350000 -0.012790
0.400000 -0.014145
0.450000 -0.015639
0.500000 -0.017290
0.550000 -0.019111
0.600000 -0.021121
0.650000 -0.023338
0.700000 -0.025786
0.750000 -0.028484
0.800000 -0.031462
0.850000 -0.034745
0.900000 -0.038367
0.950000 -0.042360
1.000000 -0.046764
1.050000 -0.051617
1.100000 -0.056967
1.150000 -0.062861
1.200000 -0.069356
1.250000 -0.076506
1.300000 -0.084378
1.350000 -0.093039
1.400000 -0.102566
1.450000 -0.113038
1.500000 -0.124544
1.550000 -0.137176
1.600000 -0.151039
1.650000 -0.166237
1.700000 -0.182888
1.750000 -0.201114
1.800000 -0.221044
1.850000 -0.242814
1.900000 -0.266566
1.950000 -0.292446
2.000000 -0.320605
2.050000 -0.351194
2.100000 -0.384364
2.150000 -0.420265
2.200000 -0.459039
2.250000 -0.500818
2.300000 -0.545719
2.350000 -0.593838
2.400000 -0.645247
2.450000 -0.699980
2.500000 -0.758035
2.550000 -0.819356
2.600000 -0.883831
2.650000 -0.951284
2.700000 -1.021458
2.750000 -1.094020
2.800000 -1.168543
2.850000 -1.244509
2.900000 -1.321303
2.950000 -1.398217
3.000000 -1.474451
3.050000 -1.549126
3.100000 -1.621296
3.150000 -1.689969
3.200000 -1.754124
3.250000 -1.812749
3.300000 -1.864862
3.350000 -1.909547
3.400000 -1.945985
3.450000 -1.973490
3.500000 -1.991526
3.550000 -1.999740
3.600000 -1.997965
3.650000 -1.986239
3.700000 -1.964793
3.750000 -1.934049
3.800000 -1.894598
3.850000 -1.847178
3.900000 -1.792644
3.950000 -1.731942
4.000000 -1.666064
4.050000 -1.596034
4.100000 -1.522861
4.150000 -1.447528
4.200000 -1.370955
4.250000 -1.293998
4.300000 -1.217421
4.350000 -1.141903
4.400000 -1.068022
4.450000 -0.996267
4.500000 -0.927025
4.550000 -0.860608
4.600000 -0.797236
4.650000 -0.737068
4.700000 -0.680190
4.750000 -0.626642
4.800000 -0.576408
4.850000 -0.529444
4.900000 -0.485664
4.950000 -0.444969
5.000000 -0.407231
5.050000 -0.372318
5.100000 -0.340081
5.150000 -0.310374
5.200000 -0.283041
5.250000 -0.257935
5.300000 -0.234902
5.350000 -0.213803
5.400000 -0.194492
5.450000 -0.176842
5.500000 -0.160720
5.550000 -0.146011
5.600000 -0.132598
5.650000 -0.120380
5.700000 -0.109253
5.750000 -0.099131
5.800000 -0.089922
5.850000 -0.081555
5.900000 -0.073948
5.950000 -0.067043
6.000000 -0.060769
6.050000 -0.055078
6.100000 -0.049911
6.150000 -0.045226
6.200000 -0.040973
6.250000 -0.037119
6.300000 -0.033621
6.350000 -0.030452
6.400000 -0.027577
6.450000 -0.024973
6.500000 -0.022611
6.550000 -0.020473
6.600000 -0.018532
6.650000 -0.016778
6.700000 -0.015185
6.750000 -0.013746
6.800000 -0.012440
6.850000 -0.011261
6.900000 -0.010190
6.950000 -0.009225
7.000000 -0.008348
7.050000 -0.007558
7.100000 -0.006840
7.150000 -0.006195
7.200000 -0.005607
7.250000 -0.005080
7.300000 -0.004598
7.350000 -0.004167
7.400000 -0.003772
7.450000 -0.003418
7.500000 -0.003093
7.550000 -0.002802
7.600000 -0.002534
7.650000 -0.002295
7.700000 -0.002074
7.750000 -0.001877
7.800000 -0.001694
7.850000 -0.001532
7.900000 -0.001381
7.950000 -0.001249
8.000000 -0.001126
8.050000 -0.001019
8.100000 -0.000918
8.150000 -0.000832
8.200000 -0.000751
8.250000 -0.000683
8.300000 -0.000617
8.350000 -0.000563
8.400000 -0.000509
8.450000 -0.000466
8.500000 -0.000422
8.550000 -0.000387
8.600000 -0.000351
8.650000 -0.000322
8.700000 -0.000291
8.750000 -0.000266
8.800000 -0.000239
8.850000 -0.000218
8.900000 -0.000193
8.950000 -0.000176
9.000000 -0.000154
9.050000 -0.000139
9.100000 -0.000121
9.150000 -0.000109
9.200000 -0.000093
9.250000 -0.000085
9.300000 -0.000072
9.350000 -0.000067
9.400000 -0.000057
9.450000 -0.000055
9.500000 -0.000048
9.550000 -0.000047
9.600000 -0.000043
9.650000 -0.000044
9.700000 -0.000040
9.750000 -0.000042
9.800000 -0.000039
9.850000 -0.000041
9.900000 -0.000036
9.950000 -0.000037
10.000000 -0.000031
10.050000 -0.000031
10.100000 -0.000024
10.150000 -0.000023
10.200000 -0.000015
10.250000 -0.000014
10.300000 -0.000006
10.350000 -0.000005
10.400000 0.000001
10.450000 0.000001
10.500000 0.000006
10.550000 0.000004
10.600000 0.000007
10.650000 0.000003
10.700000 0.000005
10.750000 -0.000000
10.800000 0.000000
10.850000 -0.000005
10.900000 -0.000005
10.950000 -0.000010
11.000000 -0.000010
11.050000 -0.000014
11.100000 -0.000012
11.150000 -0.000016
11.200000 -0.000012
11.250000 -0.000014
11.300000 -0.000010
11.350000 -0.000010
11.400000 -0.000005
11.450000 -0.000005
11.500000 0.000002
11.550000 0.000002
11.600000 0.000008
11.650000 0.000007
11.700000 0.000012
11.750000 0.000010
11.800000 0.000014
11.850000 0.000010
11.900000 0.000012
11.950000 0.000007
12.000000 0.000008
12.050000 0.000002
12.100000 0.000002
12.150000 -0.000005
12.200000 -0.000005
12.250000 -0.000011
12.300000 -0.000010
12.350000 -0.000015
12.400000 -0.000012
12.450000 -0.000015
12.500000 -0.000011
12.550000 -0.000012
12.600000 -0.000006
12.650000 -0.000006
12.700000 0.000001
12.750000 0.000001
12.800000 0.000007
12.850000 0.000007
12.900000 0.000013
12.950000 0.000011
13.000000 0.000015
13.050000 0.000012
13.100000 0.000014
13.150000 0.000009
13.200000 0.000011
13.250000 0.000004
13.300000 0.000005
13.350000 -0.000002
13.400000 -0.000002
13.450000 -0.000008
13.500000 -0.000007
13.550000 -0.000013
13.600000 -0.000011
13.650000 -0.000015
13.700000 -0.000012
13.750000 -0.000014
13.800000 -0.000009
13.850000 -0.000011
13.900000 -0.000004
13.950000 -0.000004
14.000000 0.000003
14.050000 0.000002
14.100000 0.000009
14.150000 0.000009
14.200000 0.000015
14.250000 0.000012
14.300000 0.000017
14.350000 0.000013
14.400000 0.000015
14.450000 0.000009
14.500000 0.000010
14.550000 0.000003
14.600000 0.000003
14.650000 -0.000005
14.700000 -0.000004
14.750000 -0.000012
14.800000 -0.000010
14.850000 -0.000016
14.900000 -0.000013
14.950000 -0.000017
15.000000 -0.000012
15.050000 -0.000014
15.100000 -0.000008
15.150000 -0.000009
15.200000 -0.000001
15.250000 -0.000002
15.300000 0.000006
15.350000 0.000005
15.400000 0.000012
15.450000 0.000010
15.500000 0.000016
15.550000 0.000013
15.600000 0.000017
15.650000 0.000011
15.700000 0.000014
15.750000 0.000007
15.800000 0.000009
15.850000 0.000001
15.900000 0.000002
15.950000 -0.000006
16.000000 -0.000005
16.050000 -0.000012
16.100000 -0.000011
16.150000 -0.000017
16.200000 -0.000013
16.250000 -0.000018
16.300000 -0.000012
16.350000 -0.000015
16.400000 -0.000008
16.450000 -0.000009
16.500000 -0.000001
16.550000 -0.000002
16.600000 0.000007
16.650000 0.000006
16.700000 0.000014
16.750000 0.000012
16.800000 0.000018
16.850000 0.000015
16.900000 0.000019
16.950000 0.000013
17.000000 0.000015
17.050000 0.000008
17.100000 0.000009
17.150000 0.000000
17.200000 0.000000
17.250000 -0.000008
17.300000 -0.000007
17.350000 -0.000015
17.400000 -0.000012
17.450000 -0.000018
17.500000 -0.000014
17.550000 -0.000018
17.600000 -0.000012
17.650000 -0.000015
17.700000 -0.000007
17.750000 -0.000009
17.800000 -0.000000
17.850000 -0.000001
17.900000 0.000007
17.950000 0.000006
18.000000 0.000014
18.050000 0.000011
18.100000 0.000018
18.150000 0.000014
18.200000 0.000019
18.250000 0.000013
18.300000 0.000016
18.350000 0.000009
18.400000 0.000010
18.450000 0.000002
18.500000 0.000002
18.550000 -0.000007
18.600000 -0.000006
18.650000 -0.000014
18.700000 -0.000012
18.750000 -0.000019
18.800000 -0.000015
18.850000 -0.000021
18.900000 -0.000015
18.950000 -0.000018
19.000000 -0.000010
19.050000 -0.000011
19.100000 -0.000002
19.150000 -0.000003
19.200000 0.000007
19.250000 0.000006
19.300000 0.000015
19.350000 0.000013
19.400000 0.000020
19.450000 0.000016
19.500000 0.000021
19.550000 0.000015
19.600000 0.000018
19.650000 0.000010
19.700000 0.000011
19.750000 0.000002
19.800000 0.000003
19.850000 -0.000006
19.900000 -0.000005
19.950000 -0.000013
20.000000 -0.000011
20.050000 -0.000019
20.100000 -0.000015
20.150000 -0.000021
20.200000 -0.000015
20.250000 -0.000019
20.300000 -0.000011
20.350000 -0.000014
20.400000 -0.000005
20.450000 -0.000006
20.500000 0.000003
20.550000 0.000002
20.600000 0.000012
20.650000 0.000010
20.700000 0.000019
20.750000 0.000015
20.800000 0.000022
20.850000 0.000017
20.900000 0.000021
20.950000 0.000014
21.000000 0.000016
21.050000 0.000007
21.100000 0.000008
21.150000 -0.000002
21.200000 -0.000001
21.250000 -0.000011
21.300000 -0.000010
21.350000 -0.000019
21.400000 -0.000016
21.450000 -0.000023
21.500000 -0.000017
21.550000 -0.000022
21.600000 -0.000015
21.650000 -0.000018
21.700000 -0.000008
21.750000 -0.000010
21.800000 0.000001
21.850000 -0.000001
21.900000 0.000010
21.950000 0.000008
22.000000 0.000017
22.050000 0.000014
22.100000 0.000022
22.150000 0.000017
22.200000 0.000022
22.250000 0.000015
22.300000 0.000019
22.350000 0.000011
22.400000 0.000013
22.450000 0.000003
22.500000 0.000005
22.550000 -0.000006
22.600000 -0.000004
22.650000 -0.000014
22.700000 -0.000012
22.750000 -0.000021
22.800000 -0.000017
22.850000 -0.000024
22.900000 -0.000018
22.950000 -0.000023
23.000000 -0.000014
23.050000 -0.000017
23.100000 -0.000007
23.150000 -0.000009
23.200000 0.000003
23.250000 0.000002
23.300000 0.000013
23.350000 0.000011
23.400000 0.000021
23.450000 0.000017
23.500000 0.000025
23.550000 0.000019
23.600000 0.000025
23.650000 0.000016
23.700000 0.000020
23.750000 0.000009
23.800000 0.000011
23.850000 -0.000000
23.900000 0.000002
23.950000 -0.000010
24.000000 -0.000008
24.050000 -0.000018
24.100000 -0.000015
24.150000 -0.000024
24.200000 -0.000018
24.250000 -0.000025
24.300000 -0.000017
24.350000 -0.000022
24.400000 -0.000013
24.450000 -0.000016
24.500000 -0.000005
24.550000 -0.000007
24.600000 0.000005
24.650000 0.000002
24.700000 0.000014
24.750000 0.000011
24.800000 0.000022
24.850000 0.000017
24.900000 0.000026
24.950000 0.000020
25.000000 0.000026
25.050000 0.000017
25.100000 0.000022
25.150000 0.000011
25.200000 0.000013
25.250000 0.000001
25.300000 0.000003
25.350000 -0.000010
25.400000 -0.000008
25.450000 -0.000020
25.500000 -0.000016
25.550000 -0.000027
25.600000 -0.000021
25.650000 -0.000028
25.700000 -0.000020
25.750000 -0.000025
25.800000 -0.000014
25.850000 -0.000017
25.900000 -0.000005
25.950000 -0.000007
26.000000 0.000006
26.050000 0.000003
26.100000 0.000016
26.150000 0.000012
26.200000 0.000024
26.250000 0.000018
26.300000 0.000028
26.350000 0.000020
26.400000 0.000027
26.450000 0.000017
26.500000 0.000022
26.550000 0.000011
26.600000 0.000014
26.650000 0.000002
26.700000 0.000005
26.750000 -0.000009
26.800000 -0.000006
26.850000 -0.000019
26.900000 -0.000014
26.950000 -0.000026
27.000000 -0.000020
27.050000 -0.000029
27.100000 -0.000021
27.150000 -0.000028
27.200000 -0.000017
27.250000 -0.000022
27.300000 -0.000009
27.350000 -0.000013
27.400000 0.000002
27.450000 -0.000001
27.500000 0.000014
27.550000 0.000010
27.600000 0.000024
27.650000 0.000019
27.700000 0.000030
27.750000 0.000023
27.800000 0.000031
27.850000 0.000021
27.900000 0.000027
27.950000 0.000015
28.000000 0.000019
28.050000 0.000005
28.100000 0.000008
28.150000 -0.000007
28.200000 -0.000003
28.250000 -0.000018
28.300000 -0.000013
28.350000 -0.000026
28.400000 -0.000020
28.450000 -0.000030
28.500000 -0.000022
28.550000 -0.000030
28.600000 -0.000019
28.650000 -0.000026
28.700000 -0.000013
28.750000 -0.000018
28.800000 -0.000003
28.850000 -0.000007
28.900000 0.000008
28.950000 0.000004
29.000000 0.000019
29.050000 0.000014
29.100000 0.000028
29.150000 0.000021
29.200000 0.000032
29.250000 0.000024
29.300000 0.000032
29.350000 0.000021
29.400000 0.000027
29.450000 0.000013
29.500000 0.000017
29.550000 0.000002
29.600000 0.000005
29.650000 -0.000011
29.700000 -0.000008
29.750000 -0.000023
29.800000 -0.000018
29.850000 -0.000031
29.900000 -0.000024
29.950000 -0.000035
30.000000 -0.000024
30.050000 -0.000033
30.100000 -0.000019
30.150000 -0.000025
30.200000 -0.000010
30.250000 -0.000015
30.300000 0.000002
30.350000 -0.000003
30.400000 0.000014
30.450000 0.000009
30.500000 0.000024
30.550000 0.000018
30.600000 0.000031
30.650000 0.000023
30.700000 0.000034
30.750000 0.000023
30.800000 0.000032
30.850000 0.000019
30.900000 0.000026
30.950000 0.000011
31.000000 0.000016
31.050000 -0.000000
31.100000 0.000004
31.150000 -0.000013
31.200000 -0.000008
31.250000 -0.000024
31.300000 -0.000019
31.350000 -0.000033
31.400000 -0.000025
31.450000 -0.000037
31.500000 -0.000026
31.550000 -0.000035
31.600000 -0.000022
31.650000 -0.000028
31.700000 -0.000012
31.750000 -0.000017
31.800000 0.000001
31.850000 -0.000003
31.900000 0.000015
31.950000 0.000010
32.000000 0.000027
32.050000 0.000020
32.100000 0.000035
32.150000 0.000026
32.200000 0.000038
32.250000 0.000026
32.300000 0.000035
32.350000 0.000021
32.400000 0.000028
32.450000 0.000011
32.500000 0.000017
32.550000 -0.000001
32.600000 0.000004
32.650000 -0.000013
32.700000 -0.000008
32.750000 -0.000025
32.800000 -0.000018
32.850000 -0.000033
32.900000 -0.000025
32.950000 -0.000038
33.000000 -0.000027
33.050000 -0.000037
33.100000 -0.000023
33.150000 -0.000032
33.200000 -0.000015
33.250000 -0.000021
33.300000 -0.000003
33.350000 -0.000008
33.400000 0.000011
33.450000 0.000006
33.500000 0.000024
33.550000 0.000018
33.600000 0.000035
33.650000 0.000027
33.700000 0.000041
33.750000 0.000030
33.800000 0.000041
33.850000 0.000027
33.900000 0.000035
33.950000 0.000018
34.000000 0.000024
34.050000 0.000005
34.100000 0.000010
34.150000 -0.000010
34.200000 -0.000005
34.250000 -0.000023
34.300000 -0.000017
34.350000 -0.000034
34.400000 -0.000026
34.450000 -0.000040
34.500000 -0.000029
34.550000 -0.000041
34.600000 -0.000027
34.650000 -0.000036
34.700000 -0.000020
34.750000 -0.000027
34.800000 -0.000009
34.850000 -0.000015
34.900000 0.000004
34.950000 -0.000002
35.000000 0.000018
35.050000 0.000012
35.100000 0.000030
35.150000 0.000022
35.200000 0.000039
35.250000 0.000029
35.300000 0.000043
35.350000 0.000031
35.400000 0.000042
35.450000 0.000026
35.500000 0.000035
35.550000 0.000016
35.600000 0.000022
35.650000 0.000002
35.700000 0.000007
35.750000 -0.000014
35.800000 -0.000009
35.850000 -0.000028
35.900000 -0.000022
35.950000 -0.000040
36.000000 -0.000030
36.050000 -0.000045
36.100000 -0.000033
36.150000 -0.000045
36.200000 -0.000029
36.250000 -0.000038
36.300000 -0.000020
36.350000 -0.000027
36.400000 -0.000007
36.450000 -0.000013
36.500000 0.000008
36.550000 0.000002
36.600000 0.000022
36.650000 0.000015
36.700000 0.000034
36.750000 0.000026
36.800000 0.000042
36.850000 0.000031
36.900000 0.000045
36.950000 0.000031
37.000000 0.000043
37.050000 0.000026
37.100000 0.000035
37.150000 0.000017
37.200000 0.000024
37.250000 0.000003
37.300000 0.000009
37.350000 -0.000013
37.400000 -0.000007
37.450000 -0.000028
37.500000 -0.000021
37.550000 -0.000041
37.600000 -0.000032
37.650000 -0.000048
37.700000 -0.000036
37.750000 -0.000049
37.800000 -0.000034
37.850000 -0.000044
37.900000 -0.000025
37.950000 -0.000032
38.000000 -0.000011
38.050000 -0.000017
38.100000 0.000005
38.150000 -0.000000
38.200000 0.000022
38.250000 0.000015
38.300000 0.000035
38.350000 0.000027
38.400000 0.000045
38.450000 0.000034
38.500000 0.000049
38.550000 0.000035
38.600000 0.000047
38.650000 0.000030
38.700000 0.000040
38.750000 0.000021
38.800000 0.000028
38.850000 0.000007
38.900000 0.000014
38.950000 -0.000008
39.000000 -0.000002
39.050000 -0.000023
39.100000 -0.000017
39.150000 -0.000037
39.200000 -0.000029
39.250000 -0.000047
39.300000 -0.000036
39.350000 -0.000052
39.400000 -0.000038
39.450000 -0.000050
39.500000 -0.000033
39.550000 -0.000042
39.600000 -0.000022
39.650000 -0.000029
39.700000 -0.000006
39.750000 -0.000012
39.800000 0.000012
39.850000 0.000007
39.900000 0.000029
39.950000 0.000023
40.000000 0.000043
40.050000 0.000034
40.100000 0.000052
40.150000 0.000039
40.200000 0.000054
40.250000 0.000038
40.300000 0.000050
40.350000 0.000031
40.400000 0.000040
40.450000 0.000018
40.500000 0.000026
40.550000 0.000003
40.600000 0.000009
40.650000 -0.000013
40.700000 -0.000007
40.750000 -0.000029
40.800000 -0.000021
40.850000 -0.000042
40.900000 -0.000033
40.950000 -0.000051
41.000000 -0.000039
41.050000 -0.000055
41.100000 -0.000040
41.150000 -0.000052
41.200000 -0.000034
41.250000 -0.000044
41.300000 -0.000023
41.350000 -0.000030
41.400000 -0.000007
41.450000 -0.000013
41.500000 0.000012
41.550000 0.000006
41.600000 0.000030
41.650000 0.000023
41.700000 0.000045
41.750000 0.000037
41.800000 0.000056
41.850000 0.000044
41.900000 0.000059
41.950000 0.000043
42.000000 0.000056
42.050000 0.000036
42.100000 0.000045
42.150000 0.000023
42.200000 0.000030
42.250000 0.000007
42.300000 0.000012
42.350000 -0.000011
42.400000 -0.000005
42.450000 -0.000029
42.500000 -0.000021
42.550000 -0.000043
42.600000 -0.000034
42.650000 -0.000053
42.700000 -0.000041
42.750000 -0.000058
42.800000 -0.000043
42.850000 -0.000057
42.900000 -0.000039
42.950000 -0.000050
43.000000 -0.000030
43.050000 -0.000038
43.100000 -0.000015
43.150000 -0.000021
43.200000 0.000003
43.250000 -0.000002
43.300000 0.000022
43.350000 0.000017
43.400000 0.000040
43.450000 0.000033
43.500000 0.000054
43.550000 0.000044
43.600000 0.000062
43.650000 0.000048
43.700000 0.000063
43.750000 0.000045
43.800000 0.000055
43.850000 0.000034
43.900000 0.000042
43.950000 0.000018
44.000000 0.000023
44.050000 -0.000002
44.100000 0.000003
44.150000 -0.000023
44.200000 -0.000018
44.250000 -0.000042
44.300000 -0.000035
44.350000 -0.000058
44.400000 -0.000049
44.450000 -0.000069
44.500000 -0.000057
44.550000 -0.000074
44.600000 -0.000059
44.650000 -0.000073
44.700000 -0.000054
44.750000 -0.000065
44.800000 -0.000043
44.850000 -0.000050
44.900000 -0.000025
44.950000 -0.000028
