-30.000000 -0.000031
-29.950000 -0.000026
-29.900000 -0.000053
-29.850000 -0.000043
-29.800000 -0.000065
-29.750000 -0.000051
-29.700000 -0.000069
-29.650000 -0.000051
-29.600000 -0.000065
-29.550000 -0.000043
-29.500000 -0.000054
-29.450000 -0.000030
-29.400000 -0.000038
-29.350000 -0.000012
-29.300000 -0.000018
-29.250000 0.000010
-29.200000 0.000003
-29.150000 0.000031
-29.100000 0.000024
-29.050000 0.000051
-29.000000 0.000042
-28.950000 0.000066
-28.900000 0.000054
-28.850000 0.000074
-28.800000 0.000058
-28.750000 0.000074
-28.700000 0.000054
-28.650000 0.000067
-28.600000 0.000043
-28.550000 0.000053
-28.500000 0.000026
-28.450000 0.000034
-28.400000 0.000006
-28.350000 0.000013
-28.300000 -0.000015
-28.250000 -0.000009
-28.200000 -0.000036
-28.150000 -0.000027
-28.100000 -0.000053
-28.050000 -0.000042
-28.000000 -0.000065
-27.950000 -0.000052
-27.900000 -0.000073
-27.850000 -0.000057
-27.800000 -0.000074
-27.750000 -0.000055
-27.700000 -0.000070
-27.650000 -0.000048
-27.600000 -0.000060
-27.550000 -0.000035
-27.500000 -0.000045
-27.450000 -0.000018
-27.400000 -0.000026
-27.350000 0.000002
-27.300000 -0.000004
-27.250000 0.000024
-27.200000 0.000018
-27.150000 0.000046
-27.100000 0.000038
-27.050000 0.000064
-27.000000 0.000054
-26.950000 0.000077
-26.900000 0.000063
-26.850000 0.000083
-26.800000 0.000065
-26.750000 0.000080
-26.700000 0.000058
-26.650000 0.000070
-26.600000 0.000045
-26.550000 0.000053
-26.500000 0.000026
-26.450000 0.000033
-26.400000 0.000004
-26.350000 0.000010
-26.300000 -0.000018
-26.250000 -0.000011
-26.200000 -0.000039
-26.150000 -0.000030
-26.100000 -0.000056
-26.050000 -0.000046
-26.000000 -0.000069
-25.950000 -0.000056
-25.900000 -0.000078
-25.850000 -0.000062
-25.800000 -0.000080
-25.750000 -0.000062
-25.700000 -0.000077
-25.650000 -0.000055
-25.600000 -0.000068
-25.550000 -0.000043
-25.500000 -0.000053
-25.450000 -0.000026
-25.400000 -0.000033
-25.350000 -0.000004
-25.300000 -0.000010
-25.250000 0.000019
-25.200000 0.000013
-25.150000 0.000043
-25.100000 0.000036
-25.050000 0.000063
-25.000000 0.000054
-24.950000 0.000079
-24.900000 0.000066
-24.850000 0.000088
-24.800000 0.000071
-24.750000 0.000088
-24.700000 0.000068
-24.650000 0.000081
-24.600000 0.000057
-24.550000 0.000067
-24.500000 0.000040
-24.450000 0.000048
-24.400000 0.000020
-24.350000 0.000027
-24.300000 -0.000002
-24.250000 0.000004
-24.200000 -0.000024
-24.150000 -0.000017
-24.100000 -0.000044
-24.050000 -0.000036
-24.000000 -0.000062
-23.950000 -0.000051
-23.900000 -0.000076
-23.850000 -0.000063
-23.800000 -0.000085
-23.750000 -0.000069
-23.700000 -0.000088
-23.650000 -0.000069
-23.600000 -0.000085
-23.550000 -0.000063
-23.500000 -0.000075
-23.450000 -0.000050
-23.400000 -0.000059
-23.350000 -0.000031
-23.300000 -0.000038
-23.250000 -0.000007
-23.200000 -0.000013
-23.150000 0.000018
-23.100000 0.000013
-23.050000 0.000043
-23.000000 0.000036
-22.950000 0.000065
-22.900000 0.000056
-22.850000 0.000081
-22.800000 0.000069
-22.750000 0.000091
-22.700000 0.000075
-22.650000 0.000094
-22.600000 0.000074
-22.550000 0.000089
-22.500000 0.000066
-22.450000 0.000078
-22.400000 0.000052
-22.350000 0.000062
-22.300000 0.000035
-22.250000 0.000043
-22.200000 0.000015
-22.150000 0.000022
-22.100000 -0.000007
-22.050000 0.000000
-22.000000 -0.000029
-21.950000 -0.000022
-21.900000 -0.000050
-21.850000 -0.000042
-21.800000 -0.000070
-21.750000 -0.000060
-21.700000 -0.000085
-21.650000 -0.000073
-21.600000 -0.000096
-21.550000 -0.000080
-21.500000 -0.000099
-21.450000 -0.000080
-21.400000 -0.000095
-21.350000 -0.000071
-21.300000 -0.000083
-21.250000 -0.000056
-21.200000 -0.000064
-21.150000 -0.000034
-21.100000 -0.000040
-21.050000 -0.000009
-21.000000 -0.000015
-20.950000 0.000017
-20.900000 0.000011
-20.850000 0.000041
-20.800000 0.000034
-20.750000 0.000063
-20.700000 0.000053
-20.650000 0.000079
-20.600000 0.000067
-20.550000 0.000091
-20.500000 0.000076
-20.450000 0.000096
-20.400000 0.000079
-20.350000 0.000096
-20.300000 0.000076
-20.250000 0.000091
-20.200000 0.000068
-20.150000 0.000081
-20.100000 0.000055
-20.050000 0.000066
-20.000000 0.000038
-19.950000 0.000046
-19.900000 0.000016
-19.850000 0.000023
-19.800000 -0.000008
-19.750000 -0.000002
-19.700000 -0.000034
-19.650000 -0.000028
-19.600000 -0.000059
-19.550000 -0.000052
-19.500000 -0.000080
-19.450000 -0.000071
-19.400000 -0.000097
-19.350000 -0.000084
-19.300000 -0.000106
-19.250000 -0.000089
-19.200000 -0.000107
-19.150000 -0.000086
-19.100000 -0.000101
-19.050000 -0.000077
-19.000000 -0.000088
-18.950000 -0.000061
-18.900000 -0.000070
-18.850000 -0.000042
-18.800000 -0.000049
-18.750000 -0.000020
-18.700000 -0.000027
-18.650000 0.000003
-18.600000 -0.000004
-18.550000 0.000025
-18.500000 0.000018
-18.450000 0.000047
-18.400000 0.000039
-18.350000 0.000067
-18.300000 0.000058
-18.250000 0.000085
-18.200000 0.000074
-18.150000 0.000099
-18.100000 0.000086
-18.050000 0.000107
-18.000000 0.000091
-17.950000 0.000110
-17.900000 0.000090
-17.850000 0.000105
-17.800000 0.000081
-17.750000 0.000093
-17.700000 0.000066
-17.650000 0.000074
-17.600000 0.000045
-17.550000 0.000051
-17.500000 0.000020
-17.450000 0.000025
-17.400000 -0.000007
-17.350000 -0.000002
-17.300000 -0.000033
-17.250000 -0.000027
-17.200000 -0.000057
-17.150000 -0.000049
-17.100000 -0.000077
-17.050000 -0.000066
-17.000000 -0.000092
-16.950000 -0.000079
-16.900000 -0.000101
-16.850000 -0.000086
-16.800000 -0.000107
-16.750000 -0.000089
-16.700000 -0.000107
-16.650000 -0.000088
-16.600000 -0.000103
-16.550000 -0.000081
-16.500000 -0.000095
-16.450000 -0.000070
-16.400000 -0.000081
-16.350000 -0.000054
-16.300000 -0.000062
-16.250000 -0.000033
-16.200000 -0.000039
-16.150000 -0.000008
-16.100000 -0.000013
-16.050000 0.000019
-16.000000 0.000015
-15.950000 0.000046
-15.900000 0.000041
-15.850000 0.000071
-15.800000 0.000063
-15.750000 0.000091
-15.700000 0.000081
-15.650000 0.000105
-15.600000 0.000092
-15.550000 0.000114
-15.500000 0.000097
-15.450000 0.000115
-15.400000 0.000096
-15.350000 0.000111
-15.300000 0.000089
-15.250000 0.000102
-15.200000 0.000078
-15.150000 0.000089
-15.100000 0.000064
-15.050000 0.000073
-15.000000 0.000046
-14.950000 0.000055
-14.900000 0.000027
-14.850000 0.000034
-14.800000 0.000005
-14.750000 0.000012
-14.700000 -0.000018
-14.650000 -0.000012
-14.600000 -0.000042
-14.550000 -0.000036
-14.500000 -0.000066
-14.450000 -0.000059
-14.400000 -0.000088
-14.350000 -0.000079
-14.300000 -0.000105
-14.250000 -0.000094
-14.200000 -0.000118
-14.150000 -0.000103
-14.100000 -0.000123
-14.050000 -0.000105
-14.000000 -0.000121
-13.950000 -0.000099
-13.900000 -0.000112
-13.850000 -0.000088
-13.800000 -0.000099
-13.750000 -0.000073
-13.700000 -0.000081
-13.650000 -0.000054
-13.600000 -0.000062
-13.550000 -0.000034
-13.500000 -0.000042
-13.450000 -0.000014
-13.400000 -0.000021
-13.350000 0.000007
-13.300000 0.000000
-13.250000 0.000029
-13.200000 0.000022
-13.150000 0.000050
-13.100000 0.000042
-13.050000 0.000070
-13.000000 0.000062
-12.950000 0.000089
-12.900000 0.000080
-12.850000 0.000105
-12.800000 0.000094
-12.750000 0.000117
-12.700000 0.000104
-12.650000 0.000124
-12.600000 0.000107
-12.550000 0.000124
-12.500000 0.000105
-12.450000 0.000118
-12.400000 0.000096
-12.350000 0.000106
-12.300000 0.000081
-12.250000 0.000090
-12.200000 0.000063
-12.150000 0.000070
-12.100000 0.000042
-12.050000 0.000048
-12.000000 0.000020
-11.950000 0.000027
-11.900000 -0.000001
-11.850000 0.000006
-11.800000 -0.000021
-11.750000 -0.000013
-11.700000 -0.000040
-11.650000 -0.000032
-11.600000 -0.000058
-11.550000 -0.000050
-11.500000 -0.000075
-11.450000 -0.000066
-11.400000 -0.000091
-11.350000 -0.000082
-11.300000 -0.000106
-11.250000 -0.000095
-11.200000 -0.000117
-11.150000 -0.000104
-11.100000 -0.000123
-11.050000 -0.000108
-11.000000 -0.000124
-10.950000 -0.000106
-10.900000 -0.000119
-10.850000 -0.000098
-10.800000 -0.000109
-10.750000 -0.000085
-10.700000 -0.000094
-10.650000 -0.000069
-10.600000 -0.000076
-10.550000 -0.000050
-10.500000 -0.000056
-10.450000 -0.000030
-10.400000 -0.000036
-10.350000 -0.000010
-10.300000 -0.000017
-10.250000 0.000009
-10.200000 0.000001
-10.150000 0.000026
-10.100000 0.000018
-10.050000 0.000043
-10.000000 0.000034
-9.950000 0.000059
-9.900000 0.000050
-9.850000 0.000074
-9.800000 0.000065
-9.750000 0.000089
-9.700000 0.000079
-9.650000 0.000102
-9.600000 0.000091
-9.550000 0.000112
-9.500000 0.000100
-9.450000 0.000119
-9.400000 0.000105
-9.350000 0.000121
-9.300000 0.000104
-9.250000 0.000118
-9.200000 0.000098
-9.150000 0.000109
-9.100000 0.000087
-9.050000 0.000097
-9.000000 0.000073
-8.950000 0.000082
-8.900000 0.000058
-8.850000 0.000066
-8.800000 0.000043
-8.750000 0.000051
-8.700000 0.000028
-8.650000 0.000037
-8.600000 0.000014
-8.550000 0.000023
-8.500000 0.000000
-8.450000 0.000009
-8.400000 -0.000014
-8.350000 -0.000005
-8.300000 -0.000028
-8.250000 -0.000020
-8.200000 -0.000044
-8.150000 -0.000036
-8.100000 -0.000059
-8.050000 -0.000051
-8.000000 -0.000074
-7.950000 -0.000065
-7.900000 -0.000087
-7.850000 -0.000077
-7.800000 -0.000097
-7.750000 -0.000086
-7.700000 -0.000104
-7.650000 -0.000090
-7.600000 -0.000106
-7.550000 -0.000090
-7.500000 -0.000104
-7.450000 -0.000087
-7.400000 -0.000099
-7.350000 -0.000081
-7.300000 -0.000092
-7.250000 -0.000073
-7.200000 -0.000085
-7.150000 -0.000066
-7.100000 -0.000077
-7.050000 -0.000059
-7.000000 -0.000070
-6.950000 -0.000052
-6.900000 -0.000064
-6.850000 -0.000046
-6.800000 -0.000057
-6.750000 -0.000039
-6.700000 -0.000049
-6.650000 -0.000029
-6.600000 -0.000039
-6.550000 -0.000018
-6.500000 -0.000026
-6.450000 -0.000005
-6.400000 -0.000013
-6.350000 0.000009
-6.300000 0.000001
-6.250000 0.000023
-6.200000 0.000014
-6.150000 0.000035
-6.100000 0.000025
-6.050000 0.000044
-6.000000 0.000032
-5.950000 0.000049
-5.900000 0.000037
-5.850000 0.000053
-5.800000 0.000039
-5.750000 0.000054
-5.700000 0.000040
-5.650000 0.000054
-5.600000 0.000040
-5.550000 0.000055
-5.500000 0.000041
-5.450000 0.000056
-5.400000 0.000043
-5.350000 0.000058
-5.300000 0.000045
-5.250000 0.000061
-5.200000 0.000048
-5.150000 0.000064
-5.100000 0.000050
-5.050000 0.000065
-5.000000 0.000051
-4.950000 0.000065
-4.900000 0.000050
-4.850000 0.000062
-4.800000 0.000046
-4.750000 0.000057
-4.700000 0.000040
-4.650000 0.000051
-4.600000 0.000034
-4.550000 0.000045
-4.500000 0.000028
-4.450000 0.000040
-4.400000 0.000025
-4.350000 0.000038
-4.300000 0.000024
-4.250000 0.000039
-4.200000 0.000026
-4.150000 0.000042
-4.100000 0.000030
-4.050000 0.000046
-4.000000 0.000034
-3.950000 0.000050
-3.900000 0.000038
-3.850000 0.000053
-3.800000 0.000040
-3.750000 0.000054
-3.700000 0.000041
-3.650000 0.000054
-3.600000 0.000040
-3.550000 0.000053
-3.500000 0.000039
-3.450000 0.000053
-3.400000 0.000039
-3.350000 0.000054
-3.300000 0.000041
-3.250000 0.000057
-3.200000 0.000045
-3.150000 0.000062
-3.100000 0.000051
-3.050000 0.000068
-3.000000 0.000059
-2.950000 0.000076
-2.900000 0.000066
-2.850000 0.000082
-2.800000 0.000072
-2.750000 0.000087
-2.700000 0.000075
-2.650000 0.000089
-2.600000 0.000076
-2.550000 0.000088
-2.500000 0.000072
-2.450000 0.000083
-2.400000 0.000066
-2.350000 0.000075
-2.300000 0.000058
-2.250000 0.000066
-2.200000 0.000048
-2.150000 0.000056
-2.100000 0.000037
-2.050000 0.000044
-2.000000 0.000025
-1.950000 0.000031
-1.900000 0.000010
-1.850000 0.000014
-1.800000 -0.000009
-1.750000 -0.000009
-1.700000 -0.000036
-1.650000 -0.000040
-1.600000 -0.000072
-1.550000 -0.000082
-1.500000 -0.000121
-1.450000 -0.000137
-1.400000 -0.000183
-1.350000 -0.000207
-1.300000 -0.000260
-1.250000 -0.000293
-1.200000 -0.000355
-1.150000 -0.000397
-1.100000 -0.000469
-1.050000 -0.000522
-1.000000 -0.000607
-0.950000 -0.000673
-0.900000 -0.000772
-0.850000 -0.000854
-0.800000 -0.000972
-0.750000 -0.001075
-0.700000 -0.001216
-0.650000 -0.001345
-0.600000 -0.001514
-0.550000 -0.001675
-0.500000 -0.001880
-0.450000 -0.002080
-0.400000 -0.002328
-0.350000 -0.002577
-0.300000 -0.002878
-0.250000 -0.003185
-0.200000 -0.003550
-0.150000 -0.003927
-0.100000 -0.004370
-0.050000 -0.004832
0.000000 -0.005369
0.050000 -0.005935
0.100000 -0.006585
0.150000 -0.007276
0.200000 -0.008065
0.250000 -0.008909
0.300000 -0.009866
0.350000 -0.010897
0.400000 -0.012061
0.450000 -0.013321
0.500000 -0.014737
0.550000 -0.016276
0.600000 -0.018000
0.650000 -0.019879
0.700000 -0.021979
0.750000 -0.024272
0.800000 -0.026829
0.850000 -0.029625
0.900000 -0.032736
0.950000 -0.036142
1.000000 -0.039924
1.050000 -0.044070
1.100000 -0.048665
1.150000 -0.053704
1.200000 -0.059282
1.250000 -0.065401
1.300000 -0.072165
1.350000 -0.079585
1.400000 -0.087776
1.450000 -0.096761
1.500000 -0.106666
1.550000 -0.117526
1.600000 -0.129479
1.650000 -0.142576
1.700000 -0.156968
1.750000 -0.172718
1.800000 -0.189994
1.850000 -0.208872
1.900000 -0.229533
1.950000 -0.252068
2.000000 -0.276668
2.050000 -0.303433
2.100000 -0.332562
2.150000 -0.364160
2.200000 -0.398423
2.250000 -0.435452
2.300000 -0.475431
2.350000 -0.518441
2.400000 -0.564637
2.450000 -0.614058
2.500000 -0.666810
2.550000 -0.722865
2.600000 -0.782248
2.650000 -0.844836
2.700000 -0.910537
2.750000 -0.979098
2.800000 -1.050281
2.850000 -1.123668
2.900000 -1.198844
2.950000 -1.275206
3.000000 -1.352147
3.050000 -1.428877
3.100000 -1.504608
3.150000 -1.578386
3.200000 -1.649291
3.250000 -1.716269
3.300000 -1.778346
3.350000 -1.834470
3.400000 -1.883727
3.450000 -1.925191
3.500000 -1.958138
3.550000 -1.981892
3.600000 -1.996034
3.650000 -2.000239
3.700000 -1.994468
3.750000 -1.978792
3.800000 -1.953565
3.850000 -1.919234
3.900000 -1.876500
3.950000 -1.826104
4.000000 -1.768989
4.050000 -1.706077
4.100000 -1.638424
4.150000 -1.567004
4.200000 -1.492865
4.250000 -1.416919
4.300000 -1.340111
4.350000 -1.263212
4.400000 -1.187001
4.450000 -1.112069
4.500000 -1.039002
4.550000 -0.968204
4.600000 -0.900076
4.650000 -0.834846
4.700000 -0.772754
4.750000 -0.713884
4.800000 -0.658347
4.850000 -0.606115
4.900000 -0.557205
4.950000 -0.511512
5.000000 -0.468988
5.050000 -0.429478
5.100000 -0.392896
5.150000 -0.359060
5.200000 -0.327865
5.250000 -0.299117
5.300000 -0.272708
5.350000 -0.248442
5.400000 -0.226217
5.450000 -0.205845
5.500000 -0.187232
5.550000 -0.170204
5.600000 -0.154679
5.650000 -0.140496
5.700000 -0.127588
5.750000 -0.115810
5.800000 -0.105108
5.850000 -0.095349
5.900000 -0.086495
5.950000 -0.078426
6.000000 -0.071115
6.050000 -0.064454
6.100000 -0.058426
6.150000 -0.052934
6.200000 -0.047972
6.250000 -0.043450
6.300000 -0.039370
6.350000 -0.035650
6.400000 -0.032299
6.450000 -0.029241
6.500000 -0.026491
6.550000 -0.023980
6.600000 -0.021725
6.650000 -0.019663
6.700000 -0.017815
6.750000 -0.016121
6.800000 -0.014608
6.850000 -0.013217
6.900000 -0.011977
6.950000 -0.010834
7.000000 -0.009818
7.050000 -0.008877
7.100000 -0.008045
7.150000 -0.007271
7.200000 -0.006590
7.250000 -0.005952
7.300000 -0.005395
7.350000 -0.004869
7.400000 -0.004414
7.450000 -0.003982
7.500000 -0.003611
7.550000 -0.003256
7.600000 -0.002956
7.650000 -0.002664
7.700000 -0.002422
7.750000 -0.002183
7.800000 -0.001987
7.850000 -0.001791
7.900000 -0.001634
7.950000 -0.001472
8.000000 -0.001345
8.050000 -0.001210
8.100000 -0.001108
8.150000 -0.000994
8.200000 -0.000911
8.250000 -0.000815
8.300000 -0.000747
8.350000 -0.000665
8.400000 -0.000610
8.450000 -0.000540
8.500000 -0.000496
8.550000 -0.000436
8.600000 -0.000402
8.650000 -0.000351
8.700000 -0.000325
8.750000 -0.000282
8.800000 -0.000264
8.850000 -0.000228
8.900000 -0.000216
8.950000 -0.000186
9.000000 -0.000180
9.050000 -0.000154
9.100000 -0.000152
9.150000 -0.000131
9.200000 -0.000131
9.250000 -0.000112
9.300000 -0.000114
9.350000 -0.000096
9.400000 -0.000099
9.450000 -0.000081
9.500000 -0.000084
9.550000 -0.000065
9.600000 -0.000068
9.650000 -0.000050
9.700000 -0.000052
9.750000 -0.000034
9.800000 -0.000038
9.850000 -0.000021
9.900000 -0.000025
9.950000 -0.000010
10.000000 -0.000017
10.050000 -0.000004
10.100000 -0.000013
10.150000 -0.000002
10.200000 -0.000013
10.250000 -0.000004
10.300000 -0.000016
10.350000 -0.000007
10.400000 -0.000020
10.450000 -0.000011
10.500000 -0.000023
10.550000 -0.000014
10.600000 -0.000025
10.650000 -0.000014
10.700000 -0.000024
10.750000 -0.000012
10.800000 -0.000020
10.850000 -0.000006
10.900000 -0.000014
10.950000 0.000000
11.000000 -0.000007
11.050000 0.000007
11.100000 -0.000000
11.150000 0.000012
11.200000 0.000004
11.250000 0.000016
11.300000 0.000006
11.350000 0.000016
11.400000 0.000005
11.450000 0.000013
11.500000 0.000000
11.550000 0.000008
11.600000 -0.000006
11.650000 0.000001
11.700000 -0.000012
11.750000 -0.000004
11.800000 -0.000017
11.850000 -0.000008
11.900000 -0.000020
11.950000 -0.000009
12.000000 -0.000019
12.050000 -0.000007
12.100000 -0.000014
12.150000 -0.000001
12.200000 -0.000008
12.250000 0.000006
12.300000 -0.000000
12.350000 0.000013
12.400000 0.000006
12.450000 0.000018
12.500000 0.000009
12.550000 0.000019
12.600000 0.000009
12.650000 0.000017
12.700000 0.000005
12.750000 0.000012
12.800000 -0.000001
12.850000 0.000005
12.900000 -0.000008
12.950000 -0.000001
13.000000 -0.000014
13.050000 -0.000007
13.100000 -0.000018
13.150000 -0.000009
13.200000 -0.000019
13.250000 -0.000008
13.300000 -0.000016
13.350000 -0.000004
13.400000 -0.000012
13.450000 0.000002
13.500000 -0.000005
13.550000 0.000008
13.600000 0.000001
13.650000 0.000014
13.700000 0.000007
13.750000 0.000019
13.800000 0.000009
13.850000 0.000020
13.900000 0.000009
13.950000 0.000017
14.000000 0.000005
14.050000 0.000012
14.100000 -0.000002
14.150000 0.000005
14.200000 -0.000009
14.250000 -0.000003
14.300000 -0.000016
14.350000 -0.000008
14.400000 -0.000020
14.450000 -0.000011
14.500000 -0.000021
14.550000 -0.000009
14.600000 -0.000017
14.650000 -0.000004
14.700000 -0.000011
14.750000 0.000003
14.800000 -0.000003
14.850000 0.000011
14.900000 0.000004
14.950000 0.000017
15.000000 0.000009
15.050000 0.000020
15.100000 0.000011
15.150000 0.000020
15.200000 0.000009
15.250000 0.000016
15.300000 0.000003
15.350000 0.000010
15.400000 -0.000003
15.450000 0.000003
15.500000 -0.000011
15.550000 -0.000004
15.600000 -0.000016
15.650000 -0.000009
15.700000 -0.000020
15.750000 -0.000011
15.800000 -0.000020
15.850000 -0.000009
15.900000 -0.000017
15.950000 -0.000005
16.000000 -0.000011
16.050000 0.000002
16.100000 -0.000004
16.150000 0.000010
16.200000 0.000004
16.250000 0.000017
16.300000 0.000010
16.350000 0.000021
16.400000 0.000012
16.450000 0.000021
16.500000 0.000011
16.550000 0.000018
16.600000 0.000006
16.650000 0.000011
16.700000 -0.000002
16.750000 0.000003
16.800000 -0.000011
16.850000 -0.000005
16.900000 -0.000018
16.950000 -0.000011
17.000000 -0.000022
17.050000 -0.000013
17.100000 -0.000022
17.150000 -0.000011
17.200000 -0.000018
17.250000 -0.000005
17.300000 -0.000011
17.350000 0.000002
17.400000 -0.000003
17.450000 0.000010
17.500000 0.000005
17.550000 0.000017
17.600000 0.000010
17.650000 0.000021
17.700000 0.000012
17.750000 0.000021
17.800000 0.000011
17.850000 0.000018
17.900000 0.000006
17.950000 0.000012
18.000000 -0.000001
18.050000 0.000005
18.100000 -0.000008
18.150000 -0.000003
18.200000 -0.000016
18.250000 -0.000010
18.300000 -0.000021
18.350000 -0.000013
18.400000 -0.000022
18.450000 -0.000013
18.500000 -0.000020
18.550000 -0.000009
18.600000 -0.000014
18.650000 -0.000002
18.700000 -0.000006
18.750000 0.000007
18.800000 0.000003
18.850000 0.000016
18.900000 0.000010
18.950000 0.000022
19.000000 0.000015
19.050000 0.000024
19.100000 0.000014
19.150000 0.000021
19.200000 0.000010
19.250000 0.000015
19.300000 0.000002
19.350000 0.000006
19.400000 -0.000007
19.450000 -0.000003
19.500000 -0.000015
19.550000 -0.000010
19.600000 -0.000021
19.650000 -0.000014
19.700000 -0.000023
19.750000 -0.000014
19.800000 -0.000021
19.850000 -0.000011
19.900000 -0.000016
19.950000 -0.000004
20.000000 -0.000008
20.050000 0.000004
20.100000 -0.000000
20.150000 0.000012
20.200000 0.000008
20.250000 0.000019
20.300000 0.000013
20.350000 0.000023
20.400000 0.000015
20.450000 0.000023
20.500000 0.000013
20.550000 0.000019
20.600000 0.000008
20.650000 0.000012
20.700000 -0.000000
20.750000 0.000003
20.800000 -0.000009
20.850000 -0.000006
20.900000 -0.000018
20.950000 -0.000013
21.000000 -0.000023
21.050000 -0.000017
21.100000 -0.000025
21.150000 -0.000016
21.200000 -0.000022
21.250000 -0.000011
21.300000 -0.000014
21.350000 -0.000002
21.400000 -0.000005
21.450000 0.000008
21.500000 0.000005
21.550000 0.000017
21.600000 0.000013
21.650000 0.000023
21.700000 0.000017
21.750000 0.000025
21.800000 0.000017
21.850000 0.000022
21.900000 0.000012
21.950000 0.000016
22.000000 0.000005
22.050000 0.000008
22.100000 -0.000004
22.150000 -0.000001
22.200000 -0.000013
22.250000 -0.000010
22.300000 -0.000020
22.350000 -0.000015
22.400000 -0.000024
22.450000 -0.000017
22.500000 -0.000024
22.550000 -0.000015
22.600000 -0.000020
22.650000 -0.000010
22.700000 -0.000013
22.750000 -0.000001
22.800000 -0.000003
22.850000 0.000008
22.900000 0.000006
22.950000 0.000017
23.000000 0.000014
23.050000 0.000024
23.100000 0.000019
23.150000 0.000026
23.200000 0.000019
23.250000 0.000024
23.300000 0.000014
23.350000 0.000017
23.400000 0.000006
23.450000 0.000007
23.500000 -0.000005
23.550000 -0.000004
23.600000 -0.000015
23.650000 -0.000013
23.700000 -0.000023
23.750000 -0.000019
23.800000 -0.000026
23.850000 -0.000020
23.900000 -0.000025
23.950000 -0.000017
24.000000 -0.000020
24.050000 -0.000009
24.100000 -0.000011
24.150000 -0.000000
24.200000 -0.000001
24.250000 0.000010
24.300000 0.000008
24.350000 0.000018
24.400000 0.000015
24.450000 0.000024
24.500000 0.000019
24.550000 0.000026
24.600000 0.000019
24.650000 0.000023
24.700000 0.000015
24.750000 0.000017
24.800000 0.000007
24.850000 0.000008
24.900000 -0.000003
24.950000 -0.000002
25.000000 -0.000013
25.050000 -0.000012
25.100000 -0.000022
25.150000 -0.000019
25.200000 -0.000027
25.250000 -0.000022
25.300000 -0.000027
25.350000 -0.000020
25.400000 -0.000023
25.450000 -0.000014
25.500000 -0.000014
25.550000 -0.000004
25.600000 -0.000003
25.650000 0.000008
25.700000 0.000008
25.750000 0.000018
25.800000 0.000017
25.850000 0.000026
25.900000 0.000022
25.950000 0.000028
26.000000 0.000022
26.050000 0.000026
26.100000 0.000018
26.150000 0.000019
26.200000 0.000009
26.250000 0.000009
26.300000 -0.000001
26.350000 -0.000002
26.400000 -0.000012
26.450000 -0.000011
26.500000 -0.000020
26.550000 -0.000019
26.600000 -0.000026
26.650000 -0.000022
26.700000 -0.000027
26.750000 -0.000022
26.800000 -0.000024
26.850000 -0.000017
26.900000 -0.000018
26.950000 -0.000008
27.000000 -0.000008
27.050000 0.000002
27.100000 0.000003
27.150000 0.000013
27.200000 0.000014
27.250000 0.000023
27.300000 0.000022
27.350000 0.000028
27.400000 0.000025
27.450000 0.000029
27.500000 0.000024
27.550000 0.000025
27.600000 0.000017
27.650000 0.000016
27.700000 0.000006
27.750000 0.000004
27.800000 -0.000006
27.850000 -0.000008
27.900000 -0.000018
27.950000 -0.000018
28.000000 -0.000026
28.050000 -0.000025
28.100000 -0.000030
28.150000 -0.000026
28.200000 -0.000029
28.250000 -0.000022
28.300000 -0.000022
28.350000 -0.000014
28.400000 -0.000013
28.450000 -0.000003
28.500000 -0.000001
28.550000 0.000008
28.600000 0.000010
28.650000 0.000018
28.700000 0.000019
28.750000 0.000026
28.800000 0.000024
28.850000 0.000029
28.900000 0.000026
28.950000 0.000028
29.000000 0.000023
29.050000 0.000023
29.100000 0.000015
29.150000 0.000013
29.200000 0.000004
29.250000 0.000002
29.300000 -0.000008
29.350000 -0.000011
29.400000 -0.000019
29.450000 -0.000021
29.500000 -0.000028
29.550000 -0.000028
29.600000 -0.000032
29.650000 -0.000029
29.700000 -0.000030
29.750000 -0.000025
29.800000 -0.000023
29.850000 -0.000015
29.900000 -0.000012
29.950000 -0.000003
30.000000 0.000001
30.050000 0.000010
30.100000 0.000014
30.150000 0.000022
30.200000 0.000024
30.250000 0.000029
30.300000 0.000029
30.350000 0.000032
30.400000 0.000029
30.450000 0.000029
30.500000 0.000024
30.550000 0.000022
30.600000 0.000014
30.650000 0.000011
30.700000 0.000003
30.750000 -0.000001
30.800000 -0.000009
30.850000 -0.000013
30.900000 -0.000020
30.950000 -0.000022
31.000000 -0.000028
31.050000 -0.000028
31.100000 -0.000031
31.150000 -0.000030
31.200000 -0.000030
31.250000 -0.000026
31.300000 -0.000024
31.350000 -0.000018
31.400000 -0.000014
31.450000 -0.000006
31.500000 -0.000001
31.550000 0.000007
31.600000 0.000012
31.650000 0.000020
31.700000 0.000024
31.750000 0.000030
31.800000 0.000031
31.850000 0.000034
31.900000 0.000033
31.950000 0.000033
32.000000 0.000029
32.050000 0.000026
32.100000 0.000020
32.150000 0.000015
32.200000 0.000007
32.250000 0.000001
32.300000 -0.000007
32.350000 -0.000013
32.400000 -0.000020
32.450000 -0.000024
32.500000 -0.000029
32.550000 -0.000031
32.600000 -0.000033
32.650000 -0.000033
32.700000 -0.000033
32.750000 -0.000029
32.800000 -0.000027
32.850000 -0.000021
32.900000 -0.000017
32.950000 -0.000010
33.000000 -0.000005
33.050000 0.000003
33.100000 0.000008
33.150000 0.000015
33.200000 0.000020
33.250000 0.000026
33.300000 0.000029
33.350000 0.000033
33.400000 0.000034
33.450000 0.000035
33.500000 0.000034
33.550000 0.000032
33.600000 0.000028
33.650000 0.000023
33.700000 0.000017
33.750000 0.000010
33.800000 0.000002
33.850000 -0.000005
33.900000 -0.000013
33.950000 -0.000020
34.000000 -0.000026
34.050000 -0.000031
34.100000 -0.000035
34.150000 -0.000037
34.200000 -0.000038
34.250000 -0.000037
34.300000 -0.000034
34.350000 -0.000030
34.400000 -0.000025
34.450000 -0.000019
34.500000 -0.000013
34.550000 -0.000006
34.600000 0.000002
34.650000 0.000009
34.700000 0.000016
34.750000 0.000021
34.800000 0.000027
34.850000 0.000031
34.900000 0.000034
34.950000 0.000036
35.000000 0.000037
35.050000 0.000035
35.100000 0.000034
35.150000 0.000030
35.200000 0.000026
35.250000 0.000020
35.300000 0.000014
35.350000 0.000007
35.400000 0.000000
35.450000 -0.000008
35.500000 -0.000014
35.550000 -0.000022
35.600000 -0.000027
35.650000 -0.000033
35.700000 -0.000036
35.750000 -0.000040
35.800000 -0.000040
35.850000 -0.000040
35.900000 -0.000037
35.950000 -0.000034
36.000000 -0.000028
36.050000 -0.000023
36.100000 -0.000014
36.150000 -0.000007
36.200000 0.000002
36.250000 0.000009
36.300000 0.000018
36.350000 0.000024
36.400000 0.000031
36.450000 0.000034
36.500000 0.000039
36.550000 0.000039
36.600000 0.000041
36.650000 0.000039
36.700000 0.000037
36.750000 0.000032
36.800000 0.000028
36.850000 0.000021
36.900000 0.000016
36.950000 0.000008
37.000000 0.000002
37.050000 -0.000007
37.100000 -0.000013
37.150000 -0.000021
37.200000 -0.000026
37.250000 -0.000033
37.300000 -0.000036
37.350000 -0.000040
37.400000 -0.000040
37.450000 -0.000042
37.500000 -0.000040
37.550000 -0.000038
37.600000 -0.000033
37.650000 -0.000029
37.700000 -0.000021
37.750000 -0.000015
37.800000 -0.000005
37.850000 0.000002
37.900000 0.000012
37.950000 0.000019
38.000000 0.000028
38.050000 0.000033
38.100000 0.000040
38.150000 0.000042
38.200000 0.000046
38.250000 0.000044
38.300000 0.000045
38.350000 0.000040
38.400000 0.000037
38.450000 0.000030
38.500000 0.000025
38.550000 0.000015
38.600000 0.000009
38.650000 -0.000001
38.700000 -0.000008
38.750000 -0.000017
38.800000 -0.000022
38.850000 -0.000031
38.900000 -0.000034
38.950000 -0.000040
39.000000 -0.000041
39.050000 -0.000044
39.100000 -0.000043
39.150000 -0.000043
39.200000 -0.000039
39.250000 -0.000037
39.300000 -0.000030
39.350000 -0.000026
39.400000 -0.000016
39.450000 -0.000011
39.500000 -0.000000
39.550000 0.000006
39.600000 0.000017
39.650000 0.000023
39.700000 0.000032
39.750000 0.000037
39.800000 0.000044
39.850000 0.000045
39.900000 0.000049
39.950000 0.000047
40.000000 0.000048
40.050000 0.000043
40.100000 0.000040
40.150000 0.000031
40.200000 0.000026
40.250000 0.000015
40.300000 0.000009
40.350000 -0.000003
40.400000 -0.000010
40.450000 -0.000021
40.500000 -0.000026
40.550000 -0.000035
40.600000 -0.000039
40.650000 -0.000045
40.700000 -0.000045
40.750000 -0.000049
40.800000 -0.000046
40.850000 -0.000047
40.900000 -0.000041
40.950000 -0.000039
41.000000 -0.000031
41.050000 -0.000027
41.100000 -0.000017
41.150000 -0.000012
41.200000 -0.000001
41.250000 0.000005
41.300000 0.000016
41.350000 0.000021
41.400000 0.000032
41.450000 0.000036
41.500000 0.000044
41.550000 0.000046
41.600000 0.000052
41.650000 0.000050
41.700000 0.000053
41.750000 0.000048
41.800000 0.000047
41.850000 0.000038
41.900000 0.000034
41.950000 0.000023
42.000000 0.000017
42.050000 0.000004
42.100000 -0.000003
42.150000 -0.000015
42.200000 -0.000022
42.250000 -0.000033
42.300000 -0.000037
42.350000 -0.000046
42.400000 -0.000048
42.450000 -0.000053
42.500000 -0.000052
42.550000 -0.000054
42.600000 -0.000049
42.650000 -0.000048
42.700000 -0.000040
42.750000 -0.000037
42.800000 -0.000026
42.850000 -0.000021
42.900000 -0.000010
42.950000 -0.000004
43.000000 0.000008
43.050000 0.000014
43.100000 0.000025
43.150000 0.000030
43.200000 0.000040
43.250000 0.000043
43.300000 0.000051
43.350000 0.000051
43.400000 0.000056
43.450000 0.000054
43.500000 0.000055
43.550000 0.000049
43.600000 0.000048
43.650000 0.000038
43.700000 0.000034
43.750000 0.000022
43.800000 0.000015
43.850000 0.000001
43.900000 -0.000006
43.950000 -0.000020
44.000000 -0.000027
44.050000 -0.000040
44.100000 -0.000045
44.150000 -0.000055
44.200000 -0.000057
44.250000 -0.000064
44.300000 -0.000063
44.350000 -0.000067
44.400000 -0.000062
44.450000 -0.000063
44.500000 -0.000056
44.550000 -0.000055
44.600000 -0.000046
44.650000 -0.000043
44.700000 -0.000033
44.750000 -0.000031
44.800000 -0.000021
44.850000 -0.000018
44.900000 -0.000009
44.950000 -0.000008
