-30.000000 -0.000002
-29.950000 -0.000003
-29.900000 -0.000006
-29.850000 -0.000006
-29.800000 -0.000009
-29.750000 -0.000009
-29.700000 -0.000010
-29.650000 -0.000009
-29.600000 -0.000009
-29.550000 -0.000006
-29.500000 -0.000005
-29.450000 -0.000002
-29.400000 0.000000
-29.350000 0.000003
-29.300000 0.000005
-29.250000 0.000008
-29.200000 0.000008
-29.150000 0.000009
-29.100000 0.000009
-29.050000 0.000008
-29.000000 0.000006
-28.950000 0.000004
-28.900000 0.000001
-28.850000 -0.000001
-28.800000 -0.000004
-28.750000 -0.000006
-28.700000 -0.000008
-28.650000 -0.000009
-28.600000 -0.000010
-28.550000 -0.000009
-28.500000 -0.000008
-28.450000 -0.000006
-28.400000 -0.000004
-28.350000 -0.000001
-28.300000 0.000002
-28.250000 0.000005
-28.200000 0.000007
-28.150000 0.000009
-28.100000 0.000010
-28.050000 0.000010
-28.000000 0.000010
-27.950000 0.000008
-27.900000 0.000006
-27.850000 0.000004
-27.800000 0.000001
-27.750000 -0.000002
-27.700000 -0.000005
-27.650000 -0.000008
-27.600000 -0.000010
-27.550000 -0.000011
-27.500000 -0.000011
-27.450000 -0.000011
-27.400000 -0.000009
-27.350000 -0.000007
-27.300000 -0.000004
-27.250000 -0.000001
-27.200000 0.000003
-27.150000 0.000005
-27.100000 0.000008
-27.050000 0.000010
-27.000000 0.000012
-26.950000 0.000012
-26.900000 0.000012
-26.850000 0.000010
-26.800000 0.000008
-26.750000 0.000004
-26.700000 0.000002
-26.650000 -0.000002
-26.600000 -0.000005
-26.550000 -0.000009
-26.500000 -0.000010
-26.450000 -0.000013
-26.400000 -0.000012
-26.350000 -0.000013
-26.300000 -0.000011
-26.250000 -0.000009
-26.200000 -0.000006
-26.150000 -0.000003
-26.100000 0.000002
-26.050000 0.000004
-26.000000 0.000008
-25.950000 0.000010
-25.900000 0.000013
-25.850000 0.000013
-25.800000 0.000014
-25.750000 0.000012
-25.700000 0.000011
-25.650000 0.000007
-25.600000 0.000005
-25.550000 -0.000000
-25.500000 -0.000003
-25.450000 -0.000008
-25.400000 -0.000009
-25.350000 -0.000013
-25.300000 -0.000013
-25.250000 -0.000015
-25.200000 -0.000013
-25.150000 -0.000013
-25.100000 -0.000009
-25.050000 -0.000007
-25.000000 -0.000002
-24.950000 0.000000
-24.900000 0.000006
-24.850000 0.000008
-24.800000 0.000013
-24.750000 0.000013
-24.700000 0.000016
-24.650000 0.000015
-24.600000 0.000016
-24.550000 0.000012
-24.500000 0.000011
-24.450000 0.000005
-24.400000 0.000003
-24.350000 -0.000004
-24.300000 -0.000006
-24.250000 -0.000012
-24.200000 -0.000013
-24.150000 -0.000017
-24.100000 -0.000016
-24.050000 -0.000018
-24.000000 -0.000014
-23.950000 -0.000014
-23.900000 -0.000009
-23.850000 -0.000007
-23.800000 0.000000
-23.750000 0.000002
-23.700000 0.000009
-23.650000 0.000011
-23.600000 0.000016
-23.550000 0.000016
-23.500000 0.000019
-23.450000 0.000017
-23.400000 0.000018
-23.350000 0.000013
-23.300000 0.000011
-23.250000 0.000005
-23.200000 0.000002
-23.150000 -0.000005
-23.100000 -0.000007
-23.050000 -0.000014
-23.000000 -0.000015
-22.950000 -0.000020
-22.900000 -0.000018
-22.850000 -0.000021
-22.800000 -0.000017
-22.750000 -0.000017
-22.700000 -0.000010
-22.650000 -0.000008
-22.600000 -0.000001
-22.550000 0.000002
-22.500000 0.000010
-22.450000 0.000011
-22.400000 0.000018
-22.350000 0.000018
-22.300000 0.000022
-22.250000 0.000020
-22.200000 0.000021
-22.150000 0.000016
-22.100000 0.000015
-22.050000 0.000008
-22.000000 0.000005
-21.950000 -0.000003
-21.900000 -0.000006
-21.850000 -0.000014
-21.800000 -0.000015
-21.750000 -0.000021
-21.700000 -0.000021
-21.650000 -0.000024
-21.600000 -0.000021
-21.550000 -0.000022
-21.500000 -0.000015
-21.450000 -0.000014
-21.400000 -0.000006
-21.350000 -0.000003
-21.300000 0.000006
-21.250000 0.000009
-21.200000 0.000017
-21.150000 0.000018
-21.100000 0.000024
-21.050000 0.000023
-21.000000 0.000026
-20.950000 0.000022
-20.900000 0.000022
-20.850000 0.000015
-20.800000 0.000013
-20.750000 0.000004
-20.700000 0.000001
-20.650000 -0.000008
-20.600000 -0.000011
-20.550000 -0.000020
-20.500000 -0.000021
-20.450000 -0.000027
-20.400000 -0.000025
-20.350000 -0.000028
-20.300000 -0.000023
-20.250000 -0.000024
-20.200000 -0.000016
-20.150000 -0.000014
-20.100000 -0.000004
-20.050000 -0.000001
-20.000000 0.000009
-19.950000 0.000012
-19.900000 0.000021
-19.850000 0.000022
-19.800000 0.000029
-19.750000 0.000027
-19.700000 0.000031
-19.650000 0.000026
-19.600000 0.000026
-19.550000 0.000018
-19.500000 0.000016
-19.450000 0.000005
-19.400000 0.000002
-19.350000 -0.000009
-19.300000 -0.000012
-19.250000 -0.000022
-19.200000 -0.000024
-19.150000 -0.000031
-19.100000 -0.000030
-19.050000 -0.000034
-19.000000 -0.000029
-18.950000 -0.000029
-18.900000 -0.000021
-18.850000 -0.000019
-18.800000 -0.000008
-18.750000 -0.000005
-18.700000 0.000007
-18.650000 0.000011
-18.600000 0.000021
-18.550000 0.000024
-18.500000 0.000032
-18.450000 0.000032
-18.400000 0.000037
-18.350000 0.000032
-18.300000 0.000034
-18.250000 0.000026
-18.200000 0.000024
-18.150000 0.000014
-18.100000 0.000010
-18.050000 -0.000002
-18.000000 -0.000007
-17.950000 -0.000018
-17.900000 -0.000022
-17.850000 -0.000032
-17.800000 -0.000032
-17.750000 -0.000039
-17.700000 -0.000036
-17.650000 -0.000039
-17.600000 -0.000032
-17.550000 -0.000032
-17.500000 -0.000022
-17.450000 -0.000018
-17.400000 -0.000006
-17.350000 -0.000001
-17.300000 0.000012
-17.250000 0.000017
-17.200000 0.000028
-17.150000 0.000031
-17.100000 0.000039
-17.050000 0.000039
-17.000000 0.000044
-16.950000 0.000039
-16.900000 0.000040
-16.850000 0.000031
-16.800000 0.000029
-16.750000 0.000017
-16.700000 0.000012
-16.650000 -0.000001
-16.600000 -0.000007
-16.550000 -0.000020
-16.500000 -0.000025
-16.450000 -0.000036
-16.400000 -0.000038
-16.350000 -0.000046
-16.300000 -0.000044
-16.250000 -0.000048
-16.200000 -0.000041
-16.150000 -0.000041
-16.100000 -0.000031
-16.050000 -0.000027
-16.000000 -0.000014
-15.950000 -0.000008
-15.900000 0.000006
-15.850000 0.000013
-15.800000 0.000026
-15.750000 0.000031
-15.700000 0.000042
-15.650000 0.000044
-15.600000 0.000051
-15.550000 0.000049
-15.500000 0.000052
-15.450000 0.000045
-15.400000 0.000044
-15.350000 0.000033
-15.300000 0.000028
-15.250000 0.000014
-15.200000 0.000007
-15.150000 -0.000008
-15.100000 -0.000015
-15.050000 -0.000029
-15.000000 -0.000035
-14.950000 -0.000046
-14.900000 -0.000049
-14.850000 -0.000056
-14.800000 -0.000054
-14.750000 -0.000057
-14.700000 -0.000050
-14.650000 -0.000049
-14.600000 -0.000038
-14.550000 -0.000032
-14.500000 -0.000018
-14.450000 -0.000010
-14.400000 0.000005
-14.350000 0.000013
-14.300000 0.000029
-14.250000 0.000035
-14.200000 0.000048
-14.150000 0.000052
-14.100000 0.000061
-14.050000 0.000060
-14.000000 0.000064
-13.950000 0.000058
-13.900000 0.000058
-13.850000 0.000047
-13.800000 0.000042
-13.750000 0.000028
-13.700000 0.000020
-13.650000 0.000004
-13.600000 -0.000006
-13.550000 -0.000022
-13.500000 -0.000031
-13.450000 -0.000045
-13.400000 -0.000051
-13.350000 -0.000062
-13.300000 -0.000064
-13.250000 -0.000071
-13.200000 -0.000068
-13.150000 -0.000069
-13.100000 -0.000061
-13.050000 -0.000057
-13.000000 -0.000044
-12.950000 -0.000036
-12.900000 -0.000020
-12.850000 -0.000010
-12.800000 0.000007
-12.750000 0.000018
-12.700000 0.000035
-12.650000 0.000044
-12.600000 0.000058
-12.550000 0.000063
-12.500000 0.000073
-12.450000 0.000075
-12.400000 0.000079
-12.350000 0.000075
-12.300000 0.000074
-12.250000 0.000065
-12.200000 0.000059
-12.150000 0.000045
-12.100000 0.000036
-12.050000 0.000019
-12.000000 0.000007
-11.950000 -0.000011
-11.900000 -0.000023
-11.850000 -0.000041
-11.800000 -0.000051
-11.750000 -0.000066
-11.700000 -0.000072
-11.650000 -0.000082
-11.600000 -0.000084
-11.550000 -0.000089
-11.500000 -0.000085
-11.450000 -0.000084
-11.400000 -0.000075
-11.350000 -0.000069
-11.300000 -0.000054
-11.250000 -0.000044
-11.200000 -0.000027
-11.150000 -0.000014
-11.100000 0.000006
-11.050000 0.000019
-11.000000 0.000038
-10.950000 0.000050
-10.900000 0.000066
-10.850000 0.000075
-10.800000 0.000088
-10.750000 0.000092
-10.700000 0.000099
-10.650000 0.000097
-10.600000 0.000098
-10.550000 0.000091
-10.500000 0.000087
-10.450000 0.000074
-10.400000 0.000064
-10.350000 0.000047
-10.300000 0.000034
-10.250000 0.000015
-10.200000 -0.000001
-10.150000 -0.000021
-10.100000 -0.000036
-10.050000 -0.000055
-10.000000 -0.000068
-9.950000 -0.000084
-9.900000 -0.000092
-9.850000 -0.000104
-9.800000 -0.000107
-9.750000 -0.000113
-9.700000 -0.000111
-9.650000 -0.000110
-9.600000 -0.000102
-9.550000 -0.000096
-9.500000 -0.000082
-9.450000 -0.000071
-9.400000 -0.000053
-9.350000 -0.000038
-9.300000 -0.000017
-9.250000 -0.000000
-9.200000 0.000021
-9.150000 0.000038
-9.100000 0.000058
-9.050000 0.000073
-9.000000 0.000090
-8.950000 0.000101
-8.900000 0.000114
-8.850000 0.000120
-8.800000 0.000127
-8.750000 0.000127
-8.700000 0.000128
-8.650000 0.000122
-8.600000 0.000117
-8.550000 0.000105
-8.500000 0.000095
-8.450000 0.000078
-8.400000 0.000063
-8.350000 0.000043
-8.300000 0.000025
-8.250000 0.000003
-8.200000 -0.000016
-8.150000 -0.000039
-8.100000 -0.000057
-8.050000 -0.000077
-8.000000 -0.000093
-7.950000 -0.000110
-7.900000 -0.000121
-7.850000 -0.000134
-7.800000 -0.000140
-7.750000 -0.000146
-7.700000 -0.000147
-7.650000 -0.000147
-7.600000 -0.000141
-7.550000 -0.000136
-7.500000 -0.000124
-7.450000 -0.000113
-7.400000 -0.000096
-7.350000 -0.000080
-7.300000 -0.000060
-7.250000 -0.000041
-7.200000 -0.000019
-7.150000 0.000002
-7.100000 0.000025
-7.050000 0.000046
-7.000000 0.000067
-6.950000 0.000086
-6.900000 0.000106
-6.850000 0.000121
-6.800000 0.000137
-6.750000 0.000148
-6.700000 0.000158
-6.650000 0.000164
-6.600000 0.000168
-6.550000 0.000168
-6.500000 0.000167
-6.450000 0.000161
-6.400000 0.000153
-6.350000 0.000142
-6.300000 0.000129
-6.250000 0.000113
-6.200000 0.000096
-6.150000 0.000076
-6.100000 0.000056
-6.050000 0.000033
-6.000000 0.000011
-5.950000 -0.000013
-5.900000 -0.000036
-5.850000 -0.000059
-5.800000 -0.000081
-5.750000 -0.000103
-5.700000 -0.000123
-5.650000 -0.000142
-5.600000 -0.000159
-5.550000 -0.000174
-5.500000 -0.000187
-5.450000 -0.000198
-5.400000 -0.000206
-5.350000 -0.000212
-5.300000 -0.000215
-5.250000 -0.000216
-5.200000 -0.000215
-5.150000 -0.000211
-5.100000 -0.000206
-5.050000 -0.000198
-5.000000 -0.000188
-4.950000 -0.000177
-4.900000 -0.000165
-4.850000 -0.000151
-4.800000 -0.000137
-4.750000 -0.000122
-4.700000 -0.000107
-4.650000 -0.000092
-4.600000 -0.000078
-4.550000 -0.000064
-4.500000 -0.000051
-4.450000 -0.000040
-4.400000 -0.000031
-4.350000 -0.000023
-4.300000 -0.000019
-4.250000 -0.000016
-4.200000 -0.000017
-4.150000 -0.000021
-4.100000 -0.000029
-4.050000 -0.000040
-4.000000 -0.000056
-3.950000 -0.000075
-3.900000 -0.000100
-3.850000 -0.000129
-3.800000 -0.000164
-3.750000 -0.000204
-3.700000 -0.000251
-3.650000 -0.000303
-3.600000 -0.000363
-3.550000 -0.000429
-3.500000 -0.000504
-3.450000 -0.000585
-3.400000 -0.000677
-3.350000 -0.000777
-3.300000 -0.000889
-3.250000 -0.001010
-3.200000 -0.001145
-3.150000 -0.001291
-3.100000 -0.001454
-3.050000 -0.001630
-3.000000 -0.001826
-2.950000 -0.002038
-2.900000 -0.002274
-2.850000 -0.002531
-2.800000 -0.002815
-2.750000 -0.003125
-2.700000 -0.003468
-2.650000 -0.003844
-2.600000 -0.004259
-2.550000 -0.004714
-2.500000 -0.005218
-2.450000 -0.005770
-2.400000 -0.006382
-2.350000 -0.007054
-2.300000 -0.007798
-2.250000 -0.008616
-2.200000 -0.009521
-2.150000 -0.010517
-2.100000 -0.011620
-2.050000 -0.012834
-2.000000 -0.014178
-1.950000 -0.015658
-1.900000 -0.017296
-1.850000 -0.019101
-1.800000 -0.021096
-1.750000 -0.023296
-1.700000 -0.025728
-1.650000 -0.028409
-1.600000 -0.031371
-1.550000 -0.034636
-1.500000 -0.038241
-1.450000 -0.042215
-1.400000 -0.046601
-1.350000 -0.051434
-1.300000 -0.056765
-1.250000 -0.062636
-1.200000 -0.069108
-1.150000 -0.076231
-1.100000 -0.084078
-1.050000 -0.092708
-1.000000 -0.102204
-0.950000 -0.112641
-0.900000 -0.124112
-0.850000 -0.136705
-0.800000 -0.150528
-0.750000 -0.165681
-0.700000 -0.182289
-0.650000 -0.200465
-0.600000 -0.220347
-0.550000 -0.242063
-0.500000 -0.265762
-0.450000 -0.291583
-0.400000 -0.319684
-0.350000 -0.350208
-0.300000 -0.383315
-0.250000 -0.419147
-0.200000 -0.457853
-0.150000 -0.499557
-0.100000 -0.544386
-0.050000 -0.592427
0.000000 -0.643761
0.050000 -0.698416
0.100000 -0.756397
0.150000 -0.817643
0.200000 -0.882052
0.250000 -0.949439
0.300000 -1.019562
0.350000 -1.092077
0.400000 -1.166571
0.450000 -1.242519
0.500000 -1.319318
0.550000 -1.396251
0.600000 -1.472532
0.650000 -1.547273
0.700000 -1.619540
0.750000 -1.688328
0.800000 -1.752632
0.850000 -1.811423
0.900000 -1.863730
0.950000 -1.908624
1.000000 -1.945294
1.050000 -1.973037
1.100000 -1.991325
1.150000 -1.999787
1.200000 -1.998265
1.250000 -1.986779
1.300000 -1.965569
1.350000 -1.935039
1.400000 -1.895789
1.450000 -1.848542
1.500000 -1.794165
1.550000 -1.733586
1.600000 -1.667815
1.650000 -1.597859
1.700000 -1.524743
1.750000 -1.449436
1.800000 -1.372875
1.850000 -1.295903
1.900000 -1.219302
1.950000 -1.143739
2.000000 -1.069807
2.050000 -0.997982
2.100000 -0.928671
2.150000 -0.862170
2.200000 -0.798718
2.250000 -0.738460
2.300000 -0.681498
2.350000 -0.627858
2.400000 -0.577542
2.450000 -0.530489
2.500000 -0.486631
2.550000 -0.445854
2.600000 -0.408046
2.650000 -0.373059
2.700000 -0.340761
2.750000 -0.310990
2.800000 -0.283606
2.850000 -0.258444
2.900000 -0.235370
2.950000 -0.214224
3.000000 -0.194880
3.050000 -0.177191
3.100000 -0.161042
3.150000 -0.146300
3.200000 -0.132865
3.250000 -0.120618
3.300000 -0.109473
3.350000 -0.099325
3.400000 -0.090101
3.450000 -0.081709
3.500000 -0.074090
3.550000 -0.067163
3.600000 -0.060879
3.650000 -0.055168
3.700000 -0.049993
3.750000 -0.045291
3.800000 -0.041033
3.850000 -0.037165
3.900000 -0.033665
3.950000 -0.030486
4.000000 -0.027610
4.050000 -0.024999
4.100000 -0.022639
4.150000 -0.020494
4.200000 -0.018558
4.250000 -0.016798
4.300000 -0.015210
4.350000 -0.013766
4.400000 -0.012464
4.450000 -0.011279
4.500000 -0.010212
4.550000 -0.009241
4.600000 -0.008367
4.650000 -0.007570
4.700000 -0.006854
4.750000 -0.006200
4.800000 -0.005615
4.850000 -0.005078
4.900000 -0.004599
4.950000 -0.004159
5.000000 -0.003767
5.050000 -0.003406
5.100000 -0.003085
5.150000 -0.002789
5.200000 -0.002527
5.250000 -0.002284
5.300000 -0.002070
5.350000 -0.001870
5.400000 -0.001695
5.450000 -0.001531
5.500000 -0.001389
5.550000 -0.001253
5.600000 -0.001137
5.650000 -0.001026
5.700000 -0.000932
5.750000 -0.000840
5.800000 -0.000763
5.850000 -0.000687
5.900000 -0.000625
5.950000 -0.000563
6.000000 -0.000512
6.050000 -0.000460
6.100000 -0.000420
6.150000 -0.000377
6.200000 -0.000344
6.250000 -0.000308
6.300000 -0.000282
6.350000 -0.000252
6.400000 -0.000231
6.450000 -0.000206
6.500000 -0.000190
6.550000 -0.000168
6.600000 -0.000156
6.650000 -0.000138
6.700000 -0.000128
6.750000 -0.000112
6.800000 -0.000105
6.850000 -0.000092
6.900000 -0.000086
6.950000 -0.000075
7.000000 -0.000071
7.050000 -0.000061
7.100000 -0.000058
7.150000 -0.000050
7.200000 -0.000048
7.250000 -0.000040
7.300000 -0.000040
7.350000 -0.000033
7.400000 -0.000033
7.450000 -0.000026
7.500000 -0.000027
7.550000 -0.000021
7.600000 -0.000022
7.650000 -0.000017
7.700000 -0.000019
7.750000 -0.000014
7.800000 -0.000016
7.850000 -0.000011
7.900000 -0.000013
7.950000 -0.000009
8.000000 -0.000011
8.050000 -0.000007
8.100000 -0.000009
8.150000 -0.000005
8.200000 -0.000008
8.250000 -0.000004
8.300000 -0.000007
8.350000 -0.000003
8.400000 -0.000006
8.450000 -0.000002
8.500000 -0.000005
8.550000 -0.000002
8.600000 -0.000004
8.650000 -0.000001
8.700000 -0.000004
8.750000 -0.000001
8.800000 -0.000003
8.850000 -0.000000
8.900000 -0.000003
8.950000 0.000000
9.000000 -0.000003
9.050000 0.000000
9.100000 -0.000003
9.150000 0.000000
9.200000 -0.000002
9.250000 0.000001
9.300000 -0.000002
9.350000 0.000001
9.400000 -0.000002
9.450000 0.000001
9.500000 -0.000002
9.550000 0.000001
9.600000 -0.000002
9.650000 0.000001
9.700000 -0.000002
9.750000 0.000001
9.800000 -0.000002
9.850000 0.000001
9.900000 -0.000002
9.950000 0.000001
10.000000 -0.000001
10.050000 0.000001
10.100000 -0.000001
10.150000 0.000001
10.200000 -0.000001
10.250000 0.000001
10.300000 -0.000001
10.350000 0.000001
10.400000 -0.000001
10.450000 0.000001
10.500000 -0.000001
10.550000 0.000001
10.600000 -0.000001
10.650000 0.000001
10.700000 -0.000001
10.750000 0.000001
10.800000 -0.000001
10.850000 0.000001
10.900000 -0.000001
10.950000 0.000001
11.000000 -0.000001
11.050000 0.000001
11.100000 -0.000001
11.150000 0.000001
11.200000 -0.000001
11.250000 0.000001
11.300000 -0.000001
11.350000 0.000001
11.400000 -0.000001
11.450000 0.000001
11.500000 -0.000001
11.550000 0.000001
11.600000 -0.000001
11.650000 0.000001
11.700000 -0.000001
11.750000 0.000001
11.800000 -0.000001
11.850000 0.000001
11.900000 -0.000001
11.950000 0.000001
12.000000 -0.000001
12.050000 0.000001
12.100000 -0.000001
12.150000 0.000001
12.200000 -0.000001
12.250000 0.000001
12.300000 -0.000001
12.350000 0.000001
12.400000 -0.000001
12.450000 0.000001
12.500000 -0.000001
12.550000 0.000001
12.600000 -0.000001
12.650000 0.000001
12.700000 -0.000001
12.750000 0.000001
12.800000 -0.000001
12.850000 0.000001
12.900000 -0.000001
12.950000 0.000001
13.000000 -0.000001
13.050000 0.000001
13.100000 -0.000001
13.150000 0.000001
13.200000 -0.000001
13.250000 0.000001
13.300000 -0.000001
13.350000 0.000001
13.400000 -0.000001
13.450000 0.000001
13.500000 -0.000001
13.550000 0.000001
13.600000 -0.000001
13.650000 0.000001
13.700000 -0.000001
13.750000 0.000001
13.800000 -0.000001
13.850000 0.000001
13.900000 -0.000001
13.950000 0.000001
14.000000 -0.000001
14.050000 0.000001
14.100000 -0.000001
14.150000 0.000000
14.200000 -0.000001
14.250000 0.000000
14.300000 -0.000001
14.350000 0.000000
14.400000 -0.000001
14.450000 0.000001
14.500000 -0.000000
14.550000 0.000001
14.600000 -0.000000
14.650000 0.000001
14.700000 -0.000000
14.750000 0.000000
14.800000 -0.000000
14.850000 0.000000
14.900000 -0.000000
14.950000 0.000000
15.000000 -0.000000
15.050000 0.000000
15.100000 -0.000000
15.150000 0.000000
15.200000 -0.000000
15.250000 0.000000
15.300000 -0.000000
15.350000 0.000000
15.400000 -0.000000
15.450000 0.000000
15.500000 -0.000000
15.550000 0.000000
15.600000 -0.000000
15.650000 0.000000
15.700000 -0.000000
15.750000 0.000000
15.800000 -0.000000
15.850000 0.000000
15.900000 -0.000000
15.950000 0.000000
16.000000 -0.000000
16.050000 0.000000
16.100000 -0.000000
16.150000 -0.000000
16.200000 -0.000000
16.250000 -0.000000
16.300000 -0.000000
16.350000 -0.000000
16.400000 -0.000000
16.450000 0.000000
16.500000 0.000000
16.550000 0.000000
16.600000 0.000000
16.650000 0.000000
16.700000 0.000000
16.750000 -0.000000
16.800000 0.000000
16.850000 -0.000000
16.900000 -0.000000
16.950000 -0.000000
17.000000 0.000000
17.050000 -0.000000
17.100000 0.000000
17.150000 -0.000000
17.200000 0.000000
17.250000 -0.000000
17.300000 0.000000
17.350000 -0.000000
17.400000 0.000000
17.450000 -0.000000
17.500000 0.000000
17.550000 -0.000000
17.600000 0.000000
17.650000 -0.000000
17.700000 0.000000
17.750000 -0.000000
17.800000 0.000000
17.850000 -0.000000
17.900000 0.000000
17.950000 -0.000000
18.000000 0.000000
18.050000 -0.000000
18.100000 0.000000
18.150000 -0.000000
18.200000 0.000000
18.250000 -0.000001
18.300000 0.000000
18.350000 -0.000001
18.400000 0.000000
18.450000 -0.000000
18.500000 0.000001
18.550000 -0.000000
18.600000 0.000001
18.650000 -0.000000
18.700000 0.000001
18.750000 -0.000000
18.800000 0.000001
18.850000 -0.000001
18.900000 0.000000
18.950000 -0.000001
19.000000 0.000000
19.050000 -0.000001
19.100000 0.000001
19.150000 -0.000001
19.200000 0.000001
19.250000 -0.000000
19.300000 0.000001
19.350000 -0.000000
19.400000 0.000001
19.450000 -0.000001
19.500000 0.000001
19.550000 -0.000001
19.600000 0.000001
19.650000 -0.000001
19.700000 0.000001
19.750000 -0.000001
19.800000 0.000001
19.850000 -0.000001
19.900000 0.000001
19.950000 -0.000001
20.000000 0.000001
20.050000 -0.000001
20.100000 0.000001
20.150000 -0.000001
20.200000 0.000001
20.250000 -0.000001
20.300000 0.000001
20.350000 -0.000001
20.400000 0.000001
20.450000 -0.000001
20.500000 0.000001
20.550000 -0.000001
20.600000 0.000001
20.650000 -0.000001
20.700000 0.000001
20.750000 -0.000001
20.800000 0.000001
20.850000 -0.000001
20.900000 0.000001
20.950000 -0.000001
21.000000 0.000001
21.050000 -0.000001
21.100000 0.000001
21.150000 -0.000001
21.200000 0.000001
21.250000 -0.000001
21.300000 0.000001
21.350000 -0.000001
21.400000 0.000001
21.450000 -0.000001
21.500000 0.000001
21.550000 -0.000001
21.600000 0.000001
21.650000 -0.000001
21.700000 0.000001
21.750000 -0.000001
21.800000 0.000001
21.850000 -0.000001
21.900000 0.000001
21.950000 -0.000001
22.000000 0.000001
22.050000 -0.000001
22.100000 0.000001
22.150000 -0.000001
22.200000 0.000001
22.250000 -0.000001
22.300000 0.000001
22.350000 -0.000001
22.400000 0.000001
22.450000 -0.000001
22.500000 0.000001
22.550000 -0.000001
22.600000 0.000001
22.650000 -0.000001
22.700000 0.000001
22.750000 -0.000001
22.800000 0.000002
22.850000 -0.000001
22.900000 0.000001
22.950000 -0.000001
23.000000 0.000001
23.050000 -0.000001
23.100000 0.000001
23.150000 -0.000002
23.200000 0.000001
23.250000 -0.000002
23.300000 0.000001
23.350000 -0.000001
23.400000 0.000001
23.450000 -0.000001
23.500000 0.000002
23.550000 -0.000001
23.600000 0.000002
23.650000 -0.000001
23.700000 0.000001
23.750000 -0.000001
23.800000 0.000001
23.850000 -0.000002
23.900000 0.000001
23.950000 -0.000002
24.000000 0.000001
24.050000 -0.000001
24.100000 0.000001
24.150000 -0.000001
24.200000 0.000002
24.250000 -0.000001
24.300000 0.000002
24.350000 -0.000001
24.400000 0.000002
24.450000 -0.000001
24.500000 0.000001
24.550000 -0.000002
24.600000 0.000001
24.650000 -0.000002
24.700000 0.000001
24.750000 -0.000002
24.800000 0.000001
24.850000 -0.000001
24.900000 0.000002
24.950000 -0.000001
25.000000 0.000002
25.050000 -0.000001
25.100000 0.000002
25.150000 -0.000001
25.200000 0.000001
25.250000 -0.000002
25.300000 0.000001
25.350000 -0.000002
25.400000 0.000001
25.450000 -0.000002
25.500000 0.000001
25.550000 -0.000001
25.600000 0.000002
25.650000 -0.000001
25.700000 0.000002
25.750000 -0.000001
25.800000 0.000002
25.850000 -0.000001
25.900000 0.000002
25.950000 -0.000002
26.000000 0.000001
26.050000 -0.000002
26.100000 0.000001
26.150000 -0.000002
26.200000 0.000001
26.250000 -0.000002
26.300000 0.000002
26.350000 -0.000001
26.400000 0.000002
26.450000 -0.000001
26.500000 0.000002
26.550000 -0.000001
26.600000 0.000002
26.650000 -0.000001
26.700000 0.000001
26.750000 -0.000002
26.800000 0.000001
26.850000 -0.000002
26.900000 0.000001
26.950000 -0.000002
27.000000 0.000001
27.050000 -0.000001
27.100000 0.000002
27.150000 -0.000001
27.200000 0.000002
27.250000 -0.000001
27.300000 0.000002
27.350000 -0.000001
27.400000 0.000001
27.450000 -0.000002
27.500000 0.000001
27.550000 -0.000002
27.600000 0.000001
27.650000 -0.000002
27.700000 0.000001
27.750000 -0.000002
27.800000 0.000002
27.850000 -0.000001
27.900000 0.000002
27.950000 -0.000001
28.000000 0.000002
28.050000 -0.000001
28.100000 0.000002
28.150000 -0.000001
28.200000 0.000001
28.250000 -0.000002
28.300000 0.000001
28.350000 -0.000002
28.400000 0.000001
28.450000 -0.000002
28.500000 0.000001
28.550000 -0.000001
28.600000 0.000002
28.650000 -0.000001
28.700000 0.000002
28.750000 -0.000001
28.800000 0.000002
28.850000 -0.000001
28.900000 0.000001
28.950000 -0.000001
29.000000 0.000001
29.050000 -0.000002
29.100000 0.000001
29.150000 -0.000002
29.200000 0.000001
29.250000 -0.000002
29.300000 0.000001
29.350000 -0.000001
29.400000 0.000002
29.450000 -0.000001
29.500000 0.000002
29.550000 -0.000001
29.600000 0.000002
29.650000 -0.000001
29.700000 0.000001
29.750000 -0.000002
29.800000 0.000001
29.850000 -0.000002
29.900000 0.000001
29.950000 -0.000002
30.000000 0.000001
30.050000 -0.000001
30.100000 0.000001
30.150000 -0.000001
30.200000 0.000002
30.250000 -0.000001
30.300000 0.000002
30.350000 -0.000001
30.400000 0.000002
30.450000 -0.000001
30.500000 0.000001
30.550000 -0.000002
30.600000 0.000001
30.650000 -0.000002
30.700000 0.000000
30.750000 -0.000002
30.800000 0.000001
30.850000 -0.000001
30.900000 0.000001
30.950000 -0.000001
31.000000 0.000002
31.050000 -0.000000
31.100000 0.000002
31.150000 -0.000000
31.200000 0.000001
31.250000 -0.000001
31.300000 0.000001
31.350000 -0.000002
31.400000 0.000000
31.450000 -0.000002
31.500000 0.000000
31.550000 -0.000002
31.600000 0.000001
31.650000 -0.000001
31.700000 0.000001
31.750000 -0.000000
31.800000 0.000002
31.850000 -0.000000
31.900000 0.000002
31.950000 -0.000000
32.000000 0.000001
32.050000 -0.000001
32.100000 0.000001
32.150000 -0.000002
32.200000 0.000000
32.250000 -0.000002
32.300000 0.000000
32.350000 -0.000001
32.400000 0.000001
32.450000 -0.000001
32.500000 0.000001
32.550000 -0.000000
32.600000 0.000002
32.650000 0.000000
32.700000 0.000002
32.750000 -0.000000
32.800000 0.000001
32.850000 -0.000001
32.900000 0.000000
32.950000 -0.000001
33.000000 -0.000000
33.050000 -0.000002
33.100000 -0.000000
33.150000 -0.000001
33.200000 0.000000
33.250000 -0.000001
33.300000 0.000001
33.350000 0.000000
33.400000 0.000002
33.450000 0.000000
33.500000 0.000002
33.550000 0.000000
33.600000 0.000001
33.650000 -0.000001
33.700000 0.000000
33.750000 -0.000001
33.800000 -0.000000
33.850000 -0.000002
33.900000 -0.000000
33.950000 -0.000001
34.000000 0.000000
34.050000 -0.000001
34.100000 0.000001
34.150000 0.000000
34.200000 0.000002
34.250000 0.000001
34.300000 0.000002
34.350000 0.000000
34.400000 0.000001
34.450000 -0.000000
34.500000 0.000000
34.550000 -0.000001
34.600000 -0.000001
34.650000 -0.000002
34.700000 -0.000001
34.750000 -0.000001
34.800000 -0.000000
34.850000 -0.000001
34.900000 0.000001
34.950000 0.000000
35.000000 0.000001
35.050000 0.000001
35.100000 0.000002
35.150000 0.000001
35.200000 0.000001
35.250000 0.000000
35.300000 0.000000
35.350000 -0.000001
35.400000 -0.000001
35.450000 -0.000001
35.500000 -0.000001
35.550000 -0.000001
35.600000 -0.000001
35.650000 -0.000001
35.700000 0.000000
35.750000 0.000000
35.800000 0.000001
35.850000 0.000001
35.900000 0.000002
35.950000 0.000001
36.000000 0.000001
36.050000 0.000001
36.100000 0.000000
36.150000 -0.000000
36.200000 -0.000001
36.250000 -0.000001
36.300000 -0.000001
36.350000 -0.000002
36.400000 -0.000001
36.450000 -0.000001
36.500000 -0.000001
36.550000 0.000000
36.600000 0.000001
36.650000 0.000001
36.700000 0.000001
36.750000 0.000002
36.800000 0.000001
36.850000 0.000001
36.900000 0.000001
36.950000 0.000000
37.000000 -0.000000
37.050000 -0.000001
37.100000 -0.000002
37.150000 -0.000001
37.200000 -0.000002
37.250000 -0.000001
37.300000 -0.000001
37.350000 -0.000000
37.400000 -0.000000
37.450000 0.000001
37.500000 0.000001
37.550000 0.000002
37.600000 0.000002
37.650000 0.000002
37.700000 0.000001
37.750000 0.000001
37.800000 0.000000
37.850000 -0.000000
37.900000 -0.000001
37.950000 -0.000001
38.000000 -0.000002
38.050000 -0.000002
38.100000 -0.000002
38.150000 -0.000001
38.200000 -0.000001
38.250000 0.000000
38.300000 0.000000
38.350000 0.000002
38.400000 0.000001
38.450000 0.000002
38.500000 0.000001
38.550000 0.000002
38.600000 0.000001
38.650000 0.000001
38.700000 -0.000001
38.750000 -0.000000
38.800000 -0.000002
38.850000 -0.000001
38.900000 -0.000003
38.950000 -0.000001
39.000000 -0.000002
39.050000 -0.000001
39.100000 -0.000001
39.150000 0.000001
39.200000 0.000001
39.250000 0.000002
39.300000 0.000001
39.350000 0.000003
39.400000 0.000001
39.450000 0.000002
39.500000 0.000000
39.550000 0.000001
39.600000 -0.000001
39.650000 -0.000001
39.700000 -0.000003
39.750000 -0.000002
39.800000 -0.000003
39.850000 -0.000001
39.900000 -0.000002
39.950000 -0.000000
40.000000 -0.000001
40.050000 0.000002
40.100000 0.000001
40.150000 0.000003
40.200000 0.000002
40.250000 0.000003
40.300000 0.000001
40.350000 0.000002
40.400000 0.000000
40.450000 0.000001
40.500000 -0.000002
40.550000 -0.000001
40.600000 -0.000003
40.650000 -0.000002
40.700000 -0.000003
40.750000 -0.000001
40.800000 -0.000003
40.850000 -0.000000
40.900000 -0.000001
40.950000 0.000002
41.000000 0.000001
41.050000 0.000003
41.100000 0.000002
41.150000 0.000004
41.200000 0.000001
41.250000 0.000003
41.300000 -0.000000
41.350000 0.000001
41.400000 -0.000002
41.450000 -0.000001
41.500000 -0.000004
41.550000 -0.000002
41.600000 -0.000004
41.650000 -0.000002
41.700000 -0.000003
41.750000 -0.000000
41.800000 -0.000001
41.850000 0.000002
41.900000 0.000001
41.950000 0.000004
42.000000 0.000002
42.050000 0.000004
42.100000 0.000002
42.150000 0.000003
42.200000 0.000000
42.250000 0.000001
42.300000 -0.000002
42.350000 -0.000001
42.400000 -0.000004
42.450000 -0.000002
42.500000 -0.000004
42.550000 -0.000002
42.600000 -0.000004
42.650000 -0.000000
42.700000 -0.000002
42.750000 0.000002
42.800000 0.000001
42.850000 0.000004
42.900000 0.000002
42.950000 0.000005
43.000000 0.000002
43.050000 0.000004
43.100000 0.000001
43.150000 0.000002
43.200000 -0.000002
43.250000 -0.000000
43.300000 -0.000004
43.350000 -0.000002
43.400000 -0.000005
43.450000 -0.000002
43.500000 -0.000004
43.550000 -0.000001
43.600000 -0.000003
43.650000 0.000001
43.700000 -0.000000
43.750000 0.000004
43.800000 0.000002
43.850000 0.000005
43.900000 0.000003
43.950000 0.000005
44.000000 0.000002
44.050000 0.000003
44.100000 -0.000001
44.150000 0.000001
44.200000 -0.000003
44.250000 -0.000002
44.300000 -0.000005
44.350000 -0.000003
44.400000 -0.000005
44.450000 -0.000002
44.500000 -0.000004
44.550000 0.000000
44.600000 -0.000001
44.650000 0.000003
44.700000 0.000002
44.750000 0.000005
44.800000 0.000004
44.850000 0.000006
44.900000 0.000003
44.950000 0.000004
