-30.000000 0.000003
-29.950000 -0.000001
-29.900000 -0.000001
-29.850000 -0.000008
-29.800000 -0.000011
-29.750000 -0.000021
-29.700000 -0.000026
-29.650000 -0.000036
-29.600000 -0.000041
-29.550000 -0.000051
-29.500000 -0.000055
-29.450000 -0.000062
-29.400000 -0.000064
-29.350000 -0.000068
-29.300000 -0.000066
-29.250000 -0.000068
-29.200000 -0.000062
-29.150000 -0.000060
-29.100000 -0.000051
-29.050000 -0.000046
-29.000000 -0.000035
-28.950000 -0.000028
-28.900000 -0.000015
-28.850000 -0.000008
-28.800000 0.000005
-28.750000 0.000013
-28.700000 0.000025
-28.650000 0.000031
-28.600000 0.000042
-28.550000 0.000046
-28.500000 0.000055
-28.450000 0.000056
-28.400000 0.000062
-28.350000 0.000061
-28.300000 0.000064
-28.250000 0.000060
-28.200000 0.000060
-28.150000 0.000052
-28.100000 0.000049
-28.050000 0.000039
-28.000000 0.000033
-27.950000 0.000020
-27.900000 0.000013
-27.850000 -0.000001
-27.800000 -0.000010
-27.750000 -0.000024
-27.700000 -0.000031
-27.650000 -0.000044
-27.600000 -0.000050
-27.550000 -0.000060
-27.500000 -0.000062
-27.450000 -0.000069
-27.400000 -0.000068
-27.350000 -0.000070
-27.300000 -0.000065
-27.250000 -0.000064
-27.200000 -0.000055
-27.150000 -0.000051
-27.100000 -0.000039
-27.050000 -0.000033
-27.000000 -0.000020
-26.950000 -0.000012
-26.900000 0.000001
-26.850000 0.000009
-26.800000 0.000022
-26.750000 0.000028
-26.700000 0.000040
-26.650000 0.000045
-26.600000 0.000055
-26.550000 0.000058
-26.500000 0.000065
-26.450000 0.000065
-26.400000 0.000070
-26.350000 0.000067
-26.300000 0.000068
-26.250000 0.000062
-26.200000 0.000060
-26.150000 0.000050
-26.100000 0.000045
-26.050000 0.000033
-26.000000 0.000026
-25.950000 0.000011
-25.900000 0.000003
-25.850000 -0.000013
-25.800000 -0.000021
-25.750000 -0.000036
-25.700000 -0.000043
-25.650000 -0.000055
-25.600000 -0.000060
-25.550000 -0.000069
-25.500000 -0.000070
-25.450000 -0.000076
-25.400000 -0.000073
-25.350000 -0.000075
-25.300000 -0.000068
-25.250000 -0.000067
-25.200000 -0.000057
-25.150000 -0.000052
-25.100000 -0.000040
-25.050000 -0.000033
-25.000000 -0.000019
-24.950000 -0.000012
-24.900000 0.000002
-24.850000 0.000009
-24.800000 0.000023
-24.750000 0.000030
-24.700000 0.000043
-24.650000 0.000048
-24.600000 0.000059
-24.550000 0.000062
-24.500000 0.000071
-24.450000 0.000071
-24.400000 0.000077
-24.350000 0.000074
-24.300000 0.000077
-24.250000 0.000070
-24.200000 0.000070
-24.150000 0.000059
-24.100000 0.000055
-24.050000 0.000042
-24.000000 0.000035
-23.950000 0.000019
-23.900000 0.000011
-23.850000 -0.000006
-23.800000 -0.000015
-23.750000 -0.000031
-23.700000 -0.000038
-23.650000 -0.000053
-23.600000 -0.000058
-23.550000 -0.000069
-23.500000 -0.000071
-23.450000 -0.000079
-23.400000 -0.000077
-23.350000 -0.000082
-23.300000 -0.000076
-23.250000 -0.000077
-23.200000 -0.000069
-23.150000 -0.000067
-23.100000 -0.000056
-23.050000 -0.000052
-23.000000 -0.000038
-22.950000 -0.000033
-22.900000 -0.000018
-22.850000 -0.000011
-22.800000 0.000004
-22.750000 0.000011
-22.700000 0.000027
-22.650000 0.000033
-22.600000 0.000048
-22.550000 0.000053
-22.500000 0.000066
-22.450000 0.000070
-22.400000 0.000080
-22.350000 0.000080
-22.300000 0.000087
-22.250000 0.000084
-22.200000 0.000087
-22.150000 0.000079
-22.100000 0.000078
-22.050000 0.000067
-22.000000 0.000062
-21.950000 0.000048
-21.900000 0.000041
-21.850000 0.000024
-21.800000 0.000016
-21.750000 -0.000001
-21.700000 -0.000010
-21.650000 -0.000026
-21.600000 -0.000034
-21.550000 -0.000049
-21.500000 -0.000054
-21.450000 -0.000066
-21.400000 -0.000069
-21.350000 -0.000079
-21.300000 -0.000078
-21.250000 -0.000085
-21.200000 -0.000082
-21.150000 -0.000086
-21.100000 -0.000080
-21.050000 -0.000082
-21.000000 -0.000072
-20.950000 -0.000071
-20.900000 -0.000059
-20.850000 -0.000055
-20.800000 -0.000040
-20.750000 -0.000034
-20.700000 -0.000018
-20.650000 -0.000010
-20.600000 0.000007
-20.550000 0.000015
-20.500000 0.000033
-20.450000 0.000040
-20.400000 0.000057
-20.350000 0.000063
-20.300000 0.000077
-20.250000 0.000080
-20.200000 0.000090
-20.150000 0.000089
-20.100000 0.000096
-20.050000 0.000091
-20.000000 0.000094
-19.950000 0.000085
-19.900000 0.000085
-19.850000 0.000073
-19.800000 0.000069
-19.750000 0.000054
-19.700000 0.000049
-19.650000 0.000033
-19.600000 0.000027
-19.550000 0.000010
-19.500000 0.000003
-19.450000 -0.000013
-19.400000 -0.000020
-19.350000 -0.000036
-19.300000 -0.000042
-19.250000 -0.000057
-19.200000 -0.000061
-19.150000 -0.000075
-19.100000 -0.000077
-19.050000 -0.000089
-19.000000 -0.000089
-18.950000 -0.000097
-18.900000 -0.000094
-18.850000 -0.000099
-18.800000 -0.000092
-18.750000 -0.000093
-18.700000 -0.000082
-18.650000 -0.000080
-18.600000 -0.000066
-18.550000 -0.000060
-18.500000 -0.000044
-18.450000 -0.000036
-18.400000 -0.000018
-18.350000 -0.000009
-18.300000 0.000010
-18.250000 0.000018
-18.200000 0.000036
-18.150000 0.000042
-18.100000 0.000059
-18.050000 0.000063
-18.000000 0.000077
-17.950000 0.000079
-17.900000 0.000090
-17.850000 0.000089
-17.800000 0.000097
-17.750000 0.000093
-17.700000 0.000099
-17.650000 0.000092
-17.600000 0.000095
-17.550000 0.000086
-17.500000 0.000086
-17.450000 0.000075
-17.400000 0.000073
-17.350000 0.000058
-17.300000 0.000054
-17.250000 0.000038
-17.200000 0.000031
-17.150000 0.000013
-17.100000 0.000005
-17.050000 -0.000014
-17.000000 -0.000022
-16.950000 -0.000041
-16.900000 -0.000048
-16.850000 -0.000066
-16.800000 -0.000071
-16.750000 -0.000086
-16.700000 -0.000088
-16.650000 -0.000100
-16.600000 -0.000099
-16.550000 -0.000107
-16.500000 -0.000102
-16.450000 -0.000107
-16.400000 -0.000099
-16.350000 -0.000100
-16.300000 -0.000089
-16.250000 -0.000088
-16.200000 -0.000074
-16.150000 -0.000072
-16.100000 -0.000056
-16.050000 -0.000052
-16.000000 -0.000035
-15.950000 -0.000030
-15.900000 -0.000013
-15.850000 -0.000007
-15.800000 0.000011
-15.750000 0.000017
-15.700000 0.000035
-15.650000 0.000041
-15.600000 0.000058
-15.550000 0.000063
-15.500000 0.000079
-15.450000 0.000082
-15.400000 0.000097
-15.350000 0.000097
-15.300000 0.000109
-15.250000 0.000106
-15.200000 0.000115
-15.150000 0.000108
-15.100000 0.000113
-15.050000 0.000103
-15.000000 0.000103
-14.950000 0.000090
-14.900000 0.000088
-14.850000 0.000071
-14.800000 0.000067
-14.750000 0.000049
-14.700000 0.000044
-14.650000 0.000025
-14.600000 0.000019
-14.550000 0.000001
-14.500000 -0.000005
-14.450000 -0.000023
-14.400000 -0.000027
-14.350000 -0.000045
-14.300000 -0.000048
-14.250000 -0.000065
-14.200000 -0.000068
-14.150000 -0.000083
-14.100000 -0.000084
-14.050000 -0.000098
-14.000000 -0.000097
-13.950000 -0.000109
-13.900000 -0.000106
-13.850000 -0.000116
-13.800000 -0.000109
-13.750000 -0.000116
-13.700000 -0.000106
-13.650000 -0.000109
-13.600000 -0.000097
-13.550000 -0.000097
-13.500000 -0.000081
-13.450000 -0.000078
-13.400000 -0.000060
-13.350000 -0.000055
-13.300000 -0.000035
-13.250000 -0.000030
-13.200000 -0.000009
-13.150000 -0.000004
-13.100000 0.000016
-13.050000 0.000021
-13.000000 0.000040
-12.950000 0.000044
-12.900000 0.000061
-12.850000 0.000063
-12.800000 0.000079
-12.750000 0.000079
-12.700000 0.000093
-12.650000 0.000091
-12.600000 0.000104
-12.550000 0.000101
-12.500000 0.000112
-12.450000 0.000107
-12.400000 0.000116
-12.350000 0.000109
-12.300000 0.000116
-12.250000 0.000106
-12.200000 0.000110
-12.150000 0.000097
-12.100000 0.000099
-12.050000 0.000083
-12.000000 0.000082
-11.950000 0.000064
-11.900000 0.000060
-11.850000 0.000040
-11.800000 0.000036
-11.750000 0.000015
-11.700000 0.000010
-11.650000 -0.000011
-11.600000 -0.000015
-11.550000 -0.000035
-11.500000 -0.000038
-11.450000 -0.000056
-11.400000 -0.000057
-11.350000 -0.000074
-11.300000 -0.000074
-11.250000 -0.000089
-11.200000 -0.000087
-11.150000 -0.000100
-11.100000 -0.000096
-11.050000 -0.000109
-11.000000 -0.000103
-10.950000 -0.000114
-10.900000 -0.000107
-10.850000 -0.000116
-10.800000 -0.000107
-10.750000 -0.000115
-10.700000 -0.000104
-10.650000 -0.000109
-10.600000 -0.000096
-10.550000 -0.000099
-10.500000 -0.000083
-10.450000 -0.000084
-10.400000 -0.000065
-10.350000 -0.000064
-10.300000 -0.000044
-10.250000 -0.000041
-10.200000 -0.000020
-10.150000 -0.000017
-10.100000 0.000004
-10.050000 0.000006
-10.000000 0.000026
-9.950000 0.000028
-9.900000 0.000047
-9.850000 0.000046
-9.800000 0.000064
-9.750000 0.000062
-9.700000 0.000078
-9.650000 0.000074
-9.600000 0.000089
-9.550000 0.000085
-9.500000 0.000099
-9.450000 0.000094
-9.400000 0.000107
-9.350000 0.000101
-9.300000 0.000113
-9.250000 0.000105
-9.200000 0.000116
-9.150000 0.000106
-9.100000 0.000115
-9.050000 0.000104
-9.000000 0.000110
-8.950000 0.000097
-8.900000 0.000101
-8.850000 0.000085
-8.800000 0.000087
-8.750000 0.000069
-8.700000 0.000070
-8.650000 0.000051
-8.600000 0.000051
-8.550000 0.000031
-8.500000 0.000031
-8.450000 0.000012
-8.400000 0.000012
-8.350000 -0.000007
-8.300000 -0.000005
-8.250000 -0.000023
-8.200000 -0.000021
-8.150000 -0.000038
-8.100000 -0.000034
-8.050000 -0.000050
-8.000000 -0.000046
-7.950000 -0.000062
-7.900000 -0.000058
-7.850000 -0.000074
-7.800000 -0.000069
-7.750000 -0.000085
-7.700000 -0.000080
-7.650000 -0.000095
-7.600000 -0.000089
-7.550000 -0.000103
-7.500000 -0.000096
-7.450000 -0.000108
-7.400000 -0.000099
-7.350000 -0.000109
-7.300000 -0.000098
-7.250000 -0.000106
-7.200000 -0.000093
-7.150000 -0.000099
-7.100000 -0.000084
-7.050000 -0.000089
-7.000000 -0.000073
-6.950000 -0.000078
-6.900000 -0.000061
-6.850000 -0.000067
-6.800000 -0.000050
-6.750000 -0.000056
-6.700000 -0.000040
-6.650000 -0.000046
-6.600000 -0.000030
-6.550000 -0.000036
-6.500000 -0.000021
-6.450000 -0.000027
-6.400000 -0.000011
-6.350000 -0.000018
-6.300000 -0.000001
-6.250000 -0.000007
-6.200000 0.000010
-6.150000 0.000005
-6.100000 0.000022
-6.050000 0.000017
-6.000000 0.000035
-5.950000 0.000029
-5.900000 0.000046
-5.850000 0.000040
-5.800000 0.000056
-5.750000 0.000048
-5.700000 0.000062
-5.650000 0.000053
-5.600000 0.000066
-5.550000 0.000055
-5.500000 0.000066
-5.450000 0.000054
-5.400000 0.000065
-5.350000 0.000052
-5.300000 0.000063
-5.250000 0.000050
-5.200000 0.000061
-5.150000 0.000049
-5.100000 0.000061
-5.050000 0.000049
-5.000000 0.000062
-4.950000 0.000051
-4.900000 0.000063
-4.850000 0.000052
-4.800000 0.000064
-4.750000 0.000052
-4.700000 0.000063
-4.650000 0.000050
-4.600000 0.000060
-4.550000 0.000046
-4.500000 0.000056
-4.450000 0.000041
-4.400000 0.000051
-4.350000 0.000036
-4.300000 0.000045
-4.250000 0.000031
-4.200000 0.000041
-4.150000 0.000027
-4.100000 0.000039
-4.050000 0.000026
-4.000000 0.000039
-3.950000 0.000027
-3.900000 0.000041
-3.850000 0.000030
-3.800000 0.000045
-3.750000 0.000035
-3.700000 0.000049
-3.650000 0.000039
-3.600000 0.000053
-3.550000 0.000042
-3.500000 0.000056
-3.450000 0.000044
-3.400000 0.000056
-3.350000 0.000044
-3.300000 0.000056
-3.250000 0.000043
-3.200000 0.000055
-3.150000 0.000042
-3.100000 0.000055
-3.050000 0.000043
-3.000000 0.000056
-2.950000 0.000045
-2.900000 0.000059
-2.850000 0.000049
-2.800000 0.000064
-2.750000 0.000053
-2.700000 0.000068
-2.650000 0.000056
-2.600000 0.000070
-2.550000 0.000057
-2.500000 0.000069
-2.450000 0.000054
-2.400000 0.000063
-2.350000 0.000046
-2.300000 0.000053
-2.250000 0.000033
-2.200000 0.000038
-2.150000 0.000016
-2.100000 0.000018
-2.050000 -0.000006
-2.000000 -0.000006
-1.950000 -0.000032
-1.900000 -0.000034
-1.850000 -0.000063
-1.800000 -0.000068
-1.750000 -0.000101
-1.700000 -0.000110
-1.650000 -0.000147
-1.600000 -0.000161
-1.550000 -0.000205
-1.500000 -0.000226
-1.450000 -0.000279
-1.400000 -0.000309
-1.350000 -0.000371
-1.300000 -0.000413
-1.250000 -0.000488
-1.200000 -0.000543
-1.150000 -0.000632
-1.100000 -0.000703
-1.050000 -0.000810
-1.000000 -0.000899
-0.950000 -0.001026
-0.900000 -0.001138
-0.850000 -0.001289
-0.800000 -0.001427
-0.750000 -0.001607
-0.700000 -0.001777
-0.650000 -0.001993
-0.600000 -0.002202
-0.550000 -0.002462
-0.500000 -0.002721
-0.450000 -0.003035
-0.400000 -0.003354
-0.350000 -0.003735
-0.300000 -0.004128
-0.250000 -0.004592
-0.200000 -0.005075
-0.150000 -0.005639
-0.100000 -0.006233
-0.050000 -0.006919
0.000000 -0.007646
0.050000 -0.008479
0.100000 -0.009370
0.150000 -0.010382
0.200000 -0.011469
0.250000 -0.012699
0.300000 -0.014027
0.350000 -0.015522
0.400000 -0.017142
0.450000 -0.018959
0.500000 -0.020936
0.550000 -0.023146
0.600000 -0.025556
0.650000 -0.028246
0.700000 -0.031183
0.750000 -0.034454
0.800000 -0.038033
0.850000 -0.042010
0.900000 -0.046366
0.950000 -0.051198
1.000000 -0.056494
1.050000 -0.062360
1.100000 -0.068792
1.150000 -0.075904
1.200000 -0.083703
1.250000 -0.092313
1.300000 -0.101753
1.350000 -0.112160
1.400000 -0.123563
1.450000 -0.136113
1.500000 -0.149854
1.550000 -0.164950
1.600000 -0.181461
1.650000 -0.199564
1.700000 -0.219332
1.750000 -0.240958
1.800000 -0.264526
1.850000 -0.290239
1.900000 -0.318190
1.950000 -0.348589
2.000000 -0.381530
2.050000 -0.417219
2.100000 -0.455742
2.150000 -0.497289
2.200000 -0.541920
2.250000 -0.589792
2.300000 -0.640919
2.350000 -0.695398
2.400000 -0.753170
2.450000 -0.814243
2.500000 -0.878452
2.550000 -0.945682
2.600000 -1.015629
2.650000 -1.088022
2.700000 -1.162384
2.750000 -1.238265
2.800000 -1.314998
2.850000 -1.391942
2.900000 -1.468246
2.950000 -1.543097
3.000000 -1.615494
3.050000 -1.684505
3.100000 -1.749056
3.150000 -1.808189
3.200000 -1.860859
3.250000 -1.906202
3.300000 -1.943332
3.350000 -1.971608
3.400000 -1.990423
3.450000 -1.999465
3.500000 -1.998494
3.550000 -1.987589
3.600000 -1.966908
3.650000 -1.936916
3.700000 -1.898132
3.750000 -1.851343
3.800000 -1.797338
3.850000 -1.737112
3.900000 -1.671601
3.950000 -1.601884
4.000000 -1.528915
4.050000 -1.453736
4.100000 -1.377218
4.150000 -1.300279
4.200000 -1.223633
4.250000 -1.148024
4.300000 -1.073980
4.350000 -1.002053
4.400000 -0.932583
4.450000 -0.865943
4.500000 -0.802304
4.550000 -0.741885
4.600000 -0.684723
4.650000 -0.630915
4.700000 -0.580395
4.750000 -0.533177
4.800000 -0.489122
4.850000 -0.448189
4.900000 -0.410195
4.950000 -0.375067
5.000000 -0.342599
5.050000 -0.312702
5.100000 -0.285165
5.150000 -0.259897
5.200000 -0.236687
5.250000 -0.215451
5.300000 -0.195988
5.350000 -0.178225
5.400000 -0.161973
5.450000 -0.147172
5.500000 -0.133647
5.550000 -0.121353
5.600000 -0.110130
5.650000 -0.099945
5.700000 -0.090652
5.750000 -0.082232
5.800000 -0.074551
5.850000 -0.067602
5.900000 -0.061262
5.950000 -0.055535
6.000000 -0.050308
6.050000 -0.045595
6.100000 -0.041290
6.150000 -0.037414
6.200000 -0.033872
6.250000 -0.030689
6.300000 -0.027777
6.350000 -0.025166
6.400000 -0.022772
6.450000 -0.020633
6.500000 -0.018667
6.550000 -0.016916
6.600000 -0.015302
6.650000 -0.013869
6.700000 -0.012544
6.750000 -0.011372
6.800000 -0.010282
6.850000 -0.009324
6.900000 -0.008428
6.950000 -0.007644
7.000000 -0.006905
7.050000 -0.006265
7.100000 -0.005655
7.150000 -0.005132
7.200000 -0.004629
7.250000 -0.004201
7.300000 -0.003786
7.350000 -0.003438
7.400000 -0.003095
7.450000 -0.002813
7.500000 -0.002529
7.550000 -0.002302
7.600000 -0.002068
7.650000 -0.001886
7.700000 -0.001693
7.750000 -0.001547
7.800000 -0.001387
7.850000 -0.001272
7.900000 -0.001139
7.950000 -0.001048
8.000000 -0.000937
8.050000 -0.000865
8.100000 -0.000770
8.150000 -0.000713
8.200000 -0.000632
8.250000 -0.000587
8.300000 -0.000516
8.350000 -0.000480
8.400000 -0.000418
8.450000 -0.000390
8.500000 -0.000336
8.550000 -0.000316
8.600000 -0.000268
8.650000 -0.000255
8.700000 -0.000214
8.750000 -0.000206
8.800000 -0.000172
8.850000 -0.000170
8.900000 -0.000140
8.950000 -0.000143
9.000000 -0.000117
9.050000 -0.000123
9.100000 -0.000099
9.150000 -0.000107
9.200000 -0.000085
9.250000 -0.000094
9.300000 -0.000073
9.350000 -0.000082
9.400000 -0.000060
9.450000 -0.000069
9.500000 -0.000047
9.550000 -0.000056
9.600000 -0.000034
9.650000 -0.000043
9.700000 -0.000022
9.750000 -0.000031
9.800000 -0.000011
9.850000 -0.000022
9.900000 -0.000003
9.950000 -0.000016
10.000000 0.000001
10.050000 -0.000013
10.100000 0.000002
10.150000 -0.000014
10.200000 -0.000000
10.250000 -0.000017
10.300000 -0.000004
10.350000 -0.000021
10.400000 -0.000007
10.450000 -0.000024
10.500000 -0.000010
10.550000 -0.000025
10.600000 -0.000009
10.650000 -0.000023
10.700000 -0.000006
10.750000 -0.000018
10.800000 -0.000000
10.850000 -0.000012
10.900000 0.000007
10.950000 -0.000005
11.000000 0.000013
11.050000 0.000000
11.100000 0.000017
11.150000 0.000003
11.200000 0.000018
11.250000 0.000002
11.300000 0.000015
11.350000 -0.000002
11.400000 0.000011
11.450000 -0.000007
11.500000 0.000005
11.550000 -0.000013
11.600000 -0.000000
11.650000 -0.000017
11.700000 -0.000004
11.750000 -0.000020
11.800000 -0.000005
11.850000 -0.000019
11.900000 -0.000003
11.950000 -0.000016
12.000000 0.000002
12.050000 -0.000010
12.100000 0.000008
12.150000 -0.000004
12.200000 0.000013
12.250000 0.000001
12.300000 0.000018
12.350000 0.000004
12.400000 0.000020
12.450000 0.000004
12.500000 0.000018
12.550000 0.000002
12.600000 0.000014
12.650000 -0.000004
12.700000 0.000008
12.750000 -0.000010
12.800000 0.000002
12.850000 -0.000016
12.900000 -0.000003
12.950000 -0.000020
13.000000 -0.000006
13.050000 -0.000021
13.100000 -0.000005
13.150000 -0.000018
13.200000 -0.000000
13.250000 -0.000012
13.300000 0.000006
13.350000 -0.000005
13.400000 0.000013
13.450000 0.000001
13.500000 0.000018
13.550000 0.000005
13.600000 0.000021
13.650000 0.000005
13.700000 0.000020
13.750000 0.000003
13.800000 0.000016
13.850000 -0.000002
13.900000 0.000010
13.950000 -0.000008
14.000000 0.000004
14.050000 -0.000014
14.100000 -0.000002
14.150000 -0.000019
14.200000 -0.000005
14.250000 -0.000021
14.300000 -0.000005
14.350000 -0.000019
14.400000 -0.000002
14.450000 -0.000015
14.500000 0.000003
14.550000 -0.000009
14.600000 0.000009
14.650000 -0.000003
14.700000 0.000016
14.750000 0.000003
14.800000 0.000020
14.850000 0.000006
14.900000 0.000022
14.950000 0.000006
15.000000 0.000020
15.050000 0.000002
15.100000 0.000015
15.150000 -0.000004
15.200000 0.000007
15.250000 -0.000012
15.300000 0.000000
15.350000 -0.000018
15.400000 -0.000005
15.450000 -0.000022
15.500000 -0.000007
15.550000 -0.000022
15.600000 -0.000005
15.650000 -0.000019
15.700000 -0.000001
15.750000 -0.000013
15.800000 0.000006
15.850000 -0.000006
15.900000 0.000013
15.950000 0.000001
16.000000 0.000019
16.050000 0.000005
16.100000 0.000022
16.150000 0.000007
16.200000 0.000021
16.250000 0.000005
16.300000 0.000018
16.350000 -0.000000
16.400000 0.000012
16.450000 -0.000007
16.500000 0.000005
16.550000 -0.000014
16.600000 -0.000001
16.650000 -0.000019
16.700000 -0.000006
16.750000 -0.000022
16.800000 -0.000007
16.850000 -0.000022
16.900000 -0.000005
16.950000 -0.000018
17.000000 -0.000000
17.050000 -0.000012
17.100000 0.000007
17.150000 -0.000004
17.200000 0.000015
17.250000 0.000003
17.300000 0.000021
17.350000 0.000007
17.400000 0.000024
17.450000 0.000008
17.500000 0.000023
17.550000 0.000005
17.600000 0.000018
17.650000 -0.000001
17.700000 0.000011
17.750000 -0.000009
17.800000 0.000003
17.850000 -0.000016
17.900000 -0.000004
17.950000 -0.000022
18.000000 -0.000008
18.050000 -0.000024
18.100000 -0.000008
18.150000 -0.000022
18.200000 -0.000004
18.250000 -0.000017
18.300000 0.000002
18.350000 -0.000010
18.400000 0.000009
18.450000 -0.000003
18.500000 0.000016
18.550000 0.000003
18.600000 0.000021
18.650000 0.000007
18.700000 0.000024
18.750000 0.000008
18.800000 0.000023
18.850000 0.000005
18.900000 0.000018
18.950000 -0.000001
19.000000 0.000011
19.050000 -0.000008
19.100000 0.000003
19.150000 -0.000016
19.200000 -0.000004
19.250000 -0.000022
19.300000 -0.000009
19.350000 -0.000025
19.400000 -0.000009
19.450000 -0.000024
19.500000 -0.000006
19.550000 -0.000019
19.600000 0.000000
19.650000 -0.000011
19.700000 0.000009
19.750000 -0.000003
19.800000 0.000017
19.850000 0.000005
19.900000 0.000023
19.950000 0.000009
20.000000 0.000026
20.050000 0.000009
20.100000 0.000024
20.150000 0.000006
20.200000 0.000019
20.250000 -0.000001
20.300000 0.000011
20.350000 -0.000009
20.400000 0.000003
20.450000 -0.000016
20.500000 -0.000004
20.550000 -0.000022
20.600000 -0.000008
20.650000 -0.000025
20.700000 -0.000009
20.750000 -0.000025
20.800000 -0.000007
20.850000 -0.000020
20.900000 -0.000001
20.950000 -0.000014
21.000000 0.000007
21.050000 -0.000005
21.100000 0.000015
21.150000 0.000003
21.200000 0.000022
21.250000 0.000009
21.300000 0.000026
21.350000 0.000011
21.400000 0.000027
21.450000 0.000009
21.500000 0.000023
21.550000 0.000003
21.600000 0.000015
21.650000 -0.000006
21.700000 0.000006
21.750000 -0.000015
21.800000 -0.000003
21.850000 -0.000023
21.900000 -0.000009
21.950000 -0.000027
22.000000 -0.000011
22.050000 -0.000027
22.100000 -0.000009
22.150000 -0.000023
22.200000 -0.000004
22.250000 -0.000016
22.300000 0.000005
22.350000 -0.000007
22.400000 0.000014
22.450000 0.000001
22.500000 0.000021
22.550000 0.000008
22.600000 0.000026
22.650000 0.000011
22.700000 0.000027
22.750000 0.000010
22.800000 0.000025
22.850000 0.000006
22.900000 0.000019
22.950000 -0.000002
23.000000 0.000011
23.050000 -0.000010
23.100000 0.000002
23.150000 -0.000019
23.200000 -0.000006
23.250000 -0.000026
23.300000 -0.000011
23.350000 -0.000029
23.400000 -0.000012
23.450000 -0.000028
23.500000 -0.000009
23.550000 -0.000022
23.600000 -0.000001
23.650000 -0.000013
23.700000 0.000008
23.750000 -0.000003
23.800000 0.000018
23.850000 0.000006
23.900000 0.000026
23.950000 0.000012
24.000000 0.000030
24.050000 0.000013
24.100000 0.000029
24.150000 0.000010
24.200000 0.000024
24.250000 0.000003
24.300000 0.000016
24.350000 -0.000006
24.400000 0.000006
24.450000 -0.000016
24.500000 -0.000003
24.550000 -0.000024
24.600000 -0.000010
24.650000 -0.000028
24.700000 -0.000012
24.750000 -0.000029
24.800000 -0.000011
24.850000 -0.000026
24.900000 -0.000006
24.950000 -0.000020
25.000000 0.000002
25.050000 -0.000011
25.100000 0.000011
25.150000 -0.000001
25.200000 0.000020
25.250000 0.000007
25.300000 0.000027
25.350000 0.000013
25.400000 0.000031
25.450000 0.000014
25.500000 0.000030
25.550000 0.000011
25.600000 0.000025
25.650000 0.000003
25.700000 0.000016
25.750000 -0.000007
25.800000 0.000005
25.850000 -0.000017
25.900000 -0.000005
25.950000 -0.000026
26.000000 -0.000012
26.050000 -0.000032
26.100000 -0.000015
26.150000 -0.000032
26.200000 -0.000013
26.250000 -0.000028
26.300000 -0.000007
26.350000 -0.000019
26.400000 0.000003
26.450000 -0.000009
26.500000 0.000013
26.550000 0.000001
26.600000 0.000023
26.650000 0.000009
26.700000 0.000029
26.750000 0.000014
26.800000 0.000032
26.850000 0.000014
26.900000 0.000030
26.950000 0.000010
27.000000 0.000024
27.050000 0.000003
27.100000 0.000016
27.150000 -0.000007
27.200000 0.000006
27.250000 -0.000017
27.300000 -0.000004
27.350000 -0.000026
27.400000 -0.000012
27.450000 -0.000032
27.500000 -0.000016
27.550000 -0.000034
27.600000 -0.000015
27.650000 -0.000030
27.700000 -0.000009
27.750000 -0.000023
27.800000 0.000000
27.850000 -0.000012
27.900000 0.000012
27.950000 -0.000000
28.000000 0.000023
28.050000 0.000010
28.100000 0.000031
28.150000 0.000016
28.200000 0.000035
28.250000 0.000017
28.300000 0.000034
28.350000 0.000013
28.400000 0.000027
28.450000 0.000005
28.500000 0.000018
28.550000 -0.000005
28.600000 0.000007
28.650000 -0.000016
28.700000 -0.000004
28.750000 -0.000026
28.800000 -0.000012
28.850000 -0.000032
28.900000 -0.000016
28.950000 -0.000035
29.000000 -0.000016
29.050000 -0.000032
29.100000 -0.000012
29.150000 -0.000026
29.200000 -0.000003
29.250000 -0.000016
29.300000 0.000007
29.350000 -0.000005
29.400000 0.000019
29.450000 0.000006
29.500000 0.000028
29.550000 0.000014
29.600000 0.000035
29.650000 0.000018
29.700000 0.000037
29.750000 0.000018
29.800000 0.000033
29.850000 0.000012
29.900000 0.000025
29.950000 0.000001
30.000000 0.000013
30.050000 -0.000011
30.100000 0.000001
30.150000 -0.000023
30.200000 -0.000010
30.250000 -0.000033
30.300000 -0.000017
30.350000 -0.000037
30.400000 -0.000020
30.450000 -0.000037
30.500000 -0.000016
30.550000 -0.000031
30.600000 -0.000009
30.650000 -0.000022
30.700000 0.000002
30.750000 -0.000010
30.800000 0.000014
30.850000 0.000001
30.900000 0.000025
30.950000 0.000011
31.000000 0.000033
31.050000 0.000017
31.100000 0.000037
31.150000 0.000019
31.200000 0.000037
31.250000 0.000017
31.300000 0.000032
31.350000 0.000009
31.400000 0.000022
31.450000 -0.000001
31.500000 0.000011
31.550000 -0.000014
31.600000 -0.000002
31.650000 -0.000026
31.700000 -0.000013
31.750000 -0.000035
31.800000 -0.000020
31.850000 -0.000040
31.900000 -0.000022
31.950000 -0.000039
32.000000 -0.000018
32.050000 -0.000033
32.100000 -0.000009
32.150000 -0.000022
32.200000 0.000003
32.250000 -0.000008
32.300000 0.000017
32.350000 0.000005
32.400000 0.000029
32.450000 0.000015
32.500000 0.000037
32.550000 0.000021
32.600000 0.000040
32.650000 0.000022
32.700000 0.000038
32.750000 0.000017
32.800000 0.000031
32.850000 0.000009
32.900000 0.000021
32.950000 -0.000003
33.000000 0.000009
33.050000 -0.000015
33.100000 -0.000003
33.150000 -0.000027
33.200000 -0.000014
33.250000 -0.000036
33.300000 -0.000021
33.350000 -0.000041
33.400000 -0.000023
33.450000 -0.000040
33.500000 -0.000020
33.550000 -0.000035
33.600000 -0.000012
33.650000 -0.000024
33.700000 0.000000
33.750000 -0.000011
33.800000 0.000014
33.850000 0.000003
33.900000 0.000027
33.950000 0.000015
34.000000 0.000038
34.050000 0.000023
34.100000 0.000043
34.150000 0.000026
34.200000 0.000043
34.250000 0.000022
34.300000 0.000036
34.350000 0.000013
34.400000 0.000025
34.450000 0.000000
34.500000 0.000011
34.550000 -0.000014
34.600000 -0.000003
34.650000 -0.000027
34.700000 -0.000014
34.750000 -0.000037
34.800000 -0.000022
34.850000 -0.000042
34.900000 -0.000025
34.950000 -0.000042
35.000000 -0.000023
35.050000 -0.000038
35.100000 -0.000016
35.150000 -0.000029
35.200000 -0.000005
35.250000 -0.000016
35.300000 0.000008
35.350000 -0.000002
35.400000 0.000022
35.450000 0.000011
35.500000 0.000034
35.550000 0.000021
35.600000 0.000043
35.650000 0.000027
35.700000 0.000046
35.750000 0.000027
35.800000 0.000043
35.850000 0.000021
35.900000 0.000034
35.950000 0.000010
36.000000 0.000021
36.050000 -0.000005
36.100000 0.000005
36.150000 -0.000020
36.200000 -0.000010
36.250000 -0.000034
36.300000 -0.000021
36.350000 -0.000043
36.400000 -0.000028
36.450000 -0.000047
36.500000 -0.000029
36.550000 -0.000044
36.600000 -0.000024
36.650000 -0.000037
36.700000 -0.000013
36.750000 -0.000025
36.800000 -0.000000
36.850000 -0.000011
36.900000 0.000014
36.950000 0.000004
37.000000 0.000028
37.050000 0.000016
37.100000 0.000039
37.150000 0.000025
37.200000 0.000045
37.250000 0.000029
37.300000 0.000047
37.350000 0.000028
37.400000 0.000043
37.450000 0.000021
37.500000 0.000034
37.550000 0.000010
37.600000 0.000020
37.650000 -0.000005
37.700000 0.000004
37.750000 -0.000021
37.800000 -0.000012
37.850000 -0.000036
37.900000 -0.000024
37.950000 -0.000046
38.000000 -0.000032
38.050000 -0.000050
38.100000 -0.000033
38.150000 -0.000048
38.200000 -0.000027
38.250000 -0.000040
38.300000 -0.000016
38.350000 -0.000026
38.400000 -0.000001
38.450000 -0.000011
38.500000 0.000015
38.550000 0.000005
38.600000 0.000029
38.650000 0.000019
38.700000 0.000041
38.750000 0.000028
38.800000 0.000048
38.850000 0.000032
38.900000 0.000049
38.950000 0.000031
39.000000 0.000045
39.050000 0.000024
39.100000 0.000036
39.150000 0.000013
39.200000 0.000023
39.250000 -0.000002
39.300000 0.000007
39.350000 -0.000018
39.400000 -0.000009
39.450000 -0.000033
39.500000 -0.000023
39.550000 -0.000045
39.600000 -0.000033
39.650000 -0.000052
39.700000 -0.000037
39.750000 -0.000053
39.800000 -0.000034
39.850000 -0.000047
39.900000 -0.000025
39.950000 -0.000035
40.000000 -0.000010
40.050000 -0.000018
40.100000 0.000007
40.150000 -0.000001
40.200000 0.000025
40.250000 0.000016
40.300000 0.000039
40.350000 0.000028
40.400000 0.000049
40.450000 0.000036
40.500000 0.000053
40.550000 0.000037
40.600000 0.000051
40.650000 0.000032
40.700000 0.000044
40.750000 0.000022
40.800000 0.000031
40.850000 0.000008
40.900000 0.000016
40.950000 -0.000009
41.000000 -0.000000
41.050000 -0.000025
41.100000 -0.000016
41.150000 -0.000039
41.200000 -0.000029
41.250000 -0.000050
41.300000 -0.000037
41.350000 -0.000055
41.400000 -0.000040
41.450000 -0.000055
41.500000 -0.000035
41.550000 -0.000047
41.600000 -0.000025
41.650000 -0.000034
41.700000 -0.000009
41.750000 -0.000016
41.800000 0.000009
41.850000 0.000003
41.900000 0.000028
41.950000 0.000020
42.000000 0.000044
42.050000 0.000034
42.100000 0.000054
42.150000 0.000041
42.200000 0.000058
42.250000 0.000042
42.300000 0.000055
42.350000 0.000035
42.400000 0.000046
42.450000 0.000024
42.500000 0.000032
42.550000 0.000009
42.600000 0.000016
42.650000 -0.000009
42.700000 -0.000002
42.750000 -0.000026
42.800000 -0.000018
42.850000 -0.000041
42.900000 -0.000031
42.950000 -0.000052
43.000000 -0.000040
43.050000 -0.000058
43.100000 -0.000043
43.150000 -0.000058
43.200000 -0.000040
43.250000 -0.000052
43.300000 -0.000031
43.350000 -0.000039
43.400000 -0.000016
43.450000 -0.000022
43.500000 0.000003
43.550000 -0.000003
43.600000 0.000022
43.650000 0.000016
43.700000 0.000040
43.750000 0.000032
43.800000 0.000053
43.850000 0.000042
43.900000 0.000060
43.950000 0.000046
44.000000 0.000060
44.050000 0.000042
44.100000 0.000052
44.150000 0.000031
44.200000 0.000039
44.250000 0.000016
44.300000 0.000022
44.350000 -0.000002
44.400000 0.000005
44.450000 -0.000019
44.500000 -0.000012
44.550000 -0.000034
44.600000 -0.000025
44.650000 -0.000044
44.700000 -0.000032
44.750000 -0.000048
44.800000 -0.000031
44.850000 -0.000042
44.900000 -0.000021
44.950000 -0.000027
