-30.000000 -0.000006
-29.950000 -0.000008
-29.900000 -0.000015
-29.850000 -0.000016
-29.800000 -0.000023
-29.750000 -0.000024
-29.700000 -0.000029
-29.650000 -0.000029
-29.600000 -0.000032
-29.550000 -0.000028
-29.500000 -0.000029
-29.450000 -0.000023
-29.400000 -0.000021
-29.350000 -0.000014
-29.300000 -0.000010
-29.250000 -0.000001
-29.200000 0.000003
-29.150000 0.000012
-29.100000 0.000015
-29.050000 0.000022
-29.000000 0.000024
-28.950000 0.000029
-28.900000 0.000028
-28.850000 0.000029
-28.800000 0.000025
-28.750000 0.000024
-28.700000 0.000018
-28.650000 0.000014
-28.600000 0.000006
-28.550000 0.000001
-28.500000 -0.000007
-28.450000 -0.000012
-28.400000 -0.000019
-28.350000 -0.000023
-28.300000 -0.000028
-28.250000 -0.000029
-28.200000 -0.000031
-28.150000 -0.000029
-28.100000 -0.000028
-28.050000 -0.000023
-28.000000 -0.000020
-27.950000 -0.000012
-27.900000 -0.000007
-27.850000 0.000001
-27.800000 0.000007
-27.750000 0.000014
-27.700000 0.000019
-27.650000 0.000025
-27.600000 0.000028
-27.550000 0.000032
-27.500000 0.000032
-27.450000 0.000032
-27.400000 0.000029
-27.350000 0.000026
-27.300000 0.000020
-27.250000 0.000015
-27.200000 0.000007
-27.150000 0.000001
-27.100000 -0.000007
-27.050000 -0.000014
-27.000000 -0.000021
-26.950000 -0.000025
-26.900000 -0.000030
-26.850000 -0.000032
-26.800000 -0.000034
-26.750000 -0.000033
-26.700000 -0.000032
-26.650000 -0.000028
-26.600000 -0.000023
-26.550000 -0.000017
-26.500000 -0.000010
-26.450000 -0.000002
-26.400000 0.000005
-26.350000 0.000013
-26.300000 0.000019
-26.250000 0.000026
-26.200000 0.000030
-26.150000 0.000034
-26.100000 0.000036
-26.050000 0.000036
-26.000000 0.000034
-25.950000 0.000031
-25.900000 0.000027
-25.850000 0.000021
-25.800000 0.000014
-25.750000 0.000006
-25.700000 -0.000001
-25.650000 -0.000009
-25.600000 -0.000017
-25.550000 -0.000024
-25.500000 -0.000029
-25.450000 -0.000034
-25.400000 -0.000037
-25.350000 -0.000038
-25.300000 -0.000038
-25.250000 -0.000036
-25.200000 -0.000032
-25.150000 -0.000027
-25.100000 -0.000020
-25.050000 -0.000013
-25.000000 -0.000004
-24.950000 0.000004
-24.900000 0.000012
-24.850000 0.000020
-24.800000 0.000027
-24.750000 0.000032
-24.700000 0.000037
-24.650000 0.000039
-24.600000 0.000041
-24.550000 0.000039
-24.500000 0.000038
-24.450000 0.000033
-24.400000 0.000028
-24.350000 0.000020
-24.300000 0.000013
-24.250000 0.000004
-24.200000 -0.000004
-24.150000 -0.000014
-24.100000 -0.000021
-24.050000 -0.000029
-24.000000 -0.000034
-23.950000 -0.000040
-23.900000 -0.000042
-23.850000 -0.000044
-23.800000 -0.000042
-23.750000 -0.000041
-23.700000 -0.000035
-23.650000 -0.000031
-23.600000 -0.000022
-23.550000 -0.000015
-23.500000 -0.000005
-23.450000 0.000003
-23.400000 0.000013
-23.350000 0.000020
-23.300000 0.000030
-23.250000 0.000035
-23.200000 0.000041
-23.150000 0.000043
-23.100000 0.000047
-23.050000 0.000045
-23.000000 0.000044
-22.950000 0.000039
-22.900000 0.000035
-22.850000 0.000026
-22.800000 0.000020
-22.750000 0.000009
-22.700000 0.000002
-22.650000 -0.000010
-22.600000 -0.000017
-22.550000 -0.000028
-22.500000 -0.000034
-22.450000 -0.000042
-22.400000 -0.000045
-22.350000 -0.000049
-22.300000 -0.000048
-22.250000 -0.000049
-22.200000 -0.000044
-22.150000 -0.000042
-22.100000 -0.000033
-22.050000 -0.000027
-22.000000 -0.000016
-21.950000 -0.000009
-21.900000 0.000004
-21.850000 0.000011
-21.800000 0.000023
-21.750000 0.000029
-21.700000 0.000040
-21.650000 0.000043
-21.600000 0.000050
-21.550000 0.000051
-21.500000 0.000054
-21.450000 0.000050
-21.400000 0.000049
-21.350000 0.000042
-21.300000 0.000037
-21.250000 0.000026
-21.200000 0.000020
-21.150000 0.000007
-21.100000 -0.000001
-21.050000 -0.000014
-21.000000 -0.000022
-20.950000 -0.000034
-20.900000 -0.000039
-20.850000 -0.000049
-20.800000 -0.000051
-20.750000 -0.000057
-20.700000 -0.000055
-20.650000 -0.000057
-20.600000 -0.000051
-20.550000 -0.000049
-20.500000 -0.000039
-20.450000 -0.000034
-20.400000 -0.000021
-20.350000 -0.000014
-20.300000 0.000000
-20.250000 0.000008
-20.200000 0.000022
-20.150000 0.000029
-20.100000 0.000042
-20.050000 0.000046
-20.000000 0.000056
-19.950000 0.000056
-19.900000 0.000062
-19.850000 0.000058
-19.800000 0.000060
-19.750000 0.000052
-19.700000 0.000050
-19.650000 0.000038
-19.600000 0.000032
-19.550000 0.000018
-19.500000 0.000011
-19.450000 -0.000005
-19.400000 -0.000012
-19.350000 -0.000027
-19.300000 -0.000034
-19.250000 -0.000047
-19.200000 -0.000051
-19.150000 -0.000061
-19.100000 -0.000061
-19.050000 -0.000067
-19.000000 -0.000063
-18.950000 -0.000064
-18.900000 -0.000056
-18.850000 -0.000053
-18.800000 -0.000041
-18.750000 -0.000035
-18.700000 -0.000020
-18.650000 -0.000012
-18.600000 0.000004
-18.550000 0.000012
-18.500000 0.000028
-18.450000 0.000035
-18.400000 0.000049
-18.350000 0.000053
-18.300000 0.000064
-18.250000 0.000064
-18.200000 0.000071
-18.150000 0.000067
-18.100000 0.000070
-18.050000 0.000061
-18.000000 0.000060
-17.950000 0.000047
-17.900000 0.000042
-17.850000 0.000026
-17.800000 0.000019
-17.750000 0.000002
-17.700000 -0.000006
-17.650000 -0.000024
-17.600000 -0.000031
-17.550000 -0.000047
-17.500000 -0.000052
-17.450000 -0.000065
-17.400000 -0.000066
-17.350000 -0.000076
-17.300000 -0.000072
-17.250000 -0.000077
-17.200000 -0.000069
-17.150000 -0.000070
-17.100000 -0.000057
-17.050000 -0.000054
-17.000000 -0.000038
-16.950000 -0.000032
-16.900000 -0.000014
-16.850000 -0.000006
-16.800000 0.000013
-16.750000 0.000021
-16.700000 0.000039
-16.650000 0.000045
-16.600000 0.000061
-16.550000 0.000064
-16.500000 0.000077
-16.450000 0.000076
-16.400000 0.000084
-16.350000 0.000078
-16.300000 0.000082
-16.250000 0.000071
-16.200000 0.000070
-16.150000 0.000056
-16.100000 0.000051
-16.050000 0.000033
-16.000000 0.000026
-15.950000 0.000007
-15.900000 -0.000001
-15.850000 -0.000021
-15.800000 -0.000029
-15.750000 -0.000048
-15.700000 -0.000054
-15.650000 -0.000070
-15.600000 -0.000072
-15.550000 -0.000085
-15.500000 -0.000083
-15.450000 -0.000091
-15.400000 -0.000084
-15.350000 -0.000088
-15.300000 -0.000076
-15.250000 -0.000075
-15.200000 -0.000059
-15.150000 -0.000054
-15.100000 -0.000035
-15.050000 -0.000028
-15.000000 -0.000007
-14.950000 0.000001
-14.900000 0.000022
-14.850000 0.000030
-14.800000 0.000050
-14.750000 0.000056
-14.700000 0.000074
-14.650000 0.000076
-14.600000 0.000090
-14.550000 0.000089
-14.500000 0.000098
-14.450000 0.000092
-14.400000 0.000096
-14.350000 0.000085
-14.300000 0.000085
-14.250000 0.000070
-14.200000 0.000066
-14.150000 0.000046
-14.100000 0.000039
-14.050000 0.000018
-14.000000 0.000009
-13.950000 -0.000013
-13.900000 -0.000021
-13.850000 -0.000043
-13.800000 -0.000050
-13.750000 -0.000070
-13.700000 -0.000074
-13.650000 -0.000091
-13.600000 -0.000091
-13.550000 -0.000103
-13.500000 -0.000099
-13.450000 -0.000107
-13.400000 -0.000098
-13.350000 -0.000101
-13.300000 -0.000087
-13.250000 -0.000085
-13.200000 -0.000067
-13.150000 -0.000062
-13.100000 -0.000041
-13.050000 -0.000033
-13.000000 -0.000010
-12.950000 -0.000001
-12.900000 0.000023
-12.850000 0.000031
-12.800000 0.000054
-12.750000 0.000060
-12.700000 0.000080
-12.650000 0.000084
-12.600000 0.000101
-12.550000 0.000100
-12.500000 0.000113
-12.450000 0.000108
-12.400000 0.000116
-12.350000 0.000106
-12.300000 0.000109
-12.250000 0.000095
-12.200000 0.000093
-12.150000 0.000075
-12.100000 0.000070
-12.050000 0.000048
-12.000000 0.000040
-11.950000 0.000016
-11.900000 0.000007
-11.850000 -0.000018
-11.800000 -0.000027
-11.750000 -0.000050
-11.700000 -0.000058
-11.650000 -0.000080
-11.600000 -0.000084
-11.550000 -0.000103
-11.500000 -0.000104
-11.450000 -0.000119
-11.400000 -0.000116
-11.350000 -0.000126
-11.300000 -0.000118
-11.250000 -0.000123
-11.200000 -0.000111
-11.150000 -0.000112
-11.100000 -0.000095
-11.050000 -0.000092
-11.000000 -0.000071
-10.950000 -0.000064
-10.900000 -0.000041
-10.850000 -0.000032
-10.800000 -0.000007
-10.750000 0.000003
-10.700000 0.000028
-10.650000 0.000037
-10.600000 0.000061
-10.550000 0.000068
-10.500000 0.000090
-10.450000 0.000095
-10.400000 0.000114
-10.350000 0.000114
-10.300000 0.000130
-10.250000 0.000126
-10.200000 0.000137
-10.150000 0.000129
-10.100000 0.000135
-10.050000 0.000122
-10.000000 0.000124
-9.950000 0.000107
-9.900000 0.000104
-9.850000 0.000084
-9.800000 0.000078
-9.750000 0.000054
-9.700000 0.000046
-9.650000 0.000021
-9.600000 0.000011
-9.550000 -0.000015
-9.500000 -0.000024
-9.450000 -0.000049
-9.400000 -0.000057
-9.350000 -0.000081
-9.300000 -0.000087
-9.250000 -0.000109
-9.200000 -0.000112
-9.150000 -0.000130
-9.100000 -0.000129
-9.050000 -0.000144
-9.000000 -0.000139
-8.950000 -0.000149
-8.900000 -0.000140
-8.850000 -0.000145
-8.800000 -0.000132
-8.750000 -0.000133
-8.700000 -0.000115
-8.650000 -0.000113
-8.600000 -0.000092
-8.550000 -0.000087
-8.500000 -0.000063
-8.450000 -0.000056
-8.400000 -0.000030
-8.350000 -0.000022
-8.300000 0.000004
-8.250000 0.000013
-8.200000 0.000039
-8.150000 0.000047
-8.100000 0.000072
-8.050000 0.000079
-8.000000 0.000102
-7.950000 0.000106
-7.900000 0.000127
-7.850000 0.000128
-7.800000 0.000145
-7.750000 0.000143
-7.700000 0.000156
-7.650000 0.000150
-7.600000 0.000160
-7.550000 0.000149
-7.500000 0.000155
-7.450000 0.000141
-7.400000 0.000143
-7.350000 0.000125
-7.300000 0.000124
-7.250000 0.000104
-7.200000 0.000100
-7.150000 0.000077
-7.100000 0.000072
-7.050000 0.000047
-7.000000 0.000040
-6.950000 0.000014
-6.900000 0.000007
-6.850000 -0.000019
-6.800000 -0.000027
-6.750000 -0.000052
-6.700000 -0.000059
-6.650000 -0.000083
-6.600000 -0.000088
-6.550000 -0.000110
-6.500000 -0.000113
-6.450000 -0.000132
-6.400000 -0.000132
-6.350000 -0.000149
-6.300000 -0.000146
-6.250000 -0.000161
-6.200000 -0.000155
-6.150000 -0.000166
-6.100000 -0.000157
-6.050000 -0.000165
-6.000000 -0.000153
-5.950000 -0.000159
-5.900000 -0.000144
-5.850000 -0.000147
-5.800000 -0.000129
-5.750000 -0.000130
-5.700000 -0.000110
-5.650000 -0.000108
-5.600000 -0.000087
-5.550000 -0.000084
-5.500000 -0.000062
-5.450000 -0.000058
-5.400000 -0.000035
-5.350000 -0.000031
-5.300000 -0.000008
-5.250000 -0.000005
-5.200000 0.000018
-5.150000 0.000021
-5.100000 0.000043
-5.050000 0.000045
-5.000000 0.000065
-4.950000 0.000066
-4.900000 0.000086
-4.850000 0.000085
-4.800000 0.000102
-4.750000 0.000099
-4.700000 0.000114
-4.650000 0.000109
-4.600000 0.000122
-4.550000 0.000114
-4.500000 0.000125
-4.450000 0.000115
-4.400000 0.000123
-4.350000 0.000111
-4.300000 0.000118
-4.250000 0.000103
-4.200000 0.000108
-4.150000 0.000091
-4.100000 0.000093
-4.050000 0.000075
-4.000000 0.000074
-3.950000 0.000054
-3.900000 0.000051
-3.850000 0.000028
-3.800000 0.000023
-3.750000 -0.000002
-3.700000 -0.000009
-3.650000 -0.000037
-3.600000 -0.000046
-3.550000 -0.000077
-3.500000 -0.000089
-3.450000 -0.000122
-3.400000 -0.000137
-3.350000 -0.000174
-3.300000 -0.000193
-3.250000 -0.000234
-3.200000 -0.000258
-3.150000 -0.000304
-3.100000 -0.000334
-3.050000 -0.000387
-3.000000 -0.000424
-2.950000 -0.000486
-2.900000 -0.000532
-2.850000 -0.000603
-2.800000 -0.000661
-2.750000 -0.000744
-2.700000 -0.000816
-2.650000 -0.000915
-2.600000 -0.001003
-2.550000 -0.001121
-2.500000 -0.001231
-2.450000 -0.001373
-2.400000 -0.001510
-2.350000 -0.001681
-2.300000 -0.001850
-2.250000 -0.002058
-2.200000 -0.002267
-2.150000 -0.002518
-2.100000 -0.002776
-2.050000 -0.003082
-2.000000 -0.003399
-1.950000 -0.003771
-1.900000 -0.004161
-1.850000 -0.004614
-1.800000 -0.005093
-1.750000 -0.005644
-1.700000 -0.006233
-1.650000 -0.006905
-1.600000 -0.007627
-1.550000 -0.008446
-1.500000 -0.009330
-1.450000 -0.010329
-1.400000 -0.011411
-1.350000 -0.012628
-1.300000 -0.013951
-1.250000 -0.015434
-1.200000 -0.017051
-1.150000 -0.018857
-1.100000 -0.020830
-1.050000 -0.023030
-1.000000 -0.025438
-0.950000 -0.028116
-0.900000 -0.031051
-0.850000 -0.034310
-0.800000 -0.037886
-0.750000 -0.041850
-0.700000 -0.046201
-0.650000 -0.051019
-0.600000 -0.056308
-0.550000 -0.062157
-0.500000 -0.068580
-0.450000 -0.075673
-0.400000 -0.083461
-0.350000 -0.092050
-0.300000 -0.101476
-0.250000 -0.111860
-0.200000 -0.123248
-0.150000 -0.135773
-0.100000 -0.149498
-0.050000 -0.164568
0.000000 -0.181060
0.050000 -0.199134
0.100000 -0.218881
0.150000 -0.240475
0.200000 -0.264018
0.250000 -0.289694
0.300000 -0.317615
0.350000 -0.347972
0.400000 -0.380877
0.450000 -0.416517
0.500000 -0.454999
0.550000 -0.496492
0.600000 -0.541077
0.650000 -0.588892
0.700000 -0.639971
0.750000 -0.694393
0.800000 -0.752119
0.850000 -0.813138
0.900000 -0.877306
0.950000 -0.944490
1.000000 -1.014406
1.050000 -1.086766
1.100000 -1.161113
1.150000 -1.236979
1.200000 -1.313719
1.250000 -1.390671
1.300000 -1.467008
1.350000 -1.541895
1.400000 -1.614355
1.450000 -1.683435
1.500000 -1.748080
1.550000 -1.807311
1.600000 -1.860105
1.650000 -1.905575
1.700000 -1.942853
1.750000 -1.971276
1.800000 -1.990254
1.850000 -1.999452
1.900000 -1.998649
1.950000 -1.987898
2.000000 -1.967376
2.050000 -1.937523
2.100000 -1.898879
2.150000 -1.852206
2.200000 -1.798313
2.250000 -1.738172
2.300000 -1.672741
2.350000 -1.603076
2.400000 -1.530153
2.450000 -1.454993
2.500000 -1.378490
2.550000 -1.301540
2.600000 -1.224882
2.650000 -1.149240
2.700000 -1.075164
2.750000 -1.003187
2.800000 -0.933673
2.850000 -0.866974
2.900000 -0.803284
2.950000 -0.742803
3.000000 -0.685589
3.050000 -0.631719
3.100000 -0.581150
3.150000 -0.533874
3.200000 -0.489775
3.250000 -0.448788
3.300000 -0.410756
3.350000 -0.375579
3.400000 -0.343078
3.450000 -0.313138
3.500000 -0.285571
3.550000 -0.260263
3.600000 -0.237028
3.650000 -0.215756
3.700000 -0.196271
3.750000 -0.178476
3.800000 -0.162205
3.850000 -0.147375
3.900000 -0.133835
3.950000 -0.121515
4.000000 -0.110280
4.050000 -0.100072
4.100000 -0.090770
4.150000 -0.082331
4.200000 -0.074644
4.250000 -0.067679
4.300000 -0.061337
4.350000 -0.055597
4.400000 -0.050371
4.450000 -0.045646
4.500000 -0.041344
4.550000 -0.037459
4.600000 -0.033920
4.650000 -0.030729
4.700000 -0.027820
4.750000 -0.025201
4.800000 -0.022811
4.850000 -0.020663
4.900000 -0.018700
4.950000 -0.016939
5.000000 -0.015327
5.050000 -0.013883
5.100000 -0.012560
5.150000 -0.011377
5.200000 -0.010290
5.250000 -0.009322
5.300000 -0.008429
5.350000 -0.007637
5.400000 -0.006904
5.450000 -0.006257
5.500000 -0.005655
5.550000 -0.005126
5.600000 -0.004631
5.650000 -0.004200
5.700000 -0.003793
5.750000 -0.003442
5.800000 -0.003107
5.850000 -0.002820
5.900000 -0.002544
5.950000 -0.002310
6.000000 -0.002082
6.050000 -0.001892
6.100000 -0.001704
6.150000 -0.001550
6.200000 -0.001394
6.250000 -0.001269
6.300000 -0.001141
6.350000 -0.001040
6.400000 -0.000934
6.450000 -0.000853
6.500000 -0.000764
6.550000 -0.000700
6.600000 -0.000626
6.650000 -0.000575
6.700000 -0.000512
6.750000 -0.000471
6.800000 -0.000419
6.850000 -0.000386
6.900000 -0.000341
6.950000 -0.000316
7.000000 -0.000278
7.050000 -0.000259
7.100000 -0.000227
7.150000 -0.000213
7.200000 -0.000185
7.250000 -0.000175
7.300000 -0.000151
7.350000 -0.000145
7.400000 -0.000124
7.450000 -0.000120
7.500000 -0.000101
7.550000 -0.000099
7.600000 -0.000082
7.650000 -0.000082
7.700000 -0.000066
7.750000 -0.000067
7.800000 -0.000053
7.850000 -0.000055
7.900000 -0.000042
7.950000 -0.000045
8.000000 -0.000033
8.050000 -0.000038
8.100000 -0.000027
8.150000 -0.000032
8.200000 -0.000022
8.250000 -0.000028
8.300000 -0.000018
8.350000 -0.000024
8.400000 -0.000015
8.450000 -0.000020
8.500000 -0.000011
8.550000 -0.000017
8.600000 -0.000007
8.650000 -0.000014
8.700000 -0.000005
8.750000 -0.000011
8.800000 -0.000003
8.850000 -0.000010
8.900000 -0.000002
8.950000 -0.000009
9.000000 -0.000002
9.050000 -0.000009
9.100000 -0.000002
9.150000 -0.000009
9.200000 -0.000001
9.250000 -0.000008
9.300000 -0.000000
9.350000 -0.000007
9.400000 0.000001
9.450000 -0.000005
9.500000 0.000002
9.550000 -0.000004
9.600000 0.000003
9.650000 -0.000004
9.700000 0.000003
9.750000 -0.000004
9.800000 0.000003
9.850000 -0.000005
9.900000 0.000002
9.950000 -0.000005
10.000000 0.000002
10.050000 -0.000005
10.100000 0.000002
10.150000 -0.000005
10.200000 0.000002
10.250000 -0.000004
10.300000 0.000003
10.350000 -0.000003
10.400000 0.000004
10.450000 -0.000002
10.500000 0.000004
10.550000 -0.000002
10.600000 0.000004
10.650000 -0.000003
10.700000 0.000003
10.750000 -0.000004
10.800000 0.000002
10.850000 -0.000005
10.900000 0.000002
10.950000 -0.000005
11.000000 0.000002
11.050000 -0.000004
11.100000 0.000003
11.150000 -0.000003
11.200000 0.000004
11.250000 -0.000002
11.300000 0.000004
11.350000 -0.000002
11.400000 0.000004
11.450000 -0.000002
11.500000 0.000003
11.550000 -0.000003
11.600000 0.000002
11.650000 -0.000004
11.700000 0.000002
11.750000 -0.000004
11.800000 0.000002
11.850000 -0.000004
11.900000 0.000002
11.950000 -0.000003
12.000000 0.000003
12.050000 -0.000002
12.100000 0.000004
12.150000 -0.000001
12.200000 0.000004
12.250000 -0.000001
12.300000 0.000004
12.350000 -0.000002
12.400000 0.000003
12.450000 -0.000003
12.500000 0.000002
12.550000 -0.000004
12.600000 0.000001
12.650000 -0.000004
12.700000 0.000001
12.750000 -0.000004
12.800000 0.000002
12.850000 -0.000003
12.900000 0.000003
12.950000 -0.000002
13.000000 0.000004
13.050000 -0.000001
13.100000 0.000004
13.150000 -0.000001
13.200000 0.000003
13.250000 -0.000002
13.300000 0.000002
13.350000 -0.000003
13.400000 0.000001
13.450000 -0.000004
13.500000 0.000001
13.550000 -0.000004
13.600000 0.000001
13.650000 -0.000003
13.700000 0.000002
13.750000 -0.000002
13.800000 0.000003
13.850000 -0.000001
13.900000 0.000004
13.950000 -0.000001
14.000000 0.000004
14.050000 -0.000001
14.100000 0.000003
14.150000 -0.000002
14.200000 0.000002
14.250000 -0.000003
14.300000 0.000001
14.350000 -0.000004
14.400000 0.000000
14.450000 -0.000004
14.500000 0.000001
14.550000 -0.000003
14.600000 0.000002
14.650000 -0.000002
14.700000 0.000003
14.750000 -0.000001
14.800000 0.000004
14.850000 -0.000000
14.900000 0.000004
14.950000 -0.000001
15.000000 0.000003
15.050000 -0.000002
15.100000 0.000001
15.150000 -0.000003
15.200000 0.000000
15.250000 -0.000004
15.300000 0.000000
15.350000 -0.000004
15.400000 0.000001
15.450000 -0.000002
15.500000 0.000002
15.550000 -0.000001
15.600000 0.000003
15.650000 -0.000000
15.700000 0.000004
15.750000 0.000000
15.800000 0.000003
15.850000 -0.000001
15.900000 0.000002
15.950000 -0.000002
16.000000 0.000001
16.050000 -0.000003
16.100000 -0.000000
16.150000 -0.000004
16.200000 -0.000000
16.250000 -0.000003
16.300000 0.000001
16.350000 -0.000002
16.400000 0.000002
16.450000 -0.000001
16.500000 0.000003
16.550000 0.000000
16.600000 0.000004
16.650000 0.000000
16.700000 0.000003
16.750000 -0.000000
16.800000 0.000002
16.850000 -0.000002
16.900000 0.000001
16.950000 -0.000003
17.000000 -0.000000
17.050000 -0.000004
17.100000 -0.000001
17.150000 -0.000003
17.200000 0.000000
17.250000 -0.000002
17.300000 0.000002
17.350000 -0.000000
17.400000 0.000003
17.450000 0.000001
17.500000 0.000004
17.550000 0.000001
17.600000 0.000003
17.650000 0.000000
17.700000 0.000002
17.750000 -0.000001
17.800000 0.000000
17.850000 -0.000003
17.900000 -0.000001
17.950000 -0.000003
18.000000 -0.000001
18.050000 -0.000003
18.100000 -0.000000
18.150000 -0.000002
18.200000 0.000001
18.250000 -0.000000
18.300000 0.000003
18.350000 0.000001
18.400000 0.000003
18.450000 0.000001
18.500000 0.000003
18.550000 0.000001
18.600000 0.000002
18.650000 -0.000001
18.700000 0.000000
18.750000 -0.000002
18.800000 -0.000001
18.850000 -0.000003
18.900000 -0.000002
18.950000 -0.000003
19.000000 -0.000001
19.050000 -0.000002
19.100000 0.000001
19.150000 -0.000000
19.200000 0.000002
19.250000 0.000001
19.300000 0.000003
19.350000 0.000002
19.400000 0.000003
19.450000 0.000001
19.500000 0.000002
19.550000 -0.000000
19.600000 0.000000
19.650000 -0.000002
19.700000 -0.000001
19.750000 -0.000003
19.800000 -0.000002
19.850000 -0.000003
19.900000 -0.000002
19.950000 -0.000002
20.000000 -0.000000
20.050000 -0.000000
20.100000 0.000002
20.150000 0.000001
20.200000 0.000003
20.250000 0.000002
20.300000 0.000003
20.350000 0.000002
20.400000 0.000002
20.450000 0.000001
20.500000 0.000000
20.550000 -0.000001
20.600000 -0.000001
20.650000 -0.000003
20.700000 -0.000002
20.750000 -0.000003
20.800000 -0.000002
20.850000 -0.000002
20.900000 -0.000001
20.950000 -0.000001
21.000000 0.000001
21.050000 0.000001
21.100000 0.000002
21.150000 0.000003
21.200000 0.000003
21.250000 0.000003
21.300000 0.000003
21.350000 0.000002
21.400000 0.000001
21.450000 -0.000000
21.500000 -0.000001
21.550000 -0.000002
21.600000 -0.000003
21.650000 -0.000003
21.700000 -0.000003
21.750000 -0.000003
21.800000 -0.000002
21.850000 -0.000001
21.900000 -0.000000
21.950000 0.000001
22.000000 0.000002
22.050000 0.000003
22.100000 0.000003
22.150000 0.000003
22.200000 0.000003
22.250000 0.000003
22.300000 0.000002
22.350000 0.000001
22.400000 -0.000001
22.450000 -0.000001
22.500000 -0.000003
22.550000 -0.000003
22.600000 -0.000004
22.650000 -0.000003
22.700000 -0.000003
22.750000 -0.000002
22.800000 -0.000002
22.850000 0.000000
22.900000 0.000000
22.950000 0.000002
23.000000 0.000002
23.050000 0.000004
23.100000 0.000003
23.150000 0.000004
23.200000 0.000002
23.250000 0.000003
23.300000 0.000000
23.350000 0.000000
23.400000 -0.000002
23.450000 -0.000002
23.500000 -0.000004
23.550000 -0.000003
23.600000 -0.000004
23.650000 -0.000003
23.700000 -0.000003
23.750000 -0.000001
23.800000 -0.000001
23.850000 0.000001
23.900000 0.000001
23.950000 0.000003
24.000000 0.000003
24.050000 0.000005
24.100000 0.000003
24.150000 0.000004
24.200000 0.000002
24.250000 0.000002
24.300000 -0.000001
24.350000 -0.000000
24.400000 -0.000003
24.450000 -0.000002
24.500000 -0.000005
24.550000 -0.000003
24.600000 -0.000005
24.650000 -0.000002
24.700000 -0.000003
24.750000 -0.000000
24.800000 -0.000001
24.850000 0.000002
24.900000 0.000001
24.950000 0.000004
25.000000 0.000003
25.050000 0.000005
25.100000 0.000003
25.150000 0.000004
25.200000 0.000001
25.250000 0.000002
25.300000 -0.000002
25.350000 -0.000000
25.400000 -0.000004
25.450000 -0.000002
25.500000 -0.000005
25.550000 -0.000003
25.600000 -0.000005
25.650000 -0.000002
25.700000 -0.000003
25.750000 0.000001
25.800000 -0.000001
25.850000 0.000003
25.900000 0.000002
25.950000 0.000005
26.000000 0.000003
26.050000 0.000006
26.100000 0.000002
26.150000 0.000005
26.200000 0.000000
26.250000 0.000002
26.300000 -0.000002
26.350000 -0.000001
26.400000 -0.000005
26.450000 -0.000003
26.500000 -0.000006
26.550000 -0.000003
26.600000 -0.000006
26.650000 -0.000001
26.700000 -0.000004
26.750000 0.000001
26.800000 -0.000001
26.850000 0.000004
26.900000 0.000002
26.950000 0.000006
27.000000 0.000003
27.050000 0.000006
27.100000 0.000002
27.150000 0.000005
27.200000 0.000000
27.250000 0.000002
27.300000 -0.000003
27.350000 -0.000001
27.400000 -0.000005
27.450000 -0.000003
27.500000 -0.000007
27.550000 -0.000003
27.600000 -0.000006
27.650000 -0.000001
27.700000 -0.000004
27.750000 0.000001
27.800000 -0.000001
27.850000 0.000004
27.900000 0.000002
27.950000 0.000007
28.000000 0.000003
28.050000 0.000007
28.100000 0.000002
28.150000 0.000006
28.200000 0.000000
28.250000 0.000003
28.300000 -0.000003
28.350000 -0.000000
28.400000 -0.000006
28.450000 -0.000003
28.500000 -0.000007
28.550000 -0.000003
28.600000 -0.000007
28.650000 -0.000002
28.700000 -0.000005
28.750000 0.000001
28.800000 -0.000002
28.850000 0.000004
28.900000 0.000001
28.950000 0.000007
29.000000 0.000003
29.050000 0.000008
29.100000 0.000003
29.150000 0.000007
29.200000 0.000001
29.250000 0.000004
29.300000 -0.000003
29.350000 0.000000
29.400000 -0.000006
29.450000 -0.000002
29.500000 -0.000008
29.550000 -0.000003
29.600000 -0.000008
29.650000 -0.000002
29.700000 -0.000006
29.750000 0.000001
29.800000 -0.000003
29.850000 0.000004
29.900000 0.000001
29.950000 0.000007
30.000000 0.000003
30.050000 0.000009
30.100000 0.000003
30.150000 0.000008
30.200000 0.000001
30.250000 0.000005
30.300000 -0.000002
30.350000 0.000002
30.400000 -0.000005
30.450000 -0.000002
30.500000 -0.000008
30.550000 -0.000003
30.600000 -0.000009
30.650000 -0.000003
30.700000 -0.000007
30.750000 -0.000001
30.800000 -0.000004
30.850000 0.000003
30.900000 -0.000001
30.950000 0.000007
31.000000 0.000002
31.050000 0.000009
31.100000 0.000004
31.150000 0.000009
31.200000 0.000003
31.250000 0.000007
31.300000 -0.000000
31.350000 0.000004
31.400000 -0.000004
31.450000 -0.000000
31.500000 -0.000008
31.550000 -0.000003
31.600000 -0.000010
31.650000 -0.000004
31.700000 -0.000009
31.750000 -0.000002
31.800000 -0.000007
31.850000 0.000001
31.900000 -0.000003
31.950000 0.000005
32.000000 0.000001
32.050000 0.000009
32.100000 0.000004
32.150000 0.000010
32.200000 0.000004
32.250000 0.000009
32.300000 0.000002
32.350000 0.000006
32.400000 -0.000002
32.450000 0.000002
32.500000 -0.000006
32.550000 -0.000002
32.600000 -0.000010
32.650000 -0.000004
32.700000 -0.000011
32.750000 -0.000004
32.800000 -0.000009
32.850000 -0.000001
32.900000 -0.000006
32.950000 0.000003
33.000000 -0.000001
33.050000 0.000007
33.100000 0.000002
33.150000 0.000010
33.200000 0.000004
33.250000 0.000011
33.300000 0.000004
33.350000 0.000009
33.400000 0.000001
33.450000 0.000005
33.500000 -0.000004
33.550000 0.000001
33.600000 -0.000008
33.650000 -0.000003
33.700000 -0.000011
33.750000 -0.000005
33.800000 -0.000011
33.850000 -0.000004
33.900000 -0.000009
33.950000 -0.000000
34.000000 -0.000005
34.050000 0.000004
34.100000 -0.000000
34.150000 0.000009
34.200000 0.000003
34.250000 0.000012
34.300000 0.000005
34.350000 0.000012
34.400000 0.000004
34.450000 0.000009
34.500000 -0.000000
34.550000 0.000005
34.600000 -0.000005
34.650000 0.000000
34.700000 -0.000009
34.750000 -0.000004
34.800000 -0.000012
34.850000 -0.000005
34.900000 -0.000012
34.950000 -0.000004
35.000000 -0.000009
35.050000 0.000000
35.100000 -0.000005
35.150000 0.000005
35.200000 0.000000
35.250000 0.000010
35.300000 0.000004
35.350000 0.000013
35.400000 0.000005
35.450000 0.000013
35.500000 0.000004
35.550000 0.000010
35.600000 0.000000
35.650000 0.000005
35.700000 -0.000005
35.750000 -0.000000
35.800000 -0.000010
35.850000 -0.000004
35.900000 -0.000013
35.950000 -0.000006
36.000000 -0.000013
36.050000 -0.000004
36.100000 -0.000010
36.150000 -0.000000
36.200000 -0.000006
36.250000 0.000005
36.300000 -0.000000
36.350000 0.000010
36.400000 0.000004
36.450000 0.000013
36.500000 0.000006
36.550000 0.000014
36.600000 0.000005
36.650000 0.000011
36.700000 0.000001
36.750000 0.000006
36.800000 -0.000005
36.850000 0.000001
36.900000 -0.000010
36.950000 -0.000004
37.000000 -0.000014
37.050000 -0.000006
37.100000 -0.000014
37.150000 -0.000006
37.200000 -0.000012
37.250000 -0.000002
37.300000 -0.000007
37.350000 0.000004
37.400000 -0.000001
37.450000 0.000010
37.500000 0.000004
37.550000 0.000014
37.600000 0.000007
37.650000 0.000015
37.700000 0.000006
37.750000 0.000013
37.800000 0.000003
37.850000 0.000009
37.900000 -0.000003
37.950000 0.000002
38.000000 -0.000009
38.050000 -0.000003
38.100000 -0.000014
38.150000 -0.000007
38.200000 -0.000016
38.250000 -0.000007
38.300000 -0.000014
38.350000 -0.000004
38.400000 -0.000010
38.450000 0.000001
38.500000 -0.000004
38.550000 0.000008
38.600000 0.000002
38.650000 0.000013
38.700000 0.000007
38.750000 0.000016
38.800000 0.000008
38.850000 0.000016
38.900000 0.000006
38.950000 0.000012
39.000000 0.000001
39.050000 0.000006
39.100000 -0.000006
39.150000 -0.000001
39.200000 -0.000012
39.250000 -0.000006
39.300000 -0.000016
39.350000 -0.000009
39.400000 -0.000017
39.450000 -0.000007
39.500000 -0.000014
39.550000 -0.000003
39.600000 -0.000008
39.650000 0.000004
39.700000 -0.000001
39.750000 0.000011
39.800000 0.000005
39.850000 0.000016
39.900000 0.000009
39.950000 0.000018
40.000000 0.000009
40.050000 0.000016
40.100000 0.000005
40.150000 0.000011
40.200000 -0.000001
40.250000 0.000004
40.300000 -0.000008
40.350000 -0.000003
40.400000 -0.000015
40.450000 -0.000008
40.500000 -0.000018
40.550000 -0.000010
40.600000 -0.000018
40.650000 -0.000008
40.700000 -0.000014
40.750000 -0.000002
40.800000 -0.000007
40.850000 0.000005
40.900000 0.000000
40.950000 0.000013
41.000000 0.000007
41.050000 0.000018
41.100000 0.000010
41.150000 0.000019
41.200000 0.000010
41.250000 0.000017
41.300000 0.000006
41.350000 0.000011
41.400000 -0.000002
41.450000 0.000003
41.500000 -0.000009
41.550000 -0.000004
41.600000 -0.000016
41.650000 -0.000010
41.700000 -0.000020
41.750000 -0.000011
41.800000 -0.000019
41.850000 -0.000009
41.900000 -0.000015
41.950000 -0.000003
42.000000 -0.000008
42.050000 0.000005
42.100000 0.000001
42.150000 0.000013
42.200000 0.000008
42.250000 0.000019
42.300000 0.000012
42.350000 0.000021
42.400000 0.000012
42.450000 0.000019
42.500000 0.000007
42.550000 0.000013
42.600000 -0.000000
42.650000 0.000004
42.700000 -0.000009
42.750000 -0.000004
42.800000 -0.000017
42.850000 -0.000010
42.900000 -0.000021
42.950000 -0.000013
43.000000 -0.000022
43.050000 -0.000011
43.100000 -0.000018
43.150000 -0.000005
43.200000 -0.000010
43.250000 0.000003
43.300000 -0.000001
43.350000 0.000012
43.400000 0.000007
43.450000 0.000019
43.500000 0.000013
43.550000 0.000023
43.600000 0.000014
43.650000 0.000022
43.700000 0.000011
43.750000 0.000016
43.800000 0.000004
43.850000 0.000008
43.900000 -0.000006
43.950000 -0.000001
44.000000 -0.000015
44.050000 -0.000009
44.100000 -0.000021
44.150000 -0.000014
44.200000 -0.000023
44.250000 -0.000014
44.300000 -0.000021
44.350000 -0.000009
44.400000 -0.000014
44.450000 -0.000001
44.500000 -0.000004
44.550000 0.000009
44.600000 0.000005
44.650000 0.000018
44.700000 0.000013
44.750000 0.000024
44.800000 0.000015
44.850000 0.000023
44.900000 0.000012
44.950000 0.000016
