-30.000000 0.000109
-29.950000 0.000071
-29.900000 0.000144
-29.850000 0.000073
-29.800000 0.000116
-29.750000 0.000021
-29.700000 0.000047
-29.650000 -0.000057
-29.600000 -0.000031
-29.550000 -0.000128
-29.500000 -0.000087
-29.450000 -0.000162
-29.400000 -0.000096
-29.350000 -0.000146
-29.300000 -0.000056
-29.250000 -0.000084
-29.200000 0.000021
-29.150000 -0.000000
-29.100000 0.000105
-29.050000 0.000075
-29.000000 0.000164
-28.950000 0.000113
-28.900000 0.000176
-28.850000 0.000097
-28.800000 0.000133
-28.750000 0.000032
-28.700000 0.000051
-28.650000 -0.000059
-28.600000 -0.000040
-28.550000 -0.000143
-28.500000 -0.000109
-28.450000 -0.000188
-28.400000 -0.000127
-28.350000 -0.000177
-28.300000 -0.000087
-28.250000 -0.000111
-28.200000 -0.000002
-28.150000 -0.000014
-28.100000 0.000098
-28.050000 0.000080
-28.000000 0.000177
-27.950000 0.000136
-27.900000 0.000205
-27.850000 0.000133
-27.800000 0.000171
-27.750000 0.000071
-27.700000 0.000084
-27.650000 -0.000031
-27.600000 -0.000024
-27.550000 -0.000136
-27.500000 -0.000117
-27.450000 -0.000207
-27.400000 -0.000159
-27.350000 -0.000217
-27.300000 -0.000136
-27.250000 -0.000160
-27.200000 -0.000052
-27.150000 -0.000056
-27.100000 0.000064
-27.050000 0.000061
-27.000000 0.000171
-26.950000 0.000150
-26.900000 0.000233
-26.850000 0.000179
-26.800000 0.000225
-26.750000 0.000136
-26.700000 0.000148
-26.650000 0.000033
-26.600000 0.000028
-26.550000 -0.000094
-26.500000 -0.000096
-26.450000 -0.000204
-26.400000 -0.000182
-26.350000 -0.000256
-26.300000 -0.000197
-26.250000 -0.000232
-26.200000 -0.000136
-26.150000 -0.000138
-26.100000 -0.000017
-26.050000 -0.000002
-26.000000 0.000122
-25.950000 0.000129
-25.900000 0.000234
-25.850000 0.000212
-25.800000 0.000279
-25.750000 0.000217
-25.700000 0.000242
-25.650000 0.000140
-25.600000 0.000131
-25.550000 0.000005
-25.500000 -0.000019
-25.450000 -0.000145
-25.400000 -0.000158
-25.350000 -0.000261
-25.300000 -0.000242
-25.250000 -0.000304
-25.200000 -0.000240
-25.150000 -0.000256
-25.100000 -0.000151
-25.050000 -0.000131
-25.000000 -0.000001
-24.950000 0.000033
-24.900000 0.000163
-24.850000 0.000184
-24.800000 0.000287
-24.750000 0.000273
-24.700000 0.000331
-24.650000 0.000269
-24.600000 0.000277
-24.550000 0.000171
-24.500000 0.000141
-24.450000 0.000007
-24.400000 -0.000038
-24.350000 -0.000172
-24.300000 -0.000204
-24.250000 -0.000310
-24.200000 -0.000304
-24.150000 -0.000362
-24.100000 -0.000305
-24.050000 -0.000309
-24.000000 -0.000203
-23.950000 -0.000164
-23.900000 -0.000027
-23.850000 0.000031
-23.800000 0.000170
-23.750000 0.000216
-23.700000 0.000328
-23.650000 0.000335
-23.600000 0.000396
-23.550000 0.000349
-23.500000 0.000352
-23.450000 0.000250
-23.400000 0.000204
-23.350000 0.000065
-23.300000 -0.000006
-23.250000 -0.000152
-23.200000 -0.000215
-23.150000 -0.000337
-23.100000 -0.000362
-23.050000 -0.000432
-23.000000 -0.000399
-22.950000 -0.000406
-22.900000 -0.000313
-22.850000 -0.000263
-22.800000 -0.000125
-22.750000 -0.000042
-22.700000 0.000112
-22.650000 0.000195
-22.600000 0.000329
-22.550000 0.000378
-22.500000 0.000462
-22.450000 0.000452
-22.400000 0.000469
-22.350000 0.000392
-22.300000 0.000344
-22.250000 0.000212
-22.200000 0.000119
-22.150000 -0.000041
-22.100000 -0.000144
-22.050000 -0.000295
-22.000000 -0.000372
-21.950000 -0.000478
-21.900000 -0.000498
-21.850000 -0.000535
-21.800000 -0.000483
-21.750000 -0.000445
-21.700000 -0.000326
-21.650000 -0.000230
-21.600000 -0.000069
-21.550000 0.000054
-21.500000 0.000221
-21.450000 0.000331
-21.400000 0.000463
-21.350000 0.000523
-21.300000 0.000588
-21.250000 0.000573
-21.200000 0.000558
-21.150000 0.000464
-21.100000 0.000375
-21.050000 0.000221
-21.000000 0.000085
-20.950000 -0.000094
-20.900000 -0.000236
-20.850000 -0.000398
-20.800000 -0.000503
-20.750000 -0.000608
-20.700000 -0.000642
-20.650000 -0.000664
-20.600000 -0.000611
-20.550000 -0.000545
-20.500000 -0.000414
-20.450000 -0.000279
-20.400000 -0.000097
-20.350000 0.000070
-20.300000 0.000260
-20.250000 0.000413
-20.200000 0.000563
-20.150000 0.000658
-20.100000 0.000731
-20.050000 0.000739
-20.000000 0.000716
-19.950000 0.000629
-19.900000 0.000516
-19.850000 0.000351
-19.800000 0.000175
-19.750000 -0.000029
-19.700000 -0.000223
-19.650000 -0.000417
-19.600000 -0.000578
-19.550000 -0.000715
-19.500000 -0.000799
-19.450000 -0.000843
-19.400000 -0.000826
-19.350000 -0.000763
-19.300000 -0.000645
-19.250000 -0.000489
-19.200000 -0.000296
-19.150000 -0.000083
-19.100000 0.000142
-19.050000 0.000360
-19.000000 0.000561
-18.950000 0.000731
-18.900000 0.000858
-18.850000 0.000937
-18.800000 0.000956
-18.750000 0.000922
-18.700000 0.000825
-18.650000 0.000682
-18.600000 0.000488
-18.550000 0.000268
-18.500000 0.000019
-18.450000 -0.000226
-18.400000 -0.000473
-18.350000 -0.000685
-18.300000 -0.000873
-18.250000 -0.000999
-18.200000 -0.001082
-18.150000 -0.001087
-18.100000 -0.001045
-18.050000 -0.000923
-18.000000 -0.000762
-17.950000 -0.000534
-17.900000 -0.000291
-17.850000 -0.000005
-17.800000 0.000265
-17.750000 0.000548
-17.700000 0.000781
-17.650000 0.000999
-17.600000 0.001138
-17.550000 0.001240
-17.500000 0.001247
-17.450000 0.001211
-17.400000 0.001077
-17.350000 0.000909
-17.300000 0.000655
-17.250000 0.000391
-17.200000 0.000068
-17.150000 -0.000233
-17.100000 -0.000561
-17.050000 -0.000829
-17.000000 -0.001093
-16.950000 -0.001264
-16.900000 -0.001408
-16.850000 -0.001438
-16.800000 -0.001430
-16.750000 -0.001303
-16.700000 -0.001143
-16.650000 -0.000877
-16.600000 -0.000601
-16.550000 -0.000243
-16.500000 0.000091
-16.450000 0.000473
-16.400000 0.000790
-16.350000 0.001119
-16.300000 0.001348
-16.250000 0.001559
-16.200000 0.001642
-16.150000 0.001691
-16.100000 0.001602
-16.050000 0.001479
-16.000000 0.001224
-15.950000 0.000953
-15.900000 0.000574
-15.850000 0.000211
-15.800000 -0.000225
-15.750000 -0.000602
-15.700000 -0.001014
-15.650000 -0.001325
-15.600000 -0.001633
-15.550000 -0.001807
-15.500000 -0.001953
-15.450000 -0.001943
-15.400000 -0.001898
-15.350000 -0.001695
-15.300000 -0.001466
-15.250000 -0.001096
-15.200000 -0.000729
-15.150000 -0.000253
-15.100000 0.000180
-15.050000 0.000680
-15.000000 0.001090
-14.950000 0.001523
-14.900000 0.001824
-14.850000 0.002113
-14.800000 0.002236
-14.750000 0.002326
-14.700000 0.002236
-14.650000 0.002109
-14.600000 0.001808
-14.550000 0.001488
-14.500000 0.001018
-14.450000 0.000564
-14.400000 -0.000001
-14.350000 -0.000503
-14.300000 -0.001069
-14.250000 -0.001520
-14.200000 -0.001989
-14.150000 -0.002300
-14.100000 -0.002590
-14.050000 -0.002690
-14.000000 -0.002750
-13.950000 -0.002608
-13.900000 -0.002425
-13.850000 -0.002048
-13.800000 -0.001654
-13.750000 -0.001095
-13.700000 -0.000558
-13.650000 0.000099
-13.600000 0.000681
-13.550000 0.001332
-13.500000 0.001854
-13.450000 0.002393
-13.400000 0.002754
-13.350000 0.003091
-13.300000 0.003216
-13.250000 0.003294
-13.200000 0.003146
-13.150000 0.002949
-13.100000 0.002534
-13.050000 0.002093
-13.000000 0.001464
-12.950000 0.000850
-12.900000 0.000096
-12.850000 -0.000588
-12.800000 -0.001355
-12.750000 -0.001992
-12.700000 -0.002654
-12.650000 -0.003131
-12.600000 -0.003584
-12.550000 -0.003810
-12.500000 -0.003981
-12.450000 -0.003903
-12.400000 -0.003762
-12.350000 -0.003372
-12.300000 -0.002936
-12.250000 -0.002278
-12.200000 -0.001612
-12.150000 -0.000771
-12.100000 0.000023
-12.050000 0.000932
-12.000000 0.001728
-11.950000 0.002575
-11.900000 0.003245
-11.850000 0.003906
-11.800000 0.004336
-11.750000 0.004712
-11.700000 0.004821
-11.650000 0.004852
-11.600000 0.004603
-11.550000 0.004278
-11.500000 0.003687
-11.450000 0.003048
-11.400000 0.002181
-11.350000 0.001316
-11.300000 0.000280
-11.250000 -0.000689
-11.200000 -0.001759
-11.150000 -0.002690
-11.100000 -0.003651
-11.050000 -0.004403
-11.000000 -0.005121
-10.950000 -0.005575
-10.900000 -0.005948
-10.850000 -0.006021
-10.800000 -0.005991
-10.750000 -0.005651
-10.700000 -0.005214
-10.650000 -0.004483
-10.600000 -0.003688
-10.550000 -0.002644
-10.500000 -0.001591
-10.450000 -0.000353
-10.400000 0.000822
-10.350000 0.002104
-10.300000 0.003245
-10.250000 0.004413
-10.200000 0.005362
-10.150000 0.006267
-10.100000 0.006889
-10.050000 0.007412
-10.000000 0.007607
-9.950000 0.007672
-9.900000 0.007392
-9.850000 0.006980
-9.800000 0.006235
-9.750000 0.005382
-9.700000 0.004237
-9.650000 0.003038
-9.600000 0.001610
-9.550000 0.000201
-9.500000 -0.001357
-9.450000 -0.002809
-9.400000 -0.004321
-9.350000 -0.005639
-9.300000 -0.006932
-9.250000 -0.007950
-9.200000 -0.008868
-9.150000 -0.009449
-9.100000 -0.009878
-9.050000 -0.009931
-9.000000 -0.009807
-8.950000 -0.009297
-8.900000 -0.008617
-8.850000 -0.007573
-8.800000 -0.006395
-8.750000 -0.004904
-8.700000 -0.003343
-8.650000 -0.001544
-8.600000 0.000241
-8.550000 0.002172
-8.500000 0.003994
-8.450000 0.005863
-8.400000 0.007526
-8.350000 0.009140
-8.300000 0.010458
-8.250000 0.011645
-8.200000 0.012464
-8.150000 0.013091
-8.100000 0.013301
-8.050000 0.013284
-8.000000 0.012834
-7.950000 0.012154
-7.900000 0.011053
-7.850000 0.009751
-7.800000 0.008074
-7.750000 0.006253
-7.700000 0.004129
-7.650000 0.001945
-7.600000 -0.000449
-7.550000 -0.002803
-7.500000 -0.005259
-7.450000 -0.007568
-7.400000 -0.009868
-7.350000 -0.011912
-7.300000 -0.013844
-7.250000 -0.015424
-7.200000 -0.016801
-7.150000 -0.017749
-7.100000 -0.018430
-7.050000 -0.018631
-7.000000 -0.018528
-6.950000 -0.017928
-6.900000 -0.017019
-6.850000 -0.015628
-6.800000 -0.013960
-6.750000 -0.011856
-6.700000 -0.009535
-6.650000 -0.006856
-6.600000 -0.004047
-6.550000 -0.000978
-6.500000 0.002113
-6.450000 0.005349
-6.400000 0.008490
-6.350000 0.011655
-6.300000 0.014606
-6.250000 0.017460
-6.200000 0.019988
-6.150000 0.022310
-6.100000 0.024207
-6.050000 0.025809
-6.000000 0.026908
-5.950000 0.027645
-5.900000 0.027829
-5.850000 0.027613
-5.800000 0.026823
-5.750000 0.025626
-5.700000 0.023865
-5.650000 0.021721
-5.600000 0.019055
-5.550000 0.016060
-5.500000 0.012614
-5.450000 0.008921
-5.400000 0.004872
-5.350000 0.000679
-5.300000 -0.003753
-5.250000 -0.008208
-5.200000 -0.012774
-5.150000 -0.017232
-5.100000 -0.021666
-5.050000 -0.025859
-5.000000 -0.029894
-4.950000 -0.033560
-4.900000 -0.036944
-4.850000 -0.039844
-4.800000 -0.042354
-4.750000 -0.044286
-4.700000 -0.045740
-4.650000 -0.046546
-4.600000 -0.046818
-4.550000 -0.046399
-4.500000 -0.045417
-4.450000 -0.043735
-4.400000 -0.041493
-4.350000 -0.038571
-4.300000 -0.035123
-4.250000 -0.031046
-4.200000 -0.026504
-4.150000 -0.021409
-4.100000 -0.015934
-4.050000 -0.010004
-4.000000 -0.003798
-3.950000 0.002748
-3.900000 0.009453
-3.850000 0.016374
-3.800000 0.023328
-3.750000 0.030367
-3.700000 0.037313
-3.650000 0.044214
-3.600000 0.050894
-3.550000 0.057403
-3.500000 0.063572
-3.450000 0.069449
-3.400000 0.074873
-3.350000 0.079894
-3.300000 0.084359
-3.250000 0.088320
-3.200000 0.091631
-3.150000 0.094346
-3.100000 0.096328
-3.050000 0.097632
-3.000000 0.098128
-2.950000 0.097871
-2.900000 0.096737
-2.850000 0.094783
-2.800000 0.091890
-2.750000 0.088114
-2.700000 0.083340
-2.650000 0.077622
-2.600000 0.070851
-2.550000 0.063077
-2.500000 0.054194
-2.450000 0.044251
-2.400000 0.033145
-2.350000 0.020921
-2.300000 0.007480
-2.250000 -0.007134
-2.200000 -0.023018
-2.150000 -0.040129
-2.100000 -0.058557
-2.050000 -0.078258
-2.000000 -0.099316
-1.950000 -0.121684
-1.900000 -0.145434
-1.850000 -0.170513
-1.800000 -0.196978
-1.750000 -0.224767
-1.700000 -0.253916
-1.650000 -0.284347
-1.600000 -0.316071
-1.550000 -0.348991
-1.500000 -0.383086
-1.450000 -0.418232
-1.400000 -0.454371
-1.350000 -0.491348
-1.300000 -0.529065
-1.250000 -0.567330
-1.200000 -0.606002
-1.150000 -0.644850
-1.100000 -0.683694
-1.050000 -0.722266
-1.000000 -0.760345
-0.950000 -0.797638
-0.900000 -0.833895
-0.850000 -0.868805
-0.800000 -0.902101
-0.750000 -0.933474
-0.700000 -0.962661
-0.650000 -0.989371
-0.600000 -1.013365
-0.550000 -1.034395
-0.500000 -1.052269
-0.450000 -1.066799
-0.400000 -1.077859
-0.350000 -1.085340
-0.300000 -1.089192
-0.250000 -1.089398
-0.200000 -1.085991
-0.150000 -1.079042
-0.100000 -1.068667
-0.050000 -1.055020
0.000000 -1.038286
0.050000 -1.018687
0.100000 -0.996460
0.150000 -0.971877
0.200000 -0.945207
0.250000 -0.916748
0.300000 -0.886779
0.350000 -0.855605
0.400000 -0.823496
0.450000 -0.790746
0.500000 -0.757601
0.550000 -0.724333
0.600000 -0.691152
0.650000 -0.658300
0.700000 -0.625950
0.750000 -0.594310
0.800000 -0.563516
0.850000 -0.533746
0.900000 -0.505101
0.950000 -0.477736
1.000000 -0.451726
1.050000 -0.427213
1.100000 -0.404256
1.150000 -0.382993
1.200000 -0.363483
1.250000 -0.345875
1.300000 -0.330240
1.350000 -0.316758
1.400000 -0.305532
1.450000 -0.296790
1.500000 -0.290691
1.550000 -0.287538
1.600000 -0.287574
1.650000 -0.291208
1.700000 -0.298802
1.750000 -0.310909
1.800000 -0.328054
1.850000 -0.350983
1.900000 -0.380431
1.950000 -0.417388
2.000000 -0.462858
2.050000 -0.518127
2.100000 -0.584509
2.150000 -0.663624
2.200000 -0.757114
2.250000 -0.866915
2.300000 -0.994934
2.350000 -1.143298
2.400000 -1.313966
2.450000 -1.508926
2.500000 -1.729719
2.550000 -1.977555
2.600000 -2.252728
2.650000 -2.554644
2.700000 -2.881151
2.750000 -3.228554
2.800000 -3.590966
2.850000 -3.960489
2.900000 -4.326844
2.950000 -4.677983
3.000000 -5.000271
3.050000 -5.279726
3.100000 -5.502763
3.150000 -5.657850
3.200000 -5.736334
3.250000 -5.733812
3.300000 -5.650251
3.350000 -5.490401
3.400000 -5.262817
3.450000 -4.979307
3.500000 -4.653275
3.550000 -4.298891
3.600000 -3.929532
3.650000 -3.557373
3.700000 -3.192395
3.750000 -2.842607
3.800000 -2.513593
3.850000 -2.209171
3.900000 -1.931210
3.950000 -1.680442
4.000000 -1.456315
4.050000 -1.257775
4.100000 -1.083039
4.150000 -0.930284
4.200000 -0.797317
4.250000 -0.682183
4.300000 -0.582744
4.350000 -0.497235
4.400000 -0.423785
4.450000 -0.360940
4.500000 -0.307156
4.550000 -0.261309
4.600000 -0.222162
4.650000 -0.188886
4.700000 -0.160509
4.750000 -0.136442
4.800000 -0.115924
4.850000 -0.098557
4.900000 -0.083744
4.950000 -0.071231
5.000000 -0.060542
5.050000 -0.051533
5.100000 -0.043819
5.150000 -0.037336
5.200000 -0.031765
5.250000 -0.027100
5.300000 -0.023069
5.350000 -0.019713
5.400000 -0.016791
5.450000 -0.014376
5.500000 -0.012252
5.550000 -0.010514
5.600000 -0.008965
5.650000 -0.007715
5.700000 -0.006580
5.750000 -0.005682
5.800000 -0.004845
5.850000 -0.004202
5.900000 -0.003580
5.950000 -0.003121
6.000000 -0.002655
6.050000 -0.002329
6.100000 -0.001976
6.150000 -0.001747
6.200000 -0.001477
6.250000 -0.001318
6.300000 -0.001108
6.350000 -0.001001
6.400000 -0.000834
6.450000 -0.000765
6.500000 -0.000630
6.550000 -0.000588
6.600000 -0.000477
6.650000 -0.000456
6.700000 -0.000361
6.750000 -0.000356
6.800000 -0.000274
6.850000 -0.000281
6.900000 -0.000208
6.950000 -0.000223
7.000000 -0.000158
7.050000 -0.000179
7.100000 -0.000119
7.150000 -0.000145
7.200000 -0.000089
7.250000 -0.000119
7.300000 -0.000066
7.350000 -0.000099
7.400000 -0.000048
7.450000 -0.000083
7.500000 -0.000034
7.550000 -0.000070
7.600000 -0.000023
7.650000 -0.000061
7.700000 -0.000014
7.750000 -0.000053
7.800000 -0.000007
7.850000 -0.000047
7.900000 -0.000001
7.950000 -0.000042
8.000000 0.000003
8.050000 -0.000038
8.100000 0.000007
8.150000 -0.000035
8.200000 0.000009
8.250000 -0.000032
8.300000 0.000012
8.350000 -0.000030
8.400000 0.000014
8.450000 -0.000029
8.500000 0.000015
8.550000 -0.000027
8.600000 0.000016
8.650000 -0.000026
8.700000 0.000017
8.750000 -0.000025
8.800000 0.000018
8.850000 -0.000025
8.900000 0.000019
8.950000 -0.000024
9.000000 0.000019
9.050000 -0.000023
9.100000 0.000020
9.150000 -0.000023
9.200000 0.000020
9.250000 -0.000023
9.300000 0.000020
9.350000 -0.000022
9.400000 0.000020
9.450000 -0.000022
9.500000 0.000020
9.550000 -0.000022
9.600000 0.000020
9.650000 -0.000021
9.700000 0.000020
9.750000 -0.000021
9.800000 0.000020
9.850000 -0.000021
9.900000 0.000020
9.950000 -0.000021
10.000000 0.000020
10.050000 -0.000021
10.100000 0.000020
10.150000 -0.000021
10.200000 0.000020
10.250000 -0.000020
10.300000 0.000020
10.350000 -0.000020
10.400000 0.000020
10.450000 -0.000020
10.500000 0.000020
10.550000 -0.000020
10.600000 0.000020
10.650000 -0.000020
10.700000 0.000020
10.750000 -0.000020
10.800000 0.000020
10.850000 -0.000019
10.900000 0.000019
10.950000 -0.000019
11.000000 0.000019
11.050000 -0.000019
11.100000 0.000019
11.150000 -0.000019
11.200000 0.000019
11.250000 -0.000019
11.300000 0.000019
11.350000 -0.000018
11.400000 0.000019
11.450000 -0.000018
11.500000 0.000018
11.550000 -0.000018
11.600000 0.000018
11.650000 -0.000018
11.700000 0.000018
11.750000 -0.000018
11.800000 0.000018
11.850000 -0.000018
11.900000 0.000018
11.950000 -0.000017
12.000000 0.000017
12.050000 -0.000017
12.100000 0.000017
12.150000 -0.000017
12.200000 0.000017
12.250000 -0.000017
12.300000 0.000016
12.350000 -0.000017
12.400000 0.000016
12.450000 -0.000016
12.500000 0.000016
12.550000 -0.000016
12.600000 0.000016
12.650000 -0.000015
12.700000 0.000016
12.750000 -0.000015
12.800000 0.000015
12.850000 -0.000015
12.900000 0.000015
12.950000 -0.000015
13.000000 0.000015
13.050000 -0.000014
13.100000 0.000015
13.150000 -0.000014
13.200000 0.000014
13.250000 -0.000014
13.300000 0.000014
13.350000 -0.000014
13.400000 0.000013
13.450000 -0.000014
13.500000 0.000013
13.550000 -0.000013
13.600000 0.000013
13.650000 -0.000013
13.700000 0.000013
13.750000 -0.000012
13.800000 0.000013
13.850000 -0.000012
13.900000 0.000012
13.950000 -0.000012
14.000000 0.000012
14.050000 -0.000012
14.100000 0.000011
14.150000 -0.000011
14.200000 0.000011
14.250000 -0.000011
14.300000 0.000011
14.350000 -0.000010
14.400000 0.000011
14.450000 -0.000010
14.500000 0.000010
14.550000 -0.000010
14.600000 0.000010
14.650000 -0.000010
14.700000 0.000009
14.750000 -0.000010
14.800000 0.000009
14.850000 -0.000009
14.900000 0.000009
14.950000 -0.000008
15.000000 0.000009
15.050000 -0.000008
15.100000 0.000008
15.150000 -0.000008
15.200000 0.000008
15.250000 -0.000008
15.300000 0.000007
15.350000 -0.000008
15.400000 0.000007
15.450000 -0.000007
15.500000 0.000007
15.550000 -0.000006
15.600000 0.000007
15.650000 -0.000006
15.700000 0.000006
15.750000 -0.000006
15.800000 0.000006
15.850000 -0.000006
15.900000 0.000005
15.950000 -0.000005
16.000000 0.000005
16.050000 -0.000005
16.100000 0.000005
16.150000 -0.000004
16.200000 0.000005
16.250000 -0.000004
16.300000 0.000004
16.350000 -0.000003
16.400000 0.000003
16.450000 -0.000003
16.500000 0.000003
16.550000 -0.000003
16.600000 0.000002
16.650000 -0.000003
16.700000 0.000002
16.750000 -0.000002
16.800000 0.000002
16.850000 -0.000001
16.900000 0.000002
16.950000 -0.000001
17.000000 0.000001
17.050000 -0.000001
17.100000 0.000001
17.150000 -0.000001
17.200000 0.000000
17.250000 -0.000001
17.300000 0.000000
17.350000 0.000000
17.400000 0.000000
17.450000 0.000001
17.500000 -0.000000
17.550000 0.000001
17.600000 -0.000001
17.650000 0.000001
17.700000 -0.000001
17.750000 0.000001
17.800000 -0.000002
17.850000 0.000001
17.900000 -0.000002
17.950000 0.000002
18.000000 -0.000002
18.050000 0.000003
18.100000 -0.000002
18.150000 0.000003
18.200000 -0.000003
18.250000 0.000003
18.300000 -0.000003
18.350000 0.000003
18.400000 -0.000004
18.450000 0.000003
18.500000 -0.000004
18.550000 0.000004
18.600000 -0.000004
18.650000 0.000005
18.700000 -0.000004
18.750000 0.000005
18.800000 -0.000005
18.850000 0.000006
18.900000 -0.000005
18.950000 0.000005
19.000000 -0.000006
19.050000 0.000005
19.100000 -0.000007
19.150000 0.000006
19.200000 -0.000007
19.250000 0.000007
19.300000 -0.000006
19.350000 0.000007
19.400000 -0.000006
19.450000 0.000008
19.500000 -0.000007
19.550000 0.000008
19.600000 -0.000008
19.650000 0.000007
19.700000 -0.000009
19.750000 0.000008
19.800000 -0.000009
19.850000 0.000008
19.900000 -0.000008
19.950000 0.000009
20.000000 -0.000008
20.050000 0.000010
20.100000 -0.000009
20.150000 0.000010
20.200000 -0.000009
20.250000 0.000009
20.300000 -0.000010
20.350000 0.000009
20.400000 -0.000011
20.450000 0.000010
20.500000 -0.000011
20.550000 0.000011
20.600000 -0.000010
20.650000 0.000011
20.700000 -0.000010
20.750000 0.000012
20.800000 -0.000011
20.850000 0.000011
20.900000 -0.000012
20.950000 0.000011
21.000000 -0.000012
21.050000 0.000011
21.100000 -0.000012
21.150000 0.000012
21.200000 -0.000012
21.250000 0.000013
21.300000 -0.000012
21.350000 0.000013
21.400000 -0.000012
21.450000 0.000013
21.500000 -0.000013
21.550000 0.000013
21.600000 -0.000014
21.650000 0.000012
21.700000 -0.000014
21.750000 0.000013
21.800000 -0.000014
21.850000 0.000014
21.900000 -0.000013
21.950000 0.000015
22.000000 -0.000013
22.050000 0.000015
22.100000 -0.000014
22.150000 0.000014
22.200000 -0.000015
22.250000 0.000014
22.300000 -0.000016
22.350000 0.000014
22.400000 -0.000016
22.450000 0.000015
22.500000 -0.000015
22.550000 0.000016
22.600000 -0.000014
22.650000 0.000016
22.700000 -0.000014
22.750000 0.000016
22.800000 -0.000015
22.850000 0.000015
22.900000 -0.000016
22.950000 0.000015
23.000000 -0.000017
23.050000 0.000015
23.100000 -0.000016
23.150000 0.000016
23.200000 -0.000016
23.250000 0.000017
23.300000 -0.000015
23.350000 0.000017
23.400000 -0.000016
23.450000 0.000017
23.500000 -0.000017
23.550000 0.000016
23.600000 -0.000018
23.650000 0.000015
23.700000 -0.000018
23.750000 0.000016
23.800000 -0.000017
23.850000 0.000017
23.900000 -0.000016
23.950000 0.000018
24.000000 -0.000016
24.050000 0.000018
24.100000 -0.000016
24.150000 0.000017
24.200000 -0.000018
24.250000 0.000016
24.300000 -0.000019
24.350000 0.000016
24.400000 -0.000018
24.450000 0.000017
24.500000 -0.000017
24.550000 0.000018
24.600000 -0.000016
24.650000 0.000019
24.700000 -0.000016
24.750000 0.000018
24.800000 -0.000017
24.850000 0.000017
24.900000 -0.000018
24.950000 0.000016
25.000000 -0.000019
25.050000 0.000016
25.100000 -0.000018
25.150000 0.000017
25.200000 -0.000017
25.250000 0.000019
25.300000 -0.000016
25.350000 0.000019
25.400000 -0.000016
25.450000 0.000018
25.500000 -0.000017
25.550000 0.000017
25.600000 -0.000019
25.650000 0.000016
25.700000 -0.000019
25.750000 0.000016
25.800000 -0.000018
25.850000 0.000017
25.900000 -0.000017
25.950000 0.000019
26.000000 -0.000016
26.050000 0.000019
26.100000 -0.000016
26.150000 0.000018
26.200000 -0.000017
26.250000 0.000016
26.300000 -0.000019
26.350000 0.000015
26.400000 -0.000019
26.450000 0.000016
26.500000 -0.000018
26.550000 0.000017
26.600000 -0.000016
26.650000 0.000019
26.700000 -0.000015
26.750000 0.000019
26.800000 -0.000016
26.850000 0.000017
26.900000 -0.000017
26.950000 0.000016
27.000000 -0.000018
27.050000 0.000015
27.100000 -0.000019
27.150000 0.000015
27.200000 -0.000017
27.250000 0.000017
27.300000 -0.000015
27.350000 0.000018
27.400000 -0.000014
27.450000 0.000018
27.500000 -0.000015
27.550000 0.000017
27.600000 -0.000016
27.650000 0.000015
27.700000 -0.000018
27.750000 0.000013
27.800000 -0.000018
27.850000 0.000014
27.900000 -0.000016
27.950000 0.000016
28.000000 -0.000014
28.050000 0.000017
28.100000 -0.000013
28.150000 0.000017
28.200000 -0.000013
28.250000 0.000016
28.300000 -0.000015
28.350000 0.000013
28.400000 -0.000017
28.450000 0.000012
28.500000 -0.000017
28.550000 0.000013
28.600000 -0.000015
28.650000 0.000014
28.700000 -0.000013
28.750000 0.000016
28.800000 -0.000011
28.850000 0.000016
28.900000 -0.000012
28.950000 0.000015
29.000000 -0.000014
29.050000 0.000012
29.100000 -0.000016
29.150000 0.000010
29.200000 -0.000016
29.250000 0.000011
29.300000 -0.000014
29.350000 0.000013
29.400000 -0.000011
29.450000 0.000015
29.500000 -0.000009
29.550000 0.000015
29.600000 -0.000010
29.650000 0.000013
29.700000 -0.000012
29.750000 0.000011
29.800000 -0.000014
29.850000 0.000008
29.900000 -0.000015
29.950000 0.000008
30.000000 -0.000013
30.050000 0.000011
30.100000 -0.000010
30.150000 0.000013
30.200000 -0.000007
30.250000 0.000014
30.300000 -0.000007
30.350000 0.000012
30.400000 -0.000009
30.450000 0.000009
30.500000 -0.000012
30.550000 0.000006
30.600000 -0.000013
30.650000 0.000006
30.700000 -0.000012
30.750000 0.000008
30.800000 -0.000009
30.850000 0.000011
30.900000 -0.000005
30.950000 0.000012
31.000000 -0.000005
31.050000 0.000011
31.100000 -0.000006
31.150000 0.000008
31.200000 -0.000009
31.250000 0.000005
31.300000 -0.000011
31.350000 0.000003
31.400000 -0.000011
31.450000 0.000005
31.500000 -0.000008
31.550000 0.000008
31.600000 -0.000004
31.650000 0.000010
31.700000 -0.000002
31.750000 0.000010
31.800000 -0.000003
31.850000 0.000007
31.900000 -0.000006
31.950000 0.000003
32.000000 -0.000009
32.050000 0.000001
32.100000 -0.000010
32.150000 0.000001
32.200000 -0.000007
32.250000 0.000004
32.300000 -0.000003
32.350000 0.000008
32.400000 0.000001
32.450000 0.000009
32.500000 0.000001
32.550000 0.000007
32.600000 -0.000002
32.650000 0.000002
32.700000 -0.000006
32.750000 -0.000002
32.800000 -0.000008
32.850000 -0.000002
32.900000 -0.000006
32.950000 0.000000
33.000000 -0.000002
33.050000 0.000004
33.100000 0.000002
33.150000 0.000007
33.200000 0.000004
33.250000 0.000006
33.300000 0.000002
33.350000 0.000002
33.400000 -0.000002
33.450000 -0.000003
33.500000 -0.000006
33.550000 -0.000005
33.600000 -0.000006
33.650000 -0.000004
33.700000 -0.000002
33.750000 -0.000000
33.800000 0.000003
33.850000 0.000004
33.900000 0.000007
33.950000 0.000006
34.000000 0.000007
34.050000 0.000003
34.100000 0.000003
34.150000 -0.000003
34.200000 -0.000002
34.250000 -0.000007
34.300000 -0.000005
34.350000 -0.000009
34.400000 -0.000003
34.450000 -0.000005
34.500000 0.000002
34.550000 -0.000000
34.600000 0.000008
34.650000 0.000004
34.700000 0.000010
34.750000 0.000003
34.800000 0.000008
34.850000 -0.000001
34.900000 0.000003
34.950000 -0.000008
35.000000 -0.000002
35.050000 -0.000012
35.100000 -0.000003
35.150000 -0.000011
35.200000 0.000000
35.250000 -0.000006
35.300000 0.000007
35.350000 -0.000000
35.400000 0.000012
35.450000 0.000003
35.500000 0.000013
35.550000 0.000001
35.600000 0.000010
35.650000 -0.000005
35.700000 0.000003
35.750000 -0.000012
35.800000 -0.000002
35.850000 -0.000015
35.900000 -0.000002
35.950000 -0.000013
36.000000 0.000004
36.050000 -0.000007
36.100000 0.000011
36.150000 -0.000000
36.200000 0.000016
36.250000 0.000002
36.300000 0.000016
36.350000 -0.000002
36.400000 0.000011
36.450000 -0.000009
36.500000 0.000003
36.550000 -0.000016
36.600000 -0.000001
36.650000 -0.000019
36.700000 -0.000000
36.750000 -0.000015
36.800000 0.000007
36.850000 -0.000007
36.900000 0.000015
36.950000 -0.000000
37.000000 0.000020
37.050000 0.000001
37.100000 0.000019
37.150000 -0.000004
37.200000 0.000012
37.250000 -0.000012
37.300000 0.000003
37.350000 -0.000020
37.400000 -0.000001
37.450000 -0.000022
37.500000 0.000001
37.550000 -0.000017
37.600000 0.000009
37.650000 -0.000008
37.700000 0.000018
37.750000 -0.000000
37.800000 0.000023
37.850000 0.000001
37.900000 0.000021
37.950000 -0.000005
38.000000 0.000013
38.050000 -0.000015
38.100000 0.000004
38.150000 -0.000023
38.200000 -0.000001
38.250000 -0.000025
38.300000 0.000001
38.350000 -0.000019
38.400000 0.000010
38.450000 -0.000009
38.500000 0.000021
38.550000 -0.000000
38.600000 0.000026
38.650000 0.000002
38.700000 0.000024
38.750000 -0.000005
38.800000 0.000015
38.850000 -0.000016
38.900000 0.000004
38.950000 -0.000026
39.000000 -0.000002
39.050000 -0.000028
39.100000 0.000000
39.150000 -0.000022
39.200000 0.000010
39.250000 -0.000010
39.300000 0.000022
39.350000 -0.000000
39.400000 0.000029
39.450000 0.000003
39.500000 0.000028
39.550000 -0.000003
39.600000 0.000018
39.650000 -0.000016
39.700000 0.000006
39.750000 -0.000027
39.800000 -0.000003
39.850000 -0.000032
39.900000 -0.000002
39.950000 -0.000026
40.000000 0.000008
40.050000 -0.000014
40.100000 0.000021
40.150000 -0.000001
40.200000 0.000031
40.250000 0.000005
40.300000 0.000032
40.350000 0.000000
40.400000 0.000023
40.450000 -0.000013
40.500000 0.000008
40.550000 -0.000027
40.600000 -0.000003
40.650000 -0.000035
40.700000 -0.000006
40.750000 -0.000031
40.800000 0.000003
40.850000 -0.000019
40.900000 0.000018
40.950000 -0.000003
41.000000 0.000032
41.050000 0.000007
41.100000 0.000036
41.150000 0.000006
41.200000 0.000029
41.250000 -0.000007
41.300000 0.000014
41.350000 -0.000024
41.400000 -0.000002
41.450000 -0.000036
41.500000 -0.000010
41.550000 -0.000037
41.600000 -0.000004
41.650000 -0.000026
41.700000 0.000011
41.750000 -0.000008
41.800000 0.000029
41.850000 0.000007
41.900000 0.000039
41.950000 0.000012
42.000000 0.000037
42.050000 0.000003
42.100000 0.000022
42.150000 -0.000016
42.200000 0.000003
42.250000 -0.000034
42.300000 -0.000012
42.350000 -0.000042
42.400000 -0.000013
42.450000 -0.000036
42.500000 -0.000000
42.550000 -0.000018
42.600000 0.000020
42.650000 0.000003
42.700000 0.000038
42.750000 0.000016
42.800000 0.000044
42.850000 0.000014
42.900000 0.000034
42.950000 -0.000002
43.000000 0.000013
43.050000 -0.000025
43.100000 -0.000008
43.150000 -0.000042
43.200000 -0.000019
43.250000 -0.000045
43.300000 -0.000014
43.350000 -0.000032
43.400000 0.000005
43.450000 -0.000009
43.500000 0.000029
43.550000 0.000013
43.600000 0.000045
43.650000 0.000023
43.700000 0.000046
43.750000 0.000015
43.800000 0.000030
43.850000 -0.000007
43.900000 0.000004
43.950000 -0.000032
44.000000 -0.000018
44.050000 -0.000049
44.100000 -0.000027
44.150000 -0.000047
44.200000 -0.000017
44.250000 -0.000029
44.300000 0.000008
44.350000 -0.000001
44.400000 0.000035
44.450000 0.000022
44.500000 0.000050
44.550000 0.000029
44.600000 0.000047
44.650000 0.000017
44.700000 0.000027
44.750000 -0.000007
44.800000 0.000001
44.850000 -0.000029
44.900000 -0.000013
44.950000 -0.000031
