-30.000000 -0.000780
-29.950000 -0.000557
-29.900000 -0.001124
-29.850000 -0.000697
-29.800000 -0.001079
-29.750000 -0.000489
-29.700000 -0.000736
-29.650000 -0.000038
-29.600000 -0.000213
-29.550000 0.000524
-29.500000 0.000353
-29.450000 0.001062
-29.400000 0.000828
-29.350000 0.001451
-29.300000 0.001108
-29.250000 0.001606
-29.200000 0.001127
-29.150000 0.001489
-29.100000 0.000875
-29.050000 0.001116
-29.000000 0.000397
-28.950000 0.000556
-28.900000 -0.000220
-28.850000 -0.000085
-28.800000 -0.000856
-28.750000 -0.000683
-28.700000 -0.001387
-28.650000 -0.001119
-28.600000 -0.001708
-28.550000 -0.001305
-28.500000 -0.001751
-28.450000 -0.001200
-28.400000 -0.001502
-28.350000 -0.000817
-28.300000 -0.001005
-28.250000 -0.000226
-28.200000 -0.000349
-28.150000 0.000464
-28.100000 0.000342
-28.050000 0.001125
-28.000000 0.000940
-27.950000 0.001632
-27.900000 0.001329
-27.850000 0.001886
-27.800000 0.001434
-27.750000 0.001836
-27.700000 0.001229
-27.650000 0.001486
-27.600000 0.000746
-27.550000 0.000893
-27.500000 0.000069
-27.450000 0.000165
-27.400000 -0.000680
-27.350000 -0.000568
-27.300000 -0.001364
-27.250000 -0.001170
-27.200000 -0.001855
-27.150000 -0.001526
-27.100000 -0.002059
-27.050000 -0.001567
-27.000000 -0.001934
-26.950000 -0.001279
-26.900000 -0.001497
-26.850000 -0.000709
-26.800000 -0.000822
-26.750000 0.000043
-26.700000 -0.000026
-26.650000 0.000847
-26.600000 0.000749
-26.550000 0.001560
-26.500000 0.001366
-26.450000 0.002053
-26.400000 0.001711
-26.350000 0.002234
-26.300000 0.001717
-26.250000 0.002065
-26.200000 0.001378
-26.150000 0.001569
-26.100000 0.000744
-26.050000 0.000826
-26.000000 -0.000078
-25.950000 -0.000038
-25.900000 -0.000947
-25.850000 -0.000874
-25.800000 -0.001713
-25.750000 -0.001534
-25.700000 -0.002239
-25.650000 -0.001901
-25.600000 -0.002430
-25.550000 -0.001906
-25.500000 -0.002248
-25.450000 -0.001542
-25.400000 -0.001717
-25.350000 -0.000865
-25.300000 -0.000922
-25.250000 0.000016
-25.200000 0.000007
-25.150000 0.000955
-25.100000 0.000916
-25.050000 0.001796
-25.000000 0.001652
-24.950000 0.002395
-24.900000 0.002087
-24.850000 0.002647
-24.800000 0.002142
-24.750000 0.002501
-24.700000 0.001800
-24.650000 0.001975
-24.600000 0.001109
-24.550000 0.001148
-24.500000 0.000178
-24.450000 0.000152
-24.400000 -0.000843
-24.350000 -0.000853
-24.300000 -0.001789
-24.250000 -0.001700
-24.200000 -0.002504
-24.150000 -0.002251
-24.100000 -0.002867
-24.050000 -0.002410
-24.000000 -0.002814
-23.950000 -0.002144
-23.900000 -0.002345
-23.850000 -0.001488
-23.800000 -0.001527
-23.750000 -0.000539
-23.700000 -0.000483
-23.650000 0.000558
-23.600000 0.000625
-23.550000 0.001633
-23.500000 0.001622
-23.450000 0.002513
-23.400000 0.002349
-23.350000 0.003056
-23.300000 0.002684
-23.250000 0.003169
-23.200000 0.002569
-23.150000 0.002827
-23.100000 0.002012
-23.050000 0.002075
-23.000000 0.001092
-22.950000 0.001021
-22.900000 -0.000056
-22.850000 -0.000177
-22.800000 -0.001259
-22.750000 -0.001339
-22.700000 -0.002336
-22.650000 -0.002289
-22.600000 -0.003121
-22.550000 -0.002877
-22.500000 -0.003488
-22.450000 -0.003008
-22.400000 -0.003374
-22.350000 -0.002651
-22.300000 -0.002786
-22.250000 -0.001851
-22.200000 -0.001801
-22.150000 -0.000717
-22.100000 -0.000559
-22.050000 0.000588
-22.000000 0.000761
-21.950000 0.001874
-21.900000 0.001964
-21.850000 0.002949
-21.800000 0.002872
-21.750000 0.003654
-21.700000 0.003345
-21.650000 0.003877
-21.600000 0.003309
-21.550000 0.003579
-21.500000 0.002758
-21.450000 0.002793
-21.400000 0.001762
-21.350000 0.001620
-21.300000 0.000454
-21.250000 0.000221
-21.200000 -0.000987
-21.150000 -0.001212
-21.100000 -0.002360
-21.050000 -0.002475
-21.000000 -0.003468
-20.950000 -0.003387
-20.900000 -0.004149
-20.850000 -0.003812
-20.800000 -0.004299
-20.750000 -0.003679
-20.700000 -0.003884
-20.650000 -0.002996
-20.600000 -0.002954
-20.550000 -0.001848
-20.500000 -0.001625
-20.450000 -0.000384
-20.400000 -0.000075
-20.350000 0.001201
-20.300000 0.001492
-20.250000 0.002694
-20.200000 0.002862
-20.150000 0.003894
-20.100000 0.003849
-20.050000 0.004632
-20.000000 0.004313
-19.950000 0.004801
-19.900000 0.004179
-19.850000 0.004366
-19.800000 0.003454
-19.750000 0.003370
-19.700000 0.002219
-19.650000 0.001934
-19.600000 0.000627
-19.550000 0.000236
-19.500000 -0.001120
-19.450000 -0.001505
-19.400000 -0.002796
-19.350000 -0.003063
-19.300000 -0.004183
-19.250000 -0.004232
-19.200000 -0.005095
-19.150000 -0.004857
-19.100000 -0.005407
-19.050000 -0.004845
-19.000000 -0.005068
-18.950000 -0.004187
-18.900000 -0.004107
-18.850000 -0.002952
-18.800000 -0.002633
-18.750000 -0.001282
-18.700000 -0.000818
-18.650000 0.000622
-18.600000 0.001119
-18.550000 0.002530
-18.500000 0.002939
-18.450000 0.004204
-18.400000 0.004416
-18.350000 0.005433
-18.300000 0.005359
-18.250000 0.006057
-18.200000 0.005643
-18.150000 0.005987
-18.100000 0.005220
-18.050000 0.005219
-18.000000 0.004128
-17.950000 0.003832
-17.900000 0.002485
-17.850000 0.001977
-17.800000 0.000474
-17.750000 -0.000134
-17.700000 -0.001675
-17.650000 -0.002259
-17.600000 -0.003712
-17.550000 -0.004150
-17.500000 -0.005398
-17.450000 -0.005580
-17.400000 -0.006527
-17.350000 -0.006374
-17.300000 -0.006956
-17.250000 -0.006424
-17.200000 -0.006620
-17.150000 -0.005708
-17.100000 -0.005540
-17.050000 -0.004293
-17.000000 -0.003824
-16.950000 -0.002324
-16.900000 -0.001655
-16.850000 -0.000016
-16.800000 0.000732
-16.750000 0.002382
-16.700000 0.003076
-16.650000 0.004604
-16.600000 0.005116
-16.550000 0.006403
-16.500000 0.006624
-16.450000 0.007574
-16.400000 0.007425
-16.350000 0.007976
-16.300000 0.007416
-16.250000 0.007549
-16.200000 0.006580
-16.150000 0.006320
-16.100000 0.004987
-16.050000 0.004400
-16.000000 0.002791
-15.950000 0.001980
-15.900000 0.000211
-15.850000 -0.000695
-15.800000 -0.002488
-15.750000 -0.003349
-15.700000 -0.005024
-15.650000 -0.005702
-15.600000 -0.007130
-15.550000 -0.007506
-15.500000 -0.008579
-15.450000 -0.008562
-15.400000 -0.009210
-15.350000 -0.008750
-15.300000 -0.008941
-15.250000 -0.008029
-15.200000 -0.007780
-15.150000 -0.006455
-15.100000 -0.005824
-15.050000 -0.004163
-15.000000 -0.003249
-14.950000 -0.001368
-14.900000 -0.000297
-14.850000 0.001667
-14.800000 0.002748
-14.750000 0.004646
-14.700000 0.005591
-14.650000 0.007278
-14.600000 0.007949
-14.550000 0.009300
-14.500000 0.009587
-14.450000 0.010508
-14.400000 0.010334
-14.350000 0.010770
-14.300000 0.010102
-14.250000 0.010042
-14.200000 0.008893
-14.150000 0.008371
-14.100000 0.006797
-14.050000 0.005890
-14.000000 0.003987
-13.950000 0.002809
-13.900000 0.000703
-13.850000 -0.000607
-13.800000 -0.002765
-13.750000 -0.004053
-13.700000 -0.006108
-13.650000 -0.007218
-13.600000 -0.009018
-13.550000 -0.009808
-13.500000 -0.011223
-13.450000 -0.011578
-13.400000 -0.012511
-13.350000 -0.012353
-13.300000 -0.012748
-13.250000 -0.012044
-13.200000 -0.011892
-13.150000 -0.010656
-13.100000 -0.009994
-13.050000 -0.008288
-13.000000 -0.007197
-12.950000 -0.005119
-12.900000 -0.003717
-12.850000 -0.001401
-12.800000 0.000167
-12.750000 0.002567
-12.700000 0.004141
-12.650000 0.006460
-12.600000 0.007875
-12.550000 0.009955
-12.500000 0.011059
-12.450000 0.012756
-12.400000 0.013419
-12.350000 0.014620
-12.300000 0.014748
-12.250000 0.015377
-12.200000 0.014916
-12.150000 0.014944
-12.100000 0.013887
-12.050000 0.013330
-12.000000 0.011716
-11.950000 0.010634
-11.900000 0.008546
-11.850000 0.007040
-11.800000 0.004595
-11.750000 0.002801
-11.700000 0.000147
-11.650000 -0.001778
-11.600000 -0.004475
-11.550000 -0.006360
-11.500000 -0.008926
-11.450000 -0.010598
-11.400000 -0.012867
-11.350000 -0.014169
-11.300000 -0.015992
-11.250000 -0.016788
-11.200000 -0.018048
-11.150000 -0.018241
-11.100000 -0.018861
-11.050000 -0.018396
-11.000000 -0.018345
-10.950000 -0.017215
-10.900000 -0.016509
-10.850000 -0.014754
-10.800000 -0.013456
-10.750000 -0.011159
-10.700000 -0.009373
-10.650000 -0.006656
-10.600000 -0.004518
-10.550000 -0.001531
-10.500000 0.000795
-10.450000 0.003880
-10.400000 0.006219
-10.350000 0.009222
-10.300000 0.011393
-10.250000 0.014137
-10.200000 0.015971
-10.150000 0.018296
-10.100000 0.019641
-10.050000 0.021410
-10.000000 0.022149
-9.950000 0.023261
-9.900000 0.023311
-9.850000 0.023706
-9.800000 0.023027
-9.750000 0.022686
-9.700000 0.021283
-9.650000 0.020232
-9.600000 0.018150
-9.550000 0.016456
-9.500000 0.013784
-9.450000 0.011551
-9.400000 0.008411
-9.350000 0.005780
-9.300000 0.002324
-9.250000 -0.000540
-9.200000 -0.004135
-9.150000 -0.007051
-9.100000 -0.010599
-9.050000 -0.013376
-9.000000 -0.016689
-8.950000 -0.019145
-8.900000 -0.022045
-8.850000 -0.024011
-8.800000 -0.026343
-8.750000 -0.027678
-8.700000 -0.029318
-8.650000 -0.029915
-8.600000 -0.030773
-8.550000 -0.030564
-8.500000 -0.030594
-8.450000 -0.029554
-8.400000 -0.028753
-8.350000 -0.026902
-8.300000 -0.025310
-8.250000 -0.022709
-8.200000 -0.020410
-8.150000 -0.017160
-8.100000 -0.014273
-8.050000 -0.010513
-8.000000 -0.007190
-7.950000 -0.003082
-7.900000 0.000503
-7.850000 0.004778
-7.800000 0.008441
-7.750000 0.012694
-7.700000 0.016246
-7.650000 0.020292
-7.600000 0.023553
-7.550000 0.027218
-7.500000 0.030019
-7.450000 0.033145
-7.400000 0.035342
-7.350000 0.037794
-7.300000 0.039263
-7.250000 0.040933
-7.200000 0.041583
-7.150000 0.042395
-7.100000 0.042166
-7.050000 0.042078
-7.000000 0.040944
-6.950000 0.039950
-6.900000 0.037926
-6.850000 0.036055
-6.800000 0.033187
-6.750000 0.030506
-6.700000 0.026875
-6.650000 0.023479
-6.600000 0.019198
-6.550000 0.015211
-6.500000 0.010414
-6.450000 0.005983
-6.400000 0.000828
-6.350000 -0.003882
-6.300000 -0.009224
-6.250000 -0.014034
-6.200000 -0.019379
-6.150000 -0.024102
-6.100000 -0.029262
-6.050000 -0.033712
-6.000000 -0.038501
-5.950000 -0.042495
-5.900000 -0.046738
-5.850000 -0.050108
-5.800000 -0.053648
-5.750000 -0.056249
-5.700000 -0.058952
-5.650000 -0.060666
-5.600000 -0.062429
-5.550000 -0.063168
-5.500000 -0.063921
-5.450000 -0.063632
-5.400000 -0.063337
-5.350000 -0.061999
-5.300000 -0.060654
-5.250000 -0.058282
-5.200000 -0.055917
-5.150000 -0.052558
-5.100000 -0.049235
-5.050000 -0.044964
-5.000000 -0.040774
-4.950000 -0.035696
-4.900000 -0.030754
-4.850000 -0.024994
-4.800000 -0.019435
-4.750000 -0.013134
-4.700000 -0.007102
-4.650000 -0.000408
-4.600000 0.005945
-4.550000 0.012881
-4.500000 0.019406
-4.450000 0.026436
-4.400000 0.032989
-4.350000 0.039971
-4.300000 0.046414
-4.250000 0.053218
-4.200000 0.059425
-4.150000 0.065928
-4.100000 0.071783
-4.050000 0.077876
-4.000000 0.083277
-3.950000 0.088864
-3.900000 0.093722
-3.850000 0.098723
-3.800000 0.102964
-3.750000 0.107311
-3.700000 0.110877
-3.650000 0.114519
-3.600000 0.117362
-3.550000 0.120257
-3.500000 0.122340
-3.450000 0.124454
-3.400000 0.125747
-3.350000 0.127053
-3.300000 0.127530
-3.250000 0.128002
-3.200000 0.127639
-3.150000 0.127256
-3.100000 0.126031
-3.050000 0.124769
-3.000000 0.122660
-2.950000 0.120499
-2.900000 0.117484
-2.850000 0.114398
-2.800000 0.110451
-2.750000 0.106412
-2.700000 0.101500
-2.650000 0.096472
-2.600000 0.090553
-2.550000 0.084489
-2.500000 0.077512
-2.450000 0.070354
-2.400000 0.062256
-2.350000 0.053936
-2.300000 0.044643
-2.250000 0.035082
-2.200000 0.024510
-2.150000 0.013620
-2.100000 0.001677
-2.050000 -0.010639
-2.000000 -0.024054
-1.950000 -0.037898
-1.900000 -0.052890
-1.850000 -0.068371
-1.800000 -0.085050
-1.750000 -0.102278
-1.700000 -0.120753
-1.650000 -0.139833
-1.600000 -0.160202
-1.550000 -0.181225
-1.500000 -0.203568
-1.450000 -0.226599
-1.400000 -0.250962
-1.350000 -0.276024
-1.300000 -0.302406
-1.250000 -0.329468
-1.200000 -0.357802
-1.150000 -0.386761
-1.100000 -0.416903
-1.050000 -0.447567
-1.000000 -0.479275
-0.950000 -0.511349
-0.900000 -0.544271
-0.850000 -0.577344
-0.800000 -0.611006
-0.750000 -0.644538
-0.700000 -0.678337
-0.650000 -0.711663
-0.600000 -0.744874
-0.550000 -0.777211
-0.500000 -0.809000
-0.450000 -0.839476
-0.400000 -0.868937
-0.350000 -0.896625
-0.300000 -0.922828
-0.250000 -0.946806
-0.200000 -0.968854
-0.150000 -0.988265
-0.100000 -1.005359
-0.050000 -1.019479
0.000000 -1.030981
0.050000 -1.039274
0.100000 -1.044763
0.150000 -1.046932
0.200000 -1.046239
0.250000 -1.042246
0.300000 -1.035469
0.350000 -1.025545
0.400000 -1.013041
0.450000 -0.997662
0.500000 -0.980015
0.550000 -0.959863
0.600000 -0.937838
0.650000 -0.913744
0.700000 -0.888221
0.750000 -0.861098
0.800000 -0.833011
0.850000 -0.803794
0.900000 -0.774063
0.950000 -0.743647
1.000000 -0.713131
1.050000 -0.682330
1.100000 -0.651789
1.150000 -0.621302
1.200000 -0.591373
1.250000 -0.561774
1.300000 -0.532965
1.350000 -0.504698
1.400000 -0.477391
1.450000 -0.450779
1.500000 -0.425239
1.550000 -0.400493
1.600000 -0.376884
1.650000 -0.354121
1.700000 -0.332518
1.750000 -0.311777
1.800000 -0.292185
1.850000 -0.273441
1.900000 -0.255810
1.950000 -0.238990
2.000000 -0.223228
2.050000 -0.208228
2.100000 -0.194220
2.150000 -0.180914
2.200000 -0.168528
2.250000 -0.156783
2.300000 -0.145884
2.350000 -0.135563
2.400000 -0.126017
2.450000 -0.116988
2.500000 -0.108663
2.550000 -0.100799
2.600000 -0.093571
2.650000 -0.086750
2.700000 -0.080503
2.750000 -0.074612
2.800000 -0.069237
2.850000 -0.064174
2.900000 -0.059575
2.950000 -0.055252
3.000000 -0.051349
3.050000 -0.047692
3.100000 -0.044420
3.150000 -0.041375
3.200000 -0.038689
3.250000 -0.036220
3.300000 -0.034095
3.350000 -0.032188
3.400000 -0.030622
3.450000 -0.029286
3.500000 -0.028300
3.550000 -0.027574
3.600000 -0.027226
3.650000 -0.027189
3.700000 -0.027581
3.750000 -0.028363
3.800000 -0.029662
3.850000 -0.031469
3.900000 -0.033927
3.950000 -0.037068
4.000000 -0.041057
4.050000 -0.045977
4.100000 -0.052029
4.150000 -0.059360
4.200000 -0.068226
4.250000 -0.078859
4.300000 -0.091587
4.350000 -0.106755
4.400000 -0.124798
4.450000 -0.146206
4.500000 -0.171561
4.550000 -0.201543
4.600000 -0.236927
4.650000 -0.278637
4.700000 -0.327698
4.750000 -0.385330
4.800000 -0.452858
4.850000 -0.531845
4.900000 -0.623946
4.950000 -0.731067
5.000000 -0.855160
5.050000 -0.998389
5.100000 -1.162834
5.150000 -1.350648
5.200000 -1.563642
5.250000 -1.803396
5.300000 -2.070706
5.350000 -2.365629
5.400000 -2.686799
5.450000 -3.031449
5.500000 -3.394685
5.550000 -3.769645
5.600000 -4.146940
5.650000 -4.515235
5.700000 -4.861158
5.750000 -5.170545
5.800000 -5.428945
5.850000 -5.623446
5.900000 -5.743404
5.950000 -5.782216
6.000000 -5.737489
6.050000 -5.611955
6.100000 -5.412492
6.150000 -5.149990
6.200000 -4.837458
6.250000 -4.489434
6.300000 -4.119980
6.350000 -3.742435
6.400000 -3.367910
6.450000 -3.005724
6.500000 -2.662476
6.550000 -2.343032
6.600000 -2.049904
6.650000 -1.784496
6.700000 -1.546526
6.750000 -1.335300
6.800000 -1.149034
6.850000 -0.986071
6.900000 -0.844060
6.950000 -0.721119
7.000000 -0.614878
7.050000 -0.523616
7.100000 -0.445205
7.150000 -0.378244
7.200000 -0.320931
7.250000 -0.272214
7.300000 -0.230610
7.350000 -0.195386
7.400000 -0.165332
7.450000 -0.139983
7.500000 -0.118346
7.550000 -0.100168
7.600000 -0.084623
7.650000 -0.071623
7.700000 -0.060465
7.750000 -0.051188
7.800000 -0.043178
7.850000 -0.036570
7.900000 -0.030813
7.950000 -0.026115
8.000000 -0.021970
8.050000 -0.018640
8.100000 -0.015649
8.150000 -0.013301
8.200000 -0.011137
8.250000 -0.009495
8.300000 -0.007924
8.350000 -0.006789
8.400000 -0.005642
8.450000 -0.004870
8.500000 -0.004023
8.550000 -0.003507
8.600000 -0.002870
8.650000 -0.002535
8.700000 -0.002042
8.750000 -0.001833
8.800000 -0.001441
8.850000 -0.001322
8.900000 -0.001001
8.950000 -0.000948
9.000000 -0.000681
9.050000 -0.000680
9.100000 -0.000454
9.150000 -0.000495
9.200000 -0.000301
9.250000 -0.000374
9.300000 -0.000203
9.350000 -0.000299
9.400000 -0.000141
9.450000 -0.000250
9.500000 -0.000097
9.550000 -0.000213
9.600000 -0.000059
9.650000 -0.000177
9.700000 -0.000019
9.750000 -0.000139
9.800000 0.000020
9.850000 -0.000105
9.900000 0.000053
9.950000 -0.000080
10.000000 0.000073
10.050000 -0.000071
10.100000 0.000077
10.150000 -0.000077
10.200000 0.000068
10.250000 -0.000092
10.300000 0.000054
10.350000 -0.000107
10.400000 0.000045
10.450000 -0.000113
10.500000 0.000048
10.550000 -0.000106
10.600000 0.000063
10.650000 -0.000089
10.700000 0.000085
10.750000 -0.000070
10.800000 0.000104
10.850000 -0.000058
10.900000 0.000112
10.950000 -0.000059
11.000000 0.000106
11.050000 -0.000074
11.100000 0.000089
11.150000 -0.000095
11.200000 0.000071
11.250000 -0.000114
11.300000 0.000060
11.350000 -0.000120
11.400000 0.000063
11.450000 -0.000113
11.500000 0.000079
11.550000 -0.000095
11.600000 0.000101
11.650000 -0.000076
11.700000 0.000120
11.750000 -0.000065
11.800000 0.000126
11.850000 -0.000068
11.900000 0.000118
11.950000 -0.000084
12.000000 0.000100
12.050000 -0.000108
12.100000 0.000079
12.150000 -0.000127
12.200000 0.000068
12.250000 -0.000133
12.300000 0.000072
12.350000 -0.000124
12.400000 0.000089
12.450000 -0.000105
12.500000 0.000113
12.550000 -0.000084
12.600000 0.000133
12.650000 -0.000072
12.700000 0.000140
12.750000 -0.000076
12.800000 0.000130
12.850000 -0.000094
12.900000 0.000110
12.950000 -0.000119
13.000000 0.000088
13.050000 -0.000139
13.100000 0.000076
13.150000 -0.000146
13.200000 0.000080
13.250000 -0.000137
13.300000 0.000098
13.350000 -0.000116
13.400000 0.000124
13.450000 -0.000093
13.500000 0.000145
13.550000 -0.000080
13.600000 0.000153
13.650000 -0.000083
13.700000 0.000143
13.750000 -0.000102
13.800000 0.000122
13.850000 -0.000128
13.900000 0.000098
13.950000 -0.000151
14.000000 0.000083
14.050000 -0.000159
14.100000 0.000086
14.150000 -0.000150
14.200000 0.000104
14.250000 -0.000128
14.300000 0.000132
14.350000 -0.000103
14.400000 0.000156
14.450000 -0.000087
14.500000 0.000166
14.550000 -0.000088
14.600000 0.000158
14.650000 -0.000107
14.700000 0.000135
14.750000 -0.000135
14.800000 0.000109
14.850000 -0.000160
14.900000 0.000091
14.950000 -0.000172
15.000000 0.000091
15.050000 -0.000165
15.100000 0.000108
15.150000 -0.000143
15.200000 0.000137
15.250000 -0.000115
15.300000 0.000164
15.350000 -0.000095
15.400000 0.000178
15.450000 -0.000093
15.500000 0.000173
15.550000 -0.000109
15.600000 0.000151
15.650000 -0.000138
15.700000 0.000122
15.750000 -0.000167
15.800000 0.000100
15.850000 -0.000183
15.900000 0.000095
15.950000 -0.000181
16.000000 0.000109
16.050000 -0.000159
16.100000 0.000138
16.150000 -0.000130
16.200000 0.000169
16.250000 -0.000105
16.300000 0.000189
16.350000 -0.000096
16.400000 0.000189
16.450000 -0.000109
16.500000 0.000169
16.550000 -0.000137
16.600000 0.000138
16.650000 -0.000170
16.700000 0.000111
16.750000 -0.000193
16.800000 0.000098
16.850000 -0.000196
16.900000 0.000108
16.950000 -0.000179
17.000000 0.000135
17.050000 -0.000148
17.100000 0.000170
17.150000 -0.000117
17.200000 0.000196
17.250000 -0.000101
17.300000 0.000204
17.350000 -0.000107
17.400000 0.000189
17.450000 -0.000132
17.500000 0.000158
17.550000 -0.000168
17.600000 0.000125
17.650000 -0.000198
17.700000 0.000105
17.750000 -0.000210
17.800000 0.000106
17.850000 -0.000199
17.900000 0.000129
17.950000 -0.000170
18.000000 0.000165
18.050000 -0.000135
18.100000 0.000198
18.150000 -0.000109
18.200000 0.000216
18.250000 -0.000105
18.300000 0.000210
18.350000 -0.000124
18.400000 0.000182
18.450000 -0.000160
18.500000 0.000146
18.550000 -0.000197
18.600000 0.000115
18.650000 -0.000220
18.700000 0.000105
18.750000 -0.000220
18.800000 0.000119
18.850000 -0.000196
18.900000 0.000153
18.950000 -0.000158
19.000000 0.000193
19.050000 -0.000124
19.100000 0.000222
19.150000 -0.000106
19.200000 0.000228
19.250000 -0.000114
19.300000 0.000209
19.350000 -0.000145
19.400000 0.000173
19.450000 -0.000187
19.500000 0.000134
19.550000 -0.000222
19.600000 0.000110
19.650000 -0.000236
19.700000 0.000110
19.750000 -0.000223
19.800000 0.000136
19.850000 -0.000189
19.900000 0.000178
19.950000 -0.000147
20.000000 0.000218
20.050000 -0.000116
20.100000 0.000240
20.150000 -0.000108
20.200000 0.000236
20.250000 -0.000127
20.300000 0.000206
20.350000 -0.000167
20.400000 0.000163
20.450000 -0.000211
20.500000 0.000124
20.550000 -0.000242
20.600000 0.000107
20.650000 -0.000247
20.700000 0.000118
20.750000 -0.000223
20.800000 0.000154
20.850000 -0.000181
20.900000 0.000201
20.950000 -0.000137
21.000000 0.000240
21.050000 -0.000110
21.100000 0.000255
21.150000 -0.000111
21.200000 0.000240
21.250000 -0.000141
21.300000 0.000201
21.350000 -0.000187
21.400000 0.000154
21.450000 -0.000233
21.500000 0.000117
21.550000 -0.000259
21.600000 0.000107
21.650000 -0.000255
21.700000 0.000127
21.750000 -0.000223
21.800000 0.000170
21.850000 -0.000174
21.900000 0.000221
21.950000 -0.000129
22.000000 0.000258
22.050000 -0.000106
22.100000 0.000267
22.150000 -0.000115
22.200000 0.000244
22.250000 -0.000152
22.300000 0.000198
22.350000 -0.000204
22.400000 0.000147
22.450000 -0.000251
22.500000 0.000111
22.550000 -0.000274
22.600000 0.000106
22.650000 -0.000263
22.700000 0.000133
22.750000 -0.000224
22.800000 0.000183
22.850000 -0.000170
22.900000 0.000237
22.950000 -0.000123
23.000000 0.000274
23.050000 -0.000102
23.100000 0.000279
23.150000 -0.000116
23.200000 0.000250
23.250000 -0.000159
23.300000 0.000198
23.350000 -0.000217
23.400000 0.000143
23.450000 -0.000266
23.500000 0.000106
23.550000 -0.000288
23.600000 0.000103
23.650000 -0.000273
23.700000 0.000135
23.750000 -0.000228
23.800000 0.000191
23.850000 -0.000169
23.900000 0.000249
23.950000 -0.000119
24.000000 0.000287
24.050000 -0.000098
24.100000 0.000291
24.150000 -0.000113
24.200000 0.000259
24.250000 -0.000161
24.300000 0.000202
24.350000 -0.000223
24.400000 0.000142
24.450000 -0.000277
24.500000 0.000102
24.550000 -0.000301
24.600000 0.000097
24.650000 -0.000286
24.700000 0.000131
24.750000 -0.000238
24.800000 0.000191
24.850000 -0.000173
24.900000 0.000255
24.950000 -0.000117
25.000000 0.000299
25.050000 -0.000091
25.100000 0.000306
25.150000 -0.000105
25.200000 0.000273
25.250000 -0.000155
25.300000 0.000212
25.350000 -0.000223
25.400000 0.000145
25.450000 -0.000283
25.500000 0.000098
25.550000 -0.000314
25.600000 0.000088
25.650000 -0.000303
25.700000 0.000120
25.750000 -0.000254
25.800000 0.000183
25.850000 -0.000185
25.900000 0.000254
25.950000 -0.000120
26.000000 0.000307
26.050000 -0.000084
26.100000 0.000322
26.150000 -0.000092
26.200000 0.000293
26.250000 -0.000140
26.300000 0.000231
26.350000 -0.000212
26.400000 0.000157
26.450000 -0.000282
26.500000 0.000098
26.550000 -0.000324
26.600000 0.000077
26.650000 -0.000323
26.700000 0.000101
26.750000 -0.000278
26.800000 0.000163
26.850000 -0.000205
26.900000 0.000241
26.950000 -0.000130
27.000000 0.000307
27.050000 -0.000080
27.100000 0.000337
27.150000 -0.000074
27.200000 0.000319
27.250000 -0.000115
27.300000 0.000260
27.350000 -0.000188
27.400000 0.000179
27.450000 -0.000269
27.500000 0.000106
27.550000 -0.000328
27.600000 0.000067
27.650000 -0.000344
27.700000 0.000076
27.750000 -0.000310
27.800000 0.000131
27.850000 -0.000238
27.900000 0.000214
27.950000 -0.000153
28.000000 0.000294
28.050000 -0.000085
28.100000 0.000345
28.150000 -0.000057
28.200000 0.000347
28.250000 -0.000081
28.300000 0.000299
28.350000 -0.000149
28.400000 0.000217
28.450000 -0.000238
28.500000 0.000129
28.550000 -0.000317
28.600000 0.000066
28.650000 -0.000359
28.700000 0.000050
28.750000 -0.000347
28.800000 0.000088
28.850000 -0.000285
28.900000 0.000168
28.950000 -0.000195
29.000000 0.000262
29.050000 -0.000106
29.100000 0.000338
29.150000 -0.000049
29.200000 0.000369
29.250000 -0.000046
29.300000 0.000344
29.350000 -0.000097
29.400000 0.000271
29.450000 -0.000186
29.500000 0.000173
29.550000 -0.000283
29.600000 0.000085
29.650000 -0.000355
29.700000 0.000035
29.750000 -0.000377
29.800000 0.000042
29.850000 -0.000341
29.900000 0.000104
29.950000 -0.000257
30.000000 0.000202
30.050000 -0.000154
30.100000 0.000302
30.150000 -0.000065
30.200000 0.000371
30.250000 -0.000022
30.300000 0.000385
30.350000 -0.000039
30.400000 0.000337
30.450000 -0.000112
30.500000 0.000244
30.550000 -0.000217
30.600000 0.000136
30.650000 -0.000319
30.700000 0.000047
30.750000 -0.000385
30.800000 0.000009
30.850000 -0.000391
30.900000 0.000035
30.950000 -0.000335
31.000000 0.000117
31.050000 -0.000234
31.100000 0.000228
31.150000 -0.000120
31.200000 0.000334
31.250000 -0.000031
31.300000 0.000398
31.350000 0.000004
31.400000 0.000399
31.450000 -0.000029
31.500000 0.000334
31.550000 -0.000119
31.600000 0.000225
31.650000 -0.000237
31.700000 0.000106
31.750000 -0.000346
31.800000 0.000015
31.850000 -0.000410
31.900000 -0.000017
31.950000 -0.000407
32.000000 0.000021
32.050000 -0.000336
32.100000 0.000117
32.150000 -0.000221
32.200000 0.000242
32.250000 -0.000096
32.300000 0.000355
32.350000 -0.000002
32.400000 0.000421
32.450000 0.000031
32.500000 0.000417
32.550000 -0.000009
32.600000 0.000343
32.650000 -0.000111
32.700000 0.000221
32.750000 -0.000242
32.800000 0.000089
32.850000 -0.000362
32.900000 -0.000011
32.950000 -0.000432
33.000000 -0.000047
33.050000 -0.000429
33.100000 -0.000006
33.150000 -0.000352
33.200000 0.000099
33.250000 -0.000225
33.300000 0.000237
33.350000 -0.000086
33.400000 0.000365
33.450000 0.000021
33.500000 0.000442
33.550000 0.000063
33.600000 0.000444
33.650000 0.000026
33.700000 0.000368
33.750000 -0.000081
33.800000 0.000236
33.850000 -0.000225
33.900000 0.000089
33.950000 -0.000363
34.000000 -0.000029
34.050000 -0.000451
34.100000 -0.000081
34.150000 -0.000461
34.200000 -0.000050
34.250000 -0.000388
34.300000 0.000057
34.350000 -0.000254
34.400000 0.000207
34.450000 -0.000098
34.500000 0.000355
34.550000 0.000033
34.600000 0.000456
34.650000 0.000098
34.700000 0.000478
34.750000 0.000077
34.800000 0.000414
34.850000 -0.000024
34.900000 0.000280
34.950000 -0.000178
35.000000 0.000116
35.050000 -0.000338
35.100000 -0.000030
35.150000 -0.000456
35.200000 -0.000113
35.250000 -0.000497
35.300000 -0.000109
35.350000 -0.000445
35.400000 -0.000015
35.450000 -0.000315
35.500000 0.000140
35.550000 -0.000143
35.600000 0.000312
35.650000 0.000019
35.700000 0.000450
35.750000 0.000124
35.800000 0.000512
35.850000 0.000140
35.900000 0.000479
35.950000 0.000061
36.000000 0.000358
36.050000 -0.000091
36.100000 0.000183
36.150000 -0.000273
36.200000 0.000005
36.250000 -0.000432
36.300000 -0.000126
36.350000 -0.000522
36.400000 -0.000170
36.450000 -0.000514
36.500000 -0.000113
36.550000 -0.000410
36.600000 0.000030
36.650000 -0.000236
36.700000 0.000219
36.750000 -0.000042
36.800000 0.000401
36.850000 0.000117
36.900000 0.000522
36.950000 0.000194
37.000000 0.000547
37.050000 0.000167
37.100000 0.000466
37.150000 0.000041
37.200000 0.000302
37.250000 -0.000149
37.300000 0.000097
37.350000 -0.000350
37.400000 -0.000089
37.450000 -0.000506
37.500000 -0.000205
37.550000 -0.000571
37.600000 -0.000217
37.650000 -0.000526
37.700000 -0.000120
37.750000 -0.000380
37.800000 0.000061
37.850000 -0.000173
37.900000 0.000277
37.950000 0.000040
38.000000 0.000468
38.050000 0.000198
38.100000 0.000580
38.150000 0.000258
38.200000 0.000580
38.250000 0.000200
38.300000 0.000465
38.350000 0.000040
38.400000 0.000266
38.450000 -0.000181
38.500000 0.000036
38.550000 -0.000402
38.600000 -0.000164
38.650000 -0.000563
38.700000 -0.000278
38.750000 -0.000619
38.800000 -0.000274
38.850000 -0.000552
38.900000 -0.000151
38.950000 -0.000378
39.000000 0.000060
39.050000 -0.000141
39.100000 0.000303
39.150000 0.000095
39.200000 0.000513
39.250000 0.000267
39.300000 0.000633
39.350000 0.000329
39.400000 0.000627
39.450000 0.000260
39.500000 0.000497
39.550000 0.000079
39.600000 0.000272
39.650000 -0.000170
39.700000 0.000013
39.750000 -0.000420
39.800000 -0.000214
39.850000 -0.000605
39.900000 -0.000348
39.950000 -0.000675
40.000000 -0.000353
40.050000 -0.000610
40.100000 -0.000225
40.150000 -0.000423
40.200000 0.000005
40.250000 -0.000161
40.300000 0.000279
40.350000 0.000109
40.400000 0.000525
40.450000 0.000318
40.500000 0.000679
40.550000 0.000410
40.600000 0.000699
40.650000 0.000359
40.700000 0.000576
40.750000 0.000176
40.800000 0.000341
40.850000 -0.000094
40.900000 0.000050
40.950000 -0.000383
41.000000 -0.000223
41.050000 -0.000617
41.100000 -0.000407
41.150000 -0.000736
41.200000 -0.000456
41.250000 -0.000707
41.300000 -0.000354
41.350000 -0.000534
41.400000 -0.000124
41.450000 -0.000258
41.500000 0.000178
41.550000 0.000054
41.600000 0.000476
41.650000 0.000325
41.700000 0.000697
41.750000 0.000485
41.800000 0.000783
41.850000 0.000494
41.900000 0.000709
41.950000 0.000345
42.000000 0.000491
42.050000 0.000074
42.100000 0.000179
42.150000 -0.000254
42.200000 -0.000150
42.250000 -0.000560
42.300000 -0.000417
42.350000 -0.000767
42.400000 -0.000555
42.450000 -0.000823
42.500000 -0.000528
42.550000 -0.000711
42.600000 -0.000341
42.650000 -0.000455
42.700000 -0.000035
42.750000 -0.000113
42.800000 0.000318
42.850000 0.000233
42.900000 0.000632
42.950000 0.000500
43.000000 0.000832
43.050000 0.000623
43.100000 0.000866
43.150000 0.000569
43.200000 0.000722
43.250000 0.000348
43.300000 0.000432
43.350000 0.000010
43.400000 0.000061
43.450000 -0.000367
43.500000 -0.000304
43.550000 -0.000695
43.600000 -0.000578
43.650000 -0.000895
43.700000 -0.000696
43.750000 -0.000918
43.800000 -0.000626
43.850000 -0.000755
43.900000 -0.000384
43.950000 -0.000442
44.000000 -0.000022
44.050000 -0.000048
44.100000 0.000377
44.150000 0.000337
44.200000 0.000722
44.250000 0.000627
44.300000 0.000935
44.350000 0.000755
44.400000 0.000967
44.450000 0.000695
44.500000 0.000817
44.550000 0.000470
44.600000 0.000531
44.650000 0.000149
44.700000 0.000195
44.750000 -0.000168
44.800000 -0.000078
44.850000 -0.000364
44.900000 -0.000174
44.950000 -0.000332
