-30.000000 0.000000
-29.950000 0.000000
-29.900000 0.000000
-29.850000 0.000000
-29.800000 0.000000
-29.750000 -0.000000
-29.700000 -0.000000
-29.650000 -0.000000
-29.600000 -0.000000
-29.550000 -0.000000
-29.500000 0.000000
-29.450000 0.000000
-29.400000 0.000000
-29.350000 0.000000
-29.300000 0.000000
-29.250000 -0.000000
-29.200000 -0.000000
-29.150000 -0.000000
-29.100000 -0.000000
-29.050000 -0.000000
-29.000000 0.000000
-28.950000 0.000000
-28.900000 0.000000
-28.850000 0.000000
-28.800000 0.000000
-28.750000 0.000000
-28.700000 -0.000000
-28.650000 -0.000000
-28.600000 -0.000000
-28.550000 -0.000000
-28.500000 -0.000000
-28.450000 0.000000
-28.400000 0.000000
-28.350000 0.000000
-28.300000 0.000000
-28.250000 0.000000
-28.200000 -0.000000
-28.150000 -0.000000
-28.100000 -0.000000
-28.050000 -0.000000
-28.000000 -0.000000
-27.950000 -0.000000
-27.900000 0.000000
-27.850000 0.000000
-27.800000 0.000000
-27.750000 0.000000
-27.700000 0.000000
-27.650000 0.000000
-27.600000 -0.000000
-27.550000 -0.000000
-27.500000 -0.000000
-27.450000 -0.000000
-27.400000 -0.000000
-27.350000 0.000000
-27.300000 0.000000
-27.250000 0.000000
-27.200000 0.000000
-27.150000 0.000000
-27.100000 -0.000000
-27.050000 -0.000000
-27.000000 -0.000000
-26.950000 -0.000000
-26.900000 -0.000000
-26.850000 -0.000000
-26.800000 0.000000
-26.750000 0.000000
-26.700000 0.000000
-26.650000 0.000000
-26.600000 0.000000
-26.550000 -0.000000
-26.500000 -0.000000
-26.450000 -0.000000
-26.400000 -0.000000
-26.350000 -0.000000
-26.300000 -0.000000
-26.250000 0.000000
-26.200000 0.000000
-26.150000 0.000000
-26.100000 0.000000
-26.050000 0.000000
-26.000000 0.000000
-25.950000 -0.000000
-25.900000 -0.000000
-25.850000 -0.000000
-25.800000 -0.000000
-25.750000 -0.000000
-25.700000 0.000000
-25.650000 0.000000
-25.600000 0.000000
-25.550000 0.000000
-25.500000 0.000000
-25.450000 0.000000
-25.400000 -0.000000
-25.350000 -0.000000
-25.300000 -0.000000
-25.250000 -0.000000
-25.200000 -0.000000
-25.150000 -0.000000
-25.100000 0.000000
-25.050000 0.000000
-25.000000 0.000000
-24.950000 0.000000
-24.900000 0.000000
-24.850000 0.000000
-24.800000 -0.000000
-24.750000 -0.000000
-24.700000 -0.000000
-24.650000 -0.000000
-24.600000 -0.000000
-24.550000 -0.000000
-24.500000 0.000000
-24.450000 0.000000
-24.400000 0.000000
-24.350000 0.000000
-24.300000 0.000000
-24.250000 -0.000000
-24.200000 -0.000000
-24.150000 -0.000000
-24.100000 -0.000000
-24.050000 -0.000000
-24.000000 -0.000000
-23.950000 0.000000
-23.900000 0.000000
-23.850000 0.000000
-23.800000 0.000000
-23.750000 0.000000
-23.700000 0.000000
-23.650000 -0.000000
-23.600000 -0.000000
-23.550000 -0.000000
-23.500000 -0.000000
-23.450000 -0.000000
-23.400000 -0.000000
-23.350000 0.000000
-23.300000 0.000000
-23.250000 0.000000
-23.200000 0.000000
-23.150000 0.000000
-23.100000 0.000000
-23.050000 -0.000000
-23.000000 -0.000000
-22.950000 -0.000000
-22.900000 -0.000000
-22.850000 -0.000000
-22.800000 -0.000000
-22.750000 0.000000
-22.700000 0.000000
-22.650000 0.000000
-22.600000 0.000001
-22.550000 0.000000
-22.500000 0.000000
-22.450000 0.000000
-22.400000 -0.000000
-22.350000 -0.000000
-22.300000 -0.000001
-22.250000 -0.000001
-22.200000 -0.000000
-22.150000 -0.000000
-22.100000 0.000000
-22.050000 0.000001
-22.000000 0.000001
-21.950000 0.000001
-21.900000 0.000000
-21.850000 0.000000
-21.800000 -0.000000
-21.750000 -0.000001
-21.700000 -0.000001
-21.650000 -0.000001
-21.600000 -0.000001
-21.550000 -0.000000
-21.500000 0.000000
-21.450000 0.000001
-21.400000 0.000001
-21.350000 0.000001
-21.300000 0.000001
-21.250000 0.000000
-21.200000 0.000000
-21.150000 -0.000000
-21.100000 -0.000001
-21.050000 -0.000001
-21.000000 -0.000001
-20.950000 -0.000001
-20.900000 -0.000000
-20.850000 0.000000
-20.800000 0.000001
-20.750000 0.000001
-20.700000 0.000001
-20.650000 0.000001
-20.600000 0.000000
-20.550000 -0.000000
-20.500000 -0.000001
-20.450000 -0.000001
-20.400000 -0.000001
-20.350000 -0.000001
-20.300000 -0.000001
-20.250000 -0.000000
-20.200000 0.000000
-20.150000 0.000001
-20.100000 0.000001
-20.050000 0.000001
-20.000000 0.000001
-19.950000 0.000001
-19.900000 -0.000000
-19.850000 -0.000001
-19.800000 -0.000001
-19.750000 -0.000002
-19.700000 -0.000002
-19.650000 -0.000001
-19.600000 -0.000000
-19.550000 0.000000
-19.500000 0.000001
-19.450000 0.000002
-19.400000 0.000002
-19.350000 0.000002
-19.300000 0.000001
-19.250000 0.000000
-19.200000 -0.000001
-19.150000 -0.000002
-19.100000 -0.000002
-19.050000 -0.000002
-19.000000 -0.000002
-18.950000 -0.000001
-18.900000 -0.000000
-18.850000 0.000001
-18.800000 0.000002
-18.750000 0.000003
-18.700000 0.000003
-18.650000 0.000002
-18.600000 0.000001
-18.550000 -0.000000
-18.500000 -0.000001
-18.450000 -0.000002
-18.400000 -0.000003
-18.350000 -0.000003
-18.300000 -0.000002
-18.250000 -0.000001
-18.200000 0.000000
-18.150000 0.000002
-18.100000 0.000003
-18.050000 0.000003
-18.000000 0.000003
-17.950000 0.000002
-17.900000 0.000001
-17.850000 -0.000001
-17.800000 -0.000002
-17.750000 -0.000003
-17.700000 -0.000004
-17.650000 -0.000004
-17.600000 -0.000003
-17.550000 -0.000001
-17.500000 0.000001
-17.450000 0.000002
-17.400000 0.000004
-17.350000 0.000005
-17.300000 0.000005
-17.250000 0.000004
-17.200000 0.000002
-17.150000 -0.000000
-17.100000 -0.000003
-17.050000 -0.000004
-17.000000 -0.000005
-16.950000 -0.000005
-16.900000 -0.000004
-16.850000 -0.000003
-16.800000 -0.000000
-16.750000 0.000002
-16.700000 0.000005
-16.650000 0.000006
-16.600000 0.000006
-16.550000 0.000006
-16.500000 0.000004
-16.450000 0.000001
-16.400000 -0.000002
-16.350000 -0.000005
-16.300000 -0.000007
-16.250000 -0.000008
-16.200000 -0.000007
-16.150000 -0.000005
-16.100000 -0.000002
-16.050000 0.000001
-16.000000 0.000004
-15.950000 0.000007
-15.900000 0.000009
-15.850000 0.000009
-15.800000 0.000007
-15.750000 0.000004
-15.700000 0.000001
-15.650000 -0.000003
-15.600000 -0.000007
-15.550000 -0.000010
-15.500000 -0.000011
-15.450000 -0.000010
-15.400000 -0.000007
-15.350000 -0.000003
-15.300000 0.000001
-15.250000 0.000006
-15.200000 0.000010
-15.150000 0.000012
-15.100000 0.000012
-15.050000 0.000011
-15.000000 0.000007
-14.950000 0.000002
-14.900000 -0.000003
-14.850000 -0.000009
-14.800000 -0.000013
-14.750000 -0.000015
-14.700000 -0.000015
-14.650000 -0.000012
-14.600000 -0.000007
-14.550000 -0.000001
-14.500000 0.000006
-14.450000 0.000012
-14.400000 0.000016
-14.350000 0.000018
-14.300000 0.000017
-14.250000 0.000014
-14.200000 0.000008
-14.150000 0.000000
-14.100000 -0.000007
-14.050000 -0.000014
-14.000000 -0.000019
-13.950000 -0.000022
-13.900000 -0.000021
-13.850000 -0.000016
-13.800000 -0.000009
-13.750000 -0.000000
-13.700000 0.000009
-13.650000 0.000017
-13.600000 0.000023
-13.550000 0.000026
-13.500000 0.000025
-13.450000 0.000020
-13.400000 0.000012
-13.350000 0.000002
-13.300000 -0.000009
-13.250000 -0.000019
-13.200000 -0.000027
-13.150000 -0.000031
-13.100000 -0.000031
-13.050000 -0.000027
-13.000000 -0.000018
-12.950000 -0.000006
-12.900000 0.000007
-12.850000 0.000020
-12.800000 0.000030
-12.750000 0.000037
-12.700000 0.000039
-12.650000 0.000035
-12.600000 0.000026
-12.550000 0.000014
-12.500000 -0.000002
-12.450000 -0.000018
-12.400000 -0.000032
-12.350000 -0.000042
-12.300000 -0.000048
-12.250000 -0.000046
-12.200000 -0.000039
-12.150000 -0.000026
-12.100000 -0.000009
-12.050000 0.000010
-12.000000 0.000029
-11.950000 0.000045
-11.900000 0.000056
-11.850000 0.000059
-11.800000 0.000056
-11.750000 0.000044
-11.700000 0.000027
-11.650000 0.000005
-11.600000 -0.000019
-11.550000 -0.000041
-11.500000 -0.000059
-11.450000 -0.000071
-11.400000 -0.000074
-11.350000 -0.000068
-11.300000 -0.000053
-11.250000 -0.000031
-11.200000 -0.000004
-11.150000 0.000025
-11.100000 0.000053
-11.050000 0.000075
-11.000000 0.000089
-10.950000 0.000093
-10.900000 0.000086
-10.850000 0.000069
-10.800000 0.000042
-10.750000 0.000009
-10.700000 -0.000027
-10.650000 -0.000062
-10.600000 -0.000091
-10.550000 -0.000111
-10.500000 -0.000119
-10.450000 -0.000113
-10.400000 -0.000095
-10.350000 -0.000064
-10.300000 -0.000025
-10.250000 0.000019
-10.200000 0.000063
-10.150000 0.000103
-10.100000 0.000133
-10.050000 0.000150
-10.000000 0.000151
-9.950000 0.000136
-9.900000 0.000105
-9.850000 0.000061
-9.800000 0.000008
-9.750000 -0.000049
-9.700000 -0.000103
-9.650000 -0.000149
-9.600000 -0.000182
-9.550000 -0.000198
-9.500000 -0.000193
-9.450000 -0.000168
-9.400000 -0.000125
-9.350000 -0.000066
-9.300000 0.000003
-9.250000 0.000075
-9.200000 0.000143
-9.150000 0.000201
-9.100000 0.000242
-9.050000 0.000261
-9.000000 0.000255
-8.950000 0.000223
-8.900000 0.000168
-8.850000 0.000094
-8.800000 0.000006
-8.750000 -0.000087
-8.700000 -0.000177
-8.650000 -0.000255
-8.600000 -0.000314
-8.550000 -0.000346
-8.500000 -0.000348
-8.450000 -0.000317
-8.400000 -0.000256
-8.350000 -0.000167
-8.300000 -0.000059
-8.250000 0.000061
-8.200000 0.000182
-8.150000 0.000294
-8.100000 0.000386
-8.050000 0.000449
-8.000000 0.000476
-7.950000 0.000463
-7.900000 0.000409
-7.850000 0.000317
-7.800000 0.000192
-7.750000 0.000043
-7.700000 -0.000118
-7.650000 -0.000279
-7.600000 -0.000426
-7.550000 -0.000547
-7.500000 -0.000631
-7.450000 -0.000668
-7.400000 -0.000653
-7.350000 -0.000586
-7.300000 -0.000468
-7.250000 -0.000306
-7.200000 -0.000111
-7.150000 0.000104
-7.100000 0.000324
-7.050000 0.000532
-7.000000 0.000711
-6.950000 0.000846
-6.900000 0.000925
-6.850000 0.000939
-6.800000 0.000884
-6.750000 0.000758
-6.700000 0.000569
-6.650000 0.000325
-6.600000 0.000041
-6.550000 -0.000265
-6.500000 -0.000573
-6.450000 -0.000862
-6.400000 -0.001111
-6.350000 -0.001300
-6.300000 -0.001415
-6.250000 -0.001443
-6.200000 -0.001378
-6.150000 -0.001219
-6.100000 -0.000972
-6.050000 -0.000648
-6.000000 -0.000264
-5.950000 0.000158
-5.900000 0.000594
-5.850000 0.001016
-5.800000 0.001396
-5.750000 0.001709
-5.700000 0.001931
-5.650000 0.002042
-5.600000 0.002028
-5.550000 0.001883
-5.500000 0.001606
-5.450000 0.001204
-5.400000 0.000693
-5.350000 0.000094
-5.300000 -0.000566
-5.250000 -0.001254
-5.200000 -0.001936
-5.150000 -0.002575
-5.100000 -0.003136
-5.050000 -0.003587
-5.000000 -0.003897
-4.950000 -0.004046
-4.900000 -0.004017
-4.850000 -0.003804
-4.800000 -0.003410
-4.750000 -0.002847
-4.700000 -0.002135
-4.650000 -0.001306
-4.600000 -0.000395
-4.550000 0.000553
-4.500000 0.001491
-4.450000 0.002367
-4.400000 0.003132
-4.350000 0.003736
-4.300000 0.004133
-4.250000 0.004284
-4.200000 0.004158
-4.150000 0.003731
-4.100000 0.002991
-4.050000 0.001937
-4.000000 0.000580
-3.950000 -0.001060
-3.900000 -0.002950
-3.850000 -0.005047
-3.800000 -0.007300
-3.750000 -0.009652
-3.700000 -0.012040
-3.650000 -0.014399
-3.600000 -0.016663
-3.550000 -0.018769
-3.500000 -0.020659
-3.450000 -0.022280
-3.400000 -0.023593
-3.350000 -0.024565
-3.300000 -0.025180
-3.250000 -0.025435
-3.200000 -0.025344
-3.150000 -0.024936
-3.100000 -0.024258
-3.050000 -0.023373
-3.000000 -0.022358
-2.950000 -0.021308
-2.900000 -0.020332
-2.850000 -0.019548
-2.800000 -0.019089
-2.750000 -0.019094
-2.700000 -0.019712
-2.650000 -0.021094
-2.600000 -0.023395
-2.550000 -0.026773
-2.500000 -0.031384
-2.450000 -0.037380
-2.400000 -0.044909
-2.350000 -0.054116
-2.300000 -0.065132
-2.250000 -0.078084
-2.200000 -0.093086
-2.150000 -0.110239
-2.100000 -0.129630
-2.050000 -0.151331
-2.000000 -0.175397
-1.950000 -0.201863
-1.900000 -0.230745
-1.850000 -0.262038
-1.800000 -0.295710
-1.750000 -0.331706
-1.700000 -0.369943
-1.650000 -0.410310
-1.600000 -0.452665
-1.550000 -0.496837
-1.500000 -0.542622
-1.450000 -0.589785
-1.400000 -0.638060
-1.350000 -0.687154
-1.300000 -0.736746
-1.250000 -0.786490
-1.200000 -0.836027
-1.150000 -0.884981
-1.100000 -0.932974
-1.050000 -0.979631
-1.000000 -1.024590
-0.950000 -1.067513
-0.900000 -1.108097
-0.850000 -1.146083
-0.800000 -1.181271
-0.750000 -1.213530
-0.700000 -1.242808
-0.650000 -1.269143
-0.600000 -1.292668
-0.550000 -1.313625
-0.500000 -1.332364
-0.450000 -1.349352
-0.400000 -1.365173
-0.350000 -1.380532
-0.300000 -1.396253
-0.250000 -1.413282
-0.200000 -1.432680
-0.150000 -1.455626
-0.100000 -1.483409
-0.050000 -1.517423
0.000000 -1.559158
0.050000 -1.610189
0.100000 -1.672155
0.150000 -1.746729
0.200000 -1.835588
0.250000 -1.940351
0.300000 -2.062515
0.350000 -2.203360
0.400000 -2.363836
0.450000 -2.544420
0.500000 -2.744954
0.550000 -2.964470
0.600000 -3.200999
0.650000 -3.451407
0.700000 -3.711260
0.750000 -3.974774
0.800000 -4.234859
0.850000 -4.483306
0.900000 -4.711137
0.950000 -4.909106
1.000000 -5.068330
1.050000 -5.180990
1.100000 -5.241015
1.150000 -5.244652
1.200000 -5.190836
1.250000 -5.081291
1.300000 -4.920351
1.350000 -4.714534
1.400000 -4.471929
1.450000 -4.201499
1.500000 -3.912397
1.550000 -3.613367
1.600000 -3.312281
1.650000 -3.015848
1.700000 -2.729464
1.750000 -2.457199
1.800000 -2.201882
1.850000 -1.965247
1.900000 -1.748111
1.950000 -1.550559
2.000000 -1.372122
2.050000 -1.211936
2.100000 -1.068876
2.150000 -0.941658
2.200000 -0.828933
2.250000 -0.729339
2.300000 -0.641554
2.350000 -0.564322
2.400000 -0.496469
2.450000 -0.436918
2.500000 -0.384691
2.550000 -0.338907
2.600000 -0.298776
2.650000 -0.263600
2.700000 -0.232759
2.750000 -0.205707
2.800000 -0.181967
2.850000 -0.161119
2.900000 -0.142797
2.950000 -0.126681
3.000000 -0.112493
3.050000 -0.099989
3.100000 -0.088960
3.150000 -0.079221
3.200000 -0.070612
3.250000 -0.062994
3.300000 -0.056246
3.350000 -0.050262
3.400000 -0.044950
3.450000 -0.040230
3.500000 -0.036031
3.550000 -0.032293
3.600000 -0.028961
3.650000 -0.025989
3.700000 -0.023336
3.750000 -0.020965
3.800000 -0.018845
3.850000 -0.016947
3.900000 -0.015247
3.950000 -0.013724
4.000000 -0.012358
4.050000 -0.011132
4.100000 -0.010031
4.150000 -0.009042
4.200000 -0.008153
4.250000 -0.007353
4.300000 -0.006634
4.350000 -0.005986
4.400000 -0.005403
4.450000 -0.004877
4.500000 -0.004404
4.550000 -0.003977
4.600000 -0.003592
4.650000 -0.003245
4.700000 -0.002932
4.750000 -0.002649
4.800000 -0.002394
4.850000 -0.002164
4.900000 -0.001956
4.950000 -0.001768
5.000000 -0.001598
5.050000 -0.001445
5.100000 -0.001307
5.150000 -0.001181
5.200000 -0.001068
5.250000 -0.000966
5.300000 -0.000874
5.350000 -0.000790
5.400000 -0.000715
5.450000 -0.000646
5.500000 -0.000585
5.550000 -0.000529
5.600000 -0.000478
5.650000 -0.000433
5.700000 -0.000392
5.750000 -0.000354
5.800000 -0.000320
5.850000 -0.000290
5.900000 -0.000262
5.950000 -0.000237
6.000000 -0.000215
6.050000 -0.000194
6.100000 -0.000176
6.150000 -0.000159
6.200000 -0.000144
6.250000 -0.000130
6.300000 -0.000118
6.350000 -0.000107
6.400000 -0.000096
6.450000 -0.000087
6.500000 -0.000079
6.550000 -0.000071
6.600000 -0.000065
6.650000 -0.000058
6.700000 -0.000053
6.750000 -0.000048
6.800000 -0.000043
6.850000 -0.000039
6.900000 -0.000035
6.950000 -0.000032
7.000000 -0.000029
7.050000 -0.000026
7.100000 -0.000024
7.150000 -0.000021
7.200000 -0.000019
7.250000 -0.000018
7.300000 -0.000016
7.350000 -0.000014
7.400000 -0.000013
7.450000 -0.000012
7.500000 -0.000011
7.550000 -0.000010
7.600000 -0.000009
7.650000 -0.000008
7.700000 -0.000007
7.750000 -0.000006
7.800000 -0.000006
7.850000 -0.000005
7.900000 -0.000005
7.950000 -0.000004
8.000000 -0.000004
8.050000 -0.000004
8.100000 -0.000003
8.150000 -0.000003
8.200000 -0.000003
8.250000 -0.000002
8.300000 -0.000002
8.350000 -0.000002
8.400000 -0.000002
8.450000 -0.000002
8.500000 -0.000001
8.550000 -0.000001
8.600000 -0.000001
8.650000 -0.000001
8.700000 -0.000001
8.750000 -0.000001
8.800000 -0.000001
8.850000 -0.000001
8.900000 -0.000001
8.950000 -0.000001
9.000000 -0.000001
9.050000 -0.000000
9.100000 -0.000000
9.150000 -0.000000
9.200000 -0.000000
9.250000 -0.000000
9.300000 -0.000000
9.350000 -0.000000
9.400000 -0.000000
9.450000 -0.000000
9.500000 -0.000000
9.550000 -0.000000
9.600000 -0.000000
9.650000 -0.000000
9.700000 -0.000000
9.750000 -0.000000
9.800000 -0.000000
9.850000 -0.000000
9.900000 -0.000000
9.950000 -0.000000
10.000000 -0.000000
10.050000 -0.000000
10.100000 -0.000000
10.150000 -0.000000
10.200000 -0.000000
10.250000 -0.000000
10.300000 -0.000000
10.350000 -0.000000
10.400000 -0.000000
10.450000 -0.000000
10.500000 -0.000000
10.550000 -0.000000
10.600000 -0.000000
10.650000 -0.000000
10.700000 -0.000000
10.750000 -0.000000
10.800000 -0.000000
10.850000 -0.000000
10.900000 -0.000000
10.950000 -0.000000
11.000000 -0.000000
11.050000 -0.000000
11.100000 -0.000000
11.150000 -0.000000
11.200000 -0.000000
11.250000 -0.000000
11.300000 -0.000000
11.350000 -0.000000
11.400000 -0.000000
11.450000 -0.000000
11.500000 -0.000000
11.550000 -0.000000
11.600000 -0.000000
11.650000 -0.000000
11.700000 -0.000000
11.750000 -0.000000
11.800000 -0.000000
11.850000 -0.000000
11.900000 -0.000000
11.950000 -0.000000
12.000000 -0.000000
12.050000 -0.000000
12.100000 -0.000000
12.150000 -0.000000
12.200000 -0.000000
12.250000 -0.000000
12.300000 -0.000000
12.350000 -0.000000
12.400000 -0.000000
12.450000 -0.000000
12.500000 -0.000000
12.550000 -0.000000
12.600000 -0.000000
12.650000 -0.000000
12.700000 -0.000000
12.750000 -0.000000
12.800000 -0.000000
12.850000 -0.000000
12.900000 -0.000000
12.950000 -0.000000
13.000000 -0.000000
13.050000 -0.000000
13.100000 -0.000000
13.150000 -0.000000
13.200000 -0.000000
13.250000 -0.000000
13.300000 -0.000000
13.350000 -0.000000
13.400000 -0.000000
13.450000 -0.000000
13.500000 -0.000000
13.550000 -0.000000
13.600000 -0.000000
13.650000 -0.000000
13.700000 0.000000
13.750000 -0.000000
13.800000 0.000000
13.850000 0.000000
13.900000 0.000000
13.950000 0.000000
14.000000 0.000000
14.050000 -0.000000
14.100000 -0.000000
14.150000 -0.000000
14.200000 -0.000000
14.250000 -0.000000
14.300000 -0.000000
14.350000 -0.000000
14.400000 -0.000000
14.450000 -0.000000
14.500000 -0.000000
14.550000 0.000000
14.600000 0.000000
14.650000 0.000000
14.700000 0.000000
14.750000 0.000000
14.800000 0.000000
14.850000 0.000000
14.900000 -0.000000
14.950000 -0.000000
15.000000 -0.000000
15.050000 -0.000000
15.100000 -0.000000
15.150000 -0.000000
15.200000 -0.000000
15.250000 0.000000
15.300000 -0.000000
15.350000 0.000000
15.400000 0.000000
15.450000 0.000000
15.500000 0.000000
15.550000 0.000000
15.600000 0.000000
15.650000 0.000000
15.700000 -0.000000
15.750000 -0.000000
15.800000 -0.000000
15.850000 -0.000000
15.900000 -0.000000
15.950000 -0.000000
16.000000 0.000000
16.050000 0.000000
16.100000 0.000000
16.150000 0.000000
16.200000 0.000000
16.250000 0.000000
16.300000 0.000000
16.350000 -0.000000
16.400000 0.000000
16.450000 -0.000000
16.500000 -0.000000
16.550000 -0.000000
16.600000 -0.000000
16.650000 -0.000000
16.700000 0.000000
16.750000 -0.000000
16.800000 0.000000
16.850000 0.000000
16.900000 0.000000
16.950000 0.000000
17.000000 0.000000
17.050000 0.000000
17.100000 0.000000
17.150000 -0.000000
17.200000 -0.000000
17.250000 -0.000000
17.300000 -0.000000
17.350000 -0.000000
17.400000 -0.000000
17.450000 0.000000
17.500000 0.000000
17.550000 0.000000
17.600000 0.000000
17.650000 0.000000
17.700000 0.000000
17.750000 0.000000
17.800000 -0.000000
17.850000 0.000000
17.900000 -0.000000
17.950000 -0.000000
18.000000 -0.000000
18.050000 -0.000000
18.100000 -0.000000
18.150000 0.000000
18.200000 -0.000000
18.250000 0.000000
18.300000 0.000000
18.350000 0.000000
18.400000 0.000000
18.450000 0.000000
18.500000 0.000000
18.550000 -0.000000
18.600000 -0.000000
18.650000 -0.000000
18.700000 -0.000000
18.750000 -0.000000
18.800000 -0.000000
18.850000 -0.000000
18.900000 0.000000
18.950000 0.000000
19.000000 0.000000
19.050000 0.000000
19.100000 0.000000
19.150000 0.000000
19.200000 0.000000
19.250000 -0.000000
19.300000 -0.000000
19.350000 -0.000000
19.400000 -0.000000
19.450000 -0.000000
19.500000 0.000000
19.550000 -0.000000
19.600000 0.000000
19.650000 0.000000
19.700000 0.000000
19.750000 0.000000
19.800000 0.000000
19.850000 0.000000
19.900000 -0.000000
19.950000 -0.000000
20.000000 -0.000000
20.050000 -0.000000
20.100000 -0.000000
20.150000 -0.000000
20.200000 -0.000000
20.250000 0.000000
20.300000 0.000000
20.350000 0.000000
20.400000 0.000000
20.450000 0.000000
20.500000 -0.000000
20.550000 0.000000
20.600000 -0.000000
20.650000 -0.000000
20.700000 -0.000000
20.750000 -0.000000
20.800000 -0.000000
20.850000 0.000000
20.900000 0.000000
20.950000 0.000000
21.000000 0.000000
21.050000 0.000000
21.100000 0.000000
21.150000 0.000000
21.200000 -0.000000
21.250000 -0.000000
21.300000 -0.000000
21.350000 -0.000000
21.400000 -0.000000
21.450000 -0.000000
21.500000 0.000000
21.550000 0.000000
21.600000 0.000000
21.650000 0.000000
21.700000 0.000000
21.750000 0.000000
21.800000 0.000000
21.850000 -0.000000
21.900000 -0.000000
21.950000 -0.000000
22.000000 -0.000000
22.050000 -0.000000
22.100000 0.000000
22.150000 0.000000
22.200000 0.000000
22.250000 0.000000
22.300000 0.000000
22.350000 0.000000
22.400000 0.000000
22.450000 -0.000000
22.500000 -0.000000
22.550000 -0.000000
22.600000 -0.000000
22.650000 -0.000000
22.700000 -0.000000
22.750000 0.000000
22.800000 0.000000
22.850000 0.000000
22.900000 0.000000
22.950000 0.000000
23.000000 0.000000
23.050000 0.000000
23.100000 -0.000000
23.150000 -0.000000
23.200000 -0.000000
23.250000 -0.000000
23.300000 -0.000000
23.350000 0.000000
23.400000 0.000000
23.450000 0.000000
23.500000 0.000000
23.550000 0.000000
23.600000 0.000000
23.650000 -0.000000
23.700000 -0.000000
23.750000 -0.000000
23.800000 -0.000000
23.850000 -0.000000
23.900000 -0.000000
23.950000 0.000000
24.000000 0.000000
24.050000 0.000000
24.100000 0.000000
24.150000 0.000000
24.200000 0.000000
24.250000 -0.000000
24.300000 -0.000000
24.350000 -0.000000
24.400000 -0.000000
24.450000 -0.000000
24.500000 -0.000000
24.550000 0.000000
24.600000 0.000000
24.650000 0.000000
24.700000 0.000000
24.750000 0.000000
24.800000 0.000000
24.850000 -0.000000
24.900000 -0.000000
24.950000 -0.000000
25.000000 -0.000000
25.050000 -0.000000
25.100000 -0.000000
25.150000 0.000000
25.200000 0.000000
25.250000 0.000000
25.300000 0.000000
25.350000 0.000000
25.400000 -0.000000
25.450000 -0.000000
25.500000 -0.000000
25.550000 -0.000000
25.600000 -0.000000
25.650000 -0.000000
25.700000 0.000000
25.750000 0.000000
25.800000 0.000000
25.850000 0.000000
25.900000 0.000000
25.950000 0.000000
26.000000 -0.000000
26.050000 -0.000000
26.100000 -0.000000
26.150000 -0.000000
26.200000 -0.000000
26.250000 -0.000000
26.300000 0.000000
26.350000 0.000000
26.400000 0.000000
26.450000 0.000000
26.500000 0.000000
26.550000 -0.000000
26.600000 -0.000000
26.650000 -0.000000
26.700000 -0.000000
26.750000 -0.000000
26.800000 0.000000
26.850000 0.000000
26.900000 0.000000
26.950000 0.000000
27.000000 0.000000
27.050000 0.000000
27.100000 -0.000000
27.150000 -0.000000
27.200000 -0.000000
27.250000 -0.000000
27.300000 -0.000000
27.350000 -0.000000
27.400000 0.000000
27.450000 0.000000
27.500000 0.000000
27.550000 0.000000
27.600000 0.000000
27.650000 -0.000000
27.700000 -0.000000
27.750000 -0.000000
27.800000 -0.000000
27.850000 -0.000000
27.900000 -0.000000
27.950000 0.000000
28.000000 0.000000
28.050000 0.000000
28.100000 0.000000
28.150000 0.000000
28.200000 -0.000000
28.250000 -0.000000
28.300000 -0.000000
28.350000 -0.000000
28.400000 -0.000000
28.450000 -0.000000
28.500000 0.000000
28.550000 0.000000
28.600000 0.000000
28.650000 0.000000
28.700000 0.000000
28.750000 -0.000000
28.800000 -0.000000
28.850000 -0.000000
28.900000 -0.000000
28.950000 -0.000000
29.000000 0.000000
29.050000 0.000000
29.100000 0.000000
29.150000 0.000000
29.200000 0.000000
29.250000 -0.000000
29.300000 -0.000000
29.350000 -0.000000
29.400000 -0.000000
29.450000 -0.000000
29.500000 -0.000000
29.550000 0.000000
29.600000 0.000000
29.650000 0.000000
29.700000 0.000000
29.750000 0.000000
29.800000 -0.000000
29.850000 -0.000000
29.900000 -0.000000
29.950000 -0.000000
30.000000 -0.000000
30.050000 0.000000
30.100000 0.000000
30.150000 0.000000
30.200000 0.000000
30.250000 0.000000
30.300000 -0.000000
30.350000 -0.000000
30.400000 -0.000000
30.450000 -0.000000
30.500000 -0.000000
30.550000 -0.000000
30.600000 0.000000
30.650000 0.000000
30.700000 0.000000
30.750000 0.000000
30.800000 0.000000
30.850000 -0.000000
30.900000 -0.000000
30.950000 -0.000000
31.000000 -0.000000
31.050000 -0.000000
31.100000 0.000000
31.150000 0.000000
31.200000 0.000000
31.250000 0.000000
31.300000 0.000000
31.350000 -0.000000
31.400000 -0.000000
31.450000 -0.000000
31.500000 -0.000000
31.550000 -0.000000
31.600000 0.000000
31.650000 0.000000
31.700000 0.000000
31.750000 0.000000
31.800000 0.000000
31.850000 -0.000000
31.900000 -0.000000
31.950000 -0.000000
32.000000 -0.000000
32.050000 -0.000000
32.100000 0.000000
32.150000 0.000000
32.200000 0.000000
32.250000 0.000000
32.300000 0.000000
32.350000 -0.000000
32.400000 -0.000000
32.450000 -0.000000
32.500000 -0.000000
32.550000 -0.000000
32.600000 0.000000
32.650000 0.000000
32.700000 0.000000
32.750000 0.000000
32.800000 0.000000
32.850000 -0.000000
32.900000 -0.000000
32.950000 -0.000000
33.000000 -0.000000
33.050000 -0.000000
33.100000 0.000000
33.150000 0.000000
33.200000 0.000000
33.250000 0.000000
33.300000 0.000000
33.350000 -0.000000
33.400000 -0.000000
33.450000 -0.000000
33.500000 -0.000000
33.550000 -0.000000
33.600000 0.000000
33.650000 0.000000
33.700000 0.000000
33.750000 0.000000
33.800000 0.000000
33.850000 -0.000000
33.900000 -0.000000
33.950000 -0.000000
34.000000 -0.000000
34.050000 0.000000
34.100000 0.000000
34.150000 0.000000
34.200000 0.000000
34.250000 0.000000
34.300000 -0.000000
34.350000 -0.000000
34.400000 -0.000000
34.450000 -0.000000
34.500000 -0.000000
34.550000 0.000000
34.600000 0.000000
34.650000 0.000000
34.700000 0.000000
34.750000 0.000000
34.800000 -0.000000
34.850000 -0.000000
34.900000 -0.000000
34.950000 -0.000000
35.000000 -0.000000
35.050000 0.000000
35.100000 0.000000
35.150000 0.000000
35.200000 0.000000
35.250000 -0.000000
35.300000 -0.000000
35.350000 -0.000000
35.400000 -0.000000
35.450000 -0.000000
35.500000 0.000000
35.550000 0.000000
35.600000 0.000000
35.650000 0.000000
35.700000 0.000000
35.750000 -0.000000
35.800000 -0.000000
35.850000 -0.000000
35.900000 -0.000000
35.950000 -0.000000
36.000000 0.000000
36.050000 0.000000
36.100000 0.000000
36.150000 0.000000
36.200000 -0.000000
36.250000 -0.000000
36.300000 -0.000000
36.350000 -0.000000
36.400000 -0.000000
36.450000 0.000000
36.500000 0.000000
36.550000 0.000000
36.600000 0.000000
36.650000 -0.000000
36.700000 -0.000000
36.750000 -0.000000
36.800000 -0.000000
36.850000 -0.000000
36.900000 0.000000
36.950000 0.000000
37.000000 0.000000
37.050000 0.000000
37.100000 0.000000
37.150000 -0.000000
37.200000 -0.000000
37.250000 -0.000000
37.300000 -0.000000
37.350000 0.000000
37.400000 0.000000
37.450000 0.000000
37.500000 0.000000
37.550000 0.000000
37.600000 -0.000000
37.650000 -0.000000
37.700000 -0.000000
37.750000 -0.000000
37.800000 0.000000
37.850000 0.000000
37.900000 0.000000
37.950000 0.000000
38.000000 0.000000
38.050000 -0.000000
38.100000 -0.000000
38.150000 -0.000000
38.200000 -0.000000
38.250000 0.000000
38.300000 0.000000
38.350000 0.000000
38.400000 0.000000
38.450000 0.000000
38.500000 -0.000000
38.550000 -0.000000
38.600000 -0.000000
38.650000 -0.000000
38.700000 0.000000
38.750000 0.000000
38.800000 0.000000
38.850000 0.000000
38.900000 0.000000
38.950000 -0.000000
39.000000 -0.000000
39.050000 -0.000000
39.100000 -0.000000
39.150000 0.000000
39.200000 0.000000
39.250000 0.000000
39.300000 0.000000
39.350000 0.000000
39.400000 -0.000000
39.450000 -0.000000
39.500000 -0.000000
39.550000 -0.000000
39.600000 0.000000
39.650000 0.000000
39.700000 0.000000
39.750000 0.000000
39.800000 -0.000000
39.850000 -0.000000
39.900000 -0.000000
39.950000 -0.000000
40.000000 -0.000000
40.050000 0.000000
40.100000 0.000000
40.150000 0.000000
40.200000 0.000000
40.250000 -0.000000
40.300000 -0.000000
40.350000 -0.000000
40.400000 -0.000000
40.450000 0.000000
40.500000 0.000000
40.550000 0.000000
40.600000 0.000000
40.650000 0.000000
40.700000 -0.000000
40.750000 -0.000000
40.800000 -0.000000
40.850000 -0.000000
40.900000 0.000000
40.950000 0.000000
41.000000 0.000000
41.050000 0.000000
41.100000 0.000000
41.150000 -0.000000
41.200000 -0.000000
41.250000 -0.000000
41.300000 -0.000000
41.350000 0.000000
41.400000 0.000000
41.450000 0.000000
41.500000 0.000000
41.550000 -0.000000
41.600000 -0.000000
41.650000 -0.000000
41.700000 -0.000000
41.750000 -0.000000
41.800000 0.000000
41.850000 0.000000
41.900000 0.000000
41.950000 -0.000000
42.000000 -0.000000
42.050000 -0.000000
42.100000 -0.000000
42.150000 -0.000000
42.200000 0.000000
42.250000 0.000000
42.300000 0.000000
42.350000 0.000000
42.400000 -0.000000
42.450000 -0.000000
42.500000 -0.000000
42.550000 -0.000000
42.600000 0.000000
42.650000 0.000000
42.700000 0.000000
42.750000 0.000000
42.800000 -0.000000
42.850000 -0.000000
42.900000 -0.000000
42.950000 -0.000000
43.000000 -0.000000
43.050000 0.000000
43.100000 0.000000
43.150000 0.000000
43.200000 -0.000000
43.250000 -0.000000
43.300000 -0.000000
43.350000 -0.000000
43.400000 -0.000000
43.450000 0.000000
43.500000 0.000000
43.550000 0.000000
43.600000 0.000000
43.650000 0.000000
43.700000 -0.000000
43.750000 -0.000000
43.800000 -0.000000
43.850000 0.000000
43.900000 0.000000
43.950000 0.000000
44.000000 0.000000
44.050000 0.000000
44.100000 -0.000000
44.150000 -0.000000
44.200000 -0.000000
44.250000 -0.000000
44.300000 0.000000
44.350000 0.000000
44.400000 0.000000
44.450000 -0.000000
44.500000 -0.000000
44.550000 -0.000000
44.600000 -0.000000
44.650000 -0.000000
44.700000 0.000000
44.750000 0.000000
44.800000 0.000000
44.850000 -0.000000
44.900000 -0.000000
44.950000 -0.000000
