-30.000000 0.000737
-29.950000 0.000687
-29.900000 0.001367
-29.850000 0.001255
-29.800000 0.001864
-29.750000 0.001674
-29.700000 0.002196
-29.650000 0.001912
-29.600000 0.002331
-29.550000 0.001943
-29.500000 0.002253
-29.450000 0.001757
-29.400000 0.001962
-29.350000 0.001369
-29.300000 0.001485
-29.250000 0.000816
-29.200000 0.000868
-29.150000 0.000156
-29.100000 0.000181
-29.050000 -0.000537
-29.000000 -0.000498
-28.950000 -0.001180
-28.900000 -0.001089
-28.850000 -0.001701
-28.800000 -0.001525
-28.750000 -0.002037
-28.700000 -0.001754
-28.650000 -0.002151
-28.600000 -0.001753
-28.550000 -0.002033
-28.500000 -0.001523
-28.450000 -0.001697
-28.400000 -0.001092
-28.350000 -0.001182
-28.300000 -0.000510
-28.250000 -0.000547
-28.200000 0.000159
-28.150000 0.000139
-28.100000 0.000840
-28.050000 0.000799
-28.000000 0.001460
-27.950000 0.001362
-27.900000 0.001947
-27.850000 0.001762
-27.800000 0.002246
-27.750000 0.001951
-27.700000 0.002317
-27.650000 0.001902
-27.600000 0.002147
-27.550000 0.001616
-27.500000 0.001748
-27.450000 0.001117
-27.400000 0.001162
-27.350000 0.000460
-27.300000 0.000451
-27.250000 -0.000282
-27.200000 -0.000303
-27.150000 -0.001024
-27.100000 -0.001014
-27.050000 -0.001681
-27.000000 -0.001599
-26.950000 -0.002176
-26.900000 -0.001992
-26.850000 -0.002454
-26.800000 -0.002150
-26.750000 -0.002485
-26.700000 -0.002056
-26.650000 -0.002266
-26.600000 -0.001720
-26.550000 -0.001821
-26.500000 -0.001179
-26.450000 -0.001195
-26.400000 -0.000487
-26.350000 -0.000453
-26.300000 0.000286
-26.250000 0.000332
-26.200000 0.001060
-26.150000 0.001078
-26.100000 0.001756
-26.050000 0.001708
-26.000000 0.002301
-25.950000 0.002153
-25.900000 0.002632
-25.850000 0.002362
-25.800000 0.002709
-25.750000 0.002306
-25.700000 0.002518
-25.650000 0.001985
-25.600000 0.002073
-25.550000 0.001428
-25.500000 0.001416
-25.450000 0.000690
-25.400000 0.000615
-25.350000 -0.000151
-25.300000 -0.000246
-25.250000 -0.001006
-25.200000 -0.001074
-25.150000 -0.001783
-25.100000 -0.001782
-25.050000 -0.002402
-25.000000 -0.002297
-24.950000 -0.002798
-24.900000 -0.002567
-24.850000 -0.002932
-24.800000 -0.002565
-24.750000 -0.002792
-24.700000 -0.002291
-24.650000 -0.002390
-24.600000 -0.001772
-24.550000 -0.001763
-24.500000 -0.001054
-24.450000 -0.000969
-24.400000 -0.000203
-24.350000 -0.000080
-24.300000 0.000701
-24.250000 0.000821
-24.200000 0.001573
-24.150000 0.001645
-24.100000 0.002327
-24.050000 0.002310
-24.000000 0.002884
-23.950000 0.002746
-23.900000 0.003183
-23.850000 0.002902
-23.800000 0.003189
-23.750000 0.002758
-23.700000 0.002896
-23.650000 0.002324
-23.600000 0.002328
-23.550000 0.001638
-23.500000 0.001539
-23.450000 0.000768
-23.400000 0.000607
-23.350000 -0.000202
-23.300000 -0.000380
-23.250000 -0.001179
-23.200000 -0.001326
-23.150000 -0.002070
-23.100000 -0.002143
-23.050000 -0.002792
-23.000000 -0.002756
-22.950000 -0.003279
-22.900000 -0.003108
-22.850000 -0.003487
-22.800000 -0.003169
-22.750000 -0.003395
-22.700000 -0.002928
-22.650000 -0.003007
-22.600000 -0.002402
-22.550000 -0.002352
-22.500000 -0.001632
-22.450000 -0.001481
-22.400000 -0.000681
-22.350000 -0.000468
-22.300000 0.000369
-22.250000 0.000598
-22.200000 0.001424
-22.150000 0.001619
-22.100000 0.002385
-22.050000 0.002500
-22.000000 0.003161
-21.950000 0.003154
-21.900000 0.003676
-21.850000 0.003519
-21.800000 0.003879
-21.750000 0.003557
-21.700000 0.003749
-21.650000 0.003265
-21.600000 0.003298
-21.550000 0.002666
-21.500000 0.002564
-21.450000 0.001815
-21.400000 0.001612
-21.350000 0.000785
-21.300000 0.000522
-21.250000 -0.000339
-21.200000 -0.000614
-21.150000 -0.001462
-21.100000 -0.001704
-21.050000 -0.002493
-21.000000 -0.002657
-20.950000 -0.003347
-20.900000 -0.003395
-20.850000 -0.003950
-20.800000 -0.003852
-20.750000 -0.004247
-20.700000 -0.003983
-20.650000 -0.004206
-20.600000 -0.003770
-20.550000 -0.003821
-20.500000 -0.003222
-20.450000 -0.003116
-20.400000 -0.002375
-20.350000 -0.002143
-20.300000 -0.001298
-20.250000 -0.000981
-20.200000 -0.000079
-20.150000 0.000272
-20.100000 0.001179
-20.050000 0.001510
-20.000000 0.002369
-19.950000 0.002630
-19.900000 0.003392
-19.850000 0.003537
-19.800000 0.004163
-19.750000 0.004160
-19.700000 0.004623
-19.650000 0.004450
-19.600000 0.004735
-19.550000 0.004384
-19.500000 0.004490
-19.450000 0.003967
-19.400000 0.003905
-19.350000 0.003226
-19.300000 0.003018
-19.250000 0.002212
-19.200000 0.001891
-19.150000 0.000995
-19.100000 0.000604
-19.050000 -0.000337
-19.000000 -0.000751
-18.950000 -0.001686
-18.900000 -0.002070
-18.850000 -0.002948
-18.800000 -0.003251
-18.750000 -0.004021
-18.700000 -0.004197
-18.650000 -0.004817
-18.600000 -0.004829
-18.550000 -0.005268
-18.500000 -0.005091
-18.450000 -0.005333
-18.400000 -0.004958
-18.350000 -0.005002
-18.300000 -0.004438
-18.250000 -0.004299
-18.200000 -0.003568
-18.150000 -0.003276
-18.100000 -0.002414
-18.050000 -0.002010
-18.000000 -0.001061
-17.950000 -0.000592
-17.900000 0.000395
-17.850000 0.000880
-17.800000 0.001854
-17.750000 0.002304
-17.700000 0.003217
-17.650000 0.003585
-17.600000 0.004390
-17.550000 0.004633
-17.500000 0.005291
-17.450000 0.005372
-17.400000 0.005851
-17.350000 0.005745
-17.300000 0.006024
-17.250000 0.005715
-17.200000 0.005787
-17.150000 0.005274
-17.100000 0.005145
-17.050000 0.004443
-17.000000 0.004135
-16.950000 0.003273
-16.900000 0.002823
-16.850000 0.001843
-16.800000 0.001297
-16.750000 0.000251
-16.700000 -0.000336
-16.650000 -0.001392
-16.600000 -0.001964
-16.550000 -0.002974
-16.500000 -0.003475
-16.450000 -0.004387
-16.400000 -0.004770
-16.350000 -0.005538
-16.300000 -0.005763
-16.250000 -0.006354
-16.200000 -0.006391
-16.150000 -0.006781
-16.100000 -0.006612
-16.050000 -0.006790
-16.000000 -0.006410
-15.950000 -0.006376
-15.900000 -0.005791
-15.850000 -0.005556
-15.800000 -0.004783
-15.750000 -0.004371
-15.700000 -0.003440
-15.650000 -0.002886
-15.600000 -0.001838
-15.550000 -0.001187
-15.500000 -0.000072
-15.450000 0.000622
-15.400000 0.001748
-15.350000 0.002426
-15.300000 0.003504
-15.250000 0.004107
-15.200000 0.005081
-15.150000 0.005557
-15.100000 0.006377
-15.050000 0.006681
-15.000000 0.007309
-14.950000 0.007410
-14.900000 0.007820
-14.850000 0.007698
-14.800000 0.007879
-14.750000 0.007530
-14.700000 0.007483
-14.650000 0.006914
-14.600000 0.006653
-14.550000 0.005884
-14.500000 0.005433
-14.450000 0.004492
-14.400000 0.003884
-14.350000 0.002810
-14.300000 0.002086
-14.250000 0.000922
-14.200000 0.000131
-14.150000 -0.001070
-14.100000 -0.001875
-14.050000 -0.003060
-14.000000 -0.003822
-13.950000 -0.004933
-13.900000 -0.005597
-13.850000 -0.006579
-13.800000 -0.007092
-13.750000 -0.007897
-13.700000 -0.008215
-13.650000 -0.008805
-13.600000 -0.008895
-13.550000 -0.009243
-13.500000 -0.009088
-13.450000 -0.009184
-13.400000 -0.008779
-13.350000 -0.008628
-13.300000 -0.007987
-13.250000 -0.007606
-13.200000 -0.006753
-13.150000 -0.006173
-13.100000 -0.005142
-13.050000 -0.004401
-13.000000 -0.003234
-12.950000 -0.002377
-12.900000 -0.001120
-12.850000 -0.000196
-12.800000 0.001099
-12.750000 0.002039
-12.700000 0.003321
-12.650000 0.004223
-12.600000 0.005436
-12.550000 0.006247
-12.500000 0.007339
-12.450000 0.008007
-12.400000 0.008930
-12.350000 0.009408
-12.300000 0.010119
-12.250000 0.010372
-12.200000 0.010839
-12.150000 0.010840
-12.100000 0.011045
-12.050000 0.010782
-12.000000 0.010720
-11.950000 0.010195
-11.900000 0.009874
-11.850000 0.009105
-11.800000 0.008548
-11.750000 0.007562
-11.700000 0.006803
-11.650000 0.005637
-11.600000 0.004718
-11.550000 0.003417
-11.500000 0.002384
-11.450000 0.000997
-11.400000 -0.000100
-11.350000 -0.001523
-11.300000 -0.002632
-11.250000 -0.004037
-11.200000 -0.005107
-11.150000 -0.006443
-11.100000 -0.007420
-11.050000 -0.008635
-11.000000 -0.009469
-10.950000 -0.010513
-10.900000 -0.011156
-10.850000 -0.011986
-10.800000 -0.012398
-10.750000 -0.012976
-10.700000 -0.013127
-10.650000 -0.013430
-10.600000 -0.013300
-10.550000 -0.013316
-10.500000 -0.012902
-10.450000 -0.012634
-10.400000 -0.011947
-10.350000 -0.011413
-10.300000 -0.010474
-10.250000 -0.009701
-10.200000 -0.008545
-10.150000 -0.007571
-10.100000 -0.006237
-10.050000 -0.005104
-10.000000 -0.003638
-9.950000 -0.002394
-9.900000 -0.000844
-9.850000 0.000463
-9.800000 0.002048
-9.750000 0.003367
-9.700000 0.004935
-9.650000 0.006215
-9.600000 0.007715
-9.550000 0.008905
-9.500000 0.010287
-9.450000 0.011337
-9.400000 0.012553
-9.350000 0.013416
-9.300000 0.014420
-9.250000 0.015056
-9.200000 0.015812
-9.150000 0.016187
-9.100000 0.016666
-9.050000 0.016758
-9.000000 0.016945
-8.950000 0.016744
-8.900000 0.016634
-8.850000 0.016141
-8.800000 0.015743
-8.750000 0.014973
-8.700000 0.014303
-8.650000 0.013277
-8.600000 0.012362
-8.550000 0.011109
-8.500000 0.009979
-8.450000 0.008532
-8.400000 0.007223
-8.350000 0.005617
-8.300000 0.004168
-8.250000 0.002445
-8.200000 0.000897
-8.150000 -0.000898
-8.100000 -0.002498
-8.050000 -0.004317
-8.000000 -0.005917
-7.950000 -0.007708
-7.900000 -0.009256
-7.850000 -0.010964
-7.800000 -0.012406
-7.750000 -0.013979
-7.700000 -0.015262
-7.650000 -0.016650
-7.600000 -0.017729
-7.550000 -0.018888
-7.500000 -0.019725
-7.450000 -0.020622
-7.400000 -0.021187
-7.350000 -0.021799
-7.300000 -0.022073
-7.250000 -0.022385
-7.200000 -0.022359
-7.150000 -0.022368
-7.100000 -0.022041
-7.050000 -0.021748
-7.000000 -0.021126
-6.950000 -0.020540
-6.900000 -0.019634
-6.850000 -0.018769
-6.800000 -0.017595
-6.750000 -0.016468
-6.700000 -0.015047
-6.650000 -0.013683
-6.600000 -0.012042
-6.550000 -0.010470
-6.500000 -0.008642
-6.450000 -0.006901
-6.400000 -0.004926
-6.350000 -0.003058
-6.300000 -0.000983
-6.250000 0.000964
-6.200000 0.003089
-6.150000 0.005066
-6.100000 0.007192
-6.050000 0.009149
-6.000000 0.011230
-5.950000 0.013122
-5.900000 0.015115
-5.850000 0.016903
-5.800000 0.018772
-5.750000 0.020422
-5.700000 0.022135
-5.650000 0.023619
-5.600000 0.025149
-5.550000 0.026440
-5.500000 0.027763
-5.450000 0.028838
-5.400000 0.029932
-5.350000 0.030770
-5.300000 0.031614
-5.250000 0.032196
-5.200000 0.032771
-5.150000 0.033080
-5.100000 0.033373
-5.050000 0.033396
-5.000000 0.033397
-4.950000 0.033128
-4.900000 0.032834
-4.850000 0.032274
-4.800000 0.031688
-4.750000 0.030845
-4.700000 0.029979
-4.650000 0.028866
-4.600000 0.027736
-4.550000 0.026371
-4.500000 0.024996
-4.450000 0.023399
-4.400000 0.021799
-4.350000 0.019989
-4.300000 0.018184
-4.250000 0.016181
-4.200000 0.014189
-4.150000 0.012011
-4.100000 0.009850
-4.050000 0.007516
-4.000000 0.005205
-3.950000 0.002736
-3.900000 0.000299
-3.850000 -0.002281
-3.800000 -0.004818
-3.750000 -0.007480
-3.700000 -0.010085
-3.650000 -0.012797
-3.600000 -0.015438
-3.550000 -0.018166
-3.500000 -0.020810
-3.450000 -0.023521
-3.400000 -0.026136
-3.350000 -0.028801
-3.300000 -0.031359
-3.250000 -0.033952
-3.200000 -0.036429
-3.150000 -0.038929
-3.100000 -0.041306
-3.050000 -0.043695
-3.000000 -0.045955
-2.950000 -0.048217
-2.900000 -0.050346
-2.850000 -0.052467
-2.800000 -0.054450
-2.750000 -0.056413
-2.700000 -0.058234
-2.650000 -0.060024
-2.600000 -0.061667
-2.550000 -0.063268
-2.500000 -0.064717
-2.450000 -0.066115
-2.400000 -0.067357
-2.350000 -0.068541
-2.300000 -0.069568
-2.250000 -0.070531
-2.200000 -0.071341
-2.150000 -0.072085
-2.100000 -0.072680
-2.050000 -0.073212
-2.000000 -0.073602
-1.950000 -0.073931
-1.900000 -0.074129
-1.850000 -0.074269
-1.800000 -0.074285
-1.750000 -0.074248
-1.700000 -0.074095
-1.650000 -0.073889
-1.600000 -0.073575
-1.550000 -0.073210
-1.500000 -0.072743
-1.450000 -0.072225
-1.400000 -0.071611
-1.350000 -0.070948
-1.300000 -0.070197
-1.250000 -0.069400
-1.200000 -0.068525
-1.150000 -0.067608
-1.100000 -0.066624
-1.050000 -0.065606
-1.000000 -0.064533
-0.950000 -0.063434
-0.900000 -0.062294
-0.850000 -0.061136
-0.800000 -0.059949
-0.750000 -0.058751
-0.700000 -0.057536
-0.650000 -0.056315
-0.600000 -0.055088
-0.550000 -0.053858
-0.500000 -0.052629
-0.450000 -0.051399
-0.400000 -0.050177
-0.350000 -0.048956
-0.300000 -0.047748
-0.250000 -0.046541
-0.200000 -0.045355
-0.150000 -0.044172
-0.100000 -0.043018
-0.050000 -0.041873
0.000000 -0.040766
0.050000 -0.039674
0.100000 -0.038634
0.150000 -0.037616
0.200000 -0.036664
0.250000 -0.035742
0.300000 -0.034899
0.350000 -0.034096
0.400000 -0.033385
0.450000 -0.032721
0.500000 -0.032162
0.550000 -0.031657
0.600000 -0.031271
0.650000 -0.030947
0.700000 -0.030755
0.750000 -0.030638
0.800000 -0.030671
0.850000 -0.030792
0.900000 -0.031088
0.950000 -0.031494
1.000000 -0.032105
1.050000 -0.032856
1.100000 -0.033850
1.150000 -0.035023
1.200000 -0.036487
1.250000 -0.038177
1.300000 -0.040218
1.350000 -0.042545
1.400000 -0.045293
1.450000 -0.048398
1.500000 -0.052009
1.550000 -0.056064
1.600000 -0.060726
1.650000 -0.065939
1.700000 -0.071880
1.750000 -0.078500
1.800000 -0.085996
1.850000 -0.094329
1.900000 -0.103717
1.950000 -0.114135
2.000000 -0.125826
2.050000 -0.138779
2.100000 -0.153267
2.150000 -0.169298
2.200000 -0.187174
2.250000 -0.206925
2.300000 -0.228882
2.350000 -0.253096
2.400000 -0.279928
2.450000 -0.309446
2.500000 -0.342038
2.550000 -0.377783
2.600000 -0.417084
2.650000 -0.460021
2.700000 -0.506997
2.750000 -0.558073
2.800000 -0.613630
2.850000 -0.673678
2.900000 -0.738540
2.950000 -0.808134
3.000000 -0.882678
3.050000 -0.961945
3.100000 -1.045985
3.150000 -1.134363
3.200000 -1.226898
3.250000 -1.322879
3.300000 -1.421834
3.350000 -1.522728
3.400000 -1.624759
3.450000 -1.726553
3.500000 -1.826994
3.550000 -1.924415
3.600000 -2.017466
3.650000 -2.104310
3.700000 -2.183529
3.750000 -2.253316
3.800000 -2.312411
3.850000 -2.359280
3.900000 -2.393072
3.950000 -2.412758
4.000000 -2.418096
4.050000 -2.408721
4.100000 -2.385093
4.150000 -2.347534
4.200000 -2.297164
4.250000 -2.234885
4.300000 -2.162305
4.350000 -2.080692
4.400000 -1.991907
4.450000 -1.897335
4.500000 -1.798846
4.550000 -1.697718
4.600000 -1.595641
4.650000 -1.493635
4.700000 -1.393093
4.750000 -1.294703
4.800000 -1.199526
4.850000 -1.107914
4.900000 -1.020617
4.950000 -0.937689
5.000000 -0.859626
5.050000 -0.786249
5.100000 -0.717861
5.150000 -0.654117
5.200000 -0.595196
5.250000 -0.540643
5.300000 -0.490562
5.350000 -0.444439
5.400000 -0.402343
5.450000 -0.363731
5.500000 -0.328668
5.550000 -0.296606
5.600000 -0.267621
5.650000 -0.241171
5.700000 -0.217357
5.750000 -0.195653
5.800000 -0.176185
5.850000 -0.158447
5.900000 -0.142595
5.950000 -0.128141
6.000000 -0.115272
6.050000 -0.103517
6.100000 -0.093091
6.150000 -0.083541
6.200000 -0.075107
6.250000 -0.067351
6.300000 -0.060537
6.350000 -0.054239
6.400000 -0.048741
6.450000 -0.043628
6.500000 -0.039203
6.550000 -0.035055
6.600000 -0.031504
6.650000 -0.028145
6.700000 -0.025310
6.750000 -0.022595
6.800000 -0.020344
6.850000 -0.018154
6.900000 -0.016378
6.950000 -0.014611
7.000000 -0.013215
7.050000 -0.011784
7.100000 -0.010689
7.150000 -0.009522
7.200000 -0.008661
7.250000 -0.007696
7.300000 -0.007016
7.350000 -0.006208
7.400000 -0.005668
7.450000 -0.004982
7.500000 -0.004554
7.550000 -0.003967
7.600000 -0.003632
7.650000 -0.003131
7.700000 -0.002878
7.750000 -0.002452
7.800000 -0.002274
7.850000 -0.001916
7.900000 -0.001805
7.950000 -0.001507
8.000000 -0.001455
8.050000 -0.001208
8.100000 -0.001204
8.150000 -0.000996
8.200000 -0.001026
8.250000 -0.000843
8.300000 -0.000895
8.350000 -0.000724
8.400000 -0.000784
8.450000 -0.000615
8.500000 -0.000675
8.550000 -0.000501
8.600000 -0.000557
8.650000 -0.000377
8.700000 -0.000431
8.750000 -0.000248
8.800000 -0.000306
8.850000 -0.000128
8.900000 -0.000198
8.950000 -0.000033
9.000000 -0.000121
9.050000 0.000026
9.100000 -0.000084
9.150000 0.000043
9.200000 -0.000088
9.250000 0.000024
9.300000 -0.000122
9.350000 -0.000018
9.400000 -0.000170
9.450000 -0.000064
9.500000 -0.000211
9.550000 -0.000095
9.600000 -0.000230
9.650000 -0.000097
9.700000 -0.000218
9.750000 -0.000067
9.800000 -0.000175
9.850000 -0.000011
9.900000 -0.000111
9.950000 0.000058
10.000000 -0.000043
10.050000 0.000124
10.100000 0.000012
10.150000 0.000168
10.200000 0.000040
10.250000 0.000181
10.300000 0.000034
10.350000 0.000158
10.400000 -0.000005
10.450000 0.000108
10.500000 -0.000066
10.550000 0.000044
10.600000 -0.000132
10.650000 -0.000017
10.700000 -0.000184
10.750000 -0.000054
10.800000 -0.000208
10.850000 -0.000058
10.900000 -0.000194
10.950000 -0.000025
11.000000 -0.000147
11.050000 0.000035
11.100000 -0.000079
11.150000 0.000108
11.200000 -0.000010
11.250000 0.000171
11.300000 0.000041
11.350000 0.000208
11.400000 0.000058
11.450000 0.000207
11.500000 0.000037
11.550000 0.000170
11.600000 -0.000017
11.650000 0.000107
11.700000 -0.000088
11.750000 0.000036
11.800000 -0.000157
11.850000 -0.000024
11.900000 -0.000205
11.950000 -0.000055
12.000000 -0.000220
12.050000 -0.000050
12.100000 -0.000197
12.150000 -0.000009
12.200000 -0.000143
12.250000 0.000057
12.300000 -0.000072
12.350000 0.000131
12.400000 -0.000004
12.450000 0.000193
12.500000 0.000045
12.550000 0.000227
12.600000 0.000059
12.650000 0.000222
12.700000 0.000033
12.750000 0.000181
12.800000 -0.000025
12.850000 0.000112
12.900000 -0.000102
12.950000 0.000035
13.000000 -0.000176
13.050000 -0.000029
13.100000 -0.000228
13.150000 -0.000061
13.200000 -0.000242
13.250000 -0.000053
13.300000 -0.000214
13.350000 -0.000005
13.400000 -0.000152
13.450000 0.000069
13.500000 -0.000073
13.550000 0.000151
13.600000 0.000002
13.650000 0.000216
13.700000 0.000051
13.750000 0.000249
13.800000 0.000062
13.850000 0.000239
13.900000 0.000031
13.950000 0.000192
14.000000 -0.000033
14.050000 0.000118
14.100000 -0.000114
14.150000 0.000038
14.200000 -0.000190
14.250000 -0.000027
14.300000 -0.000243
14.350000 -0.000061
14.400000 -0.000258
14.450000 -0.000054
14.500000 -0.000231
14.550000 -0.000007
14.600000 -0.000170
14.650000 0.000069
14.700000 -0.000088
14.750000 0.000154
14.800000 -0.000008
14.850000 0.000226
14.900000 0.000049
14.950000 0.000267
15.000000 0.000068
15.050000 0.000265
15.100000 0.000042
15.150000 0.000219
15.200000 -0.000023
15.250000 0.000142
15.300000 -0.000111
15.350000 0.000052
15.400000 -0.000198
15.450000 -0.000024
15.500000 -0.000261
15.550000 -0.000067
15.600000 -0.000284
15.650000 -0.000065
15.700000 -0.000259
15.750000 -0.000018
15.800000 -0.000195
15.850000 0.000062
15.900000 -0.000108
15.950000 0.000154
16.000000 -0.000021
16.050000 0.000234
16.100000 0.000045
16.150000 0.000283
16.200000 0.000071
16.250000 0.000288
16.300000 0.000052
16.350000 0.000248
16.400000 -0.000009
16.450000 0.000173
16.500000 -0.000096
16.550000 0.000082
16.600000 -0.000188
16.650000 -0.000003
16.700000 -0.000263
16.750000 -0.000060
16.800000 -0.000302
16.850000 -0.000074
16.900000 -0.000293
16.950000 -0.000041
17.000000 -0.000239
17.050000 0.000033
17.100000 -0.000152
17.150000 0.000130
17.200000 -0.000054
17.250000 0.000226
17.300000 0.000030
17.350000 0.000295
17.400000 0.000077
17.450000 0.000319
17.500000 0.000075
17.550000 0.000293
17.600000 0.000023
17.650000 0.000221
17.700000 -0.000066
17.750000 0.000124
17.800000 -0.000169
17.850000 0.000025
17.900000 -0.000260
17.950000 -0.000050
18.000000 -0.000317
18.050000 -0.000083
18.100000 -0.000326
18.150000 -0.000064
18.200000 -0.000284
18.250000 0.000000
18.300000 -0.000204
18.350000 0.000095
18.400000 -0.000103
18.450000 0.000198
18.500000 -0.000006
18.550000 0.000285
18.600000 0.000062
18.650000 0.000334
18.700000 0.000086
18.750000 0.000333
18.800000 0.000059
18.850000 0.000283
18.900000 -0.000015
18.950000 0.000193
19.000000 -0.000118
19.050000 0.000085
19.100000 -0.000226
19.150000 -0.000014
19.200000 -0.000313
19.250000 -0.000079
19.300000 -0.000356
19.350000 -0.000094
19.400000 -0.000343
19.450000 -0.000053
19.500000 -0.000278
19.550000 0.000034
19.600000 -0.000177
19.650000 0.000147
19.700000 -0.000063
19.750000 0.000257
19.800000 0.000035
19.850000 0.000338
19.900000 0.000091
19.950000 0.000370
20.000000 0.000093
20.050000 0.000345
20.100000 0.000040
20.150000 0.000270
20.200000 -0.000055
20.250000 0.000163
20.300000 -0.000169
20.350000 0.000050
20.400000 -0.000278
20.450000 -0.000044
20.500000 -0.000354
20.550000 -0.000096
20.600000 -0.000381
20.650000 -0.000094
20.700000 -0.000352
20.750000 -0.000036
20.800000 -0.000272
20.850000 0.000063
20.900000 -0.000160
20.950000 0.000183
21.000000 -0.000041
21.050000 0.000296
21.100000 0.000056
21.150000 0.000375
21.200000 0.000109
21.250000 0.000400
21.300000 0.000102
21.350000 0.000364
21.400000 0.000036
21.450000 0.000275
21.500000 -0.000073
21.550000 0.000154
21.600000 -0.000202
21.650000 0.000028
21.700000 -0.000318
21.750000 -0.000070
21.800000 -0.000395
21.850000 -0.000118
21.900000 -0.000414
21.950000 -0.000104
22.000000 -0.000371
22.050000 -0.000032
22.100000 -0.000276
22.150000 0.000083
22.200000 -0.000151
22.250000 0.000213
22.300000 -0.000025
22.350000 0.000329
22.400000 0.000073
22.450000 0.000406
22.500000 0.000121
22.550000 0.000425
22.600000 0.000108
22.650000 0.000384
22.700000 0.000037
22.750000 0.000289
22.800000 -0.000078
22.850000 0.000162
22.900000 -0.000212
22.950000 0.000030
23.000000 -0.000336
23.050000 -0.000076
23.100000 -0.000421
23.150000 -0.000132
23.200000 -0.000447
23.250000 -0.000124
23.300000 -0.000406
23.350000 -0.000051
23.400000 -0.000307
23.450000 0.000071
23.500000 -0.000172
23.550000 0.000215
23.600000 -0.000031
23.650000 0.000347
23.700000 0.000083
23.750000 0.000437
23.800000 0.000143
23.850000 0.000465
23.900000 0.000135
23.950000 0.000424
24.000000 0.000060
24.050000 0.000323
24.100000 -0.000063
24.150000 0.000186
24.200000 -0.000209
24.250000 0.000042
24.300000 -0.000345
24.350000 -0.000076
24.400000 -0.000441
24.450000 -0.000143
24.500000 -0.000478
24.550000 -0.000145
24.600000 -0.000446
24.650000 -0.000080
24.700000 -0.000353
24.750000 0.000039
24.800000 -0.000217
24.850000 0.000187
24.900000 -0.000067
24.950000 0.000333
25.000000 0.000065
25.050000 0.000445
25.100000 0.000149
25.150000 0.000498
25.200000 0.000166
25.250000 0.000480
25.300000 0.000110
25.350000 0.000392
25.400000 -0.000008
25.450000 0.000252
25.500000 -0.000163
25.550000 0.000091
25.600000 -0.000322
25.650000 -0.000054
25.700000 -0.000449
25.750000 -0.000153
25.800000 -0.000515
25.850000 -0.000182
25.900000 -0.000507
25.950000 -0.000135
26.000000 -0.000426
26.050000 -0.000022
26.100000 -0.000290
26.150000 0.000132
26.200000 -0.000127
26.250000 0.000296
26.300000 0.000027
26.350000 0.000434
26.400000 0.000140
26.450000 0.000518
26.500000 0.000189
26.550000 0.000531
26.600000 0.000163
26.650000 0.000470
26.700000 0.000067
26.750000 0.000346
26.800000 -0.000080
26.850000 0.000184
26.900000 -0.000250
26.950000 0.000016
27.000000 -0.000408
27.050000 -0.000121
27.100000 -0.000520
27.150000 -0.000200
27.200000 -0.000562
27.250000 -0.000201
27.300000 -0.000523
27.350000 -0.000121
27.400000 -0.000410
27.450000 0.000022
27.500000 -0.000245
27.550000 0.000201
27.600000 -0.000063
27.650000 0.000378
27.700000 0.000097
27.750000 0.000514
27.800000 0.000200
27.850000 0.000581
27.900000 0.000225
27.950000 0.000565
28.000000 0.000167
28.050000 0.000469
28.100000 0.000037
28.150000 0.000314
28.200000 -0.000137
28.250000 0.000130
28.300000 -0.000322
28.350000 -0.000044
28.400000 -0.000479
28.450000 -0.000175
28.500000 -0.000578
28.550000 -0.000236
28.600000 -0.000599
28.650000 -0.000214
28.700000 -0.000537
28.750000 -0.000113
28.800000 -0.000403
28.850000 0.000049
28.900000 -0.000223
28.950000 0.000241
29.000000 -0.000030
29.050000 0.000426
29.100000 0.000135
29.150000 0.000566
29.200000 0.000240
29.250000 0.000631
29.300000 0.000261
29.350000 0.000607
29.400000 0.000192
29.450000 0.000497
29.500000 0.000045
29.550000 0.000322
29.600000 -0.000151
29.650000 0.000117
29.700000 -0.000357
29.750000 -0.000077
29.800000 -0.000530
29.850000 -0.000219
29.900000 -0.000635
29.950000 -0.000281
30.000000 -0.000653
30.050000 -0.000252
30.100000 -0.000579
30.150000 -0.000136
30.200000 -0.000429
30.250000 0.000043
30.300000 -0.000231
30.350000 0.000251
30.400000 -0.000024
30.450000 0.000450
30.500000 0.000155
30.550000 0.000601
30.600000 0.000270
30.650000 0.000676
30.700000 0.000299
30.750000 0.000659
30.800000 0.000234
30.850000 0.000551
30.900000 0.000087
30.950000 0.000373
31.000000 -0.000116
31.050000 0.000155
31.100000 -0.000339
31.150000 -0.000060
31.200000 -0.000538
31.250000 -0.000231
31.300000 -0.000674
31.350000 -0.000323
31.400000 -0.000718
31.450000 -0.000316
31.500000 -0.000661
31.550000 -0.000211
31.600000 -0.000513
31.650000 -0.000026
31.700000 -0.000302
31.750000 0.000203
31.800000 -0.000068
31.850000 0.000432
31.900000 0.000144
31.950000 0.000618
32.000000 0.000293
32.050000 0.000724
32.100000 0.000351
32.150000 0.000733
32.200000 0.000309
32.250000 0.000643
32.300000 0.000173
32.350000 0.000470
32.400000 -0.000031
32.450000 0.000244
32.500000 -0.000269
32.550000 0.000007
32.600000 -0.000497
32.650000 -0.000200
32.700000 -0.000674
32.750000 -0.000338
32.800000 -0.000767
32.850000 -0.000380
32.900000 -0.000758
32.950000 -0.000317
33.000000 -0.000644
33.050000 -0.000157
33.100000 -0.000446
33.150000 0.000072
33.200000 -0.000198
33.250000 0.000329
33.300000 0.000055
33.350000 0.000567
33.400000 0.000265
33.450000 0.000740
33.500000 0.000392
33.550000 0.000816
33.600000 0.000411
33.650000 0.000779
33.700000 0.000319
33.750000 0.000636
33.800000 0.000131
33.850000 0.000414
33.900000 -0.000118
33.950000 0.000151
34.000000 -0.000383
34.050000 -0.000103
34.100000 -0.000617
34.150000 -0.000306
34.200000 -0.000781
34.250000 -0.000422
34.300000 -0.000844
34.350000 -0.000429
34.400000 -0.000797
34.450000 -0.000327
34.500000 -0.000645
34.550000 -0.000130
34.600000 -0.000413
34.650000 0.000128
34.700000 -0.000140
34.750000 0.000405
34.800000 0.000128
34.850000 0.000653
34.900000 0.000343
34.950000 0.000827
35.000000 0.000466
35.050000 0.000894
35.100000 0.000473
35.150000 0.000841
35.200000 0.000360
35.250000 0.000674
35.300000 0.000145
35.350000 0.000421
35.400000 -0.000135
35.450000 0.000127
35.500000 -0.000431
35.550000 -0.000156
35.600000 -0.000691
35.650000 -0.000379
35.700000 -0.000868
35.750000 -0.000503
35.800000 -0.000933
35.850000 -0.000506
35.900000 -0.000875
35.950000 -0.000387
36.000000 -0.000703
36.050000 -0.000168
36.100000 -0.000446
36.150000 0.000117
36.200000 -0.000147
36.250000 0.000419
36.300000 0.000146
36.350000 0.000691
36.400000 0.000384
36.450000 0.000887
36.500000 0.000528
36.550000 0.000974
36.600000 0.000553
36.650000 0.000936
36.700000 0.000451
36.750000 0.000774
36.800000 0.000235
36.850000 0.000514
36.900000 -0.000060
36.950000 0.000197
37.000000 -0.000387
37.050000 -0.000124
37.100000 -0.000690
37.150000 -0.000394
37.200000 -0.000917
37.250000 -0.000567
37.300000 -0.001029
37.350000 -0.000612
37.400000 -0.001005
37.450000 -0.000520
37.500000 -0.000849
37.550000 -0.000306
37.600000 -0.000587
37.650000 -0.000005
37.700000 -0.000262
37.750000 0.000333
37.800000 0.000074
37.850000 0.000654
37.900000 0.000367
37.950000 0.000908
38.000000 0.000570
38.050000 0.001053
38.100000 0.000650
38.150000 0.001066
38.200000 0.000595
38.250000 0.000946
38.300000 0.000412
38.350000 0.000707
38.400000 0.000126
38.450000 0.000386
38.500000 -0.000220
38.550000 0.000030
38.600000 -0.000572
38.650000 -0.000304
38.700000 -0.000875
38.750000 -0.000563
38.800000 -0.001079
38.850000 -0.000702
38.900000 -0.001149
38.950000 -0.000697
39.000000 -0.001070
39.050000 -0.000545
39.100000 -0.000853
39.150000 -0.000270
39.200000 -0.000531
39.250000 0.000086
39.300000 -0.000155
39.350000 0.000467
39.400000 0.000214
39.450000 0.000812
39.500000 0.000519
39.550000 0.001067
39.600000 0.000713
39.650000 0.001193
39.700000 0.000766
39.750000 0.001171
39.800000 0.000669
39.850000 0.001004
39.900000 0.000438
39.950000 0.000717
40.000000 0.000104
40.050000 0.000351
40.100000 -0.000282
40.150000 -0.000041
40.200000 -0.000666
40.250000 -0.000402
40.300000 -0.000991
40.350000 -0.000676
40.400000 -0.001205
40.450000 -0.000821
40.500000 -0.001276
40.550000 -0.000812
40.600000 -0.001188
40.650000 -0.000646
40.700000 -0.000951
40.750000 -0.000345
40.800000 -0.000597
40.850000 0.000048
40.900000 -0.000181
40.950000 0.000473
41.000000 0.000237
41.050000 0.000867
41.100000 0.000590
41.150000 0.001168
41.200000 0.000826
41.250000 0.001331
41.300000 0.000909
41.350000 0.001331
41.400000 0.000825
41.450000 0.001169
41.500000 0.000589
41.550000 0.000868
41.600000 0.000233
41.650000 0.000471
41.700000 -0.000192
41.750000 0.000034
41.800000 -0.000626
41.850000 -0.000382
41.900000 -0.001010
41.950000 -0.000719
42.000000 -0.001289
42.050000 -0.000928
42.100000 -0.001421
42.150000 -0.000977
42.200000 -0.001386
42.250000 -0.000856
42.300000 -0.001183
42.350000 -0.000577
42.400000 -0.000839
42.450000 -0.000178
42.500000 -0.000398
42.550000 0.000288
42.600000 0.000076
42.650000 0.000754
42.700000 0.000515
42.750000 0.001152
42.800000 0.000855
42.850000 0.001423
42.900000 0.001046
42.950000 0.001527
43.000000 0.001058
43.050000 0.001448
43.100000 0.000890
43.150000 0.001197
43.200000 0.000565
43.250000 0.000810
43.300000 0.000128
43.350000 0.000340
43.400000 -0.000360
43.450000 -0.000149
43.500000 -0.000834
43.550000 -0.000590
43.600000 -0.001229
43.650000 -0.000924
43.700000 -0.001491
43.750000 -0.001104
43.800000 -0.001582
43.850000 -0.001101
43.900000 -0.001485
43.950000 -0.000911
44.000000 -0.001207
44.050000 -0.000550
44.100000 -0.000776
44.150000 -0.000062
44.200000 -0.000245
44.250000 0.000495
44.300000 0.000318
44.350000 0.001047
44.400000 0.000839
44.450000 0.001520
44.500000 0.001245
44.550000 0.001844
44.600000 0.001473
44.650000 0.001966
44.700000 0.001479
44.750000 0.001850
44.800000 0.001237
44.850000 0.001482
44.900000 0.000743
44.950000 0.000863
