-30.000000 -0.000243
-29.950000 -0.000180
-29.900000 -0.000362
-29.850000 -0.000239
-29.800000 -0.000365
-29.750000 -0.000193
-29.700000 -0.000275
-29.650000 -0.000067
-29.600000 -0.000124
-29.550000 0.000098
-29.500000 0.000045
-29.450000 0.000261
-29.400000 0.000190
-29.350000 0.000380
-29.300000 0.000276
-29.250000 0.000427
-29.200000 0.000280
-29.150000 0.000388
-29.100000 0.000201
-29.050000 0.000273
-29.000000 0.000056
-28.950000 0.000106
-28.900000 -0.000123
-28.850000 -0.000074
-28.800000 -0.000294
-28.750000 -0.000226
-28.700000 -0.000418
-28.650000 -0.000315
-28.600000 -0.000466
-28.550000 -0.000319
-28.500000 -0.000425
-28.450000 -0.000235
-28.400000 -0.000303
-28.350000 -0.000080
-28.300000 -0.000124
-28.250000 0.000112
-28.200000 0.000071
-28.150000 0.000299
-28.100000 0.000239
-28.050000 0.000439
-28.000000 0.000342
-27.950000 0.000499
-27.900000 0.000356
-27.850000 0.000466
-27.800000 0.000276
-27.750000 0.000343
-27.700000 0.000118
-27.650000 0.000158
-27.600000 -0.000085
-27.550000 -0.000052
-27.500000 -0.000289
-27.450000 -0.000240
-27.400000 -0.000450
-27.350000 -0.000365
-27.300000 -0.000532
-27.250000 -0.000399
-27.200000 -0.000516
-27.150000 -0.000333
-27.100000 -0.000402
-27.050000 -0.000178
-27.000000 -0.000214
-26.950000 0.000034
-26.900000 0.000010
-26.850000 0.000258
-26.800000 0.000223
-26.750000 0.000447
-26.700000 0.000378
-26.650000 0.000560
-26.600000 0.000443
-26.550000 0.000572
-26.500000 0.000401
-26.450000 0.000477
-26.400000 0.000259
-26.350000 0.000295
-26.300000 0.000045
-26.250000 0.000061
-26.200000 -0.000197
-26.150000 -0.000178
-26.100000 -0.000419
-26.050000 -0.000371
-26.000000 -0.000573
-25.950000 -0.000479
-25.900000 -0.000627
-25.850000 -0.000476
-25.800000 -0.000567
-25.750000 -0.000361
-25.700000 -0.000403
-25.650000 -0.000156
-25.600000 -0.000166
-25.550000 0.000100
-25.500000 0.000096
-25.450000 0.000355
-25.400000 0.000332
-25.350000 0.000559
-25.300000 0.000493
-25.250000 0.000668
-25.200000 0.000545
-25.150000 0.000660
-25.100000 0.000477
-25.050000 0.000533
-25.000000 0.000298
-24.950000 0.000310
-24.900000 0.000042
-24.850000 0.000034
-24.800000 -0.000241
-24.750000 -0.000243
-24.700000 -0.000497
-24.650000 -0.000467
-24.600000 -0.000676
-24.550000 -0.000591
-24.500000 -0.000739
-24.450000 -0.000590
-24.400000 -0.000673
-24.350000 -0.000462
-24.300000 -0.000487
-24.250000 -0.000229
-24.200000 -0.000216
-24.150000 0.000067
-24.100000 0.000091
-24.050000 0.000370
-24.000000 0.000376
-23.950000 0.000622
-23.900000 0.000584
-23.850000 0.000775
-23.800000 0.000674
-23.750000 0.000798
-23.700000 0.000627
-23.650000 0.000682
-23.600000 0.000449
-23.550000 0.000448
-23.500000 0.000170
-23.450000 0.000136
-23.400000 -0.000160
-23.350000 -0.000197
-23.300000 -0.000481
-23.250000 -0.000491
-23.200000 -0.000732
-23.150000 -0.000689
-23.100000 -0.000867
-23.050000 -0.000754
-23.000000 -0.000858
-22.950000 -0.000672
-22.900000 -0.000704
-22.850000 -0.000453
-22.800000 -0.000429
-22.750000 -0.000136
-22.700000 -0.000082
-22.650000 0.000226
-22.600000 0.000279
-22.550000 0.000568
-22.500000 0.000587
-22.450000 0.000828
-22.400000 0.000788
-22.350000 0.000959
-22.300000 0.000843
-22.250000 0.000934
-22.200000 0.000739
-22.150000 0.000754
-22.100000 0.000491
-22.050000 0.000448
-22.000000 0.000140
-21.950000 0.000066
-21.900000 -0.000255
-21.850000 -0.000326
-21.800000 -0.000626
-21.750000 -0.000662
-21.700000 -0.000910
-21.650000 -0.000882
-21.600000 -0.001055
-21.550000 -0.000946
-21.500000 -0.001034
-21.450000 -0.000840
-21.400000 -0.000846
-21.350000 -0.000578
-21.300000 -0.000520
-21.250000 -0.000202
-21.200000 -0.000107
-21.150000 0.000229
-21.100000 0.000325
-21.050000 0.000643
-21.000000 0.000705
-20.950000 0.000970
-20.900000 0.000967
-20.850000 0.001155
-20.800000 0.001066
-20.750000 0.001163
-20.700000 0.000982
-20.650000 0.000989
-20.600000 0.000726
-20.550000 0.000659
-20.500000 0.000336
-20.450000 0.000222
-20.400000 -0.000129
-20.350000 -0.000253
-20.300000 -0.000595
-20.250000 -0.000692
-20.200000 -0.000988
-20.150000 -0.001023
-20.100000 -0.001242
-20.050000 -0.001190
-20.000000 -0.001314
-19.950000 -0.001164
-19.900000 -0.001188
-19.850000 -0.000944
-19.800000 -0.000880
-19.750000 -0.000561
-19.700000 -0.000435
-19.650000 -0.000072
-19.600000 0.000081
-19.550000 0.000451
-19.500000 0.000591
-19.450000 0.000926
-19.400000 0.001015
-19.350000 0.001281
-19.300000 0.001287
-19.250000 0.001457
-19.200000 0.001361
-19.150000 0.001425
-19.100000 0.001223
-19.050000 0.001184
-19.000000 0.000888
-18.950000 0.000765
-18.900000 0.000402
-18.850000 0.000228
-18.800000 -0.000166
-18.750000 -0.000351
-18.700000 -0.000732
-18.650000 -0.000885
-18.600000 -0.001214
-18.550000 -0.001297
-18.500000 -0.001537
-18.450000 -0.001522
-18.400000 -0.001653
-18.350000 -0.001524
-18.300000 -0.001539
-18.250000 -0.001297
-18.200000 -0.001206
-18.150000 -0.000870
-18.100000 -0.000698
-18.050000 -0.000299
-18.000000 -0.000082
-17.950000 0.000339
-17.900000 0.000557
-17.850000 0.000954
-17.800000 0.001128
-17.750000 0.001458
-17.700000 0.001549
-17.650000 0.001779
-17.600000 0.001759
-17.550000 0.001868
-17.500000 0.001723
-17.450000 0.001707
-17.400000 0.001442
-17.350000 0.001312
-17.300000 0.000948
-17.250000 0.000734
-17.200000 0.000305
-17.150000 0.000044
-17.100000 -0.000406
-17.050000 -0.000665
-17.000000 -0.001089
-16.950000 -0.001299
-16.900000 -0.001652
-16.850000 -0.001773
-16.800000 -0.002017
-16.750000 -0.002017
-16.700000 -0.002130
-16.650000 -0.001996
-16.600000 -0.001972
-16.550000 -0.001706
-16.500000 -0.001556
-16.450000 -0.001179
-16.400000 -0.000932
-16.350000 -0.000477
-16.300000 -0.000174
-16.250000 0.000312
-16.200000 0.000623
-16.150000 0.001090
-16.100000 0.001359
-16.050000 0.001758
-16.000000 0.001939
-15.950000 0.002229
-15.900000 0.002286
-15.850000 0.002439
-15.800000 0.002353
-15.750000 0.002356
-15.700000 0.002122
-15.650000 0.001982
-15.600000 0.001617
-15.550000 0.001358
-15.500000 0.000893
-15.450000 0.000553
-15.400000 0.000033
-15.350000 -0.000339
-15.300000 -0.000862
-15.250000 -0.001211
-15.200000 -0.001685
-15.150000 -0.001960
-15.100000 -0.002335
-15.050000 -0.002494
-15.000000 -0.002733
-14.950000 -0.002744
-14.900000 -0.002825
-14.850000 -0.002674
-14.800000 -0.002592
-14.750000 -0.002285
-14.700000 -0.002054
-14.650000 -0.001614
-14.600000 -0.001265
-14.550000 -0.000731
-14.500000 -0.000311
-14.450000 0.000267
-14.400000 0.000705
-14.350000 0.001270
-14.300000 0.001668
-14.250000 0.002164
-14.200000 0.002469
-14.150000 0.002847
-14.100000 0.003016
-14.050000 0.003239
-14.000000 0.003242
-13.950000 0.003290
-13.900000 0.003116
-13.850000 0.002986
-13.800000 0.002642
-13.750000 0.002351
-13.700000 0.001863
-13.650000 0.001445
-13.600000 0.000854
-13.550000 0.000357
-13.500000 -0.000282
-13.450000 -0.000800
-13.400000 -0.001428
-13.350000 -0.001906
-13.300000 -0.002463
-13.250000 -0.002844
-13.200000 -0.003278
-13.150000 -0.003514
-13.100000 -0.003782
-13.050000 -0.003840
-13.000000 -0.003917
-12.950000 -0.003780
-12.900000 -0.003660
-12.850000 -0.003332
-12.800000 -0.003027
-12.750000 -0.002529
-12.700000 -0.002072
-12.650000 -0.001445
-12.600000 -0.000881
-12.550000 -0.000178
-12.500000 0.000433
-12.450000 0.001151
-12.400000 0.001746
-12.350000 0.002414
-12.300000 0.002930
-12.250000 0.003487
-12.200000 0.003868
-12.150000 0.004265
-12.100000 0.004466
-12.050000 0.004665
-12.000000 0.004660
-11.950000 0.004643
-11.900000 0.004421
-11.850000 0.004189
-11.800000 0.003761
-11.750000 0.003333
-11.700000 0.002729
-11.650000 0.002144
-11.600000 0.001410
-11.550000 0.000721
-11.500000 -0.000085
-11.450000 -0.000815
-11.400000 -0.001626
-11.350000 -0.002329
-11.300000 -0.003077
-11.250000 -0.003687
-11.200000 -0.004309
-11.150000 -0.004765
-11.100000 -0.005208
-11.050000 -0.005465
-11.000000 -0.005688
-10.950000 -0.005716
-10.900000 -0.005700
-10.850000 -0.005486
-10.800000 -0.005228
-10.750000 -0.004782
-10.700000 -0.004302
-10.650000 -0.003651
-10.600000 -0.002984
-10.550000 -0.002174
-10.500000 -0.001375
-10.450000 -0.000465
-10.400000 0.000403
-10.350000 0.001345
-10.300000 0.002210
-10.250000 0.003112
-10.200000 0.003903
-10.150000 0.004695
-10.100000 0.005347
-10.050000 0.005967
-10.000000 0.006422
-9.950000 0.006821
-9.900000 0.007038
-9.850000 0.007183
-9.800000 0.007137
-9.750000 0.007011
-9.700000 0.006696
-9.650000 0.006305
-9.600000 0.005736
-9.550000 0.005101
-9.500000 0.004311
-9.450000 0.003477
-9.400000 0.002515
-9.350000 0.001537
-9.300000 0.000466
-9.250000 -0.000586
-9.200000 -0.001693
-9.150000 -0.002747
-9.100000 -0.003815
-9.050000 -0.004795
-9.000000 -0.005750
-8.950000 -0.006585
-8.900000 -0.007361
-8.850000 -0.007988
-8.800000 -0.008528
-8.750000 -0.008898
-8.700000 -0.009161
-8.650000 -0.009241
-8.600000 -0.009203
-8.550000 -0.008980
-8.500000 -0.008636
-8.450000 -0.008114
-8.400000 -0.007480
-8.350000 -0.006685
-8.300000 -0.005795
-8.250000 -0.004769
-8.200000 -0.003674
-8.150000 -0.002476
-8.100000 -0.001240
-8.050000 0.000062
-8.000000 0.001367
-7.950000 0.002698
-7.900000 0.003994
-7.850000 0.005275
-7.800000 0.006486
-7.750000 0.007641
-7.700000 0.008692
-7.650000 0.009653
-7.600000 0.010479
-7.550000 0.011184
-7.500000 0.011732
-7.450000 0.012136
-7.400000 0.012368
-7.350000 0.012441
-7.300000 0.012336
-7.250000 0.012065
-7.200000 0.011619
-7.150000 0.011012
-7.100000 0.010239
-7.050000 0.009318
-7.000000 0.008251
-6.950000 0.007054
-6.900000 0.005739
-6.850000 0.004321
-6.800000 0.002818
-6.750000 0.001244
-6.700000 -0.000377
-6.650000 -0.002034
-6.600000 -0.003696
-6.550000 -0.005355
-6.500000 -0.006978
-6.450000 -0.008560
-6.400000 -0.010064
-6.350000 -0.011491
-6.300000 -0.012801
-6.250000 -0.014002
-6.200000 -0.015053
-6.150000 -0.015967
-6.100000 -0.016703
-6.050000 -0.017282
-6.000000 -0.017661
-5.950000 -0.017870
-5.900000 -0.017866
-5.850000 -0.017687
-5.800000 -0.017289
-5.750000 -0.016718
-5.700000 -0.015932
-5.650000 -0.014984
-5.600000 -0.013832
-5.550000 -0.012537
-5.500000 -0.011057
-5.450000 -0.009459
-5.400000 -0.007700
-5.350000 -0.005855
-5.300000 -0.003878
-5.250000 -0.001850
-5.200000 0.000276
-5.150000 0.002416
-5.100000 0.004619
-5.050000 0.006796
-5.000000 0.009001
-4.950000 0.011141
-4.900000 0.013273
-4.850000 0.015301
-4.800000 0.017288
-4.750000 0.019134
-4.700000 0.020909
-4.650000 0.022510
-4.600000 0.024012
-4.550000 0.025313
-4.500000 0.026491
-4.450000 0.027444
-4.400000 0.028257
-4.350000 0.028826
-4.300000 0.029243
-4.250000 0.029402
-4.200000 0.029402
-4.150000 0.029135
-4.100000 0.028706
-4.050000 0.028008
-4.000000 0.027151
-3.950000 0.026025
-3.900000 0.024748
-3.850000 0.023208
-3.800000 0.021530
-3.750000 0.019599
-3.700000 0.017546
-3.650000 0.015256
-3.600000 0.012863
-3.550000 0.010250
-3.500000 0.007558
-3.450000 0.004667
-3.400000 0.001721
-3.350000 -0.001402
-3.300000 -0.004553
-3.250000 -0.007857
-3.200000 -0.011161
-3.150000 -0.014593
-3.100000 -0.017995
-3.050000 -0.021500
-3.000000 -0.024947
-2.950000 -0.028471
-2.900000 -0.031908
-2.850000 -0.035397
-2.800000 -0.038772
-2.750000 -0.042176
-2.700000 -0.045439
-2.650000 -0.048711
-2.600000 -0.051818
-2.550000 -0.054916
-2.500000 -0.057828
-2.450000 -0.060713
-2.400000 -0.063396
-2.350000 -0.066039
-2.300000 -0.068463
-2.250000 -0.070837
-2.200000 -0.072982
-2.150000 -0.075070
-2.100000 -0.076919
-2.050000 -0.078710
-2.000000 -0.080258
-1.950000 -0.081748
-1.900000 -0.082995
-1.850000 -0.084190
-1.800000 -0.085145
-1.750000 -0.086057
-1.700000 -0.086737
-1.650000 -0.087386
-1.600000 -0.087814
-1.550000 -0.088228
-1.500000 -0.088434
-1.450000 -0.088646
-1.400000 -0.088669
-1.350000 -0.088721
-1.300000 -0.088606
-1.250000 -0.088547
-1.200000 -0.088348
-1.150000 -0.088236
-1.100000 -0.088015
-1.050000 -0.087919
-1.000000 -0.087748
-0.950000 -0.087744
-0.900000 -0.087705
-0.850000 -0.087880
-0.800000 -0.088068
-0.750000 -0.088523
-0.700000 -0.089046
-0.650000 -0.089898
-0.600000 -0.090883
-0.550000 -0.092270
-0.500000 -0.093866
-0.450000 -0.095950
-0.400000 -0.098332
-0.350000 -0.101305
-0.300000 -0.104684
-0.250000 -0.108774
-0.200000 -0.113399
-0.150000 -0.118878
-0.100000 -0.125045
-0.050000 -0.132238
0.000000 -0.140302
0.050000 -0.149596
0.100000 -0.159979
0.150000 -0.171832
0.200000 -0.185034
0.250000 -0.199991
0.300000 -0.216601
0.350000 -0.235295
0.400000 -0.255994
0.450000 -0.279157
0.500000 -0.304724
0.550000 -0.333179
0.600000 -0.364478
0.650000 -0.399125
0.700000 -0.437085
0.750000 -0.478870
0.800000 -0.524438
0.850000 -0.574290
0.900000 -0.628355
0.950000 -0.687094
1.000000 -0.750369
1.050000 -0.818561
1.100000 -0.891422
1.150000 -0.969195
1.200000 -1.051461
1.250000 -1.138269
1.300000 -1.228962
1.350000 -1.323329
1.400000 -1.420420
1.450000 -1.519714
1.500000 -1.619933
1.550000 -1.720232
1.600000 -1.819017
1.650000 -1.915165
1.700000 -2.006845
1.750000 -2.092774
1.800000 -2.171043
1.850000 -2.240400
1.900000 -2.299077
1.950000 -2.346092
2.000000 -2.380058
2.050000 -2.400487
2.100000 -2.406573
2.150000 -2.398477
2.200000 -2.376067
2.250000 -2.340184
2.300000 -2.291337
2.350000 -2.230942
2.400000 -2.159989
2.450000 -2.080271
2.500000 -1.993028
2.550000 -1.900189
2.600000 -1.803009
2.650000 -1.703335
2.700000 -1.602248
2.750000 -1.501360
2.800000 -1.401461
2.850000 -1.303851
2.900000 -1.208992
2.950000 -1.117860
3.000000 -1.030604
3.050000 -0.947917
3.100000 -0.869684
3.150000 -0.796370
3.200000 -0.727663
3.250000 -0.663865
3.300000 -0.604528
3.350000 -0.549849
3.400000 -0.499294
3.450000 -0.453004
3.500000 -0.410401
3.550000 -0.371603
3.600000 -0.336017
3.650000 -0.303761
3.700000 -0.274245
3.750000 -0.247601
3.800000 -0.223257
3.850000 -0.201368
3.900000 -0.181379
3.950000 -0.163472
4.000000 -0.147117
4.050000 -0.132521
4.100000 -0.119176
4.150000 -0.107315
4.200000 -0.096448
4.250000 -0.086834
4.300000 -0.077998
4.350000 -0.070221
4.400000 -0.063043
4.450000 -0.056763
4.500000 -0.050935
4.550000 -0.045871
4.600000 -0.041138
4.650000 -0.037063
4.700000 -0.033218
4.750000 -0.029943
4.800000 -0.026819
4.850000 -0.024193
4.900000 -0.021651
4.950000 -0.019550
5.000000 -0.017480
5.050000 -0.015804
5.100000 -0.014114
5.150000 -0.012781
5.200000 -0.011397
5.250000 -0.010340
5.300000 -0.009203
5.350000 -0.008368
5.400000 -0.007429
5.450000 -0.006774
5.500000 -0.005996
5.550000 -0.005485
5.600000 -0.004837
5.650000 -0.004445
5.700000 -0.003903
5.750000 -0.003606
5.800000 -0.003149
5.850000 -0.002931
5.900000 -0.002542
5.950000 -0.002385
6.000000 -0.002051
6.050000 -0.001944
6.100000 -0.001653
6.150000 -0.001585
6.200000 -0.001328
6.250000 -0.001293
6.300000 -0.001065
6.350000 -0.001055
6.400000 -0.000851
6.450000 -0.000864
6.500000 -0.000679
6.550000 -0.000711
6.600000 -0.000542
6.650000 -0.000589
6.700000 -0.000433
6.750000 -0.000491
6.800000 -0.000344
6.850000 -0.000411
6.900000 -0.000270
6.950000 -0.000344
7.000000 -0.000208
7.050000 -0.000287
7.100000 -0.000156
7.150000 -0.000241
7.200000 -0.000114
7.250000 -0.000204
7.300000 -0.000082
7.350000 -0.000177
7.400000 -0.000058
7.450000 -0.000157
7.500000 -0.000040
7.550000 -0.000141
7.600000 -0.000025
7.650000 -0.000126
7.700000 -0.000010
7.750000 -0.000112
7.800000 0.000004
7.850000 -0.000099
7.900000 0.000016
7.950000 -0.000088
8.000000 0.000026
8.050000 -0.000081
8.100000 0.000032
8.150000 -0.000077
8.200000 0.000034
8.250000 -0.000076
8.300000 0.000035
8.350000 -0.000075
8.400000 0.000037
8.450000 -0.000073
8.500000 0.000040
8.550000 -0.000069
8.600000 0.000045
8.650000 -0.000064
8.700000 0.000050
8.750000 -0.000059
8.800000 0.000054
8.850000 -0.000057
8.900000 0.000055
8.950000 -0.000059
9.000000 0.000053
9.050000 -0.000061
9.100000 0.000050
9.150000 -0.000064
9.200000 0.000049
9.250000 -0.000064
9.300000 0.000050
9.350000 -0.000061
9.400000 0.000054
9.450000 -0.000057
9.500000 0.000058
9.550000 -0.000054
9.600000 0.000060
9.650000 -0.000053
9.700000 0.000060
9.750000 -0.000055
9.800000 0.000057
9.850000 -0.000059
9.900000 0.000054
9.950000 -0.000062
10.000000 0.000052
10.050000 -0.000063
10.100000 0.000053
10.150000 -0.000061
10.200000 0.000056
10.250000 -0.000057
10.300000 0.000060
10.350000 -0.000053
10.400000 0.000063
10.450000 -0.000053
10.500000 0.000062
10.550000 -0.000055
10.600000 0.000059
10.650000 -0.000059
10.700000 0.000055
10.750000 -0.000062
10.800000 0.000052
10.850000 -0.000063
10.900000 0.000053
10.950000 -0.000061
11.000000 0.000057
11.050000 -0.000057
11.100000 0.000061
11.150000 -0.000054
11.200000 0.000064
11.250000 -0.000052
11.300000 0.000063
11.350000 -0.000055
11.400000 0.000060
11.450000 -0.000059
11.500000 0.000055
11.550000 -0.000063
11.600000 0.000053
11.650000 -0.000064
11.700000 0.000053
11.750000 -0.000062
11.800000 0.000056
11.850000 -0.000058
11.900000 0.000061
11.950000 -0.000054
12.000000 0.000064
12.050000 -0.000052
12.100000 0.000064
12.150000 -0.000054
12.200000 0.000061
12.250000 -0.000058
12.300000 0.000056
12.350000 -0.000063
12.400000 0.000052
12.450000 -0.000065
12.500000 0.000052
12.550000 -0.000063
12.600000 0.000055
12.650000 -0.000059
12.700000 0.000060
12.750000 -0.000054
12.800000 0.000064
12.850000 -0.000052
12.900000 0.000065
12.950000 -0.000053
13.000000 0.000062
13.050000 -0.000057
13.100000 0.000057
13.150000 -0.000062
13.200000 0.000052
13.250000 -0.000065
13.300000 0.000051
13.350000 -0.000064
13.400000 0.000054
13.450000 -0.000060
13.500000 0.000059
13.550000 -0.000055
13.600000 0.000064
13.650000 -0.000051
13.700000 0.000065
13.750000 -0.000051
13.800000 0.000063
13.850000 -0.000055
13.900000 0.000058
13.950000 -0.000061
14.000000 0.000053
14.050000 -0.000065
14.100000 0.000050
14.150000 -0.000065
14.200000 0.000052
14.250000 -0.000061
14.300000 0.000057
14.350000 -0.000055
14.400000 0.000062
14.450000 -0.000051
14.500000 0.000065
14.550000 -0.000050
14.600000 0.000064
14.650000 -0.000053
14.700000 0.000059
14.750000 -0.000059
14.800000 0.000053
14.850000 -0.000064
14.900000 0.000049
14.950000 -0.000065
15.000000 0.000050
15.050000 -0.000062
15.100000 0.000054
15.150000 -0.000057
15.200000 0.000060
15.250000 -0.000051
15.300000 0.000064
15.350000 -0.000048
15.400000 0.000065
15.450000 -0.000050
15.500000 0.000061
15.550000 -0.000055
15.600000 0.000054
15.650000 -0.000061
15.700000 0.000049
15.750000 -0.000065
15.800000 0.000047
15.850000 -0.000064
15.900000 0.000051
15.950000 -0.000058
16.000000 0.000057
16.050000 -0.000052
16.100000 0.000062
16.150000 -0.000047
16.200000 0.000065
16.250000 -0.000047
16.300000 0.000062
16.350000 -0.000051
16.400000 0.000056
16.450000 -0.000058
16.500000 0.000049
16.550000 -0.000063
16.600000 0.000046
16.650000 -0.000064
16.700000 0.000047
16.750000 -0.000060
16.800000 0.000052
16.850000 -0.000054
16.900000 0.000059
16.950000 -0.000047
17.000000 0.000064
17.050000 -0.000044
17.100000 0.000063
17.150000 -0.000047
17.200000 0.000058
17.250000 -0.000053
17.300000 0.000051
17.350000 -0.000060
17.400000 0.000045
17.450000 -0.000064
17.500000 0.000043
17.550000 -0.000062
17.600000 0.000047
17.650000 -0.000056
17.700000 0.000054
17.750000 -0.000048
17.800000 0.000060
17.850000 -0.000043
17.900000 0.000063
17.950000 -0.000042
18.000000 0.000061
18.050000 -0.000047
18.100000 0.000054
18.150000 -0.000054
18.200000 0.000046
18.250000 -0.000061
18.300000 0.000041
18.350000 -0.000063
18.400000 0.000041
18.450000 -0.000059
18.500000 0.000047
18.550000 -0.000051
18.600000 0.000055
18.650000 -0.000043
18.700000 0.000061
18.750000 -0.000039
18.800000 0.000062
18.850000 -0.000041
18.900000 0.000057
18.950000 -0.000047
19.000000 0.000049
19.050000 -0.000055
19.100000 0.000041
19.150000 -0.000061
19.200000 0.000037
19.250000 -0.000061
19.300000 0.000040
19.350000 -0.000055
19.400000 0.000047
19.450000 -0.000046
19.500000 0.000056
19.550000 -0.000038
19.600000 0.000061
19.650000 -0.000036
19.700000 0.000060
19.750000 -0.000039
19.800000 0.000053
19.850000 -0.000047
19.900000 0.000044
19.950000 -0.000056
20.000000 0.000036
20.050000 -0.000061
20.100000 0.000034
20.150000 -0.000059
20.200000 0.000038
20.250000 -0.000051
20.300000 0.000047
20.350000 -0.000041
20.400000 0.000056
20.450000 -0.000034
20.500000 0.000060
20.550000 -0.000032
20.600000 0.000058
20.650000 -0.000037
20.700000 0.000049
20.750000 -0.000047
20.800000 0.000039
20.850000 -0.000056
20.900000 0.000032
20.950000 -0.000060
21.000000 0.000030
21.050000 -0.000056
21.100000 0.000036
21.150000 -0.000047
21.200000 0.000046
21.250000 -0.000037
21.300000 0.000055
21.350000 -0.000029
21.400000 0.000059
21.450000 -0.000029
21.500000 0.000055
21.550000 -0.000035
21.600000 0.000046
21.650000 -0.000045
21.700000 0.000034
21.750000 -0.000055
21.800000 0.000027
21.850000 -0.000058
21.900000 0.000027
21.950000 -0.000054
22.000000 0.000034
22.050000 -0.000044
22.100000 0.000045
22.150000 -0.000032
22.200000 0.000054
22.250000 -0.000025
22.300000 0.000058
22.350000 -0.000025
22.400000 0.000053
22.450000 -0.000032
22.500000 0.000042
22.550000 -0.000043
22.600000 0.000030
22.650000 -0.000053
22.700000 0.000022
22.750000 -0.000057
22.800000 0.000022
22.850000 -0.000052
22.900000 0.000030
22.950000 -0.000041
23.000000 0.000042
23.050000 -0.000028
23.100000 0.000052
23.150000 -0.000020
23.200000 0.000056
23.250000 -0.000020
23.300000 0.000051
23.350000 -0.000028
23.400000 0.000040
23.450000 -0.000040
23.500000 0.000027
23.550000 -0.000051
23.600000 0.000018
23.650000 -0.000055
23.700000 0.000017
23.750000 -0.000051
23.800000 0.000025
23.850000 -0.000039
23.900000 0.000038
23.950000 -0.000025
24.000000 0.000050
24.050000 -0.000016
24.100000 0.000055
24.150000 -0.000014
24.200000 0.000050
24.250000 -0.000022
24.300000 0.000038
24.350000 -0.000036
24.400000 0.000024
24.450000 -0.000048
24.500000 0.000013
24.550000 -0.000054
24.600000 0.000012
24.650000 -0.000050
24.700000 0.000019
24.750000 -0.000038
24.800000 0.000033
24.850000 -0.000023
24.900000 0.000046
24.950000 -0.000011
25.000000 0.000053
25.050000 -0.000008
25.100000 0.000050
25.150000 -0.000015
25.200000 0.000038
25.250000 -0.000029
25.300000 0.000023
25.350000 -0.000043
25.400000 0.000010
25.450000 -0.000052
25.500000 0.000005
25.550000 -0.000050
25.600000 0.000011
25.650000 -0.000039
25.700000 0.000025
25.750000 -0.000023
25.800000 0.000040
25.850000 -0.000008
25.900000 0.000050
25.950000 -0.000002
26.000000 0.000050
26.050000 -0.000007
26.100000 0.000040
26.150000 -0.000020
26.200000 0.000023
26.250000 -0.000037
26.300000 0.000007
26.350000 -0.000048
26.400000 -0.000001
26.450000 -0.000050
26.500000 0.000002
26.550000 -0.000041
26.600000 0.000015
26.650000 -0.000024
26.700000 0.000032
26.750000 -0.000007
26.800000 0.000046
26.850000 0.000003
26.900000 0.000050
26.950000 0.000002
27.000000 0.000043
27.050000 -0.000009
27.100000 0.000026
27.150000 -0.000027
27.200000 0.000008
27.250000 -0.000043
27.300000 -0.000005
27.350000 -0.000050
27.400000 -0.000007
27.450000 -0.000044
27.500000 0.000003
27.550000 -0.000029
27.600000 0.000021
27.650000 -0.000009
27.700000 0.000038
27.750000 0.000006
27.800000 0.000048
27.850000 0.000011
27.900000 0.000046
27.950000 0.000003
28.000000 0.000032
28.050000 -0.000014
28.100000 0.000012
28.150000 -0.000033
28.200000 -0.000006
28.250000 -0.000046
28.300000 -0.000015
28.350000 -0.000047
28.400000 -0.000010
28.450000 -0.000036
28.500000 0.000006
28.550000 -0.000016
28.600000 0.000026
28.650000 0.000005
28.700000 0.000043
28.750000 0.000017
28.800000 0.000048
28.850000 0.000017
28.900000 0.000039
28.950000 0.000003
29.000000 0.000020
29.050000 -0.000018
29.100000 -0.000002
29.150000 -0.000038
29.200000 -0.000018
29.250000 -0.000047
29.300000 -0.000022
29.350000 -0.000043
29.400000 -0.000012
29.450000 -0.000026
29.500000 0.000009
29.550000 -0.000003
29.600000 0.000031
29.650000 0.000018
29.700000 0.000045
29.750000 0.000027
29.800000 0.000046
29.850000 0.000021
29.900000 0.000032
29.950000 0.000002
30.000000 0.000009
30.050000 -0.000021
30.100000 -0.000015
30.150000 -0.000041
30.200000 -0.000029
30.250000 -0.000047
30.300000 -0.000029
30.350000 -0.000038
30.400000 -0.000014
30.450000 -0.000017
30.500000 0.000010
30.550000 0.000009
30.600000 0.000033
30.650000 0.000029
30.700000 0.000046
30.750000 0.000035
30.800000 0.000043
30.850000 0.000025
30.900000 0.000025
30.950000 0.000003
31.000000 -0.000001
31.050000 -0.000023
31.100000 -0.000026
31.150000 -0.000042
31.200000 -0.000039
31.250000 -0.000047
31.300000 -0.000036
31.350000 -0.000034
31.400000 -0.000017
31.450000 -0.000009
31.500000 0.000010
31.550000 0.000019
31.600000 0.000035
31.650000 0.000039
31.700000 0.000047
31.750000 0.000044
31.800000 0.000042
31.850000 0.000031
31.900000 0.000021
31.950000 0.000006
32.000000 -0.000008
32.050000 -0.000023
32.100000 -0.000035
32.150000 -0.000043
32.200000 -0.000049
32.250000 -0.000047
32.300000 -0.000044
32.350000 -0.000033
32.400000 -0.000023
32.450000 -0.000005
32.500000 0.000007
32.550000 0.000026
32.600000 0.000034
32.650000 0.000049
32.700000 0.000048
32.750000 0.000054
32.800000 0.000043
32.850000 0.000040
32.900000 0.000020
32.950000 0.000012
33.000000 -0.000013
33.050000 -0.000020
33.100000 -0.000042
33.150000 -0.000043
33.200000 -0.000059
33.250000 -0.000049
33.300000 -0.000055
33.350000 -0.000034
33.400000 -0.000033
33.450000 -0.000005
33.500000 -0.000000
33.550000 0.000030
33.600000 0.000031
33.650000 0.000056
33.700000 0.000049
33.750000 0.000065
33.800000 0.000046
33.850000 0.000053
33.900000 0.000023
33.950000 0.000023
34.000000 -0.000012
34.050000 -0.000012
34.100000 -0.000046
34.150000 -0.000041
34.200000 -0.000068
34.250000 -0.000051
34.300000 -0.000068
34.350000 -0.000040
34.400000 -0.000048
34.450000 -0.000010
34.500000 -0.000013
34.550000 0.000028
34.600000 0.000024
34.650000 0.000061
34.700000 0.000048
34.750000 0.000077
34.800000 0.000051
34.850000 0.000069
34.900000 0.000032
34.950000 0.000041
35.000000 -0.000004
35.050000 0.000002
35.100000 -0.000044
35.150000 -0.000034
35.200000 -0.000074
35.250000 -0.000053
35.300000 -0.000083
35.350000 -0.000049
35.400000 -0.000067
35.450000 -0.000022
35.500000 -0.000033
35.550000 0.000019
35.600000 0.000009
35.650000 0.000059
35.700000 0.000043
35.750000 0.000085
35.800000 0.000057
35.850000 0.000087
35.900000 0.000045
35.950000 0.000064
36.000000 0.000011
36.050000 0.000024
36.100000 -0.000033
36.150000 -0.000019
36.200000 -0.000073
36.250000 -0.000050
36.300000 -0.000095
36.350000 -0.000059
36.400000 -0.000090
36.450000 -0.000040
36.500000 -0.000061
36.550000 -0.000000
36.600000 -0.000016
36.650000 0.000047
36.700000 0.000028
36.750000 0.000086
36.800000 0.000057
36.850000 0.000103
36.900000 0.000060
36.950000 0.000093
37.000000 0.000035
37.050000 0.000057
37.100000 -0.000010
37.150000 0.000009
37.200000 -0.000059
37.250000 -0.000036
37.300000 -0.000097
37.350000 -0.000062
37.400000 -0.000111
37.450000 -0.000060
37.500000 -0.000095
37.550000 -0.000030
37.600000 -0.000054
37.650000 0.000019
37.700000 -0.000002
37.750000 0.000071
37.800000 0.000043
37.850000 0.000108
37.900000 0.000067
37.950000 0.000118
38.000000 0.000061
38.050000 0.000098
38.100000 0.000026
38.150000 0.000052
38.200000 -0.000027
38.250000 -0.000003
38.300000 -0.000081
38.350000 -0.000049
38.400000 -0.000118
38.450000 -0.000072
38.500000 -0.000126
38.550000 -0.000063
38.600000 -0.000101
38.650000 -0.000024
38.700000 -0.000052
38.750000 0.000033
38.800000 0.000006
38.850000 0.000089
38.900000 0.000055
38.950000 0.000127
39.000000 0.000077
39.050000 0.000134
39.100000 0.000066
39.150000 0.000107
39.200000 0.000024
39.250000 0.000054
39.300000 -0.000037
39.350000 -0.000008
39.400000 -0.000096
39.450000 -0.000059
39.500000 -0.000136
39.550000 -0.000083
39.600000 -0.000143
39.650000 -0.000071
39.700000 -0.000114
39.750000 -0.000026
39.800000 -0.000059
39.850000 0.000038
39.900000 0.000007
39.950000 0.000101
40.000000 0.000062
40.050000 0.000144
40.100000 0.000088
40.150000 0.000153
40.200000 0.000077
40.250000 0.000125
40.300000 0.000032
40.350000 0.000067
40.400000 -0.000035
40.450000 -0.000003
40.500000 -0.000103
40.550000 -0.000063
40.600000 -0.000152
40.650000 -0.000094
40.700000 -0.000164
40.750000 -0.000086
40.800000 -0.000137
40.850000 -0.000041
40.900000 -0.000078
40.950000 0.000029
41.000000 -0.000005
41.050000 0.000102
41.100000 0.000062
41.150000 0.000157
41.200000 0.000099
41.250000 0.000176
41.300000 0.000097
41.350000 0.000153
41.400000 0.000054
41.450000 0.000095
41.500000 -0.000017
41.550000 0.000017
41.600000 -0.000096
41.650000 -0.000056
41.700000 -0.000159
41.750000 -0.000103
41.800000 -0.000187
41.850000 -0.000109
41.900000 -0.000172
41.950000 -0.000071
42.000000 -0.000115
42.050000 0.000000
42.100000 -0.000035
42.150000 0.000084
42.200000 0.000046
42.250000 0.000157
42.300000 0.000104
42.350000 0.000197
42.400000 0.000121
42.450000 0.000192
42.500000 0.000092
42.550000 0.000141
42.600000 0.000023
42.650000 0.000060
42.700000 -0.000065
42.750000 -0.000029
42.800000 -0.000149
42.850000 -0.000100
42.900000 -0.000203
42.950000 -0.000132
43.000000 -0.000212
43.050000 -0.000115
43.100000 -0.000171
43.150000 -0.000053
43.200000 -0.000092
43.250000 0.000038
43.300000 0.000003
43.350000 0.000132
43.400000 0.000088
43.450000 0.000202
43.500000 0.000138
43.550000 0.000229
43.600000 0.000138
43.650000 0.000203
43.700000 0.000087
43.750000 0.000132
43.800000 -0.000001
43.850000 0.000033
43.900000 -0.000103
43.950000 -0.000064
44.000000 -0.000190
44.050000 -0.000134
44.100000 -0.000238
44.150000 -0.000154
44.200000 -0.000230
44.250000 -0.000118
44.300000 -0.000169
44.350000 -0.000034
44.400000 -0.000067
44.450000 0.000080
44.500000 0.000049
44.550000 0.000192
44.600000 0.000150
44.650000 0.000275
44.700000 0.000208
44.750000 0.000304
44.800000 0.000206
44.850000 0.000269
44.900000 0.000135
44.950000 0.000165
