-30.000000 -0.000665
-29.950000 -0.000754
-29.900000 -0.001490
-29.850000 -0.001635
-29.800000 -0.002397
-29.750000 -0.002547
-29.700000 -0.003280
-29.650000 -0.003375
-29.600000 -0.004020
-29.550000 -0.004005
-29.500000 -0.004511
-29.450000 -0.004340
-29.400000 -0.004666
-29.350000 -0.004308
-29.300000 -0.004435
-29.250000 -0.003881
-29.200000 -0.003809
-29.150000 -0.003070
-29.100000 -0.002823
-29.050000 -0.001935
-29.000000 -0.001560
-28.950000 -0.000580
-28.900000 -0.000142
-28.850000 0.000860
-28.800000 0.001287
-28.750000 0.002232
-28.700000 0.002570
-28.650000 0.003385
-28.600000 0.003566
-28.550000 0.004191
-28.500000 0.004163
-28.450000 0.004557
-28.400000 0.004294
-28.350000 0.004444
-28.300000 0.003945
-28.250000 0.003864
-28.200000 0.003155
-28.150000 0.002881
-28.100000 0.002012
-28.050000 0.001602
-28.000000 0.000635
-27.950000 0.000159
-27.900000 -0.000831
-27.850000 -0.001298
-27.800000 -0.002238
-27.750000 -0.002624
-27.700000 -0.003445
-27.650000 -0.003687
-27.600000 -0.004331
-27.550000 -0.004380
-27.500000 -0.004806
-27.450000 -0.004628
-27.400000 -0.004814
-27.350000 -0.004399
-27.300000 -0.004344
-27.250000 -0.003702
-27.200000 -0.003430
-27.150000 -0.002596
-27.100000 -0.002152
-27.050000 -0.001183
-27.000000 -0.000634
-26.950000 0.000397
-26.900000 0.000972
-26.850000 0.001980
-26.800000 0.002496
-26.750000 0.003399
-26.700000 0.003777
-26.650000 0.004501
-26.600000 0.004675
-26.550000 0.005167
-26.500000 0.005096
-26.450000 0.005326
-26.400000 0.004996
-26.350000 0.004963
-26.300000 0.004385
-26.250000 0.004115
-26.200000 0.003327
-26.150000 0.002867
-26.100000 0.001926
-26.050000 0.001341
-26.000000 0.000317
-25.950000 -0.000319
-25.900000 -0.001350
-25.850000 -0.001959
-25.800000 -0.002920
-25.750000 -0.003427
-25.700000 -0.004247
-25.650000 -0.004587
-25.600000 -0.005206
-25.550000 -0.005326
-25.500000 -0.005700
-25.450000 -0.005567
-25.400000 -0.005674
-25.350000 -0.005276
-25.300000 -0.005115
-25.250000 -0.004465
-25.200000 -0.004062
-25.150000 -0.003198
-25.100000 -0.002602
-25.050000 -0.001585
-25.000000 -0.000869
-24.950000 0.000222
-24.900000 0.000974
-24.850000 0.002049
-24.800000 0.002746
-24.750000 0.003717
-24.700000 0.004274
-24.650000 0.005062
-24.600000 0.005407
-24.550000 0.005951
-24.500000 0.006038
-24.450000 0.006303
-24.400000 0.006110
-24.350000 0.006088
-24.300000 0.005618
-24.250000 0.005326
-24.200000 0.004611
-24.150000 0.004089
-24.100000 0.003177
-24.050000 0.002483
-24.000000 0.001438
-23.950000 0.000644
-23.900000 -0.000458
-23.850000 -0.001276
-23.800000 -0.002355
-23.750000 -0.003114
-23.700000 -0.004089
-23.650000 -0.004713
-23.600000 -0.005509
-23.550000 -0.005927
-23.500000 -0.006482
-23.450000 -0.006640
-23.400000 -0.006910
-23.350000 -0.006775
-23.300000 -0.006740
-23.250000 -0.006305
-23.200000 -0.005971
-23.150000 -0.005257
-23.100000 -0.004660
-23.050000 -0.003716
-23.000000 -0.002916
-22.950000 -0.001814
-22.900000 -0.000892
-22.850000 0.000282
-22.800000 0.001234
-22.750000 0.002384
-22.700000 0.003271
-22.650000 0.004307
-22.600000 0.005043
-22.550000 0.005884
-22.500000 0.006400
-22.450000 0.006986
-22.400000 0.007229
-22.350000 0.007522
-22.300000 0.007468
-22.250000 0.007452
-22.200000 0.007097
-22.150000 0.006782
-22.100000 0.006145
-22.050000 0.005558
-22.000000 0.004678
-21.950000 0.003869
-21.900000 0.002803
-21.850000 0.001836
-21.800000 0.000656
-21.750000 -0.000390
-21.700000 -0.001600
-21.650000 -0.002635
-21.600000 -0.003784
-21.550000 -0.004718
-21.500000 -0.005714
-21.450000 -0.006461
-21.400000 -0.007224
-21.350000 -0.007709
-21.300000 -0.008176
-21.250000 -0.008347
-21.200000 -0.008478
-21.150000 -0.008312
-21.100000 -0.008099
-21.050000 -0.007600
-21.000000 -0.007062
-20.950000 -0.006265
-20.900000 -0.005451
-20.850000 -0.004416
-20.800000 -0.003395
-20.750000 -0.002200
-20.700000 -0.001056
-20.650000 0.000210
-20.600000 0.001385
-20.550000 0.002630
-20.500000 0.003745
-20.450000 0.004881
-20.400000 0.005852
-20.350000 0.006800
-20.300000 0.007554
-20.250000 0.008248
-20.200000 0.008726
-20.150000 0.009116
-20.100000 0.009279
-20.050000 0.009334
-20.000000 0.009160
-19.950000 0.008870
-19.900000 0.008360
-19.850000 0.007738
-19.800000 0.006919
-19.750000 0.006003
-19.700000 0.004924
-19.650000 0.003778
-19.600000 0.002512
-19.550000 0.001218
-19.500000 -0.000142
-19.450000 -0.001486
-19.400000 -0.002838
-19.350000 -0.004128
-19.300000 -0.005369
-19.250000 -0.006505
-19.200000 -0.007541
-19.150000 -0.008438
-19.100000 -0.009192
-19.050000 -0.009783
-19.000000 -0.010201
-18.950000 -0.010445
-18.900000 -0.010500
-18.850000 -0.010381
-18.800000 -0.010069
-18.750000 -0.009597
-18.700000 -0.008939
-18.650000 -0.008146
-18.600000 -0.007183
-18.550000 -0.006119
-18.500000 -0.004912
-18.450000 -0.003645
-18.400000 -0.002268
-18.350000 -0.000877
-18.300000 0.000585
-18.250000 0.002009
-18.200000 0.003465
-18.150000 0.004827
-18.100000 0.006180
-18.050000 0.007387
-18.000000 0.008545
-17.950000 0.009508
-17.900000 0.010389
-17.850000 0.011034
-17.800000 0.011573
-17.750000 0.011846
-17.700000 0.012000
-17.650000 0.011873
-17.600000 0.011629
-17.550000 0.011101
-17.500000 0.010475
-17.450000 0.009578
-17.400000 0.008614
-17.350000 0.007404
-17.300000 0.006169
-17.250000 0.004722
-17.200000 0.003300
-17.150000 0.001707
-17.100000 0.000190
-17.050000 -0.001455
-17.000000 -0.002969
-16.950000 -0.004571
-16.900000 -0.005990
-16.850000 -0.007458
-16.800000 -0.008694
-16.750000 -0.009945
-16.700000 -0.010920
-16.650000 -0.011881
-16.600000 -0.012529
-16.550000 -0.013140
-16.500000 -0.013409
-16.450000 -0.013630
-16.400000 -0.013489
-16.350000 -0.013299
-16.300000 -0.012741
-16.250000 -0.012145
-16.200000 -0.011189
-16.150000 -0.010220
-16.100000 -0.008911
-16.050000 -0.007627
-16.000000 -0.006036
-15.950000 -0.004519
-15.900000 -0.002736
-15.850000 -0.001084
-15.800000 0.000787
-15.750000 0.002467
-15.700000 0.004319
-15.650000 0.005920
-15.600000 0.007647
-15.550000 0.009069
-15.500000 0.010578
-15.450000 0.011735
-15.400000 0.012948
-15.350000 0.013772
-15.300000 0.014630
-15.250000 0.015072
-15.200000 0.015537
-15.150000 0.015567
-15.100000 0.015618
-15.050000 0.015225
-15.000000 0.014861
-14.950000 0.014054
-14.900000 0.013291
-14.850000 0.012095
-14.800000 0.010970
-14.750000 0.009430
-14.700000 0.007996
-14.650000 0.006178
-14.600000 0.004512
-14.550000 0.002499
-14.500000 0.000693
-14.450000 -0.001414
-14.400000 -0.003255
-14.350000 -0.005347
-14.300000 -0.007112
-14.250000 -0.009077
-14.200000 -0.010656
-14.150000 -0.012392
-14.100000 -0.013688
-14.050000 -0.015105
-14.000000 -0.016039
-13.950000 -0.017067
-13.900000 -0.017583
-13.850000 -0.018178
-13.800000 -0.018241
-13.750000 -0.018382
-13.700000 -0.017984
-13.650000 -0.017673
-13.600000 -0.016825
-13.550000 -0.016084
-13.500000 -0.014818
-13.450000 -0.013686
-13.400000 -0.012050
-13.350000 -0.010584
-13.300000 -0.008641
-13.250000 -0.006909
-13.200000 -0.004735
-13.150000 -0.002821
-13.100000 -0.000504
-13.050000 0.001500
-13.000000 0.003863
-12.950000 0.005855
-12.900000 0.008159
-12.850000 0.010035
-12.800000 0.012175
-12.750000 0.013831
-12.700000 0.015708
-12.650000 0.017050
-12.600000 0.018576
-12.550000 0.019524
-12.500000 0.020632
-12.450000 0.021130
-12.400000 0.021773
-12.350000 0.021788
-12.300000 0.021946
-12.250000 0.021471
-12.200000 0.021149
-12.150000 0.020198
-12.100000 0.019420
-12.050000 0.018027
-12.000000 0.016835
-11.950000 0.015047
-11.900000 0.013495
-11.850000 0.011373
-11.800000 0.009525
-11.750000 0.007138
-11.700000 0.005070
-11.650000 0.002498
-11.600000 0.000293
-11.550000 -0.002374
-11.500000 -0.004621
-11.450000 -0.007287
-11.400000 -0.009475
-11.350000 -0.012036
-11.300000 -0.014063
-11.250000 -0.016415
-11.200000 -0.018178
-11.150000 -0.020223
-11.100000 -0.021630
-11.050000 -0.023283
-11.000000 -0.024255
-10.950000 -0.025447
-10.900000 -0.025927
-10.850000 -0.026614
-10.800000 -0.026570
-10.750000 -0.026730
-10.700000 -0.026154
-10.650000 -0.025792
-10.600000 -0.024700
-10.550000 -0.023843
-10.500000 -0.022269
-10.450000 -0.020961
-10.400000 -0.018958
-10.350000 -0.017256
-10.300000 -0.014886
-10.250000 -0.012856
-10.200000 -0.010191
-10.150000 -0.007908
-10.100000 -0.005024
-10.050000 -0.002568
-10.000000 0.000451
-9.950000 0.002992
-9.900000 0.006055
-9.850000 0.008588
-9.800000 0.011600
-9.750000 0.014027
-9.700000 0.016887
-9.650000 0.019109
-9.600000 0.021722
-9.550000 0.023646
-9.500000 0.025921
-9.450000 0.027463
-9.400000 0.029327
-9.350000 0.030420
-9.300000 0.031814
-9.250000 0.032413
-9.200000 0.033301
-9.150000 0.033378
-9.100000 0.033743
-9.050000 0.033291
-9.000000 0.033134
-8.950000 0.032160
-8.900000 0.031495
-8.850000 0.030021
-8.800000 0.028875
-8.750000 0.026932
-8.700000 0.025340
-8.650000 0.022967
-8.600000 0.020973
-8.550000 0.018218
-8.500000 0.015874
-8.450000 0.012794
-8.400000 0.010163
-8.350000 0.006826
-8.300000 0.003980
-8.250000 0.000465
-8.200000 -0.002511
-8.150000 -0.006114
-8.100000 -0.009125
-8.050000 -0.012718
-8.000000 -0.015662
-7.950000 -0.019142
-7.900000 -0.021917
-7.850000 -0.025183
-7.800000 -0.027692
-7.750000 -0.030652
-7.700000 -0.032809
-7.650000 -0.035384
-7.600000 -0.037119
-7.550000 -0.039247
-7.500000 -0.040506
-7.450000 -0.042142
-7.400000 -0.042887
-7.350000 -0.044001
-7.300000 -0.044208
-7.250000 -0.044781
-7.200000 -0.044438
-7.150000 -0.044461
-7.100000 -0.043562
-7.050000 -0.043035
-7.000000 -0.041585
-6.950000 -0.040518
-6.900000 -0.038531
-6.850000 -0.036944
-6.800000 -0.034448
-6.750000 -0.032376
-6.700000 -0.029414
-6.650000 -0.026906
-6.600000 -0.023535
-6.550000 -0.020658
-6.500000 -0.016950
-6.450000 -0.013779
-6.400000 -0.009816
-6.350000 -0.006437
-6.300000 -0.002304
-6.250000 0.001196
-6.200000 0.005411
-6.150000 0.008947
-6.100000 0.013163
-6.050000 0.016657
-6.000000 0.020800
-5.950000 0.024185
-5.900000 0.028192
-5.850000 0.031407
-5.800000 0.035224
-5.750000 0.038220
-5.700000 0.041798
-5.650000 0.044530
-5.600000 0.047826
-5.550000 0.050250
-5.500000 0.053221
-5.450000 0.055295
-5.400000 0.057899
-5.350000 0.059580
-5.300000 0.061777
-5.250000 0.063025
-5.200000 0.064776
-5.150000 0.065559
-5.100000 0.066835
-5.050000 0.067129
-5.000000 0.067912
-4.950000 0.067704
-4.900000 0.067990
-4.850000 0.067282
-4.800000 0.067077
-4.750000 0.065881
-4.700000 0.065199
-4.650000 0.063533
-4.600000 0.062395
-4.550000 0.060277
-4.500000 0.058703
-4.450000 0.056154
-4.400000 0.054160
-4.350000 0.051194
-4.300000 0.048795
-4.250000 0.045427
-4.200000 0.042636
-4.150000 0.038877
-4.100000 0.035708
-4.050000 0.031575
-4.000000 0.028046
-3.950000 0.023562
-3.900000 0.019700
-3.850000 0.014895
-3.800000 0.010735
-3.750000 0.005648
-3.700000 0.001233
-3.650000 -0.004088
-3.600000 -0.008708
-3.550000 -0.014211
-3.500000 -0.018982
-3.450000 -0.024614
-3.400000 -0.029484
-3.350000 -0.035194
-3.300000 -0.040114
-3.250000 -0.045857
-3.200000 -0.050784
-3.150000 -0.056520
-3.100000 -0.061418
-3.050000 -0.067111
-3.000000 -0.071945
-2.950000 -0.077561
-2.900000 -0.082296
-2.850000 -0.087798
-2.800000 -0.092395
-2.750000 -0.097740
-2.700000 -0.102152
-2.650000 -0.107291
-2.600000 -0.111466
-2.550000 -0.116345
-2.500000 -0.120230
-2.450000 -0.124797
-2.400000 -0.128339
-2.350000 -0.132546
-2.300000 -0.135705
-2.250000 -0.139514
-2.200000 -0.142256
-2.150000 -0.145642
-2.100000 -0.147950
-2.050000 -0.150901
-2.000000 -0.152766
-1.950000 -0.155279
-1.900000 -0.156703
-1.850000 -0.158782
-1.800000 -0.159771
-1.750000 -0.161421
-1.700000 -0.161981
-1.650000 -0.163209
-1.600000 -0.163344
-1.550000 -0.164154
-1.500000 -0.163870
-1.450000 -0.164266
-1.400000 -0.163567
-1.350000 -0.163555
-1.300000 -0.162448
-1.250000 -0.162040
-1.200000 -0.160540
-1.150000 -0.159754
-1.100000 -0.157885
-1.050000 -0.156750
-1.000000 -0.154547
-0.950000 -0.153103
-0.900000 -0.150608
-0.850000 -0.148900
-0.800000 -0.146164
-0.750000 -0.144243
-0.700000 -0.141313
-0.650000 -0.139225
-0.600000 -0.136147
-0.550000 -0.133934
-0.500000 -0.130742
-0.450000 -0.128434
-0.400000 -0.125155
-0.350000 -0.122774
-0.300000 -0.119426
-0.250000 -0.116988
-0.200000 -0.113585
-0.150000 -0.111104
-0.100000 -0.107663
-0.050000 -0.105155
0.000000 -0.101694
0.050000 -0.099183
0.100000 -0.095728
0.150000 -0.093242
0.200000 -0.089823
0.250000 -0.087393
0.300000 -0.084042
0.350000 -0.081698
0.400000 -0.078442
0.450000 -0.076211
0.500000 -0.073073
0.550000 -0.070971
0.600000 -0.067964
0.650000 -0.066000
0.700000 -0.063127
0.750000 -0.061299
0.800000 -0.058557
0.850000 -0.056860
0.900000 -0.054239
0.950000 -0.052664
1.000000 -0.050157
1.050000 -0.048696
1.100000 -0.046299
1.150000 -0.044952
1.200000 -0.042667
1.250000 -0.041440
1.300000 -0.039277
1.350000 -0.038185
1.400000 -0.036161
1.450000 -0.035223
1.500000 -0.033360
1.550000 -0.032596
1.600000 -0.030914
1.650000 -0.030344
1.700000 -0.028860
1.750000 -0.028499
1.800000 -0.027224
1.850000 -0.027081
1.900000 -0.026024
1.950000 -0.026106
2.000000 -0.025276
2.050000 -0.025595
2.100000 -0.025007
2.150000 -0.025586
2.200000 -0.025271
2.250000 -0.026149
2.300000 -0.026157
2.350000 -0.027398
2.400000 -0.027805
2.450000 -0.029496
2.500000 -0.030405
2.550000 -0.032663
2.600000 -0.034204
2.650000 -0.037176
2.700000 -0.039512
2.750000 -0.043375
2.800000 -0.046700
2.850000 -0.051671
2.900000 -0.056224
2.950000 -0.062564
3.000000 -0.068635
3.050000 -0.076667
3.100000 -0.084615
3.150000 -0.094739
3.200000 -0.105012
3.250000 -0.117729
3.300000 -0.130883
3.350000 -0.146812
3.400000 -0.163539
3.450000 -0.183446
3.500000 -0.204589
3.550000 -0.229402
3.600000 -0.255977
3.650000 -0.286800
3.700000 -0.319997
3.750000 -0.358105
3.800000 -0.399279
3.850000 -0.446093
3.900000 -0.496715
3.950000 -0.553738
4.000000 -0.615313
4.050000 -0.684014
4.100000 -0.757930
4.150000 -0.839557
4.200000 -0.926852
4.250000 -1.022154
4.300000 -1.123193
4.350000 -1.232045
4.400000 -1.346099
4.450000 -1.467049
4.500000 -1.591826
4.550000 -1.721629
4.600000 -1.852842
4.650000 -1.986111
4.700000 -2.117253
4.750000 -2.246405
4.800000 -2.368928
4.850000 -2.484636
4.900000 -2.588703
4.950000 -2.680962
5.000000 -2.756807
5.050000 -2.816532
5.100000 -2.856200
5.150000 -2.876996
5.200000 -2.876013
5.250000 -2.855584
5.300000 -2.813973
5.350000 -2.754663
5.400000 -2.676947
5.450000 -2.585195
5.500000 -2.479369
5.550000 -2.364300
5.600000 -2.240166
5.650000 -2.111812
5.700000 -1.979229
5.750000 -1.846932
5.800000 -1.714453
5.850000 -1.585792
5.900000 -1.459910
5.950000 -1.340249
6.000000 -1.225218
6.050000 -1.117760
6.100000 -1.015825
6.150000 -0.921970
6.200000 -0.833803
6.250000 -0.753618
6.300000 -0.678800
6.350000 -0.611486
6.400000 -0.548933
6.450000 -0.493205
6.500000 -0.441503
6.550000 -0.395875
6.600000 -0.353512
6.650000 -0.316485
6.700000 -0.282004
6.750000 -0.252180
6.800000 -0.224254
6.850000 -0.200388
6.900000 -0.177859
6.950000 -0.158879
7.000000 -0.140760
7.050000 -0.125761
7.100000 -0.111222
7.150000 -0.099448
7.200000 -0.087799
7.250000 -0.078620
7.300000 -0.069289
7.350000 -0.062183
7.400000 -0.054696
7.450000 -0.049234
7.500000 -0.043202
7.550000 -0.039031
7.600000 -0.034136
7.650000 -0.030972
7.700000 -0.026960
7.750000 -0.024577
7.800000 -0.021249
7.850000 -0.019474
7.900000 -0.016680
7.950000 -0.015382
8.000000 -0.013010
8.050000 -0.012096
8.100000 -0.010068
8.150000 -0.009470
8.200000 -0.007728
8.250000 -0.007398
8.300000 -0.005899
8.350000 -0.005799
8.400000 -0.004507
8.450000 -0.004600
8.500000 -0.003479
8.550000 -0.003728
8.600000 -0.002740
8.650000 -0.003108
8.700000 -0.002213
8.750000 -0.002659
8.800000 -0.001819
8.850000 -0.002307
8.900000 -0.001491
8.950000 -0.001994
9.000000 -0.001179
9.050000 -0.001682
9.100000 -0.000860
9.150000 -0.001359
9.200000 -0.000533
9.250000 -0.001039
9.300000 -0.000222
9.350000 -0.000748
9.400000 0.000044
9.450000 -0.000519
9.500000 0.000235
9.550000 -0.000375
9.600000 0.000333
9.650000 -0.000327
9.700000 0.000339
9.750000 -0.000363
9.800000 0.000271
9.850000 -0.000458
9.900000 0.000163
9.950000 -0.000574
10.000000 0.000054
10.050000 -0.000671
10.100000 -0.000019
10.150000 -0.000717
10.200000 -0.000029
10.250000 -0.000693
10.300000 0.000034
10.350000 -0.000599
10.400000 0.000159
10.450000 -0.000453
10.500000 0.000321
10.550000 -0.000289
10.600000 0.000482
10.650000 -0.000146
10.700000 0.000602
10.750000 -0.000061
10.800000 0.000651
10.850000 -0.000055
10.900000 0.000617
10.950000 -0.000131
11.000000 0.000508
11.050000 -0.000271
11.100000 0.000351
11.150000 -0.000437
11.200000 0.000191
11.250000 -0.000586
11.300000 0.000068
11.350000 -0.000677
11.400000 0.000018
11.450000 -0.000687
11.500000 0.000054
11.550000 -0.000612
11.600000 0.000167
11.650000 -0.000472
11.700000 0.000328
11.750000 -0.000304
11.800000 0.000496
11.850000 -0.000151
11.900000 0.000629
11.950000 -0.000051
12.000000 0.000695
12.050000 -0.000028
12.100000 0.000678
12.150000 -0.000089
12.200000 0.000582
12.250000 -0.000218
12.300000 0.000432
12.350000 -0.000384
12.400000 0.000263
12.450000 -0.000549
12.500000 0.000117
12.550000 -0.000671
12.600000 0.000031
12.650000 -0.000721
12.700000 0.000026
12.750000 -0.000684
12.800000 0.000107
12.850000 -0.000567
12.900000 0.000256
12.950000 -0.000399
13.000000 0.000437
13.050000 -0.000221
13.100000 0.000606
13.150000 -0.000077
13.200000 0.000719
13.250000 -0.000006
13.300000 0.000747
13.350000 -0.000027
13.400000 0.000682
13.450000 -0.000138
13.500000 0.000538
13.550000 -0.000310
13.600000 0.000352
13.650000 -0.000501
13.700000 0.000172
13.750000 -0.000663
13.800000 0.000043
13.850000 -0.000755
13.900000 -0.000002
13.950000 -0.000755
14.000000 0.000047
14.050000 -0.000664
14.100000 0.000178
14.150000 -0.000505
14.200000 0.000359
14.250000 -0.000317
14.300000 0.000547
14.350000 -0.000145
14.400000 0.000697
14.450000 -0.000030
14.500000 0.000774
14.550000 0.000001
14.600000 0.000761
14.650000 -0.000060
14.700000 0.000659
14.750000 -0.000201
14.800000 0.000492
14.850000 -0.000389
14.900000 0.000297
14.950000 -0.000583
15.000000 0.000120
15.050000 -0.000735
15.100000 0.000006
15.150000 -0.000808
15.200000 -0.000016
15.250000 -0.000782
15.300000 0.000061
15.350000 -0.000661
15.400000 0.000222
15.450000 -0.000474
15.500000 0.000429
15.550000 -0.000265
15.600000 0.000631
15.650000 -0.000085
15.700000 0.000780
15.750000 0.000019
15.800000 0.000838
15.850000 0.000023
15.900000 0.000791
15.950000 -0.000076
16.000000 0.000650
16.050000 -0.000254
16.100000 0.000450
16.150000 -0.000468
16.200000 0.000239
16.250000 -0.000667
16.300000 0.000067
16.350000 -0.000806
16.400000 -0.000026
16.450000 -0.000851
16.500000 -0.000018
16.550000 -0.000795
16.600000 0.000087
16.650000 -0.000649
16.700000 0.000268
16.750000 -0.000448
16.800000 0.000483
16.850000 -0.000236
16.900000 0.000684
16.950000 -0.000060
17.000000 0.000827
17.050000 0.000037
17.100000 0.000877
17.150000 0.000033
17.200000 0.000821
17.250000 -0.000076
17.300000 0.000669
17.350000 -0.000266
17.400000 0.000455
17.450000 -0.000496
17.500000 0.000227
17.550000 -0.000712
17.600000 0.000039
17.650000 -0.000864
17.700000 -0.000063
17.750000 -0.000913
17.800000 -0.000052
17.850000 -0.000847
17.900000 0.000069
17.950000 -0.000680
18.000000 0.000274
18.050000 -0.000452
18.100000 0.000516
18.150000 -0.000216
18.200000 0.000737
18.250000 -0.000026
18.300000 0.000886
18.350000 0.000072
18.400000 0.000931
18.450000 0.000058
18.500000 0.000862
18.550000 -0.000066
18.600000 0.000695
18.650000 -0.000271
18.700000 0.000468
18.750000 -0.000511
18.800000 0.000231
18.850000 -0.000735
18.900000 0.000036
18.950000 -0.000893
19.000000 -0.000074
19.050000 -0.000952
19.100000 -0.000074
19.150000 -0.000897
19.200000 0.000037
19.250000 -0.000738
19.300000 0.000238
19.350000 -0.000508
19.400000 0.000488
19.450000 -0.000256
19.500000 0.000731
19.550000 -0.000039
19.600000 0.000913
19.650000 0.000094
19.700000 0.000992
19.750000 0.000110
19.800000 0.000946
19.850000 0.000002
19.900000 0.000784
19.950000 -0.000208
20.000000 0.000542
20.050000 -0.000473
20.100000 0.000273
20.150000 -0.000733
20.200000 0.000040
20.250000 -0.000929
20.300000 -0.000105
20.350000 -0.001018
20.400000 -0.000130
20.450000 -0.000980
20.500000 -0.000028
20.550000 -0.000824
20.600000 0.000177
20.650000 -0.000585
20.700000 0.000440
20.750000 -0.000315
20.800000 0.000705
20.850000 -0.000072
20.900000 0.000915
20.950000 0.000092
21.000000 0.001028
21.050000 0.000143
21.100000 0.001017
21.150000 0.000070
21.200000 0.000887
21.250000 -0.000115
21.300000 0.000661
21.350000 -0.000373
21.400000 0.000387
21.450000 -0.000653
21.500000 0.000120
21.550000 -0.000895
21.600000 -0.000082
21.650000 -0.001048
21.700000 -0.000174
21.750000 -0.001075
21.800000 -0.000132
21.850000 -0.000968
21.900000 0.000038
21.950000 -0.000747
22.000000 0.000302
22.050000 -0.000458
22.100000 0.000603
22.150000 -0.000163
22.200000 0.000877
22.250000 0.000071
22.300000 0.001062
22.350000 0.000194
22.400000 0.001118
22.450000 0.000178
22.500000 0.001033
22.550000 0.000026
22.600000 0.000825
22.650000 -0.000229
22.700000 0.000540
22.750000 -0.000532
22.800000 0.000237
22.850000 -0.000821
22.900000 -0.000020
22.950000 -0.001036
23.000000 -0.000180
23.050000 -0.001135
23.100000 -0.000209
23.150000 -0.001096
23.200000 -0.000102
23.250000 -0.000928
23.300000 0.000122
23.350000 -0.000663
23.400000 0.000417
23.450000 -0.000353
23.500000 0.000728
23.550000 -0.000060
23.600000 0.000990
23.650000 0.000156
23.700000 0.001151
23.750000 0.000249
23.800000 0.001173
23.850000 0.000196
23.900000 0.001050
23.950000 0.000005
24.000000 0.000802
24.050000 -0.000289
24.100000 0.000480
24.150000 -0.000626
24.200000 0.000149
24.250000 -0.000935
24.300000 -0.000121
24.350000 -0.001152
24.400000 -0.000271
24.450000 -0.001229
24.500000 -0.000268
24.550000 -0.001150
24.600000 -0.000114
24.650000 -0.000931
24.700000 0.000161
24.750000 -0.000617
24.800000 0.000499
24.850000 -0.000274
24.900000 0.000832
24.950000 0.000031
25.000000 0.001095
25.050000 0.000236
25.100000 0.001236
25.150000 0.000303
25.200000 0.001227
25.250000 0.000218
25.300000 0.001072
25.350000 -0.000003
25.400000 0.000798
25.450000 -0.000319
25.500000 0.000457
25.550000 -0.000670
25.600000 0.000114
25.650000 -0.000990
25.700000 -0.000165
25.750000 -0.001215
25.800000 -0.000323
25.850000 -0.001300
25.900000 -0.000327
25.950000 -0.001224
26.000000 -0.000171
26.050000 -0.000997
26.100000 0.000117
26.150000 -0.000662
26.200000 0.000484
26.250000 -0.000284
26.300000 0.000857
26.350000 0.000062
26.400000 0.001160
26.450000 0.000305
26.500000 0.001331
26.550000 0.000394
26.600000 0.001335
26.650000 0.000310
26.700000 0.001170
26.750000 0.000071
26.800000 0.000869
26.850000 -0.000278
26.900000 0.000492
26.950000 -0.000666
27.000000 0.000113
27.050000 -0.001021
27.100000 -0.000198
27.150000 -0.001274
27.200000 -0.000380
27.250000 -0.001379
27.300000 -0.000401
27.350000 -0.001317
27.400000 -0.000257
27.450000 -0.001099
27.500000 0.000027
27.550000 -0.000763
27.600000 0.000401
27.650000 -0.000369
27.700000 0.000797
27.750000 0.000010
27.800000 0.001142
27.850000 0.000303
27.900000 0.001371
27.950000 0.000454
28.000000 0.001438
28.050000 0.000430
28.100000 0.001325
28.150000 0.000231
28.200000 0.001050
28.250000 -0.000109
28.300000 0.000661
28.350000 -0.000528
28.400000 0.000233
28.450000 -0.000947
28.500000 -0.000154
28.550000 -0.001284
28.600000 -0.000423
28.650000 -0.001473
28.700000 -0.000522
28.750000 -0.001478
28.800000 -0.000431
28.850000 -0.001297
28.900000 -0.000167
28.950000 -0.000964
29.000000 0.000220
29.050000 -0.000542
29.100000 0.000658
29.150000 -0.000110
29.200000 0.001066
29.250000 0.000255
29.300000 0.001372
29.350000 0.000487
29.400000 0.001522
29.450000 0.000546
29.500000 0.001488
29.550000 0.000420
29.600000 0.001277
29.650000 0.000131
29.700000 0.000922
29.750000 -0.000275
29.800000 0.000484
29.850000 -0.000728
29.900000 0.000038
29.950000 -0.001148
30.000000 -0.000336
30.050000 -0.001459
30.100000 -0.000568
30.150000 -0.001601
30.200000 -0.000612
30.250000 -0.001545
30.300000 -0.000456
30.350000 -0.001295
30.400000 -0.000123
30.450000 -0.000894
30.500000 0.000329
30.550000 -0.000414
30.600000 0.000817
30.650000 0.000058
30.700000 0.001252
30.750000 0.000435
30.800000 0.001555
30.850000 0.000648
30.900000 0.001669
30.950000 0.000658
31.000000 0.001574
31.050000 0.000463
31.100000 0.001289
31.150000 0.000098
31.200000 0.000863
31.250000 -0.000371
31.300000 0.000371
31.350000 -0.000864
31.400000 -0.000101
31.450000 -0.001297
31.500000 -0.000475
31.550000 -0.001597
31.600000 -0.000688
31.650000 -0.001713
31.700000 -0.000701
31.750000 -0.001624
31.800000 -0.000511
31.850000 -0.001341
31.900000 -0.000145
31.950000 -0.000908
32.000000 0.000339
32.050000 -0.000394
32.100000 0.000861
32.150000 0.000114
32.200000 0.001332
32.250000 0.000527
32.300000 0.001669
32.350000 0.000771
32.400000 0.001808
32.450000 0.000798
32.500000 0.001721
32.550000 0.000599
32.600000 0.001420
32.650000 0.000207
32.700000 0.000954
32.750000 -0.000312
32.800000 0.000405
32.850000 -0.000868
32.900000 -0.000133
32.950000 -0.001365
33.000000 -0.000566
33.050000 -0.001718
33.100000 -0.000822
33.150000 -0.001867
33.200000 -0.000858
33.250000 -0.001789
33.300000 -0.000668
33.350000 -0.001496
33.400000 -0.000285
33.450000 -0.001039
33.500000 0.000229
33.550000 -0.000489
33.600000 0.000792
33.650000 0.000065
33.700000 0.001315
33.750000 0.000535
33.800000 0.001714
33.850000 0.000845
33.900000 0.001923
33.950000 0.000943
34.000000 0.001904
34.050000 0.000806
34.100000 0.001655
34.150000 0.000452
34.200000 0.001210
34.250000 -0.000067
34.300000 0.000637
34.350000 -0.000670
34.400000 0.000030
34.450000 -0.001257
34.500000 -0.000511
34.550000 -0.001729
34.600000 -0.000893
34.650000 -0.002005
34.700000 -0.001050
34.750000 -0.002035
34.800000 -0.000952
34.850000 -0.001814
34.900000 -0.000615
34.950000 -0.001376
35.000000 -0.000095
35.050000 -0.000795
35.100000 0.000524
35.150000 -0.000164
35.200000 0.001142
35.250000 0.000417
35.300000 0.001663
35.350000 0.000856
35.400000 0.002004
35.450000 0.001086
35.500000 0.002115
35.550000 0.001072
35.600000 0.001976
35.650000 0.000814
35.700000 0.001608
35.750000 0.000349
35.800000 0.001064
35.850000 -0.000256
35.900000 0.000423
35.950000 -0.000910
36.000000 -0.000219
36.050000 -0.001515
36.100000 -0.000762
36.150000 -0.001975
36.200000 -0.001120
36.250000 -0.002215
36.300000 -0.001232
36.350000 -0.002192
36.400000 -0.001072
36.450000 -0.001901
36.500000 -0.000660
36.550000 -0.001384
36.600000 -0.000058
36.650000 -0.000720
36.700000 0.000642
36.750000 -0.000014
36.800000 0.001328
36.850000 0.000624
36.900000 0.001892
36.950000 0.001092
37.000000 0.002245
37.050000 0.001317
37.100000 0.002335
37.150000 0.001267
37.200000 0.002148
37.250000 0.000950
37.300000 0.001714
37.350000 0.000414
37.400000 0.001097
37.450000 -0.000261
37.500000 0.000387
37.550000 -0.000980
37.600000 -0.000313
37.650000 -0.001637
37.700000 -0.000904
37.750000 -0.002139
37.800000 -0.001297
37.850000 -0.002410
37.900000 -0.001434
37.950000 -0.002406
38.000000 -0.001287
38.050000 -0.002121
38.100000 -0.000872
38.150000 -0.001590
38.200000 -0.000244
38.250000 -0.000886
38.300000 0.000510
38.350000 -0.000110
38.400000 0.001280
38.450000 0.000623
38.500000 0.001948
38.550000 0.001200
38.600000 0.002412
38.650000 0.001532
38.700000 0.002599
38.750000 0.001565
38.800000 0.002478
38.850000 0.001293
38.900000 0.002065
38.950000 0.000755
39.000000 0.001421
39.050000 0.000030
39.100000 0.000642
39.150000 -0.000776
39.200000 -0.000161
39.250000 -0.001548
39.300000 -0.000875
39.350000 -0.002179
39.400000 -0.001400
39.450000 -0.002580
39.500000 -0.001664
39.550000 -0.002698
39.600000 -0.001630
39.650000 -0.002513
39.700000 -0.001299
39.750000 -0.002047
39.800000 -0.000711
39.850000 -0.001357
39.900000 0.000058
39.950000 -0.000534
40.000000 0.000907
40.050000 0.000311
40.100000 0.001720
40.150000 0.001061
40.200000 0.002379
40.250000 0.001605
40.300000 0.002788
40.350000 0.001863
40.400000 0.002883
40.450000 0.001789
40.500000 0.002644
40.550000 0.001391
40.600000 0.002099
40.650000 0.000719
40.700000 0.001324
40.750000 -0.000133
40.800000 0.000426
40.850000 -0.001046
40.900000 -0.000469
40.950000 -0.001891
41.000000 -0.001236
41.050000 -0.002554
41.100000 -0.001771
41.150000 -0.002943
41.200000 -0.002002
41.250000 -0.003009
41.300000 -0.001900
41.350000 -0.002744
41.400000 -0.001479
41.450000 -0.002181
41.500000 -0.000792
41.550000 -0.001391
41.600000 0.000076
41.650000 -0.000473
41.700000 0.001015
41.750000 0.000457
41.800000 0.001906
41.850000 0.001280
41.900000 0.002633
41.950000 0.001885
42.000000 0.003095
42.050000 0.002187
42.100000 0.003224
42.150000 0.002136
42.200000 0.002994
42.250000 0.001732
42.300000 0.002428
42.350000 0.001020
42.400000 0.001594
42.450000 0.000092
42.500000 0.000603
42.550000 -0.000929
42.600000 -0.000414
42.650000 -0.001908
42.700000 -0.001321
42.750000 -0.002713
42.800000 -0.001997
42.850000 -0.003238
42.900000 -0.002353
42.950000 -0.003415
43.000000 -0.002345
43.050000 -0.003222
43.100000 -0.001975
43.150000 -0.002687
43.200000 -0.001291
43.250000 -0.001875
43.300000 -0.000378
43.350000 -0.000889
43.400000 0.000652
43.450000 0.000152
43.500000 0.001673
43.550000 0.001121
43.600000 0.002559
43.650000 0.001896
43.700000 0.003199
43.750000 0.002378
43.800000 0.003505
43.850000 0.002497
43.900000 0.003429
43.950000 0.002224
44.000000 0.002965
44.050000 0.001580
44.100000 0.002158
44.150000 0.000634
44.200000 0.001101
44.250000 -0.000503
44.300000 -0.000077
44.350000 -0.001684
44.400000 -0.001222
44.450000 -0.002751
44.500000 -0.002173
44.550000 -0.003550
44.600000 -0.002786
44.650000 -0.003947
44.700000 -0.002941
44.750000 -0.003840
44.800000 -0.002556
44.850000 -0.003165
44.900000 -0.001582
44.950000 -0.001888
