-30.000000 0.001284
-29.950000 0.000990
-29.900000 0.001989
-29.850000 0.001419
-29.800000 0.002160
-29.750000 0.001349
-29.700000 0.001876
-29.650000 0.000876
-29.600000 0.001247
-29.550000 0.000124
-29.500000 0.000407
-29.450000 -0.000769
-29.400000 -0.000498
-29.350000 -0.001652
-29.300000 -0.001323
-29.250000 -0.002389
-29.200000 -0.001939
-29.150000 -0.002863
-29.100000 -0.002249
-29.050000 -0.002997
-29.000000 -0.002198
-28.950000 -0.002763
-28.900000 -0.001786
-28.850000 -0.002188
-28.800000 -0.001064
-28.750000 -0.001346
-28.700000 -0.000129
-28.650000 -0.000352
-28.600000 0.000892
-28.550000 0.000659
-28.500000 0.001859
-28.450000 0.001548
-28.400000 0.002642
-28.350000 0.002196
-28.300000 0.003135
-28.250000 0.002516
-28.200000 0.003273
-28.150000 0.002464
-28.100000 0.003034
-28.050000 0.002043
-28.000000 0.002445
-27.950000 0.001302
-27.900000 0.001577
-27.850000 0.000331
-27.800000 0.000535
-27.750000 -0.000751
-27.700000 -0.000550
-27.650000 -0.001806
-27.600000 -0.001539
-27.550000 -0.002699
-27.500000 -0.002303
-27.450000 -0.003309
-27.400000 -0.002735
-27.350000 -0.003549
-27.300000 -0.002773
-27.250000 -0.003382
-27.200000 -0.002403
-27.150000 -0.002822
-27.100000 -0.001668
-27.050000 -0.001937
-27.000000 -0.000659
-26.950000 -0.000839
-26.900000 0.000496
-26.850000 0.000334
-26.800000 0.001651
-26.750000 0.001433
-26.700000 0.002661
-26.650000 0.002321
-26.600000 0.003400
-26.550000 0.002887
-26.500000 0.003777
-26.450000 0.003060
-26.400000 0.003742
-26.350000 0.002816
-26.300000 0.003296
-26.250000 0.002179
-26.200000 0.002487
-26.150000 0.001217
-26.100000 0.001403
-26.050000 0.000041
-26.000000 0.000171
-25.950000 -0.001212
-25.900000 -0.001064
-25.850000 -0.002392
-25.800000 -0.002151
-25.750000 -0.003353
-25.700000 -0.002953
-25.650000 -0.003971
-25.600000 -0.003364
-25.550000 -0.004163
-25.500000 -0.003329
-25.450000 -0.003901
-25.400000 -0.002844
-25.350000 -0.003209
-25.300000 -0.001965
-25.250000 -0.002169
-25.200000 -0.000793
-25.150000 -0.000903
-25.100000 0.000533
-25.050000 0.000443
-25.000000 0.001860
-24.950000 0.001711
-24.900000 0.003034
-24.850000 0.002756
-24.800000 0.003921
-24.750000 0.003457
-24.700000 0.004417
-24.650000 0.003733
-24.600000 0.004463
-24.550000 0.003544
-24.500000 0.004045
-24.450000 0.002905
-24.400000 0.003201
-24.350000 0.001876
-24.300000 0.002016
-24.250000 0.000566
-24.200000 0.000618
-24.150000 -0.000883
-24.100000 -0.000839
-24.050000 -0.002307
-24.000000 -0.002187
-23.950000 -0.003541
-23.900000 -0.003269
-23.850000 -0.004440
-23.800000 -0.003957
-23.750000 -0.004897
-23.700000 -0.004168
-23.650000 -0.004855
-23.600000 -0.003873
-23.550000 -0.004316
-23.500000 -0.003103
-23.450000 -0.003337
-23.400000 -0.001940
-23.350000 -0.002022
-23.300000 -0.000507
-23.250000 -0.000510
-23.200000 0.001045
-23.150000 0.001040
-23.100000 0.002553
-23.050000 0.002466
-23.000000 0.003859
-22.950000 0.003616
-22.900000 0.004823
-22.850000 0.004366
-22.800000 0.005337
-22.750000 0.004627
-22.700000 0.005337
-22.650000 0.004361
-22.600000 0.004810
-22.550000 0.003584
-22.500000 0.003802
-22.450000 0.002367
-22.400000 0.002408
-22.350000 0.000832
-22.300000 0.000772
-22.250000 -0.000863
-22.200000 -0.000936
-22.150000 -0.002538
-22.100000 -0.002534
-22.050000 -0.004018
-22.000000 -0.003854
-21.950000 -0.005145
-21.900000 -0.004758
-21.850000 -0.005801
-21.800000 -0.005149
-21.750000 -0.005918
-21.700000 -0.004988
-21.650000 -0.005481
-21.600000 -0.004284
-21.550000 -0.004528
-21.500000 -0.003102
-21.450000 -0.003146
-21.400000 -0.001551
-21.350000 -0.001462
-21.300000 0.000225
-21.250000 0.000364
-21.200000 0.002058
-21.150000 0.002158
-21.100000 0.003768
-21.050000 0.003741
-21.000000 0.005185
-20.950000 0.004954
-20.900000 0.006161
-20.850000 0.005667
-20.800000 0.006591
-20.750000 0.005799
-20.700000 0.006421
-20.650000 0.005329
-20.600000 0.005660
-20.550000 0.004293
-20.500000 0.004374
-20.450000 0.002788
-20.400000 0.002685
-20.350000 0.000954
-20.300000 0.000750
-20.250000 -0.001036
-20.200000 -0.001249
-20.150000 -0.002998
-20.100000 -0.003128
-20.050000 -0.004752
-20.000000 -0.004715
-19.950000 -0.006135
-19.900000 -0.005863
-19.850000 -0.007019
-19.800000 -0.006461
-19.750000 -0.007315
-19.700000 -0.006445
-19.650000 -0.006984
-19.600000 -0.005803
-19.550000 -0.006043
-19.500000 -0.004580
-19.450000 -0.004562
-19.400000 -0.002873
-19.350000 -0.002666
-19.300000 -0.000829
-19.250000 -0.000520
-19.200000 0.001371
-19.150000 0.001683
-19.100000 0.003526
-19.050000 0.003741
-19.000000 0.005440
-18.950000 0.005468
-18.900000 0.006940
-18.850000 0.006706
-18.800000 0.007888
-18.750000 0.007343
-18.700000 0.008199
-18.650000 0.007320
-18.600000 0.007841
-18.550000 0.006635
-18.500000 0.006841
-18.450000 0.005339
-18.400000 0.005275
-18.350000 0.003533
-18.300000 0.003264
-18.250000 0.001357
-18.200000 0.000966
-18.150000 -0.001016
-18.100000 -0.001434
-18.050000 -0.003394
-18.000000 -0.003741
-17.950000 -0.005579
-17.900000 -0.005757
-17.850000 -0.007382
-17.800000 -0.007306
-17.750000 -0.008642
-17.700000 -0.008247
-17.650000 -0.009240
-17.600000 -0.008488
-17.550000 -0.009115
-17.500000 -0.007998
-17.450000 -0.008268
-17.400000 -0.006810
-17.350000 -0.006762
-17.300000 -0.005016
-17.250000 -0.004716
-17.200000 -0.002758
-17.150000 -0.002289
-17.100000 -0.000210
-17.050000 0.000331
-17.000000 0.002431
-16.950000 0.002943
-16.900000 0.004964
-16.850000 0.005349
-16.800000 0.007196
-16.750000 0.007365
-16.700000 0.008955
-16.650000 0.008832
-16.600000 0.010100
-16.550000 0.009629
-16.500000 0.010530
-16.450000 0.009681
-16.400000 0.010196
-16.350000 0.008964
-16.300000 0.009105
-16.250000 0.007517
-16.200000 0.007325
-16.150000 0.005435
-16.100000 0.004978
-16.050000 0.002867
-16.000000 0.002235
-15.950000 0.000000
-15.900000 -0.000702
-15.850000 -0.002952
-15.800000 -0.003615
-15.750000 -0.005771
-15.700000 -0.006289
-15.650000 -0.008251
-15.600000 -0.008531
-15.550000 -0.010213
-15.500000 -0.010179
-15.450000 -0.011515
-15.400000 -0.011111
-15.350000 -0.012058
-15.300000 -0.011254
-15.250000 -0.011794
-15.200000 -0.010584
-15.150000 -0.010725
-15.100000 -0.009130
-15.050000 -0.008907
-15.000000 -0.006977
-14.950000 -0.006450
-14.900000 -0.004257
-14.850000 -0.003511
-14.800000 -0.001148
-14.750000 -0.000283
-14.700000 0.002142
-14.650000 0.003012
-14.600000 0.005385
-14.550000 0.006149
-14.500000 0.008359
-14.450000 0.008909
-14.400000 0.010857
-14.350000 0.011103
-14.300000 0.012709
-14.250000 0.012582
-14.200000 0.013789
-14.150000 0.013246
-14.100000 0.014024
-14.050000 0.013047
-14.000000 0.013392
-13.950000 0.011990
-13.900000 0.011922
-13.850000 0.010129
-13.800000 0.009692
-13.750000 0.007562
-13.700000 0.006823
-13.650000 0.004433
-13.600000 0.003477
-13.550000 0.000919
-13.500000 -0.000154
-13.450000 -0.002772
-13.400000 -0.003849
-13.350000 -0.006412
-13.300000 -0.007378
-13.250000 -0.009772
-13.200000 -0.010516
-13.150000 -0.012635
-13.100000 -0.013058
-13.050000 -0.014814
-13.000000 -0.014838
-12.950000 -0.016165
-12.900000 -0.015739
-12.850000 -0.016600
-12.800000 -0.015701
-12.750000 -0.016085
-12.700000 -0.014718
-12.650000 -0.014645
-12.600000 -0.012840
-12.550000 -0.012353
-12.500000 -0.010165
-12.450000 -0.009329
-12.400000 -0.006832
-12.350000 -0.005729
-12.300000 -0.003014
-12.250000 -0.001740
-12.200000 0.001092
-12.150000 0.002428
-12.100000 0.005265
-12.050000 0.006551
-12.000000 0.009280
-11.950000 0.010402
-11.900000 0.012911
-11.850000 0.013763
-11.800000 0.015950
-11.750000 0.016438
-11.700000 0.018221
-11.650000 0.018272
-11.600000 0.019590
-11.550000 0.019157
-11.500000 0.019975
-11.450000 0.019037
-11.400000 0.019349
-11.350000 0.017911
-11.300000 0.017735
-11.250000 0.015829
-11.200000 0.015207
-11.150000 0.012884
-11.100000 0.011876
-11.050000 0.009206
-11.000000 0.007891
-10.950000 0.004960
-10.900000 0.003428
-10.850000 0.000334
-10.800000 -0.001310
-10.750000 -0.004460
-10.700000 -0.006103
-10.650000 -0.009193
-10.600000 -0.010720
-10.550000 -0.013636
-10.500000 -0.014932
-10.450000 -0.017562
-10.400000 -0.018522
-10.350000 -0.020767
-10.300000 -0.021302
-10.250000 -0.023083
-10.200000 -0.023124
-10.150000 -0.024384
-10.100000 -0.023889
-10.050000 -0.024600
-10.000000 -0.023553
-9.950000 -0.023713
-9.900000 -0.022125
-9.850000 -0.021757
-9.800000 -0.019662
-9.750000 -0.018809
-9.700000 -0.016260
-9.650000 -0.014986
-9.600000 -0.012054
-9.550000 -0.010436
-9.500000 -0.007205
-9.450000 -0.005334
-9.400000 -0.001903
-9.350000 0.000119
-9.300000 0.003645
-9.250000 0.005706
-9.200000 0.009212
-9.150000 0.011197
-9.100000 0.014569
-9.050000 0.016365
-9.000000 0.019492
-8.950000 0.020993
-8.900000 0.023774
-8.850000 0.024887
-8.800000 0.027239
-8.750000 0.027890
-8.700000 0.029747
-8.650000 0.029880
-8.600000 0.031198
-8.550000 0.030779
-8.500000 0.031535
-8.450000 0.030550
-8.400000 0.030737
-8.350000 0.029189
-8.300000 0.028820
-8.250000 0.026729
-8.200000 0.025831
-8.150000 0.023232
-8.100000 0.021847
-8.050000 0.018791
-8.000000 0.016980
-7.950000 0.013533
-7.900000 0.011369
-7.850000 0.007616
-7.800000 0.005190
-7.750000 0.001227
-7.700000 -0.001357
-7.650000 -0.005421
-7.600000 -0.008052
-7.550000 -0.012103
-7.500000 -0.014664
-7.450000 -0.018588
-7.400000 -0.020969
-7.350000 -0.024657
-7.300000 -0.026754
-7.250000 -0.030110
-7.200000 -0.031832
-7.150000 -0.034770
-7.100000 -0.036038
-7.050000 -0.038486
-7.000000 -0.039235
-6.950000 -0.041135
-6.900000 -0.041314
-6.850000 -0.042622
-6.800000 -0.042195
-6.750000 -0.042882
-6.700000 -0.041827
-6.650000 -0.041881
-6.600000 -0.040196
-6.550000 -0.039623
-6.500000 -0.037324
-6.450000 -0.036152
-6.400000 -0.033276
-6.350000 -0.031552
-6.300000 -0.028156
-6.250000 -0.025944
-6.200000 -0.022101
-6.150000 -0.019481
-6.100000 -0.015276
-6.050000 -0.012337
-6.000000 -0.007861
-5.950000 -0.004696
-5.900000 -0.000041
-5.850000 0.003259
-5.800000 0.008002
-5.750000 0.011347
-5.700000 0.016091
-5.650000 0.019398
-5.600000 0.024060
-5.550000 0.027247
-5.500000 0.031747
-5.450000 0.034734
-5.400000 0.038995
-5.350000 0.041707
-5.300000 0.045654
-5.250000 0.048020
-5.200000 0.051585
-5.150000 0.053540
-5.100000 0.056665
-5.050000 0.058156
-5.000000 0.060792
-4.950000 0.061777
-4.900000 0.063889
-4.850000 0.064341
-4.800000 0.065907
-4.750000 0.065807
-4.700000 0.066816
-4.650000 0.066157
-4.600000 0.066604
-4.550000 0.065386
-4.500000 0.065273
-4.450000 0.063498
-4.400000 0.062829
-4.350000 0.060503
-4.300000 0.059284
-4.250000 0.056416
-4.200000 0.054659
-4.150000 0.051261
-4.100000 0.048981
-4.050000 0.045075
-4.000000 0.042297
-3.950000 0.037909
-3.900000 0.034666
-3.850000 0.029835
-3.800000 0.026168
-3.750000 0.020940
-3.700000 0.016897
-3.650000 0.011321
-3.600000 0.006954
-3.550000 0.001081
-3.500000 -0.003558
-3.450000 -0.009676
-3.400000 -0.014537
-3.350000 -0.020850
-3.300000 -0.025884
-3.250000 -0.032343
-3.200000 -0.037500
-3.150000 -0.044054
-3.100000 -0.049281
-3.050000 -0.055874
-3.000000 -0.061114
-2.950000 -0.067686
-2.900000 -0.072876
-2.850000 -0.079363
-2.800000 -0.084436
-2.750000 -0.090771
-2.700000 -0.095662
-2.650000 -0.101780
-2.600000 -0.106425
-2.550000 -0.112265
-2.500000 -0.116607
-2.450000 -0.122117
-2.400000 -0.126107
-2.350000 -0.131241
-2.300000 -0.134839
-2.250000 -0.139562
-2.200000 -0.142735
-2.150000 -0.147016
-2.100000 -0.149736
-2.050000 -0.153549
-2.000000 -0.155793
-1.950000 -0.159115
-1.900000 -0.160859
-1.850000 -0.163670
-1.800000 -0.164897
-1.750000 -0.167181
-1.700000 -0.167879
-1.650000 -0.169630
-1.600000 -0.169797
-1.550000 -0.171017
-1.500000 -0.170663
-1.450000 -0.171369
-1.400000 -0.170515
-1.350000 -0.170733
-1.300000 -0.169410
-1.250000 -0.169177
-1.200000 -0.167424
-1.150000 -0.166778
-1.100000 -0.164635
-1.050000 -0.163617
-1.000000 -0.161125
-0.950000 -0.159772
-0.900000 -0.156968
-0.850000 -0.155319
-0.800000 -0.152239
-0.750000 -0.150329
-0.700000 -0.147008
-0.650000 -0.144873
-0.600000 -0.141350
-0.550000 -0.139030
-0.500000 -0.135345
-0.450000 -0.132884
-0.400000 -0.129083
-0.350000 -0.126525
-0.300000 -0.122654
-0.250000 -0.120046
-0.200000 -0.116148
-0.150000 -0.113533
-0.100000 -0.109651
-0.050000 -0.107065
0.000000 -0.103230
0.050000 -0.100703
0.100000 -0.096941
0.150000 -0.094494
0.200000 -0.090825
0.250000 -0.088476
0.300000 -0.084915
0.350000 -0.082679
0.400000 -0.079242
0.450000 -0.077137
0.500000 -0.073844
0.550000 -0.071892
0.600000 -0.068769
0.650000 -0.066997
0.700000 -0.064071
0.750000 -0.062509
0.800000 -0.059812
0.850000 -0.058492
0.900000 -0.056055
0.950000 -0.055006
1.000000 -0.052860
1.050000 -0.052114
1.100000 -0.050290
1.150000 -0.049881
1.200000 -0.048415
1.250000 -0.048383
1.300000 -0.047323
1.350000 -0.047723
1.400000 -0.047131
1.450000 -0.048036
1.500000 -0.047999
1.550000 -0.049510
1.600000 -0.050143
1.650000 -0.052391
1.700000 -0.053844
1.750000 -0.056998
1.800000 -0.059461
1.850000 -0.063733
1.900000 -0.067440
1.950000 -0.073092
2.000000 -0.078335
2.050000 -0.085689
2.100000 -0.092825
2.150000 -0.102278
2.200000 -0.111750
2.250000 -0.123794
2.300000 -0.136148
2.350000 -0.151391
2.400000 -0.167302
2.450000 -0.186490
2.500000 -0.206781
2.550000 -0.230819
2.600000 -0.256480
2.650000 -0.286445
2.700000 -0.318639
2.750000 -0.355778
2.800000 -0.395829
2.850000 -0.441535
2.900000 -0.490893
2.950000 -0.546651
3.000000 -0.606809
3.050000 -0.674085
3.100000 -0.746441
3.150000 -0.826508
3.200000 -0.912141
3.250000 -1.005810
3.300000 -1.105171
3.350000 -1.212425
3.400000 -1.324918
3.450000 -1.444465
3.500000 -1.567981
3.550000 -1.696785
3.600000 -1.827261
3.650000 -1.960164
3.700000 -2.091326
3.750000 -2.220965
3.800000 -2.344457
3.850000 -2.461654
3.900000 -2.567729
3.950000 -2.662498
4.000000 -2.741321
4.050000 -2.804419
4.100000 -2.847794
4.150000 -2.872501
4.200000 -2.875559
4.250000 -2.859143
4.300000 -2.821455
4.350000 -2.765811
4.400000 -2.691485
4.450000 -2.602697
4.500000 -2.499444
4.550000 -2.386434
4.600000 -2.263938
4.650000 -2.136704
4.700000 -2.004860
4.750000 -1.872836
4.800000 -1.740336
4.850000 -1.611269
4.900000 -1.484793
4.950000 -1.364239
5.000000 -1.248228
5.050000 -1.139570
5.100000 -1.036434
5.150000 -0.941222
5.200000 -0.851768
5.250000 -0.770186
5.300000 -0.694098
5.350000 -0.625437
5.400000 -0.561707
5.450000 -0.504746
5.500000 -0.452012
5.550000 -0.405307
5.600000 -0.362088
5.650000 -0.324158
5.700000 -0.289004
5.750000 -0.258447
5.800000 -0.230018
5.850000 -0.205569
5.900000 -0.182677
5.950000 -0.163227
6.000000 -0.144846
6.050000 -0.129450
6.100000 -0.114711
6.150000 -0.102573
6.200000 -0.090753
6.250000 -0.081218
6.300000 -0.071724
6.350000 -0.064261
6.400000 -0.056617
6.450000 -0.050799
6.500000 -0.044627
6.550000 -0.040119
6.600000 -0.035122
6.650000 -0.031660
6.700000 -0.027603
6.750000 -0.024980
6.800000 -0.021679
6.850000 -0.019728
6.900000 -0.017031
6.950000 -0.015615
7.000000 -0.013399
7.050000 -0.012404
7.100000 -0.010563
7.150000 -0.009894
7.200000 -0.008341
7.250000 -0.007919
7.300000 -0.006583
7.350000 -0.006345
7.400000 -0.005173
7.450000 -0.005073
7.500000 -0.004027
7.550000 -0.004034
7.600000 -0.003089
7.650000 -0.003186
7.700000 -0.002328
7.750000 -0.002504
7.800000 -0.001727
7.850000 -0.001975
7.900000 -0.001271
7.950000 -0.001585
8.000000 -0.000947
8.050000 -0.001315
8.100000 -0.000728
8.150000 -0.001135
8.200000 -0.000583
8.250000 -0.001012
8.300000 -0.000477
8.350000 -0.000911
8.400000 -0.000379
8.450000 -0.000807
8.500000 -0.000270
8.550000 -0.000687
8.600000 -0.000145
8.650000 -0.000555
8.700000 -0.000014
8.750000 -0.000426
8.800000 0.000103
8.850000 -0.000320
8.900000 0.000189
8.950000 -0.000254
9.000000 0.000230
9.050000 -0.000235
9.100000 0.000224
9.150000 -0.000258
9.200000 0.000183
9.250000 -0.000308
9.300000 0.000127
9.350000 -0.000359
9.400000 0.000081
9.450000 -0.000391
9.500000 0.000064
9.550000 -0.000386
9.600000 0.000086
9.650000 -0.000343
9.700000 0.000143
9.750000 -0.000271
9.800000 0.000220
9.850000 -0.000191
9.900000 0.000292
9.950000 -0.000128
10.000000 0.000336
10.050000 -0.000101
10.100000 0.000339
10.150000 -0.000118
10.200000 0.000299
10.250000 -0.000174
10.300000 0.000229
10.350000 -0.000248
10.400000 0.000152
10.450000 -0.000315
10.500000 0.000095
10.550000 -0.000353
10.600000 0.000076
10.650000 -0.000347
10.700000 0.000101
10.750000 -0.000300
10.800000 0.000162
10.850000 -0.000225
10.900000 0.000240
10.950000 -0.000147
11.000000 0.000308
11.050000 -0.000089
11.100000 0.000346
11.150000 -0.000070
11.200000 0.000340
11.250000 -0.000096
11.300000 0.000291
11.350000 -0.000159
11.400000 0.000215
11.450000 -0.000238
11.500000 0.000134
11.550000 -0.000309
11.600000 0.000075
11.650000 -0.000348
11.700000 0.000056
11.750000 -0.000341
11.800000 0.000084
11.850000 -0.000289
11.900000 0.000151
11.950000 -0.000208
12.000000 0.000234
12.050000 -0.000123
12.100000 0.000308
12.150000 -0.000062
12.200000 0.000348
12.250000 -0.000043
12.300000 0.000339
12.350000 -0.000074
12.400000 0.000284
12.450000 -0.000144
12.500000 0.000201
12.550000 -0.000230
12.600000 0.000114
12.650000 -0.000305
12.700000 0.000052
12.750000 -0.000345
12.800000 0.000033
12.850000 -0.000337
12.900000 0.000063
12.950000 -0.000283
13.000000 0.000133
13.050000 -0.000198
13.100000 0.000220
13.150000 -0.000110
13.200000 0.000299
13.250000 -0.000043
13.300000 0.000343
13.350000 -0.000020
13.400000 0.000339
13.450000 -0.000047
13.500000 0.000286
13.550000 -0.000117
13.600000 0.000199
13.650000 -0.000209
13.700000 0.000105
13.750000 -0.000293
13.800000 0.000033
13.850000 -0.000343
13.900000 0.000005
13.950000 -0.000342
14.000000 0.000030
14.050000 -0.000289
14.100000 0.000102
14.150000 -0.000200
14.200000 0.000197
14.250000 -0.000102
14.300000 0.000286
14.350000 -0.000025
14.400000 0.000340
14.450000 0.000008
14.500000 0.000343
14.550000 -0.000015
14.600000 0.000293
14.650000 -0.000084
14.700000 0.000205
14.750000 -0.000180
14.800000 0.000104
14.850000 -0.000273
14.900000 0.000022
14.950000 -0.000334
15.000000 -0.000018
15.050000 -0.000345
15.100000 -0.000004
15.150000 -0.000302
15.200000 0.000060
15.250000 -0.000216
15.300000 0.000157
15.350000 -0.000112
15.400000 0.000257
15.450000 -0.000020
15.500000 0.000329
15.550000 0.000031
15.600000 0.000350
15.650000 0.000026
15.700000 0.000314
15.750000 -0.000035
15.800000 0.000228
15.850000 -0.000133
15.900000 0.000119
15.950000 -0.000240
16.000000 0.000019
16.050000 -0.000321
16.100000 -0.000042
16.150000 -0.000352
16.200000 -0.000045
16.250000 -0.000323
16.300000 0.000010
16.350000 -0.000242
16.400000 0.000106
16.450000 -0.000132
16.500000 0.000216
16.550000 -0.000026
16.600000 0.000306
16.650000 0.000046
16.700000 0.000350
16.750000 0.000062
16.800000 0.000334
16.850000 0.000019
16.900000 0.000262
16.950000 -0.000072
17.000000 0.000154
17.050000 -0.000184
17.100000 0.000040
17.150000 -0.000286
17.200000 -0.000047
17.250000 -0.000347
17.300000 -0.000081
17.350000 -0.000347
17.400000 -0.000052
17.450000 -0.000286
17.500000 0.000033
17.550000 -0.000179
17.600000 0.000150
17.650000 -0.000057
17.700000 0.000263
17.750000 0.000044
17.800000 0.000340
17.850000 0.000096
17.900000 0.000357
17.950000 0.000081
18.000000 0.000307
18.050000 0.000005
18.100000 0.000206
18.150000 -0.000111
18.200000 0.000080
18.250000 -0.000232
18.300000 -0.000033
18.350000 -0.000324
18.400000 -0.000101
18.450000 -0.000359
18.500000 -0.000106
18.550000 -0.000328
18.600000 -0.000046
18.650000 -0.000239
18.700000 0.000062
18.750000 -0.000115
18.800000 0.000188
18.850000 0.000009
18.900000 0.000297
18.950000 0.000099
19.000000 0.000357
19.050000 0.000129
19.100000 0.000350
19.150000 0.000090
19.200000 0.000277
19.250000 -0.000008
19.300000 0.000156
19.350000 -0.000138
19.400000 0.000021
19.450000 -0.000264
19.500000 -0.000091
19.550000 -0.000349
19.600000 -0.000147
19.650000 -0.000367
19.700000 -0.000131
19.750000 -0.000313
19.800000 -0.000046
19.850000 -0.000200
19.900000 0.000082
19.950000 -0.000060
20.000000 0.000219
20.050000 0.000069
20.100000 0.000325
20.150000 0.000150
20.200000 0.000371
20.250000 0.000161
20.300000 0.000343
20.350000 0.000100
20.400000 0.000248
20.450000 -0.000017
20.500000 0.000112
20.550000 -0.000158
20.600000 -0.000029
20.650000 -0.000285
20.700000 -0.000137
20.750000 -0.000362
20.800000 -0.000183
20.850000 -0.000369
20.900000 -0.000154
20.950000 -0.000301
21.000000 -0.000056
21.050000 -0.000174
21.100000 0.000085
21.150000 -0.000023
21.200000 0.000231
21.250000 0.000112
21.300000 0.000341
21.350000 0.000194
21.400000 0.000384
21.450000 0.000199
21.500000 0.000347
21.550000 0.000126
21.600000 0.000238
21.650000 -0.000007
21.700000 0.000086
21.750000 -0.000163
21.800000 -0.000068
21.850000 -0.000299
21.900000 -0.000181
21.950000 -0.000378
22.000000 -0.000225
22.050000 -0.000378
22.100000 -0.000187
22.150000 -0.000299
22.200000 -0.000077
22.250000 -0.000161
22.300000 0.000075
22.350000 0.000000
22.400000 0.000230
22.450000 0.000143
22.500000 0.000346
22.550000 0.000230
22.600000 0.000393
22.650000 0.000238
22.700000 0.000357
22.750000 0.000164
22.800000 0.000245
22.850000 0.000026
22.900000 0.000085
22.950000 -0.000141
23.000000 -0.000082
23.050000 -0.000292
23.100000 -0.000212
23.150000 -0.000387
23.200000 -0.000270
23.250000 -0.000399
23.300000 -0.000239
23.350000 -0.000322
23.400000 -0.000127
23.450000 -0.000177
23.500000 0.000037
23.550000 -0.000000
23.600000 0.000210
23.650000 0.000162
23.700000 0.000346
23.750000 0.000268
23.800000 0.000409
23.850000 0.000289
23.900000 0.000382
23.950000 0.000221
24.000000 0.000272
24.050000 0.000080
24.100000 0.000105
24.150000 -0.000097
24.200000 -0.000076
24.250000 -0.000265
24.300000 -0.000226
24.350000 -0.000382
24.400000 -0.000307
24.450000 -0.000418
24.500000 -0.000298
24.550000 -0.000360
24.600000 -0.000200
24.650000 -0.000223
24.700000 -0.000037
24.750000 -0.000038
24.800000 0.000152
24.850000 0.000148
24.900000 0.000318
24.950000 0.000287
25.000000 0.000417
25.050000 0.000344
25.100000 0.000422
25.150000 0.000303
25.200000 0.000331
25.250000 0.000172
25.300000 0.000165
25.350000 -0.000015
25.400000 -0.000035
25.450000 -0.000210
25.500000 -0.000218
25.550000 -0.000364
25.600000 -0.000338
25.650000 -0.000437
25.700000 -0.000366
25.750000 -0.000412
25.800000 -0.000294
25.850000 -0.000293
25.900000 -0.000140
25.950000 -0.000108
26.000000 0.000058
26.050000 0.000097
26.100000 0.000253
26.150000 0.000273
26.200000 0.000396
26.250000 0.000378
26.300000 0.000451
26.350000 0.000385
26.400000 0.000404
26.450000 0.000291
26.500000 0.000263
26.550000 0.000117
26.600000 0.000060
26.650000 -0.000096
26.700000 -0.000155
26.750000 -0.000295
26.800000 -0.000330
26.850000 -0.000430
26.900000 -0.000422
26.950000 -0.000467
27.000000 -0.000406
27.050000 -0.000394
27.100000 -0.000285
27.150000 -0.000228
27.200000 -0.000089
27.250000 -0.000008
27.300000 0.000135
27.350000 0.000212
27.400000 0.000332
27.450000 0.000379
27.500000 0.000454
27.550000 0.000454
27.600000 0.000472
27.650000 0.000418
27.700000 0.000380
27.750000 0.000280
27.800000 0.000199
27.850000 0.000072
27.900000 -0.000029
27.950000 -0.000158
28.000000 -0.000252
28.050000 -0.000356
28.100000 -0.000419
28.150000 -0.000475
28.200000 -0.000488
28.250000 -0.000485
28.300000 -0.000442
28.350000 -0.000380
28.400000 -0.000290
28.450000 -0.000184
28.500000 -0.000066
28.550000 0.000060
28.600000 0.000178
28.650000 0.000295
28.700000 0.000383
28.750000 0.000464
28.800000 0.000501
28.850000 0.000527
28.900000 0.000500
28.950000 0.000467
29.000000 0.000380
29.050000 0.000299
29.100000 0.000168
29.150000 0.000061
29.200000 -0.000087
29.250000 -0.000191
29.300000 -0.000327
29.350000 -0.000399
29.400000 -0.000496
29.450000 -0.000515
29.500000 -0.000557
29.550000 -0.000511
29.600000 -0.000494
29.650000 -0.000388
29.700000 -0.000322
29.750000 -0.000171
29.800000 -0.000077
29.850000 0.000093
29.900000 0.000185
29.950000 0.000345
30.000000 0.000406
30.050000 0.000527
30.100000 0.000534
30.150000 0.000598
30.200000 0.000538
30.250000 0.000539
30.300000 0.000413
30.350000 0.000361
30.400000 0.000187
30.450000 0.000104
30.500000 -0.000093
30.550000 -0.000176
30.600000 -0.000362
30.650000 -0.000413
30.700000 -0.000559
30.750000 -0.000553
30.800000 -0.000639
30.850000 -0.000563
30.900000 -0.000583
30.950000 -0.000440
31.000000 -0.000404
31.050000 -0.000209
31.100000 -0.000141
31.150000 0.000077
31.200000 0.000148
31.250000 0.000358
31.300000 0.000400
31.350000 0.000572
31.400000 0.000559
31.450000 0.000672
31.500000 0.000589
31.550000 0.000636
31.600000 0.000483
31.650000 0.000470
31.700000 0.000260
31.750000 0.000207
31.800000 -0.000034
31.850000 -0.000097
31.900000 -0.000336
31.950000 -0.000375
32.000000 -0.000581
32.050000 -0.000567
32.100000 -0.000714
32.150000 -0.000627
32.200000 -0.000703
32.250000 -0.000540
32.300000 -0.000549
32.350000 -0.000322
32.400000 -0.000284
32.450000 -0.000019
32.500000 0.000035
32.550000 0.000303
32.600000 0.000338
32.650000 0.000576
32.700000 0.000560
32.750000 0.000740
32.800000 0.000652
32.850000 0.000760
32.900000 0.000594
32.950000 0.000632
33.000000 0.000397
33.050000 0.000382
33.100000 0.000101
33.150000 0.000061
33.200000 -0.000233
33.250000 -0.000264
33.300000 -0.000537
33.350000 -0.000526
33.400000 -0.000748
33.450000 -0.000669
33.500000 -0.000820
33.550000 -0.000660
33.600000 -0.000735
33.650000 -0.000498
33.700000 -0.000509
33.750000 -0.000213
33.800000 -0.000186
33.850000 0.000137
33.900000 0.000168
33.950000 0.000480
34.000000 0.000477
34.050000 0.000744
34.100000 0.000675
34.150000 0.000871
34.200000 0.000720
34.250000 0.000835
34.300000 0.000599
34.350000 0.000641
34.400000 0.000337
34.450000 0.000329
34.500000 -0.000014
34.550000 -0.000038
34.600000 -0.000382
34.650000 -0.000384
34.700000 -0.000694
34.750000 -0.000639
34.800000 -0.000886
34.850000 -0.000752
34.900000 -0.000919
34.950000 -0.000699
35.000000 -0.000785
35.050000 -0.000486
35.100000 -0.000510
35.150000 -0.000155
35.200000 -0.000144
35.250000 0.000232
35.300000 0.000240
35.350000 0.000598
35.400000 0.000565
35.450000 0.000870
35.500000 0.000764
35.550000 0.000991
35.600000 0.000795
35.650000 0.000934
35.700000 0.000647
35.750000 0.000707
35.800000 0.000347
35.850000 0.000353
35.900000 -0.000047
35.950000 -0.000056
36.000000 -0.000457
36.050000 -0.000440
36.100000 -0.000801
36.150000 -0.000722
36.200000 -0.001010
36.250000 -0.000844
36.300000 -0.001045
36.350000 -0.000783
36.400000 -0.000896
36.450000 -0.000549
36.500000 -0.000593
36.550000 -0.000186
36.600000 -0.000191
36.650000 0.000240
36.700000 0.000233
36.750000 0.000646
36.800000 0.000598
36.850000 0.000957
36.900000 0.000835
36.950000 0.001112
37.000000 0.000894
37.050000 0.001078
37.100000 0.000761
37.150000 0.000857
37.200000 0.000457
37.250000 0.000488
37.300000 0.000037
37.350000 0.000041
37.400000 -0.000421
37.450000 -0.000401
37.500000 -0.000829
37.550000 -0.000750
37.600000 -0.001107
37.650000 -0.000938
37.700000 -0.001200
37.750000 -0.000927
37.800000 -0.001090
37.850000 -0.000718
37.900000 -0.000796
37.950000 -0.000348
38.000000 -0.000372
38.050000 0.000114
38.100000 0.000102
38.150000 0.000584
38.200000 0.000541
38.250000 0.000975
38.300000 0.000862
38.350000 0.001217
38.400000 0.001007
38.450000 0.001262
38.500000 0.000946
38.550000 0.001101
38.600000 0.000686
38.650000 0.000758
38.700000 0.000272
38.750000 0.000294
38.800000 -0.000226
38.850000 -0.000209
38.900000 -0.000717
38.950000 -0.000660
39.000000 -0.001111
39.050000 -0.000974
39.100000 -0.001333
39.150000 -0.001089
39.200000 -0.001340
39.250000 -0.000982
39.300000 -0.001127
39.350000 -0.000668
39.400000 -0.000731
39.450000 -0.000203
39.500000 -0.000223
39.550000 0.000330
39.600000 0.000306
39.650000 0.000836
39.700000 0.000761
39.750000 0.001224
39.800000 0.001061
39.850000 0.001426
39.900000 0.001152
39.950000 0.001406
40.000000 0.001016
40.050000 0.001165
40.100000 0.000675
40.150000 0.000741
40.200000 0.000183
40.250000 0.000206
40.300000 -0.000376
40.350000 -0.000349
40.400000 -0.000907
40.450000 -0.000828
40.500000 -0.001318
40.550000 -0.001146
40.600000 -0.001532
40.650000 -0.001243
40.700000 -0.001510
40.750000 -0.001097
40.800000 -0.001250
40.850000 -0.000729
40.900000 -0.000794
40.950000 -0.000200
41.000000 -0.000219
41.050000 0.000399
41.100000 0.000374
41.150000 0.000965
41.200000 0.000883
41.250000 0.001400
41.300000 0.001221
41.350000 0.001629
41.400000 0.001327
41.450000 0.001613
41.500000 0.001184
41.550000 0.001352
41.600000 0.000813
41.650000 0.000889
41.700000 0.000273
41.750000 0.000298
41.800000 -0.000350
41.850000 -0.000326
41.900000 -0.000953
41.950000 -0.000880
42.000000 -0.001438
42.050000 -0.001271
42.100000 -0.001722
42.150000 -0.001430
42.200000 -0.001753
42.250000 -0.001326
42.300000 -0.001521
42.350000 -0.000971
42.400000 -0.001060
42.450000 -0.000418
42.500000 -0.000442
42.550000 0.000244
42.600000 0.000231
42.650000 0.000905
42.700000 0.000848
42.750000 0.001455
42.800000 0.001305
42.850000 0.001804
42.900000 0.001526
42.950000 0.001892
43.000000 0.001473
43.050000 0.001704
43.100000 0.001153
43.150000 0.001268
43.200000 0.000615
43.250000 0.000652
43.300000 -0.000059
43.350000 -0.000049
43.400000 -0.000763
43.450000 -0.000726
43.500000 -0.001389
43.550000 -0.001272
43.600000 -0.001837
43.650000 -0.001598
43.700000 -0.002031
43.750000 -0.001647
43.800000 -0.001934
43.850000 -0.001402
43.900000 -0.001552
43.950000 -0.000892
44.000000 -0.000936
44.050000 -0.000187
44.100000 -0.000173
44.150000 0.000610
44.200000 0.000626
44.250000 0.001385
44.300000 0.001345
44.350000 0.002026
44.400000 0.001883
44.450000 0.002446
44.500000 0.002168
44.550000 0.002593
44.600000 0.002170
44.650000 0.002458
44.700000 0.001901
44.750000 0.002070
44.800000 0.001406
44.850000 0.001488
44.900000 0.000751
44.950000 0.000780
