-30.000000 -0.000302
-29.950000 -0.000245
-29.900000 -0.000486
-29.850000 -0.000367
-29.800000 -0.000543
-29.750000 -0.000362
-29.700000 -0.000477
-29.650000 -0.000242
-29.600000 -0.000311
-29.550000 -0.000042
-29.500000 -0.000089
-29.450000 0.000187
-29.400000 0.000133
-29.350000 0.000384
-29.300000 0.000295
-29.250000 0.000500
-29.200000 0.000357
-29.150000 0.000503
-29.100000 0.000302
-29.050000 0.000391
-29.000000 0.000142
-28.950000 0.000192
-28.900000 -0.000082
-28.850000 -0.000043
-28.800000 -0.000310
-28.750000 -0.000252
-28.700000 -0.000485
-28.650000 -0.000381
-28.600000 -0.000557
-28.550000 -0.000394
-28.500000 -0.000507
-28.450000 -0.000285
-28.400000 -0.000345
-28.350000 -0.000080
-28.300000 -0.000108
-28.250000 0.000170
-28.200000 0.000142
-28.150000 0.000403
-28.100000 0.000344
-28.050000 0.000558
-28.000000 0.000444
-27.950000 0.000594
-27.900000 0.000414
-27.850000 0.000499
-27.800000 0.000261
-27.750000 0.000294
-27.700000 0.000018
-27.650000 0.000028
-27.600000 -0.000253
-27.550000 -0.000234
-27.500000 -0.000486
-27.450000 -0.000426
-27.400000 -0.000622
-27.350000 -0.000499
-27.300000 -0.000625
-27.250000 -0.000432
-27.200000 -0.000491
-27.150000 -0.000239
-27.100000 -0.000249
-27.050000 0.000035
-27.000000 0.000043
-26.950000 0.000325
-26.900000 0.000316
-26.850000 0.000560
-26.800000 0.000501
-26.750000 0.000682
-26.700000 0.000553
-26.650000 0.000658
-26.600000 0.000455
-26.550000 0.000490
-26.500000 0.000229
-26.450000 0.000217
-26.400000 -0.000074
-26.350000 -0.000100
-26.300000 -0.000384
-26.250000 -0.000386
-26.200000 -0.000626
-26.150000 -0.000572
-26.100000 -0.000741
-26.050000 -0.000611
-26.000000 -0.000699
-25.950000 -0.000492
-25.900000 -0.000507
-25.850000 -0.000238
-25.800000 -0.000205
-25.750000 0.000093
-25.700000 0.000139
-25.650000 0.000426
-25.600000 0.000444
-25.550000 0.000683
-25.500000 0.000640
-25.450000 0.000803
-25.400000 0.000679
-25.350000 0.000756
-25.300000 0.000549
-25.250000 0.000547
-25.200000 0.000275
-25.150000 0.000221
-25.100000 -0.000082
-25.050000 -0.000150
-25.000000 -0.000445
-24.950000 -0.000485
-24.900000 -0.000729
-24.850000 -0.000705
-24.800000 -0.000870
-24.750000 -0.000760
-24.700000 -0.000832
-24.650000 -0.000632
-24.600000 -0.000619
-24.550000 -0.000347
-24.500000 -0.000275
-24.450000 0.000035
-24.400000 0.000128
-24.350000 0.000432
-24.300000 0.000500
-24.250000 0.000757
-24.200000 0.000761
-24.150000 0.000937
-24.100000 0.000851
-24.050000 0.000928
-24.000000 0.000745
-23.950000 0.000727
-23.900000 0.000463
-23.850000 0.000375
-23.800000 0.000061
-23.750000 -0.000057
-23.700000 -0.000376
-23.650000 -0.000478
-23.600000 -0.000755
-23.550000 -0.000797
-23.500000 -0.000994
-23.450000 -0.000945
-23.400000 -0.001038
-23.350000 -0.000885
-23.300000 -0.000874
-23.250000 -0.000627
-23.200000 -0.000531
-23.150000 -0.000219
-23.100000 -0.000077
-23.050000 0.000256
-23.000000 0.000397
-22.950000 0.000701
-22.900000 0.000792
-22.850000 0.001022
-22.800000 0.001024
-22.750000 0.001150
-22.700000 0.001042
-22.650000 0.001053
-22.600000 0.000837
-22.550000 0.000746
-22.500000 0.000446
-22.450000 0.000287
-22.400000 -0.000055
-22.350000 -0.000234
-22.300000 -0.000568
-22.250000 -0.000715
-22.200000 -0.000989
-22.150000 -0.001057
-22.100000 -0.001232
-22.050000 -0.001189
-22.000000 -0.001243
-21.950000 -0.001080
-21.900000 -0.001014
-21.850000 -0.000745
-21.800000 -0.000585
-21.750000 -0.000245
-21.700000 -0.000036
-21.650000 0.000325
-21.600000 0.000529
-21.550000 0.000854
-21.500000 0.001000
-21.450000 0.001239
-21.400000 0.001282
-21.350000 0.001402
-21.300000 0.001318
-21.250000 0.001305
-21.200000 0.001094
-21.150000 0.000961
-21.100000 0.000648
-21.050000 0.000429
-21.000000 0.000058
-20.950000 -0.000194
-20.900000 -0.000566
-20.850000 -0.000793
-20.800000 -0.001107
-20.750000 -0.001254
-20.700000 -0.001462
-20.650000 -0.001487
-20.600000 -0.001558
-20.550000 -0.001443
-20.500000 -0.001372
-20.450000 -0.001125
-20.400000 -0.000932
-20.350000 -0.000584
-20.300000 -0.000311
-20.250000 0.000085
-20.200000 0.000380
-20.150000 0.000764
-20.100000 0.001017
-20.050000 0.001328
-20.000000 0.001484
-19.950000 0.001673
-19.900000 0.001693
-19.850000 0.001730
-19.800000 0.001598
-19.750000 0.001483
-19.700000 0.001211
-19.650000 0.000968
-19.600000 0.000592
-19.550000 0.000269
-19.500000 -0.000154
-19.450000 -0.000495
-19.400000 -0.000899
-19.350000 -0.001191
-19.300000 -0.001513
-19.250000 -0.001697
-19.200000 -0.001884
-19.150000 -0.001919
-19.100000 -0.001943
-19.050000 -0.001813
-19.000000 -0.001671
-18.950000 -0.001389
-18.900000 -0.001107
-18.850000 -0.000710
-18.800000 -0.000339
-18.750000 0.000112
-18.700000 0.000507
-18.650000 0.000944
-18.600000 0.001291
-18.550000 0.001644
-18.500000 0.001880
-18.450000 0.002092
-18.400000 0.002171
-18.350000 0.002208
-18.300000 0.002108
-18.250000 0.001964
-18.200000 0.001693
-18.150000 0.001390
-18.100000 0.000985
-18.050000 0.000573
-18.000000 0.000093
-17.950000 -0.000362
-17.900000 -0.000844
-17.850000 -0.001267
-17.800000 -0.001676
-17.750000 -0.001994
-17.700000 -0.002265
-17.650000 -0.002423
-17.600000 -0.002512
-17.550000 -0.002478
-17.500000 -0.002368
-17.450000 -0.002142
-17.400000 -0.001847
-17.350000 -0.001457
-17.300000 -0.001020
-17.250000 -0.000521
-17.200000 -0.000008
-17.150000 0.000525
-17.100000 0.001036
-17.050000 0.001524
-17.000000 0.001954
-16.950000 0.002322
-16.900000 0.002602
-16.850000 0.002790
-16.800000 0.002873
-16.750000 0.002849
-16.700000 0.002718
-16.650000 0.002480
-16.600000 0.002149
-16.550000 0.001726
-16.500000 0.001240
-16.450000 0.000691
-16.400000 0.000118
-16.350000 -0.000481
-16.300000 -0.001058
-16.250000 -0.001620
-16.200000 -0.002116
-16.150000 -0.002560
-16.100000 -0.002899
-16.050000 -0.003159
-16.000000 -0.003287
-15.950000 -0.003322
-15.900000 -0.003212
-15.850000 -0.003013
-15.800000 -0.002674
-15.750000 -0.002264
-15.700000 -0.001736
-15.650000 -0.001171
-15.600000 -0.000521
-15.550000 0.000122
-15.500000 0.000809
-15.450000 0.001440
-15.400000 0.002071
-15.350000 0.002599
-15.300000 0.003090
-15.250000 0.003437
-15.200000 0.003719
-15.150000 0.003830
-15.100000 0.003862
-15.050000 0.003713
-15.000000 0.003488
-14.950000 0.003088
-14.900000 0.002632
-14.850000 0.002024
-14.800000 0.001397
-14.750000 0.000652
-14.700000 -0.000065
-14.650000 -0.000855
-14.600000 -0.001566
-14.550000 -0.002303
-14.500000 -0.002910
-14.450000 -0.003501
-14.400000 -0.003918
-14.350000 -0.004287
-14.300000 -0.004452
-14.250000 -0.004550
-14.200000 -0.004429
-14.150000 -0.004242
-14.100000 -0.003838
-14.050000 -0.003386
-14.000000 -0.002738
-13.950000 -0.002076
-13.900000 -0.001252
-13.850000 -0.000462
-13.800000 0.000444
-13.750000 0.001263
-13.700000 0.002147
-13.650000 0.002888
-13.600000 0.003648
-13.550000 0.004214
-13.500000 0.004759
-13.450000 0.005072
-13.400000 0.005337
-13.350000 0.005346
-13.300000 0.005297
-13.250000 0.004987
-13.200000 0.004628
-13.150000 0.004020
-13.100000 0.003391
-13.050000 0.002542
-13.000000 0.001715
-12.950000 0.000711
-12.900000 -0.000219
-12.850000 -0.001273
-12.800000 -0.002194
-12.750000 -0.003185
-12.700000 -0.003985
-12.650000 -0.004806
-12.600000 -0.005384
-12.550000 -0.005943
-12.500000 -0.006222
-12.450000 -0.006458
-12.400000 -0.006391
-12.350000 -0.006275
-12.300000 -0.005853
-12.250000 -0.005395
-12.200000 -0.004648
-12.150000 -0.003894
-12.100000 -0.002886
-12.050000 -0.001919
-12.000000 -0.000744
-11.950000 0.000333
-11.900000 0.001561
-11.850000 0.002628
-11.800000 0.003789
-11.750000 0.004726
-11.700000 0.005704
-11.650000 0.006403
-11.600000 0.007099
-11.550000 0.007474
-11.500000 0.007816
-11.450000 0.007812
-11.400000 0.007764
-11.350000 0.007363
-11.300000 0.006925
-11.250000 0.006148
-11.200000 0.005361
-11.150000 0.004266
-11.100000 0.003206
-11.050000 0.001884
-11.000000 0.000655
-10.950000 -0.000780
-10.900000 -0.002056
-10.850000 -0.003475
-10.800000 -0.004669
-10.750000 -0.005943
-10.700000 -0.006929
-10.650000 -0.007942
-10.600000 -0.008613
-10.550000 -0.009270
-10.500000 -0.009546
-10.450000 -0.009783
-10.400000 -0.009619
-10.350000 -0.009410
-10.300000 -0.008799
-10.250000 -0.008159
-10.200000 -0.007137
-10.150000 -0.006118
-10.100000 -0.004757
-10.050000 -0.003449
-10.000000 -0.001851
-9.950000 -0.000370
-9.900000 0.001339
-9.850000 0.002860
-9.800000 0.004542
-9.750000 0.005965
-9.700000 0.007484
-9.650000 0.008677
-9.600000 0.009907
-9.550000 0.010754
-9.500000 0.011593
-9.450000 0.012007
-9.400000 0.012382
-9.350000 0.012306
-9.300000 0.012180
-9.250000 0.011598
-9.200000 0.010976
-9.150000 0.009911
-9.100000 0.008835
-9.050000 0.007350
-9.000000 0.005899
-8.950000 0.004089
-8.900000 0.002374
-8.850000 0.000363
-8.800000 -0.001483
-8.750000 -0.003555
-8.700000 -0.005386
-8.650000 -0.007372
-8.600000 -0.009041
-8.550000 -0.010796
-8.500000 -0.012165
-8.450000 -0.013559
-8.400000 -0.014508
-8.350000 -0.015435
-8.300000 -0.015874
-8.250000 -0.016260
-8.200000 -0.016132
-8.150000 -0.015941
-8.100000 -0.015232
-8.050000 -0.014469
-8.000000 -0.013203
-7.950000 -0.011912
-7.900000 -0.010153
-7.850000 -0.008415
-7.800000 -0.006261
-7.750000 -0.004190
-7.700000 -0.001766
-7.650000 0.000503
-7.600000 0.003052
-7.550000 0.005368
-7.500000 0.007888
-7.450000 0.010095
-7.400000 0.012431
-7.350000 0.014379
-7.300000 0.016387
-7.250000 0.017939
-7.200000 0.019493
-7.150000 0.020535
-7.100000 0.021534
-7.050000 0.021981
-7.000000 0.022358
-6.950000 0.022158
-6.900000 0.021878
-6.850000 0.021016
-6.800000 0.020080
-6.750000 0.018577
-6.700000 0.017025
-6.650000 0.014937
-6.600000 0.012844
-6.550000 0.010260
-6.500000 0.007729
-6.450000 0.004768
-6.400000 0.001929
-6.350000 -0.001268
-6.300000 -0.004265
-6.250000 -0.007543
-6.200000 -0.010540
-6.150000 -0.013737
-6.100000 -0.016569
-6.050000 -0.019523
-6.000000 -0.022034
-5.950000 -0.024593
-5.900000 -0.026638
-5.850000 -0.028668
-5.800000 -0.030123
-5.750000 -0.031512
-5.700000 -0.032280
-5.650000 -0.032946
-5.600000 -0.032962
-5.550000 -0.032857
-5.500000 -0.032090
-5.450000 -0.031203
-5.400000 -0.029658
-5.350000 -0.028011
-5.300000 -0.025730
-5.250000 -0.023379
-5.200000 -0.020433
-5.150000 -0.017467
-5.100000 -0.013956
-5.050000 -0.010485
-5.000000 -0.006533
-4.950000 -0.002690
-4.900000 0.001564
-4.850000 0.005634
-4.800000 0.010039
-4.750000 0.014181
-4.700000 0.018583
-4.650000 0.022643
-4.600000 0.026888
-4.550000 0.030717
-4.500000 0.034660
-4.450000 0.038117
-4.400000 0.041624
-4.350000 0.044582
-4.300000 0.047533
-4.250000 0.049881
-4.200000 0.052173
-4.150000 0.053818
-4.100000 0.055368
-4.050000 0.056235
-4.000000 0.056979
-3.950000 0.057014
-3.900000 0.056908
-3.850000 0.056079
-3.800000 0.055100
-3.750000 0.053391
-3.700000 0.051535
-3.650000 0.048953
-3.600000 0.046233
-3.550000 0.042800
-3.500000 0.039247
-3.450000 0.035002
-3.400000 0.030664
-3.350000 0.025661
-3.300000 0.020599
-3.250000 0.014907
-3.200000 0.009196
-3.150000 0.002896
-3.100000 -0.003377
-3.050000 -0.010191
-3.000000 -0.016929
-2.950000 -0.024157
-2.900000 -0.031254
-2.850000 -0.038785
-2.800000 -0.046129
-2.750000 -0.053850
-2.700000 -0.061324
-2.650000 -0.069117
-2.600000 -0.076603
-2.550000 -0.084349
-2.500000 -0.091728
-2.450000 -0.099308
-2.400000 -0.106463
-2.350000 -0.113763
-2.300000 -0.120582
-2.250000 -0.127494
-2.200000 -0.133875
-2.150000 -0.140301
-2.100000 -0.146150
-2.050000 -0.152003
-2.000000 -0.157240
-1.950000 -0.162448
-1.900000 -0.167008
-1.850000 -0.171512
-1.800000 -0.175346
-1.750000 -0.179106
-1.700000 -0.182181
-1.650000 -0.185173
-1.600000 -0.187477
-1.550000 -0.189698
-1.500000 -0.191236
-1.450000 -0.192701
-1.400000 -0.193497
-1.350000 -0.194240
-1.300000 -0.194338
-1.250000 -0.194410
-1.200000 -0.193867
-1.150000 -0.193335
-1.100000 -0.192228
-1.050000 -0.191175
-1.000000 -0.189592
-0.950000 -0.188114
-0.900000 -0.186160
-0.850000 -0.184368
-0.800000 -0.182161
-0.750000 -0.180178
-0.700000 -0.177848
-0.650000 -0.175814
-0.600000 -0.173507
-0.550000 -0.171573
-0.500000 -0.169449
-0.450000 -0.167785
-0.400000 -0.166021
-0.350000 -0.164816
-0.300000 -0.163616
-0.250000 -0.163085
-0.200000 -0.162679
-0.150000 -0.163070
-0.100000 -0.163725
-0.050000 -0.165329
0.000000 -0.167361
0.050000 -0.170519
0.100000 -0.174301
0.150000 -0.179422
0.200000 -0.185400
0.250000 -0.192973
0.300000 -0.201683
0.350000 -0.212296
0.400000 -0.224384
0.450000 -0.238743
0.500000 -0.254980
0.550000 -0.273928
0.600000 -0.295232
0.650000 -0.319762
0.700000 -0.347204
0.750000 -0.378466
0.800000 -0.413272
0.850000 -0.452562
0.900000 -0.496088
0.950000 -0.544810
1.000000 -0.598487
1.050000 -0.658071
1.100000 -0.723295
1.150000 -0.795056
1.200000 -0.873007
1.250000 -0.957924
1.300000 -1.049298
1.350000 -1.147695
1.400000 -1.252341
1.450000 -1.363479
1.500000 -1.479959
1.550000 -1.601588
1.600000 -1.726733
1.650000 -1.854678
1.700000 -1.983253
1.750000 -2.111206
1.800000 -2.235870
1.850000 -2.355565
1.900000 -2.467308
1.950000 -2.569247
2.000000 -2.658407
2.050000 -2.733150
2.100000 -2.790934
2.150000 -2.830763
2.200000 -2.850932
2.250000 -2.851434
2.300000 -2.831654
2.350000 -2.792709
2.400000 -2.735082
2.450000 -2.660892
2.500000 -2.571475
2.550000 -2.469614
2.600000 -2.357099
2.650000 -2.236946
2.700000 -2.110977
2.750000 -1.982049
2.800000 -1.851681
2.850000 -1.722310
2.900000 -1.594965
2.950000 -1.471549
3.000000 -1.352551
3.050000 -1.239350
3.100000 -1.131949
3.150000 -1.031285
3.200000 -0.936980
3.250000 -0.849640
3.300000 -0.768622
3.350000 -0.694313
3.400000 -0.625906
3.450000 -0.563662
3.500000 -0.506691
3.550000 -0.455197
3.600000 -0.408262
3.650000 -0.366079
3.700000 -0.327738
3.750000 -0.293451
3.800000 -0.262339
3.850000 -0.234643
3.900000 -0.209524
3.950000 -0.187263
4.000000 -0.167063
4.050000 -0.149241
4.100000 -0.133044
4.150000 -0.118822
4.200000 -0.105861
4.250000 -0.094542
4.300000 -0.084184
4.350000 -0.075196
4.400000 -0.066923
4.450000 -0.059798
4.500000 -0.053192
4.550000 -0.047554
4.600000 -0.042276
4.650000 -0.037823
4.700000 -0.033604
4.750000 -0.030092
4.800000 -0.026715
4.850000 -0.023954
4.900000 -0.021246
4.950000 -0.019079
5.000000 -0.016903
5.050000 -0.015208
5.100000 -0.013453
5.150000 -0.012131
5.200000 -0.010710
5.250000 -0.009684
5.300000 -0.008528
5.350000 -0.007737
5.400000 -0.006792
5.450000 -0.006187
5.500000 -0.005410
5.550000 -0.004955
5.600000 -0.004312
5.650000 -0.003974
5.700000 -0.003438
5.750000 -0.003194
5.800000 -0.002742
5.850000 -0.002571
5.900000 -0.002185
5.950000 -0.002072
6.000000 -0.001739
6.050000 -0.001672
6.100000 -0.001382
6.150000 -0.001351
6.200000 -0.001097
6.250000 -0.001096
6.300000 -0.000870
6.350000 -0.000893
6.400000 -0.000690
6.450000 -0.000732
6.500000 -0.000547
6.550000 -0.000602
6.600000 -0.000431
6.650000 -0.000496
6.700000 -0.000336
6.750000 -0.000409
6.800000 -0.000258
6.850000 -0.000339
6.900000 -0.000196
6.950000 -0.000283
7.000000 -0.000148
7.050000 -0.000239
7.100000 -0.000111
7.150000 -0.000206
7.200000 -0.000082
7.250000 -0.000178
7.300000 -0.000058
7.350000 -0.000155
7.400000 -0.000037
7.450000 -0.000134
7.500000 -0.000018
7.550000 -0.000117
7.600000 -0.000003
7.650000 -0.000102
7.700000 0.000008
7.750000 -0.000092
7.800000 0.000015
7.850000 -0.000086
7.900000 0.000019
7.950000 -0.000081
8.000000 0.000023
8.050000 -0.000076
8.100000 0.000027
8.150000 -0.000070
8.200000 0.000032
8.250000 -0.000064
8.300000 0.000037
8.350000 -0.000059
8.400000 0.000041
8.450000 -0.000056
8.500000 0.000041
8.550000 -0.000055
8.600000 0.000040
8.650000 -0.000056
8.700000 0.000038
8.750000 -0.000055
8.800000 0.000038
8.850000 -0.000053
8.900000 0.000040
8.950000 -0.000049
9.000000 0.000043
9.050000 -0.000046
9.100000 0.000045
9.150000 -0.000044
9.200000 0.000045
9.250000 -0.000044
9.300000 0.000042
9.350000 -0.000046
9.400000 0.000039
9.450000 -0.000047
9.500000 0.000038
9.550000 -0.000046
9.600000 0.000038
9.650000 -0.000043
9.700000 0.000041
9.750000 -0.000040
9.800000 0.000043
9.850000 -0.000037
9.900000 0.000043
9.950000 -0.000037
10.000000 0.000041
10.050000 -0.000039
10.100000 0.000037
10.150000 -0.000041
10.200000 0.000034
10.250000 -0.000042
10.300000 0.000034
10.350000 -0.000040
10.400000 0.000036
10.450000 -0.000036
10.500000 0.000038
10.550000 -0.000033
10.600000 0.000039
10.650000 -0.000032
10.700000 0.000038
10.750000 -0.000033
10.800000 0.000034
10.850000 -0.000036
10.900000 0.000031
10.950000 -0.000037
11.000000 0.000029
11.050000 -0.000036
11.100000 0.000030
11.150000 -0.000033
11.200000 0.000032
11.250000 -0.000029
11.300000 0.000035
11.350000 -0.000027
11.400000 0.000034
11.450000 -0.000027
11.500000 0.000032
11.550000 -0.000029
11.600000 0.000027
11.650000 -0.000032
11.700000 0.000024
11.750000 -0.000032
11.800000 0.000024
11.850000 -0.000030
11.900000 0.000026
11.950000 -0.000026
12.000000 0.000029
12.050000 -0.000022
12.100000 0.000030
12.150000 -0.000021
12.200000 0.000029
12.250000 -0.000023
12.300000 0.000025
12.350000 -0.000026
12.400000 0.000020
12.450000 -0.000028
12.500000 0.000018
12.550000 -0.000027
12.600000 0.000019
12.650000 -0.000023
12.700000 0.000022
12.750000 -0.000019
12.800000 0.000025
12.850000 -0.000016
12.900000 0.000025
12.950000 -0.000016
13.000000 0.000022
13.050000 -0.000019
13.100000 0.000017
13.150000 -0.000022
13.200000 0.000014
13.250000 -0.000023
13.300000 0.000013
13.350000 -0.000021
13.400000 0.000015
13.450000 -0.000016
13.500000 0.000019
13.550000 -0.000012
13.600000 0.000021
13.650000 -0.000010
13.700000 0.000019
13.750000 -0.000011
13.800000 0.000015
13.850000 -0.000015
13.900000 0.000010
13.950000 -0.000018
14.000000 0.000007
14.050000 -0.000018
14.100000 0.000008
14.150000 -0.000014
14.200000 0.000011
14.250000 -0.000009
14.300000 0.000015
14.350000 -0.000005
14.400000 0.000016
14.450000 -0.000004
14.500000 0.000013
14.550000 -0.000007
14.600000 0.000008
14.650000 -0.000011
14.700000 0.000003
14.750000 -0.000013
14.800000 0.000001
14.850000 -0.000012
14.900000 0.000003
14.950000 -0.000008
15.000000 0.000007
15.050000 -0.000002
15.100000 0.000010
15.150000 0.000001
15.200000 0.000011
15.250000 0.000001
15.300000 0.000007
15.350000 -0.000002
15.400000 0.000001
15.450000 -0.000007
15.500000 -0.000003
15.550000 -0.000008
15.600000 -0.000005
15.650000 -0.000006
15.700000 -0.000002
15.750000 -0.000001
15.800000 0.000003
15.850000 0.000005
15.900000 0.000006
15.950000 0.000008
16.000000 0.000005
16.050000 0.000006
16.100000 0.000001
16.150000 0.000002
16.200000 -0.000006
16.250000 -0.000002
16.300000 -0.000010
16.350000 -0.000003
16.400000 -0.000010
16.450000 -0.000000
16.500000 -0.000007
16.550000 0.000006
16.600000 -0.000002
16.650000 0.000011
16.700000 0.000001
16.750000 0.000014
16.800000 -0.000000
16.850000 0.000012
16.900000 -0.000006
16.950000 0.000007
17.000000 -0.000012
17.050000 0.000002
17.100000 -0.000016
17.150000 0.000001
17.200000 -0.000016
17.250000 0.000005
17.300000 -0.000012
17.350000 0.000012
17.400000 -0.000006
17.450000 0.000018
17.500000 -0.000004
17.550000 0.000020
17.600000 -0.000005
17.650000 0.000017
17.700000 -0.000012
17.750000 0.000011
17.800000 -0.000018
17.850000 0.000007
17.900000 -0.000023
17.950000 0.000006
18.000000 -0.000022
18.050000 0.000011
18.100000 -0.000017
18.150000 0.000018
18.200000 -0.000011
18.250000 0.000024
18.300000 -0.000008
18.350000 0.000026
18.400000 -0.000010
18.450000 0.000022
18.500000 -0.000017
18.550000 0.000016
18.600000 -0.000024
18.650000 0.000011
18.700000 -0.000029
18.750000 0.000011
18.800000 -0.000028
18.850000 0.000016
18.900000 -0.000022
18.950000 0.000024
19.000000 -0.000016
19.050000 0.000030
19.100000 -0.000012
19.150000 0.000032
19.200000 -0.000015
19.250000 0.000028
19.300000 -0.000022
19.350000 0.000021
19.400000 -0.000030
19.450000 0.000016
19.500000 -0.000035
19.550000 0.000015
19.600000 -0.000034
19.650000 0.000020
19.700000 -0.000028
19.750000 0.000028
19.800000 -0.000021
19.850000 0.000036
19.900000 -0.000017
19.950000 0.000038
20.000000 -0.000019
20.050000 0.000034
20.100000 -0.000026
20.150000 0.000027
20.200000 -0.000035
20.250000 0.000020
20.300000 -0.000040
20.350000 0.000019
20.400000 -0.000040
20.450000 0.000024
20.500000 -0.000034
20.550000 0.000032
20.600000 -0.000026
20.650000 0.000041
20.700000 -0.000021
20.750000 0.000044
20.800000 -0.000022
20.850000 0.000040
20.900000 -0.000029
20.950000 0.000033
21.000000 -0.000039
21.050000 0.000025
21.100000 -0.000046
21.150000 0.000022
21.200000 -0.000046
21.250000 0.000026
21.300000 -0.000040
21.350000 0.000035
21.400000 -0.000031
21.450000 0.000045
21.500000 -0.000025
21.550000 0.000049
21.600000 -0.000025
21.650000 0.000047
21.700000 -0.000032
21.750000 0.000039
21.800000 -0.000042
21.850000 0.000030
21.900000 -0.000050
21.950000 0.000026
22.000000 -0.000052
22.050000 0.000028
22.100000 -0.000047
22.150000 0.000037
22.200000 -0.000038
22.250000 0.000048
22.300000 -0.000030
22.350000 0.000054
22.400000 -0.000027
22.450000 0.000054
22.500000 -0.000033
22.550000 0.000046
22.600000 -0.000043
22.650000 0.000036
22.700000 -0.000053
22.750000 0.000029
22.800000 -0.000058
22.850000 0.000030
22.900000 -0.000055
22.950000 0.000038
23.000000 -0.000045
23.050000 0.000049
23.100000 -0.000035
23.150000 0.000058
23.200000 -0.000030
23.250000 0.000060
23.300000 -0.000033
23.350000 0.000054
23.400000 -0.000043
23.450000 0.000044
23.500000 -0.000055
23.550000 0.000034
23.600000 -0.000062
23.650000 0.000031
23.700000 -0.000062
23.750000 0.000037
23.800000 -0.000054
23.850000 0.000049
23.900000 -0.000042
23.950000 0.000060
24.000000 -0.000034
24.050000 0.000066
24.100000 -0.000033
24.150000 0.000063
24.200000 -0.000041
24.250000 0.000052
24.300000 -0.000054
24.350000 0.000040
24.400000 -0.000065
24.450000 0.000033
24.500000 -0.000068
24.550000 0.000035
24.600000 -0.000063
24.650000 0.000046
24.700000 -0.000051
24.750000 0.000059
24.800000 -0.000039
24.850000 0.000069
24.900000 -0.000034
24.950000 0.000070
25.000000 -0.000038
25.050000 0.000062
25.100000 -0.000051
25.150000 0.000049
25.200000 -0.000064
25.250000 0.000038
25.300000 -0.000073
25.350000 0.000035
25.400000 -0.000072
25.450000 0.000041
25.500000 -0.000061
25.550000 0.000055
25.600000 -0.000047
25.650000 0.000069
25.700000 -0.000037
25.750000 0.000076
25.800000 -0.000036
25.850000 0.000072
25.900000 -0.000045
25.950000 0.000060
26.000000 -0.000060
26.050000 0.000046
26.100000 -0.000073
26.150000 0.000036
26.200000 -0.000078
26.250000 0.000037
26.300000 -0.000073
26.350000 0.000048
26.400000 -0.000059
26.450000 0.000064
26.500000 -0.000044
26.550000 0.000077
26.600000 -0.000036
26.650000 0.000081
26.700000 -0.000039
26.750000 0.000073
26.800000 -0.000052
26.850000 0.000057
26.900000 -0.000068
26.950000 0.000042
27.000000 -0.000081
27.050000 0.000035
27.100000 -0.000082
27.150000 0.000040
27.200000 -0.000072
27.250000 0.000055
27.300000 -0.000056
27.350000 0.000072
27.400000 -0.000041
27.450000 0.000084
27.500000 -0.000035
27.550000 0.000084
27.600000 -0.000041
27.650000 0.000072
27.700000 -0.000058
27.750000 0.000054
27.800000 -0.000075
27.850000 0.000039
27.900000 -0.000087
27.950000 0.000035
28.000000 -0.000085
28.050000 0.000043
28.100000 -0.000072
28.150000 0.000060
28.200000 -0.000053
28.250000 0.000079
28.300000 -0.000038
28.350000 0.000089
28.400000 -0.000034
28.450000 0.000086
28.500000 -0.000044
28.550000 0.000072
28.600000 -0.000062
28.650000 0.000052
28.700000 -0.000081
28.750000 0.000037
28.800000 -0.000091
28.850000 0.000033
28.900000 -0.000088
28.950000 0.000044
29.000000 -0.000072
29.050000 0.000064
29.100000 -0.000051
29.150000 0.000084
29.200000 -0.000035
29.250000 0.000094
29.300000 -0.000032
29.350000 0.000089
29.400000 -0.000044
29.450000 0.000072
29.500000 -0.000065
29.550000 0.000050
29.600000 -0.000086
29.650000 0.000034
29.700000 -0.000096
29.750000 0.000031
29.800000 -0.000091
29.850000 0.000044
29.900000 -0.000073
29.950000 0.000066
30.000000 -0.000049
30.050000 0.000087
30.100000 -0.000032
30.150000 0.000098
30.200000 -0.000030
30.250000 0.000093
30.300000 -0.000042
30.350000 0.000074
30.400000 -0.000065
30.450000 0.000049
30.500000 -0.000088
30.550000 0.000031
30.600000 -0.000100
30.650000 0.000027
30.700000 -0.000095
30.750000 0.000041
30.800000 -0.000075
30.850000 0.000064
30.900000 -0.000050
30.950000 0.000088
31.000000 -0.000030
31.050000 0.000101
31.100000 -0.000025
31.150000 0.000097
31.200000 -0.000038
31.250000 0.000077
31.300000 -0.000063
31.350000 0.000050
31.400000 -0.000088
31.450000 0.000029
31.500000 -0.000103
31.550000 0.000022
31.600000 -0.000100
31.650000 0.000034
31.700000 -0.000080
31.750000 0.000060
31.800000 -0.000052
31.850000 0.000087
31.900000 -0.000028
31.950000 0.000104
32.000000 -0.000019
32.050000 0.000103
32.100000 -0.000030
32.150000 0.000084
32.200000 -0.000056
32.250000 0.000054
32.300000 -0.000085
32.350000 0.000028
32.400000 -0.000105
32.450000 0.000016
32.500000 -0.000106
32.550000 0.000025
32.600000 -0.000088
32.650000 0.000050
32.700000 -0.000058
32.750000 0.000081
32.800000 -0.000029
32.850000 0.000104
32.900000 -0.000014
32.950000 0.000109
33.000000 -0.000019
33.050000 0.000093
33.100000 -0.000043
33.150000 0.000063
33.200000 -0.000076
33.250000 0.000031
33.300000 -0.000103
33.350000 0.000011
33.400000 -0.000112
33.450000 0.000013
33.500000 -0.000099
33.550000 0.000035
33.600000 -0.000069
33.650000 0.000069
33.700000 -0.000034
33.750000 0.000100
33.800000 -0.000010
33.850000 0.000114
33.900000 -0.000007
33.950000 0.000105
34.000000 -0.000026
34.050000 0.000076
34.100000 -0.000060
34.150000 0.000039
34.200000 -0.000095
34.250000 0.000010
34.300000 -0.000115
34.350000 0.000001
34.400000 -0.000111
34.450000 0.000016
34.500000 -0.000085
34.550000 0.000049
34.600000 -0.000047
34.650000 0.000087
34.700000 -0.000012
34.750000 0.000114
34.800000 0.000004
34.850000 0.000117
34.900000 -0.000005
34.950000 0.000095
35.000000 -0.000036
35.050000 0.000057
35.100000 -0.000077
35.150000 0.000017
35.200000 -0.000110
35.250000 -0.000007
35.300000 -0.000121
35.350000 -0.000006
35.400000 -0.000106
35.450000 0.000021
35.500000 -0.000069
35.550000 0.000063
35.600000 -0.000026
35.650000 0.000102
35.700000 0.000007
35.750000 0.000123
35.800000 0.000015
35.850000 0.000116
35.900000 -0.000005
35.950000 0.000083
36.000000 -0.000046
36.050000 0.000038
36.100000 -0.000090
36.150000 -0.000002
36.200000 -0.000121
36.250000 -0.000021
36.300000 -0.000124
36.350000 -0.000011
36.400000 -0.000099
36.450000 0.000026
36.500000 -0.000054
36.550000 0.000073
36.600000 -0.000007
36.650000 0.000114
36.700000 0.000024
36.750000 0.000129
36.800000 0.000025
36.850000 0.000114
36.900000 -0.000004
36.950000 0.000073
37.000000 -0.000052
37.050000 0.000021
37.100000 -0.000100
37.150000 -0.000020
37.200000 -0.000129
37.250000 -0.000036
37.300000 -0.000127
37.350000 -0.000018
37.400000 -0.000094
37.450000 0.000026
37.500000 -0.000042
37.550000 0.000080
37.600000 0.000010
37.650000 0.000122
37.700000 0.000040
37.750000 0.000136
37.800000 0.000038
37.850000 0.000115
37.900000 0.000002
37.950000 0.000067
38.000000 -0.000052
38.050000 0.000009
38.100000 -0.000106
38.150000 -0.000036
38.200000 -0.000137
38.250000 -0.000052
38.300000 -0.000133
38.350000 -0.000031
38.400000 -0.000095
38.450000 0.000019
38.500000 -0.000036
38.550000 0.000080
38.600000 0.000022
38.650000 0.000127
38.700000 0.000057
38.750000 0.000144
38.800000 0.000055
38.850000 0.000122
38.900000 0.000017
38.950000 0.000069
39.000000 -0.000044
39.050000 0.000004
39.100000 -0.000105
39.150000 -0.000049
39.200000 -0.000143
39.250000 -0.000070
39.300000 -0.000143
39.350000 -0.000051
39.400000 -0.000104
39.450000 0.000002
39.500000 -0.000039
39.550000 0.000070
39.600000 0.000027
39.650000 0.000128
39.700000 0.000072
39.750000 0.000153
39.800000 0.000078
39.850000 0.000136
39.900000 0.000041
39.950000 0.000082
40.000000 -0.000024
40.050000 0.000009
40.100000 -0.000095
40.150000 -0.000056
40.200000 -0.000146
40.250000 -0.000090
40.300000 -0.000157
40.350000 -0.000080
40.400000 -0.000124
40.450000 -0.000028
40.500000 -0.000057
40.550000 0.000047
40.600000 0.000021
40.650000 0.000118
40.700000 0.000082
40.750000 0.000160
40.800000 0.000104
40.850000 0.000157
40.900000 0.000078
40.950000 0.000109
41.000000 0.000013
41.050000 0.000031
41.100000 -0.000069
41.150000 -0.000050
41.200000 -0.000139
41.250000 -0.000105
41.300000 -0.000171
41.350000 -0.000114
41.400000 -0.000154
41.450000 -0.000074
41.500000 -0.000092
41.550000 0.000003
41.600000 -0.000005
41.650000 0.000090
41.700000 0.000077
41.750000 0.000156
41.800000 0.000125
41.850000 0.000179
41.900000 0.000123
41.950000 0.000149
42.000000 0.000069
42.050000 0.000075
42.100000 -0.000018
42.150000 -0.000019
42.200000 -0.000108
42.250000 -0.000101
42.300000 -0.000172
42.350000 -0.000144
42.400000 -0.000186
42.450000 -0.000130
42.500000 -0.000144
42.550000 -0.000065
42.600000 -0.000059
42.650000 0.000031
42.700000 0.000042
42.750000 0.000125
42.800000 0.000124
42.850000 0.000186
42.900000 0.000161
42.950000 0.000193
43.000000 0.000139
43.050000 0.000141
43.100000 0.000063
43.150000 0.000046
43.200000 -0.000041
43.250000 -0.000061
43.300000 -0.000140
43.350000 -0.000146
43.400000 -0.000200
43.450000 -0.000179
43.500000 -0.000201
43.550000 -0.000149
43.600000 -0.000140
43.650000 -0.000065
43.700000 -0.000036
43.750000 0.000048
43.800000 0.000079
43.850000 0.000152
43.900000 0.000167
43.950000 0.000214
44.000000 0.000200
44.050000 0.000212
44.100000 0.000165
44.150000 0.000146
44.200000 0.000074
44.250000 0.000033
44.300000 -0.000048
44.350000 -0.000090
44.400000 -0.000162
44.450000 -0.000189
44.500000 -0.000234
44.550000 -0.000233
44.600000 -0.000245
44.650000 -0.000213
44.700000 -0.000197
44.750000 -0.000144
44.800000 -0.000113
44.850000 -0.000059
44.900000 -0.000034
44.950000 0.000001
