-30.000000 -0.000197
-29.950000 -0.000189
-29.900000 -0.000369
-29.850000 -0.000338
-29.800000 -0.000484
-29.750000 -0.000414
-29.700000 -0.000512
-29.650000 -0.000392
-29.600000 -0.000437
-29.550000 -0.000271
-29.500000 -0.000273
-29.450000 -0.000076
-29.400000 -0.000056
-29.350000 0.000147
-29.300000 0.000161
-29.250000 0.000342
-29.200000 0.000323
-29.150000 0.000458
-29.100000 0.000388
-29.050000 0.000464
-29.000000 0.000338
-28.950000 0.000357
-28.900000 0.000184
-28.850000 0.000164
-28.800000 -0.000034
-28.750000 -0.000067
-28.700000 -0.000260
-28.650000 -0.000275
-28.600000 -0.000434
-28.550000 -0.000406
-28.500000 -0.000509
-28.450000 -0.000423
-28.400000 -0.000463
-28.350000 -0.000319
-28.300000 -0.000305
-28.250000 -0.000120
-28.200000 -0.000074
-28.150000 0.000126
-28.100000 0.000173
-28.050000 0.000355
-28.000000 0.000372
-27.950000 0.000508
-27.900000 0.000471
-27.850000 0.000544
-27.800000 0.000443
-27.750000 0.000451
-27.700000 0.000293
-27.650000 0.000249
-27.600000 0.000056
-27.550000 -0.000012
-27.500000 -0.000211
-27.450000 -0.000269
-27.400000 -0.000439
-27.350000 -0.000457
-27.300000 -0.000571
-27.250000 -0.000527
-27.200000 -0.000571
-27.150000 -0.000460
-27.100000 -0.000436
-27.050000 -0.000268
-27.000000 -0.000197
-26.950000 0.000002
-26.900000 0.000091
-26.850000 0.000286
-26.800000 0.000357
-26.750000 0.000514
-26.700000 0.000535
-26.650000 0.000629
-26.600000 0.000581
-26.550000 0.000599
-26.500000 0.000479
-26.450000 0.000429
-26.400000 0.000253
-26.350000 0.000156
-26.300000 -0.000047
-26.250000 -0.000156
-26.200000 -0.000350
-26.150000 -0.000433
-26.100000 -0.000582
-26.050000 -0.000609
-26.000000 -0.000686
-25.950000 -0.000638
-25.900000 -0.000634
-25.850000 -0.000511
-25.800000 -0.000436
-25.750000 -0.000255
-25.700000 -0.000134
-25.650000 0.000073
-25.600000 0.000204
-25.550000 0.000397
-25.500000 0.000498
-25.450000 0.000641
-25.400000 0.000680
-25.350000 0.000746
-25.300000 0.000704
-25.250000 0.000685
-25.200000 0.000562
-25.150000 0.000466
-25.100000 0.000282
-25.050000 0.000138
-25.000000 -0.000073
-24.950000 -0.000228
-24.900000 -0.000425
-24.850000 -0.000548
-24.800000 -0.000692
-24.750000 -0.000750
-24.700000 -0.000812
-24.650000 -0.000784
-24.600000 -0.000755
-24.550000 -0.000639
-24.500000 -0.000527
-24.450000 -0.000344
-24.400000 -0.000178
-24.350000 0.000038
-24.300000 0.000219
-24.250000 0.000425
-24.200000 0.000577
-24.150000 0.000729
-24.100000 0.000814
-24.050000 0.000883
-24.000000 0.000877
-23.950000 0.000847
-23.900000 0.000747
-23.850000 0.000626
-23.800000 0.000449
-23.750000 0.000263
-23.700000 0.000043
-23.650000 -0.000166
-23.600000 -0.000384
-23.550000 -0.000571
-23.500000 -0.000741
-23.450000 -0.000863
-23.400000 -0.000949
-23.350000 -0.000978
-23.300000 -0.000960
-23.250000 -0.000886
-23.200000 -0.000766
-23.150000 -0.000603
-23.100000 -0.000404
-23.050000 -0.000183
-23.000000 0.000054
-22.950000 0.000286
-22.900000 0.000514
-22.850000 0.000708
-22.800000 0.000879
-22.750000 0.000994
-22.700000 0.001072
-22.650000 0.001080
-22.600000 0.001048
-22.550000 0.000943
-22.500000 0.000808
-22.450000 0.000607
-22.400000 0.000395
-22.350000 0.000136
-22.300000 -0.000109
-22.250000 -0.000379
-22.200000 -0.000605
-22.150000 -0.000832
-22.100000 -0.000990
-22.050000 -0.001132
-22.000000 -0.001184
-21.950000 -0.001212
-21.900000 -0.001143
-21.850000 -0.001054
-21.800000 -0.000870
-21.750000 -0.000682
-21.700000 -0.000414
-21.650000 -0.000166
-21.600000 0.000140
-21.550000 0.000396
-21.500000 0.000685
-21.450000 0.000894
-21.400000 0.001114
-21.350000 0.001228
-21.300000 0.001339
-21.250000 0.001330
-21.200000 0.001313
-21.150000 0.001173
-21.100000 0.001034
-21.050000 0.000781
-21.000000 0.000550
-20.950000 0.000224
-20.900000 -0.000050
-20.850000 -0.000395
-20.800000 -0.000656
-20.750000 -0.000960
-20.700000 -0.001151
-20.650000 -0.001363
-20.600000 -0.001439
-20.550000 -0.001525
-20.500000 -0.001461
-20.450000 -0.001408
-20.400000 -0.001206
-20.350000 -0.001028
-20.300000 -0.000715
-20.250000 -0.000449
-20.200000 -0.000072
-20.150000 0.000226
-20.100000 0.000608
-20.050000 0.000876
-20.000000 0.001200
-19.950000 0.001380
-19.900000 0.001595
-19.850000 0.001644
-19.800000 0.001716
-19.750000 0.001612
-19.700000 0.001534
-19.650000 0.001284
-19.600000 0.001076
-19.550000 0.000711
-19.500000 0.000415
-19.450000 -0.000011
-19.400000 -0.000335
-19.350000 -0.000759
-19.300000 -0.001043
-19.250000 -0.001400
-19.200000 -0.001585
-19.150000 -0.001819
-19.100000 -0.001859
-19.050000 -0.001938
-19.000000 -0.001812
-18.950000 -0.001728
-18.900000 -0.001444
-18.850000 -0.001218
-18.800000 -0.000810
-18.750000 -0.000488
-18.700000 -0.000011
-18.650000 0.000343
-18.600000 0.000819
-18.550000 0.001135
-18.500000 0.001541
-18.450000 0.001754
-18.400000 0.002032
-18.350000 0.002091
-18.300000 0.002202
-18.250000 0.002082
-18.200000 0.002016
-18.150000 0.001720
-18.100000 0.001494
-18.050000 0.001056
-18.000000 0.000715
-17.950000 0.000191
-17.900000 -0.000199
-17.850000 -0.000739
-17.800000 -0.001104
-17.750000 -0.001584
-17.700000 -0.001851
-17.650000 -0.002205
-17.600000 -0.002317
-17.550000 -0.002497
-17.500000 -0.002419
-17.450000 -0.002405
-17.400000 -0.002132
-17.350000 -0.001933
-17.300000 -0.001490
-17.250000 -0.001147
-17.200000 -0.000586
-17.150000 -0.000162
-17.100000 0.000446
-17.050000 0.000874
-17.000000 0.001447
-16.950000 0.001800
-16.900000 0.002264
-16.850000 0.002471
-16.800000 0.002764
-16.750000 0.002777
-16.700000 0.002864
-16.650000 0.002662
-16.600000 0.002539
-16.550000 0.002134
-16.500000 0.001826
-16.450000 0.001259
-16.400000 0.000822
-16.350000 0.000159
-16.300000 -0.000331
-16.250000 -0.001007
-16.200000 -0.001465
-16.150000 -0.002070
-16.100000 -0.002414
-16.050000 -0.002870
-16.000000 -0.003032
-15.950000 -0.003283
-15.900000 -0.003221
-15.850000 -0.003241
-15.800000 -0.002943
-15.750000 -0.002736
-15.700000 -0.002225
-15.650000 -0.001829
-15.600000 -0.001157
-15.550000 -0.000639
-15.500000 0.000117
-15.450000 0.000674
-15.400000 0.001425
-15.350000 0.001928
-15.300000 0.002585
-15.250000 0.002949
-15.200000 0.003431
-15.150000 0.003587
-15.100000 0.003838
-15.050000 0.003745
-15.000000 0.003740
-14.950000 0.003389
-14.900000 0.003136
-14.850000 0.002552
-14.800000 0.002094
-14.750000 0.001335
-14.700000 0.000742
-14.650000 -0.000110
-14.600000 -0.000747
-14.550000 -0.001598
-14.500000 -0.002182
-14.450000 -0.002933
-14.400000 -0.003371
-14.350000 -0.003937
-14.300000 -0.004152
-14.250000 -0.004469
-14.200000 -0.004413
-14.150000 -0.004448
-14.100000 -0.004106
-14.050000 -0.003862
-14.000000 -0.003254
-13.950000 -0.002770
-13.900000 -0.001951
-13.850000 -0.001297
-13.800000 -0.000350
-13.750000 0.000383
-13.700000 0.001359
-13.650000 0.002067
-13.600000 0.002967
-13.550000 0.003547
-13.500000 0.004274
-13.450000 0.004636
-13.400000 0.005111
-13.350000 0.005191
-13.300000 0.005365
-13.250000 0.005130
-13.200000 0.004989
-13.150000 0.004444
-13.100000 0.004010
-13.050000 0.003196
-13.000000 0.002527
-12.950000 0.001518
-12.900000 0.000702
-12.850000 -0.000407
-12.800000 -0.001265
-12.750000 -0.002361
-12.700000 -0.003149
-12.650000 -0.004122
-12.600000 -0.004733
-12.550000 -0.005482
-12.500000 -0.005827
-12.450000 -0.006277
-12.400000 -0.006294
-12.350000 -0.006400
-12.300000 -0.006063
-12.250000 -0.005819
-12.200000 -0.005141
-12.150000 -0.004578
-12.100000 -0.003610
-12.050000 -0.002796
-12.000000 -0.001620
-11.950000 -0.000650
-11.900000 0.000626
-11.850000 0.001638
-11.800000 0.002897
-11.750000 0.003829
-11.700000 0.004951
-11.650000 0.005689
-11.600000 0.006567
-11.550000 0.007015
-11.500000 0.007565
-11.450000 0.007653
-11.400000 0.007824
-11.350000 0.007519
-11.300000 0.007296
-11.250000 0.006604
-11.200000 0.006012
-11.150000 0.004977
-11.100000 0.004079
-11.050000 0.002781
-11.000000 0.001671
-10.950000 0.000216
-10.900000 -0.000990
-10.850000 -0.002478
-10.800000 -0.003651
-10.750000 -0.005043
-10.700000 -0.006055
-10.650000 -0.007227
-10.600000 -0.007963
-10.550000 -0.008811
-10.500000 -0.009179
-10.450000 -0.009626
-10.400000 -0.009568
-10.350000 -0.009574
-10.300000 -0.009069
-10.250000 -0.008635
-10.200000 -0.007703
-10.150000 -0.006868
-10.100000 -0.005569
-10.050000 -0.004411
-10.000000 -0.002839
-9.950000 -0.001465
-9.900000 0.000262
-9.850000 0.001724
-9.800000 0.003472
-9.750000 0.004884
-9.700000 0.006513
-9.650000 0.007739
-9.600000 0.009120
-9.550000 0.010037
-9.500000 0.011057
-9.450000 0.011567
-9.400000 0.012142
-9.350000 0.012178
-9.300000 0.012261
-9.250000 0.011794
-9.200000 0.011374
-9.150000 0.010415
-9.100000 0.009524
-9.050000 0.008123
-9.000000 0.006829
-8.950000 0.005072
-8.900000 0.003477
-8.850000 0.001479
-8.800000 -0.000290
-8.750000 -0.002392
-8.700000 -0.004192
-8.650000 -0.006251
-8.600000 -0.007932
-8.550000 -0.009801
-8.500000 -0.011221
-8.450000 -0.012763
-8.400000 -0.013797
-8.350000 -0.014899
-8.300000 -0.015447
-8.250000 -0.016025
-8.200000 -0.016020
-8.150000 -0.016028
-8.100000 -0.015443
-8.050000 -0.014872
-8.000000 -0.013721
-7.950000 -0.012606
-7.900000 -0.010942
-7.850000 -0.009354
-7.800000 -0.007266
-7.750000 -0.005312
-7.700000 -0.002919
-7.650000 -0.000729
-7.600000 0.001826
-7.550000 0.004102
-7.500000 0.006667
-7.450000 0.008874
-7.400000 0.011292
-7.350000 0.013277
-7.300000 0.015401
-7.250000 0.017023
-7.200000 0.018720
-7.150000 0.019859
-7.100000 0.021023
-7.050000 0.021585
-7.000000 0.022136
-6.950000 0.022061
-6.900000 0.021958
-6.850000 0.021220
-6.800000 0.020457
-6.750000 0.019070
-6.700000 0.017678
-6.650000 0.015692
-6.600000 0.013737
-6.550000 0.011234
-6.500000 0.008816
-6.450000 0.005910
-6.400000 0.003153
-6.350000 -0.000021
-6.300000 -0.002969
-6.250000 -0.006257
-6.200000 -0.009239
-6.150000 -0.012478
-6.100000 -0.015330
-6.050000 -0.018356
-6.000000 -0.020916
-5.950000 -0.023575
-5.900000 -0.025695
-5.850000 -0.027846
-5.800000 -0.029397
-5.750000 -0.030924
-5.700000 -0.031803
-5.650000 -0.032618
-5.600000 -0.032754
-5.550000 -0.032803
-5.500000 -0.032159
-5.450000 -0.031422
-5.400000 -0.029996
-5.350000 -0.028489
-5.300000 -0.026316
-5.250000 -0.024091
-5.200000 -0.021237
-5.150000 -0.018377
-5.100000 -0.014940
-5.050000 -0.011553
-5.000000 -0.007653
-4.950000 -0.003870
-4.900000 0.000353
-4.850000 0.004386
-4.800000 0.008784
-4.750000 0.012914
-4.700000 0.017330
-4.650000 0.021403
-4.600000 0.025684
-4.550000 0.029546
-4.500000 0.033543
-4.450000 0.037051
-4.400000 0.040627
-4.350000 0.043651
-4.300000 0.046681
-4.250000 0.049105
-4.200000 0.051484
-4.150000 0.053212
-4.100000 0.054854
-4.050000 0.055809
-4.000000 0.056646
-3.950000 0.056772
-3.900000 0.056758
-3.850000 0.056019
-3.800000 0.055127
-3.750000 0.053505
-3.700000 0.051728
-3.650000 0.049225
-3.600000 0.046576
-3.550000 0.043214
-3.500000 0.039721
-3.450000 0.035537
-3.400000 0.031247
-3.350000 0.026297
-3.300000 0.021271
-3.250000 0.015622
-3.200000 0.009935
-3.150000 0.003667
-3.100000 -0.002594
-3.050000 -0.009388
-3.000000 -0.016127
-2.950000 -0.023345
-2.900000 -0.030456
-2.850000 -0.037989
-2.800000 -0.045357
-2.750000 -0.053089
-2.700000 -0.060598
-2.650000 -0.068409
-2.600000 -0.075938
-2.550000 -0.083707
-2.500000 -0.091136
-2.450000 -0.098745
-2.400000 -0.105957
-2.350000 -0.113290
-2.300000 -0.120172
-2.250000 -0.127121
-2.200000 -0.133568
-2.150000 -0.140032
-2.100000 -0.145951
-2.050000 -0.151842
-2.000000 -0.157149
-1.950000 -0.162391
-1.900000 -0.167020
-1.850000 -0.171556
-1.800000 -0.175457
-1.750000 -0.179246
-1.700000 -0.182387
-1.650000 -0.185405
-1.600000 -0.187773
-1.550000 -0.190017
-1.500000 -0.191617
-1.450000 -0.193101
-1.400000 -0.193957
-1.350000 -0.194716
-1.300000 -0.194871
-1.250000 -0.194954
-1.200000 -0.194469
-1.150000 -0.193946
-1.100000 -0.192897
-1.050000 -0.191853
-1.000000 -0.190332
-0.950000 -0.188868
-0.900000 -0.186982
-0.850000 -0.185209
-0.800000 -0.183078
-0.750000 -0.181124
-0.700000 -0.178883
-0.650000 -0.176889
-0.600000 -0.174686
-0.550000 -0.172809
-0.500000 -0.170810
-0.450000 -0.169226
-0.400000 -0.167617
-0.350000 -0.166523
-0.300000 -0.165515
-0.250000 -0.165136
-0.200000 -0.164968
-0.150000 -0.165563
-0.100000 -0.166515
-0.050000 -0.168385
0.000000 -0.170786
0.050000 -0.174289
0.100000 -0.178529
0.150000 -0.184091
0.200000 -0.190637
0.250000 -0.198773
0.300000 -0.208187
0.350000 -0.219511
0.400000 -0.232468
0.450000 -0.247717
0.500000 -0.265022
0.550000 -0.285073
0.600000 -0.307677
0.650000 -0.333559
0.700000 -0.362569
0.750000 -0.395467
0.800000 -0.432142
0.850000 -0.473381
0.900000 -0.519100
0.950000 -0.570098
1.000000 -0.626297
1.050000 -0.688473
1.100000 -0.756515
1.150000 -0.831130
1.200000 -0.912109
1.250000 -1.000018
1.300000 -1.094468
1.350000 -1.195788
1.400000 -1.303301
1.450000 -1.416983
1.500000 -1.535760
1.550000 -1.659145
1.600000 -1.785566
1.650000 -1.914000
1.700000 -2.042338
1.750000 -2.169035
1.800000 -2.291515
1.850000 -2.407846
1.900000 -2.515203
1.950000 -2.611559
2.000000 -2.694193
2.050000 -2.761386
2.100000 -2.810952
2.150000 -2.841903
2.200000 -2.852969
2.250000 -2.844200
2.300000 -2.815443
2.350000 -2.767861
2.400000 -2.702367
2.450000 -2.621058
2.500000 -2.525619
2.550000 -2.418710
2.600000 -2.302377
2.650000 -2.179411
2.700000 -2.051802
2.750000 -1.922111
2.800000 -1.791972
2.850000 -1.663484
2.900000 -1.537771
2.950000 -1.416390
3.000000 -1.299935
3.050000 -1.189449
3.100000 -1.085064
3.150000 -0.987404
3.200000 -0.896248
3.250000 -0.811915
3.300000 -0.733943
3.350000 -0.662455
3.400000 -0.596850
3.450000 -0.537139
3.500000 -0.482655
3.550000 -0.433361
3.600000 -0.388577
3.650000 -0.348260
3.700000 -0.311748
3.750000 -0.279015
3.800000 -0.249435
3.850000 -0.223013
3.900000 -0.199167
3.950000 -0.177937
4.000000 -0.158784
4.050000 -0.141786
4.100000 -0.126447
4.150000 -0.112876
4.200000 -0.100617
4.250000 -0.089806
4.300000 -0.080022
4.350000 -0.071426
4.400000 -0.063627
4.450000 -0.056801
4.500000 -0.050587
4.550000 -0.045174
4.600000 -0.040223
4.650000 -0.035935
4.700000 -0.031989
4.750000 -0.028594
4.800000 -0.025447
4.850000 -0.022762
4.900000 -0.020249
4.950000 -0.018127
5.000000 -0.016119
5.050000 -0.014444
5.100000 -0.012837
5.150000 -0.011518
5.200000 -0.010230
5.250000 -0.009193
5.300000 -0.008158
5.350000 -0.007344
5.400000 -0.006510
5.450000 -0.005871
5.500000 -0.005197
5.550000 -0.004697
5.600000 -0.004149
5.650000 -0.003760
5.700000 -0.003314
5.750000 -0.003013
5.800000 -0.002648
5.850000 -0.002418
5.900000 -0.002118
5.950000 -0.001944
6.000000 -0.001696
6.050000 -0.001565
6.100000 -0.001359
6.150000 -0.001262
6.200000 -0.001089
6.250000 -0.001018
6.300000 -0.000871
6.350000 -0.000821
6.400000 -0.000695
6.450000 -0.000663
6.500000 -0.000555
6.550000 -0.000537
6.600000 -0.000444
6.650000 -0.000437
6.700000 -0.000357
6.750000 -0.000357
6.800000 -0.000287
6.850000 -0.000293
6.900000 -0.000230
6.950000 -0.000240
7.000000 -0.000182
7.050000 -0.000195
7.100000 -0.000143
7.150000 -0.000158
7.200000 -0.000112
7.250000 -0.000130
7.300000 -0.000088
7.350000 -0.000108
7.400000 -0.000071
7.450000 -0.000091
7.500000 -0.000057
7.550000 -0.000078
7.600000 -0.000046
7.650000 -0.000065
7.700000 -0.000035
7.750000 -0.000054
7.800000 -0.000025
7.850000 -0.000043
7.900000 -0.000017
7.950000 -0.000035
8.000000 -0.000012
8.050000 -0.000030
8.100000 -0.000010
8.150000 -0.000027
8.200000 -0.000009
8.250000 -0.000025
8.300000 -0.000008
8.350000 -0.000022
8.400000 -0.000006
8.450000 -0.000018
8.500000 -0.000002
8.550000 -0.000013
8.600000 0.000001
8.650000 -0.000009
8.700000 0.000002
8.750000 -0.000008
8.800000 0.000001
8.850000 -0.000008
8.900000 -0.000001
8.950000 -0.000009
9.000000 -0.000003
9.050000 -0.000009
9.100000 -0.000003
9.150000 -0.000006
9.200000 -0.000001
9.250000 -0.000003
9.300000 0.000001
9.350000 0.000000
9.400000 0.000002
9.450000 0.000002
9.500000 0.000001
9.550000 0.000001
9.600000 -0.000002
9.650000 -0.000001
9.700000 -0.000005
9.750000 -0.000002
9.800000 -0.000006
9.850000 -0.000000
9.900000 -0.000005
9.950000 0.000003
10.000000 -0.000003
10.050000 0.000006
10.100000 -0.000002
10.150000 0.000008
10.200000 -0.000002
10.250000 0.000008
10.300000 -0.000005
10.350000 0.000006
10.400000 -0.000009
10.450000 0.000004
10.500000 -0.000011
10.550000 0.000004
10.600000 -0.000011
10.650000 0.000007
10.700000 -0.000009
10.750000 0.000010
10.800000 -0.000007
10.850000 0.000013
10.900000 -0.000006
10.950000 0.000014
11.000000 -0.000009
11.050000 0.000012
11.100000 -0.000012
11.150000 0.000009
11.200000 -0.000015
11.250000 0.000009
11.300000 -0.000016
11.350000 0.000010
11.400000 -0.000015
11.450000 0.000014
11.500000 -0.000012
11.550000 0.000017
11.600000 -0.000011
11.650000 0.000019
11.700000 -0.000012
11.750000 0.000018
11.800000 -0.000015
11.850000 0.000015
11.900000 -0.000019
11.950000 0.000013
12.000000 -0.000022
12.050000 0.000014
12.100000 -0.000021
12.150000 0.000017
12.200000 -0.000019
12.250000 0.000021
12.300000 -0.000016
12.350000 0.000024
12.400000 -0.000016
12.450000 0.000024
12.500000 -0.000018
12.550000 0.000022
12.600000 -0.000022
12.650000 0.000019
12.700000 -0.000026
12.750000 0.000018
12.800000 -0.000027
12.850000 0.000020
12.900000 -0.000025
12.950000 0.000024
13.000000 -0.000022
13.050000 0.000028
13.100000 -0.000020
13.150000 0.000029
13.200000 -0.000021
13.250000 0.000028
13.300000 -0.000025
13.350000 0.000025
13.400000 -0.000029
13.450000 0.000023
13.500000 -0.000032
13.550000 0.000023
13.600000 -0.000031
13.650000 0.000026
13.700000 -0.000028
13.750000 0.000030
13.800000 -0.000025
13.850000 0.000034
13.900000 -0.000024
13.950000 0.000034
14.000000 -0.000027
14.050000 0.000032
14.100000 -0.000031
14.150000 0.000028
14.200000 -0.000036
14.250000 0.000026
14.300000 -0.000037
14.350000 0.000028
14.400000 -0.000035
14.450000 0.000032
14.500000 -0.000031
14.550000 0.000037
14.600000 -0.000029
14.650000 0.000039
14.700000 -0.000029
14.750000 0.000038
14.800000 -0.000033
14.850000 0.000035
14.900000 -0.000038
14.950000 0.000031
15.000000 -0.000041
15.050000 0.000030
15.100000 -0.000042
15.150000 0.000033
15.200000 -0.000039
15.250000 0.000038
15.300000 -0.000034
15.350000 0.000043
15.400000 -0.000032
15.450000 0.000044
15.500000 -0.000034
15.550000 0.000042
15.600000 -0.000038
15.650000 0.000038
15.700000 -0.000043
15.750000 0.000034
15.800000 -0.000046
15.850000 0.000034
15.900000 -0.000045
15.950000 0.000038
16.000000 -0.000042
16.050000 0.000044
16.100000 -0.000037
16.150000 0.000048
16.200000 -0.000036
16.250000 0.000049
16.300000 -0.000038
16.350000 0.000045
16.400000 -0.000043
16.450000 0.000041
16.500000 -0.000049
16.550000 0.000037
16.600000 -0.000051
16.650000 0.000038
16.700000 -0.000049
16.750000 0.000043
16.800000 -0.000044
16.850000 0.000049
16.900000 -0.000040
16.950000 0.000053
17.000000 -0.000039
17.050000 0.000052
17.100000 -0.000042
17.150000 0.000048
17.200000 -0.000048
17.250000 0.000043
17.300000 -0.000054
17.350000 0.000040
17.400000 -0.000055
17.450000 0.000042
17.500000 -0.000052
17.550000 0.000047
17.600000 -0.000047
17.650000 0.000054
17.700000 -0.000042
17.750000 0.000057
17.800000 -0.000042
17.850000 0.000056
17.900000 -0.000046
17.950000 0.000051
18.000000 -0.000053
18.050000 0.000045
18.100000 -0.000058
18.150000 0.000043
18.200000 -0.000059
18.250000 0.000045
18.300000 -0.000055
18.350000 0.000051
18.400000 -0.000049
18.450000 0.000058
18.500000 -0.000045
18.550000 0.000061
18.600000 -0.000045
18.650000 0.000059
18.700000 -0.000049
18.750000 0.000054
18.800000 -0.000057
18.850000 0.000048
18.900000 -0.000062
18.950000 0.000045
19.000000 -0.000063
19.050000 0.000048
19.100000 -0.000058
19.150000 0.000054
19.200000 -0.000052
19.250000 0.000061
19.300000 -0.000047
19.350000 0.000065
19.400000 -0.000047
19.450000 0.000062
19.500000 -0.000052
19.550000 0.000056
19.600000 -0.000060
19.650000 0.000050
19.700000 -0.000065
19.750000 0.000047
19.800000 -0.000066
19.850000 0.000050
19.900000 -0.000061
19.950000 0.000057
20.000000 -0.000054
20.050000 0.000064
20.100000 -0.000049
20.150000 0.000068
20.200000 -0.000048
20.250000 0.000066
20.300000 -0.000054
20.350000 0.000059
20.400000 -0.000062
20.450000 0.000052
20.500000 -0.000068
20.550000 0.000048
20.600000 -0.000069
20.650000 0.000051
20.700000 -0.000064
20.750000 0.000058
20.800000 -0.000056
20.850000 0.000066
20.900000 -0.000050
20.950000 0.000071
21.000000 -0.000049
21.050000 0.000069
21.100000 -0.000054
21.150000 0.000062
21.200000 -0.000063
21.250000 0.000054
21.300000 -0.000070
21.350000 0.000049
21.400000 -0.000072
21.450000 0.000051
21.500000 -0.000068
21.550000 0.000059
21.600000 -0.000059
21.650000 0.000068
21.700000 -0.000052
21.750000 0.000073
21.800000 -0.000049
21.850000 0.000072
21.900000 -0.000054
21.950000 0.000065
22.000000 -0.000063
22.050000 0.000056
22.100000 -0.000072
22.150000 0.000050
22.200000 -0.000075
22.250000 0.000050
22.300000 -0.000071
22.350000 0.000058
22.400000 -0.000062
22.450000 0.000067
22.500000 -0.000053
22.550000 0.000075
22.600000 -0.000049
22.650000 0.000075
22.700000 -0.000052
22.750000 0.000069
22.800000 -0.000062
22.850000 0.000059
22.900000 -0.000071
22.950000 0.000051
23.000000 -0.000077
23.050000 0.000049
23.100000 -0.000075
23.150000 0.000055
23.200000 -0.000066
23.250000 0.000066
23.300000 -0.000056
23.350000 0.000075
23.400000 -0.000049
23.450000 0.000078
23.500000 -0.000050
23.550000 0.000073
23.600000 -0.000058
23.650000 0.000063
23.700000 -0.000070
23.750000 0.000052
23.800000 -0.000078
23.850000 0.000048
23.900000 -0.000078
23.950000 0.000052
24.000000 -0.000070
24.050000 0.000062
24.100000 -0.000059
24.150000 0.000073
24.200000 -0.000050
24.250000 0.000079
24.300000 -0.000047
24.350000 0.000077
24.400000 -0.000054
24.450000 0.000067
24.500000 -0.000066
24.550000 0.000055
24.600000 -0.000076
24.650000 0.000047
24.700000 -0.000080
24.750000 0.000048
24.800000 -0.000075
24.850000 0.000056
24.900000 -0.000064
24.950000 0.000069
25.000000 -0.000052
25.050000 0.000079
25.100000 -0.000045
25.150000 0.000080
25.200000 -0.000048
25.250000 0.000073
25.300000 -0.000059
25.350000 0.000060
25.400000 -0.000072
25.450000 0.000048
25.500000 -0.000081
25.550000 0.000044
25.600000 -0.000080
25.650000 0.000049
25.700000 -0.000070
25.750000 0.000062
25.800000 -0.000056
25.850000 0.000075
25.900000 -0.000045
25.950000 0.000082
26.000000 -0.000043
26.050000 0.000079
26.100000 -0.000051
26.150000 0.000067
26.200000 -0.000065
26.250000 0.000052
26.300000 -0.000077
26.350000 0.000042
26.400000 -0.000082
26.450000 0.000042
26.500000 -0.000077
26.550000 0.000052
26.600000 -0.000063
26.650000 0.000067
26.700000 -0.000048
26.750000 0.000079
26.800000 -0.000040
26.850000 0.000083
26.900000 -0.000042
26.950000 0.000075
27.000000 -0.000054
27.050000 0.000060
27.100000 -0.000069
27.150000 0.000045
27.200000 -0.000081
27.250000 0.000037
27.300000 -0.000082
27.350000 0.000041
27.400000 -0.000072
27.450000 0.000055
27.500000 -0.000056
27.550000 0.000071
27.600000 -0.000041
27.650000 0.000082
27.700000 -0.000035
27.750000 0.000082
27.800000 -0.000041
27.850000 0.000070
27.900000 -0.000056
27.950000 0.000052
28.000000 -0.000073
28.050000 0.000037
28.100000 -0.000083
28.150000 0.000033
28.200000 -0.000081
28.250000 0.000040
28.300000 -0.000067
28.350000 0.000057
28.400000 -0.000049
28.450000 0.000074
28.500000 -0.000034
28.550000 0.000083
28.600000 -0.000030
28.650000 0.000080
28.700000 -0.000040
28.750000 0.000065
28.800000 -0.000057
28.850000 0.000045
28.900000 -0.000075
28.950000 0.000030
29.000000 -0.000084
29.050000 0.000028
29.100000 -0.000079
29.150000 0.000038
29.200000 -0.000062
29.250000 0.000057
29.300000 -0.000042
29.350000 0.000076
29.400000 -0.000027
29.450000 0.000084
29.500000 -0.000025
29.550000 0.000078
29.600000 -0.000037
29.650000 0.000060
29.700000 -0.000057
29.750000 0.000039
29.800000 -0.000076
29.850000 0.000023
29.900000 -0.000084
29.950000 0.000022
30.000000 -0.000077
30.050000 0.000035
30.100000 -0.000058
30.150000 0.000056
30.200000 -0.000036
30.250000 0.000076
30.300000 -0.000020
30.350000 0.000084
30.400000 -0.000019
30.450000 0.000077
30.500000 -0.000032
30.550000 0.000057
30.600000 -0.000055
30.650000 0.000033
30.700000 -0.000075
30.750000 0.000016
30.800000 -0.000084
30.850000 0.000015
30.900000 -0.000076
30.950000 0.000029
31.000000 -0.000056
31.050000 0.000053
31.100000 -0.000031
31.150000 0.000074
31.200000 -0.000013
31.250000 0.000084
31.300000 -0.000011
31.350000 0.000077
31.400000 -0.000025
31.450000 0.000055
31.500000 -0.000050
31.550000 0.000029
31.600000 -0.000073
31.650000 0.000010
31.700000 -0.000084
31.750000 0.000006
31.800000 -0.000077
31.850000 0.000020
31.900000 -0.000055
31.950000 0.000046
32.000000 -0.000028
32.050000 0.000071
32.100000 -0.000006
32.150000 0.000084
32.200000 -0.000001
32.250000 0.000078
32.300000 -0.000015
32.350000 0.000057
32.400000 -0.000041
32.450000 0.000027
32.500000 -0.000068
32.550000 0.000004
32.600000 -0.000083
32.650000 -0.000004
32.700000 -0.000080
32.750000 0.000008
32.800000 -0.000059
32.850000 0.000035
32.900000 -0.000028
32.950000 0.000064
33.000000 -0.000002
33.050000 0.000082
33.100000 0.000009
33.150000 0.000082
33.200000 -0.000001
33.250000 0.000061
33.300000 -0.000027
33.350000 0.000030
33.400000 -0.000058
33.450000 0.000000
33.500000 -0.000081
33.550000 -0.000014
33.600000 -0.000084
33.650000 -0.000007
33.700000 -0.000065
33.750000 0.000018
33.800000 -0.000033
33.850000 0.000052
33.900000 -0.000001
33.950000 0.000078
34.000000 0.000018
34.050000 0.000085
34.100000 0.000015
34.150000 0.000070
34.200000 -0.000008
34.250000 0.000038
34.300000 -0.000043
34.350000 0.000002
34.400000 -0.000073
34.450000 -0.000022
34.500000 -0.000086
34.550000 -0.000024
34.600000 -0.000075
34.650000 -0.000003
34.700000 -0.000044
34.750000 0.000032
34.800000 -0.000006
34.850000 0.000067
34.900000 0.000023
34.950000 0.000086
35.000000 0.000032
35.050000 0.000080
35.100000 0.000016
35.150000 0.000052
35.200000 -0.000019
35.250000 0.000013
35.300000 -0.000057
35.350000 -0.000022
35.400000 -0.000083
35.450000 -0.000039
35.500000 -0.000085
35.550000 -0.000029
35.600000 -0.000062
35.650000 0.000004
35.700000 -0.000022
35.750000 0.000045
35.800000 0.000019
35.850000 0.000078
35.900000 0.000043
35.950000 0.000089
36.000000 0.000041
36.050000 0.000072
36.100000 0.000013
36.150000 0.000033
36.200000 -0.000029
36.250000 -0.000011
36.300000 -0.000069
36.350000 -0.000044
36.400000 -0.000089
36.450000 -0.000052
36.500000 -0.000081
36.550000 -0.000031
36.600000 -0.000047
36.650000 0.000010
36.700000 -0.000000
36.750000 0.000055
36.800000 0.000041
36.850000 0.000086
36.900000 0.000060
36.950000 0.000089
37.000000 0.000049
37.050000 0.000063
37.100000 0.000012
37.150000 0.000016
37.200000 -0.000037
37.250000 -0.000032
37.300000 -0.000077
37.350000 -0.000064
37.400000 -0.000094
37.450000 -0.000066
37.500000 -0.000078
37.550000 -0.000036
37.600000 -0.000035
37.650000 0.000013
37.700000 0.000018
37.750000 0.000062
37.800000 0.000061
37.850000 0.000092
37.900000 0.000077
37.950000 0.000091
38.000000 0.000060
38.050000 0.000057
38.100000 0.000015
38.150000 0.000003
38.200000 -0.000040
38.250000 -0.000050
38.300000 -0.000084
38.350000 -0.000083
38.400000 -0.000099
38.450000 -0.000081
38.500000 -0.000078
38.550000 -0.000046
38.600000 -0.000029
38.650000 0.000010
38.700000 0.000031
38.750000 0.000065
38.800000 0.000078
38.850000 0.000098
38.900000 0.000096
38.950000 0.000096
39.000000 0.000076
39.050000 0.000058
39.100000 0.000026
39.150000 -0.000002
39.200000 -0.000036
39.250000 -0.000063
39.300000 -0.000087
39.350000 -0.000101
39.400000 -0.000106
39.450000 -0.000101
39.500000 -0.000085
39.550000 -0.000064
39.600000 -0.000032
39.650000 -0.000002
39.700000 0.000035
39.750000 0.000062
39.800000 0.000092
39.850000 0.000103
39.900000 0.000117
39.950000 0.000106
40.000000 0.000100
40.050000 0.000068
40.100000 0.000047
40.150000 0.000003
40.200000 -0.000023
40.250000 -0.000067
40.300000 -0.000084
40.350000 -0.000116
40.400000 -0.000114
40.450000 -0.000126
40.500000 -0.000100
40.550000 -0.000093
40.600000 -0.000047
40.650000 -0.000027
40.700000 0.000028
40.750000 0.000047
40.800000 0.000097
40.850000 0.000103
40.900000 0.000137
40.950000 0.000120
41.000000 0.000131
41.050000 0.000090
41.100000 0.000082
41.150000 0.000024
41.200000 0.000006
41.250000 -0.000057
41.300000 -0.000070
41.350000 -0.000124
41.400000 -0.000119
41.450000 -0.000153
41.500000 -0.000122
41.550000 -0.000132
41.600000 -0.000077
41.650000 -0.000069
41.700000 0.000001
41.750000 0.000015
41.800000 0.000086
41.850000 0.000091
41.900000 0.000148
41.950000 0.000132
42.000000 0.000166
42.050000 0.000122
42.100000 0.000131
42.150000 0.000063
42.200000 0.000056
42.250000 -0.000025
42.300000 -0.000034
42.350000 -0.000113
42.400000 -0.000109
42.450000 -0.000170
42.500000 -0.000142
42.550000 -0.000177
42.600000 -0.000120
42.650000 -0.000130
42.700000 -0.000050
42.750000 -0.000044
42.800000 0.000047
42.850000 0.000052
42.900000 0.000137
42.950000 0.000126
43.000000 0.000190
43.050000 0.000152
43.100000 0.000188
43.150000 0.000119
43.200000 0.000130
43.250000 0.000038
43.300000 0.000034
43.350000 -0.000066
43.400000 -0.000068
43.450000 -0.000159
43.500000 -0.000141
43.550000 -0.000209
43.600000 -0.000161
43.650000 -0.000199
43.700000 -0.000120
43.750000 -0.000131
43.800000 -0.000029
43.850000 -0.000026
43.900000 0.000083
43.950000 0.000081
44.000000 0.000180
44.050000 0.000156
44.100000 0.000229
44.150000 0.000172
44.200000 0.000213
44.250000 0.000122
44.300000 0.000134
44.350000 0.000019
44.400000 0.000016
44.450000 -0.000107
44.500000 -0.000107
44.550000 -0.000220
44.600000 -0.000199
44.650000 -0.000286
44.700000 -0.000233
44.750000 -0.000289
44.800000 -0.000203
44.850000 -0.000230
44.900000 -0.000118
44.950000 -0.000127
