-30.000000 0.000167
-29.950000 0.000119
-29.900000 0.000239
-29.850000 0.000148
-29.800000 0.000228
-29.750000 0.000101
-29.700000 0.000152
-29.650000 0.000002
-29.600000 0.000039
-29.550000 -0.000117
-29.500000 -0.000077
-29.450000 -0.000223
-29.400000 -0.000166
-29.350000 -0.000289
-29.300000 -0.000204
-29.250000 -0.000297
-29.200000 -0.000181
-29.150000 -0.000244
-29.100000 -0.000101
-29.050000 -0.000141
-29.000000 0.000019
-28.950000 -0.000013
-28.900000 0.000149
-28.850000 0.000111
-28.800000 0.000259
-28.750000 0.000201
-28.700000 0.000323
-28.650000 0.000234
-28.600000 0.000324
-28.550000 0.000202
-28.500000 0.000260
-28.450000 0.000110
-28.400000 0.000145
-28.350000 -0.000022
-28.300000 0.000004
-28.250000 -0.000163
-28.200000 -0.000130
-28.150000 -0.000282
-28.100000 -0.000225
-28.050000 -0.000349
-28.000000 -0.000260
-27.950000 -0.000349
-27.900000 -0.000225
-27.850000 -0.000280
-27.800000 -0.000126
-27.750000 -0.000156
-27.700000 0.000016
-27.650000 -0.000005
-27.600000 0.000169
-27.550000 0.000141
-27.500000 0.000299
-27.450000 0.000247
-27.400000 0.000376
-27.350000 0.000290
-27.300000 0.000381
-27.250000 0.000257
-27.200000 0.000311
-27.150000 0.000155
-27.100000 0.000182
-27.050000 0.000004
-27.000000 0.000019
-26.950000 -0.000162
-26.900000 -0.000142
-26.850000 -0.000308
-26.800000 -0.000264
-26.750000 -0.000400
-26.700000 -0.000321
-26.650000 -0.000418
-26.600000 -0.000298
-26.550000 -0.000355
-26.500000 -0.000199
-26.450000 -0.000224
-26.400000 -0.000043
-26.350000 -0.000051
-26.300000 0.000138
-26.250000 0.000127
-26.200000 0.000303
-26.150000 0.000272
-26.100000 0.000419
-26.050000 0.000351
-26.000000 0.000458
-25.950000 0.000348
-25.900000 0.000411
-25.850000 0.000259
-25.800000 0.000286
-25.750000 0.000103
-25.700000 0.000106
-25.650000 -0.000089
-25.600000 -0.000090
-25.550000 -0.000279
-25.500000 -0.000262
-25.450000 -0.000425
-25.400000 -0.000374
-25.350000 -0.000496
-25.300000 -0.000401
-25.250000 -0.000477
-25.200000 -0.000335
-25.150000 -0.000367
-25.100000 -0.000188
-25.050000 -0.000189
-25.000000 0.000012
-24.950000 0.000023
-24.900000 0.000225
-24.850000 0.000226
-24.800000 0.000407
-24.750000 0.000379
-24.700000 0.000522
-24.650000 0.000449
-24.600000 0.000544
-24.550000 0.000421
-24.500000 0.000466
-24.450000 0.000297
-24.400000 0.000302
-24.350000 0.000101
-24.300000 0.000083
-24.250000 -0.000130
-24.200000 -0.000150
-24.150000 -0.000352
-24.100000 -0.000349
-24.050000 -0.000519
-24.000000 -0.000476
-23.950000 -0.000598
-23.900000 -0.000503
-23.850000 -0.000571
-23.800000 -0.000423
-23.750000 -0.000441
-23.700000 -0.000249
-23.650000 -0.000231
-23.600000 -0.000012
-23.550000 0.000022
-23.500000 0.000243
-23.450000 0.000267
-23.400000 0.000467
-23.350000 0.000460
-23.300000 0.000617
-23.250000 0.000561
-23.200000 0.000663
-23.150000 0.000548
-23.100000 0.000592
-23.050000 0.000423
-23.000000 0.000417
-22.950000 0.000205
-22.900000 0.000166
-22.850000 -0.000066
-22.800000 -0.000114
-22.750000 -0.000341
-22.700000 -0.000372
-22.650000 -0.000570
-22.600000 -0.000560
-22.550000 -0.000707
-22.500000 -0.000641
-22.450000 -0.000727
-22.400000 -0.000597
-22.350000 -0.000621
-22.300000 -0.000435
-22.250000 -0.000408
-22.200000 -0.000180
-22.150000 -0.000122
-22.100000 0.000124
-22.050000 0.000186
-22.000000 0.000422
-21.950000 0.000461
-21.900000 0.000660
-21.850000 0.000653
-21.800000 0.000796
-21.750000 0.000726
-21.700000 0.000801
-21.650000 0.000663
-21.600000 0.000672
-21.550000 0.000474
-21.500000 0.000429
-21.450000 0.000187
-21.400000 0.000111
-21.350000 -0.000148
-21.300000 -0.000228
-21.250000 -0.000475
-21.200000 -0.000530
-21.150000 -0.000737
-21.100000 -0.000741
-21.050000 -0.000887
-21.000000 -0.000822
-20.950000 -0.000896
-20.900000 -0.000758
-20.850000 -0.000759
-20.800000 -0.000554
-20.750000 -0.000496
-20.700000 -0.000243
-20.650000 -0.000149
-20.600000 0.000126
-20.550000 0.000227
-20.500000 0.000491
-20.450000 0.000568
-20.400000 0.000793
-20.350000 0.000818
-20.300000 0.000979
-20.250000 0.000931
-20.200000 0.001014
-20.150000 0.000888
-20.100000 0.000891
-20.050000 0.000690
-20.000000 0.000625
-19.950000 0.000366
-19.900000 0.000255
-19.850000 -0.000034
-19.800000 -0.000160
-19.750000 -0.000448
-19.700000 -0.000556
-19.650000 -0.000808
-19.600000 -0.000867
-19.550000 -0.001056
-19.500000 -0.001042
-19.450000 -0.001150
-19.400000 -0.001050
-19.350000 -0.001071
-19.300000 -0.000886
-19.250000 -0.000826
-19.200000 -0.000571
-19.150000 -0.000451
-19.100000 -0.000151
-19.050000 -0.000000
-19.000000 0.000312
-18.950000 0.000458
-18.900000 0.000747
-18.850000 0.000854
-18.800000 0.001087
-18.750000 0.001124
-18.700000 0.001276
-18.650000 0.001225
-18.600000 0.001283
-18.550000 0.001137
-18.500000 0.001102
-18.450000 0.000869
-18.400000 0.000754
-18.350000 0.000456
-18.300000 0.000289
-18.250000 -0.000044
-18.200000 -0.000228
-18.150000 -0.000558
-18.100000 -0.000722
-18.050000 -0.001012
-18.000000 -0.001119
-17.950000 -0.001337
-17.900000 -0.001360
-17.850000 -0.001482
-17.800000 -0.001404
-17.750000 -0.001422
-17.700000 -0.001241
-17.650000 -0.001160
-17.600000 -0.000889
-17.550000 -0.000728
-17.500000 -0.000393
-17.450000 -0.000184
-17.400000 0.000179
-17.350000 0.000398
-17.300000 0.000749
-17.250000 0.000937
-17.200000 0.001238
-17.150000 0.001357
-17.100000 0.001574
-17.050000 0.001597
-17.000000 0.001707
-16.950000 0.001619
-16.900000 0.001613
-16.850000 0.001413
-16.800000 0.001300
-16.750000 0.001003
-16.700000 0.000805
-16.650000 0.000439
-16.600000 0.000189
-16.550000 -0.000208
-16.500000 -0.000468
-16.450000 -0.000852
-16.400000 -0.001079
-16.350000 -0.001408
-16.300000 -0.001562
-16.250000 -0.001800
-16.200000 -0.001850
-16.150000 -0.001972
-16.100000 -0.001900
-16.050000 -0.001895
-16.000000 -0.001699
-15.950000 -0.001574
-15.900000 -0.001267
-15.850000 -0.001043
-15.800000 -0.000654
-15.750000 -0.000365
-15.700000 0.000067
-15.650000 0.000378
-15.600000 0.000808
-15.550000 0.001094
-15.500000 0.001475
-15.450000 0.001692
-15.400000 0.001983
-15.350000 0.002095
-15.300000 0.002266
-15.250000 0.002247
-15.200000 0.002281
-15.150000 0.002124
-15.100000 0.002020
-15.050000 0.001733
-15.000000 0.001508
-14.950000 0.001115
-14.900000 0.000799
-14.850000 0.000337
-14.800000 -0.000026
-14.750000 -0.000511
-14.700000 -0.000873
-14.650000 -0.001330
-14.600000 -0.001642
-14.550000 -0.002024
-14.500000 -0.002240
-14.450000 -0.002507
-14.400000 -0.002594
-14.350000 -0.002717
-14.300000 -0.002654
-14.250000 -0.002624
-14.200000 -0.002408
-14.150000 -0.002228
-14.100000 -0.001875
-14.050000 -0.001569
-14.000000 -0.001107
-13.950000 -0.000712
-13.900000 -0.000185
-13.850000 0.000252
-13.800000 0.000793
-13.750000 0.001218
-13.700000 0.001720
-13.650000 0.002081
-13.600000 0.002493
-13.550000 0.002743
-13.500000 0.003023
-13.450000 0.003127
-13.400000 0.003247
-13.350000 0.003183
-13.300000 0.003132
-13.250000 0.002899
-13.200000 0.002681
-13.150000 0.002293
-13.100000 0.001933
-13.050000 0.001421
-13.000000 0.000957
-12.950000 0.000367
-12.900000 -0.000151
-12.850000 -0.000765
-12.800000 -0.001281
-12.750000 -0.001863
-12.700000 -0.002318
-12.650000 -0.002811
-12.600000 -0.003155
-12.550000 -0.003512
-12.500000 -0.003701
-12.450000 -0.003888
-12.400000 -0.003895
-12.350000 -0.003891
-12.300000 -0.003707
-12.250000 -0.003513
-12.200000 -0.003146
-12.150000 -0.002778
-12.100000 -0.002255
-12.050000 -0.001749
-12.000000 -0.001112
-11.950000 -0.000516
-11.900000 0.000182
-11.850000 0.000810
-11.800000 0.001509
-11.750000 0.002108
-11.700000 0.002745
-11.650000 0.003254
-11.600000 0.003773
-11.550000 0.004141
-11.500000 0.004494
-11.450000 0.004678
-11.400000 0.004832
-11.350000 0.004808
-11.300000 0.004747
-11.250000 0.004509
-11.200000 0.004235
-11.150000 0.003793
-11.100000 0.003328
-11.050000 0.002714
-11.000000 0.002095
-10.950000 0.001353
-10.900000 0.000633
-10.850000 -0.000179
-10.800000 -0.000939
-10.750000 -0.001757
-10.700000 -0.002491
-10.650000 -0.003248
-10.600000 -0.003891
-10.550000 -0.004525
-10.500000 -0.005018
-10.450000 -0.005476
-10.400000 -0.005772
-10.350000 -0.006012
-10.300000 -0.006079
-10.250000 -0.006079
-10.200000 -0.005902
-10.150000 -0.005658
-10.100000 -0.005242
-10.050000 -0.004768
-10.000000 -0.004138
-9.950000 -0.003466
-9.900000 -0.002662
-9.850000 -0.001841
-9.800000 -0.000919
-9.750000 -0.000009
-9.700000 0.000967
-9.650000 0.001896
-9.600000 0.002856
-9.550000 0.003735
-9.500000 0.004607
-9.450000 0.005368
-9.400000 0.006089
-9.350000 0.006670
-9.300000 0.007185
-9.250000 0.007538
-9.200000 0.007805
-9.150000 0.007898
-9.100000 0.007893
-9.050000 0.007710
-9.000000 0.007426
-8.950000 0.006970
-8.900000 0.006421
-8.850000 0.005713
-8.800000 0.004929
-8.750000 0.004009
-8.700000 0.003036
-8.650000 0.001959
-8.600000 0.000858
-8.550000 -0.000312
-8.500000 -0.001471
-8.450000 -0.002661
-8.400000 -0.003804
-8.350000 -0.004939
-8.300000 -0.005990
-8.250000 -0.006997
-8.200000 -0.007888
-8.150000 -0.008700
-8.100000 -0.009368
-8.050000 -0.009930
-8.000000 -0.010328
-7.950000 -0.010598
-7.900000 -0.010692
-7.850000 -0.010647
-7.800000 -0.010421
-7.750000 -0.010054
-7.700000 -0.009512
-7.650000 -0.008837
-7.600000 -0.008000
-7.550000 -0.007046
-7.500000 -0.005954
-7.450000 -0.004768
-7.400000 -0.003474
-7.350000 -0.002117
-7.300000 -0.000686
-7.250000 0.000774
-7.200000 0.002268
-7.150000 0.003754
-7.100000 0.005235
-7.050000 0.006669
-7.000000 0.008058
-6.950000 0.009366
-6.900000 0.010590
-6.850000 0.011700
-6.800000 0.012693
-6.750000 0.013544
-6.700000 0.014251
-6.650000 0.014794
-6.600000 0.015172
-6.550000 0.015371
-6.500000 0.015393
-6.450000 0.015229
-6.400000 0.014882
-6.350000 0.014352
-6.300000 0.013642
-6.250000 0.012758
-6.200000 0.011704
-6.150000 0.010495
-6.100000 0.009134
-6.050000 0.007641
-6.000000 0.006020
-5.950000 0.004299
-5.900000 0.002480
-5.850000 0.000595
-5.800000 -0.001353
-5.750000 -0.003329
-5.700000 -0.005332
-5.650000 -0.007322
-5.600000 -0.009301
-5.550000 -0.011226
-5.500000 -0.013103
-5.450000 -0.014887
-5.400000 -0.016587
-5.350000 -0.018157
-5.300000 -0.019612
-5.250000 -0.020903
-5.200000 -0.022050
-5.150000 -0.023007
-5.100000 -0.023797
-5.050000 -0.024374
-5.000000 -0.024769
-4.950000 -0.024936
-4.900000 -0.024912
-4.850000 -0.024650
-4.800000 -0.024195
-4.750000 -0.023502
-4.700000 -0.022619
-4.650000 -0.021504
-4.600000 -0.020211
-4.550000 -0.018697
-4.500000 -0.017022
-4.450000 -0.015142
-4.400000 -0.013124
-4.350000 -0.010923
-4.300000 -0.008610
-4.250000 -0.006140
-4.200000 -0.003587
-4.150000 -0.000905
-4.100000 0.001827
-4.050000 0.004660
-4.000000 0.007509
-3.950000 0.010427
-3.900000 0.013330
-3.850000 0.016271
-3.800000 0.019163
-3.750000 0.022065
-3.700000 0.024887
-3.650000 0.027690
-3.600000 0.030383
-3.550000 0.033033
-3.500000 0.035545
-3.450000 0.037989
-3.400000 0.040271
-3.350000 0.042464
-3.300000 0.044471
-3.250000 0.046370
-3.200000 0.048064
-3.150000 0.049632
-3.100000 0.050975
-3.050000 0.052179
-3.000000 0.053141
-2.950000 0.053949
-2.900000 0.054500
-2.850000 0.054884
-2.800000 0.054995
-2.750000 0.054927
-2.700000 0.054569
-2.650000 0.054019
-2.600000 0.053162
-2.550000 0.052096
-2.500000 0.050705
-2.450000 0.049088
-2.400000 0.047124
-2.350000 0.044911
-2.300000 0.042324
-2.250000 0.039464
-2.200000 0.036197
-2.150000 0.032625
-2.100000 0.028607
-2.050000 0.024244
-2.000000 0.019389
-1.950000 0.014139
-1.900000 0.008341
-1.850000 0.002087
-1.800000 -0.004782
-1.750000 -0.012177
-1.700000 -0.020270
-1.650000 -0.028974
-1.600000 -0.038471
-1.550000 -0.048680
-1.500000 -0.059792
-1.450000 -0.071733
-1.400000 -0.084705
-1.350000 -0.098639
-1.300000 -0.113749
-1.250000 -0.129973
-1.200000 -0.147533
-1.150000 -0.166372
-1.100000 -0.186723
-1.050000 -0.208531
-1.000000 -0.232035
-0.950000 -0.257180
-0.900000 -0.284206
-0.850000 -0.313054
-0.800000 -0.343960
-0.750000 -0.376850
-0.700000 -0.411950
-0.650000 -0.449162
-0.600000 -0.488686
-0.550000 -0.530391
-0.500000 -0.574437
-0.450000 -0.620641
-0.400000 -0.669110
-0.350000 -0.719589
-0.300000 -0.772112
-0.250000 -0.826340
-0.200000 -0.882216
-0.150000 -0.939298
-0.100000 -0.997428
-0.050000 -1.056054
0.000000 -1.114911
0.050000 -1.173339
0.100000 -1.230976
0.150000 -1.287073
0.200000 -1.341196
0.250000 -1.392540
0.300000 -1.440646
0.350000 -1.484702
0.400000 -1.524283
0.450000 -1.558637
0.500000 -1.587437
0.550000 -1.610057
0.600000 -1.626330
0.650000 -1.635814
0.700000 -1.638549
0.750000 -1.634311
0.800000 -1.623368
0.850000 -1.605718
0.900000 -1.581847
0.950000 -1.551948
1.000000 -1.516686
1.050000 -1.476401
1.100000 -1.431876
1.150000 -1.383531
1.200000 -1.332202
1.250000 -1.278326
1.300000 -1.222729
1.350000 -1.165805
1.400000 -1.108321
1.450000 -1.050592
1.500000 -0.993293
1.550000 -0.936634
1.600000 -0.881185
1.650000 -0.827047
1.700000 -0.774683
1.750000 -0.724088
1.800000 -0.675633
1.850000 -0.629219
1.900000 -0.585137
1.950000 -0.543216
2.000000 -0.503683
2.050000 -0.466311
2.100000 -0.431283
2.150000 -0.398331
2.200000 -0.367609
2.250000 -0.338822
2.300000 -0.312108
2.350000 -0.287155
2.400000 -0.264095
2.450000 -0.242607
2.500000 -0.222824
2.550000 -0.204424
2.600000 -0.187542
2.650000 -0.171860
2.700000 -0.157520
2.750000 -0.144207
2.800000 -0.132075
2.850000 -0.120815
2.900000 -0.110588
2.950000 -0.101094
3.000000 -0.092504
3.050000 -0.084524
3.100000 -0.077336
3.150000 -0.070652
3.200000 -0.064665
3.250000 -0.059091
3.300000 -0.054133
3.350000 -0.049514
3.400000 -0.045445
3.450000 -0.041655
3.500000 -0.038365
3.550000 -0.035308
3.600000 -0.032715
3.650000 -0.030326
3.700000 -0.028382
3.750000 -0.026630
3.800000 -0.025324
3.850000 -0.024219
3.900000 -0.023583
3.950000 -0.023185
4.000000 -0.023310
4.050000 -0.023744
4.100000 -0.024796
4.150000 -0.026278
4.200000 -0.028531
4.250000 -0.031401
4.300000 -0.035276
4.350000 -0.040053
4.400000 -0.046183
4.450000 -0.053637
4.500000 -0.062959
4.550000 -0.074224
4.600000 -0.088106
4.650000 -0.104830
4.700000 -0.125253
4.750000 -0.149812
4.800000 -0.179618
4.850000 -0.215404
4.900000 -0.258627
4.950000 -0.310419
5.000000 -0.372699
5.050000 -0.447113
5.100000 -0.536158
5.150000 -0.642104
5.200000 -0.768102
5.250000 -0.917079
5.300000 -1.092790
5.350000 -1.298637
5.400000 -1.538626
5.450000 -1.816023
5.500000 -2.134140
5.550000 -2.494764
5.600000 -2.898691
5.650000 -3.343918
5.700000 -3.826003
5.750000 -4.336211
5.800000 -4.862088
5.850000 -5.386146
5.900000 -5.887391
5.950000 -6.341333
6.000000 -6.723070
6.050000 -7.008736
6.100000 -7.179532
6.150000 -7.223174
6.200000 -7.136809
6.250000 -6.926328
6.300000 -6.606602
6.350000 -6.198220
6.400000 -5.725897
6.450000 -5.214463
6.500000 -4.687630
6.550000 -4.165124
6.600000 -3.662983
6.650000 -3.192193
6.700000 -2.760197
6.750000 -2.370350
6.800000 -2.023849
6.850000 -1.719298
6.900000 -1.454550
6.950000 -1.226062
7.000000 -1.030493
7.050000 -0.863811
7.100000 -0.722688
7.150000 -0.603429
7.200000 -0.503235
7.250000 -0.419036
7.300000 -0.348696
7.350000 -0.289791
7.400000 -0.240794
7.450000 -0.199838
7.500000 -0.165895
7.550000 -0.137536
7.600000 -0.114115
7.650000 -0.094529
7.700000 -0.078416
7.750000 -0.064910
7.800000 -0.053850
7.850000 -0.044542
7.900000 -0.036967
7.950000 -0.030550
8.000000 -0.025373
8.050000 -0.020944
8.100000 -0.017416
8.150000 -0.014352
8.200000 -0.011956
8.250000 -0.009830
8.300000 -0.008211
8.350000 -0.006729
8.400000 -0.005644
8.450000 -0.004604
8.500000 -0.003885
8.550000 -0.003147
8.600000 -0.002679
8.650000 -0.002148
8.700000 -0.001852
8.750000 -0.001463
8.800000 -0.001283
8.850000 -0.000991
8.900000 -0.000893
8.950000 -0.000667
9.000000 -0.000625
9.050000 -0.000445
9.100000 -0.000441
9.150000 -0.000293
9.200000 -0.000315
9.250000 -0.000189
9.300000 -0.000230
9.350000 -0.000119
9.400000 -0.000172
9.450000 -0.000071
9.500000 -0.000132
9.550000 -0.000037
9.600000 -0.000103
9.650000 -0.000013
9.700000 -0.000083
9.750000 0.000005
9.800000 -0.000068
9.850000 0.000017
9.900000 -0.000059
9.950000 0.000025
10.000000 -0.000053
10.050000 0.000029
10.100000 -0.000050
10.150000 0.000031
10.200000 -0.000049
10.250000 0.000033
10.300000 -0.000047
10.350000 0.000034
10.400000 -0.000045
10.450000 0.000037
10.500000 -0.000042
10.550000 0.000039
10.600000 -0.000040
10.650000 0.000041
10.700000 -0.000040
10.750000 0.000041
10.800000 -0.000040
10.850000 0.000040
10.900000 -0.000041
10.950000 0.000039
11.000000 -0.000043
11.050000 0.000038
11.100000 -0.000043
11.150000 0.000038
11.200000 -0.000042
11.250000 0.000040
11.300000 -0.000040
11.350000 0.000042
11.400000 -0.000039
11.450000 0.000043
11.500000 -0.000038
11.550000 0.000042
11.600000 -0.000039
11.650000 0.000041
11.700000 -0.000041
11.750000 0.000039
11.800000 -0.000043
11.850000 0.000038
11.900000 -0.000043
11.950000 0.000039
12.000000 -0.000042
12.050000 0.000040
12.100000 -0.000040
12.150000 0.000042
12.200000 -0.000038
12.250000 0.000043
12.300000 -0.000038
12.350000 0.000042
12.400000 -0.000039
12.450000 0.000041
12.500000 -0.000041
12.550000 0.000039
12.600000 -0.000043
12.650000 0.000038
12.700000 -0.000043
12.750000 0.000038
12.800000 -0.000042
12.850000 0.000040
12.900000 -0.000040
12.950000 0.000042
13.000000 -0.000038
13.050000 0.000043
13.100000 -0.000038
13.150000 0.000042
13.200000 -0.000039
13.250000 0.000041
13.300000 -0.000041
13.350000 0.000038
13.400000 -0.000042
13.450000 0.000037
13.500000 -0.000043
13.550000 0.000038
13.600000 -0.000042
13.650000 0.000039
13.700000 -0.000039
13.750000 0.000041
13.800000 -0.000037
13.850000 0.000043
13.900000 -0.000037
13.950000 0.000042
14.000000 -0.000038
14.050000 0.000040
14.100000 -0.000040
14.150000 0.000038
14.200000 -0.000042
14.250000 0.000037
14.300000 -0.000043
14.350000 0.000037
14.400000 -0.000041
14.450000 0.000039
14.500000 -0.000039
14.550000 0.000041
14.600000 -0.000037
14.650000 0.000042
14.700000 -0.000036
14.750000 0.000042
14.800000 -0.000037
14.850000 0.000040
14.900000 -0.000039
14.950000 0.000038
15.000000 -0.000041
15.050000 0.000036
15.100000 -0.000042
15.150000 0.000036
15.200000 -0.000041
15.250000 0.000037
15.300000 -0.000039
15.350000 0.000040
15.400000 -0.000036
15.450000 0.000042
15.500000 -0.000035
15.550000 0.000042
15.600000 -0.000036
15.650000 0.000040
15.700000 -0.000038
15.750000 0.000037
15.800000 -0.000040
15.850000 0.000035
15.900000 -0.000042
15.950000 0.000034
16.000000 -0.000041
16.050000 0.000036
16.100000 -0.000039
16.150000 0.000038
16.200000 -0.000036
16.250000 0.000041
16.300000 -0.000034
16.350000 0.000041
16.400000 -0.000034
16.450000 0.000040
16.500000 -0.000036
16.550000 0.000037
16.600000 -0.000039
16.650000 0.000034
16.700000 -0.000041
16.750000 0.000033
16.800000 -0.000041
16.850000 0.000034
16.900000 -0.000038
16.950000 0.000036
17.000000 -0.000035
17.050000 0.000039
17.100000 -0.000033
17.150000 0.000041
17.200000 -0.000032
17.250000 0.000040
17.300000 -0.000034
17.350000 0.000037
17.400000 -0.000037
17.450000 0.000034
17.500000 -0.000039
17.550000 0.000031
17.600000 -0.000040
17.650000 0.000031
17.700000 -0.000038
17.750000 0.000034
17.800000 -0.000035
17.850000 0.000037
17.900000 -0.000032
17.950000 0.000039
18.000000 -0.000030
18.050000 0.000039
18.100000 -0.000031
18.150000 0.000037
18.200000 -0.000034
18.250000 0.000033
18.300000 -0.000037
18.350000 0.000030
18.400000 -0.000039
18.450000 0.000029
18.500000 -0.000038
18.550000 0.000031
18.600000 -0.000035
18.650000 0.000034
18.700000 -0.000032
18.750000 0.000037
18.800000 -0.000029
18.850000 0.000039
18.900000 -0.000028
18.950000 0.000037
19.000000 -0.000031
19.050000 0.000034
19.100000 -0.000034
19.150000 0.000030
19.200000 -0.000037
19.250000 0.000027
19.300000 -0.000038
19.350000 0.000028
19.400000 -0.000036
19.450000 0.000031
19.500000 -0.000032
19.550000 0.000034
19.600000 -0.000028
19.650000 0.000037
19.700000 -0.000026
19.750000 0.000037
19.800000 -0.000027
19.850000 0.000034
19.900000 -0.000030
19.950000 0.000030
20.000000 -0.000034
20.050000 0.000026
20.100000 -0.000037
20.150000 0.000025
20.200000 -0.000036
20.250000 0.000026
20.300000 -0.000032
20.350000 0.000030
20.400000 -0.000028
20.450000 0.000034
20.500000 -0.000024
20.550000 0.000036
20.600000 -0.000023
20.650000 0.000035
20.700000 -0.000026
20.750000 0.000031
20.800000 -0.000030
20.850000 0.000026
20.900000 -0.000034
20.950000 0.000022
21.000000 -0.000035
21.050000 0.000022
21.100000 -0.000033
21.150000 0.000025
21.200000 -0.000029
21.250000 0.000030
21.300000 -0.000024
21.350000 0.000034
21.400000 -0.000021
21.450000 0.000035
21.500000 -0.000021
21.550000 0.000032
21.600000 -0.000025
21.650000 0.000027
21.700000 -0.000030
21.750000 0.000022
21.800000 -0.000033
21.850000 0.000019
21.900000 -0.000034
21.950000 0.000020
22.000000 -0.000030
22.050000 0.000024
22.100000 -0.000025
22.150000 0.000029
22.200000 -0.000020
22.250000 0.000033
22.300000 -0.000018
22.350000 0.000033
22.400000 -0.000019
22.450000 0.000029
22.500000 -0.000024
22.550000 0.000023
22.600000 -0.000029
22.650000 0.000018
22.700000 -0.000032
22.750000 0.000016
22.800000 -0.000032
22.850000 0.000018
22.900000 -0.000027
22.950000 0.000023
23.000000 -0.000021
23.050000 0.000028
23.100000 -0.000016
23.150000 0.000031
23.200000 -0.000014
23.250000 0.000031
23.300000 -0.000017
23.350000 0.000026
23.400000 -0.000022
23.450000 0.000020
23.500000 -0.000028
23.550000 0.000014
23.600000 -0.000031
23.650000 0.000013
23.700000 -0.000030
23.750000 0.000015
23.800000 -0.000025
23.850000 0.000021
23.900000 -0.000018
23.950000 0.000027
24.000000 -0.000012
24.050000 0.000030
24.100000 -0.000011
24.150000 0.000029
24.200000 -0.000014
24.250000 0.000023
24.300000 -0.000020
24.350000 0.000016
24.400000 -0.000026
24.450000 0.000011
24.500000 -0.000029
24.550000 0.000009
24.600000 -0.000028
24.650000 0.000012
24.700000 -0.000022
24.750000 0.000019
24.800000 -0.000014
24.850000 0.000025
24.900000 -0.000009
24.950000 0.000028
25.000000 -0.000007
25.050000 0.000027
25.100000 -0.000011
25.150000 0.000021
25.200000 -0.000017
25.250000 0.000013
25.300000 -0.000024
25.350000 0.000007
25.400000 -0.000028
25.450000 0.000005
25.500000 -0.000026
25.550000 0.000009
25.600000 -0.000020
25.650000 0.000016
25.700000 -0.000012
25.750000 0.000023
25.800000 -0.000005
25.850000 0.000027
25.900000 -0.000003
25.950000 0.000025
26.000000 -0.000006
26.050000 0.000019
26.100000 -0.000014
26.150000 0.000011
26.200000 -0.000021
26.250000 0.000003
26.300000 -0.000026
26.350000 0.000001
26.400000 -0.000025
26.450000 0.000004
26.500000 -0.000019
26.550000 0.000012
26.600000 -0.000010
26.650000 0.000020
26.700000 -0.000002
26.750000 0.000025
26.800000 0.000001
26.850000 0.000024
26.900000 -0.000002
26.950000 0.000018
27.000000 -0.000009
27.050000 0.000009
27.100000 -0.000018
27.150000 0.000000
27.200000 -0.000024
27.250000 -0.000004
27.300000 -0.000024
27.350000 -0.000001
27.400000 -0.000018
27.450000 0.000006
27.500000 -0.000008
27.550000 0.000016
27.600000 0.000001
27.650000 0.000023
27.700000 0.000006
27.750000 0.000024
27.800000 0.000004
27.850000 0.000018
27.900000 -0.000003
27.950000 0.000008
28.000000 -0.000013
28.050000 -0.000002
28.100000 -0.000021
28.150000 -0.000008
28.200000 -0.000023
28.250000 -0.000007
28.300000 -0.000019
28.350000 -0.000000
28.400000 -0.000009
28.450000 0.000010
28.500000 0.000002
28.550000 0.000019
28.600000 0.000009
28.650000 0.000023
28.700000 0.000010
28.750000 0.000019
28.800000 0.000004
28.850000 0.000010
28.900000 -0.000007
28.950000 -0.000002
29.000000 -0.000017
29.050000 -0.000011
29.100000 -0.000022
29.150000 -0.000013
29.200000 -0.000020
29.250000 -0.000008
29.300000 -0.000011
29.350000 0.000003
29.400000 0.000001
29.450000 0.000014
29.500000 0.000012
29.550000 0.000021
29.600000 0.000016
29.650000 0.000021
29.700000 0.000012
29.750000 0.000013
29.800000 0.000002
29.850000 0.000000
29.900000 -0.000010
29.950000 -0.000012
30.000000 -0.000019
30.050000 -0.000018
30.100000 -0.000021
30.150000 -0.000017
30.200000 -0.000015
30.250000 -0.000007
30.300000 -0.000002
30.350000 0.000006
30.400000 0.000011
30.450000 0.000017
30.500000 0.000020
30.550000 0.000021
30.600000 0.000021
30.650000 0.000017
30.700000 0.000013
30.750000 0.000005
30.800000 -0.000000
30.850000 -0.000009
30.900000 -0.000013
30.950000 -0.000021
31.000000 -0.000021
31.050000 -0.000024
31.100000 -0.000019
31.150000 -0.000019
31.200000 -0.000009
31.250000 -0.000006
31.300000 0.000006
31.350000 0.000008
31.400000 0.000020
31.450000 0.000019
31.500000 0.000027
31.550000 0.000020
31.600000 0.000025
31.650000 0.000012
31.700000 0.000013
31.750000 -0.000002
31.800000 -0.000002
31.850000 -0.000018
31.900000 -0.000015
31.950000 -0.000029
32.000000 -0.000021
32.050000 -0.000030
32.100000 -0.000016
32.150000 -0.000021
32.200000 -0.000003
32.250000 -0.000005
32.300000 0.000014
32.350000 0.000010
32.400000 0.000028
32.450000 0.000020
32.500000 0.000034
32.550000 0.000019
32.600000 0.000028
32.650000 0.000008
32.700000 0.000014
32.750000 -0.000009
32.800000 -0.000003
32.850000 -0.000026
32.900000 -0.000017
32.950000 -0.000036
33.000000 -0.000021
33.050000 -0.000035
33.100000 -0.000014
33.150000 -0.000024
33.200000 0.000002
33.250000 -0.000006
33.300000 0.000021
33.350000 0.000011
33.400000 0.000036
33.450000 0.000021
33.500000 0.000040
33.550000 0.000019
33.600000 0.000033
33.650000 0.000006
33.700000 0.000017
33.750000 -0.000014
33.800000 -0.000003
33.850000 -0.000033
33.900000 -0.000018
33.950000 -0.000043
34.000000 -0.000022
34.050000 -0.000042
34.100000 -0.000014
34.150000 -0.000028
34.200000 0.000005
34.250000 -0.000008
34.300000 0.000026
34.350000 0.000011
34.400000 0.000042
34.450000 0.000022
34.500000 0.000048
34.550000 0.000020
34.600000 0.000040
34.650000 0.000006
34.700000 0.000021
34.750000 -0.000016
34.800000 -0.000001
34.850000 -0.000037
34.900000 -0.000018
34.950000 -0.000050
35.000000 -0.000024
35.050000 -0.000050
35.100000 -0.000015
35.150000 -0.000036
35.200000 0.000004
35.250000 -0.000013
35.300000 0.000028
35.350000 0.000009
35.400000 0.000048
35.450000 0.000023
35.500000 0.000056
35.550000 0.000023
35.600000 0.000049
35.650000 0.000009
35.700000 0.000030
35.750000 -0.000015
35.800000 0.000005
35.850000 -0.000040
35.900000 -0.000016
35.950000 -0.000056
36.000000 -0.000026
36.050000 -0.000059
36.100000 -0.000020
36.150000 -0.000046
36.200000 -0.000001
36.250000 -0.000023
36.300000 0.000026
36.350000 0.000003
36.400000 0.000050
36.450000 0.000023
36.500000 0.000063
36.550000 0.000028
36.600000 0.000061
36.650000 0.000016
36.700000 0.000043
36.750000 -0.000008
36.800000 0.000015
36.850000 -0.000037
36.900000 -0.000011
36.950000 -0.000060
37.000000 -0.000028
37.050000 -0.000069
37.100000 -0.000028
37.150000 -0.000061
37.200000 -0.000011
37.250000 -0.000038
37.300000 0.000017
37.350000 -0.000008
37.400000 0.000047
37.450000 0.000018
37.500000 0.000068
37.550000 0.000031
37.600000 0.000073
37.650000 0.000027
37.700000 0.000060
37.750000 0.000005
37.800000 0.000033
37.850000 -0.000027
37.900000 0.000001
37.950000 -0.000057
38.000000 -0.000025
38.050000 -0.000076
38.100000 -0.000035
38.150000 -0.000077
38.200000 -0.000025
38.250000 -0.000059
38.300000 0.000001
38.350000 -0.000028
38.400000 0.000035
38.450000 0.000006
38.500000 0.000066
38.550000 0.000031
38.600000 0.000083
38.650000 0.000037
38.700000 0.000080
38.750000 0.000023
38.800000 0.000058
38.850000 -0.000007
38.900000 0.000023
38.950000 -0.000044
39.000000 -0.000012
39.050000 -0.000075
39.100000 -0.000036
39.150000 -0.000090
39.200000 -0.000040
39.250000 -0.000083
39.300000 -0.000022
39.350000 -0.000057
39.400000 0.000011
39.450000 -0.000019
39.500000 0.000051
39.550000 0.000018
39.600000 0.000083
39.650000 0.000041
39.700000 0.000096
39.750000 0.000043
39.800000 0.000087
39.850000 0.000022
39.900000 0.000057
39.950000 -0.000015
40.000000 0.000016
40.050000 -0.000057
40.100000 -0.000022
40.150000 -0.000090
40.200000 -0.000046
40.250000 -0.000103
40.300000 -0.000046
40.350000 -0.000091
40.400000 -0.000023
40.450000 -0.000059
40.500000 0.000017
40.550000 -0.000015
40.600000 0.000062
40.650000 0.000026
40.700000 0.000096
40.750000 0.000051
40.800000 0.000110
40.850000 0.000051
40.900000 0.000097
40.950000 0.000026
41.000000 0.000062
41.050000 -0.000017
41.100000 0.000015
41.150000 -0.000065
41.200000 -0.000029
41.250000 -0.000102
41.300000 -0.000056
41.350000 -0.000117
41.400000 -0.000057
41.450000 -0.000105
41.500000 -0.000031
41.550000 -0.000068
41.600000 0.000014
41.650000 -0.000018
41.700000 0.000065
41.750000 0.000030
41.800000 0.000107
41.850000 0.000060
41.900000 0.000125
41.950000 0.000064
42.000000 0.000114
42.050000 0.000039
42.100000 0.000077
42.150000 -0.000008
42.200000 0.000024
42.250000 -0.000063
42.300000 -0.000028
42.350000 -0.000110
42.400000 -0.000064
42.450000 -0.000133
42.500000 -0.000072
42.550000 -0.000125
42.600000 -0.000049
42.650000 -0.000089
42.700000 -0.000001
42.750000 -0.000033
42.800000 0.000058
42.850000 0.000024
42.900000 0.000110
42.950000 0.000067
43.000000 0.000140
43.050000 0.000081
43.100000 0.000138
43.150000 0.000062
43.200000 0.000104
43.250000 0.000015
43.300000 0.000047
43.350000 -0.000047
43.400000 -0.000015
43.450000 -0.000106
43.500000 -0.000066
43.550000 -0.000145
43.600000 -0.000089
43.650000 -0.000151
43.700000 -0.000078
43.750000 -0.000123
43.800000 -0.000034
43.850000 -0.000067
43.900000 0.000031
43.950000 0.000001
44.000000 0.000097
44.050000 0.000060
44.100000 0.000145
44.150000 0.000093
44.200000 0.000161
44.250000 0.000090
44.300000 0.000138
44.350000 0.000049
44.400000 0.000082
44.450000 -0.000019
44.500000 0.000007
44.550000 -0.000097
44.600000 -0.000067
44.650000 -0.000162
44.700000 -0.000119
44.750000 -0.000195
44.800000 -0.000130
44.850000 -0.000183
44.900000 -0.000092
44.950000 -0.000118
