-30.000000 0.000544
-29.950000 0.000501
-29.900000 0.000996
-29.850000 0.000901
-29.800000 0.001335
-29.750000 0.001173
-29.700000 0.001533
-29.650000 0.001294
-29.600000 0.001572
-29.550000 0.001251
-29.500000 0.001445
-29.450000 0.001046
-29.400000 0.001166
-29.350000 0.000703
-29.300000 0.000766
-29.250000 0.000261
-29.200000 0.000293
-29.150000 -0.000227
-29.100000 -0.000195
-29.050000 -0.000699
-29.000000 -0.000638
-28.950000 -0.001095
-28.900000 -0.000976
-28.850000 -0.001363
-28.800000 -0.001165
-28.750000 -0.001464
-28.700000 -0.001177
-28.650000 -0.001385
-28.600000 -0.001010
-28.550000 -0.001134
-28.500000 -0.000684
-28.450000 -0.000742
-28.400000 -0.000243
-28.350000 -0.000263
-28.300000 0.000257
-28.250000 0.000242
-28.200000 0.000748
-28.150000 0.000705
-28.100000 0.001166
-28.050000 0.001066
-28.000000 0.001456
-27.950000 0.001277
-27.900000 0.001578
-27.850000 0.001308
-27.800000 0.001516
-27.750000 0.001156
-27.700000 0.001275
-27.650000 0.000835
-27.600000 0.000883
-27.550000 0.000384
-27.500000 0.000386
-27.450000 -0.000141
-27.400000 -0.000154
-27.350000 -0.000677
-27.300000 -0.000670
-27.250000 -0.001154
-27.200000 -0.001095
-27.150000 -0.001511
-27.100000 -0.001373
-27.050000 -0.001699
-27.000000 -0.001466
-26.950000 -0.001691
-26.900000 -0.001359
-26.850000 -0.001484
-26.800000 -0.001062
-26.750000 -0.001104
-26.700000 -0.000611
-26.650000 -0.000594
-26.600000 -0.000060
-26.550000 -0.000018
-26.500000 0.000522
-26.450000 0.000554
-26.400000 0.001064
-26.350000 0.001052
-26.300000 0.001500
-26.250000 0.001415
-26.200000 0.001776
-26.150000 0.001598
-26.100000 0.001858
-26.050000 0.001576
-26.000000 0.001732
-25.950000 0.001350
-25.900000 0.001410
-25.850000 0.000943
-25.800000 0.000927
-25.750000 0.000400
-25.700000 0.000336
-25.650000 -0.000218
-25.600000 -0.000293
-25.550000 -0.000838
-25.500000 -0.000886
-25.450000 -0.001385
-25.400000 -0.001372
-25.350000 -0.001793
-25.300000 -0.001691
-25.250000 -0.002009
-25.200000 -0.001801
-25.150000 -0.002006
-25.100000 -0.001686
-25.050000 -0.001781
-25.000000 -0.001358
-24.950000 -0.001357
-24.900000 -0.000853
-24.850000 -0.000783
-24.800000 -0.000228
-24.750000 -0.000122
-24.700000 0.000447
-24.650000 0.000550
-24.600000 0.001096
-24.550000 0.001159
-24.500000 0.001645
-24.450000 0.001635
-24.400000 0.002032
-24.350000 0.001923
-24.300000 0.002211
-24.250000 0.001989
-24.200000 0.002159
-24.150000 0.001821
-24.100000 0.001876
-24.050000 0.001432
-24.000000 0.001389
-23.950000 0.000863
-23.900000 0.000749
-23.850000 0.000171
-23.800000 0.000024
-23.750000 -0.000566
-23.700000 -0.000708
-23.650000 -0.001268
-23.600000 -0.001363
-23.550000 -0.001856
-23.500000 -0.001868
-23.450000 -0.002262
-23.400000 -0.002165
-23.350000 -0.002440
-23.300000 -0.002221
-23.250000 -0.002368
-23.200000 -0.002025
-23.150000 -0.002052
-23.100000 -0.001598
-23.050000 -0.001523
-23.000000 -0.000982
-22.950000 -0.000833
-22.900000 -0.000240
-22.850000 -0.000055
-22.800000 0.000553
-22.750000 0.000735
-22.700000 0.001316
-22.650000 0.001452
-22.600000 0.001968
-22.550000 0.002024
-22.500000 0.002440
-22.450000 0.002386
-22.400000 0.002680
-22.350000 0.002498
-22.300000 0.002657
-22.250000 0.002341
-22.200000 0.002368
-22.150000 0.001928
-22.100000 0.001838
-22.050000 0.001297
-22.000000 0.001118
-21.950000 0.000509
-21.900000 0.000280
-21.850000 -0.000356
-21.800000 -0.000592
-21.750000 -0.001211
-21.700000 -0.001410
-21.650000 -0.001969
-21.600000 -0.002091
-21.550000 -0.002553
-21.500000 -0.002566
-21.450000 -0.002905
-21.400000 -0.002787
-21.350000 -0.002987
-21.300000 -0.002729
-21.250000 -0.002787
-21.200000 -0.002394
-21.150000 -0.002321
-21.100000 -0.001810
-21.050000 -0.001629
-21.000000 -0.001028
-20.950000 -0.000773
-20.900000 -0.000119
-20.850000 0.000169
-20.800000 0.000831
-20.750000 0.001107
-20.700000 0.001732
-20.650000 0.001951
-20.600000 0.002496
-20.550000 0.002618
-20.500000 0.003046
-20.450000 0.003039
-20.400000 0.003326
-20.350000 0.003172
-20.300000 0.003305
-20.250000 0.002999
-20.200000 0.002981
-20.150000 0.002534
-20.100000 0.002382
-20.050000 0.001817
-20.000000 0.001560
-19.950000 0.000910
-19.900000 0.000588
-19.850000 -0.000104
-19.800000 -0.000449
-19.750000 -0.001137
-19.700000 -0.001458
-19.650000 -0.002097
-19.600000 -0.002349
-19.550000 -0.002898
-19.500000 -0.003042
-19.450000 -0.003464
-19.400000 -0.003471
-19.350000 -0.003743
-19.300000 -0.003593
-19.250000 -0.003701
-19.200000 -0.003390
-19.150000 -0.003337
-19.100000 -0.002873
-19.050000 -0.002675
-19.000000 -0.002082
-18.950000 -0.001770
-18.900000 -0.001084
-18.850000 -0.000697
-18.800000 0.000038
-18.750000 0.000451
-18.700000 0.001186
-18.650000 0.001576
-18.600000 0.002261
-18.550000 0.002580
-18.500000 0.003170
-18.450000 0.003377
-18.400000 0.003835
-18.350000 0.003898
-18.300000 0.004198
-18.250000 0.004097
-18.200000 0.004225
-18.150000 0.003954
-18.100000 0.003911
-18.050000 0.003474
-18.000000 0.003273
-17.950000 0.002692
-17.900000 0.002358
-17.850000 0.001664
-17.800000 0.001235
-17.750000 0.000469
-17.700000 -0.000011
-17.650000 -0.000800
-17.600000 -0.001280
-17.550000 -0.002041
-17.500000 -0.002470
-17.450000 -0.003152
-17.400000 -0.003481
-17.350000 -0.004039
-17.300000 -0.004228
-17.250000 -0.004628
-17.200000 -0.004648
-17.150000 -0.004867
-17.100000 -0.004702
-17.050000 -0.004733
-17.000000 -0.004384
-16.950000 -0.004233
-16.900000 -0.003714
-16.850000 -0.003402
-16.800000 -0.002739
-16.750000 -0.002299
-16.700000 -0.001529
-16.650000 -0.001003
-16.600000 -0.000172
-16.550000 0.000393
-16.500000 0.001234
-16.450000 0.001786
-16.400000 0.002587
-16.350000 0.003075
-16.300000 0.003784
-16.250000 0.004161
-16.200000 0.004736
-16.150000 0.004961
-16.100000 0.005365
-16.050000 0.005408
-16.000000 0.005618
-15.950000 0.005463
-15.900000 0.005470
-15.850000 0.005115
-15.800000 0.004924
-15.750000 0.004382
-15.700000 0.004014
-15.650000 0.003314
-15.600000 0.002802
-15.550000 0.001981
-15.500000 0.001371
-15.450000 0.000477
-15.400000 -0.000183
-15.350000 -0.001097
-15.300000 -0.001753
-15.250000 -0.002634
-15.200000 -0.003233
-15.150000 -0.004029
-15.100000 -0.004522
-15.050000 -0.005186
-15.000000 -0.005529
-14.950000 -0.006023
-14.900000 -0.006182
-14.850000 -0.006478
-14.800000 -0.006430
-14.750000 -0.006511
-14.700000 -0.006247
-14.650000 -0.006111
-14.600000 -0.005637
-14.550000 -0.005295
-14.500000 -0.004631
-14.450000 -0.004112
-14.400000 -0.003290
-14.350000 -0.002632
-14.300000 -0.001698
-14.250000 -0.000951
-14.200000 0.000044
-14.150000 0.000826
-14.100000 0.001825
-14.050000 0.002584
-14.000000 0.003531
-13.950000 0.004214
-13.900000 0.005055
-13.850000 0.005612
-13.800000 0.006303
-13.750000 0.006691
-13.700000 0.007194
-13.650000 0.007382
-13.600000 0.007671
-13.550000 0.007637
-13.500000 0.007696
-13.450000 0.007434
-13.400000 0.007261
-13.350000 0.006773
-13.300000 0.006380
-13.250000 0.005685
-13.200000 0.005096
-13.150000 0.004224
-13.100000 0.003477
-13.050000 0.002471
-13.000000 0.001613
-12.950000 0.000524
-12.900000 -0.000391
-12.850000 -0.001504
-12.800000 -0.002417
-12.750000 -0.003497
-12.700000 -0.004349
-12.650000 -0.005338
-12.600000 -0.006075
-12.550000 -0.006921
-12.500000 -0.007496
-12.450000 -0.008156
-12.400000 -0.008529
-12.350000 -0.008971
-12.300000 -0.009114
-12.250000 -0.009314
-12.200000 -0.009213
-12.150000 -0.009162
-12.100000 -0.008812
-12.050000 -0.008513
-12.000000 -0.007922
-11.950000 -0.007391
-11.900000 -0.006582
-11.850000 -0.005845
-11.800000 -0.004852
-11.750000 -0.003949
-11.700000 -0.002816
-11.650000 -0.001797
-11.600000 -0.000577
-11.550000 0.000504
-11.500000 0.001753
-11.450000 0.002834
-11.400000 0.004052
-11.350000 0.005074
-11.300000 0.006203
-11.250000 0.007111
-11.200000 0.008096
-11.150000 0.008840
-11.100000 0.009637
-11.050000 0.010176
-11.000000 0.010749
-10.950000 0.011052
-10.900000 0.011375
-10.850000 0.011420
-10.800000 0.011478
-10.750000 0.011257
-10.700000 0.011045
-10.650000 0.010559
-10.600000 0.010085
-10.550000 0.009348
-10.500000 0.008631
-10.450000 0.007667
-10.400000 0.006737
-10.350000 0.005582
-10.300000 0.004481
-10.250000 0.003181
-10.200000 0.001958
-10.150000 0.000565
-10.100000 -0.000723
-10.050000 -0.002149
-10.000000 -0.003443
-9.950000 -0.004841
-9.900000 -0.006081
-9.850000 -0.007395
-9.800000 -0.008524
-9.750000 -0.009697
-9.700000 -0.010663
-9.650000 -0.011649
-9.600000 -0.012408
-9.550000 -0.013165
-9.500000 -0.013681
-9.450000 -0.014179
-9.400000 -0.014426
-9.350000 -0.014641
-9.300000 -0.014601
-9.250000 -0.014523
-9.200000 -0.014191
-9.150000 -0.013818
-9.100000 -0.013197
-9.050000 -0.012541
-9.000000 -0.011649
-8.950000 -0.010732
-8.900000 -0.009596
-8.850000 -0.008452
-8.800000 -0.007111
-8.750000 -0.005782
-8.700000 -0.004284
-8.650000 -0.002820
-8.600000 -0.001218
-8.550000 0.000324
-8.500000 0.001975
-8.450000 0.003539
-8.400000 0.005182
-8.350000 0.006712
-8.300000 0.008290
-8.250000 0.009733
-8.200000 0.011195
-8.150000 0.012500
-8.100000 0.013799
-8.050000 0.014921
-8.000000 0.016014
-7.950000 0.016913
-7.900000 0.017763
-7.850000 0.018404
-7.800000 0.018981
-7.750000 0.019338
-7.700000 0.019618
-7.650000 0.019674
-7.600000 0.019645
-7.550000 0.019390
-7.500000 0.019047
-7.450000 0.018483
-7.400000 0.017834
-7.350000 0.016973
-7.300000 0.016034
-7.250000 0.014899
-7.200000 0.013696
-7.150000 0.012314
-7.100000 0.010880
-7.050000 0.009289
-7.000000 0.007662
-6.950000 0.005901
-6.900000 0.004124
-6.850000 0.002238
-6.800000 0.000356
-6.750000 -0.001609
-6.700000 -0.003547
-6.650000 -0.005542
-6.600000 -0.007487
-6.550000 -0.009460
-6.500000 -0.011361
-6.450000 -0.013261
-6.400000 -0.015065
-6.350000 -0.016842
-6.300000 -0.018500
-6.250000 -0.020104
-6.200000 -0.021569
-6.150000 -0.022957
-6.100000 -0.024188
-6.050000 -0.025321
-6.000000 -0.026285
-5.950000 -0.027134
-5.900000 -0.027804
-5.850000 -0.028346
-5.800000 -0.028705
-5.750000 -0.028928
-5.700000 -0.028965
-5.650000 -0.028862
-5.600000 -0.028575
-5.550000 -0.028147
-5.500000 -0.027539
-5.450000 -0.026790
-5.400000 -0.025870
-5.350000 -0.024813
-5.300000 -0.023595
-5.250000 -0.022247
-5.200000 -0.020751
-5.150000 -0.019136
-5.100000 -0.017390
-5.050000 -0.015536
-5.000000 -0.013570
-4.950000 -0.011513
-4.900000 -0.009364
-4.850000 -0.007140
-4.800000 -0.004847
-4.750000 -0.002496
-4.700000 -0.000099
-4.650000 0.002339
-4.600000 0.004802
-4.550000 0.007289
-4.500000 0.009780
-4.450000 0.012281
-4.400000 0.014767
-4.350000 0.017248
-4.300000 0.019698
-4.250000 0.022131
-4.200000 0.024516
-4.150000 0.026873
-4.100000 0.029165
-4.050000 0.031420
-4.000000 0.033595
-3.950000 0.035723
-3.900000 0.037758
-3.850000 0.039738
-3.800000 0.041613
-3.750000 0.043426
-3.700000 0.045123
-3.650000 0.046755
-3.600000 0.048263
-3.550000 0.049703
-3.500000 0.051013
-3.450000 0.052256
-3.400000 0.053366
-3.350000 0.054410
-3.300000 0.055319
-3.250000 0.056164
-3.200000 0.056873
-3.150000 0.057522
-3.100000 0.058031
-3.050000 0.058485
-3.000000 0.058798
-2.950000 0.059058
-2.900000 0.059174
-2.850000 0.059241
-2.800000 0.059163
-2.750000 0.059039
-2.700000 0.058768
-2.650000 0.058455
-2.600000 0.057995
-2.550000 0.057496
-2.500000 0.056850
-2.450000 0.056171
-2.400000 0.055343
-2.350000 0.054486
-2.300000 0.053480
-2.250000 0.052447
-2.200000 0.051262
-2.150000 0.050052
-2.100000 0.048685
-2.050000 0.047292
-2.000000 0.045733
-1.950000 0.044144
-1.900000 0.042380
-1.850000 0.040579
-1.800000 0.038589
-1.750000 0.036552
-1.700000 0.034310
-1.650000 0.032010
-1.600000 0.029486
-1.550000 0.026888
-1.500000 0.024044
-1.450000 0.021106
-1.400000 0.017897
-1.350000 0.014569
-1.300000 0.010937
-1.250000 0.007156
-1.200000 0.003031
-1.150000 -0.001281
-1.100000 -0.005986
-1.050000 -0.010926
-1.000000 -0.016316
-0.950000 -0.022001
-0.900000 -0.028204
-0.850000 -0.034771
-0.800000 -0.041938
-0.750000 -0.049551
-0.700000 -0.057856
-0.650000 -0.066701
-0.600000 -0.076346
-0.550000 -0.086639
-0.500000 -0.097852
-0.450000 -0.109836
-0.400000 -0.122876
-0.350000 -0.136827
-0.300000 -0.151984
-0.250000 -0.168205
-0.200000 -0.185799
-0.150000 -0.204624
-0.100000 -0.225001
-0.050000 -0.246788
0.000000 -0.270311
0.050000 -0.295426
0.100000 -0.322462
0.150000 -0.351263
0.200000 -0.382156
0.250000 -0.414968
0.300000 -0.450010
0.350000 -0.487082
0.400000 -0.526470
0.450000 -0.567930
0.500000 -0.611712
0.550000 -0.657513
0.600000 -0.705527
0.650000 -0.755379
0.700000 -0.807191
0.750000 -0.860497
0.800000 -0.915333
0.850000 -0.971131
0.900000 -1.027831
0.950000 -1.084756
1.000000 -1.141750
1.050000 -1.198032
1.100000 -1.253361
1.150000 -1.306875
1.200000 -1.358274
1.250000 -1.406650
1.300000 -1.451692
1.350000 -1.492497
1.400000 -1.528801
1.450000 -1.559769
1.500000 -1.585245
1.550000 -1.604523
1.600000 -1.617615
1.650000 -1.623995
1.700000 -1.623882
1.750000 -1.616960
1.800000 -1.603666
1.850000 -1.583894
1.900000 -1.558287
1.950000 -1.526916
2.000000 -1.490591
2.050000 -1.449507
2.100000 -1.404581
2.150000 -1.356074
2.200000 -1.304945
2.250000 -1.251456
2.300000 -1.196552
2.350000 -1.140446
2.400000 -1.084023
2.450000 -1.027412
2.500000 -0.971410
2.550000 -0.916042
2.600000 -0.862007
2.650000 -0.809221
2.700000 -0.758289
2.750000 -0.709024
2.800000 -0.661944
2.850000 -0.616776
2.900000 -0.573966
2.950000 -0.533170
3.000000 -0.494781
3.050000 -0.458397
3.100000 -0.424373
3.150000 -0.392268
3.200000 -0.362412
3.250000 -0.334337
3.300000 -0.308357
3.350000 -0.283988
3.400000 -0.261541
3.450000 -0.240519
3.500000 -0.221238
3.550000 -0.203196
3.600000 -0.186715
3.650000 -0.171294
3.700000 -0.157264
3.750000 -0.144127
3.800000 -0.132227
3.850000 -0.121067
3.900000 -0.111005
3.950000 -0.101547
4.000000 -0.093065
4.050000 -0.085067
4.100000 -0.077937
4.150000 -0.071188
4.200000 -0.065212
4.250000 -0.059525
4.300000 -0.054531
4.350000 -0.049745
4.400000 -0.045580
4.450000 -0.041553
4.500000 -0.038087
4.550000 -0.034697
4.600000 -0.031816
4.650000 -0.028959
4.700000 -0.026566
4.750000 -0.024152
4.800000 -0.022166
4.850000 -0.020122
4.900000 -0.018478
4.950000 -0.016745
5.000000 -0.015389
5.050000 -0.013919
5.100000 -0.012807
5.150000 -0.011559
5.200000 -0.010655
5.250000 -0.009598
5.300000 -0.008871
5.350000 -0.007974
5.400000 -0.007396
5.450000 -0.006633
5.500000 -0.006178
5.550000 -0.005524
5.600000 -0.005170
5.650000 -0.004604
5.700000 -0.004330
5.750000 -0.003833
5.800000 -0.003623
5.850000 -0.003180
5.900000 -0.003022
5.950000 -0.002625
6.000000 -0.002510
6.050000 -0.002151
6.100000 -0.002076
6.150000 -0.001753
6.200000 -0.001715
6.250000 -0.001425
6.300000 -0.001421
6.350000 -0.001163
6.400000 -0.001190
6.450000 -0.000959
6.500000 -0.001013
6.550000 -0.000803
6.600000 -0.000877
6.650000 -0.000682
6.700000 -0.000769
6.750000 -0.000583
6.800000 -0.000678
6.850000 -0.000495
6.900000 -0.000596
6.950000 -0.000415
7.000000 -0.000520
7.050000 -0.000342
7.100000 -0.000454
7.150000 -0.000284
7.200000 -0.000408
7.250000 -0.000251
7.300000 -0.000392
7.350000 -0.000253
7.400000 -0.000418
7.450000 -0.000301
7.500000 -0.000494
7.550000 -0.000406
7.600000 -0.000632
7.650000 -0.000578
7.700000 -0.000844
7.750000 -0.000832
7.800000 -0.001149
7.850000 -0.001196
7.900000 -0.001585
7.950000 -0.001715
8.000000 -0.002209
8.050000 -0.002466
8.100000 -0.003116
8.150000 -0.003562
8.200000 -0.004446
8.250000 -0.005176
8.300000 -0.006406
8.350000 -0.007553
8.400000 -0.009290
8.450000 -0.011047
8.500000 -0.013523
8.550000 -0.016166
8.600000 -0.019713
8.650000 -0.023644
8.700000 -0.028744
8.750000 -0.034543
8.800000 -0.041895
8.850000 -0.050406
8.900000 -0.061028
8.950000 -0.073475
9.000000 -0.088838
9.050000 -0.106990
9.100000 -0.129216
9.150000 -0.155612
9.200000 -0.187734
9.250000 -0.225986
9.300000 -0.272292
9.350000 -0.327470
9.400000 -0.393928
9.450000 -0.473017
9.500000 -0.567742
9.550000 -0.680086
9.600000 -0.813716
9.650000 -0.971256
9.700000 -1.156949
9.750000 -1.373827
9.800000 -1.626275
9.850000 -1.917021
9.900000 -2.249522
9.950000 -2.624704
10.000000 -3.043110
10.050000 -3.501399
10.100000 -3.994373
10.150000 -4.511486
10.200000 -5.039201
10.250000 -5.558156
10.300000 -6.046627
10.350000 -6.479106
10.400000 -6.831337
10.450000 -7.080206
10.500000 -7.209457
10.550000 -7.209205
10.600000 -7.080175
10.650000 -6.830817
10.700000 -6.478837
10.750000 -6.045907
10.800000 -5.557731
10.850000 -5.038373
10.900000 -4.510999
10.950000 -3.993524
11.000000 -3.500926
11.050000 -3.042307
11.100000 -2.624301
11.150000 -2.248809
11.200000 -1.916722
11.250000 -1.625675
11.300000 -1.373647
11.350000 -1.156470
11.400000 -0.971194
11.450000 -0.813349
11.500000 -0.680126
11.550000 -0.567466
11.600000 -0.473134
11.650000 -0.393713
11.700000 -0.327632
11.750000 -0.272105
11.800000 -0.226160
11.850000 -0.187547
11.900000 -0.155774
11.950000 -0.129008
12.000000 -0.107126
12.050000 -0.088602
12.100000 -0.073584
12.150000 -0.060769
12.200000 -0.050499
12.250000 -0.041628
12.300000 -0.034637
12.350000 -0.028488
12.400000 -0.023758
12.450000 -0.019483
12.500000 -0.016311
12.550000 -0.013326
12.600000 -0.011224
12.650000 -0.009123
12.700000 -0.007752
12.750000 -0.006254
12.800000 -0.005380
12.850000 -0.004289
12.900000 -0.003751
12.950000 -0.002933
13.000000 -0.002621
13.050000 -0.001987
13.100000 -0.001827
13.150000 -0.001318
13.200000 -0.001264
13.250000 -0.000842
13.300000 -0.000865
13.350000 -0.000508
13.400000 -0.000589
13.450000 -0.000282
13.500000 -0.000409
13.550000 -0.000140
13.600000 -0.000302
13.650000 -0.000062
13.700000 -0.000250
13.750000 -0.000029
13.800000 -0.000233
13.850000 -0.000021
13.900000 -0.000231
13.950000 -0.000019
14.000000 -0.000228
14.050000 -0.000010
14.100000 -0.000213
14.150000 0.000014
14.200000 -0.000182
14.250000 0.000052
14.300000 -0.000140
14.350000 0.000098
14.400000 -0.000095
14.450000 0.000140
14.500000 -0.000059
14.550000 0.000169
14.600000 -0.000042
14.650000 0.000176
14.700000 -0.000047
14.750000 0.000160
14.800000 -0.000074
14.850000 0.000127
14.900000 -0.000112
14.950000 0.000088
15.000000 -0.000151
15.050000 0.000054
15.100000 -0.000179
15.150000 0.000036
15.200000 -0.000187
15.250000 0.000040
15.300000 -0.000172
15.350000 0.000066
15.400000 -0.000139
15.450000 0.000105
15.500000 -0.000098
15.550000 0.000148
15.600000 -0.000060
15.650000 0.000180
15.700000 -0.000037
15.750000 0.000193
15.800000 -0.000037
15.850000 0.000182
15.900000 -0.000060
15.950000 0.000150
16.000000 -0.000100
16.050000 0.000107
16.100000 -0.000144
16.150000 0.000066
16.200000 -0.000181
16.250000 0.000039
16.300000 -0.000198
16.350000 0.000034
16.400000 -0.000191
16.450000 0.000054
16.500000 -0.000162
16.550000 0.000093
16.600000 -0.000119
16.650000 0.000139
16.700000 -0.000074
16.750000 0.000179
16.800000 -0.000042
16.850000 0.000202
16.900000 -0.000032
16.950000 0.000201
17.000000 -0.000047
17.050000 0.000175
17.100000 -0.000083
17.150000 0.000133
17.200000 -0.000130
17.250000 0.000086
17.300000 -0.000175
17.350000 0.000048
17.400000 -0.000204
17.450000 0.000031
17.500000 -0.000210
17.550000 0.000039
17.600000 -0.000189
17.650000 0.000072
17.700000 -0.000149
17.750000 0.000119
17.800000 -0.000100
17.850000 0.000168
17.900000 -0.000056
17.950000 0.000205
18.000000 -0.000031
18.050000 0.000218
18.100000 -0.000032
18.150000 0.000204
18.200000 -0.000060
18.250000 0.000166
18.300000 -0.000106
18.350000 0.000116
18.400000 -0.000158
18.450000 0.000067
18.500000 -0.000201
18.550000 0.000035
18.600000 -0.000223
18.650000 0.000027
18.700000 -0.000217
18.750000 0.000048
18.800000 -0.000185
18.850000 0.000091
18.900000 -0.000136
18.950000 0.000144
19.000000 -0.000083
19.050000 0.000193
19.100000 -0.000042
19.150000 0.000225
19.200000 -0.000025
19.250000 0.000229
19.300000 -0.000036
19.350000 0.000205
19.400000 -0.000073
19.450000 0.000159
19.500000 -0.000126
19.550000 0.000103
19.600000 -0.000181
19.650000 0.000054
19.700000 -0.000223
19.750000 0.000025
19.800000 -0.000239
19.850000 0.000025
19.900000 -0.000224
19.950000 0.000055
20.000000 -0.000183
20.050000 0.000106
20.100000 -0.000127
20.150000 0.000165
20.200000 -0.000071
20.250000 0.000215
20.300000 -0.000031
20.350000 0.000243
20.400000 -0.000019
20.450000 0.000240
20.500000 -0.000038
20.550000 0.000208
20.600000 -0.000083
20.650000 0.000155
20.700000 -0.000142
20.750000 0.000095
20.800000 -0.000200
20.850000 0.000044
20.900000 -0.000241
20.950000 0.000018
21.000000 -0.000253
21.050000 0.000023
21.100000 -0.000233
21.150000 0.000058
21.200000 -0.000186
21.250000 0.000115
21.300000 -0.000124
21.350000 0.000178
21.400000 -0.000065
21.450000 0.000231
21.500000 -0.000023
21.550000 0.000260
21.600000 -0.000012
21.650000 0.000255
21.700000 -0.000034
21.750000 0.000218
21.800000 -0.000085
21.850000 0.000158
21.900000 -0.000151
21.950000 0.000092
22.000000 -0.000214
22.050000 0.000038
22.100000 -0.000257
22.150000 0.000010
22.200000 -0.000269
22.250000 0.000016
22.300000 -0.000247
22.350000 0.000055
22.400000 -0.000195
22.450000 0.000117
22.500000 -0.000129
22.550000 0.000185
22.600000 -0.000064
22.650000 0.000243
22.700000 -0.000018
22.750000 0.000275
22.800000 -0.000004
22.850000 0.000271
22.900000 -0.000026
22.950000 0.000234
23.000000 -0.000078
23.050000 0.000171
23.100000 -0.000148
23.150000 0.000100
23.200000 -0.000218
23.250000 0.000038
23.300000 -0.000269
23.350000 0.000003
23.400000 -0.000288
23.450000 0.000003
23.500000 -0.000269
23.550000 0.000041
23.600000 -0.000217
23.650000 0.000106
23.700000 -0.000145
23.750000 0.000181
23.800000 -0.000071
23.850000 0.000248
23.900000 -0.000016
23.950000 0.000289
24.000000 0.000007
24.050000 0.000294
24.100000 -0.000010
24.150000 0.000259
24.200000 -0.000061
24.250000 0.000196
24.300000 -0.000134
24.350000 0.000118
24.400000 -0.000212
24.450000 0.000047
24.500000 -0.000274
24.550000 -0.000000
24.600000 -0.000304
24.650000 -0.000011
24.700000 -0.000295
24.750000 0.000019
24.800000 -0.000249
24.850000 0.000081
24.900000 -0.000176
24.950000 0.000161
25.000000 -0.000094
25.050000 0.000240
25.100000 -0.000025
25.150000 0.000297
25.200000 0.000014
25.250000 0.000317
25.300000 0.000013
25.350000 0.000295
25.400000 -0.000029
25.450000 0.000236
25.500000 -0.000103
25.550000 0.000154
25.600000 -0.000189
25.650000 0.000070
25.700000 -0.000267
25.750000 0.000005
25.800000 -0.000316
25.850000 -0.000025
25.900000 -0.000325
25.950000 -0.000011
26.000000 -0.000291
26.050000 0.000043
26.100000 -0.000222
26.150000 0.000124
26.200000 -0.000134
26.250000 0.000213
26.300000 -0.000050
26.350000 0.000289
26.400000 0.000011
26.450000 0.000332
26.500000 0.000033
26.550000 0.000332
26.600000 0.000010
26.650000 0.000288
26.700000 -0.000053
26.750000 0.000211
26.800000 -0.000142
26.850000 0.000118
26.900000 -0.000235
26.950000 0.000032
27.000000 -0.000310
27.050000 -0.000026
27.100000 -0.000348
27.150000 -0.000041
27.200000 -0.000339
27.250000 -0.000009
27.300000 -0.000286
27.350000 0.000064
27.400000 -0.000200
27.450000 0.000159
27.500000 -0.000101
27.550000 0.000255
27.600000 -0.000015
27.650000 0.000328
27.700000 0.000039
27.750000 0.000361
27.800000 0.000048
27.850000 0.000345
27.900000 0.000008
27.950000 0.000284
28.000000 -0.000072
28.050000 0.000192
28.100000 -0.000172
28.150000 0.000090
28.200000 -0.000270
28.250000 0.000002
28.300000 -0.000343
28.350000 -0.000051
28.400000 -0.000374
28.450000 -0.000056
28.500000 -0.000354
28.550000 -0.000011
28.600000 -0.000288
28.650000 0.000074
28.700000 -0.000189
28.750000 0.000181
28.800000 -0.000082
28.850000 0.000284
28.900000 0.000010
28.950000 0.000359
29.000000 0.000064
29.050000 0.000389
29.100000 0.000066
29.150000 0.000365
29.200000 0.000017
29.250000 0.000293
29.300000 -0.000075
29.350000 0.000189
29.400000 -0.000187
29.450000 0.000076
29.500000 -0.000294
29.550000 -0.000019
29.600000 -0.000372
29.650000 -0.000074
29.700000 -0.000402
29.750000 -0.000077
29.800000 -0.000378
29.850000 -0.000026
29.900000 -0.000303
29.950000 0.000068
30.000000 -0.000196
30.050000 0.000184
30.100000 -0.000078
30.150000 0.000297
30.200000 0.000023
30.250000 0.000381
30.300000 0.000084
30.350000 0.000417
30.400000 0.000091
30.450000 0.000396
30.500000 0.000042
30.550000 0.000321
30.600000 -0.000055
30.650000 0.000209
30.700000 -0.000177
30.750000 0.000084
30.800000 -0.000298
30.850000 -0.000026
30.900000 -0.000390
30.950000 -0.000095
31.000000 -0.000433
31.050000 -0.000108
31.100000 -0.000416
31.150000 -0.000060
31.200000 -0.000342
31.250000 0.000037
31.300000 -0.000227
31.350000 0.000163
31.400000 -0.000097
31.450000 0.000291
31.500000 0.000021
31.550000 0.000392
31.600000 0.000100
31.650000 0.000445
31.700000 0.000123
31.750000 0.000438
31.800000 0.000084
31.850000 0.000371
31.900000 -0.000009
31.950000 0.000257
32.000000 -0.000137
32.050000 0.000121
32.100000 -0.000273
32.150000 -0.000008
32.200000 -0.000389
32.250000 -0.000103
32.300000 -0.000458
32.350000 -0.000141
32.400000 -0.000464
32.450000 -0.000114
32.500000 -0.000406
32.550000 -0.000027
32.600000 -0.000294
32.650000 0.000103
32.700000 -0.000153
32.750000 0.000249
32.800000 -0.000012
32.850000 0.000378
32.900000 0.000099
32.950000 0.000464
33.000000 0.000154
33.050000 0.000487
33.100000 0.000144
33.150000 0.000443
33.200000 0.000067
33.250000 0.000339
33.300000 -0.000059
33.350000 0.000198
33.400000 -0.000209
33.450000 0.000047
33.500000 -0.000352
33.550000 -0.000081
33.600000 -0.000459
33.650000 -0.000161
33.700000 -0.000507
33.750000 -0.000174
33.800000 -0.000485
33.850000 -0.000116
33.900000 -0.000395
33.950000 0.000000
34.000000 -0.000257
34.050000 0.000154
34.100000 -0.000097
34.150000 0.000313
34.200000 0.000052
34.250000 0.000444
34.300000 0.000159
34.350000 0.000520
34.400000 0.000200
34.450000 0.000524
34.500000 0.000166
34.550000 0.000455
34.600000 0.000064
34.650000 0.000325
34.700000 -0.000087
34.750000 0.000161
34.800000 -0.000256
34.850000 -0.000004
34.900000 -0.000409
34.950000 -0.000137
35.000000 -0.000515
35.050000 -0.000211
35.100000 -0.000553
35.150000 -0.000211
35.200000 -0.000515
35.250000 -0.000135
35.300000 -0.000406
35.350000 0.000002
35.400000 -0.000247
35.450000 0.000175
35.500000 -0.000070
35.550000 0.000349
35.600000 0.000092
35.650000 0.000490
35.700000 0.000206
35.750000 0.000570
35.800000 0.000247
35.850000 0.000571
35.900000 0.000207
35.950000 0.000492
36.000000 0.000092
36.050000 0.000347
36.100000 -0.000076
36.150000 0.000164
36.200000 -0.000265
36.250000 -0.000021
36.300000 -0.000437
36.350000 -0.000173
36.400000 -0.000560
36.450000 -0.000260
36.500000 -0.000607
36.550000 -0.000265
36.600000 -0.000570
36.650000 -0.000187
36.700000 -0.000455
36.750000 -0.000040
36.800000 -0.000282
36.850000 0.000150
36.900000 -0.000085
36.950000 0.000345
37.000000 0.000100
37.050000 0.000510
37.100000 0.000237
37.150000 0.000613
37.200000 0.000300
37.250000 0.000633
37.300000 0.000276
37.350000 0.000565
37.400000 0.000166
37.450000 0.000420
37.500000 -0.000009
37.550000 0.000223
37.600000 -0.000217
37.650000 0.000013
37.700000 -0.000420
37.750000 -0.000173
37.800000 -0.000579
37.850000 -0.000297
37.900000 -0.000662
37.950000 -0.000336
38.000000 -0.000654
38.050000 -0.000281
38.100000 -0.000555
38.150000 -0.000142
38.200000 -0.000382
38.250000 0.000057
38.300000 -0.000167
38.350000 0.000279
38.400000 0.000051
38.450000 0.000483
38.500000 0.000233
38.550000 0.000633
38.600000 0.000344
38.650000 0.000701
38.700000 0.000364
38.750000 0.000672
38.800000 0.000288
38.850000 0.000551
38.900000 0.000128
38.950000 0.000358
39.000000 -0.000089
39.050000 0.000127
39.100000 -0.000325
39.150000 -0.000102
39.200000 -0.000537
39.250000 -0.000287
39.300000 -0.000686
39.350000 -0.000393
39.400000 -0.000744
39.450000 -0.000400
39.500000 -0.000698
39.550000 -0.000305
39.600000 -0.000557
39.650000 -0.000123
39.700000 -0.000343
39.750000 0.000113
39.800000 -0.000095
39.850000 0.000362
39.900000 0.000145
39.950000 0.000581
40.000000 0.000333
40.050000 0.000730
40.100000 0.000436
40.150000 0.000782
40.200000 0.000435
40.250000 0.000728
40.300000 0.000330
40.350000 0.000576
40.400000 0.000137
40.450000 0.000350
40.500000 -0.000113
40.550000 0.000087
40.600000 -0.000377
40.650000 -0.000167
40.700000 -0.000609
40.750000 -0.000368
40.800000 -0.000770
40.850000 -0.000481
40.900000 -0.000830
40.950000 -0.000485
41.000000 -0.000777
41.050000 -0.000376
41.100000 -0.000617
41.150000 -0.000172
41.200000 -0.000377
41.250000 0.000093
41.300000 -0.000097
41.350000 0.000376
41.400000 0.000176
41.450000 0.000627
41.500000 0.000395
41.550000 0.000804
41.600000 0.000523
41.650000 0.000877
41.700000 0.000538
41.750000 0.000832
41.800000 0.000435
41.850000 0.000675
41.900000 0.000231
41.950000 0.000432
42.000000 -0.000042
42.050000 0.000140
42.100000 -0.000341
42.150000 -0.000154
42.200000 -0.000617
42.250000 -0.000400
42.300000 -0.000824
42.350000 -0.000559
42.400000 -0.000927
42.450000 -0.000602
42.500000 -0.000907
42.550000 -0.000519
42.600000 -0.000765
42.650000 -0.000323
42.700000 -0.000522
42.750000 -0.000043
42.800000 -0.000216
42.850000 0.000276
42.900000 0.000104
42.950000 0.000582
43.000000 0.000385
43.050000 0.000827
43.100000 0.000583
43.150000 0.000968
43.200000 0.000663
43.250000 0.000984
43.300000 0.000613
43.350000 0.000870
43.400000 0.000440
43.450000 0.000643
43.500000 0.000169
43.550000 0.000338
43.600000 -0.000157
43.650000 0.000003
43.700000 -0.000489
43.750000 -0.000311
43.800000 -0.000772
43.850000 -0.000553
43.900000 -0.000962
43.950000 -0.000683
44.000000 -0.001026
44.050000 -0.000678
44.100000 -0.000951
44.150000 -0.000535
44.200000 -0.000744
44.250000 -0.000272
44.300000 -0.000435
44.350000 0.000070
44.400000 -0.000073
44.450000 0.000437
44.500000 0.000284
44.550000 0.000766
44.600000 0.000570
44.650000 0.000995
44.700000 0.000727
44.750000 0.001068
44.800000 0.000706
44.850000 0.000942
44.900000 0.000470
44.950000 0.000591
