-30.000000 -0.000469
-29.950000 -0.000430
-29.900000 -0.000854
-29.850000 -0.000767
-29.800000 -0.001134
-29.750000 -0.000984
-29.700000 -0.001282
-29.650000 -0.001061
-29.600000 -0.001282
-29.550000 -0.000986
-29.500000 -0.001133
-29.450000 -0.000769
-29.400000 -0.000853
-29.350000 -0.000438
-29.300000 -0.000480
-29.250000 -0.000036
-29.200000 -0.000062
-29.150000 0.000381
-29.100000 0.000342
-29.050000 0.000757
-29.000000 0.000677
-28.950000 0.001038
-28.900000 0.000896
-28.850000 0.001184
-28.800000 0.000967
-28.750000 0.001175
-28.700000 0.000879
-28.650000 0.001009
-28.600000 0.000643
-28.550000 0.000709
-28.500000 0.000290
-28.450000 0.000315
-28.400000 -0.000129
-28.350000 -0.000116
-28.300000 -0.000555
-28.250000 -0.000524
-28.200000 -0.000927
-28.150000 -0.000848
-28.100000 -0.001189
-28.050000 -0.001040
-28.000000 -0.001302
-27.950000 -0.001071
-27.900000 -0.001248
-27.850000 -0.000934
-27.800000 -0.001031
-27.750000 -0.000647
-27.700000 -0.000682
-27.650000 -0.000249
-27.600000 -0.000246
-27.550000 0.000207
-27.500000 0.000216
-27.450000 0.000658
-27.400000 0.000641
-27.350000 0.001041
-27.300000 0.000971
-27.250000 0.001304
-27.200000 0.001159
-27.150000 0.001408
-27.100000 0.001177
-27.050000 0.001336
-27.000000 0.001019
-26.950000 0.001095
-26.900000 0.000704
-26.850000 0.000714
-26.800000 0.000270
-26.750000 0.000241
-26.700000 -0.000224
-26.650000 -0.000259
-26.600000 -0.000712
-26.550000 -0.000721
-26.500000 -0.001128
-26.450000 -0.001079
-26.400000 -0.001415
-26.350000 -0.001285
-26.300000 -0.001531
-26.250000 -0.001309
-26.200000 -0.001459
-26.150000 -0.001145
-26.100000 -0.001206
-26.050000 -0.000814
-26.000000 -0.000804
-25.950000 -0.000356
-25.900000 -0.000303
-25.850000 0.000171
-25.800000 0.000233
-25.750000 0.000699
-25.700000 0.000737
-25.650000 0.001160
-25.600000 0.001143
-25.550000 0.001495
-25.500000 0.001397
-25.450000 0.001657
-25.400000 0.001464
-25.350000 0.001623
-25.300000 0.001331
-25.250000 0.001393
-25.200000 0.001011
-25.150000 0.000992
-25.100000 0.000543
-25.050000 0.000468
-25.000000 -0.000018
-24.950000 -0.000113
-24.900000 -0.000600
-24.850000 -0.000679
-24.800000 -0.001130
-24.750000 -0.001158
-24.700000 -0.001540
-24.650000 -0.001488
-24.600000 -0.001778
-24.550000 -0.001627
-24.500000 -0.001811
-24.450000 -0.001556
-24.400000 -0.001634
-24.350000 -0.001280
-24.300000 -0.001265
-24.250000 -0.000830
-24.200000 -0.000746
-24.150000 -0.000259
-24.100000 -0.000137
-24.050000 0.000367
-24.000000 0.000490
-23.950000 0.000975
-23.900000 0.001061
-23.850000 0.001489
-23.800000 0.001505
-23.750000 0.001847
-23.700000 0.001767
-23.650000 0.002003
-23.600000 0.001812
-23.550000 0.001932
-23.500000 0.001630
-23.450000 0.001641
-23.400000 0.001238
-23.350000 0.001159
-23.300000 0.000682
-23.250000 0.000541
-23.200000 0.000023
-23.150000 -0.000141
-23.100000 -0.000661
-23.050000 -0.000810
-23.000000 -0.001292
-22.950000 -0.001386
-22.900000 -0.001796
-22.850000 -0.001804
-22.800000 -0.002114
-22.750000 -0.002014
-22.700000 -0.002207
-22.650000 -0.001988
-22.600000 -0.002060
-22.550000 -0.001727
-22.500000 -0.001687
-22.450000 -0.001254
-22.400000 -0.001125
-22.350000 -0.000619
-22.300000 -0.000433
-22.250000 0.000110
-22.200000 0.000315
-22.150000 0.000853
-22.100000 0.001035
-22.050000 0.001527
-22.000000 0.001645
-21.950000 0.002055
-21.900000 0.002077
-21.850000 0.002375
-21.800000 0.002278
-21.750000 0.002448
-21.700000 0.002223
-21.650000 0.002264
-21.600000 0.001915
-21.550000 0.001839
-21.500000 0.001385
-21.450000 0.001215
-21.400000 0.000686
-21.350000 0.000457
-21.300000 -0.000109
-21.250000 -0.000356
-21.200000 -0.000918
-21.150000 -0.001141
-21.100000 -0.001655
-21.050000 -0.001814
-21.000000 -0.002243
-20.950000 -0.002302
-20.900000 -0.002617
-20.850000 -0.002552
-20.800000 -0.002733
-20.750000 -0.002532
-20.700000 -0.002574
-20.650000 -0.002239
-20.600000 -0.002151
-20.550000 -0.001698
-20.500000 -0.001502
-20.450000 -0.000960
-20.400000 -0.000691
-20.350000 -0.000099
-20.300000 0.000200
-20.250000 0.000798
-20.200000 0.001081
-20.150000 0.001639
-20.100000 0.001863
-20.050000 0.002340
-20.000000 0.002466
-19.950000 0.002827
-19.900000 0.002827
-19.850000 0.003050
-19.800000 0.002908
-19.750000 0.002984
-19.700000 0.002697
-19.650000 0.002630
-19.600000 0.002210
-19.550000 0.002017
-19.500000 0.001488
-19.450000 0.001201
-19.400000 0.000597
-19.350000 0.000254
-19.300000 -0.000381
-19.250000 -0.000733
-19.200000 -0.001352
-19.150000 -0.001667
-19.100000 -0.002222
-19.050000 -0.002455
-19.000000 -0.002906
-18.950000 -0.003019
-18.900000 -0.003334
-18.850000 -0.003302
-18.800000 -0.003461
-18.750000 -0.003271
-18.700000 -0.003271
-18.650000 -0.002926
-18.600000 -0.002776
-18.550000 -0.002295
-18.500000 -0.002020
-18.450000 -0.001432
-18.400000 -0.001067
-18.350000 -0.000413
-18.300000 -0.000003
-18.250000 0.000672
-18.200000 0.001080
-18.150000 0.001726
-18.100000 0.002085
-18.050000 0.002656
-18.000000 0.002920
-17.950000 0.003375
-17.900000 0.003509
-17.850000 0.003816
-17.800000 0.003793
-17.750000 0.003934
-17.700000 0.003741
-17.650000 0.003710
-17.600000 0.003351
-17.550000 0.003158
-17.500000 0.002651
-17.450000 0.002321
-17.400000 0.001696
-17.350000 0.001267
-17.300000 0.000568
-17.250000 0.000086
-17.200000 -0.000640
-17.150000 -0.001124
-17.100000 -0.001824
-17.050000 -0.002260
-17.000000 -0.002884
-16.950000 -0.003224
-16.900000 -0.003730
-16.850000 -0.003935
-16.800000 -0.004288
-16.750000 -0.004330
-16.700000 -0.004508
-16.650000 -0.004371
-16.600000 -0.004365
-16.550000 -0.004047
-16.500000 -0.003863
-16.450000 -0.003377
-16.400000 -0.003036
-16.350000 -0.002410
-16.300000 -0.001944
-16.250000 -0.001217
-16.200000 -0.000671
-16.150000 0.000108
-16.100000 0.000683
-16.050000 0.001461
-16.000000 0.002010
-15.950000 0.002733
-15.900000 0.003204
-15.850000 0.003822
-15.800000 0.004167
-15.750000 0.004639
-15.700000 0.004823
-15.650000 0.005117
-15.600000 0.005115
-15.550000 0.005215
-15.500000 0.005018
-15.450000 0.004920
-15.400000 0.004532
-15.350000 0.004248
-15.300000 0.003687
-15.250000 0.003243
-15.200000 0.002540
-15.150000 0.001972
-15.100000 0.001170
-15.050000 0.000523
-15.000000 -0.000328
-14.950000 -0.000999
-14.900000 -0.001845
-14.850000 -0.002484
-14.800000 -0.003268
-14.750000 -0.003821
-14.700000 -0.004491
-14.650000 -0.004909
-14.600000 -0.005420
-14.550000 -0.005663
-14.500000 -0.005982
-14.450000 -0.006024
-14.400000 -0.006131
-14.350000 -0.005959
-14.300000 -0.005851
-14.250000 -0.005469
-14.200000 -0.005155
-14.150000 -0.004581
-14.100000 -0.004086
-14.050000 -0.003351
-14.000000 -0.002712
-13.950000 -0.001857
-13.900000 -0.001121
-13.850000 -0.000196
-13.800000 0.000586
-13.750000 0.001526
-13.700000 0.002295
-13.650000 0.003192
-13.600000 0.003894
-13.550000 0.004693
-13.500000 0.005273
-13.450000 0.005924
-13.400000 0.006336
-13.350000 0.006798
-13.300000 0.007007
-13.250000 0.007250
-13.200000 0.007234
-13.150000 0.007245
-13.100000 0.006997
-13.050000 0.006774
-13.000000 0.006302
-12.950000 0.005862
-12.900000 0.005188
-12.850000 0.004560
-12.800000 0.003718
-12.750000 0.002942
-12.700000 0.001977
-12.650000 0.001102
-12.600000 0.000067
-12.550000 -0.000853
-12.500000 -0.001900
-12.450000 -0.002807
-12.400000 -0.003809
-12.350000 -0.004644
-12.300000 -0.005544
-12.250000 -0.006252
-12.200000 -0.006997
-12.150000 -0.007529
-12.100000 -0.008075
-12.050000 -0.008392
-12.000000 -0.008705
-11.950000 -0.008781
-11.900000 -0.008843
-11.850000 -0.008665
-11.800000 -0.008471
-11.750000 -0.008042
-11.700000 -0.007602
-11.650000 -0.006941
-11.600000 -0.006280
-11.550000 -0.005417
-11.500000 -0.004572
-11.450000 -0.003550
-11.400000 -0.002568
-11.350000 -0.001438
-11.300000 -0.000372
-11.250000 0.000811
-11.200000 0.001903
-11.150000 0.003080
-11.100000 0.004138
-11.050000 0.005249
-11.000000 0.006214
-10.950000 0.007203
-10.900000 0.008021
-10.850000 0.008835
-10.800000 0.009459
-10.750000 0.010055
-10.700000 0.010446
-10.650000 0.010791
-10.600000 0.010921
-10.550000 0.010996
-10.500000 0.010853
-10.450000 0.010650
-10.400000 0.010234
-10.350000 0.009762
-10.300000 0.009089
-10.250000 0.008369
-10.200000 0.007465
-10.150000 0.006529
-10.100000 0.005433
-10.050000 0.004324
-10.000000 0.003081
-9.950000 0.001850
-9.900000 0.000514
-9.850000 -0.000784
-9.800000 -0.002155
-9.750000 -0.003460
-9.700000 -0.004806
-9.650000 -0.006059
-9.600000 -0.007319
-9.550000 -0.008459
-9.500000 -0.009576
-9.450000 -0.010547
-9.400000 -0.011467
-9.350000 -0.012222
-9.300000 -0.012901
-9.250000 -0.013399
-9.200000 -0.013804
-9.150000 -0.014018
-9.100000 -0.014128
-9.050000 -0.014044
-9.000000 -0.013851
-8.950000 -0.013467
-8.900000 -0.012976
-8.850000 -0.012303
-8.800000 -0.011532
-8.750000 -0.010594
-8.700000 -0.009570
-8.650000 -0.008400
-8.600000 -0.007161
-8.550000 -0.005801
-8.500000 -0.004392
-8.450000 -0.002889
-8.400000 -0.001363
-8.350000 0.000227
-8.300000 0.001814
-8.250000 0.003433
-8.200000 0.005021
-8.150000 0.006608
-8.100000 0.008137
-8.050000 0.009633
-8.000000 0.011044
-7.950000 0.012392
-7.900000 0.013632
-7.850000 0.014782
-7.800000 0.015803
-7.750000 0.016712
-7.700000 0.017477
-7.650000 0.018112
-7.600000 0.018592
-7.550000 0.018928
-7.500000 0.019103
-7.450000 0.019126
-7.400000 0.018987
-7.350000 0.018691
-7.300000 0.018237
-7.250000 0.017626
-7.200000 0.016864
-7.150000 0.015951
-7.100000 0.014898
-7.050000 0.013705
-7.000000 0.012388
-6.950000 0.010944
-6.900000 0.009398
-6.850000 0.007742
-6.800000 0.006010
-6.750000 0.004189
-6.700000 0.002319
-6.650000 0.000385
-6.600000 -0.001570
-6.550000 -0.003563
-6.500000 -0.005547
-6.450000 -0.007543
-6.400000 -0.009499
-6.350000 -0.011444
-6.300000 -0.013319
-6.250000 -0.015158
-6.200000 -0.016901
-6.150000 -0.018586
-6.100000 -0.020147
-6.050000 -0.021631
-6.000000 -0.022968
-5.950000 -0.024210
-5.900000 -0.025283
-5.850000 -0.026246
-5.800000 -0.027022
-5.750000 -0.027677
-5.700000 -0.028131
-5.650000 -0.028456
-5.600000 -0.028570
-5.550000 -0.028553
-5.500000 -0.028320
-5.450000 -0.027958
-5.400000 -0.027380
-5.350000 -0.026678
-5.300000 -0.025765
-5.250000 -0.024738
-5.200000 -0.023508
-5.150000 -0.022178
-5.100000 -0.020654
-5.050000 -0.019047
-5.000000 -0.017259
-4.950000 -0.015405
-4.900000 -0.013384
-4.850000 -0.011317
-4.800000 -0.009098
-4.750000 -0.006855
-4.700000 -0.004477
-4.650000 -0.002096
-4.600000 0.000402
-4.550000 0.002880
-4.500000 0.005456
-4.450000 0.007990
-4.400000 0.010603
-4.350000 0.013151
-4.300000 0.015761
-4.250000 0.018283
-4.200000 0.020852
-4.150000 0.023314
-4.100000 0.025809
-4.050000 0.028178
-4.000000 0.030568
-3.950000 0.032818
-3.900000 0.035079
-3.850000 0.037187
-3.800000 0.039297
-3.750000 0.041242
-3.700000 0.043183
-3.650000 0.044948
-3.600000 0.046705
-3.550000 0.048276
-3.500000 0.049834
-3.450000 0.051199
-3.400000 0.052548
-3.350000 0.053696
-3.300000 0.054828
-3.250000 0.055754
-3.200000 0.056664
-3.150000 0.057365
-3.100000 0.058051
-3.050000 0.058527
-3.000000 0.058991
-2.950000 0.059245
-2.900000 0.059490
-2.850000 0.059524
-2.800000 0.059554
-2.750000 0.059372
-2.700000 0.059189
-2.650000 0.058793
-2.600000 0.058398
-2.550000 0.057786
-2.500000 0.057178
-2.450000 0.056350
-2.400000 0.055527
-2.350000 0.054479
-2.300000 0.053434
-2.250000 0.052161
-2.200000 0.050890
-2.150000 0.049384
-2.100000 0.047878
-2.050000 0.046129
-2.000000 0.044375
-1.950000 0.042368
-1.900000 0.040349
-1.850000 0.038061
-1.800000 0.035751
-1.750000 0.033154
-1.700000 0.030518
-1.650000 0.027572
-1.600000 0.024565
-1.550000 0.021219
-1.500000 0.017783
-1.450000 0.013973
-1.400000 0.010041
-1.350000 0.005691
-1.300000 0.001178
-1.250000 -0.003802
-1.200000 -0.008995
-1.150000 -0.014713
-1.100000 -0.020703
-1.050000 -0.027286
-1.000000 -0.034213
-0.950000 -0.041813
-0.900000 -0.049840
-0.850000 -0.058636
-0.800000 -0.067956
-0.750000 -0.078155
-0.700000 -0.088991
-0.650000 -0.100834
-0.600000 -0.113444
-0.550000 -0.127203
-0.500000 -0.141875
-0.450000 -0.157853
-0.400000 -0.174906
-0.350000 -0.193436
-0.300000 -0.213213
-0.250000 -0.234648
-0.200000 -0.257509
-0.150000 -0.282212
-0.100000 -0.308520
-0.050000 -0.336850
0.000000 -0.366953
0.050000 -0.399240
0.100000 -0.433440
0.150000 -0.469950
0.200000 -0.508467
0.250000 -0.549359
0.300000 -0.592279
0.350000 -0.637549
0.400000 -0.684763
0.450000 -0.734180
0.500000 -0.785317
0.550000 -0.838355
0.600000 -0.892715
0.650000 -0.948486
0.700000 -1.004985
0.750000 -1.062200
0.800000 -1.119338
0.850000 -1.176293
0.900000 -1.232171
0.950000 -1.286787
1.000000 -1.339174
1.050000 -1.389103
1.100000 -1.435576
1.150000 -1.478368
1.200000 -1.516508
1.250000 -1.549836
1.300000 -1.577472
1.350000 -1.599382
1.400000 -1.614836
1.450000 -1.623982
1.500000 -1.626280
1.550000 -1.622095
1.600000 -1.611099
1.650000 -1.593875
1.700000 -1.570297
1.750000 -1.541144
1.800000 -1.506455
1.850000 -1.467157
1.900000 -1.423399
1.950000 -1.376193
2.000000 -1.325736
2.050000 -1.273063
2.100000 -1.218357
2.150000 -1.162625
2.200000 -1.105987
2.250000 -1.049378
2.300000 -0.992828
2.350000 -0.937179
2.400000 -0.882352
2.450000 -0.829088
2.500000 -0.777203
2.550000 -0.727340
2.600000 -0.679217
2.650000 -0.633393
2.700000 -0.589503
2.750000 -0.548040
2.800000 -0.508572
2.850000 -0.471542
2.900000 -0.436468
2.950000 -0.403760
3.000000 -0.372902
3.050000 -0.344282
3.100000 -0.317360
3.150000 -0.292517
3.200000 -0.269197
3.250000 -0.247779
3.300000 -0.227700
3.350000 -0.209343
3.400000 -0.192141
3.450000 -0.176483
3.500000 -0.161806
3.550000 -0.148507
3.600000 -0.136024
3.650000 -0.124768
3.700000 -0.114178
3.750000 -0.104678
3.800000 -0.095711
3.850000 -0.087713
3.900000 -0.080133
3.950000 -0.073416
4.000000 -0.067015
4.050000 -0.061388
4.100000 -0.055990
4.150000 -0.051288
4.200000 -0.046740
4.250000 -0.042822
4.300000 -0.038993
4.350000 -0.035739
4.400000 -0.032517
4.450000 -0.029821
4.500000 -0.027109
4.550000 -0.024881
4.600000 -0.022593
4.650000 -0.020756
4.700000 -0.018822
4.750000 -0.017309
4.800000 -0.015669
4.850000 -0.014425
4.900000 -0.013029
4.950000 -0.012011
5.000000 -0.010820
5.050000 -0.009992
5.100000 -0.008975
5.150000 -0.008308
5.200000 -0.007438
5.250000 -0.006909
5.300000 -0.006164
5.350000 -0.005752
5.400000 -0.005112
5.450000 -0.004799
5.500000 -0.004246
5.550000 -0.004013
5.600000 -0.003531
5.650000 -0.003363
5.700000 -0.002936
5.750000 -0.002820
5.800000 -0.002437
5.850000 -0.002362
5.900000 -0.002016
5.950000 -0.001975
6.000000 -0.001659
6.050000 -0.001650
6.100000 -0.001363
6.150000 -0.001383
6.200000 -0.001123
6.250000 -0.001173
6.300000 -0.000939
6.350000 -0.001018
6.400000 -0.000810
6.450000 -0.000915
6.500000 -0.000732
6.550000 -0.000863
6.600000 -0.000702
6.650000 -0.000857
6.700000 -0.000720
6.750000 -0.000902
6.800000 -0.000791
6.850000 -0.001006
6.900000 -0.000933
6.950000 -0.001194
7.000000 -0.001174
7.050000 -0.001503
7.100000 -0.001563
7.150000 -0.001992
7.200000 -0.002171
7.250000 -0.002744
7.300000 -0.003096
7.350000 -0.003878
7.400000 -0.004478
7.450000 -0.005561
7.500000 -0.006519
7.550000 -0.008034
7.600000 -0.009508
7.650000 -0.011646
7.700000 -0.013869
7.750000 -0.016911
7.800000 -0.020222
7.850000 -0.024580
7.900000 -0.029477
7.950000 -0.035753
8.000000 -0.042962
8.050000 -0.052029
8.100000 -0.062604
8.150000 -0.075728
8.200000 -0.091188
8.250000 -0.110194
8.300000 -0.132723
8.350000 -0.160220
8.400000 -0.192931
8.450000 -0.232625
8.500000 -0.279912
8.550000 -0.336995
8.600000 -0.404966
8.650000 -0.486578
8.700000 -0.583522
8.750000 -0.699194
8.800000 -0.835943
8.850000 -0.997808
8.900000 -1.187688
8.950000 -1.410007
9.000000 -1.667745
9.050000 -1.964949
9.100000 -2.303547
9.150000 -2.685638
9.200000 -3.110035
9.250000 -3.574363
9.300000 -4.071451
9.350000 -4.591524
9.400000 -5.118937
9.450000 -5.635119
9.500000 -6.116440
9.550000 -6.538637
9.600000 -6.876216
9.650000 -7.108147
9.700000 -7.217777
9.750000 -7.198012
9.800000 -7.049551
9.850000 -6.783615
9.900000 -6.417447
9.950000 -5.974771
10.000000 -5.479963
10.050000 -4.958328
10.100000 -4.431052
10.150000 -3.916882
10.200000 -3.428626
10.250000 -2.976233
10.300000 -2.564302
10.350000 -2.195795
10.400000 -1.869790
10.450000 -1.585209
10.500000 -1.338397
10.550000 -1.126629
10.600000 -0.945429
10.650000 -0.791855
10.700000 -0.661617
10.750000 -0.552223
10.800000 -0.459968
10.850000 -0.383014
10.900000 -0.318310
10.950000 -0.264653
11.000000 -0.219573
11.050000 -0.182400
11.100000 -0.151129
11.150000 -0.125501
11.200000 -0.103864
11.250000 -0.086267
11.300000 -0.071311
11.350000 -0.059270
11.400000 -0.048929
11.450000 -0.040718
11.500000 -0.033553
11.550000 -0.027976
11.600000 -0.022990
11.650000 -0.019221
11.700000 -0.015731
11.750000 -0.013203
11.800000 -0.010739
11.850000 -0.009064
11.900000 -0.007307
11.950000 -0.006221
12.000000 -0.004952
12.050000 -0.004274
12.100000 -0.003344
12.150000 -0.002949
12.200000 -0.002253
12.250000 -0.002055
12.300000 -0.001520
12.350000 -0.001456
12.400000 -0.001029
12.450000 -0.001054
12.500000 -0.000697
12.550000 -0.000779
12.600000 -0.000466
12.650000 -0.000582
12.700000 -0.000295
12.750000 -0.000434
12.800000 -0.000164
12.850000 -0.000319
12.900000 -0.000061
12.950000 -0.000229
13.000000 0.000017
13.050000 -0.000165
13.100000 0.000068
13.150000 -0.000127
13.200000 0.000095
13.250000 -0.000114
13.300000 0.000098
13.350000 -0.000120
13.400000 0.000086
13.450000 -0.000137
13.500000 0.000069
13.550000 -0.000154
13.600000 0.000055
13.650000 -0.000163
13.700000 0.000053
13.750000 -0.000159
13.800000 0.000066
13.850000 -0.000140
13.900000 0.000091
13.950000 -0.000113
14.000000 0.000120
14.050000 -0.000085
14.100000 0.000145
14.150000 -0.000067
14.200000 0.000157
14.250000 -0.000063
14.300000 0.000153
14.350000 -0.000076
14.400000 0.000134
14.450000 -0.000101
14.500000 0.000107
14.550000 -0.000130
14.600000 0.000080
14.650000 -0.000153
14.700000 0.000064
14.750000 -0.000163
14.800000 0.000063
14.850000 -0.000156
14.900000 0.000078
14.950000 -0.000135
15.000000 0.000105
15.050000 -0.000106
15.100000 0.000135
15.150000 -0.000079
15.200000 0.000158
15.250000 -0.000063
15.300000 0.000167
15.350000 -0.000064
15.400000 0.000158
15.450000 -0.000081
15.500000 0.000135
15.550000 -0.000110
15.600000 0.000104
15.650000 -0.000141
15.700000 0.000077
15.750000 -0.000164
15.800000 0.000061
15.850000 -0.000171
15.900000 0.000064
15.950000 -0.000161
16.000000 0.000083
16.050000 -0.000135
16.100000 0.000114
16.150000 -0.000103
16.200000 0.000146
16.250000 -0.000075
16.300000 0.000169
16.350000 -0.000061
16.400000 0.000175
16.450000 -0.000064
16.500000 0.000163
16.550000 -0.000085
16.600000 0.000136
16.650000 -0.000117
16.700000 0.000103
16.750000 -0.000150
16.800000 0.000075
16.850000 -0.000173
16.900000 0.000060
16.950000 -0.000180
17.000000 0.000064
17.050000 -0.000167
17.100000 0.000086
17.150000 -0.000139
17.200000 0.000119
17.250000 -0.000104
17.300000 0.000153
17.350000 -0.000074
17.400000 0.000178
17.450000 -0.000058
17.500000 0.000184
17.550000 -0.000063
17.600000 0.000171
17.650000 -0.000086
17.700000 0.000141
17.750000 -0.000121
17.800000 0.000105
17.850000 -0.000156
17.900000 0.000074
17.950000 -0.000182
18.000000 0.000057
18.050000 -0.000189
18.100000 0.000061
18.150000 -0.000175
18.200000 0.000085
18.250000 -0.000145
18.300000 0.000121
18.350000 -0.000108
18.400000 0.000158
18.450000 -0.000075
18.500000 0.000185
18.550000 -0.000057
18.600000 0.000193
18.650000 -0.000059
18.700000 0.000181
18.750000 -0.000082
18.800000 0.000150
18.850000 -0.000119
18.900000 0.000111
18.950000 -0.000158
19.000000 0.000076
19.050000 -0.000188
19.100000 0.000055
19.150000 -0.000199
19.200000 0.000056
19.250000 -0.000187
19.300000 0.000079
19.350000 -0.000156
19.400000 0.000116
19.450000 -0.000116
19.500000 0.000158
19.550000 -0.000078
19.600000 0.000190
19.650000 -0.000055
19.700000 0.000203
19.750000 -0.000053
19.800000 0.000193
19.850000 -0.000074
19.900000 0.000163
19.950000 -0.000112
20.000000 0.000122
20.050000 -0.000155
20.100000 0.000082
20.150000 -0.000190
20.200000 0.000055
20.250000 -0.000207
20.300000 0.000050
20.350000 -0.000201
20.400000 0.000069
20.450000 -0.000173
20.500000 0.000106
20.550000 -0.000131
20.600000 0.000150
20.650000 -0.000087
20.700000 0.000190
20.750000 -0.000056
20.800000 0.000211
20.850000 -0.000046
20.900000 0.000209
20.950000 -0.000061
21.000000 0.000183
21.050000 -0.000098
21.100000 0.000140
21.150000 -0.000144
21.200000 0.000094
21.250000 -0.000187
21.300000 0.000058
21.350000 -0.000214
21.400000 0.000043
21.450000 -0.000217
21.500000 0.000054
21.550000 -0.000194
21.600000 0.000088
21.650000 -0.000152
21.700000 0.000135
21.750000 -0.000104
21.800000 0.000182
21.850000 -0.000063
21.900000 0.000215
21.950000 -0.000042
22.000000 0.000224
22.050000 -0.000047
22.100000 0.000206
22.150000 -0.000077
22.200000 0.000167
22.250000 -0.000123
22.300000 0.000117
22.350000 -0.000174
22.400000 0.000070
22.450000 -0.000213
22.500000 0.000042
22.550000 -0.000230
22.600000 0.000039
22.650000 -0.000219
22.700000 0.000064
22.750000 -0.000183
22.800000 0.000109
22.850000 -0.000132
22.900000 0.000163
22.950000 -0.000081
23.000000 0.000208
23.050000 -0.000044
23.100000 0.000234
23.150000 -0.000033
23.200000 0.000231
23.250000 -0.000051
23.300000 0.000200
23.350000 -0.000093
23.400000 0.000150
23.450000 -0.000147
23.500000 0.000096
23.550000 -0.000199
23.600000 0.000051
23.650000 -0.000234
23.700000 0.000030
23.750000 -0.000241
23.800000 0.000038
23.850000 -0.000218
23.900000 0.000074
23.950000 -0.000172
24.000000 0.000128
24.050000 -0.000115
24.100000 0.000185
24.150000 -0.000062
24.200000 0.000229
24.250000 -0.000030
24.300000 0.000248
24.350000 -0.000027
24.400000 0.000236
24.450000 -0.000054
24.500000 0.000196
24.550000 -0.000105
24.600000 0.000138
24.650000 -0.000166
24.700000 0.000079
24.750000 -0.000220
24.800000 0.000035
24.850000 -0.000251
24.900000 0.000019
24.950000 -0.000251
25.000000 0.000036
25.050000 -0.000220
25.100000 0.000081
25.150000 -0.000165
25.200000 0.000142
25.250000 -0.000102
25.300000 0.000202
25.350000 -0.000048
25.400000 0.000247
25.450000 -0.000018
25.500000 0.000262
25.550000 -0.000019
25.600000 0.000243
25.650000 -0.000054
25.700000 0.000196
25.750000 -0.000112
25.800000 0.000132
25.850000 -0.000178
25.900000 0.000068
25.950000 -0.000235
26.000000 0.000023
26.050000 -0.000266
26.100000 0.000008
26.150000 -0.000264
26.200000 0.000028
26.250000 -0.000227
26.300000 0.000079
26.350000 -0.000166
26.400000 0.000147
26.450000 -0.000097
26.500000 0.000213
26.550000 -0.000038
26.600000 0.000261
26.650000 -0.000005
26.700000 0.000277
26.750000 -0.000008
26.800000 0.000256
26.850000 -0.000046
26.900000 0.000205
26.950000 -0.000109
27.000000 0.000135
27.050000 -0.000181
27.100000 0.000065
27.150000 -0.000244
27.200000 0.000014
27.250000 -0.000280
27.300000 -0.000005
27.350000 -0.000280
27.400000 0.000014
27.450000 -0.000244
27.500000 0.000067
27.550000 -0.000179
27.600000 0.000140
27.650000 -0.000103
27.700000 0.000214
27.750000 -0.000035
27.800000 0.000271
27.850000 0.000006
27.900000 0.000294
27.950000 0.000009
28.000000 0.000278
28.050000 -0.000026
28.100000 0.000225
28.150000 -0.000092
28.200000 0.000150
28.250000 -0.000172
28.300000 0.000072
28.350000 -0.000245
28.400000 0.000010
28.450000 -0.000292
28.500000 -0.000019
28.550000 -0.000301
28.600000 -0.000008
28.650000 -0.000269
28.700000 0.000042
28.750000 -0.000205
28.800000 0.000118
28.850000 -0.000123
28.900000 0.000201
28.950000 -0.000044
29.000000 0.000271
29.050000 0.000011
29.100000 0.000309
29.150000 0.000029
29.200000 0.000305
29.250000 0.000004
29.300000 0.000260
29.350000 -0.000059
29.400000 0.000184
29.450000 -0.000144
29.500000 0.000096
29.550000 -0.000229
29.600000 0.000018
29.650000 -0.000295
29.700000 -0.000030
29.750000 -0.000322
29.800000 -0.000036
29.850000 -0.000305
29.900000 0.000003
29.950000 -0.000247
30.000000 0.000077
30.050000 -0.000162
30.100000 0.000168
30.150000 -0.000071
30.200000 0.000254
30.250000 0.000004
30.300000 0.000314
30.350000 0.000045
30.400000 0.000333
30.450000 0.000040
30.500000 0.000304
30.550000 -0.000010
30.600000 0.000236
30.650000 -0.000093
30.700000 0.000144
30.750000 -0.000189
30.800000 0.000049
30.850000 -0.000276
30.900000 -0.000025
30.950000 -0.000332
31.000000 -0.000059
31.050000 -0.000343
31.100000 -0.000045
31.150000 -0.000305
31.200000 0.000015
31.250000 -0.000226
31.300000 0.000107
31.350000 -0.000126
31.400000 0.000209
31.450000 -0.000029
31.500000 0.000297
31.550000 0.000043
31.600000 0.000349
31.650000 0.000072
31.700000 0.000352
31.750000 0.000049
31.800000 0.000305
31.850000 -0.000019
31.900000 0.000219
31.950000 -0.000118
32.000000 0.000113
32.050000 -0.000224
32.100000 0.000013
32.150000 -0.000313
32.200000 -0.000059
32.250000 -0.000363
32.300000 -0.000084
32.350000 -0.000362
32.400000 -0.000057
32.450000 -0.000309
32.500000 0.000018
32.550000 -0.000217
32.600000 0.000123
32.650000 -0.000105
32.700000 0.000235
32.750000 0.000001
32.800000 0.000328
32.850000 0.000075
32.900000 0.000378
32.950000 0.000099
33.000000 0.000375
33.050000 0.000068
33.100000 0.000317
33.150000 -0.000013
33.200000 0.000218
33.250000 -0.000125
33.300000 0.000100
33.350000 -0.000242
33.400000 -0.000011
33.450000 -0.000339
33.500000 -0.000088
33.550000 -0.000392
33.600000 -0.000113
33.650000 -0.000388
33.700000 -0.000081
33.750000 -0.000329
33.800000 0.000002
33.850000 -0.000226
33.900000 0.000118
33.950000 -0.000103
34.000000 0.000242
34.050000 0.000015
34.100000 0.000346
34.150000 0.000099
34.200000 0.000406
34.250000 0.000131
34.300000 0.000407
34.350000 0.000101
34.400000 0.000348
34.450000 0.000017
34.500000 0.000242
34.550000 -0.000105
34.600000 0.000112
34.650000 -0.000237
34.700000 -0.000015
34.750000 -0.000350
34.800000 -0.000108
34.850000 -0.000418
34.900000 -0.000148
34.950000 -0.000426
35.000000 -0.000124
35.050000 -0.000372
35.100000 -0.000042
35.150000 -0.000265
35.200000 0.000082
35.250000 -0.000130
35.300000 0.000221
35.350000 0.000005
35.400000 0.000345
35.450000 0.000111
35.500000 0.000426
35.550000 0.000164
35.600000 0.000447
35.650000 0.000152
35.700000 0.000402
35.750000 0.000076
35.800000 0.000299
35.850000 -0.000048
35.900000 0.000160
35.950000 -0.000194
36.000000 0.000014
36.050000 -0.000332
36.100000 -0.000108
36.150000 -0.000431
36.200000 -0.000179
36.250000 -0.000469
36.300000 -0.000182
36.350000 -0.000437
36.400000 -0.000117
36.450000 -0.000341
36.500000 0.000004
36.550000 -0.000200
36.600000 0.000156
36.650000 -0.000045
36.700000 0.000307
36.750000 0.000093
36.800000 0.000425
36.850000 0.000185
36.900000 0.000485
36.950000 0.000210
37.000000 0.000473
37.050000 0.000163
37.100000 0.000392
37.150000 0.000052
37.200000 0.000256
37.250000 -0.000101
37.300000 0.000093
37.350000 -0.000265
37.400000 -0.000063
37.450000 -0.000405
37.500000 -0.000181
37.550000 -0.000494
37.600000 -0.000235
37.650000 -0.000510
37.700000 -0.000213
37.750000 -0.000449
37.800000 -0.000118
37.850000 -0.000324
37.900000 0.000031
37.950000 -0.000157
38.000000 0.000205
38.050000 0.000016
38.100000 0.000368
38.150000 0.000161
38.200000 0.000487
38.250000 0.000247
38.300000 0.000536
38.350000 0.000258
38.400000 0.000506
38.450000 0.000189
38.500000 0.000401
38.550000 0.000054
38.600000 0.000242
38.650000 -0.000122
38.700000 0.000058
38.750000 -0.000304
38.800000 -0.000114
38.850000 -0.000456
38.900000 -0.000239
38.950000 -0.000547
39.000000 -0.000293
39.050000 -0.000559
39.100000 -0.000262
39.150000 -0.000487
39.200000 -0.000152
39.250000 -0.000343
39.300000 0.000017
39.350000 -0.000156
39.400000 0.000213
39.450000 0.000039
39.500000 0.000397
39.550000 0.000204
39.600000 0.000532
39.650000 0.000305
39.700000 0.000593
39.750000 0.000322
39.800000 0.000565
39.850000 0.000251
39.900000 0.000453
39.950000 0.000104
40.000000 0.000278
40.050000 -0.000090
40.100000 0.000072
40.150000 -0.000297
40.200000 -0.000126
40.250000 -0.000476
40.300000 -0.000278
40.350000 -0.000593
40.400000 -0.000355
40.450000 -0.000625
40.500000 -0.000341
40.550000 -0.000564
40.600000 -0.000236
40.650000 -0.000419
40.700000 -0.000060
40.750000 -0.000218
40.800000 0.000157
40.850000 0.000004
40.900000 0.000373
40.950000 0.000205
41.000000 0.000548
41.050000 0.000346
41.100000 0.000647
41.150000 0.000401
41.200000 0.000652
41.250000 0.000357
41.300000 0.000560
41.350000 0.000221
41.400000 0.000387
41.450000 0.000018
41.500000 0.000163
41.550000 -0.000215
41.600000 -0.000071
41.650000 -0.000437
41.700000 -0.000272
41.750000 -0.000607
41.800000 -0.000404
41.850000 -0.000693
41.900000 -0.000441
41.950000 -0.000679
42.000000 -0.000375
42.050000 -0.000564
42.100000 -0.000217
42.150000 -0.000367
42.200000 0.000007
42.250000 -0.000124
42.300000 0.000258
42.350000 0.000124
42.400000 0.000491
42.450000 0.000331
42.500000 0.000663
42.550000 0.000461
42.600000 0.000742
42.650000 0.000487
42.700000 0.000712
42.750000 0.000404
42.800000 0.000578
42.850000 0.000225
42.900000 0.000362
42.950000 -0.000019
43.000000 0.000100
43.050000 -0.000286
43.100000 -0.000162
43.150000 -0.000530
43.200000 -0.000379
43.250000 -0.000708
43.300000 -0.000512
43.350000 -0.000789
43.400000 -0.000537
43.450000 -0.000757
43.500000 -0.000449
43.550000 -0.000615
43.600000 -0.000262
43.650000 -0.000388
43.700000 -0.000005
43.750000 -0.000112
43.800000 0.000277
43.850000 0.000165
43.900000 0.000536
43.950000 0.000395
44.000000 0.000726
44.050000 0.000538
44.100000 0.000813
44.150000 0.000566
44.200000 0.000781
44.250000 0.000475
44.300000 0.000633
44.350000 0.000280
44.400000 0.000397
44.450000 0.000015
44.500000 0.000117
44.550000 -0.000266
44.600000 -0.000153
44.650000 -0.000507
44.700000 -0.000351
44.750000 -0.000647
44.800000 -0.000420
44.850000 -0.000633
44.900000 -0.000314
44.950000 -0.000425
