-30.000000 -0.000780
-29.950000 -0.000744
-29.900000 -0.001480
-29.850000 -0.001395
-29.800000 -0.002069
-29.750000 -0.001913
-29.700000 -0.002503
-29.650000 -0.002256
-29.600000 -0.002744
-29.550000 -0.002390
-29.500000 -0.002766
-29.450000 -0.002300
-29.400000 -0.002562
-29.350000 -0.001990
-29.300000 -0.002150
-29.250000 -0.001487
-29.200000 -0.001567
-29.150000 -0.000839
-29.100000 -0.000867
-29.050000 -0.000105
-29.000000 -0.000114
-28.950000 0.000646
-28.900000 0.000621
-28.850000 0.001345
-28.800000 0.001270
-28.750000 0.001927
-28.700000 0.001773
-28.650000 0.002337
-28.600000 0.002082
-28.550000 0.002535
-28.500000 0.002165
-28.450000 0.002498
-28.400000 0.002011
-28.350000 0.002228
-28.300000 0.001631
-28.250000 0.001745
-28.200000 0.001059
-28.150000 0.001093
-28.100000 0.000346
-28.050000 0.000336
-28.000000 -0.000436
-27.950000 -0.000453
-27.900000 -0.001209
-27.850000 -0.001193
-27.800000 -0.001893
-27.750000 -0.001805
-27.700000 -0.002416
-27.650000 -0.002227
-27.600000 -0.002723
-27.550000 -0.002414
-27.500000 -0.002781
-27.450000 -0.002345
-27.400000 -0.002584
-27.350000 -0.002027
-27.300000 -0.002151
-27.250000 -0.001492
-27.200000 -0.001525
-27.150000 -0.000792
-27.100000 -0.000766
-27.050000 0.000007
-27.000000 0.000056
-26.950000 0.000830
-26.900000 0.000864
-26.850000 0.001603
-26.800000 0.001587
-26.750000 0.002256
-26.700000 0.002157
-26.650000 0.002728
-26.600000 0.002521
-26.550000 0.002973
-26.500000 0.002643
-26.450000 0.002965
-26.400000 0.002505
-26.350000 0.002697
-26.300000 0.002114
-26.250000 0.002187
-26.200000 0.001499
-26.150000 0.001479
-26.100000 0.000714
-26.050000 0.000632
-26.000000 -0.000172
-25.950000 -0.000274
-25.900000 -0.001075
-25.850000 -0.001154
-25.800000 -0.001909
-25.750000 -0.001925
-25.700000 -0.002595
-25.650000 -0.002512
-25.600000 -0.003066
-25.550000 -0.002858
-25.500000 -0.003278
-25.450000 -0.002932
-25.400000 -0.003210
-25.350000 -0.002726
-25.300000 -0.002868
-25.250000 -0.002259
-25.200000 -0.002284
-25.150000 -0.001573
-25.100000 -0.001509
-25.050000 -0.000728
-25.000000 -0.000609
-24.950000 0.000206
-24.900000 0.000340
-24.850000 0.001149
-24.800000 0.001260
-24.750000 0.002024
-24.700000 0.002074
-24.650000 0.002757
-24.600000 0.002712
-24.550000 0.003284
-24.500000 0.003117
-24.450000 0.003555
-24.400000 0.003249
-24.350000 0.003540
-24.300000 0.003088
-24.250000 0.003233
-24.200000 0.002643
-24.150000 0.002654
-24.100000 0.001943
-24.050000 0.001846
-24.000000 0.001047
-23.950000 0.000878
-23.900000 0.000029
-23.850000 -0.000169
-23.800000 -0.001021
-23.750000 -0.001202
-23.700000 -0.002013
-23.650000 -0.002132
-23.600000 -0.002860
-23.550000 -0.002880
-23.500000 -0.003490
-23.450000 -0.003382
-23.400000 -0.003851
-23.350000 -0.003597
-23.300000 -0.003914
-23.250000 -0.003509
-23.200000 -0.003674
-23.150000 -0.003124
-23.100000 -0.003149
-23.050000 -0.002471
-23.000000 -0.002379
-22.950000 -0.001600
-22.900000 -0.001421
-22.850000 -0.000576
-22.800000 -0.000347
-22.750000 0.000526
-22.700000 0.000764
-22.650000 0.001622
-22.600000 0.001826
-22.550000 0.002627
-22.500000 0.002755
-22.450000 0.003459
-22.400000 0.003475
-22.350000 0.004049
-22.300000 0.003923
-22.250000 0.004342
-22.200000 0.004055
-22.150000 0.004307
-22.100000 0.003855
-22.050000 0.003942
-22.000000 0.003333
-21.950000 0.003270
-21.900000 0.002527
-21.850000 0.002343
-21.800000 0.001500
-21.750000 0.001234
-21.700000 0.000332
-21.650000 0.000028
-21.600000 -0.000886
-21.550000 -0.001181
-21.500000 -0.002062
-21.450000 -0.002303
-21.400000 -0.003107
-21.350000 -0.003256
-21.300000 -0.003947
-21.250000 -0.003970
-21.200000 -0.004520
-21.150000 -0.004393
-21.100000 -0.004784
-21.050000 -0.004495
-21.000000 -0.004718
-20.950000 -0.004262
-20.900000 -0.004319
-20.850000 -0.003706
-20.800000 -0.003611
-20.750000 -0.002859
-20.700000 -0.002636
-20.650000 -0.001774
-20.600000 -0.001458
-20.550000 -0.000525
-20.500000 -0.000157
-20.450000 0.000802
-20.400000 0.001173
-20.350000 0.002110
-20.300000 0.002437
-20.250000 0.003302
-20.200000 0.003537
-20.150000 0.004288
-20.100000 0.004391
-20.050000 0.004992
-20.000000 0.004934
-19.950000 0.005361
-19.900000 0.005124
-19.850000 0.005366
-19.800000 0.004947
-19.750000 0.005007
-19.700000 0.004415
-19.650000 0.004309
-19.600000 0.003566
-19.550000 0.003321
-19.500000 0.002456
-19.450000 0.002107
-19.400000 0.001159
-19.350000 0.000744
-19.300000 -0.000244
-19.250000 -0.000680
-19.200000 -0.001665
-19.150000 -0.002077
-19.100000 -0.003014
-19.050000 -0.003358
-19.000000 -0.004204
-18.950000 -0.004439
-18.900000 -0.005155
-18.850000 -0.005244
-18.800000 -0.005797
-18.750000 -0.005713
-18.700000 -0.006081
-18.650000 -0.005806
-18.600000 -0.005977
-18.550000 -0.005508
-18.500000 -0.005485
-18.450000 -0.004830
-18.400000 -0.004630
-18.350000 -0.003813
-18.300000 -0.003464
-18.250000 -0.002520
-18.200000 -0.002063
-18.150000 -0.001036
-18.100000 -0.000518
-18.050000 0.000544
-18.000000 0.001072
-17.950000 0.002117
-17.900000 0.002607
-17.850000 0.003586
-17.800000 0.003990
-17.750000 0.004862
-17.700000 0.005141
-17.650000 0.005868
-17.600000 0.005990
-17.550000 0.006545
-17.500000 0.006487
-17.450000 0.006853
-17.400000 0.006602
-17.350000 0.006770
-17.300000 0.006323
-17.250000 0.006294
-17.200000 0.005657
-17.150000 0.005444
-17.100000 0.004635
-17.050000 0.004260
-17.000000 0.003306
-16.950000 0.002801
-16.900000 0.001740
-16.850000 0.001148
-16.800000 0.000026
-16.750000 -0.000605
-16.700000 -0.001737
-16.650000 -0.002353
-16.600000 -0.003441
-16.550000 -0.003989
-16.500000 -0.004982
-16.450000 -0.005413
-16.400000 -0.006265
-16.350000 -0.006538
-16.300000 -0.007213
-16.250000 -0.007297
-16.200000 -0.007771
-16.150000 -0.007648
-16.100000 -0.007908
-16.050000 -0.007572
-16.000000 -0.007617
-15.950000 -0.007073
-15.900000 -0.006914
-15.850000 -0.006177
-15.800000 -0.005835
-15.750000 -0.004929
-15.700000 -0.004432
-15.650000 -0.003390
-15.600000 -0.002773
-15.550000 -0.001633
-15.500000 -0.000939
-15.450000 0.000254
-15.400000 0.000981
-15.350000 0.002179
-15.300000 0.002888
-15.250000 0.004042
-15.200000 0.004684
-15.150000 0.005743
-15.100000 0.006269
-15.050000 0.007188
-15.000000 0.007555
-14.950000 0.008294
-14.900000 0.008467
-14.850000 0.008995
-14.800000 0.008948
-14.750000 0.009247
-14.700000 0.008969
-14.650000 0.009034
-14.600000 0.008525
-14.550000 0.008363
-14.500000 0.007639
-14.450000 0.007270
-14.400000 0.006355
-14.350000 0.005809
-14.300000 0.004736
-14.250000 0.004050
-14.200000 0.002860
-14.150000 0.002075
-14.100000 0.000811
-14.050000 -0.000027
-14.000000 -0.001319
-13.950000 -0.002163
-13.900000 -0.003436
-13.850000 -0.004241
-13.800000 -0.005447
-13.750000 -0.006164
-13.700000 -0.007259
-13.650000 -0.007844
-13.600000 -0.008784
-13.550000 -0.009196
-13.500000 -0.009942
-13.450000 -0.010147
-13.400000 -0.010670
-13.350000 -0.010642
-13.300000 -0.010922
-13.250000 -0.010648
-13.200000 -0.010677
-13.150000 -0.010155
-13.100000 -0.009939
-13.050000 -0.009181
-13.000000 -0.008738
-12.950000 -0.007768
-12.900000 -0.007127
-12.850000 -0.005980
-12.800000 -0.005179
-12.750000 -0.003897
-12.700000 -0.002981
-12.650000 -0.001610
-12.600000 -0.000628
-12.550000 0.000784
-12.500000 0.001785
-12.450000 0.003188
-12.400000 0.004159
-12.350000 0.005509
-12.300000 0.006405
-12.250000 0.007655
-12.200000 0.008434
-12.150000 0.009545
-12.100000 0.010168
-12.050000 0.011102
-12.000000 0.011533
-11.950000 0.012258
-11.900000 0.012468
-11.850000 0.012958
-11.800000 0.012925
-11.750000 0.013162
-11.700000 0.012872
-11.650000 0.012848
-11.600000 0.012300
-11.550000 0.012018
-11.500000 0.011222
-11.450000 0.010699
-11.400000 0.009675
-11.350000 0.008937
-11.300000 0.007718
-11.250000 0.006801
-11.200000 0.005426
-11.150000 0.004373
-11.100000 0.002887
-11.050000 0.001744
-11.000000 0.000194
-10.950000 -0.000991
-10.900000 -0.002558
-10.850000 -0.003737
-10.800000 -0.005274
-10.750000 -0.006402
-10.700000 -0.007863
-10.650000 -0.008897
-10.600000 -0.010240
-10.550000 -0.011137
-10.500000 -0.012322
-10.450000 -0.013045
-10.400000 -0.014036
-10.350000 -0.014550
-10.300000 -0.015314
-10.250000 -0.015590
-10.200000 -0.016101
-10.150000 -0.016117
-10.100000 -0.016358
-10.050000 -0.016100
-10.000000 -0.016063
-9.950000 -0.015529
-9.900000 -0.015215
-9.850000 -0.014413
-9.800000 -0.013838
-9.750000 -0.012788
-9.700000 -0.011976
-9.650000 -0.010706
-9.600000 -0.009691
-9.550000 -0.008239
-9.500000 -0.007059
-9.450000 -0.005467
-9.400000 -0.004167
-9.350000 -0.002478
-9.300000 -0.001101
-9.250000 0.000640
-9.200000 0.002050
-9.150000 0.003801
-9.100000 0.005201
-9.050000 0.006920
-9.000000 0.008270
-8.950000 0.009917
-8.900000 0.011177
-8.850000 0.012711
-8.800000 0.013842
-8.750000 0.015225
-8.700000 0.016188
-8.650000 0.017384
-8.600000 0.018146
-8.550000 0.019121
-8.500000 0.019649
-8.450000 0.020377
-8.400000 0.020648
-8.350000 0.021108
-8.300000 0.021106
-8.250000 0.021286
-8.200000 0.021006
-8.150000 0.020904
-8.100000 0.020346
-8.050000 0.019969
-8.000000 0.019146
-7.950000 0.018509
-7.900000 0.017437
-7.850000 0.016560
-7.800000 0.015262
-7.750000 0.014170
-7.700000 0.012673
-7.650000 0.011394
-7.600000 0.009726
-7.550000 0.008288
-7.500000 0.006480
-7.450000 0.004915
-7.400000 0.002997
-7.350000 0.001337
-7.300000 -0.000656
-7.250000 -0.002374
-7.200000 -0.004405
-7.150000 -0.006144
-7.100000 -0.008173
-7.050000 -0.009892
-7.000000 -0.011875
-6.950000 -0.013529
-6.900000 -0.015424
-6.850000 -0.016969
-6.800000 -0.018731
-6.750000 -0.020126
-6.700000 -0.021716
-6.650000 -0.022923
-6.600000 -0.024307
-6.550000 -0.025297
-6.500000 -0.026449
-6.450000 -0.027198
-6.400000 -0.028098
-6.350000 -0.028591
-6.300000 -0.029228
-6.250000 -0.029456
-6.200000 -0.029823
-6.150000 -0.029782
-6.100000 -0.029877
-6.050000 -0.029566
-6.000000 -0.029389
-5.950000 -0.028810
-5.900000 -0.028365
-5.850000 -0.027522
-5.800000 -0.026815
-5.750000 -0.025716
-5.700000 -0.024755
-5.650000 -0.023412
-5.600000 -0.022212
-5.550000 -0.020641
-5.500000 -0.019221
-5.450000 -0.017445
-5.400000 -0.015830
-5.350000 -0.013875
-5.300000 -0.012094
-5.250000 -0.009992
-5.200000 -0.008079
-5.150000 -0.005864
-5.100000 -0.003853
-5.050000 -0.001560
-5.000000 0.000515
-4.950000 0.002854
-4.900000 0.004961
-4.850000 0.007315
-4.800000 0.009428
-4.750000 0.011773
-4.700000 0.013868
-4.650000 0.016182
-4.600000 0.018240
-4.550000 0.020506
-4.500000 0.022509
-4.450000 0.024710
-4.400000 0.026643
-4.350000 0.028763
-4.300000 0.030608
-4.250000 0.032630
-4.200000 0.034372
-4.150000 0.036278
-4.100000 0.037897
-4.050000 0.039670
-4.000000 0.041152
-3.950000 0.042777
-3.900000 0.044107
-3.850000 0.045574
-3.800000 0.046743
-3.750000 0.048044
-3.700000 0.049050
-3.650000 0.050185
-3.600000 0.051027
-3.550000 0.051999
-3.500000 0.052683
-3.450000 0.053498
-3.400000 0.054032
-3.350000 0.054698
-3.300000 0.055089
-3.250000 0.055612
-3.200000 0.055867
-3.150000 0.056254
-3.100000 0.056376
-3.050000 0.056629
-3.000000 0.056622
-2.950000 0.056743
-2.900000 0.056607
-2.850000 0.056597
-2.800000 0.056333
-2.750000 0.056194
-2.700000 0.055805
-2.650000 0.055540
-2.600000 0.055029
-2.550000 0.054644
-2.500000 0.054021
-2.450000 0.053525
-2.400000 0.052798
-2.350000 0.052202
-2.300000 0.051383
-2.250000 0.050698
-2.200000 0.049798
-2.150000 0.049034
-2.100000 0.048061
-2.050000 0.047225
-2.000000 0.046184
-1.950000 0.045276
-1.900000 0.044165
-1.850000 0.043183
-1.800000 0.041997
-1.750000 0.040934
-1.700000 0.039665
-1.650000 0.038510
-1.600000 0.037146
-1.550000 0.035889
-1.500000 0.034421
-1.450000 0.033050
-1.400000 0.031466
-1.350000 0.029971
-1.300000 0.028260
-1.250000 0.026629
-1.200000 0.024778
-1.150000 0.022997
-1.100000 0.020988
-1.050000 0.019037
-1.000000 0.016847
-0.950000 0.014696
-0.900000 0.012293
-0.850000 0.009905
-0.800000 0.007243
-0.750000 0.004568
-0.700000 0.001591
-0.650000 -0.001435
-0.600000 -0.004796
-0.550000 -0.008249
-0.500000 -0.012077
-0.450000 -0.016045
-0.400000 -0.020437
-0.350000 -0.025025
-0.300000 -0.030090
-0.250000 -0.035416
-0.200000 -0.041282
-0.150000 -0.047480
-0.100000 -0.054291
-0.050000 -0.061518
0.000000 -0.069441
0.050000 -0.077875
0.100000 -0.087102
0.150000 -0.096951
0.200000 -0.107706
0.250000 -0.119209
0.300000 -0.131748
0.350000 -0.145178
0.400000 -0.159792
0.450000 -0.175458
0.500000 -0.192469
0.550000 -0.210708
0.600000 -0.230467
0.650000 -0.251638
0.700000 -0.274511
0.750000 -0.298982
0.800000 -0.325334
0.850000 -0.353462
0.900000 -0.383635
0.950000 -0.415741
1.000000 -0.450023
1.050000 -0.486352
1.100000 -0.524938
1.150000 -0.565622
1.200000 -0.608566
1.250000 -0.653566
1.300000 -0.700721
1.350000 -0.749768
1.400000 -0.800727
1.450000 -0.853257
1.500000 -0.907286
1.550000 -0.962384
1.600000 -1.018373
1.650000 -1.074729
1.700000 -1.131166
1.750000 -1.187069
1.800000 -1.242056
1.850000 -1.295437
1.900000 -1.346759
1.950000 -1.395294
2.000000 -1.440561
2.050000 -1.481842
2.100000 -1.518684
2.150000 -1.550440
2.200000 -1.576748
2.250000 -1.597092
2.300000 -1.611261
2.350000 -1.618921
2.400000 -1.620053
2.450000 -1.614538
2.500000 -1.602565
2.550000 -1.584231
2.600000 -1.559923
2.650000 -1.529930
2.700000 -1.494795
2.750000 -1.454951
2.800000 -1.411042
2.850000 -1.363582
2.900000 -1.313255
2.950000 -1.260593
3.000000 -1.206259
3.050000 -1.150754
3.100000 -1.094676
3.150000 -1.038452
3.200000 -0.982586
3.250000 -0.927416
3.300000 -0.873337
3.350000 -0.820590
3.400000 -0.769464
3.450000 -0.720108
3.500000 -0.672716
3.550000 -0.627358
3.600000 -0.584146
3.650000 -0.543088
3.700000 -0.504233
3.750000 -0.467542
3.800000 -0.433015
3.850000 -0.400583
3.900000 -0.370209
3.950000 -0.341807
4.000000 -0.315317
4.050000 -0.290643
4.100000 -0.267708
4.150000 -0.246417
4.200000 -0.226683
4.250000 -0.208416
4.300000 -0.191524
4.350000 -0.175925
4.400000 -0.161525
4.450000 -0.148254
4.500000 -0.136018
4.550000 -0.124758
4.600000 -0.114385
4.650000 -0.104852
4.700000 -0.096072
4.750000 -0.088013
4.800000 -0.080590
4.850000 -0.073784
4.900000 -0.067515
4.950000 -0.061777
5.000000 -0.056489
5.050000 -0.051659
5.100000 -0.047208
5.150000 -0.043154
5.200000 -0.039417
5.250000 -0.036025
5.300000 -0.032897
5.350000 -0.030071
5.400000 -0.027461
5.450000 -0.025114
5.500000 -0.022942
5.550000 -0.020998
5.600000 -0.019191
5.650000 -0.017581
5.700000 -0.016072
5.750000 -0.014735
5.800000 -0.013469
5.850000 -0.012352
5.900000 -0.011281
5.950000 -0.010342
6.000000 -0.009428
6.050000 -0.008634
6.100000 -0.007850
6.150000 -0.007177
6.200000 -0.006503
6.250000 -0.005936
6.300000 -0.005360
6.350000 -0.004889
6.400000 -0.004402
6.450000 -0.004018
6.500000 -0.003613
6.550000 -0.003310
6.600000 -0.002978
6.650000 -0.002748
6.700000 -0.002480
6.750000 -0.002311
6.800000 -0.002095
6.850000 -0.001973
6.900000 -0.001796
6.950000 -0.001709
7.000000 -0.001556
7.050000 -0.001489
7.100000 -0.001347
7.150000 -0.001290
7.200000 -0.001152
7.250000 -0.001097
7.300000 -0.000957
7.350000 -0.000903
7.400000 -0.000761
7.450000 -0.000711
7.500000 -0.000572
7.550000 -0.000531
7.600000 -0.000403
7.650000 -0.000378
7.700000 -0.000267
7.750000 -0.000266
7.800000 -0.000177
7.850000 -0.000201
7.900000 -0.000134
7.950000 -0.000182
8.000000 -0.000134
8.050000 -0.000199
8.100000 -0.000161
8.150000 -0.000235
8.200000 -0.000198
8.250000 -0.000271
8.300000 -0.000225
8.350000 -0.000288
8.400000 -0.000227
8.450000 -0.000276
8.500000 -0.000197
8.550000 -0.000231
8.600000 -0.000137
8.650000 -0.000161
8.700000 -0.000057
8.750000 -0.000078
8.800000 0.000027
8.850000 -0.000000
8.900000 0.000097
8.950000 0.000056
9.000000 0.000140
9.050000 0.000080
9.100000 0.000147
9.150000 0.000067
9.200000 0.000117
9.250000 0.000020
9.300000 0.000059
9.350000 -0.000048
9.400000 -0.000012
9.450000 -0.000121
9.500000 -0.000079
9.550000 -0.000180
9.600000 -0.000124
9.650000 -0.000211
9.700000 -0.000136
9.750000 -0.000205
9.800000 -0.000110
9.850000 -0.000163
9.900000 -0.000053
9.950000 -0.000098
10.000000 0.000020
10.050000 -0.000026
10.100000 0.000087
10.150000 0.000030
10.200000 0.000129
10.250000 0.000051
10.300000 0.000129
10.350000 0.000024
10.400000 0.000077
10.450000 -0.000056
10.500000 -0.000028
10.550000 -0.000186
10.600000 -0.000178
10.650000 -0.000357
10.700000 -0.000366
10.750000 -0.000563
10.800000 -0.000587
10.850000 -0.000804
10.900000 -0.000848
10.950000 -0.001095
11.000000 -0.001175
11.050000 -0.001473
11.100000 -0.001618
11.150000 -0.002003
11.200000 -0.002257
11.250000 -0.002784
11.300000 -0.003212
11.350000 -0.003958
11.400000 -0.004653
11.450000 -0.005726
11.500000 -0.006815
11.550000 -0.008367
11.600000 -0.010030
11.650000 -0.012274
11.700000 -0.014765
11.750000 -0.018007
11.800000 -0.021691
11.850000 -0.026370
11.900000 -0.031779
11.950000 -0.038535
12.000000 -0.046439
12.050000 -0.056201
12.100000 -0.067722
12.150000 -0.081842
12.200000 -0.098606
12.250000 -0.119037
12.300000 -0.143386
12.350000 -0.172930
12.400000 -0.208209
12.450000 -0.250844
12.500000 -0.301764
12.550000 -0.363052
12.600000 -0.436140
12.650000 -0.523687
12.700000 -0.627741
12.750000 -0.751616
12.800000 -0.898012
12.850000 -1.070861
12.900000 -1.273353
12.950000 -1.509699
13.000000 -1.783000
13.050000 -2.096849
13.100000 -2.452952
13.150000 -2.852514
13.200000 -3.293593
13.250000 -3.772317
13.300000 -4.280162
13.350000 -4.805365
13.400000 -5.330681
13.450000 -5.835730
13.500000 -6.296022
13.550000 -6.686866
13.600000 -6.983855
13.650000 -7.167802
13.700000 -7.225328
13.750000 -7.152822
13.800000 -6.954965
13.850000 -6.646059
13.900000 -6.245908
13.950000 -5.779237
14.000000 -5.270688
14.050000 -4.744498
14.100000 -4.220566
14.150000 -3.715657
14.200000 -3.240972
14.250000 -2.804625
14.300000 -2.410050
14.350000 -2.058961
14.400000 -1.749882
14.450000 -1.481043
14.500000 -1.248704
14.550000 -1.049816
14.600000 -0.880081
14.650000 -0.736425
14.700000 -0.614854
14.750000 -0.512811
14.800000 -0.426917
14.850000 -0.355278
14.900000 -0.295161
14.950000 -0.245288
15.000000 -0.203483
15.050000 -0.168977
15.100000 -0.140031
15.150000 -0.116269
15.200000 -0.096278
15.250000 -0.079974
15.300000 -0.066181
15.350000 -0.055025
15.400000 -0.045500
15.450000 -0.037882
15.500000 -0.031283
15.550000 -0.026088
15.600000 -0.021491
15.650000 -0.017954
15.700000 -0.014725
15.750000 -0.012323
15.800000 -0.010033
15.850000 -0.008412
15.900000 -0.006771
15.950000 -0.005694
16.000000 -0.004507
16.050000 -0.003815
16.100000 -0.002951
16.150000 -0.002536
16.200000 -0.001905
16.250000 -0.001690
16.300000 -0.001228
16.350000 -0.001158
16.400000 -0.000816
16.450000 -0.000848
16.500000 -0.000586
16.550000 -0.000684
16.600000 -0.000471
16.650000 -0.000605
16.700000 -0.000413
16.750000 -0.000561
16.800000 -0.000370
16.850000 -0.000514
16.900000 -0.000311
16.950000 -0.000442
17.000000 -0.000222
17.050000 -0.000338
17.100000 -0.000103
17.150000 -0.000210
17.200000 0.000032
17.250000 -0.000075
17.300000 0.000164
17.350000 0.000044
17.400000 0.000266
17.450000 0.000124
17.500000 0.000322
17.550000 0.000151
17.600000 0.000321
17.650000 0.000119
17.700000 0.000264
17.750000 0.000039
17.800000 0.000166
17.850000 -0.000073
17.900000 0.000050
17.950000 -0.000190
18.000000 -0.000059
18.050000 -0.000287
18.100000 -0.000138
18.150000 -0.000344
18.200000 -0.000168
18.250000 -0.000349
18.300000 -0.000144
18.350000 -0.000299
18.400000 -0.000069
18.450000 -0.000206
18.500000 0.000040
18.550000 -0.000089
18.600000 0.000162
18.650000 0.000029
18.700000 0.000272
18.750000 0.000122
18.800000 0.000346
18.850000 0.000171
18.900000 0.000369
18.950000 0.000164
19.000000 0.000334
19.050000 0.000102
19.100000 0.000249
19.150000 -0.000004
19.200000 0.000129
19.250000 -0.000133
19.300000 0.000001
19.350000 -0.000257
19.400000 -0.000109
19.450000 -0.000349
19.500000 -0.000176
19.550000 -0.000389
19.600000 -0.000185
19.650000 -0.000368
19.700000 -0.000133
19.750000 -0.000290
19.800000 -0.000030
19.850000 -0.000171
19.900000 0.000101
19.950000 -0.000036
20.000000 0.000233
20.050000 0.000085
20.100000 0.000339
20.150000 0.000168
20.200000 0.000396
20.250000 0.000194
20.300000 0.000393
20.350000 0.000160
20.400000 0.000331
20.450000 0.000071
20.500000 0.000222
20.550000 -0.000054
20.600000 0.000089
20.650000 -0.000191
20.700000 -0.000042
20.750000 -0.000312
20.800000 -0.000145
20.850000 -0.000393
20.900000 -0.000198
20.950000 -0.000418
21.000000 -0.000190
21.050000 -0.000380
21.100000 -0.000122
21.150000 -0.000287
21.200000 -0.000006
21.250000 -0.000155
21.300000 0.000137
21.350000 -0.000011
21.400000 0.000276
21.450000 0.000115
21.500000 0.000385
21.550000 0.000198
21.600000 0.000439
21.650000 0.000219
21.700000 0.000427
21.750000 0.000172
21.800000 0.000350
21.850000 0.000066
21.900000 0.000223
21.950000 -0.000078
22.000000 0.000072
22.050000 -0.000230
22.100000 -0.000072
22.150000 -0.000360
22.200000 -0.000180
22.250000 -0.000441
22.300000 -0.000228
22.350000 -0.000457
22.400000 -0.000208
22.450000 -0.000405
22.500000 -0.000124
22.550000 -0.000295
22.600000 0.000007
22.650000 -0.000150
22.700000 0.000161
22.750000 0.000003
22.800000 0.000307
22.850000 0.000133
22.900000 0.000418
22.950000 0.000217
23.000000 0.000472
23.050000 0.000236
23.100000 0.000458
23.150000 0.000188
23.200000 0.000379
23.250000 0.000078
23.300000 0.000247
23.350000 -0.000071
23.400000 0.000088
23.450000 -0.000234
23.500000 -0.000068
23.550000 -0.000377
23.600000 -0.000190
23.650000 -0.000474
23.700000 -0.000253
23.750000 -0.000503
23.800000 -0.000244
23.850000 -0.000457
23.900000 -0.000163
23.950000 -0.000345
24.000000 -0.000023
24.050000 -0.000188
24.100000 0.000147
24.150000 -0.000016
24.200000 0.000314
24.250000 0.000137
24.300000 0.000446
24.350000 0.000240
24.400000 0.000517
24.450000 0.000273
24.500000 0.000513
24.550000 0.000230
24.600000 0.000434
24.650000 0.000118
24.700000 0.000297
24.750000 -0.000040
24.800000 0.000127
24.850000 -0.000216
24.900000 -0.000044
24.950000 -0.000376
25.000000 -0.000184
25.050000 -0.000492
25.100000 -0.000268
25.150000 -0.000541
25.200000 -0.000278
25.250000 -0.000514
25.300000 -0.000214
25.350000 -0.000416
25.400000 -0.000084
25.450000 -0.000263
25.500000 0.000087
25.550000 -0.000083
25.600000 0.000270
25.650000 0.000092
25.700000 0.000431
25.750000 0.000229
25.800000 0.000539
25.850000 0.000301
25.900000 0.000573
25.950000 0.000293
26.000000 0.000525
26.050000 0.000204
26.100000 0.000402
26.150000 0.000051
26.200000 0.000226
26.250000 -0.000140
26.300000 0.000031
26.350000 -0.000333
26.400000 -0.000147
26.450000 -0.000490
26.500000 -0.000275
26.550000 -0.000583
26.600000 -0.000327
26.650000 -0.000594
26.700000 -0.000294
26.750000 -0.000520
26.800000 -0.000182
26.850000 -0.000377
26.900000 -0.000011
26.950000 -0.000189
27.000000 0.000187
27.050000 0.000009
27.100000 0.000378
27.150000 0.000182
27.200000 0.000527
27.250000 0.000299
27.300000 0.000609
27.350000 0.000340
27.400000 0.000609
27.450000 0.000297
27.500000 0.000526
27.550000 0.000176
27.600000 0.000374
27.650000 -0.000004
27.700000 0.000177
27.750000 -0.000211
27.800000 -0.000031
27.850000 -0.000411
27.900000 -0.000211
27.950000 -0.000566
28.000000 -0.000333
28.050000 -0.000649
28.100000 -0.000371
28.150000 -0.000642
28.200000 -0.000317
28.250000 -0.000546
28.300000 -0.000179
28.350000 -0.000375
28.400000 0.000019
28.450000 -0.000161
28.500000 0.000242
28.550000 0.000059
28.600000 0.000450
28.650000 0.000245
28.700000 0.000607
28.750000 0.000363
28.800000 0.000683
28.850000 0.000392
28.900000 0.000665
28.950000 0.000327
29.000000 0.000557
29.050000 0.000179
29.100000 0.000378
29.150000 -0.000026
29.200000 0.000158
29.250000 -0.000253
29.300000 -0.000065
29.350000 -0.000464
29.400000 -0.000254
29.450000 -0.000624
29.500000 -0.000376
29.550000 -0.000706
29.600000 -0.000412
29.650000 -0.000695
29.700000 -0.000353
29.750000 -0.000592
29.800000 -0.000208
29.850000 -0.000413
29.900000 0.000001
29.950000 -0.000185
30.000000 0.000240
30.050000 0.000053
30.100000 0.000469
30.150000 0.000261
30.200000 0.000649
30.250000 0.000403
30.300000 0.000747
30.350000 0.000451
30.400000 0.000745
30.450000 0.000397
30.500000 0.000642
30.550000 0.000247
30.600000 0.000453
30.650000 0.000026
30.700000 0.000212
30.750000 -0.000228
30.800000 -0.000042
30.850000 -0.000472
30.900000 -0.000264
30.950000 -0.000665
31.000000 -0.000418
31.050000 -0.000774
31.100000 -0.000476
31.150000 -0.000782
31.200000 -0.000431
31.250000 -0.000687
31.300000 -0.000288
31.350000 -0.000505
31.400000 -0.000072
31.450000 -0.000265
31.500000 0.000184
31.550000 -0.000006
31.600000 0.000438
31.650000 0.000232
31.700000 0.000651
31.750000 0.000410
31.800000 0.000788
31.850000 0.000499
31.900000 0.000827
31.950000 0.000483
32.000000 0.000759
32.050000 0.000363
32.100000 0.000593
32.150000 0.000155
32.200000 0.000353
32.250000 -0.000108
32.300000 0.000078
32.350000 -0.000387
32.400000 -0.000190
32.450000 -0.000634
32.500000 -0.000405
32.550000 -0.000809
32.600000 -0.000530
32.650000 -0.000881
32.700000 -0.000544
32.750000 -0.000838
32.800000 -0.000443
32.850000 -0.000685
32.900000 -0.000242
32.950000 -0.000446
33.000000 0.000026
33.050000 -0.000161
33.100000 0.000319
33.150000 0.000125
33.200000 0.000589
33.250000 0.000367
33.300000 0.000795
33.350000 0.000527
33.400000 0.000904
33.450000 0.000580
33.500000 0.000900
33.550000 0.000517
33.600000 0.000784
33.650000 0.000349
33.700000 0.000571
33.750000 0.000099
33.800000 0.000295
33.850000 -0.000196
33.900000 -0.000005
33.950000 -0.000491
34.000000 -0.000284
34.050000 -0.000744
34.100000 -0.000498
34.150000 -0.000913
34.200000 -0.000613
34.250000 -0.000971
34.300000 -0.000610
34.350000 -0.000908
34.400000 -0.000485
34.450000 -0.000729
34.500000 -0.000256
34.550000 -0.000460
34.600000 0.000044
34.650000 -0.000142
34.700000 0.000369
34.750000 0.000177
34.800000 0.000670
34.850000 0.000445
34.900000 0.000898
34.950000 0.000622
35.000000 0.001017
35.050000 0.000677
35.100000 0.001009
35.150000 0.000604
35.200000 0.000875
35.250000 0.000412
35.300000 0.000634
35.350000 0.000131
35.400000 0.000324
35.450000 -0.000198
35.500000 -0.000009
35.550000 -0.000526
35.600000 -0.000318
35.650000 -0.000807
35.700000 -0.000558
35.750000 -0.000998
35.800000 -0.000693
35.850000 -0.001074
35.900000 -0.000703
35.950000 -0.001020
36.000000 -0.000586
36.050000 -0.000844
36.100000 -0.000355
36.150000 -0.000568
36.200000 -0.000041
36.250000 -0.000230
36.300000 0.000312
36.350000 0.000123
36.400000 0.000653
36.450000 0.000438
36.500000 0.000932
36.550000 0.000669
36.600000 0.001107
36.650000 0.000778
36.700000 0.001149
36.750000 0.000748
36.800000 0.001049
36.850000 0.000581
36.900000 0.000821
36.950000 0.000299
37.000000 0.000498
37.050000 -0.000056
37.100000 0.000125
37.150000 -0.000434
37.200000 -0.000242
37.250000 -0.000780
37.300000 -0.000551
37.350000 -0.001043
37.400000 -0.000757
37.450000 -0.001187
37.500000 -0.000832
37.550000 -0.001192
37.600000 -0.000765
37.650000 -0.001057
37.700000 -0.000565
37.750000 -0.000801
37.800000 -0.000259
37.850000 -0.000457
37.900000 0.000113
37.950000 -0.000071
38.000000 0.000501
38.050000 0.000304
38.100000 0.000853
38.150000 0.000619
38.200000 0.001121
38.250000 0.000829
38.300000 0.001266
38.350000 0.000902
38.400000 0.001266
38.450000 0.000825
38.500000 0.001116
38.550000 0.000605
38.600000 0.000834
38.650000 0.000269
38.700000 0.000458
38.750000 -0.000137
38.800000 0.000038
38.850000 -0.000558
38.900000 -0.000367
38.950000 -0.000934
39.000000 -0.000700
39.050000 -0.001213
39.100000 -0.000913
39.150000 -0.001356
39.200000 -0.000978
39.250000 -0.001341
39.300000 -0.000883
39.350000 -0.001172
39.400000 -0.000643
39.450000 -0.000870
39.500000 -0.000288
39.550000 -0.000477
39.600000 0.000133
39.650000 -0.000043
39.700000 0.000567
39.750000 0.000375
39.800000 0.000957
39.850000 0.000723
39.900000 0.001254
39.950000 0.000956
40.000000 0.001418
40.050000 0.001044
40.100000 0.001427
40.150000 0.000971
40.200000 0.001277
40.250000 0.000745
40.300000 0.000983
40.350000 0.000391
40.400000 0.000581
40.450000 -0.000048
40.500000 0.000121
40.550000 -0.000517
40.600000 -0.000339
40.650000 -0.000954
40.700000 -0.000737
40.750000 -0.001301
40.800000 -0.001019
40.850000 -0.001509
40.900000 -0.001145
40.950000 -0.001550
41.000000 -0.001096
41.050000 -0.001415
41.100000 -0.000878
41.150000 -0.001122
41.200000 -0.000518
41.250000 -0.000708
41.300000 -0.000062
41.350000 -0.000227
41.400000 0.000432
41.450000 0.000261
41.500000 0.000901
41.550000 0.000695
41.600000 0.001287
41.650000 0.001020
41.700000 0.001544
41.750000 0.001198
41.800000 0.001639
41.850000 0.001206
41.900000 0.001560
41.950000 0.001040
42.000000 0.001314
42.050000 0.000720
42.100000 0.000929
42.150000 0.000280
42.200000 0.000449
42.250000 -0.000229
42.300000 -0.000071
42.350000 -0.000746
42.400000 -0.000567
42.450000 -0.001208
42.500000 -0.000978
42.550000 -0.001556
42.600000 -0.001251
42.650000 -0.001745
42.700000 -0.001347
42.750000 -0.001748
42.800000 -0.001253
42.850000 -0.001560
42.900000 -0.000976
42.950000 -0.001204
43.000000 -0.000549
43.050000 -0.000720
43.100000 -0.000023
43.150000 -0.000170
43.200000 0.000537
43.250000 0.000380
43.300000 0.001062
43.350000 0.000862
43.400000 0.001489
43.450000 0.001220
43.500000 0.001768
43.550000 0.001409
43.600000 0.001863
43.650000 0.001406
43.700000 0.001764
43.750000 0.001210
43.800000 0.001476
43.850000 0.000837
43.900000 0.001029
43.950000 0.000325
44.000000 0.000467
44.050000 -0.000275
44.100000 -0.000154
44.150000 -0.000901
44.200000 -0.000767
44.250000 -0.001488
44.300000 -0.001310
44.350000 -0.001972
44.400000 -0.001721
44.450000 -0.002300
44.500000 -0.001953
44.550000 -0.002432
44.600000 -0.001977
44.650000 -0.002347
44.700000 -0.001781
44.750000 -0.002043
44.800000 -0.001372
44.850000 -0.001536
44.900000 -0.000771
44.950000 -0.000848
