-30.000000 0.000001
-29.950000 0.000002
-29.900000 0.000004
-29.850000 0.000005
-29.800000 0.000006
-29.750000 0.000006
-29.700000 0.000005
-29.650000 0.000004
-29.600000 0.000001
-29.550000 -0.000001
-29.500000 -0.000003
-29.450000 -0.000005
-29.400000 -0.000006
-29.350000 -0.000006
-29.300000 -0.000006
-29.250000 -0.000003
-29.200000 -0.000002
-29.150000 0.000002
-29.100000 0.000003
-29.050000 0.000006
-29.000000 0.000006
-28.950000 0.000007
-28.900000 0.000005
-28.850000 0.000004
-28.800000 0.000001
-28.750000 -0.000001
-28.700000 -0.000005
-28.650000 -0.000006
-28.600000 -0.000008
-28.550000 -0.000007
-28.500000 -0.000007
-28.450000 -0.000003
-28.400000 -0.000002
-28.350000 0.000003
-28.300000 0.000004
-28.250000 0.000007
-28.200000 0.000007
-28.150000 0.000009
-28.100000 0.000006
-28.050000 0.000005
-28.000000 0.000001
-27.950000 -0.000001
-27.900000 -0.000006
-27.850000 -0.000006
-27.800000 -0.000010
-27.750000 -0.000008
-27.700000 -0.000009
-27.650000 -0.000004
-27.600000 -0.000003
-27.550000 0.000003
-27.500000 0.000004
-27.450000 0.000009
-27.400000 0.000008
-27.350000 0.000011
-27.300000 0.000007
-27.250000 0.000007
-27.200000 0.000002
-27.150000 0.000000
-27.100000 -0.000006
-27.050000 -0.000006
-27.000000 -0.000011
-26.950000 -0.000009
-26.900000 -0.000011
-26.850000 -0.000006
-26.800000 -0.000005
-26.750000 0.000001
-26.700000 0.000003
-26.650000 0.000009
-26.600000 0.000009
-26.550000 0.000013
-26.500000 0.000010
-26.450000 0.000010
-26.400000 0.000004
-26.350000 0.000003
-26.300000 -0.000005
-26.250000 -0.000006
-26.200000 -0.000012
-26.150000 -0.000011
-26.100000 -0.000014
-26.050000 -0.000009
-26.000000 -0.000009
-25.950000 -0.000002
-25.900000 -0.000000
-25.850000 0.000008
-25.800000 0.000009
-25.750000 0.000014
-25.700000 0.000012
-25.650000 0.000014
-25.600000 0.000009
-25.550000 0.000008
-25.500000 -0.000001
-25.450000 -0.000003
-25.400000 -0.000011
-25.350000 -0.000011
-25.300000 -0.000017
-25.250000 -0.000013
-25.200000 -0.000015
-25.150000 -0.000007
-25.100000 -0.000006
-25.050000 0.000004
-25.000000 0.000006
-24.950000 0.000014
-24.900000 0.000014
-24.850000 0.000018
-24.800000 0.000014
-24.750000 0.000014
-24.700000 0.000006
-24.650000 0.000003
-24.600000 -0.000006
-24.550000 -0.000009
-24.500000 -0.000017
-24.450000 -0.000016
-24.400000 -0.000020
-24.350000 -0.000015
-24.300000 -0.000014
-24.250000 -0.000005
-24.200000 -0.000001
-24.150000 0.000009
-24.100000 0.000012
-24.050000 0.000019
-24.000000 0.000019
-23.950000 0.000022
-23.900000 0.000016
-23.850000 0.000014
-23.800000 0.000004
-23.750000 -0.000000
-23.700000 -0.000011
-23.650000 -0.000014
-23.600000 -0.000022
-23.550000 -0.000021
-23.500000 -0.000023
-23.450000 -0.000017
-23.400000 -0.000014
-23.350000 -0.000004
-23.300000 0.000002
-23.250000 0.000013
-23.200000 0.000017
-23.150000 0.000024
-23.100000 0.000024
-23.050000 0.000025
-23.000000 0.000019
-22.950000 0.000015
-22.900000 0.000004
-22.850000 -0.000003
-22.800000 -0.000014
-22.750000 -0.000019
-22.700000 -0.000027
-22.650000 -0.000027
-22.600000 -0.000028
-22.550000 -0.000021
-22.500000 -0.000016
-22.450000 -0.000005
-22.400000 0.000003
-22.350000 0.000015
-22.300000 0.000021
-22.250000 0.000029
-22.200000 0.000030
-22.150000 0.000031
-22.100000 0.000025
-22.050000 0.000019
-22.000000 0.000007
-21.950000 -0.000002
-21.900000 -0.000015
-21.850000 -0.000023
-21.800000 -0.000031
-21.750000 -0.000034
-21.700000 -0.000035
-21.650000 -0.000029
-21.600000 -0.000023
-21.550000 -0.000011
-21.500000 -0.000001
-21.450000 0.000013
-21.400000 0.000023
-21.350000 0.000033
-21.300000 0.000037
-21.250000 0.000039
-21.200000 0.000035
-21.150000 0.000029
-21.100000 0.000017
-21.050000 0.000005
-21.000000 -0.000010
-20.950000 -0.000022
-20.900000 -0.000033
-20.850000 -0.000040
-20.800000 -0.000044
-20.750000 -0.000042
-20.700000 -0.000036
-20.650000 -0.000025
-20.600000 -0.000012
-20.550000 0.000003
-20.500000 0.000018
-20.450000 0.000032
-20.400000 0.000042
-20.350000 0.000048
-20.300000 0.000049
-20.250000 0.000045
-20.200000 0.000035
-20.150000 0.000022
-20.100000 0.000006
-20.050000 -0.000011
-20.000000 -0.000027
-19.950000 -0.000041
-19.900000 -0.000050
-19.850000 -0.000055
-19.800000 -0.000054
-19.750000 -0.000048
-19.700000 -0.000035
-19.650000 -0.000020
-19.600000 -0.000001
-19.550000 0.000017
-19.500000 0.000035
-19.450000 0.000049
-19.400000 0.000059
-19.350000 0.000062
-19.300000 0.000061
-19.250000 0.000051
-19.200000 0.000038
-19.150000 0.000018
-19.100000 -0.000002
-19.050000 -0.000024
-19.000000 -0.000042
-18.950000 -0.000058
-18.900000 -0.000067
-18.850000 -0.000072
-18.800000 -0.000067
-18.750000 -0.000058
-18.700000 -0.000040
-18.650000 -0.000021
-18.600000 0.000004
-18.550000 0.000026
-18.500000 0.000049
-18.450000 0.000065
-18.400000 0.000078
-18.350000 0.000080
-18.300000 0.000078
-18.250000 0.000065
-18.200000 0.000049
-18.150000 0.000024
-18.100000 0.000000
-18.050000 -0.000028
-18.000000 -0.000051
-17.950000 -0.000073
-17.900000 -0.000085
-17.850000 -0.000093
-17.800000 -0.000089
-17.750000 -0.000080
-17.700000 -0.000059
-17.650000 -0.000036
-17.600000 -0.000006
-17.550000 0.000022
-17.500000 0.000053
-17.450000 0.000075
-17.400000 0.000096
-17.350000 0.000103
-17.300000 0.000106
-17.250000 0.000095
-17.200000 0.000079
-17.150000 0.000051
-17.100000 0.000023
-17.050000 -0.000013
-17.000000 -0.000045
-16.950000 -0.000077
-16.900000 -0.000099
-16.850000 -0.000117
-16.800000 -0.000121
-16.750000 -0.000118
-16.700000 -0.000101
-16.650000 -0.000079
-16.600000 -0.000044
-16.550000 -0.000010
-16.500000 0.000031
-16.450000 0.000066
-16.400000 0.000100
-16.350000 0.000122
-16.300000 0.000139
-16.250000 0.000139
-16.200000 0.000133
-16.150000 0.000110
-16.100000 0.000082
-16.050000 0.000041
-16.000000 0.000001
-15.950000 -0.000046
-15.900000 -0.000084
-15.850000 -0.000122
-15.800000 -0.000145
-15.750000 -0.000163
-15.700000 -0.000161
-15.650000 -0.000152
-15.600000 -0.000125
-15.550000 -0.000092
-15.500000 -0.000045
-15.450000 0.000001
-15.400000 0.000054
-15.350000 0.000099
-15.300000 0.000142
-15.250000 0.000169
-15.200000 0.000189
-15.150000 0.000189
-15.100000 0.000179
-15.050000 0.000150
-15.000000 0.000113
-14.950000 0.000061
-14.900000 0.000008
-14.850000 -0.000053
-14.800000 -0.000105
-14.750000 -0.000156
-14.700000 -0.000191
-14.650000 -0.000218
-14.600000 -0.000223
-14.550000 -0.000216
-14.500000 -0.000188
-14.450000 -0.000149
-14.400000 -0.000094
-14.350000 -0.000034
-14.300000 0.000035
-14.250000 0.000098
-14.200000 0.000160
-14.150000 0.000207
-14.100000 0.000245
-14.050000 0.000262
-14.000000 0.000263
-13.950000 0.000242
-13.900000 0.000206
-13.850000 0.000150
-13.800000 0.000085
-13.750000 0.000009
-13.700000 -0.000066
-13.650000 -0.000143
-13.600000 -0.000207
-13.550000 -0.000263
-13.500000 -0.000297
-13.450000 -0.000315
-13.400000 -0.000308
-13.350000 -0.000282
-13.300000 -0.000233
-13.250000 -0.000169
-13.200000 -0.000088
-13.150000 -0.000003
-13.100000 0.000089
-13.050000 0.000174
-13.000000 0.000253
-12.950000 0.000313
-12.900000 0.000357
-12.850000 0.000376
-12.800000 0.000372
-12.750000 0.000341
-12.700000 0.000288
-12.650000 0.000213
-12.600000 0.000123
-12.550000 0.000021
-12.500000 -0.000084
-12.450000 -0.000188
-12.400000 -0.000281
-12.350000 -0.000361
-12.300000 -0.000417
-12.250000 -0.000451
-12.200000 -0.000454
-12.150000 -0.000431
-12.100000 -0.000377
-12.050000 -0.000300
-12.000000 -0.000200
-11.950000 -0.000087
-11.900000 0.000038
-11.850000 0.000162
-11.800000 0.000281
-11.750000 0.000385
-11.700000 0.000470
-11.650000 0.000527
-11.600000 0.000556
-11.550000 0.000550
-11.500000 0.000512
-11.450000 0.000441
-11.400000 0.000343
-11.350000 0.000220
-11.300000 0.000081
-11.250000 -0.000067
-11.200000 -0.000215
-11.150000 -0.000356
-11.100000 -0.000480
-11.050000 -0.000580
-11.000000 -0.000650
-10.950000 -0.000685
-10.900000 -0.000682
-10.850000 -0.000639
-10.800000 -0.000560
-10.750000 -0.000446
-10.700000 -0.000304
-10.650000 -0.000140
-10.600000 0.000036
-10.550000 0.000216
-10.500000 0.000389
-10.450000 0.000548
-10.400000 0.000680
-10.350000 0.000781
-10.300000 0.000842
-10.250000 0.000861
-10.200000 0.000834
-10.150000 0.000762
-10.100000 0.000647
-10.050000 0.000495
-10.000000 0.000312
-9.950000 0.000107
-9.900000 -0.000111
-9.850000 -0.000329
-9.800000 -0.000539
-9.750000 -0.000726
-9.700000 -0.000885
-9.650000 -0.001002
-9.600000 -0.001075
-9.550000 -0.001094
-9.500000 -0.001062
-9.450000 -0.000974
-9.400000 -0.000839
-9.350000 -0.000655
-9.300000 -0.000436
-9.250000 -0.000185
-9.200000 0.000079
-9.150000 0.000352
-9.100000 0.000614
-9.050000 0.000858
-9.000000 0.001068
-8.950000 0.001238
-8.900000 0.001353
-8.850000 0.001413
-8.800000 0.001407
-8.750000 0.001340
-8.700000 0.001206
-8.650000 0.001017
-8.600000 0.000773
-8.550000 0.000489
-8.500000 0.000170
-8.450000 -0.000164
-8.400000 -0.000506
-8.350000 -0.000834
-8.300000 -0.001141
-8.250000 -0.001406
-8.200000 -0.001625
-8.150000 -0.001778
-8.100000 -0.001866
-8.050000 -0.001875
-8.000000 -0.001810
-7.950000 -0.001664
-7.900000 -0.001448
-7.850000 -0.001162
-7.800000 -0.000822
-7.750000 -0.000433
-7.700000 -0.000017
-7.650000 0.000419
-7.600000 0.000850
-7.550000 0.001268
-7.500000 0.001647
-7.450000 0.001981
-7.400000 0.002247
-7.350000 0.002441
-7.300000 0.002546
-7.250000 0.002563
-7.200000 0.002481
-7.150000 0.002308
-7.100000 0.002039
-7.050000 0.001690
-7.000000 0.001262
-6.950000 0.000776
-6.900000 0.000240
-6.850000 -0.000321
-6.800000 -0.000896
-6.750000 -0.001458
-6.700000 -0.001996
-6.650000 -0.002482
-6.600000 -0.002906
-6.550000 -0.003244
-6.500000 -0.003491
-6.450000 -0.003627
-6.400000 -0.003653
-6.350000 -0.003556
-6.300000 -0.003344
-6.250000 -0.003011
-6.200000 -0.002574
-6.150000 -0.002033
-6.100000 -0.001411
-6.050000 -0.000716
-6.000000 0.000025
-5.950000 0.000799
-5.900000 0.001575
-5.850000 0.002339
-5.800000 0.003061
-5.750000 0.003724
-5.700000 0.004301
-5.650000 0.004781
-5.600000 0.005137
-5.550000 0.005365
-5.500000 0.005446
-5.450000 0.005380
-5.400000 0.005156
-5.350000 0.004784
-5.300000 0.004259
-5.250000 0.003598
-5.200000 0.002806
-5.150000 0.001907
-5.100000 0.000911
-5.050000 -0.000152
-5.000000 -0.001265
-4.950000 -0.002396
-4.900000 -0.003525
-4.850000 -0.004619
-4.800000 -0.005657
-4.750000 -0.006606
-4.700000 -0.007449
-4.650000 -0.008156
-4.600000 -0.008713
-4.550000 -0.009097
-4.500000 -0.009300
-4.450000 -0.009306
-4.400000 -0.009116
-4.350000 -0.008720
-4.300000 -0.008128
-4.250000 -0.007340
-4.200000 -0.006371
-4.150000 -0.005233
-4.100000 -0.003947
-4.050000 -0.002531
-4.000000 -0.001013
-3.950000 0.000582
-3.900000 0.002222
-3.850000 0.003879
-3.800000 0.005517
-3.750000 0.007107
-3.700000 0.008612
-3.650000 0.010003
-3.600000 0.011245
-3.550000 0.012310
-3.500000 0.013167
-3.450000 0.013791
-3.400000 0.014155
-3.350000 0.014241
-3.300000 0.014026
-3.250000 0.013498
-3.200000 0.012641
-3.150000 0.011449
-3.100000 0.009914
-3.050000 0.008035
-3.000000 0.005810
-2.950000 0.003245
-2.900000 0.000345
-2.850000 -0.002879
-2.800000 -0.006417
-2.750000 -0.010254
-2.700000 -0.014374
-2.650000 -0.018760
-2.600000 -0.023392
-2.550000 -0.028250
-2.500000 -0.033316
-2.450000 -0.038567
-2.400000 -0.043983
-2.350000 -0.049546
-2.300000 -0.055236
-2.250000 -0.061037
-2.200000 -0.066933
-2.150000 -0.072913
-2.100000 -0.078965
-2.050000 -0.085085
-2.000000 -0.091268
-1.950000 -0.097516
-1.900000 -0.103834
-1.850000 -0.110234
-1.800000 -0.116730
-1.750000 -0.123345
-1.700000 -0.130104
-1.650000 -0.137045
-1.600000 -0.144205
-1.550000 -0.151636
-1.500000 -0.159390
-1.450000 -0.167535
-1.400000 -0.176141
-1.350000 -0.185292
-1.300000 -0.195077
-1.250000 -0.205600
-1.200000 -0.216968
-1.150000 -0.229308
-1.100000 -0.242750
-1.050000 -0.257441
-1.000000 -0.273533
-0.950000 -0.291200
-0.900000 -0.310617
-0.850000 -0.331978
-0.800000 -0.355483
-0.750000 -0.381348
-0.700000 -0.409790
-0.650000 -0.441043
-0.600000 -0.475335
-0.550000 -0.512908
-0.500000 -0.553989
-0.450000 -0.598810
-0.400000 -0.647578
-0.350000 -0.700491
-0.300000 -0.757708
-0.250000 -0.819356
-0.200000 -0.885504
-0.150000 -0.956167
-0.100000 -1.031271
-0.050000 -1.110662
0.000000 -1.194069
0.050000 -1.281110
0.100000 -1.371260
0.150000 -1.463860
0.200000 -1.558092
0.250000 -1.652996
0.300000 -1.747454
0.350000 -1.840227
0.400000 -1.929949
0.450000 -2.015185
0.500000 -2.094441
0.550000 -2.166238
0.600000 -2.229136
0.650000 -2.281816
0.700000 -2.323109
0.750000 -2.352073
0.800000 -2.368009
0.850000 -2.370526
0.900000 -2.359525
0.950000 -2.335238
1.000000 -2.298186
1.050000 -2.249181
1.100000 -2.189262
1.150000 -2.119674
1.200000 -2.041788
1.250000 -1.957071
1.300000 -1.867007
1.350000 -1.773075
1.400000 -1.676678
1.450000 -1.579134
1.500000 -1.481626
1.550000 -1.385211
1.600000 -1.290782
1.650000 -1.199096
1.700000 -1.110750
1.750000 -1.026213
1.800000 -0.945816
1.850000 -0.869789
1.900000 -0.798248
1.950000 -0.731240
2.000000 -0.668727
2.050000 -0.610627
2.100000 -0.556801
2.150000 -0.507089
2.200000 -0.461293
2.250000 -0.419212
2.300000 -0.380621
2.350000 -0.345307
2.400000 -0.313039
2.450000 -0.283608
2.500000 -0.256794
2.550000 -0.232402
2.600000 -0.210231
2.650000 -0.190104
2.700000 -0.171844
2.750000 -0.155294
2.800000 -0.140301
2.850000 -0.126730
2.900000 -0.114449
2.950000 -0.103344
3.000000 -0.093303
3.050000 -0.084231
3.100000 -0.076033
3.150000 -0.068631
3.200000 -0.061944
3.250000 -0.055909
3.300000 -0.050460
3.350000 -0.045543
3.400000 -0.041104
3.450000 -0.037100
3.500000 -0.033485
3.550000 -0.030225
3.600000 -0.027281
3.650000 -0.024628
3.700000 -0.022231
3.750000 -0.020071
3.800000 -0.018119
3.850000 -0.016360
3.900000 -0.014771
3.950000 -0.013339
4.000000 -0.012045
4.050000 -0.010878
4.100000 -0.009824
4.150000 -0.008874
4.200000 -0.008015
4.250000 -0.007241
4.300000 -0.006540
4.350000 -0.005909
4.400000 -0.005338
4.450000 -0.004824
4.500000 -0.004358
4.550000 -0.003939
4.600000 -0.003559
4.650000 -0.003217
4.700000 -0.002907
4.750000 -0.002628
4.800000 -0.002375
4.850000 -0.002147
4.900000 -0.001941
4.950000 -0.001755
5.000000 -0.001586
5.050000 -0.001434
5.100000 -0.001296
5.150000 -0.001172
5.200000 -0.001060
5.250000 -0.000959
5.300000 -0.000867
5.350000 -0.000784
5.400000 -0.000709
5.450000 -0.000641
5.500000 -0.000580
5.550000 -0.000524
5.600000 -0.000474
5.650000 -0.000429
5.700000 -0.000388
5.750000 -0.000351
5.800000 -0.000317
5.850000 -0.000287
5.900000 -0.000260
5.950000 -0.000235
6.000000 -0.000213
6.050000 -0.000192
6.100000 -0.000174
6.150000 -0.000157
6.200000 -0.000142
6.250000 -0.000129
6.300000 -0.000117
6.350000 -0.000105
6.400000 -0.000096
6.450000 -0.000086
6.500000 -0.000078
6.550000 -0.000070
6.600000 -0.000064
6.650000 -0.000057
6.700000 -0.000053
6.750000 -0.000047
6.800000 -0.000043
6.850000 -0.000038
6.900000 -0.000035
6.950000 -0.000031
7.000000 -0.000029
7.050000 -0.000026
7.100000 -0.000024
7.150000 -0.000021
7.200000 -0.000020
7.250000 -0.000017
7.300000 -0.000016
7.350000 -0.000014
7.400000 -0.000013
7.450000 -0.000011
7.500000 -0.000011
7.550000 -0.000009
7.600000 -0.000009
7.650000 -0.000007
7.700000 -0.000008
7.750000 -0.000006
7.800000 -0.000006
7.850000 -0.000005
7.900000 -0.000005
7.950000 -0.000004
8.000000 -0.000004
8.050000 -0.000003
8.100000 -0.000004
8.150000 -0.000002
8.200000 -0.000003
8.250000 -0.000002
8.300000 -0.000003
8.350000 -0.000001
8.400000 -0.000002
8.450000 -0.000001
8.500000 -0.000002
8.550000 -0.000001
8.600000 -0.000002
8.650000 -0.000000
8.700000 -0.000002
8.750000 -0.000000
8.800000 -0.000001
8.850000 -0.000000
8.900000 -0.000001
8.950000 0.000000
9.000000 -0.000001
9.050000 0.000000
9.100000 -0.000001
9.150000 0.000000
9.200000 -0.000001
9.250000 0.000000
9.300000 -0.000001
9.350000 0.000000
9.400000 -0.000001
9.450000 0.000001
9.500000 -0.000001
9.550000 0.000001
9.600000 -0.000001
9.650000 0.000001
9.700000 -0.000001
9.750000 0.000001
9.800000 -0.000001
9.850000 0.000001
9.900000 -0.000001
9.950000 0.000001
10.000000 -0.000001
10.050000 0.000001
10.100000 -0.000001
10.150000 0.000001
10.200000 -0.000001
10.250000 0.000001
10.300000 -0.000001
10.350000 0.000001
10.400000 -0.000001
10.450000 0.000001
10.500000 -0.000001
10.550000 0.000001
10.600000 -0.000001
10.650000 0.000001
10.700000 -0.000001
10.750000 0.000001
10.800000 -0.000001
10.850000 0.000001
10.900000 -0.000001
10.950000 0.000001
11.000000 -0.000001
11.050000 0.000001
11.100000 -0.000001
11.150000 0.000001
11.200000 -0.000001
11.250000 0.000001
11.300000 -0.000001
11.350000 0.000000
11.400000 -0.000000
11.450000 0.000000
11.500000 -0.000000
11.550000 0.000000
11.600000 -0.000000
11.650000 0.000000
11.700000 -0.000000
11.750000 0.000000
11.800000 -0.000000
11.850000 0.000000
11.900000 -0.000000
11.950000 0.000000
12.000000 -0.000000
12.050000 0.000000
12.100000 -0.000000
12.150000 0.000000
12.200000 -0.000000
12.250000 0.000000
12.300000 -0.000000
12.350000 0.000000
12.400000 -0.000000
12.450000 0.000000
12.500000 -0.000000
12.550000 0.000000
12.600000 -0.000000
12.650000 0.000000
12.700000 -0.000000
12.750000 0.000000
12.800000 -0.000000
12.850000 0.000000
12.900000 -0.000000
12.950000 0.000000
13.000000 -0.000000
13.050000 0.000000
13.100000 -0.000000
13.150000 0.000000
13.200000 -0.000000
13.250000 0.000000
13.300000 0.000000
13.350000 -0.000000
13.400000 0.000000
13.450000 -0.000000
13.500000 0.000000
13.550000 -0.000000
13.600000 0.000000
13.650000 -0.000000
13.700000 0.000000
13.750000 -0.000000
13.800000 0.000000
13.850000 -0.000000
13.900000 0.000000
13.950000 -0.000000
14.000000 0.000000
14.050000 -0.000000
14.100000 0.000000
14.150000 -0.000000
14.200000 0.000000
14.250000 -0.000000
14.300000 0.000000
14.350000 -0.000000
14.400000 0.000000
14.450000 -0.000000
14.500000 0.000000
14.550000 -0.000000
14.600000 0.000000
14.650000 -0.000000
14.700000 0.000000
14.750000 -0.000000
14.800000 0.000000
14.850000 -0.000000
14.900000 0.000000
14.950000 -0.000000
15.000000 0.000000
15.050000 -0.000000
15.100000 0.000000
15.150000 -0.000000
15.200000 0.000000
15.250000 -0.000000
15.300000 0.000000
15.350000 -0.000000
15.400000 0.000000
15.450000 -0.000000
15.500000 0.000000
15.550000 -0.000000
15.600000 0.000001
15.650000 -0.000001
15.700000 0.000001
15.750000 -0.000001
15.800000 0.000001
15.850000 -0.000001
15.900000 0.000001
15.950000 -0.000001
16.000000 0.000001
16.050000 -0.000001
16.100000 0.000001
16.150000 -0.000001
16.200000 0.000001
16.250000 -0.000001
16.300000 0.000001
16.350000 -0.000001
16.400000 0.000001
16.450000 -0.000001
16.500000 0.000001
16.550000 -0.000001
16.600000 0.000001
16.650000 -0.000001
16.700000 0.000001
16.750000 -0.000001
16.800000 0.000001
16.850000 -0.000001
16.900000 0.000001
16.950000 -0.000001
17.000000 0.000001
17.050000 -0.000001
17.100000 0.000001
17.150000 -0.000001
17.200000 0.000001
17.250000 -0.000001
17.300000 0.000001
17.350000 -0.000001
17.400000 0.000001
17.450000 -0.000001
17.500000 0.000001
17.550000 -0.000001
17.600000 0.000001
17.650000 -0.000001
17.700000 0.000001
17.750000 -0.000001
17.800000 0.000001
17.850000 -0.000001
17.900000 0.000001
17.950000 -0.000001
18.000000 0.000001
18.050000 -0.000000
18.100000 0.000000
18.150000 -0.000000
18.200000 0.000000
18.250000 -0.000000
18.300000 0.000000
18.350000 -0.000000
18.400000 0.000000
18.450000 -0.000000
18.500000 0.000000
18.550000 -0.000000
18.600000 0.000000
18.650000 -0.000000
18.700000 0.000000
18.750000 -0.000000
18.800000 0.000000
18.850000 -0.000000
18.900000 0.000000
18.950000 -0.000000
19.000000 0.000000
19.050000 -0.000000
19.100000 0.000000
19.150000 -0.000000
19.200000 0.000000
19.250000 -0.000000
19.300000 0.000000
19.350000 -0.000000
19.400000 0.000000
19.450000 -0.000000
19.500000 0.000000
19.550000 -0.000000
19.600000 0.000000
19.650000 -0.000000
19.700000 0.000000
19.750000 -0.000000
19.800000 0.000000
19.850000 -0.000000
19.900000 0.000000
19.950000 -0.000000
20.000000 0.000000
20.050000 -0.000000
20.100000 0.000000
20.150000 -0.000000
20.200000 0.000000
20.250000 -0.000000
20.300000 0.000000
20.350000 -0.000000
20.400000 0.000000
20.450000 -0.000000
20.500000 0.000000
20.550000 -0.000000
20.600000 -0.000000
20.650000 0.000000
20.700000 -0.000000
20.750000 0.000000
20.800000 -0.000000
20.850000 0.000000
20.900000 -0.000000
20.950000 0.000000
21.000000 -0.000000
21.050000 0.000000
21.100000 -0.000000
21.150000 0.000000
21.200000 -0.000000
21.250000 0.000000
21.300000 -0.000000
21.350000 0.000000
21.400000 -0.000000
21.450000 0.000000
21.500000 -0.000000
21.550000 0.000000
21.600000 -0.000000
21.650000 0.000000
21.700000 -0.000000
21.750000 0.000000
21.800000 -0.000000
21.850000 0.000000
21.900000 -0.000000
21.950000 0.000000
22.000000 -0.000000
22.050000 0.000000
22.100000 -0.000000
22.150000 0.000000
22.200000 -0.000000
22.250000 0.000000
22.300000 -0.000000
22.350000 0.000000
22.400000 -0.000000
22.450000 0.000000
22.500000 -0.000000
22.550000 0.000000
22.600000 -0.000000
22.650000 0.000000
22.700000 -0.000000
22.750000 0.000000
22.800000 -0.000000
22.850000 0.000000
22.900000 -0.000000
22.950000 0.000000
23.000000 -0.000000
23.050000 0.000000
23.100000 -0.000000
23.150000 0.000000
23.200000 -0.000000
23.250000 0.000000
23.300000 -0.000000
23.350000 0.000000
23.400000 -0.000000
23.450000 0.000000
23.500000 -0.000000
23.550000 0.000000
23.600000 -0.000000
23.650000 0.000000
23.700000 -0.000000
23.750000 0.000000
23.800000 -0.000000
23.850000 0.000000
23.900000 -0.000000
23.950000 0.000000
24.000000 -0.000000
24.050000 0.000000
24.100000 -0.000000
24.150000 0.000000
24.200000 -0.000000
24.250000 0.000000
24.300000 -0.000000
24.350000 0.000000
24.400000 -0.000000
24.450000 0.000000
24.500000 -0.000000
24.550000 0.000000
24.600000 -0.000000
24.650000 0.000000
24.700000 -0.000000
24.750000 0.000000
24.800000 -0.000000
24.850000 0.000000
24.900000 -0.000000
24.950000 0.000000
25.000000 -0.000000
25.050000 0.000000
25.100000 -0.000000
25.150000 0.000000
25.200000 -0.000000
25.250000 0.000000
25.300000 -0.000000
25.350000 0.000000
25.400000 -0.000000
25.450000 0.000000
25.500000 -0.000000
25.550000 0.000000
25.600000 -0.000000
25.650000 0.000000
25.700000 -0.000000
25.750000 0.000000
25.800000 -0.000000
25.850000 0.000000
25.900000 -0.000000
25.950000 0.000000
26.000000 -0.000000
26.050000 0.000000
26.100000 -0.000000
26.150000 0.000000
26.200000 -0.000000
26.250000 0.000000
26.300000 -0.000000
26.350000 0.000000
26.400000 -0.000000
26.450000 0.000000
26.500000 -0.000000
26.550000 0.000000
26.600000 -0.000000
26.650000 0.000000
26.700000 -0.000000
26.750000 0.000000
26.800000 -0.000000
26.850000 0.000000
26.900000 -0.000000
26.950000 0.000000
27.000000 -0.000000
27.050000 0.000000
27.100000 -0.000000
27.150000 0.000000
27.200000 -0.000000
27.250000 0.000000
27.300000 -0.000000
27.350000 0.000000
27.400000 -0.000000
27.450000 0.000000
27.500000 0.000000
27.550000 -0.000000
27.600000 0.000000
27.650000 -0.000000
27.700000 0.000000
27.750000 -0.000000
27.800000 0.000000
27.850000 -0.000000
27.900000 0.000000
27.950000 -0.000000
28.000000 0.000000
28.050000 -0.000000
28.100000 0.000000
28.150000 -0.000000
28.200000 0.000000
28.250000 -0.000000
28.300000 0.000000
28.350000 -0.000000
28.400000 0.000000
28.450000 -0.000000
28.500000 0.000000
28.550000 -0.000000
28.600000 0.000000
28.650000 -0.000000
28.700000 0.000000
28.750000 -0.000000
28.800000 0.000000
28.850000 -0.000000
28.900000 0.000000
28.950000 -0.000000
29.000000 0.000000
29.050000 -0.000000
29.100000 0.000000
29.150000 -0.000000
29.200000 0.000000
29.250000 -0.000000
29.300000 0.000000
29.350000 -0.000000
29.400000 0.000000
29.450000 -0.000000
29.500000 0.000000
29.550000 -0.000000
29.600000 0.000000
29.650000 -0.000000
29.700000 0.000000
29.750000 -0.000000
29.800000 0.000000
29.850000 -0.000000
29.900000 0.000000
29.950000 -0.000000
30.000000 0.000000
30.050000 -0.000000
30.100000 0.000000
30.150000 -0.000000
30.200000 0.000000
30.250000 -0.000000
30.300000 0.000000
30.350000 -0.000000
30.400000 0.000000
30.450000 -0.000000
30.500000 0.000000
30.550000 -0.000000
30.600000 0.000000
30.650000 -0.000000
30.700000 0.000000
30.750000 -0.000000
30.800000 0.000000
30.850000 -0.000000
30.900000 0.000000
30.950000 -0.000000
31.000000 0.000000
31.050000 -0.000000
31.100000 0.000000
31.150000 -0.000000
31.200000 0.000000
31.250000 -0.000000
31.300000 0.000000
31.350000 -0.000000
31.400000 0.000000
31.450000 -0.000000
31.500000 0.000000
31.550000 -0.000000
31.600000 0.000000
31.650000 -0.000000
31.700000 0.000000
31.750000 -0.000000
31.800000 0.000000
31.850000 -0.000000
31.900000 0.000000
31.950000 -0.000000
32.000000 0.000000
32.050000 -0.000000
32.100000 0.000000
32.150000 -0.000000
32.200000 0.000000
32.250000 -0.000000
32.300000 0.000000
32.350000 -0.000000
32.400000 0.000000
32.450000 -0.000000
32.500000 0.000000
32.550000 -0.000000
32.600000 0.000000
32.650000 -0.000000
32.700000 0.000000
32.750000 -0.000000
32.800000 0.000000
32.850000 -0.000000
32.900000 0.000000
32.950000 -0.000000
33.000000 0.000000
33.050000 -0.000000
33.100000 0.000000
33.150000 -0.000000
33.200000 0.000000
33.250000 -0.000000
33.300000 0.000000
33.350000 -0.000000
33.400000 0.000000
33.450000 -0.000000
33.500000 0.000000
33.550000 -0.000000
33.600000 0.000000
33.650000 -0.000000
33.700000 0.000000
33.750000 -0.000000
33.800000 0.000000
33.850000 -0.000000
33.900000 -0.000000
33.950000 -0.000000
34.000000 0.000000
34.050000 0.000000
34.100000 0.000000
34.150000 0.000000
34.200000 -0.000000
34.250000 0.000000
34.300000 -0.000000
34.350000 0.000000
34.400000 -0.000000
34.450000 0.000000
34.500000 -0.000000
34.550000 0.000000
34.600000 -0.000000
34.650000 0.000000
34.700000 -0.000000
34.750000 0.000000
34.800000 -0.000000
34.850000 0.000000
34.900000 -0.000000
34.950000 0.000000
35.000000 -0.000000
35.050000 0.000000
35.100000 -0.000000
35.150000 0.000000
35.200000 -0.000000
35.250000 0.000000
35.300000 -0.000000
35.350000 0.000000
35.400000 -0.000000
35.450000 0.000000
35.500000 -0.000000
35.550000 0.000000
35.600000 -0.000000
35.650000 0.000000
35.700000 -0.000000
35.750000 0.000000
35.800000 -0.000000
35.850000 0.000000
35.900000 -0.000000
35.950000 0.000000
36.000000 -0.000000
36.050000 0.000000
36.100000 -0.000000
36.150000 0.000000
36.200000 -0.000000
36.250000 0.000000
36.300000 -0.000000
36.350000 0.000000
36.400000 -0.000000
36.450000 0.000000
36.500000 -0.000000
36.550000 0.000000
36.600000 -0.000000
36.650000 0.000000
36.700000 -0.000000
36.750000 0.000000
36.800000 -0.000000
36.850000 0.000000
36.900000 -0.000000
36.950000 0.000000
37.000000 -0.000000
37.050000 0.000000
37.100000 -0.000000
37.150000 0.000000
37.200000 -0.000000
37.250000 0.000000
37.300000 -0.000000
37.350000 0.000000
37.400000 -0.000000
37.450000 0.000000
37.500000 -0.000000
37.550000 0.000000
37.600000 -0.000000
37.650000 0.000000
37.700000 -0.000000
37.750000 0.000000
37.800000 -0.000000
37.850000 0.000000
37.900000 -0.000000
37.950000 0.000000
38.000000 -0.000000
38.050000 0.000000
38.100000 -0.000000
38.150000 0.000000
38.200000 -0.000000
38.250000 0.000000
38.300000 -0.000000
38.350000 0.000000
38.400000 -0.000000
38.450000 0.000000
38.500000 -0.000000
38.550000 0.000000
38.600000 -0.000000
38.650000 0.000000
38.700000 -0.000000
38.750000 0.000000
38.800000 -0.000000
38.850000 0.000000
38.900000 -0.000000
38.950000 0.000000
39.000000 -0.000000
39.050000 0.000000
39.100000 -0.000000
39.150000 0.000000
39.200000 -0.000000
39.250000 0.000000
39.300000 -0.000000
39.350000 0.000000
39.400000 -0.000000
39.450000 -0.000000
39.500000 -0.000000
39.550000 -0.000000
39.600000 -0.000000
39.650000 0.000000
39.700000 0.000000
39.750000 0.000000
39.800000 0.000000
39.850000 0.000000
39.900000 -0.000000
39.950000 -0.000000
40.000000 -0.000000
40.050000 -0.000000
40.100000 -0.000000
40.150000 -0.000000
40.200000 -0.000000
40.250000 0.000000
40.300000 0.000000
40.350000 0.000000
40.400000 0.000000
40.450000 0.000000
40.500000 0.000000
40.550000 -0.000000
40.600000 -0.000000
40.650000 -0.000000
40.700000 -0.000000
40.750000 -0.000000
40.800000 0.000000
40.850000 -0.000000
40.900000 0.000000
40.950000 0.000000
41.000000 0.000000
41.050000 0.000000
41.100000 0.000000
41.150000 -0.000000
41.200000 -0.000000
41.250000 -0.000000
41.300000 -0.000000
41.350000 -0.000000
41.400000 0.000000
41.450000 -0.000000
41.500000 0.000000
41.550000 0.000000
41.600000 0.000000
41.650000 -0.000000
41.700000 0.000000
41.750000 -0.000000
41.800000 0.000000
41.850000 -0.000000
41.900000 -0.000000
41.950000 -0.000000
42.000000 0.000000
42.050000 -0.000000
42.100000 0.000000
42.150000 0.000000
42.200000 0.000000
42.250000 -0.000000
42.300000 0.000000
42.350000 -0.000000
42.400000 0.000000
42.450000 -0.000001
42.500000 -0.000000
42.550000 -0.000000
42.600000 0.000000
42.650000 -0.000000
42.700000 0.000000
42.750000 0.000000
42.800000 0.000001
42.850000 0.000000
42.900000 0.000000
42.950000 -0.000000
43.000000 0.000000
43.050000 -0.000001
43.100000 -0.000000
43.150000 -0.000001
43.200000 0.000000
43.250000 -0.000000
43.300000 0.000000
43.350000 0.000000
43.400000 0.000001
43.450000 0.000000
43.500000 0.000001
43.550000 -0.000000
43.600000 0.000000
43.650000 -0.000001
43.700000 -0.000000
43.750000 -0.000001
43.800000 -0.000000
43.850000 -0.000000
43.900000 0.000000
43.950000 0.000000
44.000000 0.000001
44.050000 0.000000
44.100000 0.000001
44.150000 0.000000
44.200000 0.000000
44.250000 -0.000000
44.300000 -0.000000
44.350000 -0.000001
44.400000 -0.000000
44.450000 -0.000001
44.500000 0.000000
44.550000 -0.000000
44.600000 0.000000
44.650000 0.000000
44.700000 0.000001
44.750000 0.000000
44.800000 0.000000
44.850000 -0.000000
44.900000 0.000000
44.950000 -0.000000
