-30.000000 0.000031
-29.950000 0.000014
-29.900000 0.000030
-29.850000 -0.000000
-29.800000 0.000007
-29.750000 -0.000029
-29.700000 -0.000023
-29.650000 -0.000057
-29.600000 -0.000044
-29.550000 -0.000069
-29.500000 -0.000046
-29.450000 -0.000060
-29.400000 -0.000026
-29.350000 -0.000032
-29.300000 0.000009
-29.250000 0.000006
-29.200000 0.000046
-29.150000 0.000038
-29.100000 0.000071
-29.050000 0.000053
-29.000000 0.000074
-28.950000 0.000044
-28.900000 0.000054
-28.850000 0.000013
-28.800000 0.000017
-28.750000 -0.000027
-28.700000 -0.000023
-28.650000 -0.000063
-28.600000 -0.000051
-28.550000 -0.000081
-28.500000 -0.000057
-28.450000 -0.000074
-28.400000 -0.000037
-28.350000 -0.000043
-28.300000 0.000002
-28.250000 -0.000000
-28.200000 0.000046
-28.150000 0.000040
-28.100000 0.000079
-28.050000 0.000062
-28.000000 0.000088
-27.950000 0.000057
-27.900000 0.000070
-27.850000 0.000027
-27.800000 0.000031
-27.750000 -0.000019
-27.700000 -0.000017
-27.650000 -0.000064
-27.600000 -0.000055
-27.550000 -0.000092
-27.500000 -0.000070
-27.450000 -0.000092
-27.400000 -0.000055
-27.350000 -0.000064
-27.300000 -0.000016
-27.250000 -0.000017
-27.200000 0.000035
-27.150000 0.000033
-27.100000 0.000080
-27.050000 0.000068
-27.000000 0.000103
-26.950000 0.000076
-26.900000 0.000095
-26.850000 0.000052
-26.800000 0.000058
-26.750000 0.000005
-26.700000 0.000004
-26.650000 -0.000051
-26.600000 -0.000048
-26.550000 -0.000095
-26.500000 -0.000080
-26.450000 -0.000112
-26.400000 -0.000081
-26.350000 -0.000096
-26.300000 -0.000049
-26.250000 -0.000051
-26.200000 0.000005
-26.150000 0.000008
-26.100000 0.000065
-26.050000 0.000062
-26.000000 0.000109
-25.950000 0.000092
-25.900000 0.000122
-25.850000 0.000087
-25.800000 0.000099
-25.750000 0.000047
-25.700000 0.000046
-25.650000 -0.000014
-25.600000 -0.000019
-25.550000 -0.000077
-25.500000 -0.000075
-25.450000 -0.000122
-25.400000 -0.000104
-25.350000 -0.000132
-25.300000 -0.000094
-25.250000 -0.000103
-25.200000 -0.000048
-25.150000 -0.000044
-25.100000 0.000019
-25.050000 0.000027
-25.000000 0.000088
-24.950000 0.000087
-24.900000 0.000134
-24.850000 0.000116
-24.800000 0.000143
-24.750000 0.000103
-24.700000 0.000110
-24.650000 0.000053
-24.600000 0.000045
-24.550000 -0.000021
-24.500000 -0.000032
-24.450000 -0.000095
-24.400000 -0.000097
-24.350000 -0.000146
-24.300000 -0.000129
-24.250000 -0.000156
-24.200000 -0.000117
-24.150000 -0.000122
-24.100000 -0.000063
-24.050000 -0.000052
-24.000000 0.000017
-23.950000 0.000032
-23.900000 0.000099
-23.850000 0.000105
-23.800000 0.000156
-23.750000 0.000143
-23.700000 0.000171
-23.650000 0.000134
-23.600000 0.000138
-23.550000 0.000079
-23.500000 0.000065
-23.450000 -0.000006
-23.400000 -0.000026
-23.350000 -0.000097
-23.300000 -0.000108
-23.250000 -0.000165
-23.200000 -0.000157
-23.150000 -0.000189
-23.100000 -0.000155
-23.050000 -0.000161
-23.000000 -0.000103
-22.950000 -0.000087
-22.900000 -0.000014
-22.850000 0.000011
-22.800000 0.000086
-22.750000 0.000106
-22.700000 0.000168
-22.650000 0.000168
-22.600000 0.000207
-22.550000 0.000179
-22.500000 0.000189
-22.450000 0.000135
-22.400000 0.000119
-22.350000 0.000045
-22.300000 0.000016
-22.250000 -0.000065
-22.200000 -0.000093
-22.150000 -0.000163
-22.100000 -0.000174
-22.050000 -0.000221
-22.000000 -0.000205
-21.950000 -0.000221
-21.900000 -0.000174
-21.850000 -0.000161
-21.800000 -0.000089
-21.750000 -0.000056
-21.700000 0.000028
-21.650000 0.000065
-21.600000 0.000144
-21.550000 0.000168
-21.500000 0.000227
-21.450000 0.000225
-21.400000 0.000253
-21.350000 0.000217
-21.300000 0.000212
-21.250000 0.000146
-21.200000 0.000113
-21.150000 0.000028
-21.100000 -0.000017
-21.050000 -0.000105
-21.000000 -0.000144
-20.950000 -0.000217
-20.900000 -0.000233
-20.850000 -0.000276
-20.800000 -0.000259
-20.750000 -0.000266
-20.700000 -0.000212
-20.650000 -0.000186
-20.600000 -0.000104
-20.550000 -0.000055
-20.500000 0.000039
-20.450000 0.000092
-20.400000 0.000180
-20.350000 0.000217
-20.300000 0.000280
-20.250000 0.000286
-20.200000 0.000313
-20.150000 0.000280
-20.100000 0.000267
-20.050000 0.000197
-20.000000 0.000152
-19.950000 0.000057
-19.900000 -0.000005
-19.850000 -0.000105
-19.800000 -0.000164
-19.750000 -0.000249
-19.700000 -0.000283
-19.650000 -0.000336
-19.600000 -0.000332
-19.550000 -0.000342
-19.500000 -0.000296
-19.450000 -0.000264
-19.400000 -0.000180
-19.350000 -0.000118
-19.300000 -0.000013
-19.250000 0.000061
-19.200000 0.000166
-19.150000 0.000230
-19.100000 0.000312
-19.050000 0.000345
-19.000000 0.000388
-18.950000 0.000377
-18.900000 0.000373
-18.850000 0.000315
-18.800000 0.000266
-18.750000 0.000171
-18.700000 0.000093
-18.650000 -0.000022
-18.600000 -0.000108
-18.550000 -0.000218
-18.500000 -0.000289
-18.450000 -0.000371
-18.400000 -0.000405
-18.350000 -0.000442
-18.300000 -0.000427
-18.250000 -0.000412
-18.200000 -0.000346
-18.150000 -0.000283
-18.100000 -0.000178
-18.050000 -0.000085
-18.000000 0.000040
-17.950000 0.000140
-17.900000 0.000258
-17.850000 0.000339
-17.800000 0.000425
-17.750000 0.000466
-17.700000 0.000502
-17.650000 0.000488
-17.600000 0.000467
-17.550000 0.000398
-17.500000 0.000325
-17.450000 0.000212
-17.400000 0.000104
-17.350000 -0.000031
-17.300000 -0.000148
-17.250000 -0.000277
-17.200000 -0.000375
-17.150000 -0.000472
-17.100000 -0.000526
-17.050000 -0.000569
-17.000000 -0.000565
-16.950000 -0.000545
-16.900000 -0.000479
-16.850000 -0.000401
-16.800000 -0.000283
-16.750000 -0.000163
-16.700000 -0.000017
-16.650000 0.000119
-16.600000 0.000264
-16.550000 0.000385
-16.500000 0.000500
-16.450000 0.000579
-16.400000 0.000639
-16.350000 0.000655
-16.300000 0.000647
-16.250000 0.000594
-16.200000 0.000519
-16.150000 0.000405
-16.100000 0.000276
-16.050000 0.000122
-16.000000 -0.000034
-15.950000 -0.000198
-15.900000 -0.000348
-15.850000 -0.000490
-15.800000 -0.000603
-15.750000 -0.000694
-15.700000 -0.000744
-15.650000 -0.000763
-15.600000 -0.000738
-15.550000 -0.000680
-15.500000 -0.000582
-15.450000 -0.000456
-15.400000 -0.000301
-15.350000 -0.000131
-15.300000 0.000051
-15.250000 0.000233
-15.200000 0.000408
-15.150000 0.000566
-15.100000 0.000699
-15.050000 0.000801
-15.000000 0.000865
-14.950000 0.000888
-14.900000 0.000868
-14.850000 0.000807
-14.800000 0.000704
-14.750000 0.000567
-14.700000 0.000397
-14.650000 0.000207
-14.600000 0.000001
-14.550000 -0.000207
-14.500000 -0.000412
-14.450000 -0.000598
-14.400000 -0.000765
-14.350000 -0.000894
-14.300000 -0.000990
-14.250000 -0.001035
-14.200000 -0.001040
-14.150000 -0.000990
-14.100000 -0.000900
-14.050000 -0.000760
-14.000000 -0.000590
-13.950000 -0.000381
-13.900000 -0.000160
-13.850000 0.000083
-13.800000 0.000318
-13.750000 0.000553
-13.700000 0.000758
-13.650000 0.000945
-13.600000 0.001082
-13.550000 0.001186
-13.500000 0.001228
-13.450000 0.001230
-13.400000 0.001165
-13.350000 0.001061
-13.300000 0.000895
-13.250000 0.000701
-13.200000 0.000458
-13.150000 0.000205
-13.100000 -0.000077
-13.050000 -0.000346
-13.000000 -0.000623
-12.950000 -0.000863
-12.900000 -0.001089
-12.850000 -0.001257
-12.800000 -0.001394
-12.750000 -0.001458
-12.700000 -0.001481
-12.650000 -0.001425
-12.600000 -0.001329
-12.550000 -0.001156
-12.500000 -0.000953
-12.450000 -0.000686
-12.400000 -0.000406
-12.350000 -0.000083
-12.300000 0.000230
-12.250000 0.000561
-12.200000 0.000856
-12.150000 0.001147
-12.100000 0.001375
-12.050000 0.001578
-12.000000 0.001701
-11.950000 0.001784
-11.900000 0.001776
-11.850000 0.001724
-11.800000 0.001579
-11.750000 0.001397
-11.700000 0.001131
-11.650000 0.000843
-11.600000 0.000490
-11.550000 0.000137
-11.500000 -0.000256
-11.450000 -0.000622
-11.400000 -0.001000
-11.350000 -0.001322
-11.300000 -0.001632
-11.250000 -0.001860
-11.200000 -0.002055
-11.150000 -0.002151
-11.100000 -0.002201
-11.050000 -0.002144
-11.000000 -0.002039
-10.950000 -0.001828
-10.900000 -0.001579
-10.850000 -0.001237
-10.800000 -0.000876
-10.750000 -0.000443
-10.700000 -0.000017
-10.650000 0.000452
-10.600000 0.000884
-10.550000 0.001328
-10.500000 0.001706
-10.450000 0.002067
-10.400000 0.002335
-10.350000 0.002564
-10.300000 0.002680
-10.250000 0.002743
-10.200000 0.002683
-10.150000 0.002569
-10.100000 0.002332
-10.050000 0.002050
-10.000000 0.001658
-9.950000 0.001240
-9.900000 0.000736
-9.850000 0.000232
-9.800000 -0.000328
-9.750000 -0.000855
-9.700000 -0.001405
-9.650000 -0.001888
-9.600000 -0.002361
-9.550000 -0.002736
-9.500000 -0.003074
-9.450000 -0.003289
-9.400000 -0.003448
-9.350000 -0.003468
-9.300000 -0.003423
-9.250000 -0.003236
-9.200000 -0.002987
-9.150000 -0.002605
-9.100000 -0.002176
-9.050000 -0.001633
-9.000000 -0.001069
-8.950000 -0.000419
-8.900000 0.000219
-8.850000 0.000908
-8.800000 0.001547
-8.750000 0.002201
-8.700000 0.002769
-8.650000 0.003316
-8.600000 0.003744
-8.550000 0.004123
-8.500000 0.004356
-8.450000 0.004520
-8.400000 0.004524
-8.350000 0.004449
-8.300000 0.004211
-8.250000 0.003899
-8.200000 0.003432
-8.150000 0.002906
-8.100000 0.002248
-8.050000 0.001557
-8.000000 0.000764
-7.950000 -0.000026
-7.900000 -0.000881
-7.850000 -0.001693
-7.800000 -0.002529
-7.750000 -0.003281
-7.700000 -0.004017
-7.650000 -0.004631
-7.600000 -0.005193
-7.550000 -0.005601
-7.500000 -0.005931
-7.450000 -0.006083
-7.400000 -0.006141
-7.350000 -0.006011
-7.300000 -0.005782
-7.250000 -0.005368
-7.200000 -0.004864
-7.150000 -0.004190
-7.100000 -0.003447
-7.050000 -0.002559
-7.000000 -0.001635
-6.950000 -0.000603
-6.900000 0.000426
-6.850000 0.001522
-6.800000 0.002571
-6.750000 0.003641
-6.700000 0.004618
-6.650000 0.005573
-6.600000 0.006393
-6.550000 0.007151
-6.500000 0.007737
-6.450000 0.008230
-6.400000 0.008524
-6.350000 0.008702
-6.300000 0.008666
-6.250000 0.008504
-6.200000 0.008125
-6.150000 0.007622
-6.100000 0.006910
-6.050000 0.006091
-6.000000 0.005085
-5.950000 0.003999
-5.900000 0.002757
-5.850000 0.001471
-5.800000 0.000072
-5.750000 -0.001327
-5.700000 -0.002794
-5.650000 -0.004212
-5.600000 -0.005648
-5.550000 -0.006985
-5.500000 -0.008292
-5.450000 -0.009453
-5.400000 -0.010539
-5.350000 -0.011437
-5.300000 -0.012222
-5.250000 -0.012785
-5.200000 -0.013205
-5.150000 -0.013380
-5.100000 -0.013395
-5.050000 -0.013153
-5.000000 -0.012744
-4.950000 -0.012079
-4.900000 -0.011255
-4.850000 -0.010187
-4.800000 -0.008977
-4.750000 -0.007549
-4.700000 -0.006009
-4.650000 -0.004285
-4.600000 -0.002487
-4.550000 -0.000547
-4.500000 0.001420
-4.450000 0.003481
-4.400000 0.005520
-4.350000 0.007601
-4.300000 0.009608
-4.250000 0.011605
-4.200000 0.013477
-4.150000 0.015289
-4.100000 0.016927
-4.050000 0.018457
-4.000000 0.019771
-3.950000 0.020936
-3.900000 0.021848
-3.850000 0.022577
-3.800000 0.023023
-3.750000 0.023260
-3.700000 0.023194
-3.650000 0.022902
-3.600000 0.022294
-3.550000 0.021453
-3.500000 0.020293
-3.450000 0.018900
-3.400000 0.017193
-3.350000 0.015263
-3.300000 0.013033
-3.250000 0.010596
-3.200000 0.007880
-3.150000 0.004981
-3.100000 0.001830
-3.050000 -0.001475
-3.000000 -0.005000
-2.950000 -0.008645
-2.900000 -0.012474
-2.850000 -0.016388
-2.800000 -0.020446
-2.750000 -0.024551
-2.700000 -0.028762
-2.650000 -0.032981
-2.600000 -0.037267
-2.550000 -0.041524
-2.500000 -0.045811
-2.450000 -0.050036
-2.400000 -0.054257
-2.350000 -0.058385
-2.300000 -0.062481
-2.250000 -0.066459
-2.200000 -0.070383
-2.150000 -0.074169
-2.100000 -0.077886
-2.050000 -0.081455
-2.000000 -0.084948
-1.950000 -0.088291
-1.900000 -0.091558
-1.850000 -0.094684
-1.800000 -0.097747
-1.750000 -0.100687
-1.700000 -0.103586
-1.650000 -0.106393
-1.600000 -0.109194
-1.550000 -0.111945
-1.500000 -0.114740
-1.450000 -0.117541
-1.400000 -0.120448
-1.350000 -0.123432
-1.300000 -0.126602
-1.250000 -0.129937
-1.200000 -0.133555
-1.150000 -0.137446
-1.100000 -0.141736
-1.050000 -0.146428
-1.000000 -0.151659
-0.950000 -0.157447
-0.900000 -0.163940
-0.850000 -0.171172
-0.800000 -0.179306
-0.750000 -0.188394
-0.700000 -0.198616
-0.650000 -0.210043
-0.600000 -0.222874
-0.550000 -0.237203
-0.500000 -0.253251
-0.450000 -0.271133
-0.400000 -0.291091
-0.350000 -0.313266
-0.300000 -0.337919
-0.250000 -0.365214
-0.200000 -0.395429
-0.150000 -0.428741
-0.100000 -0.465440
-0.050000 -0.505707
0.000000 -0.549826
0.050000 -0.597965
0.100000 -0.650379
0.150000 -0.707196
0.200000 -0.768606
0.250000 -0.834658
0.300000 -0.905435
0.350000 -0.980852
0.400000 -1.060828
0.450000 -1.145090
0.500000 -1.233331
0.550000 -1.325023
0.600000 -1.419582
0.650000 -1.516180
0.700000 -1.613917
0.750000 -1.711653
0.800000 -1.808183
0.850000 -1.902095
0.900000 -1.991955
0.950000 -2.076187
1.000000 -2.153277
1.050000 -2.221669
1.100000 -2.279975
1.150000 -2.326884
1.200000 -2.361366
1.250000 -2.382575
1.300000 -2.390029
1.350000 -2.383501
1.400000 -2.363158
1.450000 -2.329429
1.500000 -2.283102
1.550000 -2.225172
1.600000 -2.156907
1.650000 -2.079680
1.700000 -1.995022
1.750000 -1.904454
1.800000 -1.809544
1.850000 -1.711750
1.900000 -1.612487
1.950000 -1.512999
2.000000 -1.414431
2.050000 -1.317729
2.100000 -1.223724
2.150000 -1.133051
2.200000 -1.046235
2.250000 -0.963629
2.300000 -0.885500
2.350000 -0.811976
2.400000 -0.743123
2.450000 -0.678904
2.500000 -0.619248
2.550000 -0.564008
2.600000 -0.513026
2.650000 -0.466094
2.700000 -0.423008
2.750000 -0.383531
2.800000 -0.347444
2.850000 -0.314506
2.900000 -0.284498
2.950000 -0.257193
3.000000 -0.232385
3.050000 -0.209866
3.100000 -0.189452
3.150000 -0.170958
3.200000 -0.154221
3.250000 -0.139082
3.300000 -0.125399
3.350000 -0.113039
3.400000 -0.101879
3.450000 -0.091807
3.500000 -0.082720
3.550000 -0.074526
3.600000 -0.067138
3.650000 -0.060479
3.700000 -0.054477
3.750000 -0.049072
3.800000 -0.044200
3.850000 -0.039813
3.900000 -0.035860
3.950000 -0.032303
4.000000 -0.029097
4.050000 -0.026213
4.100000 -0.023612
4.150000 -0.021275
4.200000 -0.019165
4.250000 -0.017271
4.300000 -0.015559
4.350000 -0.014024
4.400000 -0.012635
4.450000 -0.011391
4.500000 -0.010264
4.550000 -0.009255
4.600000 -0.008340
4.650000 -0.007523
4.700000 -0.006778
4.750000 -0.006116
4.800000 -0.005511
4.850000 -0.004975
4.900000 -0.004482
4.950000 -0.004048
5.000000 -0.003646
5.050000 -0.003295
5.100000 -0.002967
5.150000 -0.002683
5.200000 -0.002415
5.250000 -0.002186
5.300000 -0.001967
5.350000 -0.001781
5.400000 -0.001602
5.450000 -0.001452
5.500000 -0.001304
5.550000 -0.001185
5.600000 -0.001063
5.650000 -0.000967
5.700000 -0.000866
5.750000 -0.000789
5.800000 -0.000705
5.850000 -0.000645
5.900000 -0.000575
5.950000 -0.000527
6.000000 -0.000468
6.050000 -0.000431
6.100000 -0.000381
6.150000 -0.000353
6.200000 -0.000310
6.250000 -0.000289
6.300000 -0.000252
6.350000 -0.000237
6.400000 -0.000205
6.450000 -0.000195
6.500000 -0.000166
6.550000 -0.000160
6.600000 -0.000135
6.650000 -0.000132
6.700000 -0.000109
6.750000 -0.000109
6.800000 -0.000088
6.850000 -0.000090
6.900000 -0.000071
6.950000 -0.000075
7.000000 -0.000057
7.050000 -0.000063
7.100000 -0.000045
7.150000 -0.000052
7.200000 -0.000036
7.250000 -0.000044
7.300000 -0.000028
7.350000 -0.000037
7.400000 -0.000022
7.450000 -0.000032
7.500000 -0.000016
7.550000 -0.000027
7.600000 -0.000012
7.650000 -0.000024
7.700000 -0.000008
7.750000 -0.000021
7.800000 -0.000006
7.850000 -0.000018
7.900000 -0.000003
7.950000 -0.000016
8.000000 -0.000001
8.050000 -0.000015
8.100000 0.000000
8.150000 -0.000014
8.200000 0.000002
8.250000 -0.000013
8.300000 0.000003
8.350000 -0.000012
8.400000 0.000004
8.450000 -0.000011
8.500000 0.000005
8.550000 -0.000011
8.600000 0.000005
8.650000 -0.000010
8.700000 0.000006
8.750000 -0.000010
8.800000 0.000006
8.850000 -0.000010
8.900000 0.000007
8.950000 -0.000009
9.000000 0.000007
9.050000 -0.000009
9.100000 0.000007
9.150000 -0.000009
9.200000 0.000008
9.250000 -0.000009
9.300000 0.000008
9.350000 -0.000009
9.400000 0.000008
9.450000 -0.000009
9.500000 0.000008
9.550000 -0.000009
9.600000 0.000008
9.650000 -0.000009
9.700000 0.000009
9.750000 -0.000009
9.800000 0.000009
9.850000 -0.000009
9.900000 0.000009
9.950000 -0.000009
10.000000 0.000009
10.050000 -0.000009
10.100000 0.000009
10.150000 -0.000009
10.200000 0.000009
10.250000 -0.000009
10.300000 0.000009
10.350000 -0.000009
10.400000 0.000009
10.450000 -0.000009
10.500000 0.000009
10.550000 -0.000009
10.600000 0.000009
10.650000 -0.000009
10.700000 0.000009
10.750000 -0.000009
10.800000 0.000009
10.850000 -0.000009
10.900000 0.000009
10.950000 -0.000009
11.000000 0.000009
11.050000 -0.000010
11.100000 0.000009
11.150000 -0.000010
11.200000 0.000009
11.250000 -0.000009
11.300000 0.000010
11.350000 -0.000009
11.400000 0.000010
11.450000 -0.000009
11.500000 0.000010
11.550000 -0.000010
11.600000 0.000009
11.650000 -0.000010
11.700000 0.000009
11.750000 -0.000010
11.800000 0.000010
11.850000 -0.000009
11.900000 0.000010
11.950000 -0.000009
12.000000 0.000010
12.050000 -0.000009
12.100000 0.000010
12.150000 -0.000010
12.200000 0.000009
12.250000 -0.000010
12.300000 0.000009
12.350000 -0.000010
12.400000 0.000010
12.450000 -0.000009
12.500000 0.000010
12.550000 -0.000009
12.600000 0.000010
12.650000 -0.000009
12.700000 0.000009
12.750000 -0.000010
12.800000 0.000009
12.850000 -0.000010
12.900000 0.000009
12.950000 -0.000009
13.000000 0.000009
13.050000 -0.000009
13.100000 0.000009
13.150000 -0.000009
13.200000 0.000009
13.250000 -0.000009
13.300000 0.000009
13.350000 -0.000009
13.400000 0.000009
13.450000 -0.000009
13.500000 0.000009
13.550000 -0.000009
13.600000 0.000009
13.650000 -0.000009
13.700000 0.000009
13.750000 -0.000009
13.800000 0.000009
13.850000 -0.000009
13.900000 0.000009
13.950000 -0.000009
14.000000 0.000009
14.050000 -0.000009
14.100000 0.000009
14.150000 -0.000009
14.200000 0.000009
14.250000 -0.000009
14.300000 0.000009
14.350000 -0.000008
14.400000 0.000009
14.450000 -0.000008
14.500000 0.000009
14.550000 -0.000009
14.600000 0.000008
14.650000 -0.000009
14.700000 0.000008
14.750000 -0.000008
14.800000 0.000008
14.850000 -0.000008
14.900000 0.000008
14.950000 -0.000008
15.000000 0.000008
15.050000 -0.000008
15.100000 0.000008
15.150000 -0.000008
15.200000 0.000008
15.250000 -0.000008
15.300000 0.000008
15.350000 -0.000008
15.400000 0.000008
15.450000 -0.000008
15.500000 0.000008
15.550000 -0.000007
15.600000 0.000008
15.650000 -0.000007
15.700000 0.000007
15.750000 -0.000007
15.800000 0.000007
15.850000 -0.000007
15.900000 0.000007
15.950000 -0.000007
16.000000 0.000007
16.050000 -0.000007
16.100000 0.000007
16.150000 -0.000007
16.200000 0.000007
16.250000 -0.000007
16.300000 0.000007
16.350000 -0.000007
16.400000 0.000006
16.450000 -0.000007
16.500000 0.000006
16.550000 -0.000007
16.600000 0.000006
16.650000 -0.000006
16.700000 0.000006
16.750000 -0.000006
16.800000 0.000006
16.850000 -0.000006
16.900000 0.000006
16.950000 -0.000006
17.000000 0.000006
17.050000 -0.000006
17.100000 0.000005
17.150000 -0.000006
17.200000 0.000005
17.250000 -0.000006
17.300000 0.000005
17.350000 -0.000005
17.400000 0.000005
17.450000 -0.000005
17.500000 0.000005
17.550000 -0.000005
17.600000 0.000005
17.650000 -0.000005
17.700000 0.000005
17.750000 -0.000005
17.800000 0.000004
17.850000 -0.000005
17.900000 0.000004
17.950000 -0.000004
18.000000 0.000005
18.050000 -0.000004
18.100000 0.000004
18.150000 -0.000004
18.200000 0.000004
18.250000 -0.000004
18.300000 0.000004
18.350000 -0.000004
18.400000 0.000003
18.450000 -0.000004
18.500000 0.000003
18.550000 -0.000004
18.600000 0.000004
18.650000 -0.000003
18.700000 0.000004
18.750000 -0.000003
18.800000 0.000003
18.850000 -0.000003
18.900000 0.000003
18.950000 -0.000003
19.000000 0.000002
19.050000 -0.000003
19.100000 0.000002
19.150000 -0.000003
19.200000 0.000003
19.250000 -0.000002
19.300000 0.000003
19.350000 -0.000002
19.400000 0.000002
19.450000 -0.000002
19.500000 0.000002
19.550000 -0.000002
19.600000 0.000002
19.650000 -0.000002
19.700000 0.000001
19.750000 -0.000002
19.800000 0.000001
19.850000 -0.000001
19.900000 0.000002
19.950000 -0.000001
20.000000 0.000002
20.050000 -0.000001
20.100000 0.000001
20.150000 -0.000001
20.200000 0.000001
20.250000 -0.000001
20.300000 0.000000
20.350000 -0.000001
20.400000 0.000000
20.450000 -0.000001
20.500000 0.000000
20.550000 0.000000
20.600000 0.000001
20.650000 0.000000
20.700000 0.000000
20.750000 0.000000
20.800000 -0.000000
20.850000 0.000000
20.900000 -0.000001
20.950000 -0.000000
21.000000 -0.000001
21.050000 0.000000
21.100000 -0.000001
21.150000 0.000001
21.200000 -0.000000
21.250000 0.000001
21.300000 -0.000000
21.350000 0.000001
21.400000 -0.000001
21.450000 0.000001
21.500000 -0.000002
21.550000 0.000001
21.600000 -0.000002
21.650000 0.000001
21.700000 -0.000002
21.750000 0.000002
21.800000 -0.000002
21.850000 0.000002
21.900000 -0.000001
21.950000 0.000003
22.000000 -0.000002
22.050000 0.000002
22.100000 -0.000002
22.150000 0.000002
22.200000 -0.000003
22.250000 0.000002
22.300000 -0.000003
22.350000 0.000002
22.400000 -0.000003
22.450000 0.000003
22.500000 -0.000002
22.550000 0.000003
22.600000 -0.000002
22.650000 0.000004
22.700000 -0.000003
22.750000 0.000003
22.800000 -0.000003
22.850000 0.000003
22.900000 -0.000004
22.950000 0.000003
23.000000 -0.000004
23.050000 0.000003
23.100000 -0.000004
23.150000 0.000004
23.200000 -0.000003
23.250000 0.000005
23.300000 -0.000003
23.350000 0.000005
23.400000 -0.000004
23.450000 0.000004
23.500000 -0.000005
23.550000 0.000004
23.600000 -0.000005
23.650000 0.000004
23.700000 -0.000005
23.750000 0.000004
23.800000 -0.000004
23.850000 0.000005
23.900000 -0.000004
23.950000 0.000006
24.000000 -0.000004
24.050000 0.000005
24.100000 -0.000005
24.150000 0.000005
24.200000 -0.000006
24.250000 0.000004
24.300000 -0.000006
24.350000 0.000005
24.400000 -0.000006
24.450000 0.000006
24.500000 -0.000005
24.550000 0.000006
24.600000 -0.000005
24.650000 0.000006
24.700000 -0.000005
24.750000 0.000006
24.800000 -0.000006
24.850000 0.000005
24.900000 -0.000007
24.950000 0.000005
25.000000 -0.000007
25.050000 0.000006
25.100000 -0.000006
25.150000 0.000006
25.200000 -0.000006
25.250000 0.000007
25.300000 -0.000005
25.350000 0.000007
25.400000 -0.000006
25.450000 0.000006
25.500000 -0.000007
25.550000 0.000006
25.600000 -0.000007
25.650000 0.000006
25.700000 -0.000007
25.750000 0.000006
25.800000 -0.000007
25.850000 0.000007
25.900000 -0.000006
25.950000 0.000008
26.000000 -0.000006
26.050000 0.000008
26.100000 -0.000007
26.150000 0.000007
26.200000 -0.000008
26.250000 0.000006
26.300000 -0.000008
26.350000 0.000006
26.400000 -0.000008
26.450000 0.000007
26.500000 -0.000007
26.550000 0.000008
26.600000 -0.000006
26.650000 0.000008
26.700000 -0.000006
26.750000 0.000008
26.800000 -0.000007
26.850000 0.000007
26.900000 -0.000008
26.950000 0.000007
27.000000 -0.000009
27.050000 0.000007
27.100000 -0.000008
27.150000 0.000007
27.200000 -0.000007
27.250000 0.000008
27.300000 -0.000007
27.350000 0.000009
27.400000 -0.000007
27.450000 0.000008
27.500000 -0.000007
27.550000 0.000007
27.600000 -0.000009
27.650000 0.000007
27.700000 -0.000009
27.750000 0.000007
27.800000 -0.000009
27.850000 0.000008
27.900000 -0.000008
27.950000 0.000009
28.000000 -0.000007
28.050000 0.000009
28.100000 -0.000007
28.150000 0.000009
28.200000 -0.000008
28.250000 0.000008
28.300000 -0.000009
28.350000 0.000007
28.400000 -0.000009
28.450000 0.000007
28.500000 -0.000009
28.550000 0.000008
28.600000 -0.000008
28.650000 0.000009
28.700000 -0.000007
28.750000 0.000009
28.800000 -0.000006
28.850000 0.000009
28.900000 -0.000007
28.950000 0.000008
29.000000 -0.000009
29.050000 0.000007
29.100000 -0.000009
29.150000 0.000006
29.200000 -0.000009
29.250000 0.000007
29.300000 -0.000008
29.350000 0.000009
29.400000 -0.000006
29.450000 0.000009
29.500000 -0.000006
29.550000 0.000009
29.600000 -0.000007
29.650000 0.000008
29.700000 -0.000008
29.750000 0.000006
29.800000 -0.000009
29.850000 0.000006
29.900000 -0.000009
29.950000 0.000007
30.000000 -0.000008
30.050000 0.000008
30.100000 -0.000006
30.150000 0.000009
30.200000 -0.000006
30.250000 0.000009
30.300000 -0.000006
30.350000 0.000008
30.400000 -0.000008
30.450000 0.000006
30.500000 -0.000009
30.550000 0.000005
30.600000 -0.000009
30.650000 0.000006
30.700000 -0.000008
30.750000 0.000008
30.800000 -0.000006
30.850000 0.000009
30.900000 -0.000005
30.950000 0.000009
31.000000 -0.000006
31.050000 0.000008
31.100000 -0.000007
31.150000 0.000006
31.200000 -0.000009
31.250000 0.000005
31.300000 -0.000009
31.350000 0.000005
31.400000 -0.000008
31.450000 0.000007
31.500000 -0.000006
31.550000 0.000008
31.600000 -0.000004
31.650000 0.000009
31.700000 -0.000004
31.750000 0.000008
31.800000 -0.000006
31.850000 0.000006
31.900000 -0.000008
31.950000 0.000004
32.000000 -0.000009
32.050000 0.000004
32.100000 -0.000008
32.150000 0.000005
32.200000 -0.000006
32.250000 0.000007
32.300000 -0.000004
32.350000 0.000008
32.400000 -0.000003
32.450000 0.000008
32.500000 -0.000004
32.550000 0.000006
32.600000 -0.000006
32.650000 0.000004
32.700000 -0.000008
32.750000 0.000003
32.800000 -0.000008
32.850000 0.000003
32.900000 -0.000006
32.950000 0.000006
33.000000 -0.000004
33.050000 0.000007
33.100000 -0.000002
33.150000 0.000008
33.200000 -0.000003
33.250000 0.000006
33.300000 -0.000005
33.350000 0.000004
33.400000 -0.000007
33.450000 0.000002
33.500000 -0.000008
33.550000 0.000002
33.600000 -0.000006
33.650000 0.000003
33.700000 -0.000004
33.750000 0.000006
33.800000 -0.000001
33.850000 0.000007
33.900000 -0.000001
33.950000 0.000007
34.000000 -0.000002
34.050000 0.000004
34.100000 -0.000005
34.150000 0.000001
34.200000 -0.000007
34.250000 0.000000
34.300000 -0.000007
34.350000 0.000001
34.400000 -0.000005
34.450000 0.000004
34.500000 -0.000002
34.550000 0.000006
34.600000 0.000000
34.650000 0.000007
34.700000 0.000000
34.750000 0.000005
34.800000 -0.000002
34.850000 0.000002
34.900000 -0.000005
34.950000 -0.000001
35.000000 -0.000006
35.050000 -0.000001
35.100000 -0.000005
35.150000 0.000001
35.200000 -0.000002
35.250000 0.000004
35.300000 0.000001
35.350000 0.000006
35.400000 0.000002
35.450000 0.000006
35.500000 0.000001
35.550000 0.000003
35.600000 -0.000002
35.650000 -0.000000
35.700000 -0.000005
35.750000 -0.000003
35.800000 -0.000006
35.850000 -0.000003
35.900000 -0.000004
35.950000 0.000000
36.000000 -0.000000
36.050000 0.000004
36.100000 0.000003
36.150000 0.000006
36.200000 0.000004
36.250000 0.000005
36.300000 0.000002
36.350000 0.000001
36.400000 -0.000002
36.450000 -0.000003
36.500000 -0.000005
36.550000 -0.000005
36.600000 -0.000005
36.650000 -0.000004
36.700000 -0.000002
36.750000 -0.000000
36.800000 0.000002
36.850000 0.000003
36.900000 0.000005
36.950000 0.000005
37.000000 0.000005
37.050000 0.000004
37.100000 0.000003
37.150000 -0.000000
37.200000 -0.000001
37.250000 -0.000005
37.300000 -0.000005
37.350000 -0.000007
37.400000 -0.000004
37.450000 -0.000005
37.500000 -0.000001
37.550000 -0.000001
37.600000 0.000004
37.650000 0.000003
37.700000 0.000007
37.750000 0.000005
37.800000 0.000007
37.850000 0.000003
37.900000 0.000004
37.950000 -0.000002
38.000000 -0.000001
38.050000 -0.000007
38.100000 -0.000004
38.150000 -0.000009
38.200000 -0.000004
38.250000 -0.000007
38.300000 -0.000000
38.350000 -0.000002
38.400000 0.000005
38.450000 0.000003
38.500000 0.000009
38.550000 0.000005
38.600000 0.000009
38.650000 0.000002
38.700000 0.000005
38.750000 -0.000003
38.800000 -0.000000
38.850000 -0.000008
38.900000 -0.000004
38.950000 -0.000011
39.000000 -0.000004
39.050000 -0.000009
39.100000 -0.000000
39.150000 -0.000004
39.200000 0.000006
39.250000 0.000002
39.300000 0.000011
39.350000 0.000005
39.400000 0.000011
39.450000 0.000003
39.500000 0.000007
39.550000 -0.000003
39.600000 0.000001
39.650000 -0.000009
39.700000 -0.000004
39.750000 -0.000013
39.800000 -0.000004
39.850000 -0.000011
39.900000 -0.000001
39.950000 -0.000006
40.000000 0.000006
40.050000 0.000001
40.100000 0.000012
40.150000 0.000005
40.200000 0.000014
40.250000 0.000004
40.300000 0.000010
40.350000 -0.000002
40.400000 0.000004
40.450000 -0.000009
40.500000 -0.000003
40.550000 -0.000014
40.600000 -0.000005
40.650000 -0.000014
40.700000 -0.000002
40.750000 -0.000009
40.800000 0.000005
40.850000 -0.000001
40.900000 0.000012
40.950000 0.000004
41.000000 0.000016
41.050000 0.000005
41.100000 0.000014
41.150000 0.000000
41.200000 0.000007
41.250000 -0.000008
41.300000 -0.000001
41.350000 -0.000015
41.400000 -0.000006
41.450000 -0.000017
41.500000 -0.000004
41.550000 -0.000013
41.600000 0.000002
41.650000 -0.000005
41.700000 0.000011
41.750000 0.000003
41.800000 0.000017
41.850000 0.000007
41.900000 0.000017
41.950000 0.000003
42.000000 0.000012
42.050000 -0.000005
42.100000 0.000002
42.150000 -0.000014
42.200000 -0.000005
42.250000 -0.000019
42.300000 -0.000007
42.350000 -0.000018
42.400000 -0.000002
42.450000 -0.000010
42.500000 0.000007
42.550000 -0.000000
42.600000 0.000016
42.650000 0.000007
42.700000 0.000021
42.750000 0.000007
42.800000 0.000017
42.850000 0.000001
42.900000 0.000008
42.950000 -0.000010
43.000000 -0.000002
43.050000 -0.000019
43.100000 -0.000009
43.150000 -0.000022
43.200000 -0.000008
43.250000 -0.000017
43.300000 0.000001
43.350000 -0.000007
43.400000 0.000012
43.450000 0.000004
43.500000 0.000021
43.550000 0.000010
43.600000 0.000023
43.650000 0.000008
43.700000 0.000017
43.750000 -0.000002
43.800000 0.000005
43.850000 -0.000014
43.900000 -0.000006
43.950000 -0.000023
44.000000 -0.000012
44.050000 -0.000024
44.100000 -0.000008
44.150000 -0.000016
44.200000 0.000003
44.250000 -0.000004
44.300000 0.000016
44.350000 0.000008
44.400000 0.000024
44.450000 0.000012
44.500000 0.000024
44.550000 0.000007
44.600000 0.000015
44.650000 -0.000005
44.700000 0.000000
44.750000 -0.000019
44.800000 -0.000011
44.850000 -0.000027
44.900000 -0.000013
44.950000 -0.000021
