-30.000000 -0.000854
-29.950000 -0.000687
-29.900000 -0.001377
-29.850000 -0.001049
-29.800000 -0.001586
-29.750000 -0.001114
-29.700000 -0.001517
-29.650000 -0.000923
-29.600000 -0.001219
-29.550000 -0.000533
-29.500000 -0.000755
-29.450000 -0.000014
-29.400000 -0.000201
-29.350000 0.000558
-29.300000 0.000366
-29.250000 0.001102
-29.200000 0.000868
-29.150000 0.001545
-29.100000 0.001236
-29.050000 0.001826
-29.000000 0.001419
-28.950000 0.001904
-28.900000 0.001388
-28.850000 0.001764
-28.800000 0.001143
-28.750000 0.001422
-28.700000 0.000713
-28.650000 0.000918
-28.600000 0.000152
-28.550000 0.000318
-28.500000 -0.000470
-28.450000 -0.000303
-28.400000 -0.001071
-28.350000 -0.000866
-28.300000 -0.001578
-28.250000 -0.001300
-28.200000 -0.001926
-28.150000 -0.001551
-28.100000 -0.002073
-28.050000 -0.001589
-28.000000 -0.002001
-27.950000 -0.001408
-27.900000 -0.001717
-27.850000 -0.001028
-27.800000 -0.001252
-27.750000 -0.000491
-27.700000 -0.000659
-27.650000 0.000141
-27.600000 -0.000006
-27.550000 0.000798
-27.500000 0.000634
-27.450000 0.001403
-27.400000 0.001185
-27.350000 0.001882
-27.300000 0.001578
-27.250000 0.002176
-27.200000 0.001762
-27.150000 0.002245
-27.100000 0.001711
-27.050000 0.002074
-27.000000 0.001425
-26.950000 0.001681
-26.900000 0.000935
-26.850000 0.001109
-26.800000 0.000298
-26.750000 0.000426
-26.700000 -0.000411
-26.650000 -0.000287
-26.600000 -0.001108
-26.550000 -0.000947
-26.500000 -0.001712
-26.450000 -0.001477
-26.400000 -0.002154
-26.350000 -0.001818
-26.300000 -0.002384
-26.250000 -0.001931
-26.200000 -0.002376
-26.150000 -0.001801
-26.100000 -0.002128
-26.050000 -0.001441
-26.000000 -0.001666
-25.950000 -0.000888
-25.900000 -0.001037
-25.850000 -0.000199
-25.800000 -0.000306
-25.750000 0.000555
-25.700000 0.000449
-25.650000 0.001290
-25.600000 0.001144
-25.550000 0.001924
-25.500000 0.001699
-25.450000 0.002385
-25.400000 0.002050
-25.350000 0.002615
-25.300000 0.002151
-25.250000 0.002584
-25.200000 0.001987
-25.150000 0.002291
-25.100000 0.001573
-25.050000 0.001766
-25.000000 0.000952
-24.950000 0.001066
-24.900000 0.000192
-24.850000 0.000268
-24.800000 -0.000623
-24.750000 -0.000542
-24.700000 -0.001407
-24.650000 -0.001278
-24.600000 -0.002076
-24.550000 -0.001862
-24.500000 -0.002560
-24.450000 -0.002235
-24.400000 -0.002810
-24.350000 -0.002355
-24.300000 -0.002797
-24.250000 -0.002208
-24.200000 -0.002519
-24.150000 -0.001803
-24.100000 -0.001998
-24.050000 -0.001178
-24.000000 -0.001282
-23.950000 -0.000390
-23.900000 -0.000442
-23.850000 0.000482
-23.800000 0.000439
-23.750000 0.001348
-23.700000 0.001267
-23.650000 0.002117
-23.600000 0.001956
-23.550000 0.002706
-23.500000 0.002429
-23.450000 0.003051
-23.400000 0.002634
-23.350000 0.003110
-23.300000 0.002547
-23.250000 0.002877
-23.200000 0.002174
-23.150000 0.002374
-23.100000 0.001553
-23.050000 0.001651
-23.000000 0.000746
-22.950000 0.000779
-22.900000 -0.000169
-22.850000 -0.000157
-22.800000 -0.001104
-22.750000 -0.001068
-22.700000 -0.001969
-22.650000 -0.001867
-22.600000 -0.002683
-22.550000 -0.002478
-22.500000 -0.003176
-22.450000 -0.002840
-22.400000 -0.003396
-22.350000 -0.002912
-22.300000 -0.003317
-22.250000 -0.002682
-22.200000 -0.002938
-22.150000 -0.002162
-22.100000 -0.002289
-22.050000 -0.001398
-22.000000 -0.001427
-21.950000 -0.000458
-21.900000 -0.000432
-21.850000 0.000568
-21.800000 0.000601
-21.750000 0.001581
-21.700000 0.001569
-21.650000 0.002482
-21.600000 0.002381
-21.550000 0.003184
-21.500000 0.002957
-21.450000 0.003620
-21.400000 0.003243
-21.350000 0.003750
-21.300000 0.003213
-21.250000 0.003559
-21.200000 0.002867
-21.150000 0.003066
-21.100000 0.002236
-21.050000 0.002310
-21.000000 0.001372
-20.950000 0.001356
-20.900000 0.000348
-20.850000 0.000284
-20.800000 -0.000749
-20.750000 -0.000816
-20.700000 -0.001827
-20.650000 -0.001848
-20.600000 -0.002788
-20.550000 -0.002717
-20.500000 -0.003545
-20.450000 -0.003343
-20.400000 -0.004024
-20.350000 -0.003662
-20.300000 -0.004174
-20.250000 -0.003639
-20.200000 -0.003975
-20.150000 -0.003269
-20.100000 -0.003441
-20.050000 -0.002582
-20.000000 -0.002616
-19.950000 -0.001637
-19.900000 -0.001572
-19.850000 -0.000516
-19.800000 -0.000398
-19.750000 0.000685
-19.700000 0.000806
-19.650000 0.001865
-19.600000 0.001938
-19.550000 0.002926
-19.500000 0.002906
-19.450000 0.003781
-19.400000 0.003630
-19.350000 0.004359
-19.300000 0.004050
-19.250000 0.004610
-19.200000 0.004128
-19.150000 0.004509
-19.100000 0.003849
-19.050000 0.004056
-19.000000 0.003229
-18.950000 0.003279
-18.900000 0.002309
-18.850000 0.002233
-18.800000 0.001158
-18.750000 0.000999
-18.700000 -0.000134
-18.650000 -0.000326
-18.600000 -0.001464
-18.550000 -0.001632
-18.500000 -0.002719
-18.450000 -0.002811
-18.400000 -0.003796
-18.350000 -0.003765
-18.300000 -0.004605
-18.250000 -0.004413
-18.200000 -0.005079
-18.150000 -0.004704
-18.100000 -0.005181
-18.050000 -0.004615
-18.000000 -0.004902
-17.950000 -0.004152
-17.900000 -0.004261
-17.850000 -0.003346
-17.800000 -0.003305
-17.750000 -0.002256
-17.700000 -0.002098
-17.650000 -0.000956
-17.600000 -0.000727
-17.550000 0.000462
-17.500000 0.000713
-17.450000 0.001897
-17.400000 0.002117
-17.350000 0.003242
-17.300000 0.003378
-17.250000 0.004394
-17.200000 0.004399
-17.150000 0.005263
-17.100000 0.005097
-17.050000 0.005774
-17.000000 0.005412
-16.950000 0.005885
-16.900000 0.005315
-16.850000 0.005579
-16.800000 0.004807
-16.750000 0.004877
-16.700000 0.003924
-16.650000 0.003827
-16.600000 0.002726
-16.550000 0.002503
-16.500000 0.001300
-16.450000 0.000998
-16.400000 -0.000257
-16.350000 -0.000585
-16.300000 -0.001839
-16.250000 -0.002140
-16.200000 -0.003339
-16.150000 -0.003562
-16.100000 -0.004659
-16.050000 -0.004757
-16.000000 -0.005706
-15.950000 -0.005639
-15.900000 -0.006407
-15.850000 -0.006144
-15.800000 -0.006704
-15.750000 -0.006228
-15.700000 -0.006568
-15.650000 -0.005873
-15.600000 -0.005997
-15.550000 -0.005093
-15.500000 -0.005020
-15.450000 -0.003935
-15.400000 -0.003698
-15.350000 -0.002472
-15.300000 -0.002116
-15.250000 -0.000800
-15.200000 -0.000381
-15.150000 0.000970
-15.100000 0.001394
-15.050000 0.002721
-15.000000 0.003094
-14.950000 0.004340
-14.900000 0.004609
-14.850000 0.005726
-14.800000 0.005845
-14.750000 0.006793
-14.700000 0.006727
-14.650000 0.007475
-14.600000 0.007198
-14.550000 0.007726
-14.500000 0.007225
-14.450000 0.007525
-14.400000 0.006798
-14.350000 0.006874
-14.300000 0.005931
-14.250000 0.005801
-14.200000 0.004667
-14.150000 0.004361
-14.100000 0.003071
-14.050000 0.002631
-14.000000 0.001234
-13.950000 0.000713
-13.900000 -0.000736
-13.850000 -0.001280
-13.800000 -0.002720
-13.750000 -0.003225
-13.700000 -0.004595
-13.650000 -0.005002
-13.600000 -0.006247
-13.550000 -0.006506
-13.500000 -0.007578
-13.450000 -0.007646
-13.400000 -0.008510
-13.350000 -0.008358
-13.300000 -0.008991
-13.250000 -0.008601
-13.200000 -0.008990
-13.150000 -0.008357
-13.100000 -0.008505
-13.050000 -0.007636
-13.000000 -0.007554
-12.950000 -0.006468
-12.900000 -0.006180
-12.850000 -0.004905
-12.800000 -0.004446
-12.750000 -0.003022
-12.700000 -0.002438
-12.650000 -0.000914
-12.600000 -0.000257
-12.550000 0.001310
-12.500000 0.001981
-12.450000 0.003530
-12.400000 0.004155
-12.350000 0.005626
-12.300000 0.006144
-12.250000 0.007480
-12.200000 0.007839
-12.150000 0.008992
-12.100000 0.009148
-12.050000 0.010079
-12.000000 0.010001
-11.950000 0.010686
-11.900000 0.010354
-11.850000 0.010780
-11.800000 0.010190
-11.750000 0.010357
-11.700000 0.009513
-11.650000 0.009432
-11.600000 0.008351
-11.550000 0.008043
-11.500000 0.006750
-11.450000 0.006245
-11.400000 0.004774
-11.350000 0.004111
-11.300000 0.002506
-11.250000 0.001732
-11.200000 0.000044
-11.150000 -0.000786
-11.100000 -0.002499
-11.050000 -0.003325
-11.000000 -0.005002
-10.950000 -0.005763
-10.900000 -0.007344
-10.850000 -0.007980
-10.800000 -0.009409
-10.750000 -0.009868
-10.700000 -0.011095
-10.650000 -0.011333
-10.600000 -0.012321
-10.550000 -0.012307
-10.500000 -0.013030
-10.450000 -0.012744
-10.400000 -0.013189
-10.350000 -0.012624
-10.300000 -0.012789
-10.250000 -0.011949
-10.200000 -0.011844
-10.150000 -0.010743
-10.100000 -0.010387
-10.050000 -0.009049
-10.000000 -0.008469
-9.950000 -0.006926
-9.900000 -0.006158
-9.850000 -0.004450
-9.800000 -0.003539
-9.750000 -0.001713
-9.700000 -0.000709
-9.650000 0.001180
-9.600000 0.002218
-9.550000 0.004111
-9.500000 0.005124
-9.450000 0.006961
-9.400000 0.007889
-9.350000 0.009610
-9.300000 0.010398
-9.250000 0.011952
-9.200000 0.012550
-9.150000 0.013892
-9.100000 0.014262
-9.050000 0.015359
-9.000000 0.015471
-8.950000 0.016298
-8.900000 0.016133
-8.850000 0.016677
-8.800000 0.016225
-8.750000 0.016478
-8.700000 0.015738
-8.650000 0.015703
-8.600000 0.014679
-8.550000 0.014365
-8.500000 0.013072
-8.450000 0.012498
-8.400000 0.010958
-8.350000 0.010150
-8.300000 0.008394
-8.250000 0.007388
-8.200000 0.005456
-8.150000 0.004297
-8.100000 0.002238
-8.050000 0.000976
-8.000000 -0.001155
-7.950000 -0.002462
-7.900000 -0.004609
-7.850000 -0.005903
-7.800000 -0.008007
-7.750000 -0.009232
-7.700000 -0.011238
-7.650000 -0.012341
-7.600000 -0.014201
-7.550000 -0.015135
-7.500000 -0.016805
-7.450000 -0.017531
-7.400000 -0.018973
-7.350000 -0.019458
-7.300000 -0.020642
-7.250000 -0.020856
-7.200000 -0.021757
-7.150000 -0.021679
-7.100000 -0.022278
-7.050000 -0.021891
-7.000000 -0.022175
-6.950000 -0.021472
-6.900000 -0.021436
-6.850000 -0.020418
-6.800000 -0.020070
-6.750000 -0.018747
-6.700000 -0.018104
-6.650000 -0.016500
-6.600000 -0.015588
-6.550000 -0.013733
-6.500000 -0.012589
-6.450000 -0.010524
-6.400000 -0.009188
-6.350000 -0.006955
-6.300000 -0.005474
-6.250000 -0.003120
-6.200000 -0.001538
-6.150000 0.000892
-6.100000 0.002529
-6.050000 0.004991
-6.000000 0.006640
-5.950000 0.009091
-5.900000 0.010709
-5.850000 0.013109
-5.800000 0.014655
-5.750000 0.016962
-5.700000 0.018396
-5.650000 0.020570
-5.600000 0.021853
-5.550000 0.023855
-5.500000 0.024948
-5.450000 0.026742
-5.400000 0.027612
-5.350000 0.029165
-5.300000 0.029783
-5.250000 0.031071
-5.200000 0.031415
-5.150000 0.032420
-5.100000 0.032477
-5.050000 0.033190
-5.000000 0.032954
-4.950000 0.033371
-4.900000 0.032842
-4.850000 0.032966
-4.800000 0.032146
-4.750000 0.031981
-4.700000 0.030876
-4.650000 0.030428
-4.600000 0.029046
-4.550000 0.028324
-4.500000 0.026672
-4.450000 0.025684
-4.400000 0.023774
-4.350000 0.022533
-4.300000 0.020380
-4.250000 0.018904
-4.200000 0.016527
-4.150000 0.014837
-4.100000 0.012262
-4.050000 0.010387
-4.000000 0.007642
-3.950000 0.005611
-3.900000 0.002729
-3.850000 0.000575
-3.800000 -0.002412
-3.750000 -0.004656
-3.700000 -0.007716
-3.650000 -0.010019
-3.600000 -0.013123
-3.550000 -0.015458
-3.500000 -0.018579
-3.450000 -0.020919
-3.400000 -0.024033
-3.350000 -0.026354
-3.300000 -0.029436
-3.250000 -0.031715
-3.200000 -0.034739
-3.150000 -0.036949
-3.100000 -0.039891
-3.050000 -0.042005
-3.000000 -0.044835
-2.950000 -0.046827
-2.900000 -0.049519
-2.850000 -0.051360
-2.800000 -0.053889
-2.750000 -0.055558
-2.700000 -0.057904
-2.650000 -0.059384
-2.600000 -0.061532
-2.550000 -0.062810
-2.500000 -0.064752
-2.450000 -0.065822
-2.400000 -0.067554
-2.350000 -0.068415
-2.300000 -0.069936
-2.250000 -0.070588
-2.200000 -0.071897
-2.150000 -0.072340
-2.100000 -0.073439
-2.050000 -0.073673
-2.000000 -0.074562
-1.950000 -0.074587
-1.900000 -0.075267
-1.850000 -0.075086
-1.800000 -0.075559
-1.750000 -0.075175
-1.700000 -0.075447
-1.650000 -0.074869
-1.600000 -0.074952
-1.550000 -0.074192
-1.500000 -0.074100
-1.450000 -0.073176
-1.400000 -0.072928
-1.350000 -0.071859
-1.300000 -0.071476
-1.250000 -0.070284
-1.200000 -0.069786
-1.150000 -0.068490
-1.100000 -0.067896
-1.050000 -0.066513
-1.000000 -0.065837
-0.950000 -0.064382
-0.900000 -0.063637
-0.850000 -0.062119
-0.800000 -0.061317
-0.750000 -0.059749
-0.700000 -0.058901
-0.650000 -0.057296
-0.600000 -0.056417
-0.550000 -0.054791
-0.500000 -0.053898
-0.450000 -0.052270
-0.400000 -0.051384
-0.350000 -0.049774
-0.300000 -0.048916
-0.250000 -0.047348
-0.200000 -0.046539
-0.150000 -0.045032
-0.100000 -0.044292
-0.050000 -0.042863
0.000000 -0.042209
0.050000 -0.040877
0.100000 -0.040324
0.150000 -0.039103
0.200000 -0.038668
0.250000 -0.037575
0.300000 -0.037277
0.350000 -0.036333
0.400000 -0.036196
0.450000 -0.035430
0.500000 -0.035485
0.550000 -0.034934
0.600000 -0.035224
0.650000 -0.034934
0.700000 -0.035513
0.750000 -0.035542
0.800000 -0.036472
0.850000 -0.036891
0.900000 -0.038248
0.950000 -0.039138
1.000000 -0.041012
1.050000 -0.042471
1.100000 -0.044966
1.150000 -0.047111
1.200000 -0.050357
1.250000 -0.053328
1.300000 -0.057483
1.350000 -0.061458
1.400000 -0.066719
1.450000 -0.071916
1.500000 -0.078527
1.550000 -0.085220
1.600000 -0.093483
1.650000 -0.102007
1.700000 -0.112293
1.750000 -0.123055
1.800000 -0.135810
1.850000 -0.149296
1.900000 -0.165050
1.950000 -0.181836
2.000000 -0.201212
2.050000 -0.221967
2.100000 -0.245681
2.150000 -0.271172
2.200000 -0.300037
2.250000 -0.331121
2.300000 -0.366035
2.350000 -0.403640
2.400000 -0.445554
2.450000 -0.490643
2.500000 -0.540512
2.550000 -0.594008
2.600000 -0.652697
2.650000 -0.715376
2.700000 -0.783529
2.750000 -0.855856
2.800000 -0.933706
2.850000 -1.015624
2.900000 -1.102764
2.950000 -1.193444
3.000000 -1.288557
3.050000 -1.386135
3.100000 -1.486751
3.150000 -1.588112
3.200000 -1.690450
3.250000 -1.791147
3.300000 -1.890130
3.350000 -1.984527
3.400000 -2.074070
3.450000 -2.155786
3.500000 -2.229399
3.550000 -2.292052
3.600000 -2.343703
3.650000 -2.381859
3.700000 -2.406949
3.750000 -2.417059
3.800000 -2.413262
3.850000 -2.394335
3.900000 -2.362044
3.950000 -2.315839
4.000000 -2.258088
4.050000 -2.188766
4.100000 -2.110648
4.150000 -2.024001
4.200000 -1.931760
4.250000 -1.834244
4.300000 -1.734320
4.350000 -1.632155
4.400000 -1.530381
4.450000 -1.428887
4.500000 -1.329985
4.550000 -1.233236
4.600000 -1.140615
4.650000 -1.051367
4.700000 -0.967161
4.750000 -0.886976
4.800000 -0.812235
4.850000 -0.741713
4.900000 -0.676655
4.950000 -0.615694
5.000000 -0.559956
5.050000 -0.507989
5.100000 -0.460848
5.150000 -0.417041
5.200000 -0.377586
5.250000 -0.340983
5.300000 -0.308241
5.350000 -0.277867
5.400000 -0.250880
5.450000 -0.225809
5.500000 -0.203690
5.550000 -0.183081
5.600000 -0.165036
5.650000 -0.148146
5.700000 -0.133488
5.750000 -0.119679
5.800000 -0.107818
5.850000 -0.096551
5.900000 -0.086992
5.950000 -0.077813
6.000000 -0.070142
6.050000 -0.062670
6.100000 -0.056539
6.150000 -0.050459
6.200000 -0.045579
6.250000 -0.040627
6.300000 -0.036757
6.350000 -0.032713
6.400000 -0.029654
6.450000 -0.026338
6.500000 -0.023928
6.550000 -0.021193
6.600000 -0.019300
6.650000 -0.017031
6.700000 -0.015553
6.750000 -0.013657
6.800000 -0.012514
6.850000 -0.010924
6.900000 -0.010054
6.950000 -0.008715
7.000000 -0.008073
7.050000 -0.006943
7.100000 -0.006490
7.150000 -0.005535
7.200000 -0.005238
7.250000 -0.004427
7.300000 -0.004257
7.350000 -0.003560
7.400000 -0.003488
7.450000 -0.002880
7.500000 -0.002880
7.550000 -0.002335
7.600000 -0.002386
7.650000 -0.001885
7.700000 -0.001971
7.750000 -0.001500
7.800000 -0.001611
7.850000 -0.001165
7.900000 -0.001297
7.950000 -0.000874
8.000000 -0.001028
8.050000 -0.000631
8.100000 -0.000808
8.150000 -0.000440
8.200000 -0.000644
8.250000 -0.000304
8.300000 -0.000533
8.350000 -0.000219
8.400000 -0.000470
8.450000 -0.000176
8.500000 -0.000441
8.550000 -0.000159
8.600000 -0.000428
8.650000 -0.000149
8.700000 -0.000415
8.750000 -0.000131
8.800000 -0.000387
8.850000 -0.000096
8.900000 -0.000340
8.950000 -0.000040
9.000000 -0.000276
9.050000 0.000028
9.100000 -0.000204
9.150000 0.000097
9.200000 -0.000140
9.250000 0.000150
9.300000 -0.000097
9.350000 0.000177
9.400000 -0.000085
9.450000 0.000173
9.500000 -0.000103
9.550000 0.000141
9.600000 -0.000143
9.650000 0.000093
9.700000 -0.000190
9.750000 0.000048
9.800000 -0.000228
9.850000 0.000019
9.900000 -0.000242
9.950000 0.000018
10.000000 -0.000227
10.050000 0.000046
10.100000 -0.000186
10.150000 0.000095
10.200000 -0.000131
10.250000 0.000150
10.300000 -0.000077
10.350000 0.000196
10.400000 -0.000040
10.450000 0.000219
10.500000 -0.000029
10.550000 0.000213
10.600000 -0.000049
10.650000 0.000179
10.700000 -0.000092
10.750000 0.000127
10.800000 -0.000146
10.850000 0.000072
10.900000 -0.000195
10.950000 0.000031
11.000000 -0.000223
11.050000 0.000015
11.100000 -0.000223
11.150000 0.000030
11.200000 -0.000191
11.250000 0.000072
11.300000 -0.000138
11.350000 0.000129
11.400000 -0.000079
11.450000 0.000184
11.500000 -0.000030
11.550000 0.000220
11.600000 -0.000008
11.650000 0.000225
11.700000 -0.000018
11.750000 0.000197
11.800000 -0.000058
11.850000 0.000145
11.900000 -0.000116
11.950000 0.000084
12.000000 -0.000174
12.050000 0.000031
12.100000 -0.000214
12.150000 0.000003
12.200000 -0.000226
12.250000 0.000007
12.300000 -0.000204
12.350000 0.000041
12.400000 -0.000156
12.450000 0.000096
12.500000 -0.000095
12.550000 0.000156
12.600000 -0.000038
12.650000 0.000204
12.700000 -0.000001
12.750000 0.000225
12.800000 0.000005
12.850000 0.000213
12.900000 -0.000021
12.950000 0.000171
13.000000 -0.000073
13.050000 0.000110
13.100000 -0.000137
13.150000 0.000046
13.200000 -0.000192
13.250000 -0.000001
13.300000 -0.000224
13.350000 -0.000018
13.400000 -0.000222
13.450000 0.000001
13.500000 -0.000186
13.550000 0.000050
13.600000 -0.000125
13.650000 0.000116
13.700000 -0.000057
13.750000 0.000178
13.800000 -0.000001
13.850000 0.000219
13.900000 0.000025
13.950000 0.000227
14.000000 0.000016
14.050000 0.000198
14.100000 -0.000027
14.150000 0.000141
14.200000 -0.000091
14.250000 0.000073
14.300000 -0.000157
14.350000 0.000011
14.400000 -0.000207
14.450000 -0.000027
14.500000 -0.000227
14.550000 -0.000030
14.600000 -0.000211
14.650000 0.000002
14.700000 -0.000163
14.750000 0.000060
14.800000 -0.000095
14.850000 0.000130
14.900000 -0.000026
14.950000 0.000190
15.000000 0.000025
15.050000 0.000225
15.100000 0.000044
15.150000 0.000224
15.200000 0.000025
15.250000 0.000186
15.300000 -0.000028
15.350000 0.000120
15.400000 -0.000099
15.450000 0.000045
15.500000 -0.000170
15.550000 -0.000018
15.600000 -0.000219
15.650000 -0.000052
15.700000 -0.000232
15.750000 -0.000047
15.800000 -0.000205
15.850000 -0.000003
15.900000 -0.000145
15.950000 0.000066
16.000000 -0.000069
16.050000 0.000141
16.100000 0.000003
16.150000 0.000202
16.200000 0.000051
16.250000 0.000231
16.300000 0.000061
16.350000 0.000220
16.400000 0.000033
16.450000 0.000173
16.500000 -0.000028
16.550000 0.000101
16.600000 -0.000104
16.650000 0.000023
16.700000 -0.000175
16.750000 -0.000040
16.800000 -0.000222
16.850000 -0.000071
16.900000 -0.000232
16.950000 -0.000062
17.000000 -0.000202
17.050000 -0.000014
17.100000 -0.000137
17.150000 0.000060
17.200000 -0.000056
17.250000 0.000141
17.300000 0.000021
17.350000 0.000206
17.400000 0.000073
17.450000 0.000237
17.500000 0.000084
17.550000 0.000225
17.600000 0.000052
17.650000 0.000172
17.700000 -0.000015
17.750000 0.000092
17.800000 -0.000100
17.850000 0.000007
17.900000 -0.000178
17.950000 -0.000061
18.000000 -0.000229
18.050000 -0.000094
18.100000 -0.000238
18.150000 -0.000082
18.200000 -0.000203
18.250000 -0.000030
18.300000 -0.000134
18.350000 0.000050
18.400000 -0.000048
18.450000 0.000135
18.500000 0.000033
18.550000 0.000204
18.600000 0.000089
18.650000 0.000239
18.700000 0.000104
18.750000 0.000230
18.800000 0.000074
18.850000 0.000179
18.900000 0.000007
18.950000 0.000098
19.000000 -0.000080
19.050000 0.000007
19.100000 -0.000166
19.150000 -0.000070
19.200000 -0.000227
19.250000 -0.000114
19.300000 -0.000247
19.350000 -0.000111
19.400000 -0.000219
19.450000 -0.000062
19.500000 -0.000149
19.550000 0.000021
19.600000 -0.000056
19.650000 0.000116
19.700000 0.000037
19.750000 0.000198
19.800000 0.000105
19.850000 0.000245
19.900000 0.000130
19.950000 0.000244
20.000000 0.000106
20.050000 0.000196
20.100000 0.000040
20.150000 0.000113
20.200000 -0.000052
20.250000 0.000015
20.300000 -0.000146
20.350000 -0.000072
20.400000 -0.000219
20.450000 -0.000128
20.500000 -0.000251
20.550000 -0.000137
20.600000 -0.000235
20.650000 -0.000099
20.700000 -0.000174
20.750000 -0.000021
20.800000 -0.000082
20.850000 0.000077
20.900000 0.000019
20.950000 0.000171
21.000000 0.000103
21.050000 0.000238
21.100000 0.000150
21.150000 0.000259
21.200000 0.000146
21.250000 0.000228
21.300000 0.000092
21.350000 0.000151
21.400000 0.000000
21.450000 0.000048
21.500000 -0.000106
21.550000 -0.000057
21.600000 -0.000199
21.650000 -0.000136
21.700000 -0.000256
21.750000 -0.000169
21.800000 -0.000260
21.850000 -0.000148
21.900000 -0.000212
21.950000 -0.000078
22.000000 -0.000122
22.050000 0.000024
22.100000 -0.000013
22.150000 0.000131
22.200000 0.000088
22.250000 0.000218
22.300000 0.000158
22.350000 0.000264
22.400000 0.000179
22.450000 0.000256
22.500000 0.000146
22.550000 0.000198
22.600000 0.000068
22.650000 0.000101
22.700000 -0.000039
22.750000 -0.000012
22.800000 -0.000148
22.850000 -0.000114
22.900000 -0.000234
22.950000 -0.000180
23.000000 -0.000274
23.050000 -0.000194
23.100000 -0.000258
23.150000 -0.000151
23.200000 -0.000188
23.250000 -0.000061
23.300000 -0.000080
23.350000 0.000056
23.400000 0.000040
23.450000 0.000169
23.500000 0.000143
23.550000 0.000253
23.600000 0.000203
23.650000 0.000284
23.700000 0.000206
23.750000 0.000255
23.800000 0.000151
23.850000 0.000174
23.900000 0.000050
23.950000 0.000058
24.000000 -0.000071
24.050000 -0.000064
24.100000 -0.000184
24.150000 -0.000164
24.200000 -0.000262
24.250000 -0.000218
24.300000 -0.000287
24.350000 -0.000215
24.400000 -0.000253
24.450000 -0.000154
24.500000 -0.000166
24.550000 -0.000049
24.600000 -0.000047
24.650000 0.000076
24.700000 0.000079
24.750000 0.000192
24.800000 0.000181
24.850000 0.000272
24.900000 0.000237
24.950000 0.000297
25.000000 0.000232
25.050000 0.000259
25.100000 0.000166
25.150000 0.000166
25.200000 0.000053
25.250000 0.000037
25.300000 -0.000081
25.350000 -0.000096
25.400000 -0.000204
25.450000 -0.000203
25.500000 -0.000286
25.550000 -0.000258
25.600000 -0.000307
25.650000 -0.000247
25.700000 -0.000263
25.750000 -0.000174
25.800000 -0.000162
25.850000 -0.000055
25.900000 -0.000029
25.950000 0.000082
26.000000 0.000107
26.050000 0.000206
26.100000 0.000215
26.150000 0.000289
26.200000 0.000271
26.250000 0.000313
26.300000 0.000262
26.350000 0.000270
26.400000 0.000191
26.450000 0.000171
26.500000 0.000071
26.550000 0.000035
26.600000 -0.000070
26.650000 -0.000107
26.700000 -0.000202
26.750000 -0.000224
26.800000 -0.000295
26.850000 -0.000289
26.900000 -0.000326
26.950000 -0.000287
27.000000 -0.000288
27.050000 -0.000217
27.100000 -0.000187
27.150000 -0.000093
27.200000 -0.000045
27.250000 0.000057
27.300000 0.000107
27.350000 0.000199
27.400000 0.000235
27.450000 0.000301
27.500000 0.000308
27.550000 0.000339
27.600000 0.000310
27.650000 0.000303
27.700000 0.000241
27.750000 0.000203
27.800000 0.000117
27.850000 0.000059
27.900000 -0.000036
27.950000 -0.000097
28.000000 -0.000184
28.050000 -0.000232
28.100000 -0.000295
28.150000 -0.000316
28.200000 -0.000345
28.250000 -0.000331
28.300000 -0.000322
28.350000 -0.000275
28.400000 -0.000231
28.450000 -0.000157
28.500000 -0.000090
28.550000 -0.000002
28.600000 0.000073
28.650000 0.000157
28.700000 0.000222
28.750000 0.000286
28.800000 0.000326
28.850000 0.000356
28.900000 0.000361
28.950000 0.000351
29.000000 0.000317
29.050000 0.000269
29.100000 0.000204
29.150000 0.000127
29.200000 0.000044
29.250000 -0.000044
29.300000 -0.000127
29.350000 -0.000209
29.400000 -0.000273
29.450000 -0.000330
29.500000 -0.000361
29.550000 -0.000383
29.600000 -0.000372
29.650000 -0.000354
29.700000 -0.000303
29.750000 -0.000252
29.800000 -0.000170
29.850000 -0.000097
29.900000 0.000001
29.950000 0.000078
30.000000 0.000175
30.050000 0.000238
30.100000 0.000315
30.150000 0.000349
30.200000 0.000394
30.250000 0.000389
30.300000 0.000394
30.350000 0.000347
30.400000 0.000315
30.450000 0.000231
30.500000 0.000170
30.550000 0.000062
30.600000 -0.000011
30.650000 -0.000124
30.700000 -0.000191
30.750000 -0.000291
30.800000 -0.000333
30.850000 -0.000403
30.900000 -0.000406
30.950000 -0.000435
31.000000 -0.000393
31.050000 -0.000380
31.100000 -0.000295
31.150000 -0.000247
31.200000 -0.000131
31.250000 -0.000065
31.300000 0.000064
31.350000 0.000130
31.400000 0.000251
31.450000 0.000297
31.500000 0.000392
31.550000 0.000401
31.600000 0.000457
31.650000 0.000422
31.700000 0.000435
31.750000 0.000355
31.800000 0.000328
31.850000 0.000212
31.900000 0.000160
31.950000 0.000023
32.000000 -0.000039
32.050000 -0.000178
32.100000 -0.000229
32.150000 -0.000351
32.200000 -0.000373
32.250000 -0.000461
32.300000 -0.000441
32.350000 -0.000487
32.400000 -0.000419
32.450000 -0.000420
32.500000 -0.000309
32.550000 -0.000274
32.600000 -0.000130
32.650000 -0.000074
32.700000 0.000084
32.750000 0.000140
32.800000 0.000290
32.850000 0.000324
32.900000 0.000446
32.950000 0.000442
33.000000 0.000521
33.050000 0.000468
33.100000 0.000499
33.150000 0.000396
33.200000 0.000384
33.250000 0.000240
33.300000 0.000197
33.350000 0.000030
33.400000 -0.000023
33.450000 -0.000194
33.500000 -0.000235
33.550000 -0.000387
33.600000 -0.000398
33.650000 -0.000514
33.700000 -0.000480
33.750000 -0.000551
33.800000 -0.000466
33.850000 -0.000489
33.900000 -0.000358
33.950000 -0.000341
34.000000 -0.000173
34.050000 -0.000132
34.100000 0.000054
34.150000 0.000100
34.200000 0.000282
34.250000 0.000310
34.300000 0.000468
34.350000 0.000460
34.400000 0.000575
34.450000 0.000517
34.500000 0.000583
34.550000 0.000470
34.600000 0.000486
34.650000 0.000325
34.700000 0.000301
34.750000 0.000107
34.800000 0.000064
34.850000 -0.000141
34.900000 -0.000181
34.950000 -0.000374
35.000000 -0.000387
35.050000 -0.000546
35.100000 -0.000514
35.150000 -0.000626
35.200000 -0.000539
35.250000 -0.000597
35.300000 -0.000456
35.350000 -0.000467
35.400000 -0.000281
35.450000 -0.000257
35.500000 -0.000044
35.550000 -0.000007
35.600000 0.000211
35.650000 0.000239
35.700000 0.000440
35.750000 0.000437
35.800000 0.000601
35.850000 0.000551
35.900000 0.000665
35.950000 0.000559
36.000000 0.000619
36.050000 0.000457
36.100000 0.000468
36.150000 0.000261
36.200000 0.000238
36.250000 0.000004
36.300000 -0.000032
36.350000 -0.000269
36.400000 -0.000292
36.450000 -0.000507
36.500000 -0.000493
36.550000 -0.000666
36.600000 -0.000599
36.650000 -0.000716
36.700000 -0.000588
36.750000 -0.000646
36.800000 -0.000461
36.850000 -0.000470
36.900000 -0.000239
36.950000 -0.000217
37.000000 0.000037
37.050000 0.000067
37.100000 0.000318
37.150000 0.000331
37.200000 0.000557
37.250000 0.000530
37.300000 0.000710
37.350000 0.000629
37.400000 0.000753
37.450000 0.000610
37.500000 0.000676
37.550000 0.000476
37.600000 0.000492
37.650000 0.000246
37.700000 0.000230
37.750000 -0.000040
37.800000 -0.000066
37.850000 -0.000336
37.900000 -0.000347
37.950000 -0.000591
38.000000 -0.000562
38.050000 -0.000760
38.100000 -0.000673
38.150000 -0.000811
38.200000 -0.000659
38.250000 -0.000733
38.300000 -0.000518
38.350000 -0.000538
38.400000 -0.000273
38.450000 -0.000257
38.500000 0.000034
38.550000 0.000060
38.600000 0.000351
38.650000 0.000359
38.700000 0.000622
38.750000 0.000588
38.800000 0.000802
38.850000 0.000709
38.900000 0.000861
38.950000 0.000700
39.000000 0.000787
39.050000 0.000563
39.100000 0.000594
39.150000 0.000319
39.200000 0.000313
39.250000 0.000008
39.300000 -0.000012
39.350000 -0.000321
39.400000 -0.000329
39.450000 -0.000615
39.500000 -0.000586
39.550000 -0.000826
39.600000 -0.000739
39.650000 -0.000917
39.700000 -0.000761
39.750000 -0.000872
39.800000 -0.000646
39.850000 -0.000694
39.900000 -0.000409
39.950000 -0.000410
40.000000 -0.000087
40.050000 -0.000065
40.100000 0.000269
40.150000 0.000284
40.200000 0.000599
40.250000 0.000578
40.300000 0.000848
40.350000 0.000769
40.400000 0.000975
40.450000 0.000824
40.500000 0.000958
40.550000 0.000733
40.600000 0.000799
40.650000 0.000510
40.700000 0.000525
40.750000 0.000191
40.800000 0.000177
40.850000 -0.000174
40.900000 -0.000189
40.950000 -0.000530
41.000000 -0.000518
41.050000 -0.000821
41.100000 -0.000757
41.150000 -0.001002
41.200000 -0.000870
41.250000 -0.001043
41.300000 -0.000835
41.350000 -0.000936
41.400000 -0.000656
41.450000 -0.000693
41.500000 -0.000356
41.550000 -0.000351
41.600000 0.000019
41.650000 0.000040
41.700000 0.000413
41.750000 0.000419
41.800000 0.000764
41.850000 0.000726
41.900000 0.001016
41.950000 0.000909
42.000000 0.001127
42.050000 0.000940
42.100000 0.001078
42.150000 0.000811
42.200000 0.000876
42.250000 0.000541
42.300000 0.000551
42.350000 0.000171
42.400000 0.000154
42.450000 -0.000242
42.500000 -0.000257
42.550000 -0.000637
42.600000 -0.000619
42.650000 -0.000956
42.700000 -0.000880
42.750000 -0.001151
42.800000 -0.000999
42.850000 -0.001192
42.900000 -0.000959
42.950000 -0.001073
43.000000 -0.000761
43.050000 -0.000806
43.100000 -0.000431
43.150000 -0.000428
43.200000 -0.000016
43.250000 0.000008
43.300000 0.000426
43.350000 0.000437
43.400000 0.000829
43.450000 0.000796
43.500000 0.001132
43.550000 0.001029
43.600000 0.001287
43.650000 0.001097
43.700000 0.001268
43.750000 0.000987
43.800000 0.001073
43.850000 0.000712
43.900000 0.000729
43.950000 0.000308
44.000000 0.000282
44.050000 -0.000169
44.100000 -0.000206
44.150000 -0.000655
44.200000 -0.000672
44.250000 -0.001088
44.300000 -0.001056
44.350000 -0.001414
44.400000 -0.001312
44.450000 -0.001595
44.500000 -0.001412
44.550000 -0.001616
44.600000 -0.001352
44.650000 -0.001481
44.700000 -0.001146
44.750000 -0.001214
44.800000 -0.000825
44.850000 -0.000852
44.900000 -0.000430
44.950000 -0.000436
