-30.000000 0.000124
-29.950000 0.000134
-29.900000 0.000262
-29.850000 0.000269
-29.800000 0.000385
-29.750000 0.000374
-29.700000 0.000462
-29.650000 0.000419
-29.600000 0.000468
-29.550000 0.000386
-29.500000 0.000394
-29.450000 0.000275
-29.400000 0.000248
-29.350000 0.000103
-29.300000 0.000057
-29.250000 -0.000094
-29.200000 -0.000139
-29.150000 -0.000277
-29.100000 -0.000299
-29.050000 -0.000404
-29.000000 -0.000389
-28.950000 -0.000449
-28.900000 -0.000388
-28.850000 -0.000400
-28.800000 -0.000296
-28.750000 -0.000267
-28.700000 -0.000131
-28.650000 -0.000077
-28.600000 0.000072
-28.550000 0.000129
-28.500000 0.000268
-28.450000 0.000307
-28.400000 0.000416
-28.350000 0.000417
-28.300000 0.000481
-28.250000 0.000435
-28.200000 0.000447
-28.150000 0.000354
-28.100000 0.000321
-28.050000 0.000191
-28.000000 0.000127
-27.950000 -0.000022
-27.900000 -0.000095
-27.850000 -0.000239
-27.800000 -0.000297
-27.750000 -0.000413
-27.700000 -0.000437
-27.650000 -0.000508
-27.600000 -0.000483
-27.550000 -0.000502
-27.500000 -0.000425
-27.450000 -0.000393
-27.400000 -0.000273
-27.350000 -0.000203
-27.300000 -0.000056
-27.250000 0.000031
-27.200000 0.000181
-27.150000 0.000261
-27.100000 0.000389
-27.050000 0.000439
-27.000000 0.000525
-26.950000 0.000527
-26.900000 0.000558
-26.850000 0.000505
-26.800000 0.000480
-26.750000 0.000376
-26.700000 0.000304
-26.650000 0.000164
-26.600000 0.000065
-26.550000 -0.000088
-26.500000 -0.000191
-26.450000 -0.000331
-26.400000 -0.000411
-26.350000 -0.000515
-26.300000 -0.000551
-26.250000 -0.000602
-26.200000 -0.000582
-26.150000 -0.000572
-26.100000 -0.000495
-26.050000 -0.000430
-26.000000 -0.000305
-25.950000 -0.000199
-25.900000 -0.000048
-25.850000 0.000074
-25.800000 0.000227
-25.750000 0.000338
-25.700000 0.000465
-25.650000 0.000540
-25.600000 0.000619
-25.550000 0.000640
-25.500000 0.000656
-25.450000 0.000615
-25.400000 0.000567
-25.350000 0.000468
-25.300000 0.000368
-25.250000 0.000227
-25.200000 0.000094
-25.150000 -0.000065
-25.100000 -0.000204
-25.050000 -0.000353
-25.000000 -0.000470
-24.950000 -0.000581
-24.900000 -0.000651
-24.850000 -0.000704
-24.800000 -0.000712
-24.750000 -0.000697
-24.700000 -0.000639
-24.650000 -0.000559
-24.600000 -0.000443
-24.550000 -0.000312
-24.500000 -0.000158
-24.450000 -0.000000
-24.400000 0.000163
-24.350000 0.000319
-24.300000 0.000462
-24.250000 0.000586
-24.200000 0.000682
-24.150000 0.000750
-24.100000 0.000782
-24.050000 0.000781
-24.000000 0.000740
-23.950000 0.000669
-23.900000 0.000561
-23.850000 0.000433
-23.800000 0.000274
-23.750000 0.000112
-23.700000 -0.000069
-23.650000 -0.000237
-23.600000 -0.000410
-23.550000 -0.000552
-23.500000 -0.000686
-23.450000 -0.000774
-23.400000 -0.000846
-23.350000 -0.000862
-23.300000 -0.000859
-23.250000 -0.000797
-23.200000 -0.000721
-23.150000 -0.000588
-23.100000 -0.000452
-23.050000 -0.000269
-23.000000 -0.000098
-22.950000 0.000106
-22.900000 0.000281
-22.850000 0.000474
-22.800000 0.000618
-22.750000 0.000769
-22.700000 0.000856
-22.650000 0.000940
-22.600000 0.000950
-22.550000 0.000954
-22.500000 0.000881
-22.450000 0.000806
-22.400000 0.000657
-22.350000 0.000517
-22.300000 0.000313
-22.250000 0.000134
-22.200000 -0.000095
-22.150000 -0.000280
-22.100000 -0.000499
-22.050000 -0.000655
-22.000000 -0.000831
-21.950000 -0.000927
-21.900000 -0.001033
-21.850000 -0.001048
-21.800000 -0.001070
-21.750000 -0.000996
-21.700000 -0.000932
-21.650000 -0.000775
-21.600000 -0.000639
-21.550000 -0.000418
-21.500000 -0.000235
-21.450000 0.000019
-21.400000 0.000216
-21.350000 0.000467
-21.300000 0.000641
-21.250000 0.000853
-21.200000 0.000970
-21.150000 0.001113
-21.100000 0.001149
-21.050000 0.001203
-21.000000 0.001144
-20.950000 0.001105
-20.900000 0.000952
-20.850000 0.000830
-20.800000 0.000602
-20.750000 0.000418
-20.700000 0.000143
-20.650000 -0.000067
-20.600000 -0.000352
-20.550000 -0.000551
-20.500000 -0.000808
-20.450000 -0.000959
-20.400000 -0.001153
-20.350000 -0.001225
-20.300000 -0.001331
-20.250000 -0.001305
-20.200000 -0.001311
-20.150000 -0.001183
-20.100000 -0.001091
-20.050000 -0.000872
-20.000000 -0.000702
-19.950000 -0.000415
-19.900000 -0.000197
-19.850000 0.000120
-19.800000 0.000347
-19.750000 0.000654
-19.700000 0.000849
-19.650000 0.001108
-19.600000 0.001234
-19.550000 0.001410
-19.500000 0.001441
-19.450000 0.001515
-19.400000 0.001436
-19.350000 0.001402
-19.300000 0.001215
-19.250000 0.001083
-19.200000 0.000807
-19.150000 0.000600
-19.100000 0.000265
-19.050000 0.000020
-19.000000 -0.000334
-18.950000 -0.000575
-18.900000 -0.000906
-18.850000 -0.001100
-18.800000 -0.001366
-18.750000 -0.001477
-18.700000 -0.001647
-18.650000 -0.001649
-18.600000 -0.001704
-18.550000 -0.001587
-18.500000 -0.001526
-18.450000 -0.001295
-18.400000 -0.001132
-18.350000 -0.000809
-18.300000 -0.000573
-18.250000 -0.000194
-18.200000 0.000077
-18.150000 0.000470
-18.100000 0.000730
-18.050000 0.001092
-18.000000 0.001297
-17.950000 0.001585
-17.900000 0.001698
-17.850000 0.001881
-17.800000 0.001874
-17.750000 0.001933
-17.700000 0.001797
-17.650000 0.001729
-17.600000 0.001471
-17.550000 0.001292
-17.500000 0.000934
-17.450000 0.000674
-17.400000 0.000254
-17.350000 -0.000045
-17.300000 -0.000484
-17.250000 -0.000775
-17.200000 -0.001183
-17.150000 -0.001418
-17.100000 -0.001751
-17.050000 -0.001891
-17.000000 -0.002113
-16.950000 -0.002128
-16.900000 -0.002217
-16.850000 -0.002093
-16.800000 -0.002044
-16.750000 -0.001784
-16.700000 -0.001609
-16.650000 -0.001233
-16.600000 -0.000962
-16.550000 -0.000506
-16.500000 -0.000179
-16.450000 0.000310
-16.400000 0.000644
-16.350000 0.001116
-16.300000 0.001406
-16.250000 0.001811
-16.200000 0.002010
-16.150000 0.002307
-16.100000 0.002380
-16.050000 0.002539
-16.000000 0.002465
-15.950000 0.002474
-15.900000 0.002249
-15.850000 0.002113
-15.800000 0.001750
-15.750000 0.001492
-15.700000 0.001022
-15.650000 0.000679
-15.600000 0.000145
-15.550000 -0.000234
-15.500000 -0.000780
-15.450000 -0.001143
-15.400000 -0.001646
-15.350000 -0.001939
-15.300000 -0.002350
-15.250000 -0.002527
-15.200000 -0.002806
-15.150000 -0.002835
-15.100000 -0.002957
-15.050000 -0.002822
-15.000000 -0.002780
-14.950000 -0.002481
-14.900000 -0.002286
-14.850000 -0.001845
-14.800000 -0.001524
-14.750000 -0.000976
-14.700000 -0.000573
-14.650000 0.000033
-14.600000 0.000465
-14.550000 0.001074
-14.500000 0.001479
-14.450000 0.002034
-14.400000 0.002357
-14.350000 0.002806
-14.300000 0.002999
-14.250000 0.003301
-14.200000 0.003330
-14.150000 0.003460
-14.100000 0.003309
-14.050000 0.003258
-14.000000 0.002929
-13.950000 0.002709
-13.900000 0.002222
-13.850000 0.001863
-13.800000 0.001256
-13.750000 0.000801
-13.700000 0.000123
-13.650000 -0.000373
-13.600000 -0.001064
-13.550000 -0.001541
-13.500000 -0.002184
-13.450000 -0.002583
-13.400000 -0.003122
-13.350000 -0.003390
-13.300000 -0.003777
-13.250000 -0.003875
-13.200000 -0.004079
-13.150000 -0.003981
-13.100000 -0.003987
-13.050000 -0.003689
-13.000000 -0.003502
-12.950000 -0.003020
-12.900000 -0.002663
-12.850000 -0.002029
-12.800000 -0.001544
-12.750000 -0.000806
-12.700000 -0.000245
-12.650000 0.000540
-12.600000 0.001114
-12.550000 0.001882
-12.500000 0.002407
-12.450000 0.003096
-12.400000 0.003510
-12.350000 0.004063
-12.300000 0.004316
-12.250000 0.004689
-12.200000 0.004744
-12.150000 0.004907
-12.100000 0.004744
-12.050000 0.004688
-12.000000 0.004307
-11.950000 0.004042
-11.900000 0.003462
-11.850000 0.003016
-11.800000 0.002275
-11.750000 0.001693
-11.700000 0.000841
-11.650000 0.000181
-11.600000 -0.000719
-11.550000 -0.001393
-11.500000 -0.002274
-11.450000 -0.002895
-11.400000 -0.003691
-11.350000 -0.004194
-11.300000 -0.004844
-11.250000 -0.005174
-11.200000 -0.005629
-11.150000 -0.005745
-11.100000 -0.005971
-11.050000 -0.005847
-11.000000 -0.005831
-10.950000 -0.005463
-10.900000 -0.005208
-10.850000 -0.004611
-10.800000 -0.004143
-10.750000 -0.003350
-10.700000 -0.002711
-10.650000 -0.001772
-10.600000 -0.001017
-10.550000 0.000007
-10.500000 0.000811
-10.450000 0.001851
-10.400000 0.002636
-10.350000 0.003621
-10.300000 0.004315
-10.250000 0.005177
-10.200000 0.005716
-10.150000 0.006396
-10.100000 0.006727
-10.050000 0.007178
-10.000000 0.007261
-9.950000 0.007452
-9.900000 0.007267
-9.850000 0.007189
-9.800000 0.006734
-9.750000 0.006393
-9.700000 0.005685
-9.650000 0.005109
-9.600000 0.004185
-9.550000 0.003416
-9.500000 0.002325
-9.450000 0.001422
-9.400000 0.000229
-9.350000 -0.000742
-9.300000 -0.001967
-9.250000 -0.002931
-9.200000 -0.004113
-9.150000 -0.004996
-9.100000 -0.006060
-9.050000 -0.006792
-9.000000 -0.007674
-8.950000 -0.008193
-8.900000 -0.008837
-8.850000 -0.009095
-8.800000 -0.009462
-8.750000 -0.009429
-8.700000 -0.009496
-8.650000 -0.009158
-8.600000 -0.008922
-8.550000 -0.008285
-8.500000 -0.007761
-8.450000 -0.006850
-8.400000 -0.006071
-8.350000 -0.004926
-8.300000 -0.003942
-8.250000 -0.002620
-8.200000 -0.001492
-8.150000 -0.000061
-8.100000 0.001139
-8.050000 0.002604
-8.000000 0.003799
-7.950000 0.005221
-7.900000 0.006335
-7.850000 0.007638
-7.800000 0.008597
-7.750000 0.009714
-7.700000 0.010454
-7.650000 0.011324
-7.600000 0.011792
-7.550000 0.012369
-7.500000 0.012526
-7.450000 0.012778
-7.400000 0.012600
-7.350000 0.012514
-7.300000 0.011995
-7.250000 0.011571
-7.200000 0.010722
-7.150000 0.009980
-7.100000 0.008829
-7.050000 0.007807
-7.000000 0.006397
-6.950000 0.005144
-6.900000 0.003533
-6.850000 0.002112
-6.800000 0.000367
-6.750000 -0.001151
-6.700000 -0.002955
-6.650000 -0.004494
-6.600000 -0.006281
-6.550000 -0.007763
-6.500000 -0.009454
-6.450000 -0.010801
-6.400000 -0.012322
-6.350000 -0.013465
-6.300000 -0.014748
-6.250000 -0.015621
-6.200000 -0.016608
-6.150000 -0.017160
-6.100000 -0.017805
-6.050000 -0.017997
-6.000000 -0.018270
-5.950000 -0.018080
-5.900000 -0.017965
-5.850000 -0.017386
-5.800000 -0.016885
-5.750000 -0.015926
-5.700000 -0.015055
-5.650000 -0.013740
-5.600000 -0.012531
-5.550000 -0.010897
-5.500000 -0.009392
-5.450000 -0.007489
-5.400000 -0.005745
-5.350000 -0.003632
-5.300000 -0.001712
-5.250000 0.000543
-5.200000 0.002570
-5.150000 0.004895
-5.100000 0.006955
-5.050000 0.009276
-5.000000 0.011295
-4.950000 0.013540
-4.900000 0.015446
-4.850000 0.017545
-4.800000 0.019272
-4.750000 0.021161
-4.700000 0.022648
-4.650000 0.024269
-4.600000 0.025462
-4.550000 0.026766
-4.500000 0.027621
-4.450000 0.028566
-4.400000 0.029046
-4.350000 0.029602
-4.300000 0.029680
-4.250000 0.029826
-4.200000 0.029487
-4.150000 0.029213
-4.100000 0.028452
-4.050000 0.027756
-4.000000 0.026577
-3.950000 0.025470
-3.900000 0.023887
-3.850000 0.022384
-3.800000 0.020418
-3.750000 0.018546
-3.700000 0.016226
-3.650000 0.014016
-3.600000 0.011375
-3.550000 0.008866
-3.500000 0.005946
-3.450000 0.003180
-3.400000 0.000027
-3.350000 -0.002948
-3.300000 -0.006285
-3.250000 -0.009417
-3.200000 -0.012886
-3.150000 -0.016124
-3.100000 -0.019672
-3.050000 -0.022963
-3.000000 -0.026538
-2.950000 -0.029830
-2.900000 -0.033381
-2.850000 -0.036625
-2.800000 -0.040102
-2.750000 -0.043249
-2.700000 -0.046607
-2.650000 -0.049613
-2.600000 -0.052808
-2.550000 -0.055631
-2.500000 -0.058626
-2.450000 -0.061231
-2.400000 -0.063992
-2.350000 -0.066350
-2.300000 -0.068851
-2.250000 -0.070938
-2.200000 -0.073160
-2.150000 -0.074962
-2.100000 -0.076893
-2.050000 -0.078399
-2.000000 -0.080033
-1.950000 -0.081242
-1.900000 -0.082579
-1.850000 -0.083494
-1.800000 -0.084543
-1.750000 -0.085176
-1.700000 -0.085950
-1.650000 -0.086319
-1.600000 -0.086840
-1.550000 -0.086971
-1.500000 -0.087268
-1.450000 -0.087193
-1.400000 -0.087303
-1.350000 -0.087060
-1.300000 -0.087024
-1.250000 -0.086660
-1.200000 -0.086527
-1.150000 -0.086093
-1.100000 -0.085919
-1.050000 -0.085475
-1.000000 -0.085323
-0.950000 -0.084935
-0.900000 -0.084877
-0.850000 -0.084623
-0.800000 -0.084743
-0.750000 -0.084713
-0.700000 -0.085106
-0.650000 -0.085404
-0.600000 -0.086182
-0.550000 -0.086928
-0.500000 -0.088221
-0.450000 -0.089555
-0.400000 -0.091514
-0.350000 -0.093601
-0.300000 -0.096406
-0.250000 -0.099442
-0.200000 -0.103308
-0.150000 -0.107528
-0.100000 -0.112711
-0.050000 -0.118394
0.000000 -0.125202
0.050000 -0.132687
0.100000 -0.141488
0.150000 -0.151175
0.200000 -0.162406
0.250000 -0.174773
0.300000 -0.188953
0.350000 -0.204561
0.400000 -0.222297
0.450000 -0.241800
0.500000 -0.263795
0.550000 -0.287944
0.600000 -0.314994
0.650000 -0.344632
0.700000 -0.377620
0.750000 -0.413662
0.800000 -0.453528
0.850000 -0.496925
0.900000 -0.544613
0.950000 -0.596282
1.000000 -0.652657
1.050000 -0.713375
1.100000 -0.779092
1.150000 -0.849349
1.200000 -0.924678
1.250000 -1.004472
1.300000 -1.089076
1.350000 -1.177672
1.400000 -1.270358
1.450000 -1.366039
1.500000 -1.464511
1.550000 -1.564359
1.600000 -1.665050
1.650000 -1.764849
1.700000 -1.862918
1.750000 -1.957259
1.800000 -2.046829
1.850000 -2.129504
1.900000 -2.204209
1.950000 -2.268901
2.000000 -2.322704
2.050000 -2.363895
2.100000 -2.392032
2.150000 -2.405933
2.200000 -2.405771
2.250000 -2.391031
2.300000 -2.362569
2.350000 -2.320536
2.400000 -2.266403
2.450000 -2.200861
2.500000 -2.125814
2.550000 -2.042275
2.600000 -1.952346
2.650000 -1.857120
2.700000 -1.758666
2.750000 -1.657955
2.800000 -1.556846
2.850000 -1.456051
2.900000 -1.357125
2.950000 -1.260458
3.000000 -1.167276
3.050000 -1.077650
3.100000 -0.992504
3.150000 -0.911632
3.200000 -0.835711
3.250000 -0.764321
3.300000 -0.697954
3.350000 -0.636042
3.400000 -0.578953
3.450000 -0.526026
3.500000 -0.477555
3.550000 -0.432829
3.600000 -0.392108
3.650000 -0.354665
3.700000 -0.320749
3.750000 -0.289636
3.800000 -0.261585
3.850000 -0.235888
3.900000 -0.212820
3.950000 -0.191698
4.000000 -0.172816
4.050000 -0.155518
4.100000 -0.140122
4.150000 -0.125996
4.200000 -0.113480
4.250000 -0.101970
4.300000 -0.091822
4.350000 -0.082455
4.400000 -0.074246
4.450000 -0.066632
4.500000 -0.060004
4.550000 -0.053818
4.600000 -0.048478
4.650000 -0.043454
4.700000 -0.039160
4.750000 -0.035079
4.800000 -0.031632
4.850000 -0.028315
4.900000 -0.025555
4.950000 -0.022855
5.000000 -0.020648
5.050000 -0.018447
5.100000 -0.016686
5.150000 -0.014887
5.200000 -0.013486
5.250000 -0.012011
5.300000 -0.010902
5.350000 -0.009690
5.400000 -0.008815
5.450000 -0.007817
5.500000 -0.007133
5.550000 -0.006307
5.600000 -0.005777
5.650000 -0.005090
5.700000 -0.004684
5.750000 -0.004109
5.800000 -0.003802
5.850000 -0.003316
5.900000 -0.003087
5.950000 -0.002673
6.000000 -0.002507
6.050000 -0.002151
6.100000 -0.002037
6.150000 -0.001728
6.200000 -0.001657
6.250000 -0.001388
6.300000 -0.001350
6.350000 -0.001114
6.400000 -0.001105
6.450000 -0.000895
6.500000 -0.000909
6.550000 -0.000720
6.600000 -0.000750
6.650000 -0.000576
6.700000 -0.000619
6.750000 -0.000458
6.800000 -0.000511
6.850000 -0.000360
6.900000 -0.000421
6.950000 -0.000279
7.000000 -0.000348
7.050000 -0.000215
7.100000 -0.000290
7.150000 -0.000165
7.200000 -0.000247
7.250000 -0.000128
7.300000 -0.000213
7.350000 -0.000098
7.400000 -0.000185
7.450000 -0.000073
7.500000 -0.000161
7.550000 -0.000051
7.600000 -0.000139
7.650000 -0.000030
7.700000 -0.000119
7.750000 -0.000012
7.800000 -0.000102
7.850000 0.000002
7.900000 -0.000090
7.950000 0.000010
8.000000 -0.000083
8.050000 0.000014
8.100000 -0.000080
8.150000 0.000016
8.200000 -0.000077
8.250000 0.000019
8.300000 -0.000073
8.350000 0.000023
8.400000 -0.000067
8.450000 0.000030
8.500000 -0.000059
8.550000 0.000036
8.600000 -0.000052
8.650000 0.000041
8.700000 -0.000049
8.750000 0.000042
8.800000 -0.000049
8.850000 0.000040
8.900000 -0.000051
8.950000 0.000036
9.000000 -0.000054
9.050000 0.000034
9.100000 -0.000054
9.150000 0.000035
9.200000 -0.000051
9.250000 0.000038
9.300000 -0.000045
9.350000 0.000043
9.400000 -0.000040
9.450000 0.000046
9.500000 -0.000038
9.550000 0.000046
9.600000 -0.000039
9.650000 0.000043
9.700000 -0.000042
9.750000 0.000038
9.800000 -0.000046
9.850000 0.000034
9.900000 -0.000048
9.950000 0.000034
10.000000 -0.000046
10.050000 0.000036
10.100000 -0.000041
10.150000 0.000041
10.200000 -0.000036
10.250000 0.000044
10.300000 -0.000033
10.350000 0.000045
10.400000 -0.000033
10.450000 0.000042
10.500000 -0.000037
10.550000 0.000036
10.600000 -0.000042
10.650000 0.000032
10.700000 -0.000044
10.750000 0.000030
10.800000 -0.000043
10.850000 0.000032
10.900000 -0.000038
10.950000 0.000037
11.000000 -0.000033
11.050000 0.000041
11.100000 -0.000029
11.150000 0.000042
11.200000 -0.000029
11.250000 0.000040
11.300000 -0.000032
11.350000 0.000034
11.400000 -0.000037
11.450000 0.000029
11.500000 -0.000040
11.550000 0.000026
11.600000 -0.000040
11.650000 0.000027
11.700000 -0.000037
11.750000 0.000032
11.800000 -0.000031
11.850000 0.000037
11.900000 -0.000026
11.950000 0.000039
12.000000 -0.000024
12.050000 0.000038
12.100000 -0.000027
12.150000 0.000033
12.200000 -0.000032
12.250000 0.000027
12.300000 -0.000036
12.350000 0.000022
12.400000 -0.000038
12.450000 0.000022
12.500000 -0.000035
12.550000 0.000026
12.600000 -0.000029
12.650000 0.000031
12.700000 -0.000023
12.750000 0.000036
12.800000 -0.000020
12.850000 0.000036
12.900000 -0.000021
12.950000 0.000032
13.000000 -0.000026
13.050000 0.000025
13.100000 -0.000031
13.150000 0.000019
13.200000 -0.000034
13.250000 0.000017
13.300000 -0.000033
13.350000 0.000020
13.400000 -0.000028
13.450000 0.000025
13.500000 -0.000021
13.550000 0.000031
13.600000 -0.000016
13.650000 0.000033
13.700000 -0.000015
13.750000 0.000030
13.800000 -0.000019
13.850000 0.000024
13.900000 -0.000025
13.950000 0.000017
14.000000 -0.000030
14.050000 0.000013
14.100000 -0.000031
14.150000 0.000014
14.200000 -0.000027
14.250000 0.000018
14.300000 -0.000020
14.350000 0.000025
14.400000 -0.000014
14.450000 0.000029
14.500000 -0.000010
14.550000 0.000029
14.600000 -0.000012
14.650000 0.000024
14.700000 -0.000018
14.750000 0.000016
14.800000 -0.000024
14.850000 0.000010
14.900000 -0.000028
14.950000 0.000008
15.000000 -0.000027
15.050000 0.000011
15.100000 -0.000021
15.150000 0.000017
15.200000 -0.000013
15.250000 0.000024
15.300000 -0.000007
15.350000 0.000026
15.400000 -0.000006
15.450000 0.000024
15.500000 -0.000010
15.550000 0.000017
15.600000 -0.000017
15.650000 0.000009
15.700000 -0.000023
15.750000 0.000004
15.800000 -0.000025
15.850000 0.000004
15.900000 -0.000021
15.950000 0.000009
16.000000 -0.000013
16.050000 0.000016
16.100000 -0.000005
16.150000 0.000022
16.200000 -0.000001
16.250000 0.000023
16.300000 -0.000002
16.350000 0.000018
16.400000 -0.000008
16.450000 0.000010
16.500000 -0.000016
16.550000 0.000002
16.600000 -0.000021
16.650000 -0.000002
16.700000 -0.000021
16.750000 -0.000000
16.800000 -0.000015
16.850000 0.000007
16.900000 -0.000006
16.950000 0.000015
17.000000 0.000002
17.050000 0.000020
17.100000 0.000005
17.150000 0.000019
17.200000 0.000002
17.250000 0.000012
17.300000 -0.000006
17.350000 0.000003
17.400000 -0.000014
17.450000 -0.000005
17.500000 -0.000018
17.550000 -0.000007
17.600000 -0.000016
17.650000 -0.000004
17.700000 -0.000009
17.750000 0.000005
17.800000 0.000001
17.850000 0.000013
17.900000 0.000008
17.950000 0.000017
18.000000 0.000010
18.050000 0.000014
18.100000 0.000005
18.150000 0.000006
18.200000 -0.000003
18.250000 -0.000004
18.300000 -0.000012
18.350000 -0.000011
18.400000 -0.000015
18.450000 -0.000013
18.500000 -0.000012
18.550000 -0.000007
18.600000 -0.000003
18.650000 0.000002
18.700000 0.000007
18.750000 0.000011
18.800000 0.000014
18.850000 0.000014
18.900000 0.000015
18.950000 0.000010
19.000000 0.000009
19.050000 0.000000
19.100000 -0.000001
19.150000 -0.000010
19.200000 -0.000009
19.250000 -0.000017
19.300000 -0.000012
19.350000 -0.000018
19.400000 -0.000008
19.450000 -0.000011
19.500000 0.000002
19.550000 -0.000001
19.600000 0.000013
19.650000 0.000008
19.700000 0.000020
19.750000 0.000011
19.800000 0.000020
19.850000 0.000006
19.900000 0.000013
19.950000 -0.000005
20.000000 0.000002
20.050000 -0.000016
20.100000 -0.000007
20.150000 -0.000023
20.200000 -0.000009
20.250000 -0.000023
20.300000 -0.000004
20.350000 -0.000016
20.400000 0.000007
20.450000 -0.000004
20.500000 0.000019
20.550000 0.000005
20.600000 0.000026
20.650000 0.000008
20.700000 0.000026
20.750000 0.000002
20.800000 0.000018
20.850000 -0.000009
20.900000 0.000006
20.950000 -0.000021
21.000000 -0.000003
21.050000 -0.000029
21.100000 -0.000006
21.150000 -0.000029
21.200000 -0.000001
21.250000 -0.000021
21.300000 0.000011
21.350000 -0.000009
21.400000 0.000023
21.450000 0.000002
21.500000 0.000032
21.550000 0.000005
21.600000 0.000032
21.650000 0.000000
21.700000 0.000024
21.750000 -0.000012
21.800000 0.000011
21.850000 -0.000025
21.900000 0.000000
21.950000 -0.000035
22.000000 -0.000004
22.050000 -0.000035
22.100000 0.000001
22.150000 -0.000027
22.200000 0.000013
22.250000 -0.000014
22.300000 0.000027
22.350000 -0.000002
22.400000 0.000037
22.450000 0.000003
22.500000 0.000039
22.550000 -0.000001
22.600000 0.000031
22.650000 -0.000013
22.700000 0.000018
22.750000 -0.000028
22.800000 0.000005
22.850000 -0.000039
22.900000 -0.000002
22.950000 -0.000042
23.000000 0.000002
23.050000 -0.000035
23.100000 0.000014
23.150000 -0.000021
23.200000 0.000029
23.250000 -0.000007
23.300000 0.000041
23.350000 0.000000
23.400000 0.000045
23.450000 -0.000002
23.500000 0.000039
23.550000 -0.000013
23.600000 0.000025
23.650000 -0.000029
23.700000 0.000011
23.750000 -0.000043
23.800000 0.000001
23.850000 -0.000049
23.900000 0.000002
23.950000 -0.000043
24.000000 0.000013
24.050000 -0.000030
24.100000 0.000029
24.150000 -0.000014
24.200000 0.000044
24.250000 -0.000003
24.300000 0.000051
24.350000 -0.000002
24.400000 0.000048
24.450000 -0.000011
24.500000 0.000035
24.550000 -0.000028
24.600000 0.000018
24.650000 -0.000044
24.700000 0.000005
24.750000 -0.000054
24.800000 0.000002
24.850000 -0.000053
24.900000 0.000010
24.950000 -0.000041
25.000000 0.000026
25.050000 -0.000024
25.100000 0.000044
25.150000 -0.000008
25.200000 0.000056
25.250000 -0.000002
25.300000 0.000057
25.350000 -0.000008
25.400000 0.000047
25.450000 -0.000024
25.500000 0.000029
25.550000 -0.000043
25.600000 0.000012
25.650000 -0.000057
25.700000 0.000003
25.750000 -0.000061
25.800000 0.000006
25.850000 -0.000053
25.900000 0.000020
25.950000 -0.000036
26.000000 0.000040
26.050000 -0.000017
26.100000 0.000057
26.150000 -0.000005
26.200000 0.000065
26.250000 -0.000005
26.300000 0.000059
26.350000 -0.000017
26.400000 0.000043
26.450000 -0.000037
26.500000 0.000023
26.550000 -0.000056
26.600000 0.000008
26.650000 -0.000067
26.700000 0.000004
26.750000 -0.000065
26.800000 0.000013
26.850000 -0.000051
26.900000 0.000032
26.950000 -0.000031
27.000000 0.000053
27.050000 -0.000012
27.100000 0.000068
27.150000 -0.000004
27.200000 0.000071
27.250000 -0.000009
27.300000 0.000060
27.350000 -0.000026
27.400000 0.000039
27.450000 -0.000049
27.500000 0.000018
27.550000 -0.000068
27.600000 0.000005
27.650000 -0.000075
27.700000 0.000006
27.750000 -0.000068
27.800000 0.000020
27.850000 -0.000049
27.900000 0.000043
27.950000 -0.000026
28.000000 0.000065
28.050000 -0.000009
28.100000 0.000077
28.150000 -0.000004
28.200000 0.000075
28.250000 -0.000014
28.300000 0.000060
28.350000 -0.000035
28.400000 0.000036
28.450000 -0.000060
28.500000 0.000014
28.550000 -0.000077
28.600000 0.000003
28.650000 -0.000082
28.700000 0.000008
28.750000 -0.000070
28.800000 0.000026
28.850000 -0.000048
28.900000 0.000052
28.950000 -0.000023
29.000000 0.000075
29.050000 -0.000006
29.100000 0.000085
29.150000 -0.000004
29.200000 0.000080
29.250000 -0.000017
29.300000 0.000060
29.350000 -0.000042
29.400000 0.000034
29.450000 -0.000068
29.500000 0.000012
29.550000 -0.000086
29.600000 0.000002
29.650000 -0.000088
29.700000 0.000009
29.750000 -0.000074
29.800000 0.000031
29.850000 -0.000048
29.900000 0.000059
29.950000 -0.000021
30.000000 0.000083
30.050000 -0.000004
30.100000 0.000093
30.150000 -0.000003
30.200000 0.000086
30.250000 -0.000019
30.300000 0.000063
30.350000 -0.000046
30.400000 0.000034
30.450000 -0.000075
30.500000 0.000010
30.550000 -0.000094
30.600000 -0.000000
30.650000 -0.000096
30.700000 0.000008
30.750000 -0.000079
30.800000 0.000032
30.850000 -0.000051
30.900000 0.000063
30.950000 -0.000021
31.000000 0.000089
31.050000 -0.000002
31.100000 0.000101
31.150000 0.000000
31.200000 0.000094
31.250000 -0.000017
31.300000 0.000070
31.350000 -0.000047
31.400000 0.000038
31.450000 -0.000079
31.500000 0.000010
31.550000 -0.000101
31.600000 -0.000003
31.650000 -0.000104
31.700000 0.000004
31.750000 -0.000088
31.800000 0.000029
31.850000 -0.000058
31.900000 0.000062
31.950000 -0.000025
32.000000 0.000093
32.050000 -0.000001
32.100000 0.000109
32.150000 0.000005
32.200000 0.000104
32.250000 -0.000011
32.300000 0.000080
32.350000 -0.000042
32.400000 0.000045
32.450000 -0.000078
32.500000 0.000012
32.550000 -0.000105
32.600000 -0.000006
32.650000 -0.000114
32.700000 -0.000003
32.750000 -0.000100
32.800000 0.000020
32.850000 -0.000070
32.900000 0.000056
32.950000 -0.000032
33.000000 0.000092
33.050000 -0.000002
33.100000 0.000115
33.150000 0.000010
33.200000 0.000116
33.250000 -0.000001
33.300000 0.000095
33.350000 -0.000031
33.400000 0.000059
33.450000 -0.000070
33.500000 0.000020
33.550000 -0.000105
33.600000 -0.000007
33.650000 -0.000122
33.700000 -0.000012
33.750000 -0.000116
33.800000 0.000006
33.850000 -0.000088
33.900000 0.000042
33.950000 -0.000047
34.000000 0.000084
34.050000 -0.000009
34.100000 0.000116
34.150000 0.000014
34.200000 0.000128
34.250000 0.000012
34.300000 0.000114
34.350000 -0.000013
34.400000 0.000080
34.450000 -0.000054
34.500000 0.000036
34.550000 -0.000096
34.600000 -0.000001
34.650000 -0.000126
34.700000 -0.000019
34.750000 -0.000132
34.800000 -0.000012
34.850000 -0.000112
34.900000 0.000020
34.950000 -0.000072
35.000000 0.000065
35.050000 -0.000026
35.100000 0.000108
35.150000 0.000010
35.200000 0.000134
35.250000 0.000024
35.300000 0.000135
35.350000 0.000010
35.400000 0.000108
35.450000 -0.000027
35.500000 0.000064
35.550000 -0.000075
35.600000 0.000017
35.650000 -0.000118
35.700000 -0.000018
35.750000 -0.000142
35.800000 -0.000028
35.850000 -0.000137
35.900000 -0.000009
35.950000 -0.000106
36.000000 0.000032
36.050000 -0.000057
36.100000 0.000084
36.150000 -0.000008
36.200000 0.000127
36.250000 0.000026
36.300000 0.000149
36.350000 0.000032
36.400000 0.000140
36.450000 0.000009
36.500000 0.000104
36.550000 -0.000037
36.600000 0.000051
36.650000 -0.000091
36.700000 0.000000
36.750000 -0.000135
36.800000 -0.000033
36.850000 -0.000155
36.900000 -0.000037
36.950000 -0.000143
37.000000 -0.000010
37.050000 -0.000103
37.100000 0.000040
37.150000 -0.000047
37.200000 0.000097
37.250000 0.000006
37.300000 0.000143
37.350000 0.000040
37.400000 0.000162
37.450000 0.000042
37.500000 0.000147
37.550000 0.000012
37.600000 0.000104
37.650000 -0.000041
37.700000 0.000045
37.750000 -0.000101
37.800000 -0.000011
37.850000 -0.000149
37.900000 -0.000046
37.950000 -0.000168
38.000000 -0.000049
38.050000 -0.000153
38.100000 -0.000017
38.150000 -0.000107
38.200000 0.000040
38.250000 -0.000045
38.300000 0.000103
38.350000 0.000015
38.400000 0.000154
38.450000 0.000053
38.500000 0.000176
38.550000 0.000056
38.600000 0.000161
38.650000 0.000024
38.700000 0.000113
38.750000 -0.000035
38.800000 0.000048
38.850000 -0.000102
38.900000 -0.000016
38.950000 -0.000157
39.000000 -0.000058
39.050000 -0.000183
39.100000 -0.000065
39.150000 -0.000170
39.200000 -0.000034
39.250000 -0.000123
39.300000 0.000026
39.350000 -0.000054
39.400000 0.000098
39.450000 0.000015
39.500000 0.000159
39.550000 0.000063
39.600000 0.000190
39.650000 0.000076
39.700000 0.000182
39.750000 0.000047
39.800000 0.000136
39.850000 -0.000013
39.900000 0.000065
39.950000 -0.000089
40.000000 -0.000010
40.050000 -0.000157
40.100000 -0.000066
40.150000 -0.000196
40.200000 -0.000086
40.250000 -0.000195
40.300000 -0.000063
40.350000 -0.000152
40.400000 -0.000004
40.450000 -0.000080
40.500000 0.000075
40.550000 0.000000
40.600000 0.000150
40.650000 0.000065
40.700000 0.000200
40.750000 0.000096
40.800000 0.000208
40.850000 0.000082
40.900000 0.000172
40.950000 0.000027
41.000000 0.000101
41.050000 -0.000054
41.100000 0.000016
41.150000 -0.000138
41.200000 -0.000060
41.250000 -0.000199
41.300000 -0.000103
41.350000 -0.000221
41.400000 -0.000101
41.450000 -0.000195
41.500000 -0.000054
41.550000 -0.000128
41.600000 0.000027
41.650000 -0.000039
41.700000 0.000117
41.750000 0.000047
41.800000 0.000193
41.850000 0.000106
41.900000 0.000230
41.950000 0.000120
42.000000 0.000219
42.050000 0.000084
42.100000 0.000160
42.150000 0.000008
42.200000 0.000071
42.250000 -0.000088
42.300000 -0.000025
42.350000 -0.000177
42.400000 -0.000101
42.450000 -0.000233
42.500000 -0.000135
42.550000 -0.000241
42.600000 -0.000116
42.650000 -0.000197
42.700000 -0.000050
42.750000 -0.000112
42.800000 0.000047
42.850000 -0.000009
42.900000 0.000148
42.950000 0.000084
43.000000 0.000226
43.050000 0.000141
43.100000 0.000257
43.150000 0.000146
43.200000 0.000234
43.250000 0.000096
43.300000 0.000160
43.350000 0.000004
43.400000 0.000055
43.450000 -0.000106
43.500000 -0.000053
43.550000 -0.000204
43.600000 -0.000135
43.650000 -0.000263
43.700000 -0.000168
43.750000 -0.000267
43.800000 -0.000143
43.850000 -0.000214
43.900000 -0.000066
43.950000 -0.000116
44.000000 0.000044
44.050000 -0.000000
44.100000 0.000158
44.150000 0.000103
44.200000 0.000244
44.250000 0.000167
44.300000 0.000279
44.350000 0.000172
44.400000 0.000253
44.450000 0.000117
44.500000 0.000172
44.550000 0.000017
44.600000 0.000060
44.650000 -0.000098
44.700000 -0.000050
44.750000 -0.000192
44.800000 -0.000119
44.850000 -0.000225
44.900000 -0.000111
44.950000 -0.000168
