-30.000000 -0.000932
-29.950000 -0.000600
-29.900000 -0.001221
-29.850000 -0.000598
-29.800000 -0.000967
-29.750000 -0.000126
-29.700000 -0.000329
-29.650000 0.000633
-29.600000 0.000495
-29.550000 0.001476
-29.500000 0.001302
-29.450000 0.002206
-29.400000 0.001910
-29.350000 0.002663
-29.300000 0.002184
-29.250000 0.002743
-29.200000 0.002057
-29.150000 0.002416
-29.100000 0.001534
-29.050000 0.001722
-29.000000 0.000692
-28.950000 0.000769
-28.900000 -0.000338
-28.850000 -0.000289
-28.800000 -0.001385
-28.750000 -0.001276
-28.700000 -0.002275
-28.650000 -0.002025
-28.600000 -0.002854
-28.550000 -0.002402
-28.500000 -0.003016
-28.450000 -0.002336
-28.400000 -0.002728
-28.350000 -0.001830
-28.300000 -0.002028
-28.250000 -0.000961
-28.200000 -0.001029
-28.150000 0.000133
-28.100000 0.000108
-28.050000 0.001272
-28.000000 0.001198
-27.950000 0.002273
-27.900000 0.002063
-27.850000 0.002970
-27.800000 0.002559
-27.750000 0.003248
-27.700000 0.002602
-27.650000 0.003057
-27.600000 0.002177
-27.550000 0.002419
-27.500000 0.001344
-27.450000 0.001427
-27.400000 0.000228
-27.350000 0.000234
-27.300000 -0.000999
-27.250000 -0.000974
-27.200000 -0.002144
-27.150000 -0.002004
-27.100000 -0.003021
-27.050000 -0.002686
-27.000000 -0.003485
-26.950000 -0.002907
-26.900000 -0.003455
-26.850000 -0.002621
-26.800000 -0.002928
-26.750000 -0.001868
-26.700000 -0.001980
-26.650000 -0.000758
-26.600000 -0.000755
-26.550000 0.000540
-26.500000 0.000560
-26.450000 0.001827
-26.400000 0.001765
-26.350000 0.002906
-26.300000 0.002673
-26.250000 0.003611
-26.200000 0.003142
-26.150000 0.003829
-26.100000 0.003093
-26.050000 0.003518
-26.000000 0.002524
-25.950000 0.002714
-25.900000 0.001510
-25.850000 0.001530
-25.800000 0.000195
-25.750000 0.000136
-25.700000 -0.001229
-25.650000 -0.001260
-25.600000 -0.002548
-25.550000 -0.002448
-25.500000 -0.003562
-25.450000 -0.003244
-25.400000 -0.004112
-25.350000 -0.003522
-25.300000 -0.004110
-25.250000 -0.003233
-25.200000 -0.003549
-25.150000 -0.002414
-25.100000 -0.002503
-25.050000 -0.001176
-25.000000 -0.001121
-24.950000 0.000306
-24.900000 0.000403
-24.850000 0.001821
-24.800000 0.001852
-24.750000 0.003154
-24.700000 0.003016
-24.650000 0.004111
-24.600000 0.003725
-24.550000 0.004548
-24.500000 0.003868
-24.450000 0.004393
-24.400000 0.003413
-24.350000 0.003654
-24.300000 0.002411
-24.250000 0.002426
-24.200000 0.000995
-24.150000 0.000874
-24.100000 -0.000643
-24.050000 -0.000788
-24.000000 -0.002272
-23.950000 -0.002324
-23.900000 -0.003664
-23.850000 -0.003517
-23.800000 -0.004619
-23.750000 -0.004196
-23.700000 -0.005000
-23.650000 -0.004260
-23.600000 -0.004746
-23.550000 -0.003692
-23.500000 -0.003884
-23.450000 -0.002560
-23.400000 -0.002522
-23.350000 -0.001007
-23.300000 -0.000834
-23.250000 0.000763
-23.200000 0.000957
-23.150000 0.002519
-23.100000 0.002614
-23.050000 0.004023
-23.000000 0.003910
-22.950000 0.005069
-22.900000 0.004664
-22.850000 0.005506
-22.800000 0.004764
-22.750000 0.005264
-22.700000 0.004182
-22.650000 0.004363
-22.600000 0.002986
-22.550000 0.002912
-22.500000 0.001323
-22.450000 0.001094
-22.400000 -0.000595
-22.350000 -0.000858
-22.300000 -0.002520
-22.250000 -0.002691
-22.200000 -0.004205
-22.150000 -0.004168
-22.100000 -0.005429
-22.050000 -0.005096
-22.000000 -0.006031
-21.950000 -0.005346
-21.900000 -0.005922
-21.850000 -0.004875
-21.800000 -0.005103
-21.750000 -0.003728
-21.700000 -0.003664
-21.650000 -0.002035
-21.600000 -0.001772
-21.550000 0.000001
-21.500000 0.000343
-21.450000 0.002131
-21.400000 0.002419
-21.350000 0.004089
-21.300000 0.004193
-21.250000 0.005626
-21.200000 0.005439
-21.150000 0.006543
-21.100000 0.005994
-21.050000 0.006719
-21.000000 0.005780
-20.950000 0.006122
-20.900000 0.004812
-20.850000 0.004813
-20.800000 0.003197
-20.750000 0.002940
-20.700000 0.001117
-20.650000 0.000716
-20.600000 -0.001188
-20.550000 -0.001600
-20.500000 -0.003450
-20.450000 -0.003737
-20.400000 -0.005401
-20.350000 -0.005439
-20.300000 -0.006803
-20.250000 -0.006494
-20.200000 -0.007479
-20.150000 -0.006765
-20.100000 -0.007334
-20.050000 -0.006201
-20.000000 -0.006367
-19.950000 -0.004854
-19.900000 -0.004678
-19.850000 -0.002866
-19.800000 -0.002451
-19.750000 -0.000460
-19.700000 0.000063
-19.650000 0.002093
-19.600000 0.002581
-19.550000 0.004506
-19.500000 0.004817
-19.450000 0.006503
-19.400000 0.006516
-19.350000 0.007858
-19.300000 0.007483
-19.250000 0.008408
-19.200000 0.007596
-19.150000 0.008081
-19.100000 0.006829
-19.050000 0.006893
-19.000000 0.005246
-18.950000 0.004956
-18.900000 0.003003
-18.850000 0.002467
-18.800000 0.000331
-18.750000 -0.000314
-18.700000 -0.002486
-18.650000 -0.003088
-18.600000 -0.005142
-18.550000 -0.005551
-18.500000 -0.007346
-18.450000 -0.007431
-18.400000 -0.008850
-18.350000 -0.008514
-18.300000 -0.009482
-18.250000 -0.008673
-18.200000 -0.009163
-18.150000 -0.007879
-18.100000 -0.007913
-18.050000 -0.006200
-18.000000 -0.005847
-17.950000 -0.003796
-17.900000 -0.003166
-17.850000 -0.000901
-17.800000 -0.000132
-17.750000 0.002198
-17.700000 0.002952
-17.650000 0.005189
-17.600000 0.005772
-17.550000 0.007767
-17.500000 0.008037
-17.450000 0.009661
-17.400000 0.009506
-17.350000 0.010664
-17.300000 0.010012
-17.250000 0.010658
-17.200000 0.009487
-17.150000 0.009624
-17.100000 0.007965
-17.050000 0.007650
-17.000000 0.005581
-16.950000 0.004913
-16.900000 0.002555
-16.850000 0.001671
-16.800000 -0.000829
-16.750000 -0.001774
-16.700000 -0.004253
-16.650000 -0.005093
-16.600000 -0.007390
-16.550000 -0.007970
-16.500000 -0.009938
-16.450000 -0.010124
-16.400000 -0.011644
-16.350000 -0.011336
-16.300000 -0.012329
-16.250000 -0.011470
-16.200000 -0.011905
-16.150000 -0.010490
-16.100000 -0.010387
-16.050000 -0.008463
-16.000000 -0.007896
-15.950000 -0.005560
-15.900000 -0.004646
-15.850000 -0.002034
-15.800000 -0.000925
-15.750000 0.001799
-15.700000 0.002933
-15.650000 0.005595
-15.600000 0.006581
-15.550000 0.009014
-15.500000 0.009691
-15.450000 0.011746
-15.400000 0.011982
-15.350000 0.013543
-15.300000 0.013241
-15.250000 0.014234
-15.200000 0.013341
-15.150000 0.013736
-15.100000 0.012249
-15.050000 0.012068
-15.000000 0.010033
-14.950000 0.009345
-14.900000 0.006855
-14.850000 0.005777
-14.800000 0.002967
-14.750000 0.001649
-14.700000 -0.001314
-14.650000 -0.002696
-14.600000 -0.005633
-14.550000 -0.006895
-14.500000 -0.009623
-14.450000 -0.010589
-14.400000 -0.012943
-14.350000 -0.013462
-14.300000 -0.015306
-14.250000 -0.015264
-14.200000 -0.016505
-14.150000 -0.015829
-14.100000 -0.016421
-14.050000 -0.015093
-14.000000 -0.015041
-13.950000 -0.013090
-13.900000 -0.012450
-13.850000 -0.009954
-13.800000 -0.008827
-13.750000 -0.005911
-13.700000 -0.004438
-13.650000 -0.001257
-13.600000 0.000391
-13.550000 0.003654
-13.500000 0.005291
-13.450000 0.008447
-13.400000 0.009882
-13.350000 0.012747
-13.300000 0.013805
-13.250000 0.016216
-13.200000 0.016751
-13.150000 0.018580
-13.100000 0.018483
-13.050000 0.019644
-13.000000 0.018855
-12.950000 0.019312
-12.900000 0.017819
-12.850000 0.017584
-12.800000 0.015424
-12.750000 0.014559
-12.700000 0.011816
-12.650000 0.010425
-12.600000 0.007224
-12.550000 0.005451
-12.500000 0.001951
-12.450000 -0.000033
-12.400000 -0.003650
-12.350000 -0.005652
-12.300000 -0.009187
-12.250000 -0.011011
-12.200000 -0.014270
-12.150000 -0.015724
-12.100000 -0.018528
-12.050000 -0.019448
-12.000000 -0.021647
-11.950000 -0.021903
-11.900000 -0.023389
-11.850000 -0.022898
-11.800000 -0.023613
-11.750000 -0.022341
-11.700000 -0.022280
-11.650000 -0.020247
-11.600000 -0.019453
-11.550000 -0.016728
-11.500000 -0.015292
-11.450000 -0.011988
-11.400000 -0.010042
-11.350000 -0.006308
-11.300000 -0.004018
-11.250000 -0.000033
-11.200000 0.002413
-11.150000 0.006455
-11.100000 0.008856
-11.050000 0.012751
-11.000000 0.014907
-10.950000 0.018460
-10.900000 0.020183
-10.850000 0.023218
-10.800000 0.024347
-10.750000 0.026718
-10.700000 0.027128
-10.650000 0.028732
-10.600000 0.028340
-10.550000 0.029119
-10.500000 0.027889
-10.450000 0.027828
-10.400000 0.025772
-10.350000 0.024906
-10.300000 0.022078
-10.250000 0.020483
-10.200000 0.016981
-10.150000 0.014773
-10.100000 0.010731
-10.050000 0.008062
-10.000000 0.003647
-9.950000 0.000697
-9.900000 -0.003899
-9.850000 -0.006929
-9.800000 -0.011500
-9.750000 -0.014399
-9.700000 -0.018733
-9.650000 -0.021295
-9.600000 -0.025191
-9.550000 -0.027224
-9.500000 -0.030503
-9.450000 -0.031843
-9.400000 -0.034360
-9.350000 -0.034881
-9.300000 -0.036531
-9.250000 -0.036151
-9.200000 -0.036875
-9.150000 -0.035557
-9.100000 -0.035341
-9.050000 -0.033096
-9.000000 -0.031974
-8.950000 -0.028858
-8.900000 -0.026908
-8.850000 -0.023019
-8.800000 -0.020358
-8.750000 -0.015835
-8.700000 -0.012619
-8.650000 -0.007630
-8.600000 -0.004042
-8.550000 0.001218
-8.500000 0.004977
-8.450000 0.010301
-8.400000 0.014021
-8.350000 0.019200
-8.300000 0.022676
-8.250000 0.027511
-8.200000 0.030551
-8.150000 0.034861
-8.100000 0.037296
-8.050000 0.040925
-8.000000 0.042613
-7.950000 0.045434
-7.900000 0.046264
-7.850000 0.048180
-7.800000 0.048072
-7.750000 0.049020
-7.700000 0.047927
-7.650000 0.047878
-7.600000 0.045790
-7.550000 0.044753
-7.500000 0.041696
-7.450000 0.039717
-7.400000 0.035757
-7.350000 0.032920
-7.300000 0.028159
-7.250000 0.024582
-7.200000 0.019155
-7.150000 0.014987
-7.100000 0.009056
-7.050000 0.004471
-7.000000 -0.001783
-6.950000 -0.006598
-6.900000 -0.012981
-6.850000 -0.017827
-6.800000 -0.024138
-6.750000 -0.028813
-6.700000 -0.034852
-6.650000 -0.039158
-6.600000 -0.044728
-6.550000 -0.048473
-6.500000 -0.053389
-6.450000 -0.056397
-6.400000 -0.060493
-6.350000 -0.062609
-6.300000 -0.065745
-6.250000 -0.066846
-6.200000 -0.068916
-6.150000 -0.068916
-6.100000 -0.069854
-6.050000 -0.068707
-6.000000 -0.068490
-5.950000 -0.066194
-5.900000 -0.064839
-5.850000 -0.061432
-5.800000 -0.058994
-5.750000 -0.054547
-5.700000 -0.051115
-5.650000 -0.045730
-5.600000 -0.041417
-5.550000 -0.035219
-5.500000 -0.030161
-5.450000 -0.023295
-5.400000 -0.017646
-5.350000 -0.010272
-5.300000 -0.004196
-5.250000 0.003516
-5.200000 0.009845
-5.150000 0.017719
-5.100000 0.024127
-5.050000 0.031991
-5.000000 0.038308
-4.950000 0.045998
-4.900000 0.052066
-4.850000 0.059432
-4.800000 0.065110
-4.750000 0.072018
-4.700000 0.077183
-4.650000 0.083520
-4.600000 0.088066
-4.550000 0.093734
-4.500000 0.097570
-4.450000 0.102487
-4.400000 0.105537
-4.350000 0.109631
-4.300000 0.111831
-4.250000 0.115043
-4.200000 0.116338
-4.150000 0.118619
-4.100000 0.118968
-4.050000 0.120285
-4.000000 0.119658
-3.950000 0.119986
-3.900000 0.118368
-3.850000 0.117698
-3.800000 0.115082
-3.750000 0.113410
-3.700000 0.109797
-3.650000 0.107129
-3.600000 0.102525
-3.550000 0.098865
-3.500000 0.093278
-3.450000 0.088636
-3.400000 0.082074
-3.350000 0.076460
-3.300000 0.068935
-3.250000 0.062362
-3.200000 0.053892
-3.150000 0.046383
-3.100000 0.036994
-3.050000 0.028579
-3.000000 0.018307
-2.950000 0.009028
-2.900000 -0.002080
-2.850000 -0.012172
-2.800000 -0.024061
-2.750000 -0.034905
-2.700000 -0.047510
-2.650000 -0.059038
-2.600000 -0.072286
-2.550000 -0.084419
-2.500000 -0.098226
-2.450000 -0.110875
-2.400000 -0.125143
-2.350000 -0.138201
-2.300000 -0.152815
-2.250000 -0.166158
-2.200000 -0.180984
-2.150000 -0.194467
-2.100000 -0.209350
-2.050000 -0.222810
-2.000000 -0.237579
-1.950000 -0.250839
-1.900000 -0.265311
-1.850000 -0.278184
-1.800000 -0.292171
-1.750000 -0.304467
-1.700000 -0.317778
-1.650000 -0.329307
-1.600000 -0.341755
-1.550000 -0.352334
-1.500000 -0.363739
-1.450000 -0.373191
-1.400000 -0.383381
-1.350000 -0.391544
-1.300000 -0.400365
-1.250000 -0.407092
-1.200000 -0.414411
-1.150000 -0.419583
-1.100000 -0.425296
-1.050000 -0.428826
-1.000000 -0.432865
-0.950000 -0.434708
-0.900000 -0.437048
-0.850000 -0.437198
-0.800000 -0.437856
-0.750000 -0.436352
-0.700000 -0.435384
-0.650000 -0.432302
-0.600000 -0.429802
-0.550000 -0.425247
-0.500000 -0.421334
-0.450000 -0.415438
-0.400000 -0.410253
-0.350000 -0.403166
-0.300000 -0.396865
-0.250000 -0.388751
-0.200000 -0.381504
-0.150000 -0.372536
-0.100000 -0.364522
-0.050000 -0.354882
0.000000 -0.346282
0.050000 -0.336149
0.100000 -0.327143
0.150000 -0.316696
0.200000 -0.307454
0.250000 -0.296856
0.300000 -0.287535
0.350000 -0.276932
0.400000 -0.267667
0.450000 -0.257184
0.500000 -0.248089
0.550000 -0.237829
0.600000 -0.228997
0.650000 -0.219044
0.700000 -0.210551
0.750000 -0.200975
0.800000 -0.192883
0.850000 -0.183739
0.900000 -0.176100
0.950000 -0.167436
1.000000 -0.160291
1.050000 -0.152143
1.100000 -0.145525
1.150000 -0.137920
1.200000 -0.131849
1.250000 -0.124801
1.300000 -0.119286
1.350000 -0.112801
1.400000 -0.107845
1.450000 -0.101923
1.500000 -0.097524
1.550000 -0.092162
1.600000 -0.088321
1.650000 -0.083525
1.700000 -0.080251
1.750000 -0.076035
1.800000 -0.073349
1.850000 -0.069744
1.900000 -0.067684
1.950000 -0.064737
2.000000 -0.063361
2.050000 -0.061138
2.100000 -0.060526
2.150000 -0.059121
2.200000 -0.059380
2.250000 -0.058920
2.300000 -0.060197
2.350000 -0.060852
2.400000 -0.063349
2.450000 -0.065356
2.500000 -0.069349
2.550000 -0.073029
2.600000 -0.078893
2.650000 -0.084682
2.700000 -0.092919
2.750000 -0.101397
2.800000 -0.112672
2.850000 -0.124597
2.900000 -0.139772
2.950000 -0.156125
3.000000 -0.176312
3.050000 -0.198344
3.100000 -0.224951
3.150000 -0.254241
3.200000 -0.289029
3.250000 -0.327535
3.300000 -0.372668
3.350000 -0.422766
3.400000 -0.480832
3.450000 -0.545312
3.500000 -0.619282
3.550000 -0.701257
3.600000 -0.794333
3.650000 -0.897011
3.700000 -1.012291
3.750000 -1.138518
3.800000 -1.278403
3.850000 -1.429903
3.900000 -1.595171
3.950000 -1.771459
4.000000 -1.960020
4.050000 -2.157048
4.100000 -2.362557
4.150000 -2.571397
4.200000 -2.782157
4.250000 -2.988305
4.300000 -3.187171
4.350000 -3.371254
4.400000 -3.537302
4.450000 -3.677788
4.500000 -3.790042
4.550000 -3.867809
4.600000 -3.910309
4.650000 -3.913736
4.700000 -3.880105
4.750000 -3.808571
4.800000 -3.703991
4.850000 -3.568064
4.900000 -3.407661
4.950000 -3.225894
5.000000 -3.030352
5.050000 -2.824250
5.100000 -2.614699
5.150000 -2.404021
5.200000 -2.198111
5.250000 -1.997934
5.300000 -1.807954
5.350000 -1.627780
5.400000 -1.460602
5.450000 -1.304939
5.500000 -1.163041
5.550000 -1.032688
5.600000 -0.915534
5.650000 -0.808940
5.700000 -0.714248
5.750000 -0.628640
5.800000 -0.553341
5.850000 -0.485512
5.900000 -0.426381
5.950000 -0.373176
6.000000 -0.327191
6.050000 -0.285762
6.100000 -0.250276
6.150000 -0.218186
6.200000 -0.190976
6.250000 -0.166213
6.300000 -0.145466
6.350000 -0.126404
6.400000 -0.110667
6.450000 -0.096014
6.500000 -0.084139
6.550000 -0.072875
6.600000 -0.063960
6.650000 -0.055288
6.700000 -0.048630
6.750000 -0.041931
6.800000 -0.036984
6.850000 -0.031781
6.900000 -0.028129
6.950000 -0.024058
7.000000 -0.021387
7.050000 -0.018176
7.100000 -0.016251
7.150000 -0.013698
7.200000 -0.012344
7.250000 -0.010300
7.300000 -0.009386
7.350000 -0.007736
7.400000 -0.007163
7.450000 -0.005816
7.500000 -0.005501
7.550000 -0.004384
7.600000 -0.004261
7.650000 -0.003313
7.700000 -0.003327
7.750000 -0.002499
7.800000 -0.002608
7.850000 -0.001865
7.900000 -0.002039
7.950000 -0.001359
8.000000 -0.001582
8.050000 -0.000953
8.100000 -0.001218
8.150000 -0.000635
8.200000 -0.000939
8.250000 -0.000401
8.300000 -0.000742
8.350000 -0.000244
8.400000 -0.000616
8.450000 -0.000152
8.500000 -0.000545
8.550000 -0.000103
8.600000 -0.000504
8.650000 -0.000071
8.700000 -0.000470
8.750000 -0.000036
8.800000 -0.000424
8.850000 0.000015
8.900000 -0.000362
8.950000 0.000080
9.000000 -0.000290
9.050000 0.000147
9.100000 -0.000226
9.150000 0.000199
9.200000 -0.000184
9.250000 0.000221
9.300000 -0.000175
9.350000 0.000211
9.400000 -0.000195
9.450000 0.000177
9.500000 -0.000232
9.550000 0.000136
9.600000 -0.000265
9.650000 0.000109
9.700000 -0.000277
9.750000 0.000107
9.800000 -0.000260
9.850000 0.000134
9.900000 -0.000219
9.950000 0.000180
10.000000 -0.000168
10.050000 0.000225
10.100000 -0.000127
10.150000 0.000251
10.200000 -0.000111
10.250000 0.000247
10.300000 -0.000127
10.350000 0.000214
10.400000 -0.000168
10.450000 0.000165
10.500000 -0.000215
10.550000 0.000119
10.600000 -0.000248
10.650000 0.000096
10.700000 -0.000252
10.750000 0.000104
10.800000 -0.000224
10.850000 0.000141
10.900000 -0.000175
10.950000 0.000191
11.000000 -0.000124
11.050000 0.000232
11.100000 -0.000091
11.150000 0.000247
11.200000 -0.000089
11.250000 0.000229
11.300000 -0.000118
11.350000 0.000184
11.400000 -0.000167
11.450000 0.000130
11.500000 -0.000215
11.550000 0.000087
11.600000 -0.000241
11.650000 0.000074
11.700000 -0.000234
11.750000 0.000094
11.800000 -0.000195
11.850000 0.000140
11.900000 -0.000140
11.950000 0.000192
12.000000 -0.000089
12.050000 0.000230
12.100000 -0.000063
12.150000 0.000235
12.200000 -0.000072
12.250000 0.000206
12.300000 -0.000112
12.350000 0.000152
12.400000 -0.000167
12.450000 0.000095
12.500000 -0.000214
12.550000 0.000057
12.600000 -0.000232
12.650000 0.000053
12.700000 -0.000215
12.750000 0.000083
12.800000 -0.000167
12.850000 0.000137
12.900000 -0.000107
12.950000 0.000191
13.000000 -0.000057
13.050000 0.000224
13.100000 -0.000038
13.150000 0.000221
13.200000 -0.000056
13.250000 0.000183
13.300000 -0.000104
13.350000 0.000123
13.400000 -0.000163
13.450000 0.000064
13.500000 -0.000209
13.550000 0.000029
13.600000 -0.000223
13.650000 0.000031
13.700000 -0.000197
13.750000 0.000070
13.800000 -0.000142
13.850000 0.000130
13.900000 -0.000077
13.950000 0.000187
14.000000 -0.000028
14.050000 0.000217
14.100000 -0.000013
14.150000 0.000208
14.200000 -0.000038
14.250000 0.000162
14.300000 -0.000093
14.350000 0.000096
14.400000 -0.000156
14.450000 0.000035
14.500000 -0.000202
14.550000 0.000002
14.600000 -0.000212
14.650000 0.000009
14.700000 -0.000181
14.750000 0.000054
14.800000 -0.000120
14.850000 0.000119
14.900000 -0.000052
14.950000 0.000178
15.000000 -0.000001
15.050000 0.000208
15.100000 0.000013
15.150000 0.000197
15.200000 -0.000016
15.250000 0.000146
15.300000 -0.000076
15.350000 0.000075
15.400000 -0.000145
15.450000 0.000010
15.500000 -0.000194
15.550000 -0.000025
15.600000 -0.000204
15.650000 -0.000016
15.700000 -0.000170
15.750000 0.000033
15.800000 -0.000104
15.850000 0.000103
15.900000 -0.000030
15.950000 0.000167
16.000000 0.000025
16.050000 0.000200
16.100000 0.000040
16.150000 0.000188
16.200000 0.000010
16.250000 0.000135
16.300000 -0.000054
16.350000 0.000060
16.400000 -0.000127
16.450000 -0.000011
16.500000 -0.000182
16.550000 -0.000051
16.600000 -0.000196
16.650000 -0.000046
16.700000 -0.000164
16.750000 0.000004
16.800000 -0.000095
16.850000 0.000078
16.900000 -0.000015
16.950000 0.000150
17.000000 0.000048
17.050000 0.000191
17.100000 0.000070
17.150000 0.000184
17.200000 0.000042
17.250000 0.000131
17.300000 -0.000024
17.350000 0.000051
17.400000 -0.000103
17.450000 -0.000028
17.500000 -0.000167
17.550000 -0.000077
17.600000 -0.000190
17.650000 -0.000078
17.700000 -0.000163
17.750000 -0.000032
17.800000 -0.000094
17.850000 0.000046
17.900000 -0.000008
17.950000 0.000125
18.000000 0.000065
18.050000 0.000178
18.100000 0.000099
18.150000 0.000182
18.200000 0.000081
18.250000 0.000136
18.300000 0.000017
18.350000 0.000054
18.400000 -0.000068
18.450000 -0.000035
18.500000 -0.000145
18.550000 -0.000099
18.600000 -0.000183
18.650000 -0.000114
18.700000 -0.000167
18.750000 -0.000076
18.800000 -0.000103
18.850000 0.000002
18.900000 -0.000011
18.950000 0.000091
19.000000 0.000075
19.050000 0.000159
19.100000 0.000125
19.150000 0.000180
19.200000 0.000122
19.250000 0.000146
19.300000 0.000067
19.350000 0.000067
19.400000 -0.000021
19.450000 -0.000029
19.500000 -0.000110
19.550000 -0.000110
19.600000 -0.000168
19.650000 -0.000147
19.700000 -0.000173
19.750000 -0.000127
19.800000 -0.000122
19.850000 -0.000056
19.900000 -0.000030
19.950000 0.000041
20.000000 0.000069
20.050000 0.000128
20.100000 0.000143
20.150000 0.000174
20.200000 0.000165
20.250000 0.000161
20.300000 0.000126
20.350000 0.000093
20.400000 0.000041
20.450000 -0.000008
20.500000 -0.000060
20.550000 -0.000108
20.600000 -0.000141
20.650000 -0.000171
20.700000 -0.000174
20.750000 -0.000177
20.800000 -0.000145
20.850000 -0.000123
20.900000 -0.000063
20.950000 -0.000027
21.000000 0.000045
21.050000 0.000076
21.100000 0.000142
21.150000 0.000151
21.200000 0.000196
21.250000 0.000171
21.300000 0.000187
21.350000 0.000127
21.400000 0.000119
21.450000 0.000033
21.500000 0.000014
21.550000 -0.000081
21.600000 -0.000091
21.650000 -0.000175
21.700000 -0.000159
21.750000 -0.000218
21.800000 -0.000166
21.850000 -0.000195
21.900000 -0.000108
21.950000 -0.000113
22.000000 -0.000002
22.050000 -0.000001
22.100000 0.000115
22.150000 0.000104
22.200000 0.000205
22.250000 0.000164
22.300000 0.000237
22.350000 0.000158
22.400000 0.000201
22.450000 0.000088
22.500000 0.000109
22.550000 -0.000026
22.600000 -0.000009
22.650000 -0.000146
22.700000 -0.000113
22.750000 -0.000232
22.800000 -0.000167
22.850000 -0.000256
22.900000 -0.000151
22.950000 -0.000209
23.000000 -0.000070
23.050000 -0.000106
23.100000 0.000053
23.150000 0.000018
23.200000 0.000176
23.250000 0.000122
23.300000 0.000259
23.350000 0.000170
23.400000 0.000275
23.450000 0.000144
23.500000 0.000217
23.550000 0.000051
23.600000 0.000104
23.650000 -0.000078
23.700000 -0.000025
23.750000 -0.000203
23.800000 -0.000128
23.850000 -0.000283
23.900000 -0.000171
23.950000 -0.000292
24.000000 -0.000137
24.050000 -0.000226
24.100000 -0.000037
24.150000 -0.000107
24.200000 0.000099
24.250000 0.000028
24.300000 0.000227
24.350000 0.000132
24.400000 0.000307
24.450000 0.000173
24.500000 0.000312
24.550000 0.000134
24.600000 0.000239
24.650000 0.000026
24.700000 0.000112
24.750000 -0.000117
24.800000 -0.000029
24.850000 -0.000250
24.900000 -0.000137
24.950000 -0.000331
25.000000 -0.000175
25.050000 -0.000332
25.100000 -0.000132
25.150000 -0.000253
25.200000 -0.000017
25.250000 -0.000120
25.300000 0.000132
25.350000 0.000026
25.400000 0.000269
25.450000 0.000137
25.500000 0.000352
25.550000 0.000177
25.600000 0.000353
25.650000 0.000133
25.700000 0.000273
25.750000 0.000015
25.800000 0.000134
25.850000 -0.000140
25.900000 -0.000018
25.950000 -0.000285
26.000000 -0.000137
26.050000 -0.000374
26.100000 -0.000182
26.150000 -0.000379
26.200000 -0.000139
26.250000 -0.000297
26.300000 -0.000018
26.350000 -0.000153
26.400000 0.000144
26.450000 0.000008
26.500000 0.000298
26.550000 0.000134
26.600000 0.000394
26.650000 0.000187
26.700000 0.000404
26.750000 0.000147
26.800000 0.000324
26.850000 0.000025
26.900000 0.000178
26.950000 -0.000141
27.000000 0.000010
27.050000 -0.000303
27.100000 -0.000127
27.150000 -0.000411
27.200000 -0.000190
27.250000 -0.000432
27.300000 -0.000160
27.350000 -0.000358
27.400000 -0.000041
27.450000 -0.000211
27.500000 0.000130
27.550000 -0.000035
27.600000 0.000304
27.650000 0.000116
27.700000 0.000427
27.750000 0.000195
27.800000 0.000462
27.850000 0.000176
27.900000 0.000397
27.950000 0.000063
28.000000 0.000250
28.050000 -0.000112
28.100000 0.000066
28.150000 -0.000297
28.200000 -0.000099
28.250000 -0.000437
28.300000 -0.000195
28.350000 -0.000489
28.400000 -0.000193
28.450000 -0.000437
28.500000 -0.000090
28.550000 -0.000297
28.600000 0.000084
28.650000 -0.000109
28.700000 0.000279
28.750000 0.000072
28.800000 0.000438
28.850000 0.000191
28.900000 0.000514
28.950000 0.000211
29.000000 0.000484
29.050000 0.000125
29.100000 0.000354
29.150000 -0.000045
29.200000 0.000162
29.250000 -0.000250
29.300000 -0.000036
29.350000 -0.000431
29.400000 -0.000180
29.450000 -0.000535
29.500000 -0.000228
29.550000 -0.000529
29.600000 -0.000163
29.650000 -0.000415
29.700000 -0.000002
29.750000 -0.000225
29.800000 0.000209
29.850000 -0.000014
29.900000 0.000410
29.950000 0.000156
30.000000 0.000544
30.050000 0.000237
30.100000 0.000571
30.150000 0.000202
30.200000 0.000482
30.250000 0.000060
30.300000 0.000303
30.350000 -0.000151
30.400000 0.000082
30.450000 -0.000372
30.500000 -0.000117
30.550000 -0.000540
30.600000 -0.000237
30.650000 -0.000607
30.700000 -0.000240
30.750000 -0.000553
30.800000 -0.000124
30.850000 -0.000390
30.900000 0.000080
30.950000 -0.000164
31.000000 0.000317
31.050000 0.000061
31.100000 0.000519
31.150000 0.000220
31.200000 0.000630
31.250000 0.000268
31.300000 0.000617
31.350000 0.000189
31.400000 0.000483
31.450000 0.000003
31.500000 0.000264
31.550000 -0.000239
31.600000 0.000021
31.650000 -0.000471
31.700000 -0.000179
31.750000 -0.000630
31.800000 -0.000280
31.850000 -0.000671
31.900000 -0.000251
31.950000 -0.000580
32.000000 -0.000099
32.050000 -0.000381
32.100000 0.000139
32.150000 -0.000127
32.200000 0.000397
32.250000 0.000112
32.300000 0.000606
32.350000 0.000270
32.400000 0.000707
32.450000 0.000301
32.500000 0.000671
32.550000 0.000194
32.600000 0.000506
32.650000 -0.000024
32.700000 0.000256
32.750000 -0.000294
32.800000 -0.000011
32.850000 -0.000545
32.900000 -0.000223
32.950000 -0.000709
33.000000 -0.000322
33.050000 -0.000742
33.100000 -0.000280
33.150000 -0.000632
33.200000 -0.000104
33.250000 -0.000408
33.300000 0.000160
33.350000 -0.000127
33.400000 0.000443
33.450000 0.000135
33.500000 0.000672
33.550000 0.000309
33.600000 0.000784
33.650000 0.000345
33.700000 0.000747
33.750000 0.000232
33.800000 0.000569
33.850000 -0.000004
33.900000 0.000295
33.950000 -0.000303
34.000000 -0.000003
34.050000 -0.000585
34.100000 -0.000246
34.150000 -0.000777
34.200000 -0.000368
34.250000 -0.000828
34.300000 -0.000337
34.350000 -0.000722
34.400000 -0.000158
34.450000 -0.000486
34.500000 0.000125
34.550000 -0.000179
34.600000 0.000440
34.650000 0.000119
34.700000 0.000708
34.750000 0.000333
34.800000 0.000857
34.850000 0.000404
34.900000 0.000850
34.950000 0.000312
35.000000 0.000683
35.050000 0.000076
35.100000 0.000399
35.150000 -0.000245
35.200000 0.000067
35.250000 -0.000570
35.300000 -0.000227
35.350000 -0.000818
35.400000 -0.000406
35.450000 -0.000922
35.500000 -0.000423
35.550000 -0.000855
35.600000 -0.000271
35.650000 -0.000632
35.700000 0.000015
35.750000 -0.000307
35.800000 0.000363
35.850000 0.000038
35.900000 0.000688
35.950000 0.000318
36.000000 0.000909
36.050000 0.000460
36.100000 0.000969
36.150000 0.000429
36.200000 0.000851
36.250000 0.000227
36.300000 0.000582
36.350000 -0.000098
36.400000 0.000226
36.450000 -0.000468
36.500000 -0.000131
36.550000 -0.000794
36.600000 -0.000399
36.650000 -0.000992
36.700000 -0.000510
36.750000 -0.001013
36.800000 -0.000433
36.850000 -0.000848
36.900000 -0.000185
36.950000 -0.000535
37.000000 0.000178
37.050000 -0.000150
37.100000 0.000567
37.150000 0.000215
37.200000 0.000888
37.250000 0.000469
37.300000 0.001064
37.350000 0.000550
37.400000 0.001050
37.450000 0.000436
37.500000 0.000847
37.550000 0.000151
37.600000 0.000501
37.650000 -0.000240
37.700000 0.000092
37.750000 -0.000645
37.800000 -0.000282
37.850000 -0.000970
37.900000 -0.000532
37.950000 -0.001134
38.000000 -0.000595
38.050000 -0.001096
38.100000 -0.000453
38.150000 -0.000862
38.200000 -0.000135
38.250000 -0.000483
38.300000 0.000287
38.350000 -0.000048
38.400000 0.000713
38.450000 0.000341
38.500000 0.001045
38.550000 0.000591
38.600000 0.001203
38.650000 0.000642
38.700000 0.001147
38.750000 0.000479
38.800000 0.000889
38.850000 0.000136
38.900000 0.000486
38.950000 -0.000309
39.000000 0.000028
39.050000 -0.000757
39.100000 -0.000380
39.150000 -0.001105
39.200000 -0.000643
39.250000 -0.001272
39.300000 -0.000699
39.350000 -0.001215
39.400000 -0.000529
39.450000 -0.000945
39.500000 -0.000169
39.550000 -0.000519
39.600000 0.000303
39.650000 -0.000032
39.700000 0.000782
39.750000 0.000407
39.800000 0.001158
39.850000 0.000695
39.900000 0.001344
39.950000 0.000765
40.000000 0.001297
40.050000 0.000598
40.100000 0.001023
40.150000 0.000228
40.200000 0.000581
40.250000 -0.000265
40.300000 0.000068
40.350000 -0.000773
40.400000 -0.000404
40.450000 -0.001186
40.500000 -0.000731
40.550000 -0.001411
40.600000 -0.000836
40.650000 -0.001394
40.700000 -0.000694
40.750000 -0.001136
40.800000 -0.000330
40.850000 -0.000689
40.900000 0.000181
40.950000 -0.000146
41.000000 0.000729
41.050000 0.000373
41.100000 0.001194
41.150000 0.000756
41.200000 0.001474
41.250000 0.000914
41.300000 0.001505
41.350000 0.000811
41.400000 0.001276
41.450000 0.000465
41.500000 0.000834
41.550000 -0.000053
41.600000 0.000270
41.650000 -0.000635
41.700000 -0.000296
41.750000 -0.001158
41.800000 -0.000744
41.850000 -0.001510
41.900000 -0.000978
41.950000 -0.001615
42.000000 -0.000943
42.050000 -0.001445
42.100000 -0.000643
42.150000 -0.001032
42.200000 -0.000135
42.250000 -0.000458
42.300000 0.000478
42.350000 0.000159
42.400000 0.001069
42.450000 0.000690
42.500000 0.001514
42.550000 0.001022
42.600000 0.001717
42.650000 0.001081
42.700000 0.001631
42.750000 0.000851
42.800000 0.001271
42.850000 0.000375
42.900000 0.000706
42.950000 -0.000252
43.000000 0.000052
43.050000 -0.000903
43.100000 -0.000561
43.150000 -0.001447
43.200000 -0.001005
43.250000 -0.001771
43.300000 -0.001189
43.350000 -0.001807
43.400000 -0.001071
43.450000 -0.001542
43.500000 -0.000670
43.550000 -0.001025
43.600000 -0.000060
43.650000 -0.000356
43.700000 0.000638
43.750000 0.000333
43.800000 0.001284
43.850000 0.000901
43.900000 0.001745
43.950000 0.001228
44.000000 0.001922
44.050000 0.001242
44.100000 0.001771
44.150000 0.000928
44.200000 0.001311
44.250000 0.000339
44.300000 0.000622
44.350000 -0.000419
44.400000 -0.000169
44.450000 -0.001208
44.500000 -0.000915
44.550000 -0.001876
44.600000 -0.001470
44.650000 -0.002290
44.700000 -0.001715
44.750000 -0.002347
44.800000 -0.001570
44.850000 -0.001992
44.900000 -0.000998
44.950000 -0.001207
