-30.000000 -0.002670
-29.950000 -0.002238
-29.900000 -0.004476
-29.850000 -0.003614
-29.800000 -0.005429
-29.750000 -0.004154
-29.700000 -0.005570
-29.650000 -0.003917
-29.600000 -0.004981
-29.550000 -0.003009
-29.500000 -0.003792
-29.450000 -0.001586
-29.400000 -0.002184
-29.350000 0.000153
-29.300000 -0.000373
-29.250000 0.001977
-29.200000 0.001404
-29.150000 0.003647
-29.100000 0.002914
-29.050000 0.004947
-29.000000 0.003960
-28.950000 0.005704
-28.900000 0.004403
-28.850000 0.005818
-28.800000 0.004184
-28.750000 0.005271
-28.700000 0.003327
-28.650000 0.004132
-28.600000 0.001942
-28.550000 0.002544
-28.500000 0.000202
-28.450000 0.000705
-28.400000 -0.001677
-28.350000 -0.001157
-28.300000 -0.003466
-28.250000 -0.002819
-28.200000 -0.004949
-28.150000 -0.004079
-28.100000 -0.005948
-28.050000 -0.004786
-28.000000 -0.006340
-27.950000 -0.004850
-27.900000 -0.006071
-27.850000 -0.004254
-27.800000 -0.005162
-27.750000 -0.003054
-27.700000 -0.003704
-27.650000 -0.001379
-27.600000 -0.001857
-27.550000 0.000585
-27.500000 0.000167
-27.450000 0.002609
-27.400000 0.002130
-27.350000 0.004449
-27.300000 0.003792
-27.250000 0.005880
-27.200000 0.004947
-27.150000 0.006721
-27.100000 0.005447
-27.050000 0.006863
-27.000000 0.005226
-26.950000 0.006283
-26.900000 0.004304
-26.850000 0.005044
-26.800000 0.002785
-26.750000 0.003289
-26.700000 0.000845
-26.650000 0.001218
-26.600000 -0.001297
-26.550000 -0.000935
-26.500000 -0.003400
-26.450000 -0.002930
-26.400000 -0.005230
-26.350000 -0.004544
-26.300000 -0.006582
-26.250000 -0.005597
-26.200000 -0.007303
-26.150000 -0.005965
-26.100000 -0.007304
-26.050000 -0.005596
-26.000000 -0.006571
-25.950000 -0.004516
-25.900000 -0.005169
-25.850000 -0.002827
-25.800000 -0.003236
-25.750000 -0.000704
-25.700000 -0.000978
-25.650000 0.001625
-25.600000 0.001358
-25.550000 0.003901
-25.500000 0.003510
-25.450000 0.005864
-25.400000 0.005229
-25.350000 0.007289
-25.300000 0.006318
-25.250000 0.008008
-25.200000 0.006648
-25.150000 0.007938
-25.100000 0.006180
-25.050000 0.007083
-25.000000 0.004962
-24.950000 0.005532
-24.900000 0.003122
-24.850000 0.003450
-24.800000 0.000852
-24.750000 0.001050
-24.700000 -0.001614
-24.650000 -0.001421
-24.600000 -0.004025
-24.550000 -0.003711
-24.500000 -0.006133
-24.450000 -0.005584
-24.400000 -0.007719
-24.350000 -0.006840
-24.300000 -0.008609
-24.250000 -0.007338
-24.200000 -0.008696
-24.150000 -0.007009
-24.100000 -0.007952
-24.050000 -0.005867
-24.000000 -0.006436
-23.950000 -0.004013
-23.900000 -0.004288
-23.850000 -0.001627
-23.800000 -0.001722
-23.750000 0.001049
-23.700000 0.000997
-23.650000 0.003738
-23.600000 0.003586
-23.550000 0.006158
-23.500000 0.005774
-23.450000 0.008055
-23.400000 0.007334
-23.350000 0.009234
-23.300000 0.008105
-23.250000 0.009575
-23.200000 0.008009
-23.150000 0.009043
-23.100000 0.007054
-23.050000 0.007686
-23.000000 0.005328
-22.950000 0.005629
-22.900000 0.002989
-22.850000 0.003059
-22.800000 0.000250
-22.750000 0.000212
-22.700000 -0.002637
-22.650000 -0.002649
-22.600000 -0.005400
-22.550000 -0.005251
-22.500000 -0.007773
-22.450000 -0.007337
-22.400000 -0.009517
-22.350000 -0.008693
-22.300000 -0.010445
-22.250000 -0.009168
-22.200000 -0.010448
-22.150000 -0.008697
-22.100000 -0.009508
-22.050000 -0.007309
-22.000000 -0.007700
-21.950000 -0.005126
-21.900000 -0.005190
-21.850000 -0.002351
-21.800000 -0.002215
-21.750000 0.000752
-21.700000 0.000946
-21.650000 0.003893
-21.600000 0.003995
-21.550000 0.006779
-21.500000 0.006654
-21.450000 0.009147
-21.400000 0.008681
-21.350000 0.010784
-21.300000 0.009894
-21.250000 0.011541
-21.200000 0.010180
-21.150000 0.011344
-21.100000 0.009503
-21.050000 0.010195
-21.000000 0.007904
-20.950000 0.008174
-20.900000 0.005504
-20.850000 0.005440
-20.800000 0.002494
-20.750000 0.002215
-20.700000 -0.000873
-20.650000 -0.001224
-20.600000 -0.004304
-20.550000 -0.004571
-20.500000 -0.007487
-20.450000 -0.007520
-20.400000 -0.010130
-20.350000 -0.009797
-20.300000 -0.011984
-20.250000 -0.011187
-20.200000 -0.012874
-20.150000 -0.011558
-20.100000 -0.012712
-20.050000 -0.010869
-20.000000 -0.011508
-19.950000 -0.009178
-19.900000 -0.009361
-19.850000 -0.006624
-19.800000 -0.006450
-19.750000 -0.003418
-19.700000 -0.003012
-19.650000 0.000180
-19.600000 0.000677
-19.550000 0.003882
-19.500000 0.004322
-19.450000 0.007392
-19.400000 0.007630
-19.350000 0.010428
-19.300000 0.010332
-19.250000 0.012735
-19.200000 0.012197
-19.150000 0.014111
-19.100000 0.013054
-19.050000 0.014420
-19.000000 0.012807
-18.950000 0.013612
-18.900000 0.011451
-18.850000 0.011727
-18.800000 0.009075
-18.750000 0.008901
-18.700000 0.005857
-18.650000 0.005352
-18.600000 0.002052
-18.550000 0.001363
-18.500000 -0.002037
-18.450000 -0.002747
-18.400000 -0.006083
-18.350000 -0.006652
-18.300000 -0.009767
-18.250000 -0.010047
-18.200000 -0.012803
-18.150000 -0.012670
-18.100000 -0.014957
-18.050000 -0.014317
-18.000000 -0.016061
-17.950000 -0.014857
-17.900000 -0.016020
-17.850000 -0.014235
-17.800000 -0.014820
-17.750000 -0.012478
-17.700000 -0.012528
-17.650000 -0.009692
-17.600000 -0.009291
-17.550000 -0.006063
-17.500000 -0.005328
-17.450000 -0.001842
-17.400000 -0.000921
-17.350000 0.002665
-17.300000 0.003606
-17.250000 0.007124
-17.200000 0.007915
-17.150000 0.011195
-17.100000 0.011676
-17.050000 0.014569
-17.000000 0.014601
-16.950000 0.016986
-16.900000 0.016468
-16.850000 0.018263
-16.800000 0.017135
-16.750000 0.018303
-16.700000 0.016552
-16.650000 0.017101
-16.600000 0.014755
-16.550000 0.014733
-16.500000 0.011859
-16.450000 0.011352
-16.400000 0.008050
-16.350000 0.007170
-16.300000 0.003567
-16.250000 0.002452
-16.200000 -0.001306
-16.150000 -0.002501
-16.100000 -0.006253
-16.050000 -0.007363
-16.000000 -0.010944
-15.950000 -0.011805
-15.900000 -0.015052
-15.850000 -0.015510
-15.800000 -0.018281
-15.750000 -0.018206
-15.700000 -0.020386
-15.650000 -0.019683
-15.600000 -0.021198
-15.550000 -0.019816
-15.500000 -0.020641
-15.450000 -0.018578
-15.400000 -0.018736
-15.350000 -0.016041
-15.300000 -0.015602
-15.250000 -0.012365
-15.200000 -0.011439
-15.150000 -0.007788
-15.100000 -0.006515
-15.050000 -0.002599
-15.000000 -0.001137
-14.950000 0.002881
-14.900000 0.004367
-14.850000 0.008322
-14.800000 0.009668
-14.750000 0.013399
-14.700000 0.014450
-14.650000 0.017808
-14.600000 0.018423
-14.550000 0.021277
-14.500000 0.021338
-14.450000 0.023582
-14.400000 0.022996
-14.350000 0.024555
-14.300000 0.023266
-14.250000 0.024106
-14.200000 0.022100
-14.150000 0.022226
-14.100000 0.019535
-14.050000 0.019003
-14.000000 0.015702
-13.950000 0.014610
-13.900000 0.010816
-13.850000 0.009295
-13.800000 0.005156
-13.750000 0.003367
-13.700000 -0.000951
-13.650000 -0.002836
-13.600000 -0.007156
-13.550000 -0.008961
-13.500000 -0.013111
-13.450000 -0.014667
-13.400000 -0.018483
-13.350000 -0.019636
-13.300000 -0.022974
-13.250000 -0.023591
-13.200000 -0.026329
-13.150000 -0.026302
-13.100000 -0.028349
-13.050000 -0.027601
-13.000000 -0.028896
-12.950000 -0.027385
-12.900000 -0.027906
-12.850000 -0.025631
-12.800000 -0.025396
-12.750000 -0.022398
-12.700000 -0.021471
-12.650000 -0.017833
-12.600000 -0.016319
-12.550000 -0.012166
-12.500000 -0.010205
-12.450000 -0.005691
-12.400000 -0.003451
-12.350000 0.001246
-12.300000 0.003583
-12.250000 0.008279
-12.200000 0.010531
-12.150000 0.015047
-12.100000 0.017040
-12.050000 0.021213
-12.000000 0.022794
-11.950000 0.026480
-11.900000 0.027518
-11.850000 0.030599
-11.800000 0.030989
-11.750000 0.033374
-11.700000 0.033037
-11.650000 0.034661
-11.600000 0.033546
-11.550000 0.034373
-11.500000 0.032462
-11.450000 0.032489
-11.400000 0.029794
-11.350000 0.029053
-11.300000 0.025625
-11.250000 0.024184
-11.200000 0.020111
-11.150000 0.018076
-11.100000 0.013479
-11.050000 0.010988
-11.000000 0.006021
-10.950000 0.003237
-10.900000 -0.001928
-10.850000 -0.004824
-10.800000 -0.010003
-10.750000 -0.012827
-10.700000 -0.017837
-10.650000 -0.020410
-10.600000 -0.025079
-10.550000 -0.027236
-10.500000 -0.031408
-10.450000 -0.033006
-10.400000 -0.036550
-10.350000 -0.037468
-10.300000 -0.040276
-10.250000 -0.040420
-10.200000 -0.042411
-10.150000 -0.041715
-10.100000 -0.042839
-10.050000 -0.041267
-10.000000 -0.041504
-9.950000 -0.039054
-9.900000 -0.038420
-9.850000 -0.035128
-9.800000 -0.033678
-9.750000 -0.029619
-9.700000 -0.027447
-9.650000 -0.022733
-9.600000 -0.019968
-9.550000 -0.014741
-9.500000 -0.011539
-9.450000 -0.005965
-9.400000 -0.002498
-9.350000 0.003246
-9.300000 0.006801
-9.250000 0.012539
-9.200000 0.016008
-9.150000 0.021571
-9.100000 0.024792
-9.050000 0.030025
-9.000000 0.032852
-8.950000 0.037619
-8.900000 0.039922
-8.850000 0.044101
-8.800000 0.045768
-8.750000 0.049255
-8.700000 0.050190
-8.650000 0.052899
-8.600000 0.053025
-8.550000 0.054888
-8.500000 0.054149
-8.450000 0.055121
-8.400000 0.053485
-8.350000 0.053548
-8.300000 0.051011
-8.250000 0.050177
-8.200000 0.046768
-8.150000 0.045083
-8.100000 0.040864
-8.050000 0.038404
-8.000000 0.033464
-7.950000 0.030332
-7.900000 0.024786
-7.850000 0.021106
-7.800000 0.015085
-7.750000 0.010994
-7.700000 0.004638
-7.650000 0.000279
-7.600000 -0.006265
-7.550000 -0.010744
-7.500000 -0.017326
-7.450000 -0.021772
-7.400000 -0.028240
-7.350000 -0.032501
-7.300000 -0.038699
-7.250000 -0.042618
-7.200000 -0.048390
-7.150000 -0.051812
-7.100000 -0.057007
-7.050000 -0.059785
-7.000000 -0.064260
-6.950000 -0.066260
-6.900000 -0.069894
-6.850000 -0.071008
-6.800000 -0.073704
-6.750000 -0.073852
-6.700000 -0.075550
-6.650000 -0.074687
-6.600000 -0.075361
-6.550000 -0.073480
-6.500000 -0.073138
-6.450000 -0.070265
-6.400000 -0.068948
-6.350000 -0.065135
-6.300000 -0.062908
-6.250000 -0.058230
-6.200000 -0.055175
-6.150000 -0.049722
-6.100000 -0.045933
-6.050000 -0.039804
-6.000000 -0.035387
-5.950000 -0.028691
-5.900000 -0.023759
-5.850000 -0.016614
-5.800000 -0.011289
-5.750000 -0.003823
-5.700000 0.001763
-5.650000 0.009417
-5.600000 0.015127
-5.550000 0.022829
-5.500000 0.028524
-5.450000 0.036138
-5.400000 0.041687
-5.350000 0.049086
-5.300000 0.054369
-5.250000 0.061443
-5.200000 0.066358
-5.150000 0.073015
-5.100000 0.077482
-5.050000 0.083651
-5.000000 0.087605
-4.950000 0.093231
-4.900000 0.096624
-4.850000 0.101662
-4.800000 0.104455
-4.750000 0.108868
-4.700000 0.111025
-4.650000 0.114779
-4.600000 0.116267
-4.550000 0.119329
-4.500000 0.120117
-4.450000 0.122458
-4.400000 0.122517
-4.350000 0.124111
-4.300000 0.123420
-4.250000 0.124252
-4.200000 0.122799
-4.150000 0.122862
-4.100000 0.120647
-4.050000 0.119946
-4.000000 0.116980
-3.950000 0.115527
-3.900000 0.111825
-3.850000 0.109640
-3.800000 0.105219
-3.750000 0.102317
-3.700000 0.097190
-3.650000 0.093580
-3.600000 0.087756
-3.550000 0.083441
-3.500000 0.076917
-3.450000 0.071895
-3.400000 0.064667
-3.350000 0.058935
-3.300000 0.051002
-3.250000 0.044560
-3.200000 0.035928
-3.150000 0.028788
-3.100000 0.019474
-3.050000 0.011658
-3.000000 0.001692
-2.950000 -0.006763
-2.900000 -0.017342
-2.850000 -0.026394
-2.800000 -0.037538
-2.750000 -0.047136
-2.700000 -0.058795
-2.650000 -0.068887
-2.600000 -0.081008
-2.550000 -0.091541
-2.500000 -0.104068
-2.450000 -0.114985
-2.400000 -0.127858
-2.350000 -0.139092
-2.300000 -0.152240
-2.250000 -0.163714
-2.200000 -0.177048
-2.150000 -0.188665
-2.100000 -0.202079
-2.050000 -0.213720
-2.000000 -0.227087
-1.950000 -0.238614
-1.900000 -0.251785
-1.850000 -0.263044
-1.800000 -0.275861
-1.750000 -0.286691
-1.700000 -0.298991
-1.650000 -0.309230
-1.600000 -0.320855
-1.550000 -0.330351
-1.500000 -0.341154
-1.450000 -0.349766
-1.400000 -0.359615
-1.350000 -0.367219
-1.300000 -0.375996
-1.250000 -0.382479
-1.200000 -0.390077
-1.150000 -0.395340
-1.100000 -0.401668
-1.050000 -0.405625
-1.000000 -0.410602
-0.950000 -0.413182
-0.900000 -0.416748
-0.850000 -0.417903
-0.800000 -0.420025
-0.750000 -0.419736
-0.700000 -0.420411
-0.650000 -0.418694
-0.600000 -0.417957
-0.550000 -0.414866
-0.500000 -0.412789
-0.450000 -0.408412
-0.400000 -0.405099
-0.350000 -0.399555
-0.300000 -0.395136
-0.250000 -0.388563
-0.200000 -0.383181
-0.150000 -0.375727
-0.100000 -0.369532
-0.050000 -0.361344
0.000000 -0.354482
0.050000 -0.345703
0.100000 -0.338310
0.150000 -0.329073
0.200000 -0.321279
0.250000 -0.311708
0.300000 -0.303633
0.350000 -0.293848
0.400000 -0.285611
0.450000 -0.275728
0.500000 -0.267444
0.550000 -0.257577
0.600000 -0.249359
0.650000 -0.239618
0.700000 -0.231569
0.750000 -0.222053
0.800000 -0.214266
0.850000 -0.205056
0.900000 -0.197602
0.950000 -0.188760
1.000000 -0.181688
1.050000 -0.173250
1.100000 -0.166588
1.150000 -0.158572
1.200000 -0.152327
1.250000 -0.144734
1.300000 -0.138904
1.350000 -0.131729
1.400000 -0.126306
1.450000 -0.119543
1.500000 -0.114523
1.550000 -0.108167
1.600000 -0.103548
1.650000 -0.097601
1.700000 -0.093384
1.750000 -0.087847
1.800000 -0.084035
1.850000 -0.078908
1.900000 -0.075497
1.950000 -0.070774
2.000000 -0.067754
2.050000 -0.063419
2.100000 -0.060768
2.150000 -0.056794
2.200000 -0.054481
2.250000 -0.050834
2.300000 -0.048824
2.350000 -0.045467
2.400000 -0.043723
2.450000 -0.040624
2.500000 -0.039117
2.550000 -0.036252
2.600000 -0.034966
2.650000 -0.032325
2.700000 -0.031256
2.750000 -0.028841
2.800000 -0.027996
2.850000 -0.025818
2.900000 -0.025209
2.950000 -0.023281
3.000000 -0.022923
3.050000 -0.021258
3.100000 -0.021160
3.150000 -0.019767
3.200000 -0.019938
3.250000 -0.018824
3.300000 -0.019273
3.350000 -0.018451
3.400000 -0.019196
3.450000 -0.018693
3.500000 -0.019772
3.550000 -0.019639
3.600000 -0.021118
3.650000 -0.021440
3.700000 -0.023425
3.750000 -0.024327
3.800000 -0.026967
3.850000 -0.028626
3.900000 -0.032124
3.950000 -0.034773
4.000000 -0.039394
4.050000 -0.043333
4.100000 -0.049418
4.150000 -0.055032
4.200000 -0.063015
4.250000 -0.070796
4.300000 -0.081235
4.350000 -0.091814
4.400000 -0.105427
4.450000 -0.119621
4.500000 -0.137337
4.550000 -0.156202
4.600000 -0.179216
4.650000 -0.204106
4.700000 -0.233947
4.750000 -0.266576
4.800000 -0.305158
4.850000 -0.347651
4.900000 -0.397315
4.950000 -0.452231
5.000000 -0.515743
5.050000 -0.586036
5.100000 -0.666508
5.150000 -0.755392
5.200000 -0.856067
5.250000 -0.966714
5.300000 -1.090553
5.350000 -1.225540
5.400000 -1.374523
5.450000 -1.534971
5.500000 -1.709060
5.550000 -1.893441
5.600000 -2.089265
5.650000 -2.292016
5.700000 -2.501513
5.750000 -2.711850
5.800000 -2.921419
5.850000 -3.123014
5.900000 -3.313925
5.950000 -3.486235
6.000000 -3.636992
6.050000 -3.758669
6.100000 -3.849338
6.150000 -3.903184
6.200000 -3.920546
6.250000 -3.898338
6.300000 -3.839821
6.350000 -3.744847
6.400000 -3.619330
6.450000 -3.465357
6.500000 -3.290449
6.550000 -3.097667
6.600000 -2.894812
6.650000 -2.684667
6.700000 -2.474240
6.750000 -2.265206
6.800000 -2.063224
6.850000 -1.868566
6.900000 -1.685473
6.950000 -1.512929
7.000000 -1.353994
7.050000 -1.206677
7.100000 -1.073209
7.150000 -0.950975
7.200000 -0.841709
7.250000 -0.742469
7.300000 -0.654745
7.350000 -0.575481
7.400000 -0.506095
7.450000 -0.443550
7.500000 -0.389290
7.550000 -0.340368
7.600000 -0.298305
7.650000 -0.260272
7.700000 -0.227885
7.750000 -0.198442
7.800000 -0.173647
7.850000 -0.150917
7.900000 -0.132037
7.950000 -0.114524
8.000000 -0.100228
8.050000 -0.086756
8.100000 -0.076003
8.150000 -0.065649
8.200000 -0.057624
8.250000 -0.049669
8.300000 -0.043735
8.350000 -0.037612
8.400000 -0.033267
8.450000 -0.028532
8.500000 -0.025382
8.550000 -0.021685
8.600000 -0.019420
8.650000 -0.016491
8.700000 -0.014875
8.750000 -0.012510
8.800000 -0.011369
8.850000 -0.009420
8.900000 -0.008634
8.950000 -0.007003
9.000000 -0.006491
9.050000 -0.005115
9.100000 -0.004828
9.150000 -0.003667
9.200000 -0.003572
9.250000 -0.002599
9.300000 -0.002669
9.350000 -0.001855
9.400000 -0.002060
9.450000 -0.001374
9.500000 -0.001681
9.550000 -0.001084
9.600000 -0.001454
9.650000 -0.000910
9.700000 -0.001305
9.750000 -0.000779
9.800000 -0.001170
9.850000 -0.000638
9.900000 -0.001007
9.950000 -0.000458
10.000000 -0.000803
10.050000 -0.000241
10.100000 -0.000571
10.150000 -0.000011
10.200000 -0.000344
10.250000 0.000195
10.300000 -0.000160
10.350000 0.000338
10.400000 -0.000055
10.450000 0.000392
10.500000 -0.000045
10.550000 0.000352
10.600000 -0.000122
10.650000 0.000237
10.700000 -0.000256
10.750000 0.000088
10.800000 -0.000400
10.850000 -0.000047
10.900000 -0.000505
10.950000 -0.000122
11.000000 -0.000534
11.050000 -0.000110
11.100000 -0.000473
11.150000 -0.000011
11.200000 -0.000336
11.250000 0.000146
11.300000 -0.000162
11.350000 0.000315
11.400000 -0.000001
11.450000 0.000447
11.500000 0.000101
11.550000 0.000502
11.600000 0.000114
11.650000 0.000464
11.700000 0.000035
11.750000 0.000343
11.800000 -0.000110
11.850000 0.000175
11.900000 -0.000280
11.950000 0.000008
12.000000 -0.000423
12.050000 -0.000110
12.100000 -0.000499
12.150000 -0.000146
12.200000 -0.000484
12.250000 -0.000089
12.300000 -0.000380
12.350000 0.000045
12.400000 -0.000216
12.450000 0.000218
12.500000 -0.000037
12.550000 0.000381
12.600000 0.000106
12.650000 0.000486
12.700000 0.000173
12.750000 0.000500
12.800000 0.000142
12.850000 0.000417
12.900000 0.000021
12.950000 0.000258
13.000000 -0.000156
13.050000 0.000068
13.100000 -0.000337
13.150000 -0.000099
13.200000 -0.000468
13.250000 -0.000194
13.300000 -0.000510
13.350000 -0.000188
13.400000 -0.000449
13.450000 -0.000084
13.500000 -0.000301
13.550000 0.000088
13.600000 -0.000109
13.650000 0.000278
13.700000 0.000074
13.750000 0.000431
13.800000 0.000196
13.850000 0.000504
13.900000 0.000223
13.950000 0.000475
14.000000 0.000148
14.050000 0.000351
14.100000 -0.000007
14.150000 0.000167
14.200000 -0.000199
14.250000 -0.000029
14.300000 -0.000376
14.350000 -0.000183
14.400000 -0.000487
14.450000 -0.000252
14.500000 -0.000500
14.550000 -0.000216
14.600000 -0.000408
14.650000 -0.000084
14.700000 -0.000235
14.750000 0.000109
14.800000 -0.000027
14.850000 0.000310
14.900000 0.000160
14.950000 0.000460
15.000000 0.000271
15.050000 0.000516
15.100000 0.000276
15.150000 0.000459
15.200000 0.000170
15.250000 0.000303
15.300000 -0.000016
15.350000 0.000092
15.400000 -0.000230
15.450000 -0.000118
15.500000 -0.000411
15.550000 -0.000267
15.600000 -0.000508
15.650000 -0.000314
15.700000 -0.000493
15.750000 -0.000248
15.800000 -0.000371
15.850000 -0.000086
15.900000 -0.000173
15.950000 0.000126
16.000000 0.000048
16.050000 0.000331
16.100000 0.000232
16.150000 0.000473
16.200000 0.000332
16.250000 0.000514
16.300000 0.000319
16.350000 0.000440
16.400000 0.000197
16.450000 0.000269
16.500000 -0.000003
16.550000 0.000044
16.600000 -0.000228
16.650000 -0.000175
16.700000 -0.000417
16.750000 -0.000329
16.800000 -0.000518
16.850000 -0.000377
16.900000 -0.000500
16.950000 -0.000302
17.000000 -0.000364
17.050000 -0.000124
17.100000 -0.000147
17.150000 0.000110
17.200000 0.000096
17.250000 0.000335
17.300000 0.000298
17.350000 0.000490
17.400000 0.000403
17.450000 0.000531
17.500000 0.000385
17.550000 0.000445
17.600000 0.000246
17.650000 0.000255
17.700000 0.000026
17.750000 0.000011
17.800000 -0.000216
17.850000 -0.000223
17.900000 -0.000417
17.950000 -0.000386
18.000000 -0.000523
18.050000 -0.000437
18.100000 -0.000506
18.150000 -0.000362
18.200000 -0.000369
18.250000 -0.000180
18.300000 -0.000145
18.350000 0.000063
18.400000 0.000109
18.450000 0.000303
18.500000 0.000329
18.550000 0.000480
18.600000 0.000458
18.650000 0.000543
18.700000 0.000460
18.750000 0.000474
18.800000 0.000332
18.850000 0.000287
18.900000 0.000107
18.950000 0.000029
19.000000 -0.000158
19.050000 -0.000234
19.100000 -0.000394
19.150000 -0.000434
19.200000 -0.000535
19.250000 -0.000516
19.300000 -0.000543
19.350000 -0.000458
19.400000 -0.000414
19.450000 -0.000275
19.500000 -0.000181
19.550000 -0.000015
19.600000 0.000097
19.650000 0.000254
19.700000 0.000348
19.750000 0.000462
19.800000 0.000509
19.850000 0.000557
19.900000 0.000539
19.950000 0.000513
20.000000 0.000432
20.050000 0.000340
20.100000 0.000214
20.150000 0.000081
20.200000 -0.000061
20.250000 -0.000201
20.300000 -0.000325
20.350000 -0.000438
20.400000 -0.000511
20.450000 -0.000569
20.500000 -0.000571
20.550000 -0.000561
20.600000 -0.000486
20.650000 -0.000412
20.700000 -0.000274
20.750000 -0.000159
20.800000 0.000014
20.850000 0.000137
20.900000 0.000307
20.950000 0.000401
21.000000 0.000532
21.050000 0.000563
21.100000 0.000629
21.150000 0.000580
21.200000 0.000573
21.250000 0.000445
21.300000 0.000376
21.350000 0.000191
21.400000 0.000089
21.450000 -0.000120
21.500000 -0.000217
21.550000 -0.000409
21.600000 -0.000464
21.650000 -0.000606
21.700000 -0.000591
21.750000 -0.000662
21.800000 -0.000565
21.850000 -0.000564
21.900000 -0.000392
21.950000 -0.000336
22.000000 -0.000114
22.050000 -0.000033
22.100000 0.000203
22.150000 0.000272
22.200000 0.000486
22.250000 0.000506
22.300000 0.000665
22.350000 0.000611
22.400000 0.000696
22.450000 0.000559
22.500000 0.000571
22.550000 0.000358
22.600000 0.000315
22.650000 0.000054
22.700000 -0.000011
22.750000 -0.000282
22.800000 -0.000328
22.850000 -0.000568
22.900000 -0.000557
22.950000 -0.000734
23.000000 -0.000641
23.050000 -0.000737
23.100000 -0.000554
23.150000 -0.000574
23.200000 -0.000317
23.250000 -0.000284
23.300000 0.000016
23.350000 0.000063
23.400000 0.000363
23.450000 0.000381
23.500000 0.000642
23.550000 0.000595
23.600000 0.000785
23.650000 0.000652
23.700000 0.000759
23.750000 0.000537
23.800000 0.000571
23.850000 0.000278
23.900000 0.000264
23.950000 -0.000066
24.000000 -0.000089
24.050000 -0.000416
24.100000 -0.000408
24.150000 -0.000692
24.200000 -0.000618
24.250000 -0.000831
24.300000 -0.000668
24.350000 -0.000797
24.400000 -0.000544
24.450000 -0.000596
24.500000 -0.000269
24.550000 -0.000271
24.600000 0.000095
24.650000 0.000103
24.700000 0.000465
24.750000 0.000440
24.800000 0.000754
24.850000 0.000657
24.900000 0.000893
24.950000 0.000700
25.000000 0.000846
25.050000 0.000557
25.100000 0.000622
25.150000 0.000258
25.200000 0.000273
25.250000 -0.000129
25.300000 -0.000120
25.350000 -0.000512
25.400000 -0.000465
25.450000 -0.000805
25.500000 -0.000680
25.550000 -0.000939
25.600000 -0.000717
25.650000 -0.000884
25.700000 -0.000566
25.750000 -0.000653
25.800000 -0.000261
25.850000 -0.000298
25.900000 0.000132
25.950000 0.000103
26.000000 0.000526
26.050000 0.000459
26.100000 0.000833
26.150000 0.000692
26.200000 0.000985
26.250000 0.000747
26.300000 0.000945
26.350000 0.000607
26.400000 0.000720
26.450000 0.000300
26.500000 0.000356
26.550000 -0.000109
26.600000 -0.000068
26.650000 -0.000531
26.700000 -0.000457
26.750000 -0.000870
26.800000 -0.000719
26.850000 -0.001047
26.900000 -0.000793
26.950000 -0.001020
27.000000 -0.000658
27.050000 -0.000792
27.100000 -0.000342
27.150000 -0.000414
27.200000 0.000084
27.250000 0.000029
27.300000 0.000527
27.350000 0.000439
27.400000 0.000888
27.450000 0.000723
27.500000 0.001087
27.550000 0.000819
27.600000 0.001082
27.650000 0.000705
27.700000 0.000873
27.750000 0.000405
27.800000 0.000505
27.850000 -0.000019
27.900000 0.000056
27.950000 -0.000476
28.000000 -0.000378
28.050000 -0.000871
28.100000 -0.000705
28.150000 -0.001118
28.200000 -0.000851
28.250000 -0.001163
28.300000 -0.000783
28.350000 -0.000991
28.400000 -0.000509
28.450000 -0.000636
28.500000 -0.000083
28.550000 -0.000170
28.600000 0.000405
28.650000 0.000306
28.700000 0.000850
28.750000 0.000688
28.800000 0.001154
28.850000 0.000889
28.900000 0.001249
28.950000 0.000864
29.000000 0.001111
29.050000 0.000614
29.100000 0.000770
29.150000 0.000192
29.200000 0.000298
29.250000 -0.000311
29.300000 -0.000203
29.350000 -0.000791
29.400000 -0.000628
29.450000 -0.001146
29.500000 -0.000886
29.550000 -0.001301
29.600000 -0.000924
29.650000 -0.001226
29.700000 -0.000731
29.750000 -0.000933
29.800000 -0.000346
29.850000 -0.000482
29.900000 0.000155
29.950000 0.000036
30.000000 0.000672
30.050000 0.000517
30.100000 0.001098
30.150000 0.000860
30.200000 0.001346
30.250000 0.000991
30.300000 0.001360
30.350000 0.000878
30.400000 0.001131
30.450000 0.000538
30.500000 0.000704
30.550000 0.000037
30.600000 0.000163
30.650000 -0.000523
30.700000 -0.000379
30.750000 -0.001025
30.800000 -0.000807
30.850000 -0.001364
30.900000 -0.001031
30.950000 -0.001467
31.000000 -0.001001
31.050000 -0.001313
31.100000 -0.000722
31.150000 -0.000932
31.200000 -0.000251
31.250000 -0.000401
31.300000 0.000318
31.350000 0.000171
31.400000 0.000872
31.450000 0.000670
31.500000 0.001300
31.550000 0.000998
31.600000 0.001518
31.650000 0.001088
31.700000 0.001482
31.750000 0.000919
31.800000 0.001195
31.850000 0.000521
31.900000 0.000712
31.950000 -0.000032
32.000000 0.000122
32.050000 -0.000636
32.100000 -0.000458
32.150000 -0.001171
32.200000 -0.000913
32.250000 -0.001529
32.300000 -0.001149
32.350000 -0.001636
32.400000 -0.001113
32.450000 -0.001465
32.500000 -0.000806
32.550000 -0.001045
32.600000 -0.000286
32.650000 -0.000458
32.700000 0.000347
32.750000 0.000181
32.800000 0.000966
32.850000 0.000743
32.900000 0.001450
32.950000 0.001117
33.000000 0.001702
33.050000 0.001227
33.100000 0.001673
33.150000 0.001053
33.200000 0.001369
33.250000 0.000626
33.300000 0.000848
33.350000 0.000028
33.400000 0.000207
33.450000 -0.000632
33.500000 -0.000433
33.550000 -0.001229
33.600000 -0.000951
33.650000 -0.001651
33.700000 -0.001249
33.750000 -0.001817
33.800000 -0.001266
33.850000 -0.001690
33.900000 -0.000993
33.950000 -0.001289
34.000000 -0.000474
34.050000 -0.000684
34.100000 0.000196
34.150000 0.000013
34.200000 0.000894
34.250000 0.000670
34.300000 0.001485
34.350000 0.001159
34.400000 0.001855
34.450000 0.001383
34.500000 0.001929
34.550000 0.001295
34.600000 0.001690
34.650000 0.000909
34.700000 0.001181
34.750000 0.000294
34.800000 0.000497
34.850000 -0.000434
34.900000 -0.000234
34.950000 -0.001141
35.000000 -0.000875
35.050000 -0.001695
35.100000 -0.001309
35.150000 -0.001996
35.200000 -0.001457
35.250000 -0.001989
35.300000 -0.001288
35.350000 -0.001674
35.400000 -0.000831
35.450000 -0.001103
35.500000 -0.000163
35.550000 -0.000375
35.600000 0.000599
35.650000 0.000381
35.700000 0.001322
35.750000 0.001030
35.800000 0.001873
35.850000 0.001450
35.900000 0.002149
35.950000 0.001560
36.000000 0.002094
36.050000 0.001333
36.100000 0.001710
36.150000 0.000802
36.200000 0.001063
36.250000 0.000060
36.300000 0.000268
36.350000 -0.000760
36.400000 -0.000531
36.450000 -0.001509
36.500000 -0.001189
36.550000 -0.002052
36.600000 -0.001584
36.650000 -0.002289
36.700000 -0.001645
36.750000 -0.002178
36.800000 -0.001359
36.850000 -0.001738
36.900000 -0.000776
36.950000 -0.001044
37.000000 0.000005
37.050000 -0.000217
37.100000 0.000850
37.150000 0.000602
37.200000 0.001616
37.250000 0.001274
37.300000 0.002171
37.350000 0.001681
37.400000 0.002418
37.450000 0.001748
37.500000 0.002309
37.550000 0.001458
37.600000 0.001855
37.650000 0.000851
37.700000 0.001127
37.750000 0.000025
37.800000 0.000246
37.850000 -0.000881
37.900000 -0.000637
37.950000 -0.001709
38.000000 -0.001367
38.050000 -0.002314
38.100000 -0.001812
38.150000 -0.002587
38.200000 -0.001892
38.250000 -0.002476
38.300000 -0.001587
38.350000 -0.001998
38.400000 -0.000949
38.450000 -0.001233
38.500000 -0.000083
38.550000 -0.000311
38.600000 0.000864
38.650000 0.000614
38.700000 0.001735
38.750000 0.001387
38.800000 0.002386
38.850000 0.001881
38.900000 0.002710
38.950000 0.002013
39.000000 0.002650
39.050000 0.001756
39.100000 0.002213
39.150000 0.001147
39.200000 0.001463
39.250000 0.000279
39.300000 0.000517
39.350000 -0.000714
39.400000 -0.000474
39.450000 -0.001670
39.500000 -0.001348
39.550000 -0.002431
39.600000 -0.001956
39.650000 -0.002867
39.700000 -0.002192
39.750000 -0.002897
39.800000 -0.002007
39.850000 -0.002511
39.900000 -0.001426
39.950000 -0.001766
40.000000 -0.000540
40.050000 -0.000782
40.100000 0.000508
40.150000 0.000279
40.200000 0.001546
40.250000 0.001246
40.300000 0.002408
40.350000 0.001961
40.400000 0.002955
40.450000 0.002310
40.500000 0.003100
40.550000 0.002237
40.600000 0.002817
40.650000 0.001749
40.700000 0.002150
40.750000 0.000919
40.800000 0.001197
40.850000 -0.000129
40.900000 0.000101
40.950000 -0.001237
41.000000 -0.000970
41.050000 -0.002235
41.100000 -0.001849
41.150000 -0.002966
41.200000 -0.002395
41.250000 -0.003311
41.300000 -0.002514
41.350000 -0.003205
41.400000 -0.002178
41.450000 -0.002656
41.500000 -0.001429
41.550000 -0.001742
41.600000 -0.000379
41.650000 -0.000602
41.700000 0.000812
41.750000 0.000585
41.800000 0.001957
41.850000 0.001635
41.900000 0.002876
41.950000 0.002381
42.000000 0.003427
42.050000 0.002709
42.100000 0.003525
42.150000 0.002566
42.200000 0.003153
42.250000 0.001972
42.300000 0.002365
42.350000 0.001013
42.400000 0.001277
42.450000 -0.000172
42.500000 0.000046
42.550000 -0.001411
42.600000 -0.001150
42.650000 -0.002526
42.700000 -0.002134
42.750000 -0.003349
42.800000 -0.002758
42.850000 -0.003755
42.900000 -0.002922
42.950000 -0.003674
43.000000 -0.002590
43.050000 -0.003108
43.100000 -0.001802
43.150000 -0.002131
43.200000 -0.000663
43.250000 -0.000880
43.300000 0.000661
43.350000 0.000461
43.400000 0.001974
43.450000 0.001691
43.500000 0.003080
43.550000 0.002624
43.600000 0.003810
43.650000 0.003116
43.700000 0.004050
43.750000 0.003088
43.800000 0.003760
43.850000 0.002538
43.900000 0.002973
43.950000 0.001533
44.000000 0.001790
44.050000 0.000204
44.100000 0.000365
44.150000 -0.001278
44.200000 -0.001120
44.250000 -0.002725
44.300000 -0.002477
44.350000 -0.003955
44.400000 -0.003536
44.450000 -0.004815
44.500000 -0.004163
44.550000 -0.005196
44.600000 -0.004279
44.650000 -0.005049
44.700000 -0.003866
44.750000 -0.004385
44.800000 -0.002961
44.850000 -0.003265
44.900000 -0.001643
44.950000 -0.001778
