-30.000000 0.000832
-29.950000 0.000489
-29.900000 0.001002
-29.850000 0.000362
-29.800000 0.000620
-29.750000 -0.000237
-29.700000 -0.000139
-29.650000 -0.001110
-29.600000 -0.001066
-29.550000 -0.002042
-29.500000 -0.001942
-29.450000 -0.002820
-29.400000 -0.002574
-29.350000 -0.003275
-29.300000 -0.002818
-29.250000 -0.003298
-29.200000 -0.002607
-29.150000 -0.002862
-29.100000 -0.001952
-29.050000 -0.002017
-29.000000 -0.000942
-28.950000 -0.000887
-28.900000 0.000272
-28.850000 0.000359
-28.800000 0.001507
-28.750000 0.001529
-28.700000 0.002574
-28.650000 0.002445
-28.600000 0.003308
-28.550000 0.002962
-28.500000 0.003594
-28.450000 0.002998
-28.400000 0.003381
-28.350000 0.002537
-28.300000 0.002694
-28.250000 0.001641
-28.200000 0.001626
-28.150000 0.000433
-28.100000 0.000330
-28.050000 -0.000908
-28.000000 -0.001001
-27.950000 -0.002184
-27.900000 -0.002165
-27.850000 -0.003198
-27.800000 -0.002982
-27.750000 -0.003791
-27.700000 -0.003322
-27.650000 -0.003868
-27.600000 -0.003125
-27.550000 -0.003409
-27.500000 -0.002414
-27.450000 -0.002478
-27.400000 -0.001290
-27.350000 -0.001207
-27.300000 0.000086
-27.250000 0.000218
-27.200000 0.001515
-27.150000 0.001593
-27.100000 0.002791
-27.050000 0.002717
-27.000000 0.003729
-26.950000 0.003428
-26.900000 0.004190
-26.850000 0.003615
-26.800000 0.004101
-26.750000 0.003243
-26.700000 0.003463
-26.650000 0.002354
-26.600000 0.002357
-26.550000 0.001063
-26.500000 0.000932
-26.450000 -0.000453
-26.400000 -0.000615
-26.350000 -0.001981
-26.300000 -0.002063
-26.250000 -0.003302
-26.200000 -0.003202
-26.150000 -0.004222
-26.100000 -0.003864
-26.050000 -0.004606
-26.000000 -0.003948
-25.950000 -0.004391
-25.900000 -0.003435
-25.850000 -0.003603
-25.800000 -0.002391
-25.750000 -0.002344
-25.700000 -0.000955
-25.650000 -0.000785
-25.600000 0.000682
-25.550000 0.000868
-25.500000 0.002299
-25.450000 0.002389
-25.400000 0.003679
-25.350000 0.003574
-25.300000 0.004632
-25.250000 0.004255
-25.200000 0.005022
-25.150000 0.004332
-25.100000 0.004785
-25.050000 0.003780
-25.000000 0.003939
-24.950000 0.002660
-24.900000 0.002587
-24.850000 0.001113
-24.800000 0.000901
-24.750000 -0.000662
-24.700000 -0.000897
-24.650000 -0.002428
-24.600000 -0.002566
-24.550000 -0.003949
-24.500000 -0.003881
-24.450000 -0.005018
-24.400000 -0.004662
-24.350000 -0.005489
-24.300000 -0.004802
-24.250000 -0.005296
-24.200000 -0.004275
-24.150000 -0.004456
-24.100000 -0.003141
-24.050000 -0.003069
-24.000000 -0.001538
-23.950000 -0.001304
-23.900000 0.000339
-23.850000 0.000620
-23.800000 0.002256
-23.750000 0.002464
-23.700000 0.003973
-23.650000 0.003992
-23.600000 0.005267
-23.550000 0.005004
-23.500000 0.005967
-23.450000 0.005360
-23.400000 0.005970
-23.350000 0.005001
-23.300000 0.005262
-23.250000 0.003959
-23.200000 0.003922
-23.150000 0.002354
-23.100000 0.002106
-23.050000 0.000379
-23.000000 0.000038
-22.950000 -0.001724
-22.900000 -0.002029
-22.850000 -0.003697
-22.800000 -0.003842
-22.750000 -0.005298
-22.700000 -0.005176
-22.650000 -0.006328
-22.600000 -0.005865
-22.550000 -0.006658
-22.500000 -0.005817
-22.450000 -0.006237
-22.400000 -0.005027
-22.350000 -0.005103
-22.300000 -0.003575
-22.250000 -0.003377
-22.200000 -0.001618
-22.150000 -0.001251
-22.100000 0.000620
-22.050000 0.001029
-22.000000 0.002881
-21.950000 0.003197
-21.900000 0.004895
-21.850000 0.004990
-21.800000 0.006418
-21.750000 0.006191
-21.700000 0.007263
-21.650000 0.006647
-21.600000 0.007319
-21.550000 0.006294
-21.500000 0.006570
-21.450000 0.005164
-21.400000 0.005094
-21.350000 0.003377
-21.300000 0.003049
-21.250000 0.001127
-21.200000 0.000662
-21.150000 -0.001337
-21.100000 -0.001806
-21.050000 -0.003745
-21.000000 -0.004082
-20.950000 -0.005829
-20.900000 -0.005909
-20.850000 -0.007352
-20.800000 -0.007078
-20.750000 -0.008134
-20.700000 -0.007442
-20.650000 -0.008072
-20.600000 -0.006946
-20.550000 -0.007154
-20.500000 -0.005624
-20.450000 -0.005465
-20.400000 -0.003607
-20.350000 -0.003178
-20.300000 -0.001106
-20.250000 -0.000536
-20.200000 0.001611
-20.150000 0.002176
-20.100000 0.004249
-20.050000 0.004665
-20.000000 0.006524
-19.950000 0.006660
-19.900000 0.008189
-19.850000 0.007944
-19.800000 0.009062
-19.750000 0.008376
-19.700000 0.009042
-19.650000 0.007897
-19.600000 0.008119
-19.550000 0.006545
-19.500000 0.006372
-19.450000 0.004440
-19.400000 0.003964
-19.350000 0.001784
-19.300000 0.001129
-19.250000 -0.001164
-19.200000 -0.001852
-19.150000 -0.004106
-19.100000 -0.004675
-19.050000 -0.006739
-19.000000 -0.007044
-18.950000 -0.008784
-18.900000 -0.008705
-18.850000 -0.010020
-18.800000 -0.009477
-18.750000 -0.010308
-18.700000 -0.009265
-18.650000 -0.009604
-18.600000 -0.008080
-18.550000 -0.007969
-18.500000 -0.006028
-18.450000 -0.005552
-18.400000 -0.003300
-18.350000 -0.002582
-18.300000 -0.000154
-18.250000 0.000663
-18.200000 0.003116
-18.150000 0.003876
-18.100000 0.006200
-18.050000 0.006752
-18.000000 0.008801
-17.950000 0.009011
-17.900000 0.010665
-17.850000 0.010428
-17.800000 0.011599
-17.750000 0.010848
-17.700000 0.011494
-17.650000 0.010211
-17.600000 0.010338
-17.550000 0.008554
-17.500000 0.008219
-17.450000 0.006015
-17.400000 0.005319
-17.350000 0.002817
-17.300000 0.001899
-17.250000 -0.000751
-17.200000 -0.001732
-17.150000 -0.004366
-17.100000 -0.005245
-17.050000 -0.007700
-17.000000 -0.008319
-16.950000 -0.010448
-16.900000 -0.010675
-16.850000 -0.012358
-16.800000 -0.012091
-16.750000 -0.013248
-16.700000 -0.012426
-16.650000 -0.013020
-16.600000 -0.011632
-16.550000 -0.011673
-16.500000 -0.009752
-16.450000 -0.009301
-16.400000 -0.006930
-16.350000 -0.006088
-16.300000 -0.003391
-16.250000 -0.002301
-16.200000 0.000567
-16.150000 0.001741
-16.100000 0.004609
-16.050000 0.005691
-16.000000 0.008385
-15.950000 0.009208
-15.900000 0.011568
-15.850000 0.011985
-15.800000 0.013882
-15.750000 0.013782
-15.700000 0.015124
-15.650000 0.014438
-15.600000 0.015180
-15.550000 0.013886
-15.500000 0.014029
-15.450000 0.012152
-15.400000 0.011745
-15.350000 0.009354
-15.300000 0.008487
-15.250000 0.005694
-15.200000 0.004495
-15.150000 0.001443
-15.100000 0.000069
-15.050000 -0.003074
-15.000000 -0.004447
-14.950000 -0.007502
-14.900000 -0.008695
-14.850000 -0.011485
-14.800000 -0.012327
-14.750000 -0.014693
-14.700000 -0.015041
-14.650000 -0.016858
-14.600000 -0.016606
-14.550000 -0.017790
-14.500000 -0.016881
-14.450000 -0.017401
-14.400000 -0.015829
-14.350000 -0.015704
-14.300000 -0.013512
-14.250000 -0.012810
-14.200000 -0.010090
-14.150000 -0.008921
-14.100000 -0.005800
-14.050000 -0.004308
-14.000000 -0.000943
-13.950000 0.000705
-13.900000 0.004140
-13.850000 0.005765
-13.800000 0.009087
-13.750000 0.010507
-13.700000 0.013539
-13.650000 0.014584
-13.600000 0.017166
-13.550000 0.017688
-13.500000 0.019690
-13.450000 0.019579
-13.400000 0.020909
-13.350000 0.020098
-13.300000 0.020716
-13.250000 0.019187
-13.200000 0.019100
-13.150000 0.016888
-13.100000 0.016154
-13.050000 0.013338
-13.000000 0.012059
-12.950000 0.008761
-12.900000 0.007073
-12.850000 0.003444
-12.800000 0.001512
-12.750000 -0.002275
-12.700000 -0.004270
-12.650000 -0.008028
-12.600000 -0.009900
-12.550000 -0.013442
-12.500000 -0.015006
-12.450000 -0.018154
-12.400000 -0.019241
-12.350000 -0.021840
-12.300000 -0.022307
-12.250000 -0.024231
-12.200000 -0.023976
-12.150000 -0.025143
-12.100000 -0.024107
-12.050000 -0.024487
-12.000000 -0.022665
-11.950000 -0.022278
-11.900000 -0.019718
-11.850000 -0.018636
-11.800000 -0.015433
-11.750000 -0.013771
-11.700000 -0.010060
-11.650000 -0.007970
-11.600000 -0.003913
-11.550000 -0.001569
-11.500000 0.002652
-11.450000 0.005063
-11.400000 0.009256
-11.350000 0.011544
-11.300000 0.015522
-11.250000 0.017501
-11.200000 0.021084
-11.150000 0.022584
-11.100000 0.025612
-11.050000 0.026487
-11.000000 0.028828
-10.950000 0.028963
-10.900000 0.030523
-10.850000 0.029844
-10.800000 0.030571
-10.750000 0.029049
-10.700000 0.028939
-10.650000 0.026594
-10.600000 0.025688
-10.550000 0.022584
-10.500000 0.020970
-10.450000 0.017213
-10.400000 0.015012
-10.350000 0.010742
-10.300000 0.008109
-10.250000 0.003489
-10.200000 0.000599
-10.150000 -0.004186
-10.100000 -0.007145
-10.050000 -0.011901
-10.000000 -0.014733
-9.950000 -0.019265
-9.900000 -0.021775
-9.850000 -0.025892
-9.800000 -0.027896
-9.750000 -0.031423
-9.700000 -0.032757
-9.650000 -0.035545
-9.600000 -0.036079
-9.550000 -0.038016
-9.500000 -0.037658
-9.450000 -0.038677
-9.400000 -0.037384
-9.350000 -0.037465
-9.300000 -0.035242
-9.250000 -0.034415
-9.200000 -0.031314
-9.150000 -0.029653
-9.100000 -0.025769
-9.050000 -0.023385
-9.000000 -0.018846
-8.950000 -0.015882
-8.900000 -0.010843
-8.850000 -0.007464
-8.800000 -0.002099
-8.750000 0.001512
-8.700000 0.007016
-8.650000 0.010668
-8.600000 0.016116
-8.550000 0.019615
-8.500000 0.024814
-8.450000 0.027969
-8.400000 0.032735
-8.350000 0.035371
-8.300000 0.039537
-8.250000 0.041498
-8.200000 0.044923
-8.150000 0.046085
-8.100000 0.048661
-8.050000 0.048931
-8.000000 0.050584
-7.950000 0.049908
-7.900000 0.050600
-7.850000 0.048956
-7.800000 0.048682
-7.750000 0.046082
-7.700000 0.044870
-7.650000 0.041356
-7.600000 0.039263
-7.550000 0.034905
-7.500000 0.032015
-7.450000 0.026914
-7.400000 0.023340
-7.350000 0.017622
-7.300000 0.013505
-7.250000 0.007322
-7.200000 0.002827
-7.150000 -0.003644
-7.100000 -0.008334
-7.050000 -0.014903
-7.000000 -0.019591
-6.950000 -0.026058
-6.900000 -0.030546
-6.850000 -0.036716
-6.800000 -0.040810
-6.750000 -0.046496
-6.700000 -0.050018
-6.650000 -0.055050
-6.600000 -0.057841
-6.550000 -0.062072
-6.500000 -0.063998
-6.450000 -0.067305
-6.400000 -0.068256
-6.350000 -0.070545
-6.300000 -0.070441
-6.250000 -0.071647
-6.200000 -0.070440
-6.150000 -0.070533
-6.100000 -0.068211
-6.050000 -0.067195
-6.000000 -0.063782
-5.950000 -0.061701
-5.900000 -0.057259
-5.850000 -0.054193
-5.800000 -0.048818
-5.750000 -0.044879
-5.700000 -0.038695
-5.650000 -0.034017
-5.600000 -0.027168
-5.550000 -0.021901
-5.500000 -0.014542
-5.450000 -0.008843
-5.400000 -0.001133
-5.350000 0.004839
-5.300000 0.012744
-5.250000 0.018833
-5.200000 0.026780
-5.150000 0.032837
-5.100000 0.040679
-5.050000 0.046561
-5.000000 0.054158
-4.950000 0.059728
-4.900000 0.066949
-4.850000 0.072082
-4.800000 0.078807
-4.750000 0.083390
-4.700000 0.089516
-4.650000 0.093454
-4.600000 0.098894
-4.550000 0.102109
-4.500000 0.106795
-4.450000 0.109229
-4.400000 0.113109
-4.350000 0.114720
-4.300000 0.117758
-4.250000 0.118512
-4.200000 0.120682
-4.150000 0.120556
-4.100000 0.121834
-4.050000 0.120807
-4.000000 0.121175
-3.950000 0.119232
-3.900000 0.118676
-3.850000 0.115803
-3.800000 0.114313
-3.750000 0.110505
-3.700000 0.108080
-3.650000 0.103340
-3.600000 0.099985
-3.550000 0.094322
-3.500000 0.090052
-3.450000 0.083482
-3.400000 0.078316
-3.350000 0.070861
-3.300000 0.064819
-3.250000 0.056500
-3.200000 0.049605
-3.150000 0.040445
-3.100000 0.032720
-3.050000 0.022742
-3.000000 0.014210
-2.950000 0.003441
-2.900000 -0.005866
-2.850000 -0.017389
-2.800000 -0.027428
-2.750000 -0.039657
-2.700000 -0.050372
-2.650000 -0.063242
-2.600000 -0.074561
-2.550000 -0.087992
-2.500000 -0.099827
-2.450000 -0.113725
-2.400000 -0.125976
-2.350000 -0.140233
-2.300000 -0.152788
-2.250000 -0.167289
-2.200000 -0.180026
-2.150000 -0.194642
-2.100000 -0.207428
-2.050000 -0.222021
-2.000000 -0.234709
-1.950000 -0.249124
-1.900000 -0.261554
-1.850000 -0.275624
-1.800000 -0.287621
-1.750000 -0.301165
-1.700000 -0.312545
-1.650000 -0.325377
-1.600000 -0.335951
-1.550000 -0.347883
-1.500000 -0.357469
-1.450000 -0.368326
-1.400000 -0.376755
-1.350000 -0.386378
-1.300000 -0.393505
-1.250000 -0.401761
-1.200000 -0.407465
-1.150000 -0.414249
-1.100000 -0.418442
-1.050000 -0.423678
-1.000000 -0.426298
-0.950000 -0.429941
-0.900000 -0.430959
-0.850000 -0.432993
-0.800000 -0.432408
-0.750000 -0.432851
-0.700000 -0.430696
-0.650000 -0.429596
-0.600000 -0.425938
-0.550000 -0.423380
-0.500000 -0.418319
-0.450000 -0.414420
-0.400000 -0.408089
-0.350000 -0.402993
-0.300000 -0.395549
-0.250000 -0.389421
-0.200000 -0.381033
-0.150000 -0.374048
-0.100000 -0.364893
-0.050000 -0.357227
0.000000 -0.347478
0.050000 -0.339298
0.100000 -0.329119
0.150000 -0.320585
0.200000 -0.310127
0.250000 -0.301383
0.300000 -0.290786
0.350000 -0.281966
0.400000 -0.271358
0.450000 -0.262587
0.500000 -0.252086
0.550000 -0.243474
0.600000 -0.233186
0.650000 -0.224832
0.700000 -0.214849
0.750000 -0.206837
0.800000 -0.197231
0.850000 -0.189624
0.900000 -0.180450
0.950000 -0.173291
1.000000 -0.164583
1.050000 -0.157898
1.100000 -0.149674
1.150000 -0.143474
1.200000 -0.135739
1.250000 -0.130027
1.300000 -0.122783
1.350000 -0.117560
1.400000 -0.110806
1.450000 -0.106071
1.500000 -0.099809
1.550000 -0.095564
1.600000 -0.089794
1.650000 -0.086039
1.700000 -0.080761
1.750000 -0.077495
1.800000 -0.072708
1.850000 -0.069926
1.900000 -0.065623
1.950000 -0.063322
2.000000 -0.059500
2.050000 -0.057676
2.100000 -0.054336
2.150000 -0.052997
2.200000 -0.050155
2.250000 -0.049324
2.300000 -0.047014
2.350000 -0.046741
2.400000 -0.045025
2.450000 -0.045385
2.500000 -0.044357
2.550000 -0.045463
2.600000 -0.045254
2.650000 -0.047257
2.700000 -0.048042
2.750000 -0.051144
2.800000 -0.053153
2.850000 -0.057616
2.900000 -0.061152
2.950000 -0.067326
3.000000 -0.072790
3.050000 -0.081135
3.100000 -0.089057
3.150000 -0.100184
3.200000 -0.111266
3.250000 -0.125979
3.300000 -0.141138
3.350000 -0.160479
3.400000 -0.180898
3.450000 -0.206205
3.500000 -0.233388
3.550000 -0.266342
3.600000 -0.302161
3.650000 -0.344837
3.700000 -0.391574
3.750000 -0.446463
3.800000 -0.506813
3.850000 -0.576799
3.900000 -0.653808
3.950000 -0.742052
4.000000 -0.838930
4.050000 -0.948596
4.100000 -1.068335
4.150000 -1.202078
4.200000 -1.346786
4.250000 -1.505921
4.300000 -1.675826
4.350000 -1.859161
4.400000 -2.051302
4.450000 -2.253757
4.500000 -2.460609
4.550000 -2.671966
4.600000 -2.880496
4.650000 -3.084955
4.700000 -3.276872
4.750000 -3.454188
4.800000 -3.608102
4.850000 -3.736799
4.900000 -3.832395
4.950000 -3.894645
5.000000 -3.917853
5.050000 -3.904413
5.100000 -3.851550
5.150000 -3.764596
5.200000 -3.643522
5.250000 -3.495967
5.300000 -3.323650
5.350000 -3.135285
5.400000 -2.933018
5.450000 -2.725356
5.500000 -2.513756
5.550000 -2.305647
5.600000 -2.101188
5.650000 -1.906386
5.700000 -1.720002
5.750000 -1.546708
5.800000 -1.384086
5.850000 -1.235778
5.900000 -1.098535
5.950000 -0.975324
6.000000 -0.862401
6.050000 -0.762359
6.100000 -0.671222
6.150000 -0.591427
6.200000 -0.518937
6.250000 -0.456174
6.300000 -0.399143
6.350000 -0.350320
6.400000 -0.305804
6.450000 -0.268161
6.500000 -0.233603
6.550000 -0.204790
6.600000 -0.178047
6.650000 -0.156127
6.700000 -0.135458
6.750000 -0.118872
6.800000 -0.102891
6.850000 -0.090411
6.900000 -0.078030
6.950000 -0.068700
7.000000 -0.059081
7.050000 -0.052165
7.100000 -0.044665
7.150000 -0.039600
7.200000 -0.033725
7.250000 -0.030079
7.300000 -0.025450
7.350000 -0.022887
7.400000 -0.019208
7.450000 -0.017468
7.500000 -0.014506
7.550000 -0.013383
7.600000 -0.010957
7.650000 -0.010290
7.700000 -0.008260
7.750000 -0.007927
7.800000 -0.006189
7.850000 -0.006104
7.900000 -0.004585
7.950000 -0.004688
8.000000 -0.003340
8.050000 -0.003592
8.100000 -0.002385
8.150000 -0.002761
8.200000 -0.001672
8.250000 -0.002152
8.300000 -0.001161
8.350000 -0.001724
8.400000 -0.000810
8.450000 -0.001434
8.500000 -0.000574
8.550000 -0.001234
8.600000 -0.000405
8.650000 -0.001082
8.700000 -0.000266
8.750000 -0.000944
8.800000 -0.000130
8.850000 -0.000804
8.900000 0.000010
8.950000 -0.000662
9.000000 0.000145
9.050000 -0.000533
9.100000 0.000258
9.150000 -0.000436
9.200000 0.000331
9.250000 -0.000385
9.300000 0.000354
9.350000 -0.000383
9.400000 0.000333
9.450000 -0.000417
9.500000 0.000286
9.550000 -0.000465
9.600000 0.000240
9.650000 -0.000498
9.700000 0.000218
9.750000 -0.000499
9.800000 0.000235
9.850000 -0.000460
9.900000 0.000288
9.950000 -0.000393
10.000000 0.000358
10.050000 -0.000321
10.100000 0.000422
10.150000 -0.000267
10.200000 0.000455
10.250000 -0.000252
10.300000 0.000446
10.350000 -0.000279
10.400000 0.000398
10.450000 -0.000337
10.500000 0.000330
10.550000 -0.000404
10.600000 0.000267
10.650000 -0.000453
10.700000 0.000232
10.750000 -0.000465
10.800000 0.000239
10.850000 -0.000433
10.900000 0.000287
10.950000 -0.000369
11.000000 0.000357
11.050000 -0.000295
11.100000 0.000422
11.150000 -0.000239
11.200000 0.000459
11.250000 -0.000221
11.300000 0.000451
11.350000 -0.000248
11.400000 0.000401
11.450000 -0.000311
11.500000 0.000326
11.550000 -0.000385
11.600000 0.000255
11.650000 -0.000442
11.700000 0.000213
11.750000 -0.000460
11.800000 0.000216
11.850000 -0.000431
11.900000 0.000263
11.950000 -0.000365
12.000000 0.000336
12.050000 -0.000287
12.100000 0.000407
12.150000 -0.000223
12.200000 0.000451
12.250000 -0.000198
12.300000 0.000450
12.350000 -0.000220
12.400000 0.000404
12.450000 -0.000281
12.500000 0.000328
12.550000 -0.000360
12.600000 0.000249
12.650000 -0.000426
12.700000 0.000195
12.750000 -0.000456
12.800000 0.000187
12.850000 -0.000436
12.900000 0.000228
12.950000 -0.000372
13.000000 0.000303
13.050000 -0.000288
13.100000 0.000384
13.150000 -0.000212
13.200000 0.000441
13.250000 -0.000174
13.300000 0.000452
13.350000 -0.000185
13.400000 0.000413
13.450000 -0.000244
13.500000 0.000336
13.550000 -0.000327
13.600000 0.000249
13.650000 -0.000404
13.700000 0.000182
13.750000 -0.000448
13.800000 0.000160
13.850000 -0.000441
13.900000 0.000189
13.950000 -0.000386
14.000000 0.000261
14.050000 -0.000300
14.100000 0.000348
14.150000 -0.000213
14.200000 0.000420
14.250000 -0.000156
14.300000 0.000450
14.350000 -0.000150
14.400000 0.000427
14.450000 -0.000196
14.500000 0.000356
14.550000 -0.000279
14.600000 0.000262
14.650000 -0.000369
14.700000 0.000178
14.750000 -0.000434
14.800000 0.000134
14.850000 -0.000448
14.900000 0.000145
14.950000 -0.000407
15.000000 0.000207
15.050000 -0.000323
15.100000 0.000299
15.150000 -0.000225
15.200000 0.000388
15.250000 -0.000148
15.300000 0.000441
15.350000 -0.000118
15.400000 0.000440
15.450000 -0.000145
15.500000 0.000383
15.550000 -0.000220
15.600000 0.000290
15.650000 -0.000317
15.700000 0.000192
15.750000 -0.000402
15.800000 0.000122
15.850000 -0.000445
15.900000 0.000104
15.950000 -0.000429
16.000000 0.000146
16.050000 -0.000359
16.100000 0.000232
16.150000 -0.000258
16.200000 0.000334
16.250000 -0.000159
16.300000 0.000415
16.350000 -0.000096
16.400000 0.000447
16.450000 -0.000093
16.500000 0.000416
16.550000 -0.000149
16.600000 0.000333
16.650000 -0.000247
16.700000 0.000224
16.750000 -0.000351
16.800000 0.000127
16.850000 -0.000425
16.900000 0.000075
16.950000 -0.000444
17.000000 0.000085
17.050000 -0.000400
17.100000 0.000154
17.150000 -0.000306
17.200000 0.000259
17.250000 -0.000194
17.300000 0.000363
17.350000 -0.000100
17.400000 0.000431
17.450000 -0.000057
17.500000 0.000440
17.550000 -0.000078
17.600000 0.000384
17.650000 -0.000157
17.700000 0.000282
17.750000 -0.000268
17.800000 0.000165
17.850000 -0.000374
17.900000 0.000073
17.950000 -0.000437
18.000000 0.000037
18.050000 -0.000436
18.100000 0.000069
18.150000 -0.000369
18.200000 0.000160
18.250000 -0.000257
18.300000 0.000278
18.350000 -0.000136
18.400000 0.000384
18.450000 -0.000048
18.500000 0.000441
18.550000 -0.000020
18.600000 0.000429
18.650000 -0.000063
18.700000 0.000352
18.750000 -0.000162
18.800000 0.000234
18.850000 -0.000284
18.900000 0.000112
18.950000 -0.000389
19.000000 0.000026
19.050000 -0.000442
19.100000 0.000004
19.150000 -0.000424
19.200000 0.000053
19.250000 -0.000340
19.300000 0.000159
19.350000 -0.000215
19.400000 0.000286
19.450000 -0.000089
19.500000 0.000394
19.550000 -0.000002
19.600000 0.000445
19.650000 0.000015
19.700000 0.000421
19.750000 -0.000041
19.800000 0.000329
19.850000 -0.000155
19.900000 0.000196
19.950000 -0.000289
20.000000 0.000066
20.050000 -0.000398
20.100000 -0.000020
20.150000 -0.000446
20.200000 -0.000034
20.250000 -0.000417
20.300000 0.000029
20.350000 -0.000319
20.400000 0.000148
20.450000 -0.000181
20.500000 0.000286
20.550000 -0.000048
20.600000 0.000397
20.650000 0.000039
20.700000 0.000446
20.750000 0.000053
20.800000 0.000416
20.850000 -0.000012
20.900000 0.000315
20.950000 -0.000135
21.000000 0.000172
21.050000 -0.000278
21.100000 0.000033
21.150000 -0.000396
21.200000 -0.000060
21.250000 -0.000449
21.300000 -0.000076
21.350000 -0.000419
21.400000 -0.000010
21.450000 -0.000314
21.500000 0.000119
21.550000 -0.000165
21.600000 0.000269
21.650000 -0.000018
21.700000 0.000393
21.750000 0.000080
21.800000 0.000450
21.850000 0.000099
21.900000 0.000422
21.950000 0.000032
22.000000 0.000315
22.050000 -0.000099
22.100000 0.000163
22.150000 -0.000254
22.200000 0.000010
22.250000 -0.000384
22.300000 -0.000096
22.350000 -0.000450
22.400000 -0.000122
22.450000 -0.000428
22.500000 -0.000061
22.550000 -0.000325
22.600000 0.000070
22.650000 -0.000169
22.700000 0.000231
22.750000 -0.000007
22.800000 0.000373
22.850000 0.000112
22.900000 0.000451
22.950000 0.000150
23.000000 0.000439
23.050000 0.000095
23.100000 0.000338
23.150000 -0.000036
23.200000 0.000178
23.250000 -0.000205
23.300000 0.000007
23.350000 -0.000358
23.400000 -0.000124
23.450000 -0.000449
23.500000 -0.000175
23.550000 -0.000448
23.600000 -0.000130
23.650000 -0.000355
23.700000 -0.000002
23.750000 -0.000195
23.800000 0.000170
23.850000 -0.000016
23.900000 0.000334
23.950000 0.000129
24.000000 0.000441
24.050000 0.000198
24.100000 0.000458
24.150000 0.000169
24.200000 0.000378
24.250000 0.000050
24.300000 0.000222
24.350000 -0.000124
24.400000 0.000035
24.450000 -0.000302
24.500000 -0.000129
24.550000 -0.000431
24.600000 -0.000220
24.650000 -0.000470
24.700000 -0.000211
24.750000 -0.000406
24.800000 -0.000103
24.850000 -0.000255
24.900000 0.000072
24.950000 -0.000060
25.000000 0.000263
25.050000 0.000120
25.100000 0.000413
25.150000 0.000235
25.200000 0.000475
25.250000 0.000249
25.300000 0.000432
25.350000 0.000159
25.400000 0.000294
25.450000 -0.000010
25.500000 0.000099
25.550000 -0.000209
25.600000 -0.000097
25.650000 -0.000380
25.700000 -0.000239
25.750000 -0.000474
25.800000 -0.000285
25.850000 -0.000461
25.900000 -0.000221
25.950000 -0.000342
26.000000 -0.000064
26.050000 -0.000150
26.100000 0.000142
26.150000 0.000062
26.200000 0.000337
26.250000 0.000233
26.300000 0.000465
26.350000 0.000315
26.400000 0.000486
26.450000 0.000282
26.500000 0.000393
26.550000 0.000143
26.600000 0.000210
26.650000 -0.000063
26.700000 -0.000012
26.750000 -0.000278
26.800000 -0.000211
26.850000 -0.000438
26.900000 -0.000330
26.950000 -0.000499
27.000000 -0.000336
27.050000 -0.000441
27.100000 -0.000226
27.150000 -0.000279
27.200000 -0.000031
27.250000 -0.000057
27.300000 0.000196
27.350000 0.000166
27.400000 0.000391
27.450000 0.000327
27.500000 0.000499
27.550000 0.000381
27.600000 0.000488
27.650000 0.000312
27.700000 0.000358
27.750000 0.000138
27.800000 0.000142
27.850000 -0.000096
27.900000 -0.000100
27.950000 -0.000323
28.000000 -0.000304
28.050000 -0.000480
28.100000 -0.000410
28.150000 -0.000521
28.200000 -0.000390
28.250000 -0.000433
28.300000 -0.000247
28.350000 -0.000238
28.400000 -0.000021
28.450000 0.000012
28.500000 0.000227
28.550000 0.000249
28.600000 0.000429
28.650000 0.000409
28.700000 0.000529
28.750000 0.000449
28.800000 0.000498
28.850000 0.000357
28.900000 0.000342
28.950000 0.000156
29.000000 0.000102
29.050000 -0.000100
29.100000 -0.000160
29.150000 -0.000343
29.200000 -0.000375
29.250000 -0.000508
29.300000 -0.000485
29.350000 -0.000547
29.400000 -0.000458
29.450000 -0.000447
29.500000 -0.000299
29.550000 -0.000232
29.600000 -0.000050
29.650000 0.000043
29.700000 0.000224
29.750000 0.000304
29.800000 0.000447
29.850000 0.000482
29.900000 0.000560
29.950000 0.000529
30.000000 0.000531
30.050000 0.000432
30.100000 0.000364
30.150000 0.000215
30.200000 0.000104
30.250000 -0.000065
30.300000 -0.000185
30.350000 -0.000335
30.400000 -0.000426
30.450000 -0.000524
30.500000 -0.000558
30.550000 -0.000582
30.600000 -0.000545
30.650000 -0.000491
30.700000 -0.000388
30.750000 -0.000271
30.800000 -0.000127
30.850000 0.000023
30.900000 0.000173
30.950000 0.000317
31.000000 0.000434
31.050000 0.000534
31.100000 0.000586
31.150000 0.000618
31.200000 0.000588
31.250000 0.000544
31.300000 0.000435
31.350000 0.000330
31.400000 0.000166
31.450000 0.000030
31.500000 -0.000153
31.550000 -0.000280
31.600000 -0.000441
31.650000 -0.000519
31.700000 -0.000623
31.750000 -0.000625
31.800000 -0.000654
31.850000 -0.000570
31.900000 -0.000524
31.950000 -0.000365
32.000000 -0.000264
32.050000 -0.000060
32.100000 0.000060
32.150000 0.000271
32.200000 0.000369
32.250000 0.000546
32.300000 0.000585
32.350000 0.000696
32.400000 0.000652
32.450000 0.000681
32.500000 0.000549
32.550000 0.000503
32.600000 0.000299
32.650000 0.000203
32.700000 -0.000039
32.750000 -0.000145
32.800000 -0.000383
32.850000 -0.000454
32.900000 -0.000646
32.950000 -0.000646
33.000000 -0.000761
33.050000 -0.000671
33.100000 -0.000700
33.150000 -0.000519
33.200000 -0.000475
33.250000 -0.000228
33.300000 -0.000141
33.350000 0.000135
33.400000 0.000221
33.450000 0.000482
33.500000 0.000523
33.550000 0.000728
33.600000 0.000691
33.650000 0.000814
33.700000 0.000682
33.750000 0.000717
33.800000 0.000495
33.850000 0.000458
33.900000 0.000172
33.950000 0.000097
34.000000 -0.000213
34.050000 -0.000281
34.100000 -0.000568
34.150000 -0.000584
34.200000 -0.000808
34.250000 -0.000738
34.300000 -0.000872
34.350000 -0.000701
34.400000 -0.000744
34.450000 -0.000480
34.500000 -0.000450
34.550000 -0.000124
34.600000 -0.000060
34.650000 0.000284
34.700000 0.000334
34.750000 0.000647
34.800000 0.000638
34.850000 0.000880
34.900000 0.000777
34.950000 0.000926
35.000000 0.000719
35.050000 0.000773
35.100000 0.000473
35.150000 0.000455
35.200000 0.000095
35.250000 0.000045
35.300000 -0.000331
35.350000 -0.000364
35.400000 -0.000707
35.450000 -0.000678
35.500000 -0.000945
35.550000 -0.000820
35.600000 -0.000989
35.650000 -0.000755
35.700000 -0.000825
35.750000 -0.000493
35.800000 -0.000487
35.850000 -0.000090
35.900000 -0.000050
35.950000 0.000363
36.000000 0.000385
36.050000 0.000761
36.100000 0.000716
36.150000 0.001013
36.200000 0.000867
36.250000 0.001059
36.300000 0.000799
36.350000 0.000887
36.400000 0.000525
36.450000 0.000534
36.500000 0.000105
36.550000 0.000078
36.600000 -0.000368
36.650000 -0.000379
36.700000 -0.000790
36.750000 -0.000734
36.800000 -0.001067
36.850000 -0.000908
36.900000 -0.001134
36.950000 -0.000857
37.000000 -0.000975
37.050000 -0.000590
37.100000 -0.000620
37.150000 -0.000160
37.200000 -0.000145
37.250000 0.000341
37.300000 0.000346
37.350000 0.000801
37.400000 0.000743
37.450000 0.001119
37.500000 0.000956
37.550000 0.001222
37.600000 0.000934
37.650000 0.001083
37.700000 0.000678
37.750000 0.000730
37.800000 0.000241
37.850000 0.000239
37.900000 -0.000284
37.950000 -0.000283
38.000000 -0.000783
38.050000 -0.000724
38.100000 -0.001148
38.150000 -0.000986
38.200000 -0.001300
38.250000 -0.001012
38.300000 -0.001204
38.350000 -0.000791
38.400000 -0.000877
38.450000 -0.000368
38.500000 -0.000385
38.550000 0.000173
38.600000 0.000168
38.650000 0.000717
38.700000 0.000667
38.750000 0.001150
38.800000 0.001003
38.850000 0.001377
38.900000 0.001101
38.950000 0.001346
39.000000 0.000934
39.050000 0.001059
39.100000 0.000534
39.150000 0.000573
39.200000 -0.000018
39.250000 -0.000010
39.300000 -0.000608
39.350000 -0.000568
39.400000 -0.001112
39.450000 -0.000984
39.500000 -0.001424
39.550000 -0.001168
39.600000 -0.001477
39.650000 -0.001080
39.700000 -0.001258
39.750000 -0.000734
39.800000 -0.000809
39.850000 -0.000197
39.900000 -0.000219
39.950000 0.000423
40.000000 0.000393
40.050000 0.001003
40.100000 0.000903
40.150000 0.001423
40.200000 0.001204
40.250000 0.001596
40.300000 0.001231
40.350000 0.001480
40.400000 0.000971
40.450000 0.001095
40.500000 0.000472
40.550000 0.000514
40.600000 -0.000168
40.650000 -0.000146
40.700000 -0.000822
40.750000 -0.000753
40.800000 -0.001357
40.850000 -0.001182
40.900000 -0.001664
40.950000 -0.001344
41.000000 -0.001679
41.050000 -0.001203
41.100000 -0.001396
41.150000 -0.000785
41.200000 -0.000868
41.250000 -0.000167
41.300000 -0.000197
41.350000 0.000532
41.400000 0.000487
41.450000 0.001176
41.500000 0.001052
41.550000 0.001640
41.600000 0.001385
41.650000 0.001830
41.700000 0.001415
41.750000 0.001704
41.800000 0.001131
41.850000 0.001281
41.900000 0.000581
41.950000 0.000637
42.000000 -0.000133
42.050000 -0.000105
42.100000 -0.000874
42.150000 -0.000802
42.200000 -0.001498
42.250000 -0.001317
42.300000 -0.001884
42.350000 -0.001547
42.400000 -0.001953
42.450000 -0.001444
42.500000 -0.001689
42.550000 -0.001024
42.600000 -0.001138
42.650000 -0.000363
42.700000 -0.000403
42.750000 0.000419
42.800000 0.000380
42.850000 0.001175
42.900000 0.001067
42.950000 0.001765
43.000000 0.001526
43.050000 0.002076
43.100000 0.001667
43.150000 0.002047
43.200000 0.001459
43.250000 0.001674
43.300000 0.000931
43.350000 0.001021
43.400000 0.000176
43.450000 0.000205
43.500000 -0.000670
43.550000 -0.000625
43.600000 -0.001450
43.650000 -0.001313
43.700000 -0.002019
43.750000 -0.001728
43.800000 -0.002265
43.850000 -0.001786
43.900000 -0.002138
43.950000 -0.001470
44.000000 -0.001651
44.050000 -0.000826
44.100000 -0.000884
44.150000 0.000039
44.200000 0.000038
44.250000 0.000985
44.300000 0.000962
44.350000 0.001856
44.400000 0.001740
44.450000 0.002515
44.500000 0.002248
44.550000 0.002860
44.600000 0.002411
44.650000 0.002844
44.700000 0.002213
44.750000 0.002479
44.800000 0.001690
44.850000 0.001825
44.900000 0.000923
44.950000 0.000973
