-30.000000 0.000103
-29.900000 0.000188
-29.800000 0.000322
-29.700000 0.000409
-29.600000 0.000481
-29.500000 0.000483
-29.400000 0.000429
-29.300000 0.000319
-29.200000 0.000153
-29.100000 -0.000013
-29.000000 -0.000206
-28.900000 -0.000329
-28.800000 -0.000451
-28.700000 -0.000452
-28.600000 -0.000453
-28.500000 -0.000313
-28.400000 -0.000210
-28.300000 0.000019
-28.200000 0.000148
-28.100000 0.000368
-28.000000 0.000417
-27.900000 0.000534
-27.800000 0.000437
-27.700000 0.000422
-27.600000 0.000192
-27.500000 0.000096
-27.400000 -0.000184
-27.300000 -0.000263
-27.200000 -0.000493
-27.100000 -0.000464
-27.000000 -0.000572
-26.900000 -0.000392
-26.800000 -0.000371
-26.700000 -0.000074
-26.600000 0.000006
-26.500000 0.000321
-26.400000 0.000351
-26.300000 0.000583
-26.200000 0.000483
-26.100000 0.000583
-26.000000 0.000337
-25.900000 0.000321
-25.800000 -0.000023
-25.700000 -0.000078
-25.600000 -0.000423
-25.500000 -0.000412
-25.400000 -0.000657
-25.300000 -0.000500
-25.200000 -0.000600
-25.100000 -0.000293
-25.000000 -0.000285
-24.900000 0.000103
-24.800000 0.000130
-24.700000 0.000501
-24.600000 0.000448
-24.500000 0.000712
-24.400000 0.000511
-24.300000 0.000628
-24.200000 0.000276
-24.100000 0.000283
-24.000000 -0.000147
-23.900000 -0.000153
-23.800000 -0.000554
-23.700000 -0.000472
-23.600000 -0.000759
-23.500000 -0.000529
-23.400000 -0.000672
-23.300000 -0.000295
-23.200000 -0.000323
-23.100000 0.000140
-23.000000 0.000137
-22.900000 0.000577
-22.800000 0.000490
-22.700000 0.000810
-22.600000 0.000569
-22.500000 0.000735
-22.400000 0.000343
-22.300000 0.000392
-22.200000 -0.000088
-22.100000 -0.000076
-22.000000 -0.000548
-21.900000 -0.000471
-21.800000 -0.000838
-21.700000 -0.000616
-21.600000 -0.000824
-21.500000 -0.000440
-21.400000 -0.000512
-21.300000 -0.000022
-21.200000 -0.000039
-21.100000 0.000463
-21.000000 0.000405
-20.900000 0.000825
-20.800000 0.000644
-20.700000 0.000918
-20.600000 0.000571
-20.500000 0.000687
-20.400000 0.000202
-20.300000 0.000222
-20.200000 -0.000311
-20.100000 -0.000281
-20.000000 -0.000756
-19.900000 -0.000624
-19.800000 -0.000968
-19.700000 -0.000684
-19.600000 -0.000869
-19.500000 -0.000432
-19.400000 -0.000485
-19.300000 0.000049
-19.200000 0.000046
-19.100000 0.000575
-19.000000 0.000516
-18.900000 0.000941
-18.800000 0.000746
-18.700000 0.001015
-18.600000 0.000663
-18.500000 0.000779
-18.400000 0.000295
-18.300000 0.000305
-18.200000 -0.000242
-18.100000 -0.000249
-18.000000 -0.000756
-17.900000 -0.000678
-17.800000 -0.001055
-17.700000 -0.000823
-17.600000 -0.001032
-17.500000 -0.000644
-17.400000 -0.000709
-17.300000 -0.000209
-17.200000 -0.000190
-17.100000 0.000350
-17.000000 0.000369
-16.900000 0.000855
-16.800000 0.000780
-16.700000 0.001128
-16.600000 0.000897
-16.500000 0.001071
-16.400000 0.000683
-16.300000 0.000714
-16.200000 0.000219
-16.100000 0.000172
-16.000000 -0.000354
-15.900000 -0.000400
-15.800000 -0.000872
-15.700000 -0.000833
-15.600000 -0.001173
-15.500000 -0.000984
-15.400000 -0.001150
-15.300000 -0.000803
-15.200000 -0.000815
-15.100000 -0.000355
-15.000000 -0.000277
-14.900000 0.000223
-14.800000 0.000316
-14.700000 0.000781
-14.600000 0.000812
-14.500000 0.001164
-14.400000 0.001066
-14.300000 0.001253
-14.200000 0.000995
-14.100000 0.001016
-14.000000 0.000625
-13.900000 0.000530
-13.800000 0.000072
-13.700000 -0.000069
-13.600000 -0.000525
-13.500000 -0.000642
-13.400000 -0.001025
-13.300000 -0.001051
-13.200000 -0.001298
-13.100000 -0.001179
-13.000000 -0.001257
-12.900000 -0.000988
-12.800000 -0.000917
-12.700000 -0.000540
-12.600000 -0.000377
-12.500000 0.000044
-12.400000 0.000235
-12.300000 0.000638
-12.200000 0.000797
-12.100000 0.001119
-12.000000 0.001181
-11.900000 0.001362
-11.800000 0.001284
-11.700000 0.001302
-11.600000 0.001086
-11.500000 0.000966
-11.400000 0.000654
-11.300000 0.000444
-11.200000 0.000085
-11.100000 -0.000167
-11.000000 -0.000521
-10.900000 -0.000757
-10.800000 -0.001044
-10.700000 -0.001199
-10.600000 -0.001359
-10.500000 -0.001388
-10.400000 -0.001400
-10.300000 -0.001304
-10.200000 -0.001185
-10.100000 -0.000990
-10.000000 -0.000767
-9.900000 -0.000501
-9.800000 -0.000205
-9.700000 0.000095
-9.600000 0.000412
-9.500000 0.000683
-9.400000 0.000956
-9.300000 0.001137
-9.200000 0.001321
-9.100000 0.001389
-9.000000 0.001474
-8.900000 0.001426
-8.800000 0.001413
-8.700000 0.001250
-8.600000 0.001141
-8.500000 0.000870
-8.400000 0.000685
-8.300000 0.000344
-8.200000 0.000133
-8.100000 -0.000224
-8.000000 -0.000409
-7.900000 -0.000740
-7.800000 -0.000872
-7.700000 -0.001160
-7.600000 -0.001222
-7.500000 -0.001447
-7.400000 -0.001416
-7.300000 -0.001553
-7.200000 -0.001411
-7.100000 -0.001455
-7.000000 -0.001215
-6.900000 -0.001192
-6.800000 -0.000888
-6.700000 -0.000831
-6.600000 -0.000487
-6.500000 -0.000411
-6.400000 -0.000037
-6.300000 0.000046
-6.200000 0.000427
-6.100000 0.000485
-6.000000 0.000835
-5.900000 0.000834
-5.800000 0.001130
-5.700000 0.001062
-5.600000 0.001311
-5.500000 0.001190
-5.400000 0.001402
-5.300000 0.001231
-5.200000 0.001399
-5.100000 0.001165
-5.000000 0.001282
-4.900000 0.000994
-4.800000 0.001081
-4.700000 0.000770
-4.600000 0.000860
-4.500000 0.000548
-4.400000 0.000649
-4.300000 0.000333
-4.200000 0.000436
-4.100000 0.000113
-4.000000 0.000224
-3.900000 -0.000088
-3.800000 0.000056
-3.700000 -0.000224
-3.600000 -0.000040
-3.500000 -0.000297
-3.400000 -0.000093
-3.300000 -0.000350
-3.200000 -0.000147
-3.100000 -0.000412
-3.000000 -0.000207
-2.900000 -0.000472
-2.800000 -0.000263
-2.700000 -0.000538
-2.600000 -0.000352
-2.500000 -0.000678
-2.400000 -0.000561
-2.300000 -0.000981
-2.200000 -0.000969
-2.100000 -0.001510
-2.000000 -0.001631
-1.900000 -0.002332
-1.800000 -0.002649
-1.700000 -0.003600
-1.600000 -0.004231
-1.500000 -0.005577
-1.400000 -0.006685
-1.300000 -0.008603
-1.200000 -0.010388
-1.100000 -0.013115
-1.000000 -0.015872
-0.900000 -0.019782
-0.800000 -0.023983
-0.700000 -0.029657
-0.600000 -0.036006
-0.500000 -0.044278
-0.400000 -0.053760
-0.300000 -0.065797
-0.200000 -0.079798
-0.100000 -0.097254
0.000000 -0.117750
0.100000 -0.142964
0.200000 -0.172694
0.300000 -0.208822
0.400000 -0.251365
0.500000 -0.302381
0.600000 -0.362042
0.700000 -0.432468
0.800000 -0.513781
0.900000 -0.607834
1.000000 -0.714226
1.100000 -0.833889
1.200000 -0.965063
1.300000 -1.106788
1.400000 -1.254944
1.500000 -1.405803
1.600000 -1.552392
1.700000 -1.688395
1.800000 -1.805092
1.900000 -1.895749
2.000000 -1.953031
2.100000 -1.973448
2.200000 -1.954559
2.300000 -1.898676
2.400000 -1.809217
2.500000 -1.693407
2.600000 -1.558025
2.700000 -1.411717
2.800000 -1.260945
2.900000 -1.112609
3.000000 -0.970636
3.100000 -0.839029
3.200000 -0.718977
3.300000 -0.612066
3.400000 -0.517616
3.500000 -0.435804
3.600000 -0.365057
3.700000 -0.304975
3.800000 -0.253747
3.900000 -0.210873
4.000000 -0.174633
4.100000 -0.144639
4.200000 -0.119385
4.300000 -0.098665
4.400000 -0.081220
4.500000 -0.067021
4.600000 -0.055035
4.700000 -0.045376
4.800000 -0.037189
4.900000 -0.030678
5.000000 -0.025117
5.100000 -0.020757
5.200000 -0.016973
5.300000 -0.014047
5.400000 -0.011445
5.500000 -0.009469
5.600000 -0.007669
5.700000 -0.006351
5.800000 -0.005125
5.900000 -0.004276
6.000000 -0.003457
6.100000 -0.002921
6.200000 -0.002361
6.300000 -0.002002
6.400000 -0.001592
6.500000 -0.001335
6.600000 -0.001032
6.700000 -0.000862
6.800000 -0.000664
6.900000 -0.000577
7.000000 -0.000469
7.100000 -0.000431
7.200000 -0.000367
7.300000 -0.000331
7.400000 -0.000274
7.500000 -0.000227
7.600000 -0.000187
7.700000 -0.000161
7.800000 -0.000184
7.900000 -0.000221
8.000000 -0.000340
8.100000 -0.000464
8.200000 -0.000702
8.300000 -0.000960
8.400000 -0.001412
8.500000 -0.001977
8.600000 -0.002933
8.700000 -0.004247
8.800000 -0.006349
8.900000 -0.009337
9.000000 -0.013916
9.100000 -0.020511
9.200000 -0.030409
9.300000 -0.044809
9.400000 -0.066233
9.500000 -0.097593
9.600000 -0.143977
9.700000 -0.211893
9.800000 -0.311586
9.900000 -0.456608
10.000000 -0.666675
10.100000 -0.967125
10.200000 -1.390890
10.300000 -1.974451
10.400000 -2.752210
10.500000 -3.738128
10.600000 -4.900254
10.700000 -6.126232
10.800000 -7.211407
10.900000 -7.897920
11.000000 -7.986342
11.100000 -7.448201
11.200000 -6.446210
11.300000 -5.234341
11.400000 -4.039896
11.500000 -2.999738
11.600000 -2.165601
11.700000 -1.531950
11.800000 -1.068744
11.900000 -0.738070
12.000000 -0.506540
12.100000 -0.345770
12.200000 -0.235530
12.300000 -0.159807
12.400000 -0.108525
12.500000 -0.073346
12.600000 -0.049819
12.700000 -0.033559
12.800000 -0.022900
12.900000 -0.015354
13.000000 -0.010588
13.100000 -0.007004
13.200000 -0.004906
13.300000 -0.003114
13.400000 -0.002243
13.500000 -0.001294
13.600000 -0.001024
13.700000 -0.000501
13.800000 -0.000536
13.900000 -0.000214
14.000000 -0.000373
14.100000 -0.000104
14.200000 -0.000277
14.300000 0.000005
14.400000 -0.000158
14.500000 0.000123
14.600000 -0.000066
14.700000 0.000174
14.800000 -0.000068
14.900000 0.000126
15.000000 -0.000144
15.100000 0.000050
15.200000 -0.000196
15.300000 0.000042
15.400000 -0.000157
15.500000 0.000117
15.600000 -0.000069
15.700000 0.000190
15.800000 -0.000032
15.900000 0.000176
16.000000 -0.000092
16.100000 0.000088
16.200000 -0.000179
16.300000 0.000027
16.400000 -0.000191
16.500000 0.000064
16.600000 -0.000112
16.700000 0.000156
16.800000 -0.000030
16.900000 0.000199
17.000000 -0.000036
17.100000 0.000139
17.200000 -0.000124
17.300000 0.000042
17.400000 -0.000195
17.500000 0.000014
17.600000 -0.000164
17.700000 0.000087
17.800000 -0.000062
17.900000 0.000180
18.000000 0.000001
18.100000 0.000185
18.200000 -0.000045
18.300000 0.000090
18.400000 -0.000150
18.500000 -0.000004
18.600000 -0.000196
18.700000 0.000003
18.800000 -0.000127
18.900000 0.000104
19.000000 -0.000012
19.100000 0.000188
19.200000 0.000028
19.300000 0.000160
19.400000 -0.000048
19.500000 0.000044
19.600000 -0.000158
19.700000 -0.000041
19.800000 -0.000182
19.900000 -0.000007
20.000000 -0.000086
20.100000 0.000111
20.200000 0.000034
20.300000 0.000184
20.400000 0.000054
20.500000 0.000129
20.600000 -0.000046
20.700000 -0.000004
20.800000 -0.000160
20.900000 -0.000082
21.000000 -0.000165
21.100000 -0.000027
21.200000 -0.000048
21.300000 0.000103
21.400000 0.000078
21.500000 0.000174
21.600000 0.000090
21.700000 0.000106
21.800000 -0.000023
21.900000 -0.000040
22.000000 -0.000146
22.100000 -0.000123
22.200000 -0.000149
22.300000 -0.000062
22.400000 -0.000022
22.500000 0.000079
22.600000 0.000114
22.700000 0.000157
22.800000 0.000131
22.900000 0.000090
23.000000 0.000015
23.100000 -0.000065
23.200000 -0.000120
23.300000 -0.000163
23.400000 -0.000138
23.500000 -0.000113
23.600000 -0.000014
23.700000 0.000037
23.800000 0.000141
23.900000 0.000142
24.000000 0.000185
24.100000 0.000095
24.200000 0.000075
24.300000 -0.000068
24.400000 -0.000083
24.500000 -0.000199
24.600000 -0.000138
24.700000 -0.000181
24.800000 -0.000033
24.900000 -0.000030
25.000000 0.000143
25.100000 0.000114
25.200000 0.000236
25.300000 0.000115
25.400000 0.000160
25.500000 -0.000036
25.600000 -0.000016
25.700000 -0.000211
25.800000 -0.000132
25.900000 -0.000253
26.000000 -0.000076
26.100000 -0.000125
26.200000 0.000109
26.300000 0.000059
26.400000 0.000263
26.500000 0.000133
26.600000 0.000252
26.700000 0.000026
26.800000 0.000085
26.900000 -0.000175
27.000000 -0.000093
27.100000 -0.000300
27.200000 -0.000123
27.300000 -0.000240
27.400000 0.000026
27.500000 -0.000044
27.600000 0.000234
27.700000 0.000118
27.800000 0.000324
27.900000 0.000106
28.000000 0.000220
28.100000 -0.000075
28.200000 0.000009
28.300000 -0.000278
28.400000 -0.000135
28.500000 -0.000338
28.600000 -0.000090
28.700000 -0.000203
28.800000 0.000112
28.900000 0.000018
29.000000 0.000309
29.100000 0.000144
29.200000 0.000338
29.300000 0.000064
29.400000 0.000166
29.500000 -0.000166
29.600000 -0.000073
29.700000 -0.000363
29.800000 -0.000177
29.900000 -0.000339
