-30.000000 -0.000359
-29.900000 -0.000173
-29.800000 -0.000364
-29.700000 -0.000038
-29.600000 -0.000133
-29.500000 0.000237
-29.400000 0.000127
-29.300000 0.000432
-29.200000 0.000217
-29.100000 0.000400
-29.000000 0.000068
-28.900000 0.000160
-28.800000 -0.000218
-28.700000 -0.000122
-28.600000 -0.000443
-28.500000 -0.000250
-28.400000 -0.000447
-28.300000 -0.000132
-28.200000 -0.000222
-28.100000 0.000157
-28.000000 0.000084
-27.900000 0.000423
-27.800000 0.000267
-27.700000 0.000486
-27.600000 0.000202
-27.500000 0.000298
-27.400000 -0.000072
-27.300000 -0.000022
-27.200000 -0.000376
-27.100000 -0.000266
-27.000000 -0.000510
-26.900000 -0.000275
-26.800000 -0.000385
-26.700000 -0.000042
-26.600000 -0.000072
-26.500000 0.000290
-26.400000 0.000234
-26.300000 0.000509
-26.200000 0.000338
-26.100000 0.000471
-26.000000 0.000173
-25.900000 0.000193
-25.800000 -0.000162
-25.700000 -0.000157
-25.600000 -0.000460
-25.500000 -0.000367
-25.400000 -0.000536
-25.300000 -0.000307
-25.200000 -0.000335
-25.100000 -0.000010
-25.000000 0.000026
-24.900000 0.000347
-24.800000 0.000337
-24.700000 0.000551
-24.600000 0.000414
-24.500000 0.000474
-24.400000 0.000209
-24.300000 0.000155
-24.200000 -0.000162
-24.100000 -0.000227
-24.000000 -0.000483
-23.900000 -0.000456
-23.800000 -0.000568
-23.700000 -0.000400
-23.600000 -0.000361
-23.500000 -0.000086
-23.400000 0.000031
-23.300000 0.000310
-23.200000 0.000392
-23.100000 0.000566
-23.000000 0.000523
-22.900000 0.000537
-22.800000 0.000353
-22.700000 0.000230
-22.600000 -0.000031
-22.500000 -0.000196
-22.400000 -0.000423
-22.300000 -0.000517
-22.200000 -0.000609
-22.100000 -0.000560
-22.000000 -0.000486
-21.900000 -0.000303
-21.800000 -0.000110
-21.700000 0.000123
-21.600000 0.000330
-21.500000 0.000500
-21.400000 0.000612
-21.300000 0.000631
-21.200000 0.000591
-21.100000 0.000442
-21.000000 0.000276
-20.900000 0.000021
-20.800000 -0.000180
-20.700000 -0.000431
-20.600000 -0.000551
-20.500000 -0.000692
-20.400000 -0.000651
-20.300000 -0.000634
-20.200000 -0.000424
-20.100000 -0.000283
-20.000000 0.000026
-19.900000 0.000195
-19.800000 0.000493
-19.700000 0.000578
-19.600000 0.000762
-19.500000 0.000681
-19.400000 0.000702
-19.300000 0.000449
-19.200000 0.000341
-19.100000 -0.000016
-19.000000 -0.000159
-18.900000 -0.000511
-18.800000 -0.000577
-18.700000 -0.000818
-18.600000 -0.000723
-18.500000 -0.000800
-18.400000 -0.000525
-18.300000 -0.000458
-18.200000 -0.000064
-18.100000 0.000059
-18.000000 0.000466
-17.900000 0.000531
-17.800000 0.000844
-17.700000 0.000762
-17.600000 0.000913
-17.500000 0.000647
-17.400000 0.000637
-17.300000 0.000228
-17.200000 0.000128
-17.100000 -0.000329
-17.000000 -0.000409
-16.900000 -0.000802
-16.800000 -0.000761
-16.700000 -0.001007
-16.600000 -0.000788
-16.500000 -0.000859
-16.400000 -0.000470
-16.300000 -0.000410
-16.200000 0.000073
-16.100000 0.000167
-16.000000 0.000637
-15.900000 0.000659
-15.800000 0.001015
-15.700000 0.000882
-15.600000 0.001066
-15.500000 0.000750
-15.400000 0.000766
-15.300000 0.000306
-15.200000 0.000222
-15.100000 -0.000293
-15.000000 -0.000376
-14.900000 -0.000840
-14.800000 -0.000822
-14.700000 -0.001147
-14.600000 -0.000961
-14.500000 -0.001104
-14.400000 -0.000740
-14.300000 -0.000724
-14.200000 -0.000234
-14.100000 -0.000132
-14.000000 0.000393
-13.900000 0.000481
-13.800000 0.000942
-13.700000 0.000924
-13.600000 0.001238
-13.500000 0.001051
-13.400000 0.001182
-13.300000 0.000821
-13.200000 0.000792
-13.100000 0.000308
-13.000000 0.000188
-12.900000 -0.000337
-12.800000 -0.000457
-12.700000 -0.000928
-12.600000 -0.000956
-12.500000 -0.001289
-12.400000 -0.001160
-12.300000 -0.001313
-12.200000 -0.001013
-12.100000 -0.000998
-12.000000 -0.000562
-11.900000 -0.000430
-11.800000 0.000075
-11.700000 0.000244
-11.600000 0.000729
-11.500000 0.000845
-11.400000 0.001223
-11.300000 0.001212
-11.200000 0.001429
-11.100000 0.001259
-11.000000 0.001303
-10.900000 0.000979
-10.800000 0.000873
-10.700000 0.000437
-10.600000 0.000238
-10.500000 -0.000236
-10.400000 -0.000447
-10.300000 -0.000875
-10.200000 -0.001018
-10.100000 -0.001334
-10.000000 -0.001357
-9.900000 -0.001519
-9.800000 -0.001393
-9.700000 -0.001386
-9.600000 -0.001116
-9.500000 -0.000963
-9.400000 -0.000589
-9.300000 -0.000347
-9.200000 0.000066
-9.100000 0.000331
-9.000000 0.000719
-8.900000 0.000947
-8.800000 0.001249
-8.700000 0.001382
-8.600000 0.001550
-8.500000 0.001553
-8.400000 0.001567
-8.300000 0.001438
-8.200000 0.001312
-8.100000 0.001075
-8.000000 0.000837
-7.900000 0.000526
-7.800000 0.000219
-7.700000 -0.000115
-7.600000 -0.000434
-7.500000 -0.000733
-7.400000 -0.001010
-7.300000 -0.001228
-7.200000 -0.001429
-7.100000 -0.001540
-7.000000 -0.001643
-6.900000 -0.001631
-6.800000 -0.001625
-6.700000 -0.001488
-6.600000 -0.001385
-6.500000 -0.001147
-6.400000 -0.000977
-6.300000 -0.000672
-6.200000 -0.000469
-6.100000 -0.000126
-6.000000 0.000081
-5.900000 0.000427
-5.800000 0.000603
-5.700000 0.000917
-5.600000 0.001029
-5.500000 0.001287
-5.400000 0.001323
-5.300000 0.001520
-5.200000 0.001478
-5.100000 0.001612
-5.000000 0.001489
-4.900000 0.001559
-4.800000 0.001362
-4.700000 0.001383
-4.600000 0.001135
-4.500000 0.001130
-4.400000 0.000851
-4.300000 0.000834
-4.200000 0.000535
-4.100000 0.000516
-4.000000 0.000210
-3.900000 0.000206
-3.800000 -0.000088
-3.700000 -0.000065
-3.600000 -0.000344
-3.500000 -0.000299
-3.400000 -0.000572
-3.300000 -0.000517
-3.200000 -0.000793
-3.100000 -0.000734
-3.000000 -0.001022
-2.900000 -0.000980
-2.800000 -0.001312
-2.700000 -0.001329
-2.600000 -0.001752
-2.500000 -0.001878
-2.400000 -0.002443
-2.300000 -0.002737
-2.200000 -0.003515
-2.100000 -0.004070
-2.000000 -0.005181
-1.900000 -0.006144
-1.800000 -0.007755
-1.700000 -0.009320
-1.600000 -0.011661
-1.500000 -0.014105
-1.400000 -0.017514
-1.300000 -0.021255
-1.200000 -0.026242
-1.100000 -0.031899
-1.000000 -0.039203
-0.900000 -0.047655
-0.800000 -0.058327
-0.700000 -0.070835
-0.600000 -0.086383
-0.500000 -0.104750
-0.400000 -0.127307
-0.300000 -0.154028
-0.200000 -0.186478
-0.100000 -0.224853
0.000000 -0.270915
0.100000 -0.325055
0.200000 -0.389157
0.300000 -0.463652
0.400000 -0.550278
0.500000 -0.649110
0.600000 -0.761181
0.700000 -0.885486
0.800000 -1.021469
0.900000 -1.166065
1.000000 -1.316167
1.100000 -1.465902
1.200000 -1.609338
1.300000 -1.738303
1.400000 -1.845554
1.500000 -1.923205
1.600000 -1.966127
1.700000 -1.970441
1.800000 -1.936369
1.900000 -1.866023
2.000000 -1.765177
2.100000 -1.640316
2.200000 -1.499751
2.300000 -1.350669
2.400000 -1.200382
2.500000 -1.053986
2.600000 -0.916025
2.700000 -0.788769
2.800000 -0.674104
2.900000 -0.572133
3.000000 -0.483017
3.100000 -0.405700
3.200000 -0.339537
3.300000 -0.283083
3.400000 -0.235482
3.500000 -0.195319
3.600000 -0.161807
3.700000 -0.133735
3.800000 -0.110481
3.900000 -0.091083
4.000000 -0.075095
4.100000 -0.061794
4.200000 -0.050877
4.300000 -0.041815
4.400000 -0.034402
4.500000 -0.028262
4.600000 -0.023242
4.700000 -0.019087
4.800000 -0.015681
4.900000 -0.012870
5.000000 -0.010557
5.100000 -0.008670
5.200000 -0.007107
5.300000 -0.005859
5.400000 -0.004801
5.500000 -0.003980
5.600000 -0.003249
5.700000 -0.002711
5.800000 -0.002202
5.900000 -0.001875
6.000000 -0.001540
6.100000 -0.001393
6.200000 -0.001209
6.300000 -0.001224
6.400000 -0.001194
6.500000 -0.001409
6.600000 -0.001622
6.700000 -0.002200
6.800000 -0.002914
6.900000 -0.004237
7.000000 -0.006008
7.100000 -0.008885
7.200000 -0.012909
7.300000 -0.019115
7.400000 -0.028030
7.500000 -0.041478
7.600000 -0.061060
7.700000 -0.090237
7.800000 -0.132917
7.900000 -0.195943
8.000000 -0.287969
8.100000 -0.422512
8.200000 -0.617152
8.300000 -0.896821
8.400000 -1.292173
8.500000 -1.840220
8.600000 -2.575941
8.700000 -3.520249
8.800000 -4.652330
8.900000 -5.879399
9.000000 -7.013616
9.100000 -7.801932
9.200000 -8.021251
9.300000 -7.603492
9.400000 -6.676381
9.500000 -5.487005
9.600000 -4.274455
9.700000 -3.196509
9.800000 -2.319081
9.900000 -1.646719
10.000000 -1.151372
10.100000 -0.796804
10.200000 -0.547191
10.300000 -0.374152
10.400000 -0.254730
10.500000 -0.173259
10.600000 -0.117415
10.700000 -0.079714
10.800000 -0.053837
10.900000 -0.036579
11.000000 -0.024615
11.100000 -0.016802
11.200000 -0.011238
11.300000 -0.007746
11.400000 -0.005100
11.500000 -0.003572
11.600000 -0.002262
11.700000 -0.001644
11.800000 -0.000967
11.900000 -0.000784
12.000000 -0.000410
12.100000 -0.000419
12.200000 -0.000171
12.300000 -0.000244
12.400000 -0.000038
12.500000 -0.000132
12.600000 0.000044
12.700000 -0.000076
12.800000 0.000062
12.900000 -0.000079
13.000000 0.000039
13.100000 -0.000094
13.200000 0.000032
13.300000 -0.000075
13.400000 0.000058
13.500000 -0.000039
13.600000 0.000077
13.700000 -0.000034
13.800000 0.000053
13.900000 -0.000062
14.000000 0.000020
14.100000 -0.000071
14.200000 0.000026
14.300000 -0.000038
14.400000 0.000058
14.500000 -0.000006
14.600000 0.000060
14.700000 -0.000020
14.800000 0.000021
14.900000 -0.000053
15.000000 -0.000007
15.100000 -0.000047
15.200000 0.000015
15.300000 -0.000003
15.400000 0.000048
15.500000 0.000021
15.600000 0.000036
15.700000 -0.000006
15.800000 -0.000012
15.900000 -0.000038
16.000000 -0.000031
16.100000 -0.000021
16.200000 -0.000001
16.300000 0.000026
16.400000 0.000027
16.500000 0.000040
16.600000 0.000005
16.700000 0.000007
16.800000 -0.000043
16.900000 -0.000020
17.000000 -0.000052
17.100000 0.000008
17.200000 -0.000013
17.300000 0.000058
17.400000 0.000013
17.500000 0.000064
17.600000 -0.000020
17.700000 0.000021
17.800000 -0.000071
17.900000 -0.000004
18.000000 -0.000073
18.100000 0.000033
18.200000 -0.000026
18.300000 0.000085
18.400000 -0.000003
18.500000 0.000082
18.600000 -0.000044
18.700000 0.000031
18.800000 -0.000098
18.900000 0.000007
19.000000 -0.000094
19.100000 0.000050
19.200000 -0.000039
19.300000 0.000108
19.400000 -0.000010
19.500000 0.000106
19.600000 -0.000051
19.700000 0.000048
19.800000 -0.000113
19.900000 0.000014
20.000000 -0.000114
20.100000 0.000053
20.200000 -0.000055
20.300000 0.000117
20.400000 -0.000015
20.500000 0.000121
20.600000 -0.000053
20.700000 0.000060
20.800000 -0.000120
20.900000 0.000015
21.000000 -0.000128
21.100000 0.000048
21.200000 -0.000065
21.300000 0.000118
21.400000 -0.000013
21.500000 0.000134
21.600000 -0.000040
21.700000 0.000073
21.800000 -0.000112
21.900000 0.000012
22.000000 -0.000137
22.100000 0.000029
22.200000 -0.000080
22.300000 0.000103
22.400000 -0.000010
22.500000 0.000138
22.600000 -0.000016
22.700000 0.000087
22.800000 -0.000091
22.900000 0.000008
23.000000 -0.000139
23.100000 0.000000
23.200000 -0.000094
23.300000 0.000073
23.400000 -0.000007
23.500000 0.000135
23.600000 0.000017
23.700000 0.000104
23.800000 -0.000049
23.900000 0.000012
24.000000 -0.000125
24.100000 -0.000035
24.200000 -0.000114
24.300000 0.000019
24.400000 -0.000022
24.500000 0.000107
24.600000 0.000048
24.700000 0.000121
24.800000 0.000015
24.900000 0.000036
25.000000 -0.000080
25.100000 -0.000055
25.200000 -0.000122
25.300000 -0.000049
25.400000 -0.000053
25.500000 0.000045
25.600000 0.000054
25.700000 0.000114
25.800000 0.000080
25.900000 0.000072
26.000000 -0.000002
26.100000 -0.000042
26.200000 -0.000095
26.300000 -0.000104
26.400000 -0.000089
26.500000 -0.000047
26.600000 0.000018
26.700000 0.000063
26.800000 0.000115
26.900000 0.000099
27.000000 0.000097
27.100000 0.000014
27.200000 -0.000016
27.300000 -0.000109
27.400000 -0.000096
27.500000 -0.000138
27.600000 -0.000048
27.700000 -0.000042
27.800000 0.000084
27.900000 0.000072
28.000000 0.000163
28.100000 0.000077
28.200000 0.000105
28.300000 -0.000040
28.400000 -0.000026
28.500000 -0.000162
28.600000 -0.000090
28.700000 -0.000162
28.800000 -0.000013
28.900000 -0.000040
29.000000 0.000132
29.100000 0.000076
29.200000 0.000196
29.300000 0.000058
29.400000 0.000107
29.500000 -0.000090
29.600000 -0.000052
29.700000 -0.000226
29.800000 -0.000119
29.900000 -0.000208
