-30.000000 0.000095
-29.900000 -0.000042
-29.800000 -0.000028
-29.700000 -0.000208
-29.600000 -0.000167
-29.500000 -0.000290
-29.400000 -0.000150
-29.300000 -0.000185
-29.200000 0.000037
-29.100000 0.000031
-29.000000 0.000248
-28.900000 0.000178
-28.800000 0.000310
-28.700000 0.000128
-28.600000 0.000168
-28.500000 -0.000086
-28.400000 -0.000061
-28.300000 -0.000293
-28.200000 -0.000190
-28.100000 -0.000324
-28.000000 -0.000107
-27.900000 -0.000151
-27.800000 0.000128
-27.700000 0.000089
-27.600000 0.000330
-27.500000 0.000203
-27.400000 0.000337
-27.300000 0.000094
-27.200000 0.000140
-27.100000 -0.000157
-27.000000 -0.000110
-26.900000 -0.000359
-26.800000 -0.000217
-26.700000 -0.000351
-26.600000 -0.000093
-26.500000 -0.000136
-26.400000 0.000173
-26.300000 0.000127
-26.200000 0.000380
-26.100000 0.000237
-26.000000 0.000370
-25.900000 0.000107
-25.800000 0.000143
-25.700000 -0.000171
-25.600000 -0.000136
-25.500000 -0.000394
-25.400000 -0.000262
-25.300000 -0.000394
-25.200000 -0.000139
-25.100000 -0.000165
-25.000000 0.000149
-24.900000 0.000134
-24.800000 0.000397
-24.700000 0.000290
-24.600000 0.000423
-24.500000 0.000188
-24.400000 0.000203
-24.300000 -0.000103
-24.200000 -0.000117
-24.100000 -0.000383
-24.000000 -0.000316
-23.900000 -0.000454
-23.800000 -0.000255
-23.700000 -0.000259
-23.600000 0.000029
-23.500000 0.000076
-23.400000 0.000345
-23.300000 0.000330
-23.200000 0.000479
-23.100000 0.000332
-23.000000 0.000333
-22.900000 0.000076
-22.800000 -0.000004
-22.700000 -0.000272
-22.600000 -0.000319
-22.500000 -0.000484
-22.400000 -0.000408
-22.300000 -0.000417
-22.200000 -0.000210
-22.100000 -0.000104
-22.000000 0.000152
-21.900000 0.000265
-21.800000 0.000450
-21.700000 0.000460
-21.600000 0.000493
-21.500000 0.000359
-21.400000 0.000245
-21.300000 0.000019
-21.200000 -0.000151
-21.100000 -0.000354
-21.000000 -0.000461
-20.900000 -0.000532
-20.800000 -0.000497
-20.700000 -0.000401
-20.600000 -0.000234
-20.500000 -0.000028
-20.400000 0.000176
-20.300000 0.000375
-20.200000 0.000494
-20.100000 0.000578
-20.000000 0.000531
-19.900000 0.000461
-19.800000 0.000257
-19.700000 0.000086
-19.600000 -0.000182
-19.500000 -0.000339
-19.400000 -0.000547
-19.300000 -0.000574
-19.200000 -0.000635
-19.100000 -0.000485
-19.000000 -0.000395
-18.900000 -0.000109
-18.800000 0.000049
-18.700000 0.000358
-18.600000 0.000461
-18.500000 0.000672
-18.400000 0.000619
-18.300000 0.000665
-18.200000 0.000432
-18.100000 0.000336
-18.000000 -0.000010
-17.900000 -0.000150
-17.800000 -0.000490
-17.700000 -0.000548
-17.600000 -0.000766
-17.500000 -0.000654
-17.400000 -0.000697
-17.300000 -0.000408
-17.200000 -0.000312
-17.100000 0.000078
-17.000000 0.000207
-16.900000 0.000574
-16.800000 0.000610
-16.700000 0.000843
-16.600000 0.000704
-16.500000 0.000755
-16.400000 0.000437
-16.300000 0.000345
-16.200000 -0.000075
-16.100000 -0.000205
-16.000000 -0.000602
-15.900000 -0.000646
-15.800000 -0.000908
-15.700000 -0.000777
-15.600000 -0.000851
-15.500000 -0.000536
-15.400000 -0.000451
-15.300000 -0.000020
-15.200000 0.000125
-15.100000 0.000552
-15.000000 0.000633
-14.900000 0.000940
-14.800000 0.000860
-14.700000 0.000978
-14.600000 0.000707
-14.500000 0.000643
-14.400000 0.000229
-14.300000 0.000066
-14.200000 -0.000384
-14.100000 -0.000527
-14.000000 -0.000890
-13.900000 -0.000904
-13.800000 -0.001091
-13.700000 -0.000915
-13.600000 -0.000903
-13.500000 -0.000553
-13.400000 -0.000390
-13.300000 0.000051
-13.200000 0.000260
-13.100000 0.000676
-13.000000 0.000813
-12.900000 0.001093
-12.800000 0.001069
-12.700000 0.001152
-12.600000 0.000936
-12.500000 0.000825
-12.400000 0.000457
-12.300000 0.000220
-12.200000 -0.000207
-12.100000 -0.000462
-12.000000 -0.000834
-11.900000 -0.000996
-11.800000 -0.001215
-11.700000 -0.001208
-11.600000 -0.001224
-11.500000 -0.001029
-11.400000 -0.000854
-11.300000 -0.000513
-11.200000 -0.000216
-11.100000 0.000180
-11.000000 0.000498
-10.900000 0.000843
-10.800000 0.001076
-10.700000 0.001276
-10.600000 0.001351
-10.500000 0.001354
-10.400000 0.001244
-10.300000 0.001052
-10.200000 0.000786
-10.100000 0.000451
-10.000000 0.000102
-9.900000 -0.000286
-9.800000 -0.000622
-9.700000 -0.000966
-9.600000 -0.001196
-9.500000 -0.001414
-9.400000 -0.001473
-9.300000 -0.001520
-9.200000 -0.001384
-9.100000 -0.001259
-9.000000 -0.000951
-8.900000 -0.000698
-8.800000 -0.000281
-8.700000 0.000027
-8.600000 0.000473
-8.500000 0.000751
-8.400000 0.001141
-8.300000 0.001312
-8.200000 0.001579
-8.100000 0.001591
-8.000000 0.001699
-7.900000 0.001535
-7.800000 0.001484
-7.700000 0.001160
-7.600000 0.000982
-7.500000 0.000547
-7.400000 0.000299
-7.300000 -0.000183
-7.200000 -0.000434
-7.100000 -0.000895
-7.000000 -0.001083
-6.900000 -0.001462
-6.800000 -0.001536
-6.700000 -0.001792
-6.600000 -0.001726
-6.500000 -0.001842
-6.400000 -0.001633
-6.300000 -0.001618
-6.200000 -0.001284
-6.100000 -0.001164
-6.000000 -0.000743
-5.900000 -0.000563
-5.800000 -0.000102
-5.700000 0.000093
-5.600000 0.000546
-5.500000 0.000713
-5.400000 0.001118
-5.300000 0.001219
-5.200000 0.001544
-5.100000 0.001558
-5.000000 0.001788
-4.900000 0.001708
-4.800000 0.001839
-4.700000 0.001669
-4.600000 0.001711
-4.500000 0.001465
-4.400000 0.001435
-4.300000 0.001135
-4.200000 0.001056
-4.100000 0.000724
-4.000000 0.000614
-3.900000 0.000270
-3.800000 0.000147
-3.700000 -0.000194
-3.600000 -0.000322
-3.500000 -0.000656
-3.400000 -0.000793
-3.300000 -0.001129
-3.200000 -0.001288
-3.100000 -0.001646
-3.000000 -0.001858
-2.900000 -0.002279
-2.800000 -0.002597
-2.700000 -0.003144
-2.600000 -0.003642
-2.500000 -0.004403
-2.400000 -0.005189
-2.300000 -0.006295
-2.200000 -0.007529
-2.100000 -0.009170
-2.000000 -0.011078
-1.900000 -0.013524
-1.800000 -0.016432
-1.700000 -0.020075
-1.600000 -0.024458
-1.500000 -0.029873
-1.400000 -0.036421
-1.300000 -0.044435
-1.200000 -0.054141
-1.100000 -0.065943
-1.000000 -0.080229
-0.900000 -0.097510
-0.800000 -0.118376
-0.700000 -0.143486
-0.600000 -0.173665
-0.500000 -0.209750
-0.400000 -0.252815
-0.300000 -0.303859
-0.200000 -0.364144
-0.100000 -0.434701
0.000000 -0.516759
0.100000 -0.611043
0.200000 -0.718258
0.300000 -0.838164
0.400000 -0.970109
0.500000 -1.111929
0.600000 -1.260616
0.700000 -1.411220
0.800000 -1.557903
0.900000 -1.693125
1.000000 -1.809348
1.100000 -1.898649
1.200000 -1.954947
1.300000 -1.973622
1.400000 -1.953561
1.500000 -1.895978
1.600000 -1.805624
1.700000 -1.688580
1.800000 -1.552879
1.900000 -1.405943
2.000000 -1.255408
2.100000 -1.106907
2.200000 -0.965513
2.300000 -0.833983
2.400000 -0.714656
2.500000 -0.607907
2.600000 -0.514210
2.700000 -0.432563
2.800000 -0.362529
2.900000 -0.302557
3.000000 -0.251953
3.100000 -0.209097
3.200000 -0.173370
3.300000 -0.143304
3.400000 -0.118479
3.500000 -0.097643
3.600000 -0.080589
3.700000 -0.066267
3.800000 -0.054649
3.900000 -0.044854
4.000000 -0.036988
4.100000 -0.030306
4.200000 -0.025013
4.300000 -0.020467
4.400000 -0.016938
4.500000 -0.013861
4.600000 -0.011544
4.700000 -0.009487
4.800000 -0.008026
4.900000 -0.006720
5.000000 -0.005926
5.100000 -0.005263
5.200000 -0.005113
5.300000 -0.005170
5.400000 -0.005870
5.500000 -0.007037
5.600000 -0.009232
5.700000 -0.012520
5.800000 -0.017747
5.900000 -0.025459
6.000000 -0.037135
6.100000 -0.054327
6.200000 -0.079912
6.300000 -0.117550
6.400000 -0.173085
6.500000 -0.254482
6.600000 -0.373546
6.700000 -0.546434
6.800000 -0.795527
6.900000 -1.149722
7.000000 -1.644239
7.100000 -2.315898
7.200000 -3.192213
7.300000 -4.269439
7.400000 -5.481362
7.500000 -6.671302
7.600000 -7.599817
7.700000 -8.020378
7.800000 -7.803834
7.900000 -7.018075
8.000000 -5.884917
8.100000 -4.658174
8.200000 -3.525308
8.300000 -2.580256
8.400000 -1.843368
8.500000 -1.294637
8.600000 -0.898383
8.700000 -0.618359
8.800000 -0.423131
8.900000 -0.288500
9.000000 -0.196097
9.100000 -0.133143
9.200000 -0.090195
9.300000 -0.061154
9.400000 -0.041338
9.500000 -0.028041
9.600000 -0.018904
9.700000 -0.012858
9.800000 -0.008627
9.900000 -0.005914
10.000000 -0.003933
10.100000 -0.002747
10.200000 -0.001788
10.300000 -0.001294
10.400000 -0.000795
10.500000 -0.000618
10.600000 -0.000334
10.700000 -0.000310
10.800000 -0.000128
10.900000 -0.000174
11.000000 -0.000034
11.100000 -0.000107
11.200000 0.000017
11.300000 -0.000071
11.400000 0.000038
11.500000 -0.000061
11.600000 0.000040
11.700000 -0.000058
11.800000 0.000045
11.900000 -0.000047
12.000000 0.000056
12.100000 -0.000039
12.200000 0.000052
12.300000 -0.000046
12.400000 0.000040
12.500000 -0.000051
12.600000 0.000039
12.700000 -0.000041
12.800000 0.000046
12.900000 -0.000033
13.000000 0.000041
13.100000 -0.000040
13.200000 0.000028
13.300000 -0.000042
13.400000 0.000029
13.500000 -0.000029
13.600000 0.000036
13.700000 -0.000021
13.800000 0.000028
13.900000 -0.000028
14.000000 0.000014
14.100000 -0.000028
14.200000 0.000015
14.300000 -0.000013
14.400000 0.000023
14.500000 -0.000004
14.600000 0.000015
14.700000 -0.000010
14.800000 0.000002
14.900000 -0.000009
15.000000 0.000002
15.100000 0.000004
15.200000 0.000006
15.300000 0.000008
15.400000 -0.000007
15.500000 -0.000000
15.600000 -0.000021
15.700000 0.000002
15.800000 -0.000016
15.900000 0.000021
16.000000 -0.000006
16.100000 0.000030
16.200000 -0.000016
16.300000 0.000018
16.400000 -0.000035
16.500000 0.000014
16.600000 -0.000033
16.700000 0.000031
16.800000 -0.000020
16.900000 0.000045
17.000000 -0.000024
17.100000 0.000035
17.200000 -0.000043
17.300000 0.000025
17.400000 -0.000047
17.500000 0.000037
17.600000 -0.000033
17.700000 0.000051
17.800000 -0.000032
17.900000 0.000043
18.000000 -0.000050
18.100000 0.000030
18.200000 -0.000054
18.300000 0.000040
18.400000 -0.000037
18.500000 0.000058
18.600000 -0.000029
18.700000 0.000052
18.800000 -0.000047
18.900000 0.000031
19.000000 -0.000059
19.100000 0.000032
19.200000 -0.000043
19.300000 0.000052
19.400000 -0.000027
19.500000 0.000053
19.600000 -0.000039
19.700000 0.000031
19.800000 -0.000055
19.900000 0.000024
20.000000 -0.000041
20.100000 0.000044
20.200000 -0.000018
20.300000 0.000052
20.400000 -0.000023
20.500000 0.000027
20.600000 -0.000046
20.700000 0.000007
20.800000 -0.000042
20.900000 0.000023
21.000000 -0.000011
21.100000 0.000044
21.200000 0.000001
21.300000 0.000028
21.400000 -0.000023
21.500000 -0.000005
21.600000 -0.000038
21.700000 -0.000007
21.800000 -0.000012
21.900000 0.000021
22.000000 0.000019
22.100000 0.000028
22.200000 0.000011
22.300000 -0.000005
22.400000 -0.000018
22.500000 -0.000030
22.600000 -0.000014
22.700000 -0.000013
22.800000 0.000022
22.900000 0.000013
23.000000 0.000038
23.100000 -0.000001
23.200000 0.000012
23.300000 -0.000039
23.400000 -0.000009
23.500000 -0.000044
23.600000 0.000017
23.700000 -0.000011
23.800000 0.000054
23.900000 0.000004
24.000000 0.000048
24.100000 -0.000031
24.200000 0.000009
24.300000 -0.000065
24.400000 0.000002
24.500000 -0.000048
24.600000 0.000043
24.700000 -0.000008
24.800000 0.000071
24.900000 -0.000008
25.000000 0.000046
25.100000 -0.000052
25.200000 0.000006
25.300000 -0.000074
25.400000 0.000013
25.500000 -0.000041
25.600000 0.000059
25.700000 -0.000002
25.800000 0.000074
25.900000 -0.000016
26.000000 0.000034
26.100000 -0.000064
26.200000 -0.000004
26.300000 -0.000072
26.400000 0.000017
26.500000 -0.000026
26.600000 0.000066
26.700000 0.000011
26.800000 0.000069
26.900000 -0.000015
27.000000 0.000016
27.100000 -0.000066
27.200000 -0.000020
27.300000 -0.000064
27.400000 0.000012
27.500000 -0.000005
27.600000 0.000064
27.700000 0.000030
27.800000 0.000058
27.900000 -0.000005
28.000000 -0.000005
28.100000 -0.000060
28.200000 -0.000042
28.300000 -0.000052
28.400000 -0.000004
28.500000 0.000015
28.600000 0.000054
28.700000 0.000054
28.800000 0.000047
28.900000 0.000016
29.000000 -0.000023
29.100000 -0.000048
29.200000 -0.000068
29.300000 -0.000044
29.400000 -0.000028
29.500000 0.000033
29.600000 0.000047
29.700000 0.000093
29.800000 0.000062
29.900000 0.000071
