-30.000000 -0.000444
-29.900000 -0.000300
-29.800000 -0.000586
-29.700000 -0.000291
-29.600000 -0.000433
-29.500000 -0.000031
-29.400000 -0.000102
-29.300000 0.000311
-29.200000 0.000203
-29.100000 0.000525
-29.000000 0.000302
-28.900000 0.000486
-28.800000 0.000141
-28.700000 0.000219
-28.600000 -0.000182
-28.500000 -0.000121
-28.400000 -0.000476
-28.300000 -0.000331
-28.200000 -0.000558
-28.100000 -0.000283
-28.000000 -0.000375
-27.900000 -0.000005
-27.800000 -0.000031
-27.700000 0.000343
-27.600000 0.000282
-27.500000 0.000561
-27.400000 0.000383
-27.300000 0.000516
-27.200000 0.000210
-27.100000 0.000225
-27.000000 -0.000142
-26.900000 -0.000149
-26.800000 -0.000470
-26.700000 -0.000396
-26.600000 -0.000587
-26.500000 -0.000382
-26.400000 -0.000429
-26.300000 -0.000113
-26.200000 -0.000073
-26.100000 0.000268
-26.000000 0.000293
-25.900000 0.000553
-25.800000 0.000469
-25.700000 0.000580
-25.600000 0.000358
-25.500000 0.000332
-25.400000 0.000022
-25.300000 -0.000063
-25.200000 -0.000366
-25.100000 -0.000407
-25.000000 -0.000604
-24.900000 -0.000521
-24.800000 -0.000558
-24.700000 -0.000336
-24.600000 -0.000242
-24.500000 0.000053
-24.400000 0.000183
-24.300000 0.000440
-24.200000 0.000501
-24.100000 0.000632
-24.000000 0.000559
-23.900000 0.000529
-23.800000 0.000324
-23.700000 0.000173
-23.600000 -0.000092
-23.500000 -0.000268
-23.400000 -0.000483
-23.300000 -0.000575
-23.200000 -0.000651
-23.100000 -0.000603
-23.000000 -0.000518
-22.900000 -0.000341
-22.800000 -0.000141
-22.700000 0.000091
-22.600000 0.000314
-22.500000 0.000497
-22.400000 0.000636
-22.300000 0.000678
-22.200000 0.000668
-22.100000 0.000540
-22.000000 0.000394
-21.900000 0.000148
-21.800000 -0.000055
-21.700000 -0.000324
-21.600000 -0.000482
-21.500000 -0.000674
-21.400000 -0.000696
-21.300000 -0.000743
-21.200000 -0.000594
-21.100000 -0.000494
-21.000000 -0.000210
-20.900000 -0.000038
-20.800000 0.000284
-20.700000 0.000424
-20.600000 0.000682
-20.500000 0.000699
-20.400000 0.000821
-20.300000 0.000670
-20.200000 0.000640
-20.100000 0.000336
-20.000000 0.000203
-19.900000 -0.000173
-19.800000 -0.000305
-19.700000 -0.000641
-19.600000 -0.000670
-19.500000 -0.000881
-19.400000 -0.000747
-19.300000 -0.000803
-19.200000 -0.000505
-19.100000 -0.000434
-19.000000 -0.000029
-18.900000 0.000091
-18.800000 0.000504
-18.700000 0.000562
-18.600000 0.000879
-18.500000 0.000791
-18.400000 0.000954
-18.300000 0.000694
-18.200000 0.000708
-18.100000 0.000308
-18.000000 0.000228
-17.900000 -0.000236
-17.800000 -0.000320
-17.700000 -0.000746
-17.600000 -0.000729
-17.500000 -0.001026
-17.400000 -0.000842
-17.300000 -0.000975
-17.200000 -0.000622
-17.100000 -0.000619
-17.000000 -0.000151
-16.900000 -0.000081
-16.800000 0.000420
-16.700000 0.000466
-16.600000 0.000903
-16.500000 0.000831
-16.400000 0.001125
-16.300000 0.000880
-16.200000 0.001007
-16.100000 0.000599
-16.000000 0.000596
-15.900000 0.000087
-15.800000 0.000028
-15.700000 -0.000501
-15.600000 -0.000528
-15.500000 -0.000986
-15.400000 -0.000895
-15.300000 -0.001207
-15.200000 -0.000946
-15.100000 -0.001088
-15.000000 -0.000665
-14.900000 -0.000676
-14.800000 -0.000150
-14.700000 -0.000098
-14.600000 0.000454
-14.500000 0.000487
-14.400000 0.000981
-14.300000 0.000911
-14.200000 0.001271
-14.100000 0.001040
-14.000000 0.001230
-13.900000 0.000834
-13.800000 0.000878
-13.700000 0.000363
-13.600000 0.000323
-13.500000 -0.000241
-13.400000 -0.000294
-13.300000 -0.000832
-13.200000 -0.000819
-13.100000 -0.001251
-13.000000 -0.001103
-12.900000 -0.001375
-12.800000 -0.001063
-12.700000 -0.001175
-12.600000 -0.000724
-12.500000 -0.000717
-12.400000 -0.000179
-12.300000 -0.000111
-12.200000 0.000451
-12.100000 0.000510
-12.000000 0.001019
-11.900000 0.000993
-11.800000 0.001378
-11.700000 0.001212
-11.600000 0.001440
-11.500000 0.001126
-11.400000 0.001207
-11.300000 0.000770
-11.200000 0.000739
-11.100000 0.000220
-11.000000 0.000125
-10.900000 -0.000418
-10.800000 -0.000508
-10.700000 -0.000999
-10.600000 -0.001012
-10.500000 -0.001390
-10.400000 -0.001282
-10.300000 -0.001519
-10.200000 -0.001282
-10.100000 -0.001381
-10.000000 -0.001022
-9.900000 -0.000999
-9.800000 -0.000543
-9.700000 -0.000433
-9.600000 0.000067
-9.500000 0.000201
-9.400000 0.000678
-9.300000 0.000772
-9.200000 0.001174
-9.100000 0.001190
-9.000000 0.001487
-8.900000 0.001402
-8.800000 0.001575
-8.700000 0.001375
-8.600000 0.001416
-8.500000 0.001104
-8.400000 0.001032
-8.300000 0.000643
-8.200000 0.000505
-8.100000 0.000091
-8.000000 -0.000068
-7.900000 -0.000471
-7.800000 -0.000620
-7.700000 -0.000980
-7.600000 -0.001085
-7.500000 -0.001365
-7.400000 -0.001387
-7.300000 -0.001557
-7.200000 -0.001482
-7.100000 -0.001541
-7.000000 -0.001383
-6.900000 -0.001352
-6.800000 -0.001131
-6.700000 -0.001026
-6.600000 -0.000753
-6.500000 -0.000587
-6.400000 -0.000284
-6.300000 -0.000088
-6.200000 0.000204
-6.100000 0.000389
-6.000000 0.000636
-5.900000 0.000787
-5.800000 0.000981
-5.700000 0.001097
-5.600000 0.001236
-5.500000 0.001309
-5.400000 0.001378
-5.300000 0.001391
-5.200000 0.001381
-5.100000 0.001339
-5.000000 0.001268
-4.900000 0.001198
-4.800000 0.001092
-4.700000 0.001010
-4.600000 0.000876
-4.500000 0.000782
-4.400000 0.000619
-4.300000 0.000522
-4.200000 0.000350
-4.100000 0.000274
-4.000000 0.000116
-3.900000 0.000078
-3.800000 -0.000061
-3.700000 -0.000070
-3.600000 -0.000205
-3.500000 -0.000197
-3.400000 -0.000332
-3.300000 -0.000301
-3.200000 -0.000427
-3.100000 -0.000370
-3.000000 -0.000495
-2.900000 -0.000435
-2.800000 -0.000592
-2.700000 -0.000565
-2.600000 -0.000784
-2.500000 -0.000813
-2.400000 -0.001114
-2.300000 -0.001221
-2.200000 -0.001635
-2.100000 -0.001873
-2.000000 -0.002474
-1.900000 -0.002933
-1.800000 -0.003825
-1.700000 -0.004617
-1.600000 -0.005920
-1.500000 -0.007182
-1.400000 -0.009065
-1.300000 -0.011016
-1.200000 -0.013756
-1.100000 -0.016744
-1.000000 -0.020764
-0.900000 -0.025291
-0.800000 -0.031182
-0.700000 -0.037947
-0.600000 -0.046547
-0.500000 -0.056564
-0.400000 -0.069102
-0.300000 -0.083856
-0.200000 -0.102104
-0.100000 -0.123686
0.000000 -0.150084
0.100000 -0.181315
0.200000 -0.219088
0.300000 -0.263611
0.400000 -0.316807
0.500000 -0.379011
0.600000 -0.452214
0.700000 -0.536631
0.800000 -0.633936
0.900000 -0.743690
1.000000 -0.866549
1.100000 -1.000555
1.200000 -1.144377
1.300000 -1.293572
1.400000 -1.444030
1.500000 -1.588472
1.600000 -1.720376
1.700000 -1.830977
1.800000 -1.913762
1.900000 -1.961795
2.000000 -1.972291
2.100000 -1.943515
2.200000 -1.878629
2.300000 -1.781599
2.400000 -1.660171
2.500000 -1.521158
2.600000 -1.373246
2.700000 -1.222484
2.800000 -1.075562
2.900000 -0.935853
3.000000 -0.807189
3.100000 -0.690281
3.200000 -0.586702
3.300000 -0.495404
3.400000 -0.416682
3.500000 -0.348657
3.600000 -0.291131
3.700000 -0.242016
3.800000 -0.201082
3.900000 -0.166352
4.000000 -0.137764
4.100000 -0.113558
4.200000 -0.093876
4.300000 -0.077173
4.400000 -0.063769
4.500000 -0.052301
4.600000 -0.043233
4.700000 -0.035356
4.800000 -0.029248
4.900000 -0.023827
5.000000 -0.019748
5.100000 -0.016021
5.200000 -0.013342
5.300000 -0.010782
5.400000 -0.009051
5.500000 -0.007267
5.600000 -0.006151
5.700000 -0.004872
5.800000 -0.004158
5.900000 -0.003226
6.000000 -0.002799
6.100000 -0.002129
6.200000 -0.001914
6.300000 -0.001430
6.400000 -0.001348
6.500000 -0.000971
6.600000 -0.000951
6.700000 -0.000631
6.800000 -0.000650
6.900000 -0.000387
7.000000 -0.000459
7.100000 -0.000271
7.200000 -0.000403
7.300000 -0.000285
7.400000 -0.000462
7.500000 -0.000401
7.600000 -0.000631
7.700000 -0.000673
7.800000 -0.001052
7.900000 -0.001352
8.000000 -0.002102
8.100000 -0.002966
8.200000 -0.004508
8.300000 -0.006540
8.400000 -0.009763
8.500000 -0.014288
8.600000 -0.021177
8.700000 -0.031156
8.800000 -0.046096
8.900000 -0.067990
9.000000 -0.100456
9.100000 -0.148105
9.200000 -0.218227
9.300000 -0.320715
9.400000 -0.470070
9.500000 -0.685860
9.600000 -0.994548
9.700000 -1.428948
9.800000 -2.026271
9.900000 -2.819574
10.000000 -3.820932
10.100000 -4.992866
10.200000 -6.216532
10.300000 -7.280380
10.400000 -7.927027
10.500000 -7.966205
10.600000 -7.385523
10.700000 -6.358497
10.800000 -5.141248
10.900000 -3.954895
11.000000 -2.929585
11.100000 -2.111112
11.200000 -1.491596
11.300000 -1.039495
11.400000 -0.717437
11.500000 -0.491987
11.600000 -0.335782
11.700000 -0.228573
11.800000 -0.155185
11.900000 -0.105329
12.000000 -0.071316
12.100000 -0.048367
12.200000 -0.032652
12.300000 -0.022148
12.400000 -0.014870
12.500000 -0.010116
12.600000 -0.006739
12.700000 -0.004656
12.800000 -0.003078
12.900000 -0.002216
13.000000 -0.001432
13.100000 -0.001095
13.200000 -0.000635
13.300000 -0.000523
13.400000 -0.000209
13.500000 -0.000226
13.600000 -0.000011
13.700000 -0.000127
13.800000 0.000022
13.900000 -0.000145
14.000000 -0.000002
14.100000 -0.000161
14.200000 0.000019
14.300000 -0.000112
14.400000 0.000096
14.500000 -0.000041
14.600000 0.000149
14.700000 -0.000032
14.800000 0.000121
14.900000 -0.000098
15.000000 0.000050
15.100000 -0.000158
15.200000 0.000030
15.300000 -0.000137
15.400000 0.000092
15.500000 -0.000062
15.600000 0.000161
15.700000 -0.000030
15.800000 0.000151
15.900000 -0.000084
16.000000 0.000077
16.100000 -0.000159
16.200000 0.000031
16.300000 -0.000163
16.400000 0.000073
16.500000 -0.000092
16.600000 0.000153
16.700000 -0.000033
16.800000 0.000174
16.900000 -0.000060
17.000000 0.000109
17.100000 -0.000144
17.200000 0.000034
17.300000 -0.000184
17.400000 0.000043
17.500000 -0.000129
17.600000 0.000126
17.700000 -0.000042
17.800000 0.000186
17.900000 -0.000027
18.000000 0.000148
18.100000 -0.000103
18.200000 0.000056
18.300000 -0.000180
18.400000 0.000016
18.500000 -0.000165
18.600000 0.000077
18.700000 -0.000073
18.800000 0.000167
18.900000 -0.000008
19.000000 0.000180
19.100000 -0.000046
19.200000 0.000096
19.300000 -0.000144
19.400000 0.000007
19.500000 -0.000190
19.600000 0.000012
19.700000 -0.000125
19.800000 0.000108
19.900000 -0.000018
20.000000 0.000185
20.100000 0.000014
20.200000 0.000152
20.300000 -0.000064
20.400000 0.000041
20.500000 -0.000163
20.600000 -0.000028
20.700000 -0.000170
20.800000 0.000017
20.900000 -0.000072
21.000000 0.000126
21.100000 0.000029
21.200000 0.000177
21.300000 0.000027
21.400000 0.000108
21.500000 -0.000076
21.600000 -0.000014
21.700000 -0.000166
21.800000 -0.000062
21.900000 -0.000141
22.000000 0.000015
22.100000 -0.000019
22.200000 0.000132
22.300000 0.000076
22.400000 0.000161
22.500000 0.000047
22.600000 0.000066
22.700000 -0.000073
22.800000 -0.000063
22.900000 -0.000157
23.000000 -0.000095
23.100000 -0.000112
23.200000 -0.000001
23.300000 0.000024
23.400000 0.000121
23.500000 0.000117
23.600000 0.000142
23.700000 0.000076
23.800000 0.000032
23.900000 -0.000057
24.000000 -0.000106
24.100000 -0.000144
24.200000 -0.000135
24.300000 -0.000089
24.400000 -0.000028
24.500000 0.000061
24.600000 0.000106
24.700000 0.000161
24.800000 0.000129
24.900000 0.000117
25.000000 0.000010
25.100000 -0.000029
25.200000 -0.000143
25.300000 -0.000131
25.400000 -0.000184
25.500000 -0.000082
25.600000 -0.000074
25.700000 0.000079
25.800000 0.000081
25.900000 0.000203
26.000000 0.000126
26.100000 0.000173
26.200000 0.000011
26.300000 0.000019
26.400000 -0.000161
26.500000 -0.000113
26.600000 -0.000233
26.700000 -0.000092
26.800000 -0.000140
26.900000 0.000068
27.000000 0.000033
27.100000 0.000225
27.200000 0.000123
27.300000 0.000238
27.400000 0.000042
27.500000 0.000094
27.600000 -0.000144
27.700000 -0.000077
27.800000 -0.000269
27.900000 -0.000115
28.000000 -0.000222
28.100000 0.000018
28.200000 -0.000044
28.300000 0.000209
28.400000 0.000107
28.500000 0.000293
28.600000 0.000095
28.700000 0.000196
28.800000 -0.000075
28.900000 -0.000001
29.000000 -0.000260
29.100000 -0.000124
29.200000 -0.000297
29.300000 -0.000058
29.400000 -0.000145
29.500000 0.000152
29.600000 0.000073
29.700000 0.000332
29.800000 0.000165
29.900000 0.000306
