-30.000000 -0.000000
-29.900000 -0.000000
-29.800000 -0.000000
-29.700000 -0.000000
-29.600000 -0.000000
-29.500000 -0.000000
-29.400000 -0.000000
-29.300000 -0.000000
-29.200000 -0.000000
-29.100000 -0.000000
-29.000000 -0.000000
-28.900000 -0.000000
-28.800000 -0.000000
-28.700000 -0.000000
-28.600000 -0.000000
-28.500000 -0.000000
-28.400000 -0.000000
-28.300000 -0.000000
-28.200000 -0.000000
-28.100000 -0.000000
-28.000000 -0.000000
-27.900000 -0.000000
-27.800000 -0.000000
-27.700000 -0.000000
-27.600000 -0.000000
-27.500000 -0.000000
-27.400000 -0.000000
-27.300000 -0.000000
-27.200000 -0.000000
-27.100000 -0.000000
-27.000000 -0.000000
-26.900000 -0.000000
-26.800000 -0.000000
-26.700000 -0.000000
-26.600000 -0.000000
-26.500000 -0.000000
-26.400000 -0.000000
-26.300000 -0.000000
-26.200000 -0.000000
-26.100000 -0.000000
-26.000000 -0.000000
-25.900000 -0.000000
-25.800000 -0.000000
-25.700000 -0.000000
-25.600000 -0.000000
-25.500000 -0.000000
-25.400000 -0.000000
-25.300000 -0.000000
-25.200000 -0.000000
-25.100000 -0.000000
-25.000000 -0.000000
-24.900000 -0.000000
-24.800000 -0.000000
-24.700000 -0.000000
-24.600000 -0.000000
-24.500000 -0.000000
-24.400000 -0.000000
-24.300000 -0.000000
-24.200000 -0.000000
-24.100000 -0.000000
-24.000000 -0.000000
-23.900000 -0.000000
-23.800000 -0.000000
-23.700000 -0.000000
-23.600000 -0.000000
-23.500000 -0.000000
-23.400000 -0.000000
-23.300000 -0.000000
-23.200000 -0.000000
-23.100000 -0.000000
-23.000000 -0.000000
-22.900000 -0.000000
-22.800000 -0.000000
-22.700000 -0.000000
-22.600000 -0.000000
-22.500000 -0.000000
-22.400000 -0.000000
-22.300000 -0.000000
-22.200000 -0.000000
-22.100000 -0.000000
-22.000000 -0.000000
-21.900000 -0.000000
-21.800000 -0.000000
-21.700000 -0.000000
-21.600000 -0.000000
-21.500000 -0.000000
-21.400000 -0.000000
-21.300000 -0.000000
-21.200000 -0.000000
-21.100000 -0.000000
-21.000000 -0.000000
-20.900000 -0.000000
-20.800000 -0.000000
-20.700000 -0.000000
-20.600000 -0.000000
-20.500000 -0.000000
-20.400000 -0.000000
-20.300000 -0.000000
-20.200000 -0.000000
-20.100000 -0.000000
-20.000000 -0.000000
-19.900000 -0.000000
-19.800000 -0.000000
-19.700000 -0.000000
-19.600000 -0.000000
-19.500000 -0.000000
-19.400000 -0.000000
-19.300000 -0.000000
-19.200000 -0.000000
-19.100000 -0.000000
-19.000000 -0.000000
-18.900000 -0.000000
-18.800000 -0.000000
-18.700000 -0.000000
-18.600000 -0.000000
-18.500000 -0.000000
-18.400000 -0.000000
-18.300000 -0.000000
-18.200000 -0.000000
-18.100000 -0.000000
-18.000000 -0.000000
-17.900000 -0.000000
-17.800000 -0.000000
-17.700000 -0.000000
-17.600000 -0.000000
-17.500000 -0.000000
-17.400000 -0.000000
-17.300000 -0.000000
-17.200000 -0.000000
-17.100000 -0.000000
-17.000000 -0.000000
-16.900000 -0.000000
-16.800000 -0.000000
-16.700000 -0.000000
-16.600000 -0.000000
-16.500000 -0.000000
-16.400000 -0.000000
-16.300000 -0.000000
-16.200000 -0.000000
-16.100000 -0.000000
-16.000000 -0.000000
-15.900000 -0.000000
-15.800000 -0.000000
-15.700000 -0.000000
-15.600000 -0.000000
-15.500000 -0.000000
-15.400000 -0.000000
-15.300000 -0.000000
-15.200000 -0.000000
-15.100000 -0.000000
-15.000000 -0.000000
-14.900000 -0.000000
-14.800000 -0.000000
-14.700000 -0.000000
-14.600000 -0.000000
-14.500000 -0.000000
-14.400000 -0.000000
-14.300000 -0.000000
-14.200000 -0.000000
-14.100000 -0.000000
-14.000000 -0.000000
-13.900000 -0.000000
-13.800000 -0.000000
-13.700000 -0.000000
-13.600000 -0.000000
-13.500000 -0.000000
-13.400000 -0.000000
-13.300000 -0.000000
-13.200000 -0.000000
-13.100000 -0.000000
-13.000000 -0.000000
-12.900000 -0.000000
-12.800000 -0.000000
-12.700000 -0.000000
-12.600000 -0.000000
-12.500000 -0.000000
-12.400000 -0.000000
-12.300000 -0.000000
-12.200000 -0.000000
-12.100000 -0.000000
-12.000000 -0.000000
-11.900000 -0.000000
-11.800000 -0.000000
-11.700000 -0.000000
-11.600000 -0.000000
-11.500000 -0.000000
-11.400000 -0.000000
-11.300000 -0.000000
-11.200000 -0.000000
-11.100000 -0.000000
-11.000000 -0.000000
-10.900000 -0.000000
-10.800000 -0.000000
-10.700000 -0.000000
-10.600000 -0.000000
-10.500000 -0.000000
-10.400000 -0.000000
-10.300000 -0.000000
-10.200000 -0.000000
-10.100000 -0.000000
-10.000000 -0.000000
-9.900000 -0.000000
-9.800000 -0.000000
-9.700000 -0.000000
-9.600000 -0.000000
-9.500000 -0.000000
-9.400000 -0.000000
-9.300000 -0.000000
-9.200000 -0.000000
-9.100000 -0.000000
-9.000000 -0.000000
-8.900000 -0.000000
-8.800000 -0.000000
-8.700000 -0.000001
-8.600000 -0.000001
-8.500000 -0.000001
-8.400000 -0.000001
-8.300000 -0.000001
-8.200000 -0.000001
-8.100000 -0.000002
-8.000000 -0.000002
-7.900000 -0.000002
-7.800000 -0.000003
-7.700000 -0.000004
-7.600000 -0.000005
-7.500000 -0.000006
-7.400000 -0.000007
-7.300000 -0.000008
-7.200000 -0.000010
-7.100000 -0.000013
-7.000000 -0.000016
-6.900000 -0.000020
-6.800000 -0.000023
-6.700000 -0.000027
-6.600000 -0.000033
-6.500000 -0.000042
-6.400000 -0.000053
-6.300000 -0.000065
-6.200000 -0.000077
-6.100000 -0.000091
-6.000000 -0.000109
-5.900000 -0.000136
-5.800000 -0.000171
-5.700000 -0.000213
-5.600000 -0.000260
-5.500000 -0.000311
-5.400000 -0.000370
-5.300000 -0.000448
-5.200000 -0.000552
-5.100000 -0.000687
-5.000000 -0.000854
-4.900000 -0.001048
-4.800000 -0.001269
-4.700000 -0.001527
-4.600000 -0.001841
-4.500000 -0.002239
-4.400000 -0.002750
-4.300000 -0.003396
-4.200000 -0.004191
-4.100000 -0.005143
-4.000000 -0.006268
-3.900000 -0.007601
-3.800000 -0.009204
-3.700000 -0.011169
-3.600000 -0.013612
-3.500000 -0.016660
-3.400000 -0.020442
-3.300000 -0.025087
-3.200000 -0.030730
-3.100000 -0.037529
-3.000000 -0.045693
-2.900000 -0.055504
-2.800000 -0.067345
-2.700000 -0.081712
-2.600000 -0.099216
-2.500000 -0.120578
-2.400000 -0.146620
-2.300000 -0.178256
-2.200000 -0.216482
-2.100000 -0.262372
-2.000000 -0.317078
-1.900000 -0.381822
-1.800000 -0.457875
-1.700000 -0.546519
-1.600000 -0.648970
-1.500000 -0.766258
-1.400000 -0.899073
-1.300000 -1.047565
-1.200000 -1.211131
-1.100000 -1.388231
-1.000000 -1.576294
-0.900000 -1.771793
-0.800000 -1.970580
-0.700000 -2.168539
-0.600000 -2.362550
-0.500000 -2.551692
-0.400000 -2.738448
-0.300000 -2.929649
-0.200000 -3.136780
-0.100000 -3.375284
0.000000 -3.662473
0.100000 -4.013675
0.200000 -4.436357
0.300000 -4.922553
0.400000 -5.441216
0.500000 -5.934281
0.600000 -6.321856
0.700000 -6.520301
0.800000 -6.469663
0.900000 -6.157598
1.000000 -5.624981
1.100000 -4.949504
1.200000 -4.218150
1.300000 -3.503911
1.400000 -2.854856
1.500000 -2.294449
1.600000 -1.827727
1.700000 -1.448573
1.800000 -1.145583
1.900000 -0.905909
2.000000 -0.717367
2.100000 -0.569369
2.200000 -0.453174
2.300000 -0.361784
2.400000 -0.289701
2.500000 -0.232654
2.600000 -0.187344
2.700000 -0.151225
2.800000 -0.122333
2.900000 -0.099148
3.000000 -0.080487
3.100000 -0.065430
3.200000 -0.053252
3.300000 -0.043384
3.400000 -0.035374
3.500000 -0.028864
3.600000 -0.023565
3.700000 -0.019249
3.800000 -0.015730
3.900000 -0.012859
4.000000 -0.010514
4.100000 -0.008600
4.200000 -0.007035
4.300000 -0.005756
4.400000 -0.004709
4.500000 -0.003854
4.600000 -0.003154
4.700000 -0.002581
4.800000 -0.002113
4.900000 -0.001729
5.000000 -0.001416
5.100000 -0.001159
5.200000 -0.000949
5.300000 -0.000777
5.400000 -0.000636
5.500000 -0.000520
5.600000 -0.000426
5.700000 -0.000349
5.800000 -0.000286
5.900000 -0.000234
6.000000 -0.000192
6.100000 -0.000157
6.200000 -0.000128
6.300000 -0.000105
6.400000 -0.000086
6.500000 -0.000070
6.600000 -0.000058
6.700000 -0.000047
6.800000 -0.000039
6.900000 -0.000032
7.000000 -0.000026
7.100000 -0.000021
7.200000 -0.000017
7.300000 -0.000014
7.400000 -0.000012
7.500000 -0.000010
7.600000 -0.000008
7.700000 -0.000006
7.800000 -0.000005
7.900000 -0.000004
8.000000 -0.000004
8.100000 -0.000003
8.200000 -0.000002
8.300000 -0.000002
8.400000 -0.000002
8.500000 -0.000001
8.600000 -0.000001
8.700000 -0.000001
8.800000 -0.000001
8.900000 -0.000001
9.000000 -0.000000
9.100000 -0.000000
9.200000 -0.000000
9.300000 -0.000000
9.400000 -0.000000
9.500000 -0.000000
9.600000 -0.000000
9.700000 -0.000000
9.800000 -0.000000
9.900000 -0.000000
10.000000 -0.000000
10.100000 -0.000000
10.200000 -0.000000
10.300000 -0.000000
10.400000 -0.000000
10.500000 -0.000000
10.600000 -0.000000
10.700000 -0.000000
10.800000 -0.000000
10.900000 -0.000000
11.000000 -0.000000
11.100000 -0.000000
11.200000 -0.000000
11.300000 -0.000000
11.400000 -0.000000
11.500000 -0.000000
11.600000 -0.000000
11.700000 -0.000000
11.800000 -0.000000
11.900000 -0.000000
12.000000 -0.000000
12.100000 -0.000000
12.200000 -0.000000
12.300000 -0.000000
12.400000 -0.000000
12.500000 -0.000000
12.600000 -0.000000
12.700000 -0.000000
12.800000 -0.000000
12.900000 -0.000000
13.000000 -0.000000
13.100000 -0.000000
13.200000 -0.000000
13.300000 -0.000000
13.400000 -0.000000
13.500000 -0.000000
13.600000 -0.000000
13.700000 -0.000000
13.800000 -0.000000
13.900000 -0.000000
14.000000 -0.000000
14.100000 -0.000000
14.200000 -0.000000
14.300000 -0.000000
14.400000 -0.000000
14.500000 -0.000000
14.600000 -0.000000
14.700000 -0.000000
14.800000 -0.000000
14.900000 -0.000000
15.000000 -0.000000
15.100000 -0.000000
15.200000 -0.000000
15.300000 -0.000000
15.400000 -0.000000
15.500000 -0.000000
15.600000 -0.000000
15.700000 -0.000000
15.800000 -0.000000
15.900000 -0.000000
16.000000 -0.000000
16.100000 -0.000000
16.200000 -0.000000
16.300000 -0.000000
16.400000 -0.000000
16.500000 -0.000000
16.600000 -0.000000
16.700000 -0.000000
16.800000 -0.000000
16.900000 -0.000000
17.000000 -0.000000
17.100000 -0.000000
17.200000 -0.000000
17.300000 -0.000000
17.400000 -0.000000
17.500000 -0.000000
17.600000 -0.000000
17.700000 -0.000000
17.800000 -0.000000
17.900000 -0.000000
18.000000 -0.000000
18.100000 -0.000000
18.200000 -0.000000
18.300000 -0.000000
18.400000 -0.000000
18.500000 -0.000000
18.600000 -0.000000
18.700000 -0.000000
18.800000 -0.000000
18.900000 -0.000000
19.000000 -0.000000
19.100000 -0.000000
19.200000 -0.000000
19.300000 -0.000000
19.400000 -0.000000
19.500000 -0.000000
19.600000 -0.000000
19.700000 -0.000000
19.800000 -0.000000
19.900000 -0.000000
20.000000 -0.000000
20.100000 -0.000000
20.200000 -0.000000
20.300000 -0.000000
20.400000 -0.000000
20.500000 -0.000000
20.600000 -0.000000
20.700000 -0.000000
20.800000 -0.000000
20.900000 -0.000000
21.000000 -0.000000
21.100000 -0.000000
21.200000 -0.000000
21.300000 -0.000000
21.400000 -0.000000
21.500000 -0.000000
21.600000 -0.000000
21.700000 -0.000000
21.800000 -0.000000
21.900000 -0.000000
22.000000 -0.000000
22.100000 -0.000000
22.200000 -0.000000
22.300000 -0.000000
22.400000 -0.000000
22.500000 -0.000000
22.600000 -0.000000
22.700000 -0.000000
22.800000 -0.000000
22.900000 -0.000000
23.000000 -0.000000
23.100000 -0.000000
23.200000 -0.000000
23.300000 -0.000000
23.400000 -0.000000
23.500000 -0.000000
23.600000 -0.000000
23.700000 -0.000000
23.800000 -0.000000
23.900000 -0.000000
24.000000 -0.000000
24.100000 -0.000000
24.200000 -0.000000
24.300000 -0.000000
24.400000 -0.000000
24.500000 -0.000000
24.600000 -0.000000
24.700000 -0.000000
24.800000 -0.000000
24.900000 -0.000000
25.000000 -0.000000
25.100000 -0.000000
25.200000 -0.000000
25.300000 -0.000000
25.400000 -0.000000
25.500000 -0.000000
25.600000 -0.000000
25.700000 -0.000000
25.800000 -0.000000
25.900000 -0.000000
26.000000 -0.000000
26.100000 -0.000000
26.200000 -0.000000
26.300000 -0.000000
26.400000 -0.000000
26.500000 -0.000000
26.600000 -0.000000
26.700000 -0.000000
26.800000 -0.000000
26.900000 -0.000000
27.000000 -0.000000
27.100000 -0.000000
27.200000 -0.000000
27.300000 -0.000000
27.400000 -0.000000
27.500000 -0.000000
27.600000 -0.000000
27.700000 -0.000000
27.800000 -0.000000
27.900000 -0.000000
28.000000 -0.000000
28.100000 -0.000000
28.200000 -0.000000
28.300000 -0.000000
28.400000 -0.000000
28.500000 -0.000000
28.600000 -0.000000
28.700000 -0.000000
28.800000 -0.000000
28.900000 -0.000000
29.000000 -0.000000
29.100000 -0.000000
29.200000 -0.000000
29.300000 -0.000000
29.400000 -0.000000
29.500000 -0.000000
29.600000 -0.000000
29.700000 -0.000000
29.800000 -0.000000
29.900000 -0.000000
