-30.000000 -0.000033
-29.900000 -0.000162
-29.800000 -0.000266
-29.700000 -0.000434
-29.600000 -0.000511
-29.500000 -0.000629
-29.400000 -0.000607
-29.300000 -0.000626
-29.200000 -0.000480
-29.100000 -0.000395
-29.000000 -0.000145
-28.900000 -0.000003
-28.800000 0.000281
-28.700000 0.000390
-28.600000 0.000607
-28.500000 0.000592
-28.400000 0.000674
-28.300000 0.000501
-28.200000 0.000456
-28.100000 0.000171
-28.000000 0.000069
-27.900000 -0.000242
-27.800000 -0.000316
-27.700000 -0.000577
-27.600000 -0.000557
-27.500000 -0.000712
-27.400000 -0.000557
-27.300000 -0.000581
-27.200000 -0.000290
-27.100000 -0.000213
-27.000000 0.000149
-26.900000 0.000235
-26.800000 0.000561
-26.700000 0.000553
-26.600000 0.000758
-26.500000 0.000603
-26.400000 0.000670
-26.300000 0.000385
-26.200000 0.000355
-26.100000 -0.000004
-26.000000 -0.000066
-25.900000 -0.000429
-25.800000 -0.000450
-25.700000 -0.000742
-25.600000 -0.000648
-25.500000 -0.000804
-25.400000 -0.000553
-25.300000 -0.000565
-25.200000 -0.000186
-25.100000 -0.000121
-25.000000 0.000292
-24.900000 0.000330
-24.800000 0.000677
-24.700000 0.000608
-24.600000 0.000836
-24.500000 0.000631
-24.400000 0.000734
-24.300000 0.000404
-24.200000 0.000408
-24.100000 -0.000011
-24.000000 -0.000052
-23.900000 -0.000486
-23.800000 -0.000483
-23.700000 -0.000837
-23.600000 -0.000702
-23.500000 -0.000910
-23.400000 -0.000609
-23.300000 -0.000678
-23.200000 -0.000255
-23.100000 -0.000253
-23.000000 0.000213
-22.900000 0.000206
-22.800000 0.000644
-22.700000 0.000565
-22.600000 0.000918
-22.500000 0.000715
-22.400000 0.000938
-22.300000 0.000581
-22.200000 0.000667
-22.100000 0.000181
-22.000000 0.000187
-21.900000 -0.000342
-21.800000 -0.000314
-21.700000 -0.000785
-21.600000 -0.000650
-21.500000 -0.001001
-21.400000 -0.000724
-21.300000 -0.000946
-21.200000 -0.000538
-21.100000 -0.000653
-21.000000 -0.000145
-20.900000 -0.000193
-20.800000 0.000360
-20.700000 0.000311
-20.600000 0.000827
-20.500000 0.000689
-20.400000 0.001083
-20.300000 0.000791
-20.200000 0.001028
-20.100000 0.000584
-20.000000 0.000699
-19.900000 0.000162
-19.800000 0.000224
-19.700000 -0.000335
-19.600000 -0.000262
-19.500000 -0.000786
-19.400000 -0.000649
-19.300000 -0.001085
-19.200000 -0.000831
-19.100000 -0.001128
-19.000000 -0.000719
-18.900000 -0.000865
-18.800000 -0.000325
-18.700000 -0.000375
-18.600000 0.000216
-18.500000 0.000169
-18.400000 0.000720
-18.300000 0.000598
-18.200000 0.001054
-18.100000 0.000824
-18.000000 0.001165
-17.900000 0.000815
-17.800000 0.001034
-17.700000 0.000560
-17.600000 0.000663
-17.500000 0.000089
-17.400000 0.000123
-17.300000 -0.000481
-17.200000 -0.000427
-17.100000 -0.000965
-17.000000 -0.000805
-16.900000 -0.001214
-16.800000 -0.000914
-16.700000 -0.001190
-16.600000 -0.000767
-16.500000 -0.000939
-16.400000 -0.000424
-16.300000 -0.000519
-16.200000 0.000061
-16.100000 0.000010
-16.000000 0.000609
-15.900000 0.000538
-15.800000 0.001078
-15.700000 0.000904
-15.600000 0.001313
-15.500000 0.000988
-15.400000 0.001250
-15.300000 0.000790
-15.200000 0.000944
-15.100000 0.000400
-15.000000 0.000496
-14.900000 -0.000087
-14.800000 -0.000011
-14.700000 -0.000602
-14.600000 -0.000512
-14.500000 -0.001064
-14.400000 -0.000904
-14.300000 -0.001352
-14.200000 -0.001061
-14.100000 -0.001361
-14.000000 -0.000922
-13.900000 -0.001089
-13.800000 -0.000547
-13.700000 -0.000640
-13.600000 -0.000059
-13.500000 -0.000137
-13.400000 0.000440
-13.300000 0.000352
-13.200000 0.000903
-13.100000 0.000780
-13.000000 0.001269
-12.900000 0.001064
-12.800000 0.001437
-12.700000 0.001101
-12.600000 0.001328
-12.500000 0.000863
-12.400000 0.000975
-12.300000 0.000433
-12.200000 0.000492
-12.100000 -0.000063
-12.000000 -0.000005
-11.900000 -0.000541
-11.800000 -0.000467
-11.700000 -0.000971
-11.600000 -0.000864
-11.500000 -0.001308
-11.400000 -0.001127
-11.300000 -0.001462
-11.200000 -0.001163
-11.100000 -0.001363
-11.000000 -0.000946
-10.900000 -0.001037
-10.800000 -0.000550
-10.700000 -0.000594
-10.600000 -0.000095
-10.500000 -0.000134
-10.400000 0.000355
-10.300000 0.000313
-10.200000 0.000789
-10.100000 0.000734
-10.000000 0.001174
-9.900000 0.001068
-9.800000 0.001422
-9.700000 0.001215
-9.600000 0.001450
-9.500000 0.001131
-9.400000 0.001263
-9.300000 0.000871
-9.200000 0.000949
-9.100000 0.000530
-9.000000 0.000587
-8.900000 0.000158
-8.800000 0.000195
-8.700000 -0.000252
-8.600000 -0.000238
-8.500000 -0.000691
-8.400000 -0.000668
-8.300000 -0.001078
-8.200000 -0.000991
-8.100000 -0.001311
-8.000000 -0.001132
-7.900000 -0.001357
-7.800000 -0.001109
-7.700000 -0.001277
-7.600000 -0.001000
-7.500000 -0.001139
-7.400000 -0.000842
-7.300000 -0.000942
-7.200000 -0.000605
-7.100000 -0.000645
-7.000000 -0.000261
-6.900000 -0.000256
-6.800000 0.000137
-6.700000 0.000137
-6.600000 0.000485
-6.500000 0.000438
-6.400000 0.000721
-6.300000 0.000631
-6.200000 0.000871
-6.100000 0.000772
-6.000000 0.000999
-5.900000 0.000904
-5.800000 0.001108
-5.700000 0.000988
-5.600000 0.001132
-5.500000 0.000958
-5.400000 0.001028
-5.300000 0.000809
-5.200000 0.000840
-5.100000 0.000626
-5.000000 0.000666
-4.900000 0.000491
-4.800000 0.000553
-4.700000 0.000403
-4.600000 0.000456
-4.500000 0.000297
-4.400000 0.000316
-4.300000 0.000143
-4.200000 0.000147
-4.100000 -0.000004
-4.000000 0.000030
-3.900000 -0.000061
-3.800000 0.000021
-3.700000 -0.000016
-3.600000 0.000086
-3.500000 0.000059
-3.400000 0.000137
-3.300000 0.000088
-3.200000 0.000133
-3.100000 0.000079
-3.000000 0.000127
-2.900000 0.000107
-2.800000 0.000186
-2.700000 0.000207
-2.600000 0.000298
-2.500000 0.000317
-2.400000 0.000367
-2.300000 0.000335
-2.200000 0.000311
-2.100000 0.000219
-2.000000 0.000136
-1.900000 0.000014
-1.800000 -0.000102
-1.700000 -0.000243
-1.600000 -0.000405
-1.500000 -0.000609
-1.400000 -0.000890
-1.300000 -0.001244
-1.200000 -0.001732
-1.100000 -0.002319
-1.000000 -0.003088
-0.900000 -0.003969
-0.800000 -0.005081
-0.700000 -0.006342
-0.600000 -0.007927
-0.500000 -0.009756
-0.400000 -0.012073
-0.300000 -0.014803
-0.200000 -0.018255
-0.100000 -0.022355
0.000000 -0.027485
0.100000 -0.033581
0.200000 -0.041118
0.300000 -0.050078
0.400000 -0.061073
0.500000 -0.074176
0.600000 -0.090183
0.700000 -0.109303
0.800000 -0.132552
0.900000 -0.160299
1.000000 -0.193797
1.100000 -0.233584
1.200000 -0.281139
1.300000 -0.337127
1.400000 -0.403165
1.500000 -0.479884
1.600000 -0.568773
1.700000 -0.670025
1.800000 -0.784420
1.900000 -0.910954
2.000000 -1.048771
2.100000 -1.194656
2.200000 -1.345156
2.300000 -1.494154
2.400000 -1.635461
2.500000 -1.760764
2.600000 -1.862886
2.700000 -1.934111
2.800000 -1.969814
2.900000 -1.966564
3.000000 -1.925318
3.100000 -1.848577
3.200000 -1.742707
3.300000 -1.614198
3.400000 -1.471621
3.500000 -1.321772
3.600000 -1.172010
3.700000 -1.026843
3.800000 -0.890877
3.900000 -0.765784
4.000000 -0.653644
4.100000 -0.554011
4.200000 -0.467383
4.300000 -0.392173
4.400000 -0.328178
4.500000 -0.273405
4.600000 -0.227524
4.700000 -0.188549
4.800000 -0.156304
4.900000 -0.128981
5.000000 -0.106647
5.100000 -0.087700
5.200000 -0.072434
5.300000 -0.059415
5.400000 -0.049117
5.500000 -0.040222
5.600000 -0.033342
5.700000 -0.027241
5.800000 -0.022650
5.900000 -0.018402
6.000000 -0.015332
6.100000 -0.012326
6.200000 -0.010302
6.300000 -0.008172
6.400000 -0.006907
6.500000 -0.005416
6.600000 -0.004702
6.700000 -0.003656
6.800000 -0.003304
6.900000 -0.002519
7.000000 -0.002361
7.100000 -0.001699
7.200000 -0.001635
7.300000 -0.001042
7.400000 -0.001058
7.500000 -0.000548
7.600000 -0.000672
7.700000 -0.000270
7.800000 -0.000506
7.900000 -0.000188
8.000000 -0.000484
8.100000 -0.000183
8.200000 -0.000467
8.300000 -0.000123
8.400000 -0.000361
8.500000 0.000026
8.600000 -0.000197
8.700000 0.000179
8.800000 -0.000086
8.900000 0.000229
9.000000 -0.000105
9.100000 0.000153
9.200000 -0.000218
9.300000 0.000039
9.400000 -0.000301
9.500000 0.000012
9.600000 -0.000262
9.700000 0.000109
9.800000 -0.000132
9.900000 0.000238
10.000000 -0.000036
10.100000 0.000276
10.200000 -0.000067
10.300000 0.000180
10.400000 -0.000208
10.500000 0.000022
10.600000 -0.000353
10.700000 -0.000086
10.800000 -0.000416
10.900000 -0.000116
11.000000 -0.000447
11.100000 -0.000204
11.200000 -0.000664
11.300000 -0.000634
11.400000 -0.001403
11.500000 -0.001799
11.600000 -0.003150
11.700000 -0.004351
11.800000 -0.006848
11.900000 -0.009716
12.000000 -0.014675
12.100000 -0.021205
12.200000 -0.031617
12.300000 -0.046249
12.400000 -0.068659
12.500000 -0.100984
12.600000 -0.149386
12.700000 -0.219733
12.800000 -0.323460
12.900000 -0.473719
13.000000 -0.691613
13.100000 -1.002323
13.200000 -1.440147
13.300000 -2.040933
13.400000 -2.838848
13.500000 -3.843940
13.600000 -5.018688
13.700000 -6.241052
13.800000 -7.299109
13.900000 -7.934296
14.000000 -7.960307
14.100000 -7.367728
14.200000 -6.334254
14.300000 -5.115231
14.400000 -3.931358
14.500000 -2.909795
14.600000 -2.095927
14.700000 -1.480109
14.800000 -1.031466
14.900000 -0.711674
15.000000 -0.488274
15.100000 -0.333152
15.200000 -0.227014
15.300000 -0.153982
15.400000 -0.104641
15.500000 -0.070632
15.600000 -0.047964
15.700000 -0.032160
15.800000 -0.021890
15.900000 -0.014545
16.000000 -0.010032
16.100000 -0.006615
16.200000 -0.004750
16.300000 -0.003114
16.400000 -0.002409
16.500000 -0.001520
16.600000 -0.001271
16.700000 -0.000669
16.800000 -0.000595
16.900000 -0.000130
17.000000 -0.000169
17.100000 0.000172
17.200000 0.000013
17.300000 0.000225
17.400000 -0.000038
17.500000 0.000090
17.600000 -0.000208
17.700000 -0.000077
17.800000 -0.000322
17.900000 -0.000118
18.000000 -0.000268
18.100000 0.000011
18.200000 -0.000081
18.300000 0.000208
18.400000 0.000094
18.500000 0.000316
18.600000 0.000122
18.700000 0.000247
18.800000 -0.000020
18.900000 0.000049
19.000000 -0.000220
19.100000 -0.000124
19.200000 -0.000318
19.300000 -0.000138
19.400000 -0.000232
19.500000 0.000016
19.600000 -0.000025
19.700000 0.000220
19.800000 0.000151
19.900000 0.000316
20.000000 0.000161
20.100000 0.000222
20.200000 -0.000004
20.300000 0.000002
20.400000 -0.000218
20.500000 -0.000178
20.600000 -0.000312
20.700000 -0.000184
20.800000 -0.000212
20.900000 -0.000014
21.000000 0.000012
21.100000 0.000205
21.200000 0.000200
21.300000 0.000309
21.400000 0.000213
21.500000 0.000211
21.600000 0.000038
21.700000 -0.000022
21.800000 -0.000192
21.900000 -0.000218
22.000000 -0.000303
22.100000 -0.000237
22.200000 -0.000214
22.300000 -0.000070
22.400000 0.000014
22.500000 0.000165
22.600000 0.000226
22.700000 0.000301
22.800000 0.000273
22.900000 0.000234
23.000000 0.000115
23.100000 0.000002
23.200000 -0.000134
23.300000 -0.000230
23.400000 -0.000294
23.500000 -0.000303
23.600000 -0.000253
23.700000 -0.000170
23.800000 -0.000036
23.900000 0.000080
24.000000 0.000218
24.100000 0.000279
24.200000 0.000338
24.300000 0.000281
24.400000 0.000235
24.500000 0.000075
24.600000 -0.000020
24.700000 -0.000199
24.800000 -0.000247
24.900000 -0.000357
25.000000 -0.000294
25.100000 -0.000301
25.200000 -0.000127
25.300000 -0.000068
25.400000 0.000153
25.500000 0.000194
25.600000 0.000368
25.700000 0.000305
25.800000 0.000372
25.900000 0.000183
26.000000 0.000163
26.100000 -0.000093
26.200000 -0.000118
26.300000 -0.000348
26.400000 -0.000290
26.500000 -0.000426
26.600000 -0.000245
26.700000 -0.000277
26.800000 0.000001
26.900000 0.000013
27.000000 0.000302
27.100000 0.000260
27.200000 0.000464
27.300000 0.000297
27.400000 0.000382
27.500000 0.000098
27.600000 0.000111
27.700000 -0.000213
27.800000 -0.000182
27.900000 -0.000452
28.000000 -0.000319
28.100000 -0.000475
28.200000 -0.000211
28.300000 -0.000260
28.400000 0.000089
28.500000 0.000065
28.600000 0.000397
28.700000 0.000295
28.800000 0.000523
28.900000 0.000287
29.000000 0.000394
29.100000 0.000044
29.200000 0.000080
29.300000 -0.000309
29.400000 -0.000254
29.500000 -0.000591
29.600000 -0.000430
29.700000 -0.000645
29.800000 -0.000339
29.900000 -0.000426
