-30.000000 0.000786
-29.950000 0.000723
-29.900000 0.001440
-29.850000 0.001303
-29.800000 0.001937
-29.750000 0.001711
-29.700000 0.002247
-29.650000 0.001919
-29.600000 0.002347
-29.550000 0.001912
-29.500000 0.002231
-29.450000 0.001691
-29.400000 0.001910
-29.350000 0.001281
-29.300000 0.001419
-29.250000 0.000725
-29.200000 0.000810
-29.150000 0.000081
-29.100000 0.000148
-29.050000 -0.000581
-29.000000 -0.000498
-28.950000 -0.001192
-28.900000 -0.001061
-28.850000 -0.001690
-28.800000 -0.001482
-28.750000 -0.002021
-28.700000 -0.001717
-28.650000 -0.002151
-28.600000 -0.001740
-28.550000 -0.002065
-28.500000 -0.001547
-28.450000 -0.001769
-28.400000 -0.001157
-28.350000 -0.001291
-28.300000 -0.000607
-28.250000 -0.000682
-28.200000 0.000044
-28.150000 -0.000005
-28.100000 0.000727
-28.050000 0.000666
-28.000000 0.001365
-27.950000 0.001256
-27.900000 0.001887
-27.850000 0.001697
-27.800000 0.002232
-27.750000 0.001938
-27.700000 0.002360
-27.650000 0.001949
-27.600000 0.002253
-27.550000 0.001728
-27.500000 0.001921
-27.450000 0.001298
-27.400000 0.001401
-27.350000 0.000703
-27.300000 0.000746
-27.250000 0.000007
-27.200000 0.000025
-27.150000 -0.000718
-27.100000 -0.000687
-27.050000 -0.001397
-27.000000 -0.001317
-26.950000 -0.001961
-26.900000 -0.001801
-26.850000 -0.002351
-26.800000 -0.002089
-26.750000 -0.002526
-26.700000 -0.002149
-26.650000 -0.002466
-26.600000 -0.001971
-26.550000 -0.002172
-26.500000 -0.001568
-26.450000 -0.001667
-26.400000 -0.000976
-26.350000 -0.001000
-26.300000 -0.000251
-26.250000 -0.000234
-26.200000 0.000534
-26.150000 0.000553
-26.100000 0.001300
-26.050000 0.001280
-26.000000 0.001966
-25.950000 0.001870
-25.900000 0.002462
-25.850000 0.002259
-25.800000 0.002733
-25.750000 0.002406
-25.700000 0.002750
-25.650000 0.002295
-25.600000 0.002511
-25.550000 0.001935
-25.500000 0.002037
-25.450000 0.001362
-25.400000 0.001376
-25.350000 0.000630
-25.300000 0.000591
-25.250000 -0.000189
-25.200000 -0.000245
-25.150000 -0.001019
-25.100000 -0.001051
-25.050000 -0.001781
-25.000000 -0.001754
-24.950000 -0.002404
-24.900000 -0.002284
-24.850000 -0.002827
-24.800000 -0.002591
-24.750000 -0.003007
-24.700000 -0.002641
-24.650000 -0.002922
-24.600000 -0.002423
-24.550000 -0.002573
-24.500000 -0.001952
-24.450000 -0.001988
-24.400000 -0.001267
-24.350000 -0.001217
-24.300000 -0.000429
-24.250000 -0.000330
-24.200000 0.000483
-24.150000 0.000587
-24.100000 0.001382
-24.050000 0.001449
-24.000000 0.002183
-23.950000 0.002170
-23.900000 0.002806
-23.850000 0.002683
-23.800000 0.003193
-23.750000 0.002937
-23.700000 0.003307
-23.650000 0.002909
-23.600000 0.003136
-23.550000 0.002602
-23.500000 0.002696
-23.450000 0.002041
-23.400000 0.002025
-23.350000 0.001275
-23.300000 0.001179
-23.250000 0.000368
-23.200000 0.000229
-23.150000 -0.000602
-23.100000 -0.000743
-23.050000 -0.001553
-23.000000 -0.001654
-22.950000 -0.002403
-22.900000 -0.002425
-22.850000 -0.003075
-22.800000 -0.002984
-22.750000 -0.003506
-22.700000 -0.003278
-22.650000 -0.003652
-22.600000 -0.003274
-22.550000 -0.003494
-22.500000 -0.002965
-22.450000 -0.003038
-22.400000 -0.002374
-22.350000 -0.002322
-22.300000 -0.001549
-22.250000 -0.001404
-22.200000 -0.000561
-22.150000 -0.000365
-22.100000 0.000506
-22.050000 0.000707
-22.000000 0.001558
-21.950000 0.001719
-21.900000 0.002506
-21.850000 0.002585
-21.800000 0.003270
-21.750000 0.003232
-21.700000 0.003786
-21.650000 0.003608
-21.600000 0.004011
-21.550000 0.003680
-21.500000 0.003926
-21.450000 0.003441
-21.400000 0.003534
-21.350000 0.002905
-21.300000 0.002862
-21.250000 0.002110
-21.200000 0.001957
-21.150000 0.001114
-21.100000 0.000886
-21.050000 -0.000008
-21.000000 -0.000268
-20.950000 -0.001170
-20.900000 -0.001414
-20.850000 -0.002276
-20.800000 -0.002459
-20.750000 -0.003234
-20.700000 -0.003313
-20.650000 -0.003964
-20.600000 -0.003904
-20.550000 -0.004400
-20.500000 -0.004178
-20.450000 -0.004504
-20.400000 -0.004111
-20.350000 -0.004264
-20.300000 -0.003704
-20.250000 -0.003697
-20.200000 -0.002990
-20.150000 -0.002847
-20.100000 -0.002021
-20.050000 -0.001777
-20.000000 -0.000873
-19.950000 -0.000569
-19.900000 0.000371
-19.850000 0.000688
-19.800000 0.001617
-19.750000 0.001903
-19.700000 0.002776
-19.650000 0.002987
-19.600000 0.003763
-19.550000 0.003860
-19.500000 0.004504
-19.450000 0.004455
-19.400000 0.004939
-19.350000 0.004723
-19.300000 0.005031
-19.250000 0.004637
-19.200000 0.004764
-19.150000 0.004194
-19.100000 0.004150
-19.050000 0.003420
-19.000000 0.003225
-18.950000 0.002364
-18.900000 0.002055
-18.850000 0.001101
-18.800000 0.000721
-18.750000 -0.000277
-18.700000 -0.000678
-18.650000 -0.001670
-18.600000 -0.002040
-18.550000 -0.002975
-18.500000 -0.003267
-18.450000 -0.004098
-18.400000 -0.004270
-18.350000 -0.004961
-18.300000 -0.004978
-18.250000 -0.005502
-18.200000 -0.005343
-18.150000 -0.005683
-18.100000 -0.005339
-18.050000 -0.005489
-18.000000 -0.004961
-17.950000 -0.004930
-17.900000 -0.004230
-17.850000 -0.004037
-17.800000 -0.003189
-17.750000 -0.002862
-17.700000 -0.001901
-17.650000 -0.001477
-17.600000 -0.000444
-17.550000 0.000029
-17.500000 0.001086
-17.450000 0.001560
-17.400000 0.002589
-17.350000 0.003012
-17.300000 0.003963
-17.250000 0.004284
-17.200000 0.005110
-17.150000 0.005289
-17.100000 0.005951
-17.050000 0.005952
-17.000000 0.006424
-16.950000 0.006228
-16.900000 0.006495
-16.850000 0.006095
-16.800000 0.006157
-16.750000 0.005560
-16.700000 0.005431
-16.650000 0.004656
-16.600000 0.004361
-16.550000 0.003438
-16.500000 0.003011
-16.450000 0.001978
-16.400000 0.001461
-16.350000 0.000361
-16.300000 -0.000201
-16.250000 -0.001319
-16.200000 -0.001876
-16.150000 -0.002964
-16.100000 -0.003468
-16.050000 -0.004476
-16.000000 -0.004880
-15.950000 -0.005762
-15.900000 -0.006022
-15.850000 -0.006740
-15.800000 -0.006819
-15.750000 -0.007340
-15.700000 -0.007214
-15.650000 -0.007519
-15.600000 -0.007174
-15.550000 -0.007257
-15.500000 -0.006694
-15.450000 -0.006563
-15.400000 -0.005797
-15.350000 -0.005473
-15.300000 -0.004533
-15.250000 -0.004051
-15.200000 -0.002974
-15.150000 -0.002377
-15.100000 -0.001211
-15.050000 -0.000547
-15.000000 0.000657
-14.950000 0.001335
-14.900000 0.002526
-14.850000 0.003168
-14.800000 0.004295
-14.750000 0.004852
-14.700000 0.005870
-14.650000 0.006298
-14.600000 0.007165
-14.550000 0.007427
-14.500000 0.008110
-14.450000 0.008175
-14.400000 0.008648
-14.350000 0.008496
-14.300000 0.008743
-14.250000 0.008362
-14.200000 0.008377
-14.150000 0.007769
-14.100000 0.007560
-14.050000 0.006738
-14.000000 0.006324
-13.950000 0.005315
-13.900000 0.004730
-13.850000 0.003571
-13.800000 0.002857
-13.750000 0.001595
-13.700000 0.000802
-13.650000 -0.000509
-13.600000 -0.001326
-13.550000 -0.002632
-13.500000 -0.003419
-13.450000 -0.004666
-13.400000 -0.005371
-13.350000 -0.006509
-13.300000 -0.007085
-13.250000 -0.008071
-13.200000 -0.008476
-13.150000 -0.009274
-13.100000 -0.009478
-13.050000 -0.010060
-13.000000 -0.010039
-12.950000 -0.010385
-12.900000 -0.010126
-12.850000 -0.010229
-12.800000 -0.009727
-12.750000 -0.009586
-12.700000 -0.008849
-12.650000 -0.008478
-12.600000 -0.007522
-12.550000 -0.006944
-12.500000 -0.005800
-12.450000 -0.005050
-12.400000 -0.003756
-12.350000 -0.002878
-12.300000 -0.001483
-12.250000 -0.000527
-12.200000 0.000915
-12.150000 0.001892
-12.100000 0.003325
-12.050000 0.004267
-12.000000 0.005636
-11.950000 0.006490
-11.900000 0.007744
-11.850000 0.008462
-11.800000 0.009556
-11.750000 0.010098
-11.700000 0.010997
-11.650000 0.011331
-11.600000 0.012007
-11.550000 0.012108
-11.500000 0.012541
-11.450000 0.012396
-11.400000 0.012574
-11.350000 0.012174
-11.300000 0.012097
-11.250000 0.011444
-11.200000 0.011116
-11.150000 0.010222
-11.100000 0.009660
-11.050000 0.008545
-11.000000 0.007774
-10.950000 0.006471
-10.900000 0.005527
-10.850000 0.004073
-10.800000 0.003001
-10.750000 0.001446
-10.700000 0.000296
-10.650000 -0.001307
-10.600000 -0.002480
-10.550000 -0.004076
-10.500000 -0.005216
-10.450000 -0.006750
-10.400000 -0.007805
-10.350000 -0.009225
-10.300000 -0.010145
-10.250000 -0.011407
-10.200000 -0.012150
-10.150000 -0.013214
-10.100000 -0.013745
-10.050000 -0.014581
-10.000000 -0.014873
-9.950000 -0.015458
-9.900000 -0.015492
-9.850000 -0.015808
-9.800000 -0.015571
-9.750000 -0.015612
-9.700000 -0.015101
-9.650000 -0.014865
-9.600000 -0.014083
-9.550000 -0.013581
-9.500000 -0.012542
-9.450000 -0.011791
-9.400000 -0.010520
-9.350000 -0.009549
-9.300000 -0.008078
-9.250000 -0.006925
-9.200000 -0.005295
-9.150000 -0.004005
-9.100000 -0.002266
-9.050000 -0.000890
-9.000000 0.000908
-8.950000 0.002319
-8.900000 0.004122
-8.850000 0.005516
-8.800000 0.007275
-8.750000 0.008602
-8.700000 0.010270
-8.650000 0.011488
-8.600000 0.013023
-8.550000 0.014090
-8.500000 0.015454
-8.450000 0.016336
-8.400000 0.017497
-8.350000 0.018163
-8.300000 0.019092
-8.250000 0.019516
-8.200000 0.020189
-8.150000 0.020351
-8.100000 0.020750
-8.050000 0.020633
-8.000000 0.020747
-7.950000 0.020343
-7.900000 0.020167
-7.850000 0.019477
-7.800000 0.019014
-7.750000 0.018046
-7.700000 0.017312
-7.650000 0.016084
-7.600000 0.015099
-7.550000 0.013637
-7.500000 0.012432
-7.450000 0.010770
-7.400000 0.009380
-7.350000 0.007554
-7.300000 0.006017
-7.250000 0.004067
-7.200000 0.002424
-7.150000 0.000391
-7.100000 -0.001318
-7.050000 -0.003394
-7.000000 -0.005128
-6.950000 -0.007207
-6.900000 -0.008925
-6.850000 -0.010966
-6.800000 -0.012627
-6.750000 -0.014588
-6.700000 -0.016152
-6.650000 -0.017991
-6.600000 -0.019415
-6.550000 -0.021092
-6.500000 -0.022337
-6.450000 -0.023813
-6.400000 -0.024842
-6.350000 -0.026083
-6.300000 -0.026864
-6.250000 -0.027843
-6.200000 -0.028352
-6.150000 -0.029048
-6.100000 -0.029270
-6.050000 -0.029671
-6.000000 -0.029598
-5.950000 -0.029701
-5.900000 -0.029333
-5.850000 -0.029141
-5.800000 -0.028484
-5.750000 -0.028005
-5.700000 -0.027070
-5.650000 -0.026317
-5.600000 -0.025118
-5.550000 -0.024107
-5.500000 -0.022660
-5.450000 -0.021408
-5.400000 -0.019733
-5.350000 -0.018260
-5.300000 -0.016378
-5.250000 -0.014708
-5.200000 -0.012644
-5.150000 -0.010803
-5.100000 -0.008587
-5.050000 -0.006607
-5.000000 -0.004271
-4.950000 -0.002186
-4.900000 0.000234
-4.850000 0.002388
-4.800000 0.004858
-4.750000 0.007045
-4.700000 0.009528
-4.650000 0.011715
-4.600000 0.014180
-4.550000 0.016337
-4.500000 0.018757
-4.450000 0.020859
-4.400000 0.023211
-4.350000 0.025239
-4.300000 0.027504
-4.250000 0.029440
-4.200000 0.031604
-4.150000 0.033433
-4.100000 0.035480
-4.050000 0.037189
-4.000000 0.039106
-3.950000 0.040680
-3.900000 0.042454
-3.850000 0.043882
-3.800000 0.045500
-3.750000 0.046769
-3.700000 0.048221
-3.650000 0.049321
-3.600000 0.050599
-3.550000 0.051525
-3.500000 0.052623
-3.450000 0.053373
-3.400000 0.054294
-3.350000 0.054870
-3.300000 0.055617
-3.250000 0.056025
-3.200000 0.056605
-3.150000 0.056853
-3.100000 0.057275
-3.050000 0.057372
-3.000000 0.057643
-2.950000 0.057597
-2.900000 0.057725
-2.850000 0.057541
-2.800000 0.057530
-2.750000 0.057211
-2.700000 0.057064
-2.650000 0.056612
-2.600000 0.056330
-2.550000 0.055746
-2.500000 0.055332
-2.450000 0.054619
-2.400000 0.054075
-2.350000 0.053238
-2.300000 0.052570
-2.250000 0.051614
-2.200000 0.050829
-2.150000 0.049762
-2.100000 0.048866
-2.050000 0.047694
-2.000000 0.046693
-1.950000 0.045419
-1.900000 0.044314
-1.850000 0.042938
-1.800000 0.041724
-1.750000 0.040240
-1.700000 0.038910
-1.650000 0.037305
-1.600000 0.035843
-1.550000 0.034101
-1.500000 0.032489
-1.450000 0.030588
-1.400000 0.028803
-1.350000 0.026718
-1.300000 0.024732
-1.250000 0.022435
-1.200000 0.020218
-1.150000 0.017676
-1.100000 0.015193
-1.050000 0.012366
-1.000000 0.009573
-0.950000 0.006415
-0.900000 0.003260
-0.850000 -0.000289
-0.800000 -0.003872
-0.750000 -0.007886
-0.700000 -0.011980
-0.650000 -0.016549
-0.600000 -0.021254
-0.550000 -0.026491
-0.500000 -0.031930
-0.450000 -0.037967
-0.400000 -0.044282
-0.350000 -0.051273
-0.300000 -0.058633
-0.250000 -0.066756
-0.200000 -0.075349
-0.150000 -0.084808
-0.100000 -0.094849
-0.050000 -0.105872
0.000000 -0.117605
0.050000 -0.130449
0.100000 -0.144145
0.150000 -0.159096
0.200000 -0.175057
0.250000 -0.192433
0.300000 -0.210989
0.350000 -0.231131
0.400000 -0.252636
0.450000 -0.275906
0.500000 -0.300724
0.550000 -0.327485
0.600000 -0.355974
0.650000 -0.386571
0.700000 -0.419054
0.750000 -0.453780
0.800000 -0.490507
0.850000 -0.529559
0.900000 -0.570662
0.950000 -0.614089
1.000000 -0.659521
1.050000 -0.707165
1.100000 -0.756638
1.150000 -0.808066
1.200000 -0.860988
1.250000 -0.915431
1.300000 -0.970844
1.350000 -1.027149
1.400000 -1.083697
1.450000 -1.140305
1.500000 -1.196231
1.550000 -1.251200
1.600000 -1.304399
1.650000 -1.355486
1.700000 -1.403613
1.750000 -1.448416
1.800000 -1.489065
1.850000 -1.525228
1.900000 -1.556152
1.950000 -1.581601
2.000000 -1.600959
2.050000 -1.614145
2.100000 -1.620727
2.150000 -1.620818
2.200000 -1.614202
2.250000 -1.601199
2.300000 -1.581808
2.350000 -1.556544
2.400000 -1.525595
2.450000 -1.489627
2.500000 -1.448969
2.550000 -1.404385
2.600000 -1.356279
2.650000 -1.305451
2.700000 -1.252321
2.750000 -1.197665
2.800000 -1.141867
2.850000 -1.085636
2.900000 -1.029283
2.950000 -0.973419
3.000000 -0.918264
3.050000 -0.864319
3.100000 -0.811707
3.150000 -0.760822
3.200000 -0.711693
3.250000 -0.664621
3.300000 -0.619554
3.350000 -0.576712
3.400000 -0.535982
3.450000 -0.497518
3.500000 -0.461165
3.550000 -0.427029
3.600000 -0.394923
3.650000 -0.364921
3.700000 -0.336819
3.750000 -0.310669
3.800000 -0.286260
3.850000 -0.263630
3.900000 -0.242568
3.950000 -0.223104
4.000000 -0.205033
4.050000 -0.188381
4.100000 -0.172951
4.150000 -0.158767
4.200000 -0.145644
4.250000 -0.133607
4.300000 -0.122481
4.350000 -0.112293
4.400000 -0.102882
4.450000 -0.094275
4.500000 -0.086327
4.550000 -0.079066
4.600000 -0.072359
4.650000 -0.066239
4.700000 -0.060585
4.750000 -0.055431
4.800000 -0.050668
4.850000 -0.046333
4.900000 -0.042328
4.950000 -0.038689
5.000000 -0.035328
5.050000 -0.032281
5.100000 -0.029469
5.150000 -0.026926
5.200000 -0.024581
5.250000 -0.022464
5.300000 -0.020513
5.350000 -0.018755
5.400000 -0.017135
5.450000 -0.015675
5.500000 -0.014329
5.550000 -0.013114
5.600000 -0.011991
5.650000 -0.010975
5.700000 -0.010032
5.750000 -0.009176
5.800000 -0.008381
5.850000 -0.007655
5.900000 -0.006980
5.950000 -0.006361
6.000000 -0.005788
6.050000 -0.005262
6.100000 -0.004779
6.150000 -0.004336
6.200000 -0.003934
6.250000 -0.003566
6.300000 -0.003239
6.350000 -0.002940
6.400000 -0.002681
6.450000 -0.002442
6.500000 -0.002240
6.550000 -0.002051
6.600000 -0.001896
6.650000 -0.001745
6.700000 -0.001624
6.750000 -0.001498
6.800000 -0.001398
6.850000 -0.001286
6.900000 -0.001198
6.950000 -0.001091
7.000000 -0.001010
7.050000 -0.000905
7.100000 -0.000827
7.150000 -0.000725
7.200000 -0.000654
7.250000 -0.000558
7.300000 -0.000498
7.350000 -0.000413
7.400000 -0.000370
7.450000 -0.000300
7.500000 -0.000277
7.550000 -0.000226
7.600000 -0.000223
7.650000 -0.000188
7.700000 -0.000203
7.750000 -0.000182
7.800000 -0.000209
7.850000 -0.000193
7.900000 -0.000225
7.950000 -0.000208
8.000000 -0.000237
8.050000 -0.000211
8.100000 -0.000233
8.150000 -0.000194
8.200000 -0.000205
8.250000 -0.000154
8.300000 -0.000155
8.350000 -0.000095
8.400000 -0.000093
8.450000 -0.000030
8.500000 -0.000031
8.550000 0.000028
8.600000 0.000016
8.650000 0.000064
8.700000 0.000036
8.750000 0.000068
8.800000 0.000023
8.850000 0.000041
8.900000 -0.000020
8.950000 -0.000012
9.000000 -0.000083
9.050000 -0.000080
9.100000 -0.000155
9.150000 -0.000149
9.200000 -0.000221
9.250000 -0.000209
9.300000 -0.000276
9.350000 -0.000257
9.400000 -0.000322
9.450000 -0.000300
9.500000 -0.000371
9.550000 -0.000358
9.600000 -0.000447
9.650000 -0.000458
9.700000 -0.000583
9.750000 -0.000640
9.800000 -0.000823
9.850000 -0.000948
9.900000 -0.001217
9.950000 -0.001441
10.000000 -0.001829
10.050000 -0.002190
10.100000 -0.002742
10.150000 -0.003292
10.200000 -0.004070
10.250000 -0.004886
10.300000 -0.005983
10.350000 -0.007178
10.400000 -0.008733
10.450000 -0.010478
10.500000 -0.012699
10.550000 -0.015246
10.600000 -0.018443
10.650000 -0.022169
10.700000 -0.026797
10.750000 -0.032252
10.800000 -0.038974
10.850000 -0.046958
10.900000 -0.056735
10.950000 -0.068402
11.000000 -0.082621
11.050000 -0.099634
11.100000 -0.120284
11.150000 -0.145019
11.200000 -0.174939
11.250000 -0.210779
11.300000 -0.253985
11.350000 -0.305686
11.400000 -0.367787
11.450000 -0.441926
11.500000 -0.530588
11.550000 -0.636029
11.600000 -0.761393
11.650000 -0.909588
11.700000 -1.084370
11.750000 -1.289129
11.800000 -1.527885
11.850000 -1.803908
11.900000 -2.120556
11.950000 -2.479650
12.000000 -2.882080
12.050000 -3.325924
12.100000 -3.806895
12.150000 -4.316388
12.200000 -4.842141
12.250000 -5.366799
12.300000 -5.869529
12.350000 -6.325875
12.400000 -6.710948
12.450000 -7.000721
12.500000 -7.176196
12.550000 -7.224738
12.600000 -7.143181
12.650000 -6.937035
12.700000 -6.620942
12.750000 -6.215272
12.800000 -5.744722
12.850000 -5.234113
12.900000 -4.707319
12.950000 -4.184173
13.000000 -3.680940
13.050000 -3.208718
13.100000 -2.775153
13.150000 -2.383653
13.200000 -2.035562
13.250000 -1.729480
13.300000 -1.463358
13.350000 -1.233602
13.400000 -1.036945
13.450000 -0.869280
13.500000 -0.727340
13.550000 -0.607342
13.600000 -0.506549
13.650000 -0.421800
13.700000 -0.351025
13.750000 -0.291707
13.800000 -0.242394
13.850000 -0.201124
13.900000 -0.166951
13.950000 -0.138352
14.000000 -0.114766
14.050000 -0.094998
14.100000 -0.078775
14.150000 -0.065135
14.200000 -0.054014
14.250000 -0.044615
14.300000 -0.037020
14.350000 -0.030548
14.400000 -0.025387
14.450000 -0.020932
14.500000 -0.017443
14.550000 -0.014371
14.600000 -0.012029
14.650000 -0.009900
14.700000 -0.008337
14.750000 -0.006846
14.800000 -0.005808
14.850000 -0.004745
14.900000 -0.004057
14.950000 -0.003278
15.000000 -0.002825
15.050000 -0.002236
15.100000 -0.001940
15.150000 -0.001481
15.200000 -0.001297
15.250000 -0.000931
15.300000 -0.000831
15.350000 -0.000537
15.400000 -0.000505
15.450000 -0.000271
15.500000 -0.000296
15.550000 -0.000113
15.600000 -0.000185
15.650000 -0.000042
15.700000 -0.000151
15.750000 -0.000035
15.800000 -0.000168
15.850000 -0.000067
15.900000 -0.000209
15.950000 -0.000109
16.000000 -0.000248
16.050000 -0.000138
16.100000 -0.000266
16.150000 -0.000138
16.200000 -0.000249
16.250000 -0.000103
16.300000 -0.000198
16.350000 -0.000036
16.400000 -0.000122
16.450000 0.000049
16.500000 -0.000036
16.550000 0.000134
16.600000 0.000041
16.650000 0.000200
16.700000 0.000091
16.750000 0.000233
16.800000 0.000103
16.850000 0.000224
16.900000 0.000073
16.950000 0.000177
17.000000 0.000008
17.050000 0.000101
17.100000 -0.000077
17.150000 0.000015
17.200000 -0.000161
17.250000 -0.000061
17.300000 -0.000225
17.350000 -0.000106
17.400000 -0.000252
17.450000 -0.000110
17.500000 -0.000235
17.550000 -0.000071
17.600000 -0.000177
17.650000 0.000003
17.700000 -0.000093
17.750000 0.000095
17.800000 -0.000002
17.850000 0.000181
17.900000 0.000073
17.950000 0.000242
18.000000 0.000114
18.050000 0.000263
18.100000 0.000110
18.150000 0.000238
18.200000 0.000064
18.250000 0.000174
18.300000 -0.000015
18.350000 0.000086
18.400000 -0.000109
18.450000 -0.000005
18.500000 -0.000195
18.550000 -0.000079
18.600000 -0.000254
18.650000 -0.000117
18.700000 -0.000272
18.750000 -0.000112
18.800000 -0.000245
18.850000 -0.000062
18.900000 -0.000179
18.950000 0.000020
19.000000 -0.000087
19.050000 0.000117
19.100000 0.000008
19.150000 0.000207
19.200000 0.000085
19.250000 0.000269
19.300000 0.000125
19.350000 0.000287
19.400000 0.000118
19.450000 0.000257
19.500000 0.000065
19.550000 0.000186
19.600000 -0.000023
19.650000 0.000088
19.700000 -0.000126
19.750000 -0.000013
19.800000 -0.000221
19.850000 -0.000093
19.900000 -0.000284
19.950000 -0.000133
20.000000 -0.000301
20.050000 -0.000123
20.100000 -0.000268
20.150000 -0.000066
20.200000 -0.000192
20.250000 0.000026
20.300000 -0.000091
20.350000 0.000132
20.400000 0.000012
20.450000 0.000228
20.500000 0.000094
20.550000 0.000293
20.600000 0.000136
20.650000 0.000312
20.700000 0.000128
20.750000 0.000280
20.800000 0.000073
20.850000 0.000206
20.900000 -0.000019
20.950000 0.000103
21.000000 -0.000128
21.050000 -0.000004
21.100000 -0.000230
21.150000 -0.000092
21.200000 -0.000302
21.250000 -0.000141
21.300000 -0.000328
21.350000 -0.000140
21.400000 -0.000301
21.450000 -0.000087
21.500000 -0.000226
21.550000 0.000007
21.600000 -0.000120
21.650000 0.000122
21.700000 -0.000005
21.750000 0.000233
21.800000 0.000092
21.850000 0.000313
21.900000 0.000149
21.950000 0.000345
22.000000 0.000152
22.050000 0.000321
22.100000 0.000100
22.150000 0.000246
22.200000 0.000005
22.250000 0.000138
22.300000 -0.000114
22.350000 0.000019
22.400000 -0.000229
22.450000 -0.000084
22.500000 -0.000316
22.550000 -0.000149
22.600000 -0.000356
22.650000 -0.000160
22.700000 -0.000340
22.750000 -0.000116
22.800000 -0.000272
22.850000 -0.000026
22.900000 -0.000166
22.950000 0.000093
23.000000 -0.000044
23.050000 0.000214
23.100000 0.000068
23.150000 0.000313
23.200000 0.000146
23.250000 0.000368
23.300000 0.000172
23.350000 0.000366
23.400000 0.000140
23.450000 0.000308
23.500000 0.000056
23.550000 0.000204
23.600000 -0.000064
23.650000 0.000076
23.700000 -0.000195
23.750000 -0.000049
23.800000 -0.000309
23.850000 -0.000142
23.900000 -0.000379
23.950000 -0.000184
24.000000 -0.000392
24.050000 -0.000164
24.100000 -0.000343
24.150000 -0.000086
24.200000 -0.000242
24.250000 0.000034
24.300000 -0.000112
24.350000 0.000170
24.400000 0.000021
24.450000 0.000294
24.500000 0.000128
24.550000 0.000380
24.600000 0.000186
24.650000 0.000409
24.700000 0.000183
24.750000 0.000377
24.800000 0.000120
24.850000 0.000288
24.900000 0.000009
24.950000 0.000162
25.000000 -0.000128
25.050000 0.000023
25.100000 -0.000263
25.150000 -0.000099
25.200000 -0.000369
25.250000 -0.000181
25.300000 -0.000424
25.350000 -0.000203
25.400000 -0.000416
25.450000 -0.000162
25.500000 -0.000344
25.550000 -0.000062
25.600000 -0.000224
25.650000 0.000076
25.700000 -0.000078
25.750000 0.000224
25.800000 0.000063
25.850000 0.000353
25.900000 0.000170
25.950000 0.000434
26.000000 0.000219
26.050000 0.000450
26.100000 0.000200
26.150000 0.000398
26.200000 0.000115
26.250000 0.000287
26.300000 -0.000019
26.350000 0.000141
26.400000 -0.000173
26.450000 -0.000012
26.500000 -0.000318
26.550000 -0.000139
26.600000 -0.000424
26.650000 -0.000216
26.700000 -0.000469
26.750000 -0.000226
26.800000 -0.000445
26.850000 -0.000167
26.900000 -0.000357
26.950000 -0.000051
27.000000 -0.000221
27.050000 0.000101
27.100000 -0.000063
27.150000 0.000258
27.200000 0.000085
27.250000 0.000392
27.300000 0.000195
27.350000 0.000475
27.400000 0.000244
27.450000 0.000490
27.500000 0.000222
27.550000 0.000432
27.600000 0.000130
27.650000 0.000313
27.700000 -0.000014
27.750000 0.000154
27.800000 -0.000183
27.850000 -0.000014
27.900000 -0.000343
27.950000 -0.000157
28.000000 -0.000463
28.050000 -0.000246
28.100000 -0.000519
28.150000 -0.000262
28.200000 -0.000497
28.250000 -0.000202
28.300000 -0.000403
28.350000 -0.000076
28.400000 -0.000253
28.450000 0.000091
28.500000 -0.000079
28.550000 0.000267
28.600000 0.000087
28.650000 0.000418
28.700000 0.000213
28.750000 0.000515
28.800000 0.000274
28.850000 0.000539
28.900000 0.000259
28.950000 0.000487
29.000000 0.000169
29.050000 0.000366
29.100000 0.000021
29.150000 0.000200
29.200000 -0.000158
29.250000 0.000019
29.300000 -0.000335
29.350000 -0.000144
29.400000 -0.000478
29.450000 -0.000257
29.500000 -0.000558
29.550000 -0.000299
29.600000 -0.000560
29.650000 -0.000259
29.700000 -0.000481
29.750000 -0.000143
29.800000 -0.000336
29.850000 0.000028
29.900000 -0.000149
29.950000 0.000223
30.000000 0.000043
30.050000 0.000405
30.100000 0.000203
30.150000 0.000539
30.200000 0.000302
30.250000 0.000599
30.300000 0.000318
30.350000 0.000573
30.400000 0.000249
30.450000 0.000466
30.500000 0.000106
30.550000 0.000297
30.600000 -0.000083
30.650000 0.000098
30.700000 -0.000284
30.750000 -0.000095
30.800000 -0.000462
30.850000 -0.000246
30.900000 -0.000582
30.950000 -0.000328
31.000000 -0.000625
31.050000 -0.000327
31.100000 -0.000581
31.150000 -0.000240
31.200000 -0.000457
31.250000 -0.000083
31.300000 -0.000275
31.350000 0.000118
31.400000 -0.000066
31.450000 0.000327
31.500000 0.000132
31.550000 0.000508
31.600000 0.000284
31.650000 0.000627
31.700000 0.000362
31.750000 0.000661
31.800000 0.000348
31.850000 0.000602
31.900000 0.000245
31.950000 0.000460
32.000000 0.000068
32.050000 0.000258
32.100000 -0.000151
32.150000 0.000034
32.200000 -0.000373
32.250000 -0.000172
32.300000 -0.000557
32.350000 -0.000323
32.400000 -0.000670
32.450000 -0.000391
32.500000 -0.000692
32.550000 -0.000364
32.600000 -0.000618
32.650000 -0.000245
32.700000 -0.000462
32.750000 -0.000056
32.800000 -0.000250
32.850000 0.000171
32.900000 -0.000019
32.950000 0.000397
33.000000 0.000191
33.050000 0.000585
33.100000 0.000345
33.150000 0.000700
33.200000 0.000415
33.250000 0.000724
33.300000 0.000389
33.350000 0.000650
33.400000 0.000268
33.450000 0.000490
33.500000 0.000073
33.550000 0.000269
33.600000 -0.000167
33.650000 0.000024
33.700000 -0.000409
33.750000 -0.000203
33.800000 -0.000613
33.850000 -0.000372
33.900000 -0.000741
33.950000 -0.000452
34.000000 -0.000771
34.050000 -0.000428
34.100000 -0.000695
34.150000 -0.000302
34.200000 -0.000526
34.250000 -0.000096
34.300000 -0.000293
34.350000 0.000157
34.400000 -0.000034
34.450000 0.000413
34.500000 0.000206
34.550000 0.000629
34.600000 0.000387
34.650000 0.000768
34.700000 0.000477
34.750000 0.000808
34.800000 0.000462
34.850000 0.000741
34.900000 0.000344
34.950000 0.000578
35.000000 0.000141
35.050000 0.000345
35.100000 -0.000115
35.150000 0.000079
35.200000 -0.000383
35.250000 -0.000178
35.300000 -0.000620
35.350000 -0.000384
35.400000 -0.000787
35.450000 -0.000503
35.500000 -0.000855
35.550000 -0.000515
35.600000 -0.000812
35.650000 -0.000415
35.700000 -0.000661
35.750000 -0.000218
35.800000 -0.000426
35.850000 0.000047
35.900000 -0.000144
35.950000 0.000337
36.000000 0.000139
36.050000 0.000603
36.100000 0.000376
36.150000 0.000802
36.200000 0.000527
36.250000 0.000900
36.300000 0.000566
36.350000 0.000881
36.400000 0.000487
36.450000 0.000747
36.500000 0.000302
36.550000 0.000519
36.600000 0.000039
36.650000 0.000234
36.700000 -0.000259
36.750000 -0.000064
36.800000 -0.000547
36.850000 -0.000328
36.900000 -0.000780
36.950000 -0.000518
37.000000 -0.000920
37.050000 -0.000603
37.100000 -0.000947
37.150000 -0.000568
37.200000 -0.000854
37.250000 -0.000417
37.300000 -0.000653
37.350000 -0.000172
37.400000 -0.000373
37.450000 0.000133
37.500000 -0.000057
37.550000 0.000451
37.600000 0.000247
37.650000 0.000731
37.700000 0.000492
37.750000 0.000931
37.800000 0.000636
37.850000 0.001016
37.900000 0.000656
37.950000 0.000971
38.000000 0.000546
38.050000 0.000802
38.100000 0.000322
38.150000 0.000533
38.200000 0.000018
38.250000 0.000207
38.300000 -0.000320
38.350000 -0.000127
38.400000 -0.000639
38.450000 -0.000418
38.500000 -0.000892
38.550000 -0.000622
38.600000 -0.001041
38.650000 -0.000707
38.700000 -0.001062
38.750000 -0.000661
38.800000 -0.000952
38.850000 -0.000490
38.900000 -0.000726
38.950000 -0.000217
39.000000 -0.000417
39.050000 0.000120
39.100000 -0.000067
39.150000 0.000471
39.200000 0.000272
39.250000 0.000787
39.300000 0.000551
39.350000 0.001020
39.400000 0.000727
39.450000 0.001134
39.500000 0.000772
39.550000 0.001109
39.600000 0.000676
39.650000 0.000946
39.700000 0.000450
39.750000 0.000667
39.800000 0.000126
39.850000 0.000312
39.900000 -0.000249
39.950000 -0.000068
40.000000 -0.000620
40.050000 -0.000415
40.100000 -0.000932
40.150000 -0.000679
40.200000 -0.001140
40.250000 -0.000820
40.300000 -0.001211
40.350000 -0.000818
40.400000 -0.001136
40.450000 -0.000672
40.500000 -0.000925
40.550000 -0.000402
40.600000 -0.000607
40.650000 -0.000045
40.700000 -0.000226
40.750000 0.000348
40.800000 0.000165
40.850000 0.000725
40.900000 0.000514
40.950000 0.001034
41.000000 0.000770
41.050000 0.001230
41.100000 0.000897
41.150000 0.001285
41.200000 0.000875
41.250000 0.001187
41.300000 0.000703
41.350000 0.000948
41.400000 0.000403
41.450000 0.000597
41.500000 0.000013
41.550000 0.000183
41.600000 -0.000414
41.650000 -0.000239
41.700000 -0.000817
41.750000 -0.000607
41.800000 -0.001139
41.850000 -0.000870
41.900000 -0.001334
41.950000 -0.000989
42.000000 -0.001373
42.050000 -0.000946
42.100000 -0.001251
42.150000 -0.000747
42.200000 -0.000983
42.250000 -0.000418
42.300000 -0.000605
42.350000 -0.000002
42.400000 -0.000167
42.450000 0.000444
42.500000 0.000272
42.550000 0.000863
42.600000 0.000654
42.650000 0.001198
42.700000 0.000930
42.750000 0.001406
42.800000 0.001062
42.850000 0.001458
42.900000 0.001030
42.950000 0.001344
43.000000 0.000836
43.050000 0.001077
43.100000 0.000502
43.150000 0.000687
43.200000 0.000068
43.250000 0.000224
43.300000 -0.000410
43.350000 -0.000251
43.400000 -0.000868
43.450000 -0.000676
43.500000 -0.001245
43.550000 -0.000991
43.600000 -0.001488
43.650000 -0.001151
43.700000 -0.001561
43.750000 -0.001131
43.800000 -0.001450
43.850000 -0.000931
43.900000 -0.001166
43.950000 -0.000572
44.000000 -0.000743
44.050000 -0.000096
44.100000 -0.000230
44.150000 0.000440
44.200000 0.000312
44.250000 0.000973
44.300000 0.000818
44.350000 0.001440
44.400000 0.001231
44.450000 0.001787
44.500000 0.001500
44.550000 0.001971
44.600000 0.001591
44.650000 0.001965
44.700000 0.001486
44.750000 0.001759
44.800000 0.001179
44.850000 0.001355
44.900000 0.000680
44.950000 0.000765
