-30.000000 -0.000000
-29.950000 -0.000000
-29.900000 -0.000000
-29.850000 0.000000
-29.800000 0.000000
-29.750000 0.000001
-29.700000 0.000000
-29.650000 0.000001
-29.600000 0.000000
-29.550000 0.000000
-29.500000 -0.000000
-29.450000 -0.000000
-29.400000 -0.000001
-29.350000 -0.000000
-29.300000 -0.000001
-29.250000 -0.000000
-29.200000 -0.000000
-29.150000 0.000000
-29.100000 0.000000
-29.050000 0.000001
-29.000000 0.000000
-28.950000 0.000001
-28.900000 0.000000
-28.850000 0.000000
-28.800000 -0.000000
-28.750000 -0.000000
-28.700000 -0.000001
-28.650000 -0.000001
-28.600000 -0.000001
-28.550000 -0.000000
-28.500000 -0.000000
-28.450000 0.000000
-28.400000 0.000000
-28.350000 0.000001
-28.300000 0.000001
-28.250000 0.000001
-28.200000 0.000000
-28.150000 0.000001
-28.100000 -0.000000
-28.050000 -0.000000
-28.000000 -0.000001
-27.950000 -0.000001
-27.900000 -0.000001
-27.850000 -0.000001
-27.800000 -0.000001
-27.750000 0.000000
-27.700000 0.000000
-27.650000 0.000001
-27.600000 0.000001
-27.550000 0.000001
-27.500000 0.000001
-27.450000 0.000001
-27.400000 0.000000
-27.350000 -0.000000
-27.300000 -0.000001
-27.250000 -0.000001
-27.200000 -0.000001
-27.150000 -0.000001
-27.100000 -0.000001
-27.050000 -0.000000
-27.000000 -0.000000
-26.950000 0.000001
-26.900000 0.000001
-26.850000 0.000001
-26.800000 0.000001
-26.750000 0.000001
-26.700000 0.000001
-26.650000 0.000000
-26.600000 -0.000001
-26.550000 -0.000001
-26.500000 -0.000001
-26.450000 -0.000001
-26.400000 -0.000001
-26.350000 -0.000001
-26.300000 -0.000000
-26.250000 0.000000
-26.200000 0.000001
-26.150000 0.000001
-26.100000 0.000002
-26.050000 0.000002
-26.000000 0.000001
-25.950000 0.000001
-25.900000 -0.000000
-25.850000 -0.000001
-25.800000 -0.000001
-25.750000 -0.000002
-25.700000 -0.000002
-25.650000 -0.000002
-25.600000 -0.000001
-25.550000 -0.000000
-25.500000 0.000000
-25.450000 0.000001
-25.400000 0.000002
-25.350000 0.000002
-25.300000 0.000002
-25.250000 0.000002
-25.200000 0.000001
-25.150000 0.000000
-25.100000 -0.000001
-25.050000 -0.000001
-25.000000 -0.000002
-24.950000 -0.000002
-24.900000 -0.000002
-24.850000 -0.000002
-24.800000 -0.000001
-24.750000 0.000000
-24.700000 0.000001
-24.650000 0.000002
-24.600000 0.000002
-24.550000 0.000003
-24.500000 0.000002
-24.450000 0.000002
-24.400000 0.000001
-24.350000 -0.000001
-24.300000 -0.000001
-24.250000 -0.000002
-24.200000 -0.000003
-24.150000 -0.000003
-24.100000 -0.000002
-24.050000 -0.000002
-24.000000 -0.000000
-23.950000 0.000001
-23.900000 0.000002
-23.850000 0.000003
-23.800000 0.000003
-23.750000 0.000003
-23.700000 0.000003
-23.650000 0.000001
-23.600000 0.000000
-23.550000 -0.000001
-23.500000 -0.000002
-23.450000 -0.000003
-23.400000 -0.000004
-23.350000 -0.000004
-23.300000 -0.000003
-23.250000 -0.000002
-23.200000 -0.000000
-23.150000 0.000001
-23.100000 0.000003
-23.050000 0.000004
-23.000000 0.000004
-22.950000 0.000004
-22.900000 0.000003
-22.850000 0.000002
-22.800000 0.000000
-22.750000 -0.000002
-22.700000 -0.000003
-22.650000 -0.000004
-22.600000 -0.000005
-22.550000 -0.000005
-22.500000 -0.000004
-22.450000 -0.000002
-22.400000 -0.000000
-22.350000 0.000001
-22.300000 0.000003
-22.250000 0.000004
-22.200000 0.000005
-22.150000 0.000005
-22.100000 0.000005
-22.050000 0.000003
-22.000000 0.000001
-21.950000 -0.000001
-21.900000 -0.000003
-21.850000 -0.000005
-21.800000 -0.000006
-21.750000 -0.000006
-21.700000 -0.000005
-21.650000 -0.000004
-21.600000 -0.000001
-21.550000 0.000001
-21.500000 0.000003
-21.450000 0.000005
-21.400000 0.000007
-21.350000 0.000007
-21.300000 0.000007
-21.250000 0.000005
-21.200000 0.000003
-21.150000 -0.000000
-21.100000 -0.000003
-21.050000 -0.000005
-21.000000 -0.000007
-20.950000 -0.000008
-20.900000 -0.000008
-20.850000 -0.000007
-20.800000 -0.000004
-20.750000 -0.000001
-20.700000 0.000002
-20.650000 0.000005
-20.600000 0.000007
-20.550000 0.000009
-20.500000 0.000009
-20.450000 0.000008
-20.400000 0.000006
-20.350000 0.000003
-20.300000 -0.000000
-20.250000 -0.000004
-20.200000 -0.000007
-20.150000 -0.000009
-20.100000 -0.000010
-20.050000 -0.000010
-20.000000 -0.000008
-19.950000 -0.000006
-19.900000 -0.000002
-19.850000 0.000002
-19.800000 0.000006
-19.750000 0.000009
-19.700000 0.000011
-19.650000 0.000012
-19.600000 0.000011
-19.550000 0.000009
-19.500000 0.000006
-19.450000 0.000001
-19.400000 -0.000003
-19.350000 -0.000008
-19.300000 -0.000011
-19.250000 -0.000013
-19.200000 -0.000014
-19.150000 -0.000013
-19.100000 -0.000010
-19.050000 -0.000006
-19.000000 -0.000000
-18.950000 0.000005
-18.900000 0.000010
-18.850000 0.000013
-18.800000 0.000016
-18.750000 0.000016
-18.700000 0.000014
-18.650000 0.000011
-18.600000 0.000006
-18.550000 0.000000
-18.500000 -0.000006
-18.450000 -0.000011
-18.400000 -0.000016
-18.350000 -0.000018
-18.300000 -0.000018
-18.250000 -0.000017
-18.200000 -0.000013
-18.150000 -0.000007
-18.100000 -0.000000
-18.050000 0.000006
-18.000000 0.000013
-17.950000 0.000018
-17.900000 0.000021
-17.850000 0.000022
-17.800000 0.000020
-17.750000 0.000016
-17.700000 0.000009
-17.650000 0.000002
-17.600000 -0.000006
-17.550000 -0.000014
-17.500000 -0.000020
-17.450000 -0.000024
-17.400000 -0.000025
-17.350000 -0.000024
-17.300000 -0.000020
-17.250000 -0.000013
-17.200000 -0.000005
-17.150000 0.000004
-17.100000 0.000013
-17.050000 0.000021
-17.000000 0.000026
-16.950000 0.000029
-16.900000 0.000029
-16.850000 0.000025
-16.800000 0.000019
-16.750000 0.000010
-16.700000 -0.000000
-16.650000 -0.000011
-16.600000 -0.000021
-16.550000 -0.000028
-16.500000 -0.000033
-16.450000 -0.000035
-16.400000 -0.000033
-16.350000 -0.000027
-16.300000 -0.000018
-16.250000 -0.000007
-16.200000 0.000005
-16.150000 0.000018
-16.100000 0.000028
-16.050000 0.000036
-16.000000 0.000040
-15.950000 0.000041
-15.900000 0.000037
-15.850000 0.000029
-15.800000 0.000018
-15.750000 0.000004
-15.700000 -0.000010
-15.650000 -0.000024
-15.600000 -0.000036
-15.550000 -0.000044
-15.500000 -0.000049
-15.450000 -0.000048
-15.400000 -0.000043
-15.350000 -0.000033
-15.300000 -0.000019
-15.250000 -0.000003
-15.200000 0.000014
-15.150000 0.000030
-15.100000 0.000043
-15.050000 0.000053
-15.000000 0.000058
-14.950000 0.000058
-14.900000 0.000051
-14.850000 0.000040
-14.800000 0.000024
-14.750000 0.000005
-14.700000 -0.000015
-14.650000 -0.000034
-14.600000 -0.000050
-14.550000 -0.000062
-14.500000 -0.000069
-14.450000 -0.000070
-14.400000 -0.000063
-14.350000 -0.000051
-14.300000 -0.000033
-14.250000 -0.000012
-14.200000 0.000011
-14.150000 0.000034
-14.100000 0.000055
-14.050000 0.000071
-14.000000 0.000082
-13.950000 0.000085
-13.900000 0.000080
-13.850000 0.000069
-13.800000 0.000050
-13.750000 0.000026
-13.700000 -0.000001
-13.650000 -0.000028
-13.600000 -0.000055
-13.550000 -0.000077
-13.500000 -0.000093
-13.450000 -0.000102
-13.400000 -0.000102
-13.350000 -0.000093
-13.300000 -0.000076
-13.250000 -0.000051
-13.200000 -0.000021
-13.150000 0.000012
-13.100000 0.000045
-13.050000 0.000075
-13.000000 0.000100
-12.950000 0.000118
-12.900000 0.000126
-12.850000 0.000124
-12.800000 0.000111
-12.750000 0.000089
-12.700000 0.000059
-12.650000 0.000022
-12.600000 -0.000017
-12.550000 -0.000057
-12.500000 -0.000093
-12.450000 -0.000124
-12.400000 -0.000145
-12.350000 -0.000155
-12.300000 -0.000154
-12.250000 -0.000140
-12.200000 -0.000114
-12.150000 -0.000078
-12.100000 -0.000035
-12.050000 0.000013
-12.000000 0.000061
-11.950000 0.000106
-11.900000 0.000145
-11.850000 0.000174
-11.800000 0.000191
-11.750000 0.000194
-11.700000 0.000182
-11.650000 0.000156
-11.600000 0.000117
-11.550000 0.000068
-11.500000 0.000011
-11.450000 -0.000048
-11.400000 -0.000106
-11.350000 -0.000158
-11.300000 -0.000201
-11.250000 -0.000230
-11.200000 -0.000244
-11.150000 -0.000241
-11.100000 -0.000220
-11.050000 -0.000183
-11.000000 -0.000131
-10.950000 -0.000068
-10.900000 0.000003
-10.850000 0.000076
-10.800000 0.000146
-10.750000 0.000210
-10.700000 0.000261
-10.650000 0.000296
-10.600000 0.000312
-10.550000 0.000307
-10.500000 0.000282
-10.450000 0.000236
-10.400000 0.000172
-10.350000 0.000094
-10.300000 0.000007
-10.250000 -0.000084
-10.200000 -0.000173
-10.150000 -0.000254
-10.100000 -0.000322
-10.050000 -0.000372
-10.000000 -0.000399
-9.950000 -0.000403
-9.900000 -0.000380
-9.850000 -0.000332
-9.800000 -0.000261
-9.750000 -0.000171
-9.700000 -0.000067
-9.650000 0.000046
-9.600000 0.000161
-9.550000 0.000270
-9.500000 0.000368
-9.450000 0.000447
-9.400000 0.000502
-9.350000 0.000529
-9.300000 0.000526
-9.250000 0.000491
-9.200000 0.000425
-9.150000 0.000331
-9.100000 0.000215
-9.050000 0.000080
-9.000000 -0.000064
-8.950000 -0.000211
-8.900000 -0.000352
-8.850000 -0.000480
-8.800000 -0.000585
-8.750000 -0.000662
-8.700000 -0.000705
-8.650000 -0.000711
-8.600000 -0.000678
-8.550000 -0.000606
-8.500000 -0.000498
-8.450000 -0.000358
-8.400000 -0.000193
-8.350000 -0.000010
-8.300000 0.000181
-8.250000 0.000371
-8.200000 0.000550
-8.150000 0.000707
-8.100000 0.000836
-8.050000 0.000926
-8.000000 0.000973
-7.950000 0.000973
-7.900000 0.000923
-7.850000 0.000825
-7.800000 0.000681
-7.750000 0.000496
-7.700000 0.000279
-7.650000 0.000038
-7.600000 -0.000215
-7.550000 -0.000470
-7.500000 -0.000715
-7.450000 -0.000936
-7.400000 -0.001124
-7.350000 -0.001268
-7.300000 -0.001360
-7.250000 -0.001393
-7.200000 -0.001364
-7.150000 -0.001272
-7.100000 -0.001118
-7.050000 -0.000907
-7.000000 -0.000646
-6.950000 -0.000345
-6.900000 -0.000014
-6.850000 0.000333
-6.800000 0.000681
-6.750000 0.001017
-6.700000 0.001325
-6.650000 0.001592
-6.600000 0.001805
-6.550000 0.001952
-6.500000 0.002025
-6.450000 0.002019
-6.400000 0.001930
-6.350000 0.001757
-6.300000 0.001505
-6.250000 0.001180
-6.200000 0.000791
-6.150000 0.000351
-6.100000 -0.000127
-6.050000 -0.000627
-6.000000 -0.001129
-5.950000 -0.001618
-5.900000 -0.002073
-5.850000 -0.002478
-5.800000 -0.002817
-5.750000 -0.003073
-5.700000 -0.003237
-5.650000 -0.003297
-5.600000 -0.003249
-5.550000 -0.003089
-5.500000 -0.002819
-5.450000 -0.002442
-5.400000 -0.001968
-5.350000 -0.001409
-5.300000 -0.000779
-5.250000 -0.000096
-5.200000 0.000620
-5.150000 0.001347
-5.100000 0.002061
-5.050000 0.002741
-5.000000 0.003363
-4.950000 0.003903
-4.900000 0.004342
-4.850000 0.004661
-4.800000 0.004842
-4.750000 0.004874
-4.700000 0.004747
-4.650000 0.004454
-4.600000 0.003994
-4.550000 0.003369
-4.500000 0.002586
-4.450000 0.001654
-4.400000 0.000588
-4.350000 -0.000595
-4.300000 -0.001873
-4.250000 -0.003224
-4.200000 -0.004623
-4.150000 -0.006042
-4.100000 -0.007453
-4.050000 -0.008829
-4.000000 -0.010142
-3.950000 -0.011365
-3.900000 -0.012473
-3.850000 -0.013445
-3.800000 -0.014260
-3.750000 -0.014903
-3.700000 -0.015362
-3.650000 -0.015628
-3.600000 -0.015698
-3.550000 -0.015575
-3.500000 -0.015266
-3.450000 -0.014781
-3.400000 -0.014140
-3.350000 -0.013363
-3.300000 -0.012479
-3.250000 -0.011520
-3.200000 -0.010522
-3.150000 -0.009528
-3.100000 -0.008582
-3.050000 -0.007734
-3.000000 -0.007037
-2.950000 -0.006547
-2.900000 -0.006324
-2.850000 -0.006428
-2.800000 -0.006926
-2.750000 -0.007881
-2.700000 -0.009365
-2.650000 -0.011447
-2.600000 -0.014200
-2.550000 -0.017699
-2.500000 -0.022020
-2.450000 -0.027242
-2.400000 -0.033445
-2.350000 -0.040711
-2.300000 -0.049125
-2.250000 -0.058775
-2.200000 -0.069749
-2.150000 -0.082139
-2.100000 -0.096039
-2.050000 -0.111545
-2.000000 -0.128756
-1.950000 -0.147769
-1.900000 -0.168687
-1.850000 -0.191609
-1.800000 -0.216636
-1.750000 -0.243865
-1.700000 -0.273391
-1.650000 -0.305302
-1.600000 -0.339677
-1.550000 -0.376587
-1.500000 -0.416087
-1.450000 -0.458215
-1.400000 -0.502986
-1.350000 -0.550390
-1.300000 -0.600386
-1.250000 -0.652896
-1.200000 -0.707801
-1.150000 -0.764935
-1.100000 -0.824083
-1.050000 -0.884971
-1.000000 -0.947269
-0.950000 -1.010586
-0.900000 -1.074467
-0.850000 -1.138400
-0.800000 -1.201814
-0.750000 -1.264087
-0.700000 -1.324558
-0.650000 -1.382533
-0.600000 -1.437302
-0.550000 -1.488156
-0.500000 -1.534404
-0.450000 -1.575395
-0.400000 -1.610533
-0.350000 -1.639303
-0.300000 -1.661284
-0.250000 -1.676166
-0.200000 -1.683765
-0.150000 -1.684026
-0.100000 -1.677032
-0.050000 -1.663000
0.000000 -1.642277
0.050000 -1.615329
0.100000 -1.582733
0.150000 -1.545155
0.200000 -1.503341
0.250000 -1.458094
0.300000 -1.410262
0.350000 -1.360722
0.400000 -1.310369
0.450000 -1.260108
0.500000 -1.210847
0.550000 -1.163499
0.600000 -1.118981
0.650000 -1.078228
0.700000 -1.042200
0.750000 -1.011897
0.800000 -0.988385
0.850000 -0.972811
0.900000 -0.966437
0.950000 -0.970663
1.000000 -0.987059
1.050000 -1.017397
1.100000 -1.063673
1.150000 -1.128133
1.200000 -1.213282
1.250000 -1.321873
1.300000 -1.456882
1.350000 -1.621429
1.400000 -1.818658
1.450000 -2.051549
1.500000 -2.322639
1.550000 -2.633651
1.600000 -2.985023
1.650000 -3.375334
1.700000 -3.800684
1.750000 -4.254081
1.800000 -4.724947
1.850000 -5.198907
1.900000 -5.658002
1.950000 -6.081492
2.000000 -6.447301
2.050000 -6.734043
2.100000 -6.923374
2.150000 -7.002287
2.200000 -6.964865
2.250000 -6.813121
2.300000 -6.556693
2.350000 -6.211502
2.400000 -5.797651
2.450000 -5.337053
2.500000 -4.851198
2.550000 -4.359415
2.600000 -3.877752
2.650000 -3.418497
2.700000 -2.990202
2.750000 -2.598066
2.800000 -2.244500
2.850000 -1.929762
2.900000 -1.652557
2.950000 -1.410563
3.000000 -1.200855
3.050000 -1.020224
3.100000 -0.865411
3.150000 -0.733264
3.200000 -0.620833
3.250000 -0.525426
3.300000 -0.444632
3.350000 -0.376318
3.400000 -0.318623
3.450000 -0.269934
3.500000 -0.228863
3.550000 -0.194226
3.600000 -0.165013
3.650000 -0.140367
3.700000 -0.119565
3.750000 -0.101996
3.800000 -0.087146
3.850000 -0.074581
3.900000 -0.063939
3.950000 -0.054914
4.000000 -0.047251
4.050000 -0.040734
4.100000 -0.035184
4.150000 -0.030450
4.200000 -0.026405
4.250000 -0.022942
4.300000 -0.019973
4.350000 -0.017422
4.400000 -0.015226
4.450000 -0.013332
4.500000 -0.011695
4.550000 -0.010278
4.600000 -0.009048
4.650000 -0.007979
4.700000 -0.007048
4.750000 -0.006235
4.800000 -0.005524
4.850000 -0.004901
4.900000 -0.004355
4.950000 -0.003874
5.000000 -0.003451
5.050000 -0.003077
5.100000 -0.002747
5.150000 -0.002455
5.200000 -0.002196
5.250000 -0.001966
5.300000 -0.001761
5.350000 -0.001579
5.400000 -0.001417
5.450000 -0.001273
5.500000 -0.001144
5.550000 -0.001028
5.600000 -0.000925
5.650000 -0.000832
5.700000 -0.000749
5.750000 -0.000675
5.800000 -0.000608
5.850000 -0.000548
5.900000 -0.000494
5.950000 -0.000446
6.000000 -0.000402
6.050000 -0.000363
6.100000 -0.000328
6.150000 -0.000296
6.200000 -0.000267
6.250000 -0.000241
6.300000 -0.000218
6.350000 -0.000197
6.400000 -0.000178
6.450000 -0.000161
6.500000 -0.000145
6.550000 -0.000131
6.600000 -0.000119
6.650000 -0.000107
6.700000 -0.000097
6.750000 -0.000088
6.800000 -0.000079
6.850000 -0.000072
6.900000 -0.000065
6.950000 -0.000059
7.000000 -0.000053
7.050000 -0.000048
7.100000 -0.000043
7.150000 -0.000039
7.200000 -0.000036
7.250000 -0.000032
7.300000 -0.000029
7.350000 -0.000026
7.400000 -0.000024
7.450000 -0.000022
7.500000 -0.000020
7.550000 -0.000018
7.600000 -0.000016
7.650000 -0.000014
7.700000 -0.000013
7.750000 -0.000012
7.800000 -0.000011
7.850000 -0.000010
7.900000 -0.000009
7.950000 -0.000008
8.000000 -0.000007
8.050000 -0.000006
8.100000 -0.000006
8.150000 -0.000005
8.200000 -0.000005
8.250000 -0.000004
8.300000 -0.000004
8.350000 -0.000004
8.400000 -0.000003
8.450000 -0.000003
8.500000 -0.000003
8.550000 -0.000002
8.600000 -0.000002
8.650000 -0.000002
8.700000 -0.000002
8.750000 -0.000002
8.800000 -0.000001
8.850000 -0.000001
8.900000 -0.000001
8.950000 -0.000001
9.000000 -0.000001
9.050000 -0.000001
9.100000 -0.000001
9.150000 -0.000001
9.200000 -0.000001
9.250000 -0.000001
9.300000 -0.000001
9.350000 -0.000000
9.400000 -0.000000
9.450000 -0.000000
9.500000 -0.000000
9.550000 -0.000000
9.600000 -0.000000
9.650000 -0.000000
9.700000 -0.000000
9.750000 -0.000000
9.800000 -0.000000
9.850000 -0.000000
9.900000 -0.000000
9.950000 -0.000000
10.000000 -0.000000
10.050000 -0.000000
10.100000 -0.000000
10.150000 -0.000000
10.200000 -0.000000
10.250000 -0.000000
10.300000 -0.000000
10.350000 -0.000000
10.400000 -0.000000
10.450000 -0.000000
10.500000 -0.000000
10.550000 -0.000000
10.600000 -0.000000
10.650000 -0.000000
10.700000 -0.000000
10.750000 -0.000000
10.800000 -0.000000
10.850000 -0.000000
10.900000 -0.000000
10.950000 -0.000000
11.000000 -0.000000
11.050000 -0.000000
11.100000 0.000000
11.150000 -0.000000
11.200000 0.000000
11.250000 -0.000000
11.300000 0.000000
11.350000 -0.000000
11.400000 0.000000
11.450000 -0.000000
11.500000 0.000000
11.550000 -0.000000
11.600000 0.000000
11.650000 -0.000000
11.700000 0.000000
11.750000 -0.000000
11.800000 0.000000
11.850000 -0.000000
11.900000 0.000000
11.950000 -0.000000
12.000000 0.000000
12.050000 -0.000000
12.100000 0.000000
12.150000 -0.000000
12.200000 0.000000
12.250000 -0.000000
12.300000 0.000000
12.350000 -0.000000
12.400000 0.000000
12.450000 -0.000000
12.500000 0.000000
12.550000 -0.000000
12.600000 0.000000
12.650000 -0.000000
12.700000 0.000000
12.750000 -0.000000
12.800000 0.000000
12.850000 -0.000000
12.900000 0.000000
12.950000 -0.000000
13.000000 0.000000
13.050000 -0.000000
13.100000 0.000000
13.150000 -0.000000
13.200000 0.000000
13.250000 -0.000000
13.300000 0.000000
13.350000 -0.000000
13.400000 0.000000
13.450000 -0.000000
13.500000 0.000000
13.550000 -0.000000
13.600000 0.000000
13.650000 -0.000000
13.700000 0.000000
13.750000 -0.000000
13.800000 0.000000
13.850000 -0.000000
13.900000 0.000000
13.950000 -0.000000
14.000000 0.000000
14.050000 -0.000000
14.100000 0.000000
14.150000 -0.000000
14.200000 0.000000
14.250000 -0.000000
14.300000 0.000000
14.350000 -0.000000
14.400000 0.000000
14.450000 -0.000000
14.500000 0.000000
14.550000 -0.000000
14.600000 0.000000
14.650000 -0.000000
14.700000 0.000000
14.750000 -0.000000
14.800000 0.000000
14.850000 -0.000000
14.900000 0.000000
14.950000 -0.000000
15.000000 0.000000
15.050000 -0.000000
15.100000 0.000000
15.150000 -0.000000
15.200000 -0.000000
15.250000 0.000000
15.300000 -0.000000
15.350000 0.000000
15.400000 -0.000000
15.450000 0.000000
15.500000 -0.000000
15.550000 0.000000
15.600000 -0.000000
15.650000 0.000000
15.700000 -0.000000
15.750000 0.000000
15.800000 -0.000000
15.850000 0.000000
15.900000 -0.000000
15.950000 0.000000
16.000000 -0.000000
16.050000 0.000000
16.100000 -0.000000
16.150000 0.000000
16.200000 -0.000000
16.250000 0.000000
16.300000 -0.000000
16.350000 0.000000
16.400000 -0.000000
16.450000 0.000000
16.500000 -0.000000
16.550000 0.000000
16.600000 -0.000000
16.650000 0.000000
16.700000 -0.000000
16.750000 0.000000
16.800000 -0.000000
16.850000 0.000000
16.900000 -0.000000
16.950000 0.000000
17.000000 -0.000000
17.050000 0.000000
17.100000 -0.000000
17.150000 0.000000
17.200000 -0.000000
17.250000 0.000000
17.300000 -0.000000
17.350000 0.000000
17.400000 -0.000000
17.450000 0.000000
17.500000 -0.000000
17.550000 0.000000
17.600000 -0.000000
17.650000 0.000000
17.700000 -0.000000
17.750000 0.000000
17.800000 -0.000000
17.850000 0.000000
17.900000 -0.000000
17.950000 0.000000
18.000000 -0.000000
18.050000 0.000000
18.100000 -0.000000
18.150000 0.000000
18.200000 -0.000000
18.250000 0.000000
18.300000 -0.000000
18.350000 0.000000
18.400000 -0.000000
18.450000 0.000000
18.500000 -0.000000
18.550000 0.000000
18.600000 -0.000000
18.650000 0.000000
18.700000 -0.000000
18.750000 0.000000
18.800000 -0.000000
18.850000 0.000000
18.900000 -0.000000
18.950000 0.000000
19.000000 -0.000000
19.050000 0.000000
19.100000 -0.000000
19.150000 0.000000
19.200000 -0.000000
19.250000 0.000000
19.300000 -0.000000
19.350000 0.000000
19.400000 -0.000000
19.450000 0.000000
19.500000 -0.000000
19.550000 0.000000
19.600000 -0.000000
19.650000 0.000000
19.700000 -0.000000
19.750000 0.000000
19.800000 -0.000000
19.850000 -0.000000
19.900000 -0.000000
19.950000 -0.000000
20.000000 -0.000000
20.050000 -0.000000
20.100000 0.000000
20.150000 -0.000000
20.200000 0.000000
20.250000 -0.000000
20.300000 0.000000
20.350000 -0.000000
20.400000 0.000000
20.450000 -0.000000
20.500000 0.000000
20.550000 -0.000000
20.600000 0.000000
20.650000 -0.000000
20.700000 0.000000
20.750000 -0.000000
20.800000 0.000000
20.850000 -0.000000
20.900000 0.000000
20.950000 -0.000000
21.000000 0.000000
21.050000 -0.000000
21.100000 0.000000
21.150000 -0.000000
21.200000 0.000000
21.250000 -0.000000
21.300000 0.000000
21.350000 -0.000000
21.400000 0.000000
21.450000 -0.000000
21.500000 0.000000
21.550000 -0.000000
21.600000 0.000000
21.650000 -0.000000
21.700000 0.000000
21.750000 -0.000000
21.800000 0.000000
21.850000 -0.000000
21.900000 0.000000
21.950000 -0.000000
22.000000 0.000000
22.050000 -0.000000
22.100000 0.000000
22.150000 -0.000000
22.200000 0.000000
22.250000 -0.000000
22.300000 0.000000
22.350000 -0.000000
22.400000 0.000000
22.450000 -0.000000
22.500000 0.000000
22.550000 -0.000000
22.600000 0.000000
22.650000 -0.000000
22.700000 0.000000
22.750000 -0.000000
22.800000 0.000000
22.850000 -0.000000
22.900000 0.000000
22.950000 -0.000000
23.000000 0.000000
23.050000 -0.000000
23.100000 0.000000
23.150000 -0.000000
23.200000 0.000000
23.250000 -0.000000
23.300000 0.000000
23.350000 -0.000000
23.400000 0.000000
23.450000 -0.000000
23.500000 0.000000
23.550000 -0.000000
23.600000 0.000000
23.650000 -0.000000
23.700000 0.000000
23.750000 -0.000000
23.800000 0.000000
23.850000 -0.000000
23.900000 0.000000
23.950000 -0.000000
24.000000 0.000000
24.050000 -0.000000
24.100000 0.000000
24.150000 -0.000000
24.200000 0.000000
24.250000 -0.000000
24.300000 0.000000
24.350000 -0.000000
24.400000 0.000000
24.450000 0.000000
24.500000 0.000000
24.550000 0.000000
24.600000 -0.000000
24.650000 0.000000
24.700000 -0.000000
24.750000 0.000000
24.800000 -0.000000
24.850000 0.000000
24.900000 -0.000000
24.950000 0.000000
25.000000 -0.000000
25.050000 0.000000
25.100000 -0.000000
25.150000 0.000000
25.200000 -0.000000
25.250000 0.000000
25.300000 -0.000000
25.350000 0.000000
25.400000 -0.000000
25.450000 0.000000
25.500000 -0.000000
25.550000 0.000000
25.600000 -0.000000
25.650000 0.000000
25.700000 -0.000000
25.750000 0.000000
25.800000 -0.000000
25.850000 0.000000
25.900000 -0.000000
25.950000 0.000000
26.000000 -0.000000
26.050000 0.000000
26.100000 -0.000000
26.150000 0.000000
26.200000 -0.000000
26.250000 0.000000
26.300000 -0.000000
26.350000 0.000000
26.400000 -0.000000
26.450000 0.000000
26.500000 -0.000000
26.550000 0.000000
26.600000 -0.000000
26.650000 0.000000
26.700000 -0.000000
26.750000 0.000000
26.800000 -0.000000
26.850000 0.000000
26.900000 -0.000000
26.950000 0.000000
27.000000 -0.000000
27.050000 0.000000
27.100000 -0.000000
27.150000 0.000000
27.200000 -0.000000
27.250000 0.000000
27.300000 -0.000000
27.350000 0.000000
27.400000 -0.000000
27.450000 0.000000
27.500000 -0.000000
27.550000 0.000000
27.600000 -0.000000
27.650000 0.000000
27.700000 -0.000000
27.750000 0.000000
27.800000 -0.000000
27.850000 0.000000
27.900000 -0.000000
27.950000 0.000000
28.000000 -0.000000
28.050000 0.000000
28.100000 -0.000000
28.150000 0.000000
28.200000 -0.000000
28.250000 0.000000
28.300000 -0.000000
28.350000 0.000000
28.400000 -0.000000
28.450000 0.000000
28.500000 -0.000000
28.550000 0.000000
28.600000 -0.000000
28.650000 -0.000000
28.700000 -0.000000
28.750000 -0.000000
28.800000 0.000000
28.850000 -0.000000
28.900000 0.000000
28.950000 -0.000000
29.000000 0.000000
29.050000 -0.000000
29.100000 0.000000
29.150000 -0.000000
29.200000 0.000000
29.250000 -0.000000
29.300000 0.000000
29.350000 -0.000000
29.400000 0.000000
29.450000 -0.000000
29.500000 0.000000
29.550000 -0.000000
29.600000 0.000000
29.650000 -0.000000
29.700000 0.000000
29.750000 -0.000000
29.800000 0.000000
29.850000 -0.000000
29.900000 0.000000
29.950000 -0.000000
30.000000 0.000000
30.050000 -0.000000
30.100000 0.000000
30.150000 -0.000000
30.200000 0.000000
30.250000 -0.000000
30.300000 0.000000
30.350000 -0.000000
30.400000 0.000000
30.450000 -0.000000
30.500000 0.000000
30.550000 -0.000000
30.600000 0.000000
30.650000 -0.000000
30.700000 0.000000
30.750000 -0.000000
30.800000 0.000000
30.850000 -0.000000
30.900000 0.000000
30.950000 -0.000000
31.000000 0.000000
31.050000 -0.000000
31.100000 0.000000
31.150000 -0.000000
31.200000 0.000000
31.250000 -0.000000
31.300000 0.000000
31.350000 -0.000000
31.400000 0.000000
31.450000 -0.000000
31.500000 0.000000
31.550000 -0.000000
31.600000 0.000000
31.650000 -0.000000
31.700000 0.000000
31.750000 -0.000000
31.800000 0.000000
31.850000 -0.000000
31.900000 0.000000
31.950000 -0.000000
32.000000 0.000000
32.050000 -0.000000
32.100000 0.000000
32.150000 -0.000000
32.200000 0.000000
32.250000 -0.000000
32.300000 0.000000
32.350000 -0.000000
32.400000 0.000000
32.450000 -0.000000
32.500000 0.000000
32.550000 -0.000000
32.600000 0.000000
32.650000 -0.000000
32.700000 0.000000
32.750000 -0.000000
32.800000 0.000000
32.850000 -0.000000
32.900000 0.000000
32.950000 0.000000
33.000000 -0.000000
33.050000 0.000000
33.100000 -0.000000
33.150000 0.000000
33.200000 -0.000000
33.250000 0.000000
33.300000 -0.000000
33.350000 0.000000
33.400000 -0.000000
33.450000 0.000000
33.500000 -0.000000
33.550000 0.000000
33.600000 -0.000000
33.650000 0.000000
33.700000 -0.000000
33.750000 0.000000
33.800000 -0.000000
33.850000 0.000000
33.900000 -0.000000
33.950000 0.000000
34.000000 -0.000000
34.050000 0.000000
34.100000 -0.000000
34.150000 0.000000
34.200000 -0.000000
34.250000 0.000000
34.300000 -0.000000
34.350000 0.000000
34.400000 -0.000000
34.450000 0.000000
34.500000 -0.000000
34.550000 0.000000
34.600000 -0.000000
34.650000 0.000000
34.700000 -0.000000
34.750000 0.000000
34.800000 -0.000000
34.850000 0.000000
34.900000 -0.000000
34.950000 0.000000
35.000000 -0.000000
35.050000 0.000000
35.100000 -0.000000
35.150000 0.000000
35.200000 -0.000000
35.250000 0.000000
35.300000 -0.000000
35.350000 0.000000
35.400000 -0.000000
35.450000 0.000000
35.500000 -0.000000
35.550000 0.000000
35.600000 -0.000000
35.650000 0.000000
35.700000 -0.000000
35.750000 0.000000
35.800000 -0.000000
35.850000 0.000000
35.900000 -0.000000
35.950000 0.000000
36.000000 -0.000000
36.050000 0.000000
36.100000 -0.000000
36.150000 0.000000
36.200000 -0.000000
36.250000 0.000000
36.300000 -0.000000
36.350000 0.000000
36.400000 -0.000000
36.450000 0.000000
36.500000 -0.000000
36.550000 0.000000
36.600000 -0.000000
36.650000 -0.000000
36.700000 -0.000000
36.750000 0.000000
36.800000 0.000000
36.850000 0.000000
36.900000 0.000000
36.950000 0.000000
37.000000 0.000000
37.050000 -0.000000
37.100000 -0.000000
37.150000 -0.000000
37.200000 -0.000000
37.250000 -0.000000
37.300000 0.000000
37.350000 -0.000000
37.400000 0.000000
37.450000 -0.000000
37.500000 0.000000
37.550000 -0.000000
37.600000 0.000000
37.650000 -0.000000
37.700000 0.000000
37.750000 -0.000000
37.800000 0.000000
37.850000 -0.000000
37.900000 0.000000
37.950000 -0.000000
38.000000 0.000000
38.050000 -0.000000
38.100000 0.000000
38.150000 -0.000000
38.200000 0.000000
38.250000 -0.000000
38.300000 0.000000
38.350000 -0.000000
38.400000 0.000000
38.450000 -0.000000
38.500000 0.000000
38.550000 -0.000000
38.600000 0.000000
38.650000 -0.000000
38.700000 0.000000
38.750000 -0.000000
38.800000 0.000000
38.850000 -0.000000
38.900000 0.000000
38.950000 -0.000000
39.000000 0.000000
39.050000 -0.000000
39.100000 0.000000
39.150000 -0.000000
39.200000 0.000000
39.250000 -0.000000
39.300000 0.000000
39.350000 -0.000000
39.400000 0.000000
39.450000 -0.000000
39.500000 0.000000
39.550000 -0.000000
39.600000 0.000000
39.650000 -0.000000
39.700000 0.000000
39.750000 -0.000000
39.800000 0.000000
39.850000 -0.000000
39.900000 0.000000
39.950000 -0.000000
40.000000 0.000000
40.050000 -0.000000
40.100000 0.000000
40.150000 -0.000000
40.200000 0.000000
40.250000 -0.000000
40.300000 0.000000
40.350000 -0.000000
40.400000 0.000000
40.450000 -0.000000
40.500000 -0.000000
40.550000 -0.000000
40.600000 -0.000000
40.650000 -0.000000
40.700000 0.000000
40.750000 0.000000
40.800000 0.000000
40.850000 0.000000
40.900000 0.000000
40.950000 -0.000000
41.000000 -0.000000
41.050000 -0.000000
41.100000 -0.000000
41.150000 0.000000
41.200000 -0.000000
41.250000 0.000000
41.300000 0.000000
41.350000 0.000000
41.400000 -0.000000
41.450000 0.000000
41.500000 -0.000000
41.550000 0.000000
41.600000 -0.000000
41.650000 0.000000
41.700000 -0.000000
41.750000 0.000000
41.800000 -0.000000
41.850000 0.000000
41.900000 -0.000000
41.950000 0.000000
42.000000 -0.000000
42.050000 0.000000
42.100000 -0.000000
42.150000 0.000000
42.200000 -0.000000
42.250000 0.000000
42.300000 -0.000000
42.350000 0.000000
42.400000 -0.000000
42.450000 0.000000
42.500000 -0.000000
42.550000 0.000000
42.600000 -0.000000
42.650000 0.000000
42.700000 -0.000000
42.750000 0.000000
42.800000 -0.000000
42.850000 0.000000
42.900000 -0.000000
42.950000 0.000000
43.000000 -0.000000
43.050000 0.000000
43.100000 -0.000000
43.150000 0.000000
43.200000 -0.000000
43.250000 0.000000
43.300000 -0.000000
43.350000 0.000000
43.400000 -0.000000
43.450000 0.000000
43.500000 -0.000000
43.550000 0.000000
43.600000 -0.000000
43.650000 -0.000000
43.700000 -0.000000
43.750000 -0.000000
43.800000 -0.000000
43.850000 0.000000
43.900000 0.000000
43.950000 0.000000
44.000000 0.000000
44.050000 0.000000
44.100000 -0.000000
44.150000 -0.000000
44.200000 -0.000000
44.250000 -0.000000
44.300000 -0.000000
44.350000 -0.000000
44.400000 -0.000000
44.450000 0.000000
44.500000 0.000000
44.550000 0.000000
44.600000 0.000000
44.650000 0.000000
44.700000 -0.000000
44.750000 -0.000000
44.800000 -0.000000
44.850000 -0.000000
44.900000 -0.000000
44.950000 -0.000000
