-30.000000 -0.000082
-29.950000 -0.000104
-29.900000 -0.000202
-29.850000 -0.000234
-29.800000 -0.000331
-29.750000 -0.000356
-29.700000 -0.000437
-29.650000 -0.000439
-29.600000 -0.000487
-29.550000 -0.000454
-29.500000 -0.000463
-29.450000 -0.000391
-29.400000 -0.000361
-29.350000 -0.000255
-29.300000 -0.000195
-29.250000 -0.000069
-29.200000 0.000006
-29.150000 0.000135
-29.100000 0.000204
-29.050000 0.000315
-29.000000 0.000360
-28.950000 0.000438
-28.900000 0.000444
-28.850000 0.000476
-28.800000 0.000437
-28.750000 0.000422
-28.700000 0.000340
-28.650000 0.000284
-28.600000 0.000170
-28.550000 0.000089
-28.500000 -0.000040
-28.450000 -0.000127
-28.400000 -0.000249
-28.350000 -0.000320
-28.300000 -0.000415
-28.250000 -0.000452
-28.200000 -0.000505
-28.150000 -0.000497
-28.100000 -0.000500
-28.050000 -0.000443
-28.000000 -0.000398
-27.950000 -0.000300
-27.900000 -0.000218
-27.850000 -0.000094
-27.800000 0.000007
-27.750000 0.000138
-27.700000 0.000235
-27.650000 0.000349
-27.600000 0.000422
-27.550000 0.000500
-27.500000 0.000531
-27.450000 0.000559
-27.400000 0.000539
-27.350000 0.000514
-27.300000 0.000444
-27.250000 0.000371
-27.200000 0.000261
-27.150000 0.000155
-27.100000 0.000023
-27.050000 -0.000095
-27.000000 -0.000225
-26.950000 -0.000332
-26.900000 -0.000437
-26.850000 -0.000512
-26.800000 -0.000574
-26.750000 -0.000600
-26.700000 -0.000607
-26.650000 -0.000578
-26.600000 -0.000529
-26.550000 -0.000448
-26.500000 -0.000351
-26.450000 -0.000231
-26.400000 -0.000104
-26.350000 0.000033
-26.300000 0.000168
-26.250000 0.000298
-26.200000 0.000416
-26.150000 0.000515
-26.100000 0.000594
-26.050000 0.000643
-26.000000 0.000668
-25.950000 0.000658
-25.900000 0.000623
-25.850000 0.000554
-25.800000 0.000466
-25.750000 0.000347
-25.700000 0.000221
-25.650000 0.000073
-25.600000 -0.000069
-25.550000 -0.000221
-25.500000 -0.000353
-25.450000 -0.000484
-25.400000 -0.000581
-25.350000 -0.000669
-25.300000 -0.000711
-25.250000 -0.000741
-25.200000 -0.000719
-25.150000 -0.000685
-25.100000 -0.000600
-25.050000 -0.000509
-25.000000 -0.000372
-24.950000 -0.000241
-24.900000 -0.000073
-24.850000 0.000075
-24.800000 0.000247
-24.750000 0.000384
-24.700000 0.000534
-24.650000 0.000633
-24.600000 0.000737
-24.550000 0.000779
-24.500000 0.000820
-24.450000 0.000794
-24.400000 0.000768
-24.350000 0.000674
-24.300000 0.000586
-24.250000 0.000435
-24.200000 0.000301
-24.150000 0.000115
-24.100000 -0.000039
-24.050000 -0.000234
-24.000000 -0.000380
-23.950000 -0.000555
-23.900000 -0.000665
-23.850000 -0.000793
-23.800000 -0.000844
-23.750000 -0.000907
-23.700000 -0.000887
-23.650000 -0.000877
-23.600000 -0.000782
-23.550000 -0.000704
-23.500000 -0.000545
-23.450000 -0.000413
-23.400000 -0.000211
-23.350000 -0.000050
-23.300000 0.000168
-23.250000 0.000328
-23.200000 0.000532
-23.150000 0.000660
-23.100000 0.000821
-23.050000 0.000893
-23.000000 0.000989
-22.950000 0.000987
-22.900000 0.001006
-22.850000 0.000923
-22.800000 0.000866
-22.750000 0.000709
-22.700000 0.000587
-22.650000 0.000375
-22.600000 0.000212
-22.550000 -0.000029
-22.500000 -0.000204
-22.450000 -0.000442
-22.400000 -0.000596
-22.350000 -0.000799
-22.300000 -0.000903
-22.250000 -0.001045
-22.200000 -0.001075
-22.150000 -0.001138
-22.100000 -0.001083
-22.050000 -0.001062
-22.000000 -0.000923
-21.950000 -0.000825
-21.900000 -0.000615
-21.850000 -0.000459
-21.800000 -0.000203
-21.750000 -0.000017
-21.700000 0.000254
-21.650000 0.000436
-21.600000 0.000688
-21.550000 0.000832
-21.500000 0.001033
-21.450000 0.001112
-21.400000 0.001237
-21.350000 0.001230
-21.300000 0.001267
-21.250000 0.001167
-21.200000 0.001113
-21.150000 0.000926
-21.100000 0.000795
-21.050000 0.000541
-21.000000 0.000357
-20.950000 0.000063
-20.900000 -0.000142
-20.850000 -0.000440
-20.800000 -0.000630
-20.750000 -0.000897
-20.700000 -0.001036
-20.650000 -0.001240
-20.600000 -0.001302
-20.550000 -0.001420
-20.500000 -0.001386
-20.450000 -0.001406
-20.400000 -0.001272
-20.350000 -0.001196
-20.300000 -0.000972
-20.250000 -0.000816
-20.200000 -0.000523
-20.150000 -0.000316
-20.100000 0.000015
-20.050000 0.000239
-20.000000 0.000569
-19.950000 0.000771
-19.900000 0.001063
-19.850000 0.001208
-19.800000 0.001428
-19.750000 0.001486
-19.700000 0.001611
-19.650000 0.001566
-19.600000 0.001585
-19.550000 0.001431
-19.500000 0.001347
-19.450000 0.001096
-19.400000 0.000926
-19.350000 0.000601
-19.300000 0.000374
-19.250000 0.000007
-19.200000 -0.000240
-19.150000 -0.000608
-19.100000 -0.000835
-19.050000 -0.001164
-19.000000 -0.001332
-18.950000 -0.001587
-18.900000 -0.001664
-18.850000 -0.001818
-18.800000 -0.001784
-18.750000 -0.001823
-18.700000 -0.001671
-18.650000 -0.001597
-18.600000 -0.001336
-18.550000 -0.001163
-18.500000 -0.000816
-18.450000 -0.000574
-18.400000 -0.000173
-18.350000 0.000101
-18.300000 0.000514
-18.250000 0.000777
-18.200000 0.001159
-18.150000 0.001370
-18.100000 0.001683
-18.050000 0.001804
-18.000000 0.002016
-17.950000 0.002023
-17.900000 0.002113
-17.850000 0.001993
-17.800000 0.001957
-17.750000 0.001713
-17.700000 0.001561
-17.650000 0.001211
-17.600000 0.000969
-17.550000 0.000543
-17.500000 0.000247
-17.450000 -0.000214
-17.400000 -0.000521
-17.350000 -0.000971
-17.300000 -0.001244
-17.250000 -0.001638
-17.200000 -0.001834
-17.150000 -0.002136
-17.100000 -0.002221
-17.050000 -0.002400
-17.000000 -0.002353
-16.950000 -0.002396
-16.900000 -0.002210
-16.850000 -0.002118
-16.800000 -0.001801
-16.750000 -0.001591
-16.700000 -0.001168
-16.650000 -0.000870
-16.600000 -0.000378
-16.550000 -0.000034
-16.500000 0.000483
-16.450000 0.000826
-16.400000 0.001319
-16.350000 0.001613
-16.300000 0.002036
-16.250000 0.002237
-16.200000 0.002551
-16.150000 0.002626
-16.100000 0.002802
-16.050000 0.002731
-16.000000 0.002758
-15.950000 0.002534
-15.900000 0.002415
-15.850000 0.002051
-15.800000 0.001804
-15.750000 0.001326
-15.700000 0.000984
-15.650000 0.000431
-15.600000 0.000039
-15.550000 -0.000541
-15.500000 -0.000935
-15.450000 -0.001491
-15.400000 -0.001833
-15.350000 -0.002316
-15.300000 -0.002561
-15.250000 -0.002928
-15.200000 -0.003038
-15.150000 -0.003257
-15.100000 -0.003208
-15.050000 -0.003264
-15.000000 -0.003048
-14.950000 -0.002940
-14.900000 -0.002566
-14.850000 -0.002311
-14.800000 -0.001804
-14.750000 -0.001435
-14.700000 -0.000832
-14.650000 -0.000392
-14.600000 0.000259
-14.550000 0.000718
-14.500000 0.001362
-14.450000 0.001786
-14.400000 0.002369
-14.350000 0.002706
-14.300000 0.003180
-14.250000 0.003386
-14.200000 0.003712
-14.150000 0.003753
-14.100000 0.003905
-14.050000 0.003766
-14.000000 0.003735
-13.950000 0.003414
-13.900000 0.003210
-13.850000 0.002723
-13.800000 0.002369
-13.750000 0.001750
-13.700000 0.001285
-13.650000 0.000578
-13.600000 0.000053
-13.550000 -0.000690
-13.500000 -0.001220
-13.450000 -0.001939
-13.400000 -0.002416
-13.350000 -0.003056
-13.300000 -0.003427
-13.250000 -0.003937
-13.200000 -0.004156
-13.150000 -0.004498
-13.100000 -0.004531
-13.050000 -0.004679
-13.000000 -0.004511
-12.950000 -0.004456
-12.900000 -0.004088
-12.850000 -0.003840
-12.800000 -0.003289
-12.750000 -0.002875
-12.700000 -0.002175
-12.650000 -0.001636
-12.600000 -0.000834
-12.550000 -0.000221
-12.500000 0.000626
-12.450000 0.001253
-12.400000 0.002085
-12.350000 0.002666
-12.300000 0.003423
-12.250000 0.003899
-12.200000 0.004527
-12.150000 0.004847
-12.100000 0.005299
-12.050000 0.005425
-12.000000 0.005670
-11.950000 0.005578
-11.900000 0.005600
-11.850000 0.005283
-11.800000 0.005083
-11.750000 0.004552
-11.700000 0.004152
-11.650000 0.003433
-11.600000 0.002867
-11.550000 0.002004
-11.500000 0.001320
-11.450000 0.000367
-11.400000 -0.000377
-11.350000 -0.001359
-11.300000 -0.002099
-11.250000 -0.003045
-11.200000 -0.003717
-11.150000 -0.004565
-11.100000 -0.005107
-11.050000 -0.005801
-11.000000 -0.006162
-10.950000 -0.006654
-10.900000 -0.006795
-10.850000 -0.007053
-10.800000 -0.006948
-10.750000 -0.006957
-10.700000 -0.006601
-10.650000 -0.006362
-10.600000 -0.005765
-10.550000 -0.005298
-10.500000 -0.004488
-10.450000 -0.003828
-10.400000 -0.002848
-10.350000 -0.002045
-10.300000 -0.000950
-10.250000 -0.000063
-10.200000 0.001085
-10.150000 0.001990
-10.100000 0.003122
-10.050000 0.003977
-10.000000 0.005028
-9.950000 0.005768
-9.900000 0.006673
-9.850000 0.007239
-9.800000 0.007945
-9.750000 0.008287
-9.700000 0.008752
-9.650000 0.008837
-9.600000 0.009033
-9.550000 0.008840
-9.500000 0.008756
-9.450000 0.008284
-9.400000 0.007926
-9.350000 0.007189
-9.300000 0.006580
-9.250000 0.005608
-9.200000 0.004786
-9.150000 0.003623
-9.100000 0.002639
-9.050000 0.001342
-9.000000 0.000256
-8.950000 -0.001109
-8.900000 -0.002229
-8.850000 -0.003594
-8.800000 -0.004676
-8.750000 -0.005969
-8.700000 -0.006944
-8.650000 -0.008097
-8.600000 -0.008900
-8.550000 -0.009852
-8.500000 -0.010426
-8.450000 -0.011126
-8.400000 -0.011428
-8.350000 -0.011839
-8.300000 -0.011838
-8.250000 -0.011939
-8.200000 -0.011621
-8.150000 -0.011404
-8.100000 -0.010772
-8.050000 -0.010249
-8.000000 -0.009320
-7.950000 -0.008516
-7.900000 -0.007323
-7.850000 -0.006279
-7.800000 -0.004871
-7.750000 -0.003639
-7.700000 -0.002072
-7.650000 -0.000715
-7.600000 0.000943
-7.550000 0.002357
-7.500000 0.004036
-7.450000 0.005434
-7.400000 0.007062
-7.350000 0.008373
-7.300000 0.009881
-7.250000 0.011037
-7.200000 0.012360
-7.150000 0.013301
-7.100000 0.014382
-7.050000 0.015056
-7.000000 0.015849
-6.950000 0.016214
-6.900000 0.016683
-6.850000 0.016711
-6.800000 0.016834
-6.750000 0.016510
-6.700000 0.016278
-6.650000 0.015600
-6.600000 0.015019
-6.550000 0.014001
-6.500000 0.013091
-6.450000 0.011758
-6.400000 0.010552
-6.350000 0.008942
-6.300000 0.007483
-6.250000 0.005645
-6.200000 0.003987
-6.150000 0.001978
-6.100000 0.000181
-6.050000 -0.001934
-6.000000 -0.003805
-5.950000 -0.005959
-5.900000 -0.007832
-5.850000 -0.009955
-5.800000 -0.011762
-5.750000 -0.013784
-5.700000 -0.015454
-5.650000 -0.017308
-5.600000 -0.018778
-5.550000 -0.020401
-5.500000 -0.021612
-5.450000 -0.022950
-5.400000 -0.023852
-5.350000 -0.024861
-5.300000 -0.025414
-5.250000 -0.026057
-5.200000 -0.026232
-5.150000 -0.026488
-5.100000 -0.026267
-5.050000 -0.026122
-5.000000 -0.025498
-4.950000 -0.024952
-4.900000 -0.023930
-4.850000 -0.022994
-4.800000 -0.021591
-4.750000 -0.020285
-4.700000 -0.018526
-4.650000 -0.016882
-4.600000 -0.014803
-4.550000 -0.012859
-4.500000 -0.010503
-4.450000 -0.008305
-4.400000 -0.005719
-4.350000 -0.003318
-4.300000 -0.000554
-4.250000 0.001998
-4.200000 0.004885
-4.150000 0.007534
-4.100000 0.010492
-4.050000 0.013184
-4.000000 0.016158
-3.950000 0.018840
-3.900000 0.021779
-3.850000 0.024401
-3.800000 0.027256
-3.750000 0.029770
-3.700000 0.032496
-3.650000 0.034860
-3.600000 0.037416
-3.550000 0.039591
-3.500000 0.041940
-3.450000 0.043892
-3.400000 0.046004
-3.350000 0.047705
-3.300000 0.049552
-3.250000 0.050977
-3.200000 0.052537
-3.150000 0.053664
-3.100000 0.054918
-3.050000 0.055730
-3.000000 0.056660
-2.950000 0.057140
-2.900000 0.057732
-2.850000 0.057866
-2.800000 0.058104
-2.750000 0.057878
-2.700000 0.057749
-2.650000 0.057148
-2.600000 0.056638
-2.550000 0.055647
-2.500000 0.054738
-2.450000 0.053338
-2.400000 0.052008
-2.350000 0.050174
-2.300000 0.048396
-2.250000 0.046098
-2.200000 0.043838
-2.150000 0.041036
-2.100000 0.038249
-2.050000 0.034894
-2.000000 0.031525
-1.950000 0.027556
-1.900000 0.023536
-1.850000 0.018876
-1.800000 0.014122
-1.750000 0.008679
-1.700000 0.003088
-1.650000 -0.003251
-1.600000 -0.009804
-1.550000 -0.017176
-1.500000 -0.024839
-1.450000 -0.033405
-1.400000 -0.042355
-1.350000 -0.052308
-1.300000 -0.062751
-1.250000 -0.074312
-1.200000 -0.086488
-1.150000 -0.099913
-1.100000 -0.114092
-1.050000 -0.129668
-1.000000 -0.146155
-0.950000 -0.164202
-0.900000 -0.183329
-0.850000 -0.204194
-0.800000 -0.226319
-0.750000 -0.250365
-0.700000 -0.275857
-0.650000 -0.303454
-0.600000 -0.332676
-0.550000 -0.364173
-0.500000 -0.397455
-0.450000 -0.433153
-0.400000 -0.470753
-0.350000 -0.510859
-0.300000 -0.552921
-0.250000 -0.597498
-0.200000 -0.643987
-0.150000 -0.692887
-0.100000 -0.743527
-0.050000 -0.796327
0.000000 -0.850531
0.050000 -0.906464
0.100000 -0.963271
0.150000 -1.021171
0.200000 -1.079202
0.250000 -1.137479
0.300000 -1.194937
0.350000 -1.251596
0.400000 -1.306310
0.450000 -1.359035
0.500000 -1.408579
0.550000 -1.454879
0.600000 -1.496755
0.650000 -1.534181
0.700000 -1.566054
0.750000 -1.592454
0.800000 -1.612415
0.850000 -1.626184
0.900000 -1.632985
0.950000 -1.633272
1.000000 -1.626489
1.050000 -1.613314
1.100000 -1.593408
1.150000 -1.567655
1.200000 -1.535907
1.250000 -1.499210
1.300000 -1.457551
1.350000 -1.412082
1.400000 -1.362861
1.450000 -1.311076
1.500000 -1.256795
1.550000 -1.201184
1.600000 -1.144267
1.650000 -1.087143
1.700000 -1.029753
1.750000 -0.973099
1.800000 -0.917023
1.850000 -0.862420
1.900000 -0.809023
1.950000 -0.757623
2.000000 -0.707855
2.050000 -0.660414
2.100000 -0.614850
2.150000 -0.571780
2.200000 -0.530686
2.250000 -0.492124
2.300000 -0.455526
2.350000 -0.421403
2.400000 -0.389151
2.450000 -0.359254
2.500000 -0.331085
2.550000 -0.305110
2.600000 -0.280691
2.650000 -0.258283
2.700000 -0.237247
2.750000 -0.218035
2.800000 -0.200008
2.850000 -0.183620
2.900000 -0.168238
2.950000 -0.154321
3.000000 -0.141243
3.050000 -0.129468
3.100000 -0.118381
3.150000 -0.108453
3.200000 -0.099077
3.250000 -0.090730
3.300000 -0.082816
3.350000 -0.075819
3.400000 -0.069150
3.450000 -0.063300
3.500000 -0.057687
3.550000 -0.052809
3.600000 -0.048091
3.650000 -0.044033
3.700000 -0.040070
3.750000 -0.036705
3.800000 -0.033378
3.850000 -0.030597
3.900000 -0.027806
3.950000 -0.025517
4.000000 -0.023180
4.050000 -0.021308
4.100000 -0.019356
4.150000 -0.017840
4.200000 -0.016219
4.250000 -0.015012
4.300000 -0.013682
4.350000 -0.012748
4.400000 -0.011678
4.450000 -0.010993
4.500000 -0.010166
4.550000 -0.009721
4.600000 -0.009135
4.650000 -0.008935
4.700000 -0.008605
4.750000 -0.008677
4.800000 -0.008641
4.850000 -0.009037
4.900000 -0.009367
4.950000 -0.010177
5.000000 -0.010985
5.050000 -0.012351
5.100000 -0.013812
5.150000 -0.015948
5.200000 -0.018323
5.250000 -0.021547
5.300000 -0.025222
5.350000 -0.030001
5.400000 -0.035542
5.450000 -0.042560
5.500000 -0.050792
5.550000 -0.061044
5.600000 -0.073167
5.650000 -0.088097
5.700000 -0.105843
5.750000 -0.127529
5.800000 -0.153388
5.850000 -0.184803
5.900000 -0.222316
5.950000 -0.267667
6.000000 -0.321812
6.050000 -0.386960
6.100000 -0.464602
6.150000 -0.557533
6.200000 -0.667878
6.250000 -0.799089
6.300000 -0.953941
6.350000 -1.136468
6.400000 -1.349882
6.450000 -1.598389
6.500000 -1.884958
6.550000 -2.212939
6.600000 -2.583605
6.650000 -2.997516
6.700000 -3.451832
6.750000 -3.941523
6.800000 -4.456695
6.850000 -4.984062
6.900000 -5.504926
6.950000 -5.997684
7.000000 -6.437205
7.050000 -6.798904
7.100000 -7.059490
7.150000 -7.201785
7.200000 -7.215239
7.250000 -7.099358
7.300000 -6.861917
7.350000 -6.519663
7.400000 -6.094082
7.450000 -5.610490
7.500000 -5.093337
7.550000 -4.565860
7.600000 -4.046669
7.650000 -3.550945
7.700000 -3.088499
7.750000 -2.666076
7.800000 -2.286151
7.850000 -1.949566
7.900000 -1.654386
7.950000 -1.398404
8.000000 -1.177783
8.050000 -0.989304
8.100000 -0.828780
8.150000 -0.693090
8.200000 -0.578439
8.250000 -0.482264
8.300000 -0.401415
8.350000 -0.333984
8.400000 -0.277464
8.450000 -0.230544
8.500000 -0.191262
8.550000 -0.158788
8.600000 -0.131589
8.650000 -0.109202
8.700000 -0.090412
8.750000 -0.075025
8.800000 -0.062058
8.850000 -0.051510
8.900000 -0.042563
8.950000 -0.035350
9.000000 -0.029173
9.050000 -0.024257
9.100000 -0.019984
9.150000 -0.016646
9.200000 -0.013683
9.250000 -0.011430
9.300000 -0.009365
9.350000 -0.007855
9.400000 -0.006406
9.450000 -0.005404
9.500000 -0.004378
9.550000 -0.003724
9.600000 -0.002985
9.650000 -0.002569
9.700000 -0.002028
9.750000 -0.001775
9.800000 -0.001371
9.850000 -0.001229
9.900000 -0.000919
9.950000 -0.000855
10.000000 -0.000612
10.050000 -0.000602
10.100000 -0.000404
10.150000 -0.000430
10.200000 -0.000264
10.250000 -0.000315
10.300000 -0.000169
10.350000 -0.000236
10.400000 -0.000103
10.450000 -0.000179
10.500000 -0.000056
10.550000 -0.000138
10.600000 -0.000020
10.650000 -0.000107
10.700000 0.000006
10.750000 -0.000084
10.800000 0.000023
10.850000 -0.000070
10.900000 0.000033
10.950000 -0.000064
11.000000 0.000036
11.050000 -0.000062
11.100000 0.000036
11.150000 -0.000062
11.200000 0.000035
11.250000 -0.000061
11.300000 0.000036
11.350000 -0.000058
11.400000 0.000040
11.450000 -0.000053
11.500000 0.000045
11.550000 -0.000046
11.600000 0.000050
11.650000 -0.000042
11.700000 0.000053
11.750000 -0.000041
11.800000 0.000051
11.850000 -0.000043
11.900000 0.000047
11.950000 -0.000048
12.000000 0.000042
12.050000 -0.000052
12.100000 0.000038
12.150000 -0.000053
12.200000 0.000038
12.250000 -0.000051
12.300000 0.000041
12.350000 -0.000046
12.400000 0.000046
12.450000 -0.000040
12.500000 0.000050
12.550000 -0.000037
12.600000 0.000051
12.650000 -0.000036
12.700000 0.000049
12.750000 -0.000040
12.800000 0.000044
12.850000 -0.000045
12.900000 0.000038
12.950000 -0.000049
13.000000 0.000034
13.050000 -0.000050
13.100000 0.000035
13.150000 -0.000047
13.200000 0.000038
13.250000 -0.000042
13.300000 0.000044
13.350000 -0.000036
13.400000 0.000048
13.450000 -0.000032
13.500000 0.000049
13.550000 -0.000033
13.600000 0.000046
13.650000 -0.000037
13.700000 0.000040
13.750000 -0.000043
13.800000 0.000034
13.850000 -0.000047
13.900000 0.000030
13.950000 -0.000047
14.000000 0.000031
14.050000 -0.000044
14.100000 0.000035
14.150000 -0.000038
14.200000 0.000041
14.250000 -0.000032
14.300000 0.000046
14.350000 -0.000028
14.400000 0.000046
14.450000 -0.000029
14.500000 0.000042
14.550000 -0.000034
14.600000 0.000036
14.650000 -0.000040
14.700000 0.000030
14.750000 -0.000044
14.800000 0.000026
14.850000 -0.000045
14.900000 0.000027
14.950000 -0.000041
15.000000 0.000032
15.050000 -0.000034
15.100000 0.000038
15.150000 -0.000028
15.200000 0.000043
15.250000 -0.000024
15.300000 0.000044
15.350000 -0.000025
15.400000 0.000040
15.450000 -0.000030
15.500000 0.000033
15.550000 -0.000036
15.600000 0.000026
15.650000 -0.000041
15.700000 0.000022
15.750000 -0.000042
15.800000 0.000022
15.850000 -0.000038
15.900000 0.000028
15.950000 -0.000031
16.000000 0.000034
16.050000 -0.000024
16.100000 0.000040
16.150000 -0.000019
16.200000 0.000041
16.250000 -0.000020
16.300000 0.000037
16.350000 -0.000025
16.400000 0.000030
16.450000 -0.000032
16.500000 0.000022
16.550000 -0.000038
16.600000 0.000017
16.650000 -0.000040
16.700000 0.000018
16.750000 -0.000036
16.800000 0.000023
16.850000 -0.000029
16.900000 0.000030
16.950000 -0.000020
17.000000 0.000036
17.050000 -0.000015
17.100000 0.000039
17.150000 -0.000015
17.200000 0.000035
17.250000 -0.000020
17.300000 0.000028
17.350000 -0.000028
17.400000 0.000019
17.450000 -0.000035
17.500000 0.000013
17.550000 -0.000037
17.600000 0.000012
17.650000 -0.000034
17.700000 0.000017
17.750000 -0.000027
17.800000 0.000025
17.850000 -0.000018
17.900000 0.000032
17.950000 -0.000011
18.000000 0.000036
18.050000 -0.000009
18.100000 0.000034
18.150000 -0.000014
18.200000 0.000026
18.250000 -0.000022
18.300000 0.000017
18.350000 -0.000030
18.400000 0.000009
18.450000 -0.000034
18.500000 0.000007
18.550000 -0.000033
18.600000 0.000010
18.650000 -0.000026
18.700000 0.000018
18.750000 -0.000016
18.800000 0.000027
18.850000 -0.000008
18.900000 0.000033
18.950000 -0.000004
19.000000 0.000032
19.050000 -0.000007
19.100000 0.000026
19.150000 -0.000015
19.200000 0.000016
19.250000 -0.000024
19.300000 0.000006
19.350000 -0.000031
19.400000 0.000002
19.450000 -0.000032
19.500000 0.000003
19.550000 -0.000026
19.600000 0.000011
19.650000 -0.000016
19.700000 0.000021
19.750000 -0.000006
19.800000 0.000029
19.850000 0.000001
19.900000 0.000031
19.950000 0.000000
20.000000 0.000026
20.050000 -0.000006
20.100000 0.000016
20.150000 -0.000017
20.200000 0.000005
20.250000 -0.000026
20.300000 -0.000003
20.350000 -0.000030
20.400000 -0.000004
20.450000 -0.000026
20.500000 0.000002
20.550000 -0.000017
20.600000 0.000012
20.650000 -0.000005
20.700000 0.000022
20.750000 0.000004
20.800000 0.000028
20.850000 0.000007
20.900000 0.000027
20.950000 0.000003
21.000000 0.000018
21.050000 -0.000007
21.100000 0.000006
21.150000 -0.000018
21.200000 -0.000005
21.250000 -0.000026
21.300000 -0.000010
21.350000 -0.000027
21.400000 -0.000008
21.450000 -0.000020
21.500000 0.000002
21.550000 -0.000008
21.600000 0.000013
21.650000 0.000005
21.700000 0.000023
21.750000 0.000012
21.800000 0.000026
21.850000 0.000012
21.900000 0.000021
21.950000 0.000004
22.000000 0.000010
22.050000 -0.000008
22.100000 -0.000004
22.150000 -0.000019
22.200000 -0.000014
22.250000 -0.000025
22.300000 -0.000016
22.350000 -0.000022
22.400000 -0.000010
22.450000 -0.000012
22.500000 0.000002
22.550000 0.000002
22.600000 0.000014
22.650000 0.000014
22.700000 0.000023
22.750000 0.000019
22.800000 0.000023
22.850000 0.000016
22.900000 0.000015
22.950000 0.000005
23.000000 0.000001
23.050000 -0.000008
23.100000 -0.000013
23.150000 -0.000019
23.200000 -0.000022
23.250000 -0.000023
23.300000 -0.000022
23.350000 -0.000018
23.400000 -0.000013
23.450000 -0.000005
23.500000 0.000001
23.550000 0.000010
23.600000 0.000015
23.650000 0.000022
23.700000 0.000022
23.750000 0.000026
23.800000 0.000020
23.850000 0.000020
23.900000 0.000009
23.950000 0.000007
24.000000 -0.000007
24.050000 -0.000008
24.100000 -0.000021
24.150000 -0.000019
24.200000 -0.000029
24.250000 -0.000021
24.300000 -0.000027
24.350000 -0.000013
24.400000 -0.000016
24.450000 0.000002
24.500000 -0.000000
24.550000 0.000018
24.600000 0.000014
24.650000 0.000030
24.700000 0.000021
24.750000 0.000033
24.800000 0.000017
24.850000 0.000025
24.900000 0.000004
24.950000 0.000010
25.000000 -0.000014
25.050000 -0.000007
25.100000 -0.000029
25.150000 -0.000018
25.200000 -0.000036
25.250000 -0.000019
25.300000 -0.000033
25.350000 -0.000010
25.400000 -0.000020
25.450000 0.000007
25.500000 -0.000002
25.550000 0.000025
25.600000 0.000013
25.650000 0.000038
25.700000 0.000019
25.750000 0.000040
25.800000 0.000015
25.850000 0.000030
25.900000 0.000000
25.950000 0.000014
26.000000 -0.000019
26.050000 -0.000004
26.100000 -0.000036
26.150000 -0.000017
26.200000 -0.000044
26.250000 -0.000018
26.300000 -0.000040
26.350000 -0.000008
26.400000 -0.000026
26.450000 0.000010
26.500000 -0.000007
26.550000 0.000030
26.600000 0.000010
26.650000 0.000044
26.700000 0.000019
26.750000 0.000047
26.800000 0.000014
26.850000 0.000038
26.900000 -0.000001
26.950000 0.000020
27.000000 -0.000022
27.050000 -0.000000
27.100000 -0.000041
27.150000 -0.000015
27.200000 -0.000051
27.250000 -0.000018
27.300000 -0.000048
27.350000 -0.000008
27.400000 -0.000034
27.450000 0.000011
27.500000 -0.000013
27.550000 0.000033
27.600000 0.000007
27.650000 0.000050
27.700000 0.000018
27.750000 0.000056
27.800000 0.000015
27.850000 0.000048
27.900000 0.000000
27.950000 0.000029
28.000000 -0.000022
28.050000 0.000006
28.100000 -0.000044
28.150000 -0.000012
28.200000 -0.000058
28.250000 -0.000019
28.300000 -0.000058
28.350000 -0.000011
28.400000 -0.000045
28.450000 0.000009
28.500000 -0.000023
28.550000 0.000033
28.600000 0.000000
28.650000 0.000054
28.700000 0.000016
28.750000 0.000064
28.800000 0.000018
28.850000 0.000059
28.900000 0.000005
28.950000 0.000041
29.000000 -0.000018
29.050000 0.000016
29.100000 -0.000044
29.150000 -0.000006
29.200000 -0.000063
29.250000 -0.000018
29.300000 -0.000069
29.350000 -0.000016
29.400000 -0.000059
29.450000 0.000002
29.500000 -0.000037
29.550000 0.000028
29.600000 -0.000010
29.650000 0.000054
29.700000 0.000011
29.750000 0.000070
29.800000 0.000020
29.850000 0.000072
29.900000 0.000012
29.950000 0.000057
30.000000 -0.000009
30.050000 0.000032
30.100000 -0.000038
30.150000 0.000004
30.200000 -0.000063
30.250000 -0.000015
30.300000 -0.000077
30.350000 -0.000020
30.400000 -0.000074
30.450000 -0.000008
30.500000 -0.000055
30.550000 0.000017
30.600000 -0.000027
30.650000 0.000047
30.700000 0.000001
30.750000 0.000072
30.800000 0.000019
30.850000 0.000083
30.900000 0.000020
30.950000 0.000076
31.000000 0.000004
31.050000 0.000053
31.100000 -0.000025
31.150000 0.000023
31.200000 -0.000056
31.250000 -0.000006
31.300000 -0.000080
31.350000 -0.000022
31.400000 -0.000088
31.450000 -0.000020
31.500000 -0.000077
31.550000 0.000000
31.600000 -0.000051
31.650000 0.000032
31.700000 -0.000018
31.750000 0.000064
31.800000 0.000010
31.850000 0.000087
31.900000 0.000024
31.950000 0.000093
32.000000 0.000019
32.050000 0.000079
32.100000 -0.000004
32.150000 0.000050
32.200000 -0.000038
32.250000 0.000015
32.300000 -0.000072
32.350000 -0.000014
32.400000 -0.000094
32.450000 -0.000026
32.500000 -0.000098
32.550000 -0.000019
32.600000 -0.000081
32.650000 0.000007
32.700000 -0.000049
32.750000 0.000044
32.800000 -0.000012
32.850000 0.000079
32.900000 0.000017
32.950000 0.000101
33.000000 0.000029
33.050000 0.000103
33.100000 0.000019
33.150000 0.000083
33.200000 -0.000010
33.250000 0.000049
33.300000 -0.000048
33.350000 0.000010
33.400000 -0.000085
33.450000 -0.000020
33.500000 -0.000107
33.550000 -0.000031
33.600000 -0.000108
33.650000 -0.000020
33.700000 -0.000087
33.750000 0.000011
33.800000 -0.000050
33.850000 0.000052
33.900000 -0.000009
33.950000 0.000090
34.000000 0.000022
34.050000 0.000113
34.100000 0.000034
34.150000 0.000114
34.200000 0.000023
34.250000 0.000092
34.300000 -0.000010
34.350000 0.000053
34.400000 -0.000053
34.450000 0.000010
34.500000 -0.000094
34.550000 -0.000024
34.600000 -0.000119
34.650000 -0.000038
34.700000 -0.000121
34.750000 -0.000026
34.800000 -0.000098
34.850000 0.000007
34.900000 -0.000058
34.950000 0.000053
35.000000 -0.000012
35.050000 0.000097
35.100000 0.000025
35.150000 0.000125
35.200000 0.000041
35.250000 0.000129
35.300000 0.000031
35.350000 0.000106
35.400000 -0.000003
35.450000 0.000065
35.500000 -0.000050
35.550000 0.000016
35.600000 -0.000098
35.650000 -0.000025
35.700000 -0.000130
35.750000 -0.000045
35.800000 -0.000137
35.850000 -0.000038
35.900000 -0.000116
35.950000 -0.000004
36.000000 -0.000074
36.050000 0.000045
36.100000 -0.000022
36.150000 0.000096
36.200000 0.000023
36.250000 0.000133
36.300000 0.000048
36.350000 0.000145
36.400000 0.000045
36.450000 0.000128
36.500000 0.000014
36.550000 0.000086
36.600000 -0.000036
36.650000 0.000032
36.700000 -0.000091
36.750000 -0.000019
36.800000 -0.000135
36.850000 -0.000050
36.900000 -0.000153
36.950000 -0.000054
37.000000 -0.000141
37.050000 -0.000026
37.100000 -0.000102
37.150000 0.000024
37.200000 -0.000046
37.250000 0.000083
37.300000 0.000011
37.350000 0.000133
37.400000 0.000050
37.450000 0.000160
37.500000 0.000062
37.550000 0.000156
37.600000 0.000040
37.650000 0.000120
37.700000 -0.000008
37.750000 0.000063
37.800000 -0.000070
37.850000 0.000002
37.900000 -0.000127
37.950000 -0.000047
38.000000 -0.000164
38.050000 -0.000069
38.100000 -0.000169
38.150000 -0.000056
38.200000 -0.000141
38.250000 -0.000012
38.300000 -0.000086
38.350000 0.000051
38.400000 -0.000020
38.450000 0.000116
38.500000 0.000038
38.550000 0.000164
38.600000 0.000072
38.650000 0.000181
38.700000 0.000071
38.750000 0.000163
38.800000 0.000036
38.850000 0.000113
38.900000 -0.000026
38.950000 0.000045
39.000000 -0.000097
39.050000 -0.000023
39.100000 -0.000157
39.150000 -0.000070
39.200000 -0.000189
39.250000 -0.000085
39.300000 -0.000185
39.350000 -0.000061
39.400000 -0.000143
39.450000 -0.000004
39.500000 -0.000076
39.550000 0.000070
39.600000 -0.000002
39.650000 0.000141
39.700000 0.000060
39.750000 0.000190
39.800000 0.000092
39.850000 0.000203
39.900000 0.000084
39.950000 0.000175
40.000000 0.000039
40.050000 0.000114
40.100000 -0.000034
40.150000 0.000036
40.200000 -0.000114
40.250000 -0.000039
40.300000 -0.000180
40.350000 -0.000091
40.400000 -0.000213
40.450000 -0.000104
40.500000 -0.000205
40.550000 -0.000074
40.600000 -0.000157
40.650000 -0.000009
40.700000 -0.000080
40.750000 0.000075
40.800000 0.000005
40.850000 0.000156
40.900000 0.000076
40.950000 0.000212
41.000000 0.000113
41.050000 0.000228
41.100000 0.000107
41.150000 0.000199
41.200000 0.000057
41.250000 0.000132
41.300000 -0.000024
41.350000 0.000043
41.400000 -0.000115
41.450000 -0.000044
41.500000 -0.000194
41.550000 -0.000107
41.600000 -0.000238
41.650000 -0.000129
41.700000 -0.000236
41.750000 -0.000103
41.800000 -0.000188
41.850000 -0.000035
41.900000 -0.000105
41.950000 0.000058
42.000000 -0.000007
42.050000 0.000154
42.100000 0.000080
42.150000 0.000227
42.200000 0.000133
42.250000 0.000258
42.300000 0.000140
42.350000 0.000239
42.400000 0.000096
42.450000 0.000173
42.500000 0.000012
42.550000 0.000077
42.600000 -0.000092
42.650000 -0.000027
42.700000 -0.000189
42.750000 -0.000112
42.800000 -0.000256
42.850000 -0.000156
42.900000 -0.000275
42.950000 -0.000148
43.000000 -0.000240
43.050000 -0.000088
43.100000 -0.000159
43.150000 0.000010
43.200000 -0.000051
43.250000 0.000122
43.300000 0.000058
43.350000 0.000221
43.400000 0.000140
43.450000 0.000282
43.500000 0.000176
43.550000 0.000290
43.600000 0.000155
43.650000 0.000242
43.700000 0.000082
43.750000 0.000148
43.800000 -0.000027
43.850000 0.000030
43.900000 -0.000146
43.950000 -0.000082
44.000000 -0.000245
44.050000 -0.000162
44.100000 -0.000300
44.150000 -0.000189
44.200000 -0.000296
44.250000 -0.000154
44.300000 -0.000232
44.350000 -0.000063
44.400000 -0.000120
44.450000 0.000064
44.500000 0.000014
44.550000 0.000197
44.600000 0.000138
44.650000 0.000305
44.700000 0.000221
44.750000 0.000356
44.800000 0.000236
44.850000 0.000330
44.900000 0.000165
44.950000 0.000212
