-30.000000 0.000283
-29.950000 0.000176
-29.900000 0.000359
-29.850000 0.000157
-29.800000 0.000259
-29.750000 -0.000012
-29.700000 0.000036
-29.650000 -0.000275
-29.600000 -0.000247
-29.550000 -0.000565
-29.500000 -0.000528
-29.450000 -0.000822
-29.400000 -0.000745
-29.350000 -0.000991
-29.300000 -0.000854
-29.250000 -0.001036
-29.200000 -0.000829
-29.150000 -0.000942
-29.100000 -0.000667
-29.050000 -0.000717
-29.000000 -0.000386
-28.950000 -0.000392
-28.900000 -0.000026
-28.850000 -0.000013
-28.800000 0.000359
-28.750000 0.000362
-28.700000 0.000712
-28.650000 0.000677
-28.600000 0.000978
-28.550000 0.000882
-28.500000 0.001116
-28.450000 0.000945
-28.400000 0.001103
-28.350000 0.000855
-28.300000 0.000940
-28.250000 0.000623
-28.200000 0.000649
-28.150000 0.000281
-28.100000 0.000270
-28.050000 -0.000123
-28.000000 -0.000142
-27.950000 -0.000530
-27.900000 -0.000527
-27.850000 -0.000881
-27.800000 -0.000830
-27.750000 -0.001125
-27.700000 -0.001004
-27.650000 -0.001224
-27.600000 -0.001021
-27.550000 -0.001160
-27.500000 -0.000876
-27.450000 -0.000940
-27.400000 -0.000587
-27.350000 -0.000593
-27.300000 -0.000192
-27.250000 -0.000167
-27.200000 0.000252
-27.150000 0.000277
-27.100000 0.000682
-27.050000 0.000676
-27.000000 0.001037
-26.950000 0.000973
-26.900000 0.001265
-26.850000 0.001122
-26.800000 0.001333
-26.750000 0.001103
-26.700000 0.001228
-26.650000 0.000915
-26.600000 0.000964
-26.550000 0.000581
-26.500000 0.000574
-26.450000 0.000147
-26.400000 0.000111
-26.350000 -0.000331
-26.300000 -0.000364
-26.250000 -0.000788
-26.200000 -0.000785
-26.150000 -0.001160
-26.100000 -0.001093
-26.050000 -0.001395
-26.000000 -0.001244
-25.950000 -0.001457
-25.900000 -0.001213
-25.850000 -0.001336
-25.800000 -0.001002
-25.750000 -0.001043
-25.700000 -0.000636
-25.650000 -0.000617
-25.600000 -0.000162
-25.550000 -0.000113
-25.500000 0.000356
-25.450000 0.000402
-25.400000 0.000851
-25.350000 0.000858
-25.300000 0.001256
-25.250000 0.001196
-25.200000 0.001516
-25.150000 0.001367
-25.100000 0.001595
-25.050000 0.001349
-25.000000 0.001481
-24.950000 0.001140
-24.900000 0.001185
-24.850000 0.000764
-24.800000 0.000742
-24.750000 0.000267
-24.700000 0.000207
-24.650000 -0.000290
-24.600000 -0.000353
-24.550000 -0.000837
-24.500000 -0.000866
-24.450000 -0.001301
-24.400000 -0.001265
-24.350000 -0.001623
-24.300000 -0.001496
-24.250000 -0.001757
-24.200000 -0.001527
-24.150000 -0.001683
-24.100000 -0.001349
-24.050000 -0.001408
-24.000000 -0.000983
-23.950000 -0.000963
-23.900000 -0.000472
-23.850000 -0.000403
-23.800000 0.000122
-23.750000 0.000205
-23.700000 0.000726
-23.650000 0.000785
-23.600000 0.001266
-23.550000 0.001266
-23.500000 0.001675
-23.450000 0.001589
-23.400000 0.001902
-23.350000 0.001710
-23.300000 0.001915
-23.250000 0.001612
-23.200000 0.001709
-23.150000 0.001302
-23.100000 0.001304
-23.050000 0.000813
-23.000000 0.000746
-22.950000 0.000200
-22.900000 0.000099
-22.850000 -0.000464
-22.800000 -0.000561
-22.750000 -0.001101
-22.700000 -0.001154
-22.650000 -0.001634
-22.600000 -0.001609
-22.550000 -0.001997
-22.500000 -0.001868
-22.450000 -0.002145
-22.400000 -0.001898
-22.350000 -0.002057
-22.300000 -0.001693
-22.250000 -0.001741
-22.200000 -0.001274
-22.150000 -0.001231
-22.100000 -0.000685
-22.050000 -0.000581
-22.000000 0.000008
-21.950000 0.000135
-21.900000 0.000730
-21.850000 0.000839
-21.800000 0.001397
-21.750000 0.001450
-21.700000 0.001935
-21.650000 0.001898
-21.600000 0.002280
-21.550000 0.002128
-21.500000 0.002388
-21.450000 0.002109
-21.400000 0.002244
-21.350000 0.001840
-21.300000 0.001857
-21.250000 0.001345
-21.200000 0.001268
-21.150000 0.000676
-21.100000 0.000538
-21.050000 -0.000096
-21.000000 -0.000253
-20.950000 -0.000886
-20.900000 -0.001019
-20.850000 -0.001609
-20.800000 -0.001677
-20.750000 -0.002185
-20.700000 -0.002155
-20.650000 -0.002551
-20.600000 -0.002397
-20.550000 -0.002665
-20.500000 -0.002376
-20.450000 -0.002509
-20.400000 -0.002089
-20.350000 -0.002097
-20.300000 -0.001560
-20.250000 -0.001466
-20.200000 -0.000840
-20.150000 -0.000677
-20.100000 -0.000002
-20.050000 0.000188
-20.000000 0.000869
-19.950000 0.001042
-19.900000 0.001683
-19.850000 0.001794
-19.800000 0.002354
-19.750000 0.002363
-19.700000 0.002809
-19.650000 0.002689
-19.600000 0.002997
-19.550000 0.002733
-19.500000 0.002896
-19.450000 0.002488
-19.400000 0.002512
-19.350000 0.001973
-19.300000 0.001880
-19.250000 0.001237
-19.200000 0.001058
-19.150000 0.000349
-19.100000 0.000126
-19.050000 -0.000607
-19.000000 -0.000829
-18.950000 -0.001538
-18.900000 -0.001712
-18.850000 -0.002353
-18.800000 -0.002437
-18.750000 -0.002970
-18.700000 -0.002929
-18.650000 -0.003325
-18.600000 -0.003136
-18.550000 -0.003377
-18.500000 -0.003031
-18.450000 -0.003117
-18.400000 -0.002618
-18.350000 -0.002562
-18.300000 -0.001933
-18.250000 -0.001762
-18.200000 -0.001035
-18.150000 -0.000788
-18.100000 -0.000007
-18.050000 0.000269
-18.000000 0.001056
-17.950000 0.001312
-17.900000 0.002056
-17.850000 0.002245
-17.800000 0.002900
-17.750000 0.002980
-17.700000 0.003509
-17.650000 0.003448
-17.600000 0.003825
-17.550000 0.003602
-17.500000 0.003813
-17.450000 0.003422
-17.400000 0.003468
-17.350000 0.002917
-17.300000 0.002814
-17.250000 0.002126
-17.200000 0.001903
-17.150000 0.001112
-17.100000 0.000810
-17.050000 -0.000038
-17.000000 -0.000371
-16.950000 -0.001224
-16.900000 -0.001536
-16.850000 -0.002342
-16.800000 -0.002582
-16.750000 -0.003293
-16.700000 -0.003416
-16.650000 -0.003992
-16.600000 -0.003963
-16.550000 -0.004375
-16.500000 -0.004172
-16.450000 -0.004405
-16.400000 -0.004020
-16.350000 -0.004074
-16.300000 -0.003514
-16.250000 -0.003404
-16.200000 -0.002691
-16.150000 -0.002443
-16.100000 -0.001611
-16.050000 -0.001267
-16.000000 -0.000360
-15.950000 0.000033
-15.900000 0.000964
-15.850000 0.001354
-15.800000 0.002255
-15.750000 0.002587
-15.700000 0.003406
-15.650000 0.003631
-15.600000 0.004320
-15.550000 0.004396
-15.500000 0.004920
-15.450000 0.004816
-15.400000 0.005151
-15.350000 0.004852
-15.300000 0.004991
-15.250000 0.004496
-15.200000 0.004445
-15.150000 0.003769
-15.100000 0.003550
-15.050000 0.002722
-15.000000 0.002370
-14.950000 0.001429
-14.900000 0.000989
-14.850000 -0.000016
-14.800000 -0.000492
-14.750000 -0.001507
-14.700000 -0.001966
-14.650000 -0.002935
-14.600000 -0.003320
-14.550000 -0.004191
-14.500000 -0.004453
-14.450000 -0.005178
-14.400000 -0.005273
-14.350000 -0.005817
-14.300000 -0.005715
-14.250000 -0.006052
-14.200000 -0.005737
-14.150000 -0.005859
-14.100000 -0.005331
-14.050000 -0.005245
-14.000000 -0.004517
-13.950000 -0.004247
-13.900000 -0.003350
-13.850000 -0.002931
-13.800000 -0.001907
-13.750000 -0.001385
-13.700000 -0.000284
-13.650000 0.000287
-13.600000 0.001409
-13.550000 0.001972
-13.500000 0.003058
-13.450000 0.003556
-13.400000 0.004551
-13.350000 0.004931
-13.300000 0.005784
-13.250000 0.006001
-13.200000 0.006670
-13.150000 0.006686
-13.100000 0.007142
-13.050000 0.006934
-13.000000 0.007160
-12.950000 0.006718
-12.900000 0.006713
-12.850000 0.006044
-12.800000 0.005821
-12.750000 0.004947
-12.700000 0.004535
-12.650000 0.003491
-12.600000 0.002932
-12.550000 0.001764
-12.500000 0.001108
-12.450000 -0.000129
-12.400000 -0.000825
-12.350000 -0.002073
-12.300000 -0.002750
-12.250000 -0.003949
-12.200000 -0.004548
-12.150000 -0.005642
-12.100000 -0.006108
-12.050000 -0.007045
-12.000000 -0.007330
-11.950000 -0.008067
-11.900000 -0.008135
-11.850000 -0.008640
-11.800000 -0.008464
-11.750000 -0.008719
-11.700000 -0.008288
-11.650000 -0.008288
-11.600000 -0.007606
-11.550000 -0.007363
-11.500000 -0.006449
-11.450000 -0.005989
-11.400000 -0.004876
-11.350000 -0.004239
-11.300000 -0.002972
-11.250000 -0.002207
-11.200000 -0.000840
-11.150000 -0.000005
-11.100000 0.001404
-11.050000 0.002250
-11.000000 0.003639
-10.950000 0.004435
-10.900000 0.005745
-10.850000 0.006432
-10.800000 0.007607
-10.750000 0.008133
-10.700000 0.009123
-10.650000 0.009442
-10.600000 0.010206
-10.550000 0.010283
-10.500000 0.010791
-10.450000 0.010601
-10.400000 0.010836
-10.350000 0.010369
-10.300000 0.010328
-10.250000 0.009589
-10.200000 0.009282
-10.150000 0.008288
-10.100000 0.007741
-10.050000 0.006524
-10.000000 0.005774
-9.950000 0.004376
-9.900000 0.003470
-9.850000 0.001943
-9.800000 0.000936
-9.750000 -0.000663
-9.700000 -0.001711
-9.650000 -0.003322
-9.600000 -0.004351
-9.550000 -0.005912
-9.500000 -0.006860
-9.450000 -0.008311
-9.400000 -0.009120
-9.350000 -0.010405
-9.300000 -0.011022
-9.250000 -0.012091
-9.200000 -0.012471
-9.150000 -0.013284
-9.100000 -0.013390
-9.050000 -0.013918
-9.000000 -0.013728
-8.950000 -0.013954
-8.900000 -0.013459
-8.850000 -0.013379
-8.800000 -0.012583
-8.750000 -0.012210
-8.700000 -0.011130
-8.650000 -0.010487
-8.600000 -0.009154
-8.550000 -0.008276
-8.500000 -0.006729
-8.450000 -0.005661
-8.400000 -0.003948
-8.350000 -0.002739
-8.300000 -0.000914
-8.250000 0.000378
-8.200000 0.002258
-8.150000 0.003575
-8.100000 0.005449
-8.050000 0.006729
-8.000000 0.008537
-7.950000 0.009721
-7.900000 0.011404
-7.850000 0.012435
-7.800000 0.013939
-7.750000 0.014765
-7.700000 0.016041
-7.650000 0.016619
-7.600000 0.017629
-7.550000 0.017924
-7.500000 0.018638
-7.450000 0.018627
-7.400000 0.019026
-7.350000 0.018695
-7.300000 0.018772
-7.250000 0.018118
-7.200000 0.017874
-7.150000 0.016905
-7.100000 0.016352
-7.050000 0.015082
-7.000000 0.014241
-6.950000 0.012696
-6.900000 0.011595
-6.850000 0.009808
-6.800000 0.008484
-6.750000 0.006495
-6.700000 0.004994
-6.650000 0.002852
-6.600000 0.001223
-6.550000 -0.001019
-6.500000 -0.002720
-6.450000 -0.005005
-6.400000 -0.006720
-6.350000 -0.008989
-6.300000 -0.010660
-6.250000 -0.012856
-6.200000 -0.014426
-6.150000 -0.016495
-6.100000 -0.017912
-6.050000 -0.019803
-6.000000 -0.021017
-5.950000 -0.022685
-5.900000 -0.023655
-5.850000 -0.025059
-5.800000 -0.025749
-5.750000 -0.026856
-5.700000 -0.027234
-5.650000 -0.028017
-5.600000 -0.028062
-5.550000 -0.028503
-5.500000 -0.028199
-5.450000 -0.028288
-5.400000 -0.027632
-5.350000 -0.027369
-5.300000 -0.026363
-5.250000 -0.025757
-5.200000 -0.024417
-5.150000 -0.023485
-5.100000 -0.021831
-5.050000 -0.020598
-5.000000 -0.018658
-4.950000 -0.017155
-4.900000 -0.014962
-4.850000 -0.013223
-4.800000 -0.010812
-4.750000 -0.008875
-4.700000 -0.006284
-4.650000 -0.004187
-4.600000 -0.001458
-4.550000 0.000758
-4.500000 0.003586
-4.450000 0.005880
-4.400000 0.008764
-4.350000 0.011093
-4.300000 0.013992
-4.250000 0.016316
-4.200000 0.019189
-4.150000 0.021468
-4.100000 0.024279
-4.050000 0.026478
-4.000000 0.029191
-3.950000 0.031279
-3.900000 0.033866
-3.850000 0.035815
-3.800000 0.038252
-3.750000 0.040040
-3.700000 0.042306
-3.650000 0.043915
-3.600000 0.045993
-3.550000 0.047407
-3.500000 0.049283
-3.450000 0.050490
-3.400000 0.052152
-3.350000 0.053140
-3.300000 0.054580
-3.250000 0.055341
-3.200000 0.056551
-3.150000 0.057080
-3.100000 0.058055
-3.050000 0.058350
-3.000000 0.059090
-2.950000 0.059149
-2.900000 0.059655
-2.850000 0.059481
-2.800000 0.059755
-2.750000 0.059351
-2.700000 0.059394
-2.650000 0.058761
-2.600000 0.058576
-2.550000 0.057715
-2.500000 0.057299
-2.450000 0.056206
-2.400000 0.055557
-2.350000 0.054228
-2.300000 0.053338
-2.250000 0.051764
-2.200000 0.050624
-2.150000 0.048795
-2.100000 0.047392
-2.050000 0.045292
-2.000000 0.043609
-1.950000 0.041219
-1.900000 0.039234
-1.850000 0.036529
-1.800000 0.034211
-1.750000 0.031155
-1.700000 0.028466
-1.650000 0.025014
-1.600000 0.021902
-1.550000 0.017997
-1.500000 0.014397
-1.450000 0.009967
-1.400000 0.005799
-1.350000 0.000757
-1.300000 -0.004075
-1.250000 -0.009834
-1.200000 -0.015443
-1.150000 -0.022044
-1.100000 -0.028565
-1.050000 -0.036152
-1.000000 -0.043743
-0.950000 -0.052488
-0.900000 -0.061332
-0.850000 -0.071434
-0.800000 -0.081747
-0.750000 -0.093436
-0.700000 -0.105463
-0.650000 -0.119002
-0.600000 -0.133024
-0.550000 -0.148709
-0.500000 -0.165037
-0.450000 -0.183195
-0.400000 -0.202170
-0.350000 -0.223151
-0.300000 -0.245131
-0.250000 -0.269301
-0.200000 -0.294654
-0.150000 -0.322375
-0.100000 -0.351455
-0.050000 -0.383068
0.000000 -0.416191
0.050000 -0.451979
0.100000 -0.489387
0.150000 -0.529538
0.200000 -0.571350
0.250000 -0.615901
0.300000 -0.662058
0.350000 -0.710835
0.400000 -0.761031
0.450000 -0.813580
0.500000 -0.867196
0.550000 -0.922718
0.600000 -0.978760
0.650000 -1.036059
0.700000 -1.093125
0.750000 -1.150587
0.800000 -1.206861
0.850000 -1.262485
0.900000 -1.315797
0.950000 -1.367277
1.000000 -1.415226
1.050000 -1.460110
1.100000 -1.500249
1.150000 -1.536154
1.200000 -1.566226
1.250000 -1.591085
1.300000 -1.609276
1.350000 -1.621584
1.400000 -1.626744
1.450000 -1.625747
1.500000 -1.617545
1.550000 -1.603344
1.600000 -1.582308
1.650000 -1.555841
1.700000 -1.523290
1.750000 -1.486213
1.800000 -1.444084
1.850000 -1.398556
1.900000 -1.349173
1.950000 -1.297616
2.000000 -1.243434
2.050000 -1.188285
2.100000 -1.131671
2.150000 -1.075180
2.200000 -1.018233
2.250000 -0.962325
2.300000 -0.906776
2.350000 -0.852974
2.400000 -0.800138
2.450000 -0.749550
2.500000 -0.700335
2.550000 -0.653682
2.600000 -0.608634
2.650000 -0.566303
2.700000 -0.525667
2.750000 -0.487778
2.800000 -0.451569
2.850000 -0.418046
2.900000 -0.386110
2.950000 -0.356740
3.000000 -0.328816
3.050000 -0.303298
3.100000 -0.279057
3.150000 -0.257045
3.200000 -0.236129
3.250000 -0.217259
3.300000 -0.199303
3.350000 -0.183213
3.400000 -0.167863
3.450000 -0.154205
3.500000 -0.141125
3.550000 -0.129580
3.600000 -0.118462
3.650000 -0.108735
3.700000 -0.099302
3.750000 -0.091132
3.800000 -0.083138
3.850000 -0.076294
3.900000 -0.069525
3.950000 -0.063809
4.000000 -0.058079
4.050000 -0.053320
4.100000 -0.048473
4.150000 -0.044524
4.200000 -0.040423
4.250000 -0.037161
4.300000 -0.033691
4.350000 -0.031006
4.400000 -0.028067
4.450000 -0.025867
4.500000 -0.023374
4.550000 -0.021580
4.600000 -0.019458
4.650000 -0.018001
4.700000 -0.016188
4.750000 -0.015012
4.800000 -0.013454
4.850000 -0.012512
4.900000 -0.011169
4.950000 -0.010421
5.000000 -0.009258
5.050000 -0.008675
5.100000 -0.007665
5.150000 -0.007221
5.200000 -0.006341
5.250000 -0.006016
5.300000 -0.005246
5.350000 -0.005022
5.400000 -0.004345
5.450000 -0.004203
5.500000 -0.003603
5.550000 -0.003529
5.600000 -0.002990
5.650000 -0.002971
5.700000 -0.002482
5.750000 -0.002506
5.800000 -0.002058
5.850000 -0.002118
5.900000 -0.001705
5.950000 -0.001798
6.000000 -0.001418
6.050000 -0.001542
6.100000 -0.001194
6.150000 -0.001350
6.200000 -0.001036
6.250000 -0.001225
6.300000 -0.000947
6.350000 -0.001173
6.400000 -0.000933
6.450000 -0.001198
6.500000 -0.001002
6.550000 -0.001313
6.600000 -0.001169
6.650000 -0.001538
6.700000 -0.001463
6.750000 -0.001911
6.800000 -0.001931
6.850000 -0.002492
6.900000 -0.002650
6.950000 -0.003376
7.000000 -0.003735
7.050000 -0.004702
7.100000 -0.005354
7.150000 -0.006674
7.200000 -0.007753
7.250000 -0.009586
7.300000 -0.011284
7.350000 -0.013862
7.400000 -0.016459
7.450000 -0.020117
7.500000 -0.024016
7.550000 -0.029243
7.600000 -0.035034
7.650000 -0.042541
7.700000 -0.051081
7.750000 -0.061899
7.800000 -0.074431
7.850000 -0.090055
7.900000 -0.108373
7.950000 -0.130954
8.000000 -0.157631
8.050000 -0.190239
8.100000 -0.228930
8.150000 -0.275904
8.200000 -0.331738
8.250000 -0.399110
8.300000 -0.479142
8.350000 -0.575106
8.400000 -0.688765
8.450000 -0.824049
8.500000 -0.983364
8.550000 -1.171201
8.600000 -1.390368
8.650000 -1.645467
8.700000 -1.938972
8.750000 -2.274500
8.800000 -2.652655
8.850000 -3.074049
8.900000 -3.534926
8.950000 -4.030040
9.000000 -4.548345
9.050000 -5.076187
9.100000 -5.593712
9.150000 -6.079167
9.200000 -6.506756
9.250000 -6.852497
9.300000 -7.093376
9.350000 -7.213799
9.400000 -7.204313
9.450000 -7.066482
9.500000 -6.809194
9.550000 -6.450791
9.600000 -6.013064
9.650000 -5.521951
9.700000 -5.001258
9.750000 -4.474078
9.800000 -3.957881
9.850000 -3.467470
9.900000 -3.011510
9.950000 -2.596519
10.000000 -2.224059
10.050000 -1.895004
10.100000 -1.606761
10.150000 -1.357369
10.200000 -1.142508
10.250000 -0.959336
10.300000 -0.803276
10.350000 -0.671645
10.400000 -0.560298
10.450000 -0.467130
10.500000 -0.388646
10.550000 -0.323398
10.600000 -0.268529
10.650000 -0.223178
10.700000 -0.185025
10.750000 -0.153678
10.800000 -0.127238
10.850000 -0.105668
10.900000 -0.087379
10.950000 -0.072594
11.000000 -0.059950
11.050000 -0.049855
11.100000 -0.041107
11.150000 -0.034244
11.200000 -0.028176
11.250000 -0.023533
11.300000 -0.019305
11.350000 -0.016183
11.400000 -0.013215
11.450000 -0.011134
11.500000 -0.009030
11.550000 -0.007661
11.600000 -0.006149
11.650000 -0.005270
11.700000 -0.004165
11.750000 -0.003624
11.800000 -0.002803
11.850000 -0.002497
11.900000 -0.001873
11.950000 -0.001731
12.000000 -0.001246
12.050000 -0.001218
12.100000 -0.000828
12.150000 -0.000878
12.200000 -0.000552
12.250000 -0.000652
12.300000 -0.000368
12.350000 -0.000498
12.400000 -0.000238
12.450000 -0.000386
12.500000 -0.000141
12.550000 -0.000297
12.600000 -0.000061
12.650000 -0.000224
12.700000 0.000004
12.750000 -0.000165
12.800000 0.000055
12.850000 -0.000123
12.900000 0.000087
12.950000 -0.000099
13.000000 0.000101
13.050000 -0.000094
13.100000 0.000097
13.150000 -0.000103
13.200000 0.000082
13.250000 -0.000119
13.300000 0.000065
13.350000 -0.000134
13.400000 0.000053
13.450000 -0.000139
13.500000 0.000053
13.550000 -0.000132
13.600000 0.000065
13.650000 -0.000114
13.700000 0.000087
13.750000 -0.000090
13.800000 0.000110
13.850000 -0.000068
13.900000 0.000127
13.950000 -0.000055
14.000000 0.000132
14.050000 -0.000056
14.100000 0.000124
14.150000 -0.000070
14.200000 0.000103
14.250000 -0.000093
14.300000 0.000079
14.350000 -0.000116
14.400000 0.000058
14.450000 -0.000130
14.500000 0.000049
14.550000 -0.000132
14.600000 0.000054
14.650000 -0.000119
14.700000 0.000072
14.750000 -0.000096
14.800000 0.000096
14.850000 -0.000070
14.900000 0.000119
14.950000 -0.000051
15.000000 0.000131
15.050000 -0.000045
15.100000 0.000129
15.150000 -0.000054
15.200000 0.000113
15.250000 -0.000074
15.300000 0.000088
15.350000 -0.000100
15.400000 0.000062
15.450000 -0.000121
15.500000 0.000045
15.550000 -0.000132
15.600000 0.000041
15.650000 -0.000126
15.700000 0.000053
15.750000 -0.000107
15.800000 0.000076
15.850000 -0.000080
15.900000 0.000103
15.950000 -0.000054
16.000000 0.000124
16.050000 -0.000038
16.100000 0.000131
16.150000 -0.000038
16.200000 0.000123
16.250000 -0.000053
16.300000 0.000101
16.350000 -0.000078
16.400000 0.000072
16.450000 -0.000106
16.500000 0.000047
16.550000 -0.000125
16.600000 0.000033
16.650000 -0.000131
16.700000 0.000035
16.750000 -0.000120
16.800000 0.000052
16.850000 -0.000095
16.900000 0.000080
16.950000 -0.000065
17.000000 0.000108
17.050000 -0.000040
17.100000 0.000126
17.150000 -0.000027
17.200000 0.000130
17.250000 -0.000032
17.300000 0.000116
17.350000 -0.000051
17.400000 0.000090
17.450000 -0.000081
17.500000 0.000059
17.550000 -0.000109
17.600000 0.000033
17.650000 -0.000127
17.700000 0.000022
17.750000 -0.000129
17.800000 0.000028
17.850000 -0.000113
17.900000 0.000050
17.950000 -0.000085
18.000000 0.000081
18.050000 -0.000052
18.100000 0.000110
18.150000 -0.000027
18.200000 0.000128
18.250000 -0.000016
18.300000 0.000128
18.350000 -0.000024
18.400000 0.000110
18.450000 -0.000049
18.500000 0.000080
18.550000 -0.000081
18.600000 0.000046
18.650000 -0.000111
18.700000 0.000021
18.750000 -0.000128
18.800000 0.000011
18.850000 -0.000127
18.900000 0.000020
18.950000 -0.000108
19.000000 0.000046
19.050000 -0.000076
19.100000 0.000079
19.150000 -0.000042
19.200000 0.000110
19.250000 -0.000015
19.300000 0.000128
19.350000 -0.000005
19.400000 0.000127
19.450000 -0.000015
19.500000 0.000107
19.550000 -0.000042
19.600000 0.000074
19.650000 -0.000077
19.700000 0.000037
19.750000 -0.000110
19.800000 0.000010
19.850000 -0.000128
19.900000 -0.000001
19.950000 -0.000127
20.000000 0.000010
20.050000 -0.000106
20.100000 0.000038
20.150000 -0.000071
20.200000 0.000074
20.250000 -0.000034
20.300000 0.000108
20.350000 -0.000005
20.400000 0.000128
20.450000 0.000007
20.500000 0.000128
20.550000 -0.000003
20.600000 0.000107
20.650000 -0.000032
20.700000 0.000071
20.750000 -0.000070
20.800000 0.000032
20.850000 -0.000105
20.900000 0.000000
20.950000 -0.000128
21.000000 -0.000013
21.050000 -0.000129
21.100000 -0.000004
21.150000 -0.000108
21.200000 0.000024
21.250000 -0.000072
21.300000 0.000064
21.350000 -0.000030
21.400000 0.000102
21.450000 0.000004
21.500000 0.000127
21.550000 0.000019
21.600000 0.000130
21.650000 0.000012
21.700000 0.000111
21.750000 -0.000016
21.800000 0.000074
21.850000 -0.000057
21.900000 0.000031
21.950000 -0.000097
22.000000 -0.000006
22.050000 -0.000125
22.100000 -0.000025
22.150000 -0.000131
22.200000 -0.000021
22.250000 -0.000114
22.300000 0.000006
22.350000 -0.000078
22.400000 0.000047
22.450000 -0.000033
22.500000 0.000090
22.550000 0.000007
22.600000 0.000122
22.650000 0.000031
22.700000 0.000133
22.750000 0.000030
22.800000 0.000119
22.850000 0.000005
22.900000 0.000083
22.950000 -0.000036
23.000000 0.000037
23.050000 -0.000082
23.100000 -0.000007
23.150000 -0.000119
23.200000 -0.000035
23.250000 -0.000134
23.300000 -0.000039
23.350000 -0.000124
23.400000 -0.000018
23.450000 -0.000091
23.500000 0.000023
23.550000 -0.000043
23.600000 0.000071
23.650000 0.000004
23.700000 0.000112
23.750000 0.000038
23.800000 0.000134
23.850000 0.000048
23.900000 0.000129
23.950000 0.000031
24.000000 0.000100
24.050000 -0.000007
24.100000 0.000052
24.150000 -0.000057
24.200000 0.000002
24.250000 -0.000103
24.300000 -0.000039
24.350000 -0.000132
24.400000 -0.000056
24.450000 -0.000135
24.500000 -0.000046
24.550000 -0.000110
24.600000 -0.000010
24.650000 -0.000064
24.700000 0.000040
24.750000 -0.000010
24.800000 0.000091
24.850000 0.000036
24.900000 0.000128
24.950000 0.000062
25.000000 0.000139
25.050000 0.000060
25.100000 0.000121
25.150000 0.000029
25.200000 0.000078
25.250000 -0.000020
25.300000 0.000023
25.350000 -0.000075
25.400000 -0.000030
25.450000 -0.000119
25.500000 -0.000065
25.550000 -0.000140
25.600000 -0.000072
25.650000 -0.000131
25.700000 -0.000049
25.750000 -0.000094
25.800000 -0.000003
25.850000 -0.000039
25.900000 0.000054
25.950000 0.000018
26.000000 0.000106
26.050000 0.000063
26.100000 0.000138
26.150000 0.000082
26.200000 0.000141
26.250000 0.000070
26.300000 0.000112
26.350000 0.000029
26.400000 0.000059
26.450000 -0.000029
26.500000 -0.000002
26.550000 -0.000088
26.600000 -0.000056
26.650000 -0.000131
26.700000 -0.000088
26.750000 -0.000146
26.800000 -0.000087
26.850000 -0.000129
26.900000 -0.000055
26.950000 -0.000082
27.000000 -0.000000
27.050000 -0.000020
27.100000 0.000063
27.150000 0.000042
27.200000 0.000117
27.250000 0.000087
27.300000 0.000147
27.350000 0.000101
27.400000 0.000143
27.450000 0.000082
27.500000 0.000107
27.550000 0.000033
27.600000 0.000047
27.650000 -0.000031
27.700000 -0.000020
27.750000 -0.000095
27.800000 -0.000078
27.850000 -0.000140
27.900000 -0.000109
27.950000 -0.000153
28.000000 -0.000105
28.050000 -0.000131
28.100000 -0.000068
28.150000 -0.000078
28.200000 -0.000006
28.250000 -0.000008
28.300000 0.000064
28.350000 0.000059
28.400000 0.000123
28.450000 0.000107
28.500000 0.000154
28.550000 0.000122
28.600000 0.000150
28.650000 0.000100
28.700000 0.000110
28.750000 0.000047
28.800000 0.000044
28.850000 -0.000024
28.900000 -0.000030
28.950000 -0.000094
29.000000 -0.000093
29.050000 -0.000145
29.100000 -0.000129
29.150000 -0.000162
29.200000 -0.000128
29.250000 -0.000140
29.300000 -0.000090
29.350000 -0.000085
29.400000 -0.000023
29.450000 -0.000009
29.500000 0.000054
29.550000 0.000067
29.600000 0.000121
29.650000 0.000123
29.700000 0.000161
29.750000 0.000146
29.800000 0.000163
29.850000 0.000128
29.900000 0.000124
29.950000 0.000074
30.000000 0.000055
30.050000 -0.000003
30.100000 -0.000026
30.150000 -0.000083
30.200000 -0.000100
30.250000 -0.000144
30.300000 -0.000148
30.350000 -0.000172
30.400000 -0.000156
30.450000 -0.000158
30.500000 -0.000122
30.550000 -0.000105
30.600000 -0.000056
30.650000 -0.000026
30.700000 0.000028
30.750000 0.000060
30.800000 0.000108
30.850000 0.000130
30.900000 0.000163
30.950000 0.000168
31.000000 0.000178
31.050000 0.000163
31.100000 0.000150
31.150000 0.000115
31.200000 0.000084
31.250000 0.000037
31.300000 -0.000004
31.350000 -0.000053
31.400000 -0.000092
31.450000 -0.000131
31.500000 -0.000158
31.550000 -0.000178
31.600000 -0.000185
31.650000 -0.000182
31.700000 -0.000166
31.750000 -0.000140
31.800000 -0.000106
31.850000 -0.000063
31.900000 -0.000019
31.950000 0.000032
32.000000 0.000075
32.050000 0.000120
32.100000 0.000150
32.150000 0.000181
32.200000 0.000190
32.250000 0.000199
32.300000 0.000183
32.350000 0.000170
32.400000 0.000130
32.450000 0.000099
32.500000 0.000044
32.550000 0.000003
32.600000 -0.000057
32.650000 -0.000093
32.700000 -0.000146
32.750000 -0.000168
32.800000 -0.000203
32.850000 -0.000202
32.900000 -0.000213
32.950000 -0.000185
33.000000 -0.000173
33.050000 -0.000122
33.100000 -0.000093
33.150000 -0.000026
33.200000 0.000010
33.250000 0.000080
33.300000 0.000110
33.350000 0.000170
33.400000 0.000183
33.450000 0.000223
33.500000 0.000211
33.550000 0.000227
33.600000 0.000187
33.650000 0.000179
33.700000 0.000116
33.750000 0.000090
33.800000 0.000013
33.850000 -0.000019
33.900000 -0.000097
33.950000 -0.000122
34.000000 -0.000190
34.050000 -0.000196
34.100000 -0.000243
34.150000 -0.000222
34.200000 -0.000242
34.250000 -0.000193
34.300000 -0.000188
34.350000 -0.000115
34.400000 -0.000093
34.450000 -0.000005
34.500000 0.000023
34.550000 0.000112
34.600000 0.000132
34.650000 0.000208
34.700000 0.000208
34.750000 0.000262
34.800000 0.000234
34.850000 0.000260
34.900000 0.000201
34.950000 0.000201
35.000000 0.000118
35.050000 0.000100
35.100000 0.000002
35.150000 -0.000022
35.200000 -0.000121
35.250000 -0.000136
35.300000 -0.000222
35.350000 -0.000217
35.400000 -0.000280
35.450000 -0.000246
35.500000 -0.000280
35.550000 -0.000214
35.600000 -0.000221
35.650000 -0.000129
35.700000 -0.000116
35.750000 -0.000008
35.800000 0.000012
35.850000 0.000123
35.900000 0.000135
35.950000 0.000233
36.000000 0.000225
36.050000 0.000299
36.100000 0.000260
36.150000 0.000304
36.200000 0.000233
36.250000 0.000247
36.300000 0.000147
36.350000 0.000139
36.400000 0.000021
36.450000 0.000004
36.500000 -0.000118
36.550000 -0.000128
36.600000 -0.000238
36.650000 -0.000228
36.700000 -0.000314
36.750000 -0.000274
36.800000 -0.000329
36.850000 -0.000254
36.900000 -0.000278
36.950000 -0.000172
37.000000 -0.000172
37.050000 -0.000045
37.100000 -0.000033
37.150000 0.000101
37.200000 0.000110
37.250000 0.000234
37.300000 0.000225
37.350000 0.000326
37.400000 0.000287
37.450000 0.000356
37.500000 0.000281
37.550000 0.000317
37.600000 0.000207
37.650000 0.000215
37.700000 0.000081
37.750000 0.000072
37.800000 -0.000073
37.850000 -0.000081
37.900000 -0.000221
37.950000 -0.000213
38.000000 -0.000331
38.050000 -0.000295
38.100000 -0.000381
38.150000 -0.000308
38.200000 -0.000358
38.250000 -0.000248
38.300000 -0.000267
38.350000 -0.000128
38.400000 -0.000126
38.450000 0.000029
38.500000 0.000036
38.550000 0.000191
38.600000 0.000187
38.650000 0.000324
38.700000 0.000293
38.750000 0.000400
38.800000 0.000332
38.850000 0.000402
38.900000 0.000295
38.950000 0.000330
39.000000 0.000188
39.050000 0.000195
39.100000 0.000031
39.150000 0.000026
39.200000 -0.000143
39.250000 -0.000143
39.300000 -0.000300
39.350000 -0.000278
39.400000 -0.000407
39.450000 -0.000349
39.500000 -0.000441
39.550000 -0.000342
39.600000 -0.000395
39.650000 -0.000256
39.700000 -0.000276
39.750000 -0.000108
39.800000 -0.000108
39.850000 0.000073
39.900000 0.000075
39.950000 0.000252
40.000000 0.000238
40.050000 0.000393
40.100000 0.000347
40.150000 0.000467
40.200000 0.000380
40.250000 0.000458
40.300000 0.000329
40.350000 0.000368
40.400000 0.000201
40.450000 0.000212
40.500000 0.000022
40.550000 0.000020
40.600000 -0.000175
40.650000 -0.000170
40.700000 -0.000351
40.750000 -0.000321
40.800000 -0.000471
40.850000 -0.000402
40.900000 -0.000510
40.950000 -0.000395
41.000000 -0.000460
41.050000 -0.000301
41.100000 -0.000329
41.150000 -0.000137
41.200000 -0.000141
41.250000 0.000067
41.300000 0.000067
41.350000 0.000271
41.400000 0.000256
41.450000 0.000437
41.500000 0.000389
41.550000 0.000533
41.600000 0.000440
41.650000 0.000539
41.700000 0.000398
41.750000 0.000452
41.800000 0.000269
41.850000 0.000288
41.900000 0.000075
41.950000 0.000076
42.000000 -0.000147
42.050000 -0.000144
42.100000 -0.000357
42.150000 -0.000331
42.200000 -0.000514
42.250000 -0.000449
42.300000 -0.000588
42.350000 -0.000473
42.400000 -0.000564
42.450000 -0.000399
42.500000 -0.000444
42.550000 -0.000238
42.600000 -0.000251
42.650000 -0.000018
42.700000 -0.000018
42.750000 0.000219
42.800000 0.000212
42.850000 0.000432
42.900000 0.000395
42.950000 0.000579
43.000000 0.000499
43.050000 0.000635
43.100000 0.000502
43.150000 0.000587
43.200000 0.000402
43.250000 0.000442
43.300000 0.000216
43.350000 0.000225
43.400000 -0.000025
43.450000 -0.000027
43.500000 -0.000278
43.550000 -0.000268
43.600000 -0.000498
43.650000 -0.000454
43.700000 -0.000644
43.750000 -0.000551
43.800000 -0.000688
43.850000 -0.000538
43.900000 -0.000619
43.950000 -0.000415
44.000000 -0.000448
44.050000 -0.000200
44.100000 -0.000200
44.150000 0.000072
44.200000 0.000083
44.250000 0.000357
44.300000 0.000356
44.350000 0.000609
44.400000 0.000576
44.450000 0.000790
44.500000 0.000710
44.550000 0.000874
44.600000 0.000738
44.650000 0.000850
44.700000 0.000662
44.750000 0.000727
44.800000 0.000496
44.850000 0.000526
44.900000 0.000266
44.950000 0.000276
