-30.000000 -0.002755
-29.950000 -0.002446
-29.900000 -0.004884
-29.850000 -0.004252
-29.800000 -0.006358
-29.750000 -0.005390
-29.700000 -0.007154
-29.650000 -0.005845
-29.600000 -0.007267
-29.550000 -0.005627
-29.500000 -0.006726
-29.450000 -0.004783
-29.400000 -0.005600
-29.350000 -0.003404
-29.300000 -0.003999
-29.250000 -0.001623
-29.200000 -0.002078
-29.150000 0.000388
-29.100000 -0.000025
-29.050000 0.002428
-29.000000 0.001951
-28.950000 0.004285
-28.900000 0.003641
-28.850000 0.005760
-28.800000 0.004862
-28.750000 0.006689
-28.700000 0.005476
-28.650000 0.006968
-28.600000 0.005414
-28.550000 0.006564
-28.500000 0.004683
-28.450000 0.005523
-28.400000 0.003363
-28.350000 0.003958
-28.300000 0.001598
-28.250000 0.002037
-28.200000 -0.000425
-28.150000 -0.000036
-28.100000 -0.002493
-28.050000 -0.002050
-28.000000 -0.004398
-27.950000 -0.003801
-27.900000 -0.005950
-27.850000 -0.005119
-27.800000 -0.006998
-27.750000 -0.005874
-27.700000 -0.007438
-27.650000 -0.005990
-27.600000 -0.007223
-27.550000 -0.005449
-27.500000 -0.006364
-27.450000 -0.004294
-27.400000 -0.004933
-27.350000 -0.002621
-27.300000 -0.003053
-27.250000 -0.000580
-27.200000 -0.000897
-27.150000 0.001637
-27.100000 0.001330
-27.050000 0.003815
-27.000000 0.003406
-26.950000 0.005731
-26.900000 0.005115
-26.850000 0.007183
-26.800000 0.006273
-26.750000 0.008012
-26.700000 0.006751
-26.650000 0.008122
-26.600000 0.006492
-26.550000 0.007496
-26.500000 0.005518
-26.450000 0.006196
-26.400000 0.003927
-26.350000 0.004349
-26.300000 0.001875
-26.250000 0.002140
-26.200000 -0.000436
-26.150000 -0.000221
-26.100000 -0.002788
-26.050000 -0.002513
-26.000000 -0.004965
-25.950000 -0.004529
-25.900000 -0.006769
-25.850000 -0.006085
-25.800000 -0.008039
-25.750000 -0.007042
-25.700000 -0.008657
-25.650000 -0.007308
-25.600000 -0.008559
-25.550000 -0.006847
-25.500000 -0.007739
-25.450000 -0.005686
-25.400000 -0.006254
-25.350000 -0.003911
-25.300000 -0.004223
-25.250000 -0.001670
-25.200000 -0.001817
-25.150000 0.000843
-25.100000 0.000748
-25.050000 0.003398
-25.000000 0.003236
-24.950000 0.005755
-24.900000 0.005408
-24.850000 0.007686
-24.800000 0.007054
-24.750000 0.009001
-24.700000 0.008009
-24.650000 0.009568
-24.600000 0.008178
-24.550000 0.009331
-24.500000 0.007544
-24.450000 0.008311
-24.400000 0.006166
-24.350000 0.006603
-24.300000 0.004171
-24.250000 0.004363
-24.200000 0.001738
-24.150000 0.001785
-24.100000 -0.000925
-24.050000 -0.000910
-24.000000 -0.003594
-23.950000 -0.003502
-23.900000 -0.006052
-23.850000 -0.005778
-23.800000 -0.008095
-23.750000 -0.007550
-23.700000 -0.009552
-23.650000 -0.008663
-23.600000 -0.010290
-23.550000 -0.009009
-23.500000 -0.010228
-23.450000 -0.008539
-23.400000 -0.009349
-23.350000 -0.007268
-23.300000 -0.007705
-23.250000 -0.005285
-23.200000 -0.005418
-23.150000 -0.002744
-23.100000 -0.002673
-23.050000 0.000142
-23.000000 0.000296
-22.950000 0.003125
-22.900000 0.003233
-22.850000 0.005946
-22.800000 0.005880
-22.750000 0.008358
-22.700000 0.008009
-22.650000 0.010153
-22.600000 0.009436
-22.550000 0.011180
-22.500000 0.010046
-22.450000 0.011357
-22.400000 0.009791
-22.350000 0.010673
-22.300000 0.008697
-22.250000 0.009186
-22.200000 0.006852
-22.150000 0.007014
-22.100000 0.004397
-22.050000 0.004318
-22.000000 0.001514
-21.950000 0.001296
-21.900000 -0.001587
-21.850000 -0.001832
-21.800000 -0.004679
-21.750000 -0.004833
-21.700000 -0.007529
-21.650000 -0.007479
-21.600000 -0.009911
-21.550000 -0.009553
-21.500000 -0.011627
-21.450000 -0.010875
-21.400000 -0.012518
-21.350000 -0.011316
-21.300000 -0.012489
-21.250000 -0.010817
-21.200000 -0.011521
-21.150000 -0.009399
-21.100000 -0.009674
-21.050000 -0.007163
-21.000000 -0.007089
-20.950000 -0.004285
-20.900000 -0.003969
-20.850000 -0.000990
-20.800000 -0.000559
-20.750000 0.002464
-20.700000 0.002876
-20.650000 0.005812
-20.600000 0.006080
-20.550000 0.008807
-20.500000 0.008818
-20.450000 0.011235
-20.400000 0.010897
-20.350000 0.012925
-20.300000 0.012174
-20.250000 0.013760
-20.200000 0.012557
-20.150000 0.013678
-20.100000 0.012013
-20.050000 0.012673
-20.000000 0.010565
-19.950000 0.010797
-19.900000 0.008293
-19.850000 0.008159
-19.800000 0.005334
-19.750000 0.004921
-19.700000 0.001876
-19.650000 0.001295
-19.600000 -0.001850
-19.550000 -0.002469
-19.500000 -0.005579
-19.450000 -0.006099
-19.400000 -0.009037
-19.350000 -0.009323
-19.300000 -0.011959
-19.250000 -0.011892
-19.200000 -0.014119
-19.150000 -0.013605
-19.100000 -0.015348
-19.050000 -0.014333
-19.000000 -0.015555
-18.950000 -0.014021
-18.900000 -0.014727
-18.850000 -0.012698
-18.800000 -0.012927
-18.750000 -0.010459
-18.700000 -0.010283
-18.650000 -0.007459
-18.600000 -0.006971
-18.550000 -0.003893
-18.500000 -0.003203
-18.450000 0.000014
-18.400000 0.000788
-18.350000 0.004023
-18.300000 0.004760
-18.250000 0.007889
-18.200000 0.008466
-18.150000 0.011371
-18.100000 0.011671
-18.050000 0.014241
-18.000000 0.014162
-17.950000 0.016302
-17.900000 0.015759
-17.850000 0.017398
-17.800000 0.016336
-17.750000 0.017433
-17.700000 0.015828
-17.650000 0.016378
-17.600000 0.014242
-17.550000 0.014278
-17.500000 0.011664
-17.450000 0.011255
-17.400000 0.008250
-17.350000 0.007499
-17.300000 0.004217
-17.250000 0.003248
-17.200000 -0.000176
-17.150000 -0.001223
-17.100000 -0.004650
-17.050000 -0.005635
-17.000000 -0.008927
-16.950000 -0.009718
-16.900000 -0.012750
-16.850000 -0.013232
-16.800000 -0.015898
-16.750000 -0.015974
-16.700000 -0.018189
-16.650000 -0.017788
-16.600000 -0.019492
-16.550000 -0.018564
-16.500000 -0.019722
-16.450000 -0.018244
-16.400000 -0.018844
-16.350000 -0.016820
-16.300000 -0.016881
-16.250000 -0.014345
-16.200000 -0.013916
-16.150000 -0.010932
-16.100000 -0.010093
-16.050000 -0.006758
-16.000000 -0.005620
-15.950000 -0.002055
-15.900000 -0.000751
-15.850000 0.002902
-15.800000 0.004226
-15.750000 0.007818
-15.700000 0.009013
-15.650000 0.012399
-15.600000 0.013326
-15.550000 0.016374
-15.500000 0.016913
-15.450000 0.019517
-15.400000 0.019575
-15.350000 0.021655
-15.300000 0.021168
-15.250000 0.022678
-15.200000 0.021615
-15.150000 0.022538
-15.100000 0.020896
-15.050000 0.021243
-15.000000 0.019047
-14.950000 0.018856
-14.900000 0.016154
-14.850000 0.015483
-14.800000 0.012345
-14.750000 0.011272
-14.700000 0.007787
-14.650000 0.006412
-14.600000 0.002686
-14.550000 0.001125
-14.500000 -0.002718
-14.450000 -0.004335
-14.400000 -0.008157
-14.350000 -0.009688
-14.300000 -0.013344
-14.250000 -0.014645
-14.200000 -0.017994
-14.150000 -0.018926
-14.100000 -0.021838
-14.050000 -0.022284
-14.000000 -0.024653
-13.950000 -0.024520
-13.900000 -0.026273
-13.850000 -0.025509
-13.800000 -0.026610
-13.750000 -0.025197
-13.700000 -0.025649
-13.650000 -0.023607
-13.600000 -0.023445
-13.550000 -0.020825
-13.500000 -0.020114
-13.450000 -0.016991
-13.400000 -0.015815
-13.350000 -0.012281
-13.300000 -0.010741
-13.250000 -0.006904
-13.200000 -0.005110
-13.150000 -0.001086
-13.100000 0.000841
-13.050000 0.004928
-13.000000 0.006860
-12.950000 0.010881
-12.900000 0.012688
-12.850000 0.016513
-12.800000 0.018065
-12.750000 0.021564
-12.700000 0.022737
-12.650000 0.025793
-12.600000 0.026476
-12.550000 0.028988
-12.500000 0.029090
-12.450000 0.030979
-12.400000 0.030437
-12.350000 0.031656
-12.300000 0.030439
-12.250000 0.030973
-12.200000 0.029085
-12.150000 0.028955
-12.100000 0.026431
-12.050000 0.025688
-12.000000 0.022595
-11.950000 0.021316
-11.900000 0.017738
-11.850000 0.016018
-11.800000 0.012059
-11.750000 0.010006
-11.700000 0.005776
-11.650000 0.003503
-11.600000 -0.000881
-11.550000 -0.003256
-11.500000 -0.007674
-11.450000 -0.010028
-11.400000 -0.014356
-11.350000 -0.016563
-11.300000 -0.020673
-11.250000 -0.022604
-11.200000 -0.026368
-11.150000 -0.027898
-11.100000 -0.031194
-11.050000 -0.032206
-11.000000 -0.034924
-10.950000 -0.035318
-10.900000 -0.037371
-10.850000 -0.037074
-10.800000 -0.038406
-10.750000 -0.037378
-10.700000 -0.037965
-10.650000 -0.036201
-10.600000 -0.036057
-10.550000 -0.033588
-10.500000 -0.032759
-10.450000 -0.029646
-10.400000 -0.028206
-10.350000 -0.024533
-10.300000 -0.022576
-10.250000 -0.018445
-10.200000 -0.016078
-10.150000 -0.011602
-10.100000 -0.008939
-10.050000 -0.004232
-10.000000 -0.001390
-9.950000 0.003431
-9.900000 0.006334
-9.850000 0.011151
-9.800000 0.014000
-9.750000 0.018698
-9.700000 0.021374
-9.650000 0.025836
-9.600000 0.028225
-9.550000 0.032336
-9.500000 0.034325
-9.450000 0.037974
-9.400000 0.039458
-9.350000 0.042547
-9.300000 0.043433
-9.250000 0.045879
-9.200000 0.046098
-9.150000 0.047844
-9.100000 0.047350
-9.050000 0.048365
-9.000000 0.047143
-8.950000 0.047425
-8.900000 0.045485
-8.850000 0.045059
-8.800000 0.042436
-8.750000 0.041344
-8.700000 0.038090
-8.650000 0.036391
-8.600000 0.032568
-8.550000 0.030327
-8.500000 0.026007
-8.450000 0.023299
-8.400000 0.018556
-8.350000 0.015461
-8.300000 0.010382
-8.250000 0.006989
-8.200000 0.001667
-8.150000 -0.001923
-8.100000 -0.007381
-8.050000 -0.011057
-8.000000 -0.016533
-7.950000 -0.020170
-7.900000 -0.025536
-7.850000 -0.029004
-7.800000 -0.034127
-7.750000 -0.037291
-7.700000 -0.042040
-7.650000 -0.044774
-7.600000 -0.049027
-7.550000 -0.051217
-7.500000 -0.054869
-7.450000 -0.056421
-7.400000 -0.059392
-7.350000 -0.060238
-7.300000 -0.062471
-7.250000 -0.062568
-7.200000 -0.064035
-7.150000 -0.063367
-7.100000 -0.064061
-7.050000 -0.062630
-7.000000 -0.062562
-6.950000 -0.060385
-6.900000 -0.059578
-6.850000 -0.056684
-6.800000 -0.055170
-6.750000 -0.051596
-6.700000 -0.049418
-6.650000 -0.045211
-6.600000 -0.042421
-6.550000 -0.037640
-6.500000 -0.034306
-6.450000 -0.029027
-6.400000 -0.025231
-6.350000 -0.019546
-6.300000 -0.015388
-6.250000 -0.009402
-6.200000 -0.004993
-6.150000 0.001178
-6.100000 0.005719
-6.050000 0.011958
-6.000000 0.016517
-5.950000 0.022714
-5.900000 0.027185
-5.850000 0.033239
-5.800000 0.037531
-5.750000 0.043361
-5.700000 0.047399
-5.650000 0.052937
-5.600000 0.056662
-5.550000 0.061854
-5.500000 0.065218
-5.450000 0.070021
-5.400000 0.072984
-5.350000 0.077361
-5.300000 0.079884
-5.250000 0.083799
-5.200000 0.085847
-5.150000 0.089261
-5.100000 0.090798
-5.050000 0.093674
-5.000000 0.094662
-4.950000 0.096965
-4.900000 0.097371
-4.850000 0.099072
-4.800000 0.098870
-4.750000 0.099950
-4.700000 0.099128
-4.650000 0.099580
-4.600000 0.098138
-4.550000 0.097970
-4.500000 0.095924
-4.450000 0.095155
-4.400000 0.092527
-4.350000 0.091182
-4.300000 0.087998
-4.250000 0.086103
-4.200000 0.082386
-4.150000 0.079961
-4.100000 0.075727
-4.050000 0.072784
-4.000000 0.068041
-3.950000 0.064584
-3.900000 0.059334
-3.850000 0.055365
-3.800000 0.049610
-3.750000 0.045132
-3.700000 0.038879
-3.650000 0.033903
-3.600000 0.027169
-3.550000 0.021720
-3.500000 0.014536
-3.450000 0.008651
-3.400000 0.001060
-3.350000 -0.005214
-3.300000 -0.013159
-3.250000 -0.019765
-3.200000 -0.028008
-3.150000 -0.034888
-3.100000 -0.043370
-3.050000 -0.050468
-3.000000 -0.059135
-2.950000 -0.066398
-2.900000 -0.075199
-2.850000 -0.082579
-2.800000 -0.091468
-2.750000 -0.098918
-2.700000 -0.107848
-2.650000 -0.115323
-2.600000 -0.124244
-2.550000 -0.131687
-2.500000 -0.140541
-2.450000 -0.147889
-2.400000 -0.156603
-2.350000 -0.163778
-2.300000 -0.172270
-2.250000 -0.179182
-2.200000 -0.187358
-2.150000 -0.193912
-2.100000 -0.201674
-2.050000 -0.207773
-2.000000 -0.215030
-1.950000 -0.220589
-1.900000 -0.227262
-1.850000 -0.232209
-1.800000 -0.238235
-1.750000 -0.242519
-1.700000 -0.247856
-1.650000 -0.251441
-1.600000 -0.256062
-1.550000 -0.258929
-1.500000 -0.262818
-1.450000 -0.264953
-1.400000 -0.268099
-1.350000 -0.269493
-1.300000 -0.271886
-1.250000 -0.272528
-1.200000 -0.274160
-1.150000 -0.274043
-1.100000 -0.274908
-1.050000 -0.274031
-1.000000 -0.274131
-0.950000 -0.272502
-0.900000 -0.271854
-0.850000 -0.269498
-0.800000 -0.268137
-0.750000 -0.265097
-0.700000 -0.263075
-0.650000 -0.259414
-0.600000 -0.256802
-0.550000 -0.252597
-0.500000 -0.249476
-0.450000 -0.244813
-0.400000 -0.241272
-0.350000 -0.236239
-0.300000 -0.232364
-0.250000 -0.227044
-0.200000 -0.222914
-0.150000 -0.217379
-0.100000 -0.213058
-0.050000 -0.207367
0.000000 -0.202909
0.050000 -0.197108
0.100000 -0.192552
0.150000 -0.186678
0.200000 -0.182060
0.250000 -0.176146
0.300000 -0.171501
0.350000 -0.165585
0.400000 -0.160953
0.450000 -0.155079
0.500000 -0.150506
0.550000 -0.144724
0.600000 -0.140263
0.650000 -0.134624
0.700000 -0.130326
0.750000 -0.124879
0.800000 -0.120787
0.850000 -0.115570
0.900000 -0.111714
0.950000 -0.106748
1.000000 -0.103142
1.050000 -0.098432
1.100000 -0.095072
1.150000 -0.090610
1.200000 -0.087483
1.250000 -0.083250
1.300000 -0.080336
1.350000 -0.076312
1.400000 -0.073592
1.450000 -0.069762
1.500000 -0.067225
1.550000 -0.063581
1.600000 -0.061224
1.650000 -0.057767
1.700000 -0.055597
1.750000 -0.052338
1.800000 -0.050365
1.850000 -0.047317
1.900000 -0.045554
1.950000 -0.042727
2.000000 -0.041184
2.050000 -0.038584
2.100000 -0.037261
2.150000 -0.034882
2.200000 -0.033768
2.250000 -0.031596
2.300000 -0.030671
2.350000 -0.028681
2.400000 -0.027918
2.450000 -0.026081
2.500000 -0.025452
2.550000 -0.023743
2.600000 -0.023225
2.650000 -0.021628
2.700000 -0.021213
2.750000 -0.019725
2.800000 -0.019418
2.850000 -0.018054
2.900000 -0.017877
2.950000 -0.016663
3.000000 -0.016649
3.050000 -0.015623
3.100000 -0.015808
3.150000 -0.015008
3.200000 -0.015433
3.250000 -0.014896
3.300000 -0.015595
3.350000 -0.015355
3.400000 -0.016362
3.450000 -0.016455
3.500000 -0.017808
3.550000 -0.018277
3.600000 -0.020029
3.650000 -0.020937
3.700000 -0.023166
3.750000 -0.024609
3.800000 -0.027430
3.850000 -0.029548
3.900000 -0.033128
3.950000 -0.036116
4.000000 -0.040683
4.050000 -0.044804
4.100000 -0.050658
4.150000 -0.056254
4.200000 -0.063781
4.250000 -0.071286
4.300000 -0.080974
4.350000 -0.090932
4.400000 -0.103387
4.450000 -0.116473
4.500000 -0.132446
4.550000 -0.149496
4.600000 -0.169913
4.650000 -0.191955
4.700000 -0.217955
4.750000 -0.246245
4.800000 -0.279212
4.850000 -0.315265
4.900000 -0.356853
4.950000 -0.402464
5.000000 -0.454598
5.050000 -0.511814
5.100000 -0.576646
5.150000 -0.647689
5.200000 -0.727464
5.250000 -0.814542
5.300000 -0.911352
5.350000 -1.016336
5.400000 -1.131702
5.450000 -1.255615
5.500000 -1.389885
5.550000 -1.532204
5.600000 -1.683775
5.650000 -1.841600
5.700000 -2.006075
5.750000 -2.173339
5.800000 -2.342862
5.850000 -2.509883
5.900000 -2.673019
5.950000 -2.826815
6.000000 -2.969385
6.050000 -3.095087
6.100000 -3.202175
6.150000 -3.285564
6.200000 -3.344444
6.250000 -3.375059
6.300000 -3.378212
6.350000 -3.351988
6.400000 -3.299086
6.450000 -3.219450
6.500000 -3.117433
6.550000 -2.994366
6.600000 -2.855597
6.650000 -2.703084
6.700000 -2.542375
6.750000 -2.375296
6.800000 -2.206938
6.850000 -2.038470
6.900000 -1.874149
6.950000 -1.714257
7.000000 -1.562128
7.050000 -1.417183
7.100000 -1.281935
7.150000 -1.155108
7.200000 -1.038596
7.250000 -0.930636
7.300000 -0.832711
7.350000 -0.742766
7.400000 -0.662051
7.450000 -0.588368
7.500000 -0.522861
7.550000 -0.463297
7.600000 -0.410793
7.650000 -0.363142
7.700000 -0.321483
7.750000 -0.283669
7.800000 -0.250884
7.850000 -0.221056
7.900000 -0.195420
7.950000 -0.171983
8.000000 -0.152034
8.050000 -0.133653
8.100000 -0.118178
8.150000 -0.103761
8.200000 -0.091780
8.250000 -0.080450
8.300000 -0.071185
8.350000 -0.062256
8.400000 -0.055102
8.450000 -0.048043
8.500000 -0.042537
8.550000 -0.036944
8.600000 -0.032736
8.650000 -0.028304
8.700000 -0.025125
8.750000 -0.021620
8.800000 -0.019265
8.850000 -0.016502
8.900000 -0.014805
8.950000 -0.012635
9.000000 -0.011458
9.050000 -0.009752
9.100000 -0.008976
9.150000 -0.007623
9.200000 -0.007143
9.250000 -0.006045
9.300000 -0.005769
9.350000 -0.004842
9.400000 -0.004697
9.450000 -0.003876
9.500000 -0.003806
9.550000 -0.003047
9.600000 -0.003017
9.650000 -0.002296
9.700000 -0.002294
9.750000 -0.001608
9.800000 -0.001639
9.850000 -0.000999
9.900000 -0.001078
9.950000 -0.000502
10.000000 -0.000647
10.050000 -0.000152
10.100000 -0.000376
10.150000 0.000033
10.200000 -0.000270
10.250000 0.000059
10.300000 -0.000308
10.350000 -0.000036
10.400000 -0.000440
10.450000 -0.000195
10.500000 -0.000602
10.550000 -0.000351
10.600000 -0.000731
10.650000 -0.000446
10.700000 -0.000775
10.750000 -0.000440
10.800000 -0.000711
10.850000 -0.000326
10.900000 -0.000546
10.950000 -0.000125
11.000000 -0.000312
11.050000 0.000122
11.100000 -0.000059
11.150000 0.000360
11.200000 0.000156
11.250000 0.000535
11.300000 0.000287
11.350000 0.000608
11.400000 0.000305
11.450000 0.000562
11.500000 0.000205
11.550000 0.000408
11.600000 0.000012
11.650000 0.000181
11.700000 -0.000228
11.750000 -0.000063
11.800000 -0.000455
11.850000 -0.000266
11.900000 -0.000613
11.950000 -0.000375
12.000000 -0.000659
12.050000 -0.000361
12.100000 -0.000578
12.150000 -0.000224
12.200000 -0.000387
12.250000 0.000004
12.300000 -0.000129
12.350000 0.000267
12.400000 0.000130
12.450000 0.000500
12.500000 0.000327
12.550000 0.000642
12.600000 0.000412
12.650000 0.000658
12.700000 0.000364
12.750000 0.000542
12.800000 0.000195
12.850000 0.000324
12.900000 -0.000051
12.950000 0.000057
13.000000 -0.000315
13.050000 -0.000195
13.100000 -0.000532
13.150000 -0.000371
13.200000 -0.000651
13.250000 -0.000432
13.300000 -0.000644
13.350000 -0.000364
13.400000 -0.000513
13.450000 -0.000185
13.500000 -0.000288
13.550000 0.000066
13.600000 -0.000019
13.650000 0.000330
13.700000 0.000232
13.750000 0.000546
13.800000 0.000408
13.850000 0.000664
13.900000 0.000466
13.950000 0.000652
14.000000 0.000391
14.050000 0.000510
14.100000 0.000197
14.150000 0.000268
14.200000 -0.000072
14.250000 -0.000020
14.300000 -0.000354
14.350000 -0.000286
14.400000 -0.000581
14.450000 -0.000465
14.500000 -0.000694
14.550000 -0.000513
14.600000 -0.000666
14.650000 -0.000416
14.700000 -0.000499
14.750000 -0.000196
14.800000 -0.000232
14.850000 0.000094
14.900000 0.000072
14.950000 0.000385
15.000000 0.000339
15.050000 0.000606
15.100000 0.000508
15.150000 0.000704
15.200000 0.000538
15.250000 0.000658
15.300000 0.000425
15.350000 0.000477
15.400000 0.000196
15.450000 0.000206
15.500000 -0.000096
15.550000 -0.000096
15.600000 -0.000383
15.650000 -0.000360
15.700000 -0.000601
15.750000 -0.000528
15.800000 -0.000703
15.850000 -0.000564
15.900000 -0.000663
15.950000 -0.000458
16.000000 -0.000489
16.050000 -0.000232
16.100000 -0.000216
16.150000 0.000065
16.200000 0.000097
16.250000 0.000368
16.300000 0.000381
16.350000 0.000609
16.400000 0.000570
16.450000 0.000728
16.500000 0.000620
16.550000 0.000696
16.600000 0.000514
16.650000 0.000515
16.700000 0.000275
16.750000 0.000223
16.800000 -0.000045
16.850000 -0.000113
16.900000 -0.000370
16.950000 -0.000416
17.000000 -0.000625
17.050000 -0.000616
17.100000 -0.000750
17.150000 -0.000665
17.200000 -0.000713
17.250000 -0.000553
17.300000 -0.000524
17.350000 -0.000305
17.400000 -0.000225
17.450000 0.000020
17.500000 0.000116
17.550000 0.000350
17.600000 0.000423
17.650000 0.000610
17.700000 0.000629
17.750000 0.000744
17.800000 0.000691
17.850000 0.000722
17.900000 0.000596
17.950000 0.000551
18.000000 0.000365
18.050000 0.000265
18.100000 0.000047
18.150000 -0.000076
18.200000 -0.000291
18.250000 -0.000400
18.300000 -0.000576
18.350000 -0.000639
18.400000 -0.000747
18.450000 -0.000739
18.500000 -0.000762
18.550000 -0.000676
18.600000 -0.000615
18.650000 -0.000458
18.700000 -0.000331
18.750000 -0.000131
18.800000 0.000029
18.850000 0.000235
18.900000 0.000388
18.950000 0.000559
19.000000 0.000666
19.050000 0.000765
19.100000 0.000797
19.150000 0.000806
19.200000 0.000752
19.250000 0.000669
19.300000 0.000539
19.350000 0.000384
19.400000 0.000205
19.450000 0.000013
19.500000 -0.000175
19.550000 -0.000363
19.600000 -0.000517
19.650000 -0.000662
19.700000 -0.000748
19.750000 -0.000820
19.800000 -0.000818
19.850000 -0.000805
19.900000 -0.000712
19.950000 -0.000622
20.000000 -0.000453
20.050000 -0.000310
20.100000 -0.000096
20.150000 0.000066
20.200000 0.000286
20.250000 0.000427
20.300000 0.000616
20.350000 0.000700
20.400000 0.000825
20.450000 0.000828
20.500000 0.000871
20.550000 0.000781
20.600000 0.000741
20.650000 0.000565
20.700000 0.000458
20.750000 0.000221
20.800000 0.000078
20.850000 -0.000184
20.900000 -0.000322
20.950000 -0.000566
21.000000 -0.000657
21.050000 -0.000842
21.100000 -0.000852
21.150000 -0.000951
21.200000 -0.000860
21.250000 -0.000866
21.300000 -0.000677
21.350000 -0.000602
21.400000 -0.000338
21.450000 -0.000215
21.500000 0.000084
21.550000 0.000213
21.600000 0.000502
21.650000 0.000589
21.700000 0.000824
21.750000 0.000834
21.800000 0.000986
21.850000 0.000896
21.900000 0.000954
21.950000 0.000763
22.000000 0.000736
22.050000 0.000464
22.100000 0.000378
22.150000 0.000059
22.200000 -0.000045
22.250000 -0.000371
22.300000 -0.000451
22.350000 -0.000740
22.400000 -0.000757
22.450000 -0.000976
22.500000 -0.000904
22.550000 -0.001033
22.600000 -0.000859
22.650000 -0.000897
22.700000 -0.000630
22.750000 -0.000592
22.800000 -0.000257
22.850000 -0.000176
22.900000 0.000190
22.950000 0.000270
23.000000 0.000622
23.050000 0.000658
23.100000 0.000953
23.150000 0.000906
23.200000 0.001112
23.250000 0.000959
23.300000 0.001063
23.350000 0.000801
23.400000 0.000810
23.450000 0.000459
23.500000 0.000404
23.550000 0.000000
23.600000 -0.000075
23.650000 -0.000481
23.700000 -0.000526
23.750000 -0.000886
23.800000 -0.000855
23.850000 -0.001131
23.900000 -0.000996
23.950000 -0.001168
24.000000 -0.000920
24.050000 -0.000991
24.100000 -0.000643
24.150000 -0.000637
24.200000 -0.000221
24.250000 -0.000176
24.300000 0.000264
24.350000 0.000301
24.400000 0.000718
24.450000 0.000704
24.500000 0.001057
24.550000 0.000954
24.600000 0.001215
24.650000 0.001005
24.700000 0.001163
24.750000 0.000844
24.800000 0.000908
24.850000 0.000498
24.900000 0.000496
24.950000 0.000030
25.000000 0.000001
25.050000 -0.000475
25.100000 -0.000483
25.150000 -0.000922
25.200000 -0.000861
25.250000 -0.001221
25.300000 -0.001058
25.350000 -0.001312
25.400000 -0.001030
25.450000 -0.001172
25.500000 -0.000775
25.550000 -0.000822
25.600000 -0.000339
25.650000 -0.000329
25.700000 0.000195
25.750000 0.000212
25.800000 0.000723
25.850000 0.000692
25.900000 0.001140
25.950000 0.001017
26.000000 0.001364
26.050000 0.001121
26.100000 0.001351
26.150000 0.000985
26.200000 0.001106
26.250000 0.000636
26.300000 0.000677
26.350000 0.000140
26.400000 0.000147
26.450000 -0.000408
26.500000 -0.000386
26.550000 -0.000908
26.600000 -0.000824
26.650000 -0.001271
26.700000 -0.001087
26.750000 -0.001431
26.800000 -0.001128
26.850000 -0.001358
26.900000 -0.000936
26.950000 -0.001063
27.000000 -0.000542
27.050000 -0.000595
27.100000 -0.000013
27.150000 -0.000036
27.200000 0.000557
27.250000 0.000512
27.300000 0.001066
27.350000 0.000949
27.400000 0.001417
27.450000 0.001189
27.500000 0.001541
27.550000 0.001182
27.600000 0.001410
27.650000 0.000923
27.700000 0.001042
27.750000 0.000455
27.800000 0.000503
27.850000 -0.000137
27.900000 -0.000107
27.950000 -0.000743
28.000000 -0.000672
28.050000 -0.001248
28.100000 -0.001086
28.150000 -0.001558
28.200000 -0.001269
28.250000 -0.001614
28.300000 -0.001188
28.350000 -0.001408
28.400000 -0.000859
28.450000 -0.000979
28.500000 -0.000343
28.550000 -0.000406
28.600000 0.000268
28.650000 0.000208
28.700000 0.000866
28.750000 0.000756
28.800000 0.001348
28.850000 0.001143
28.900000 0.001632
28.950000 0.001303
29.000000 0.001667
29.050000 0.001204
29.100000 0.001445
29.150000 0.000860
29.200000 0.001000
29.250000 0.000324
29.300000 0.000403
29.350000 -0.000315
29.400000 -0.000243
29.450000 -0.000948
29.500000 -0.000827
29.550000 -0.001462
29.600000 -0.001240
29.650000 -0.001762
29.700000 -0.001404
29.750000 -0.001788
29.800000 -0.001283
29.850000 -0.001531
29.900000 -0.000893
29.950000 -0.001033
30.000000 -0.000301
30.050000 -0.000380
30.100000 0.000390
30.150000 0.000310
30.200000 0.001055
30.250000 0.000914
30.300000 0.001577
30.350000 0.001323
30.400000 0.001863
30.450000 0.001466
30.500000 0.001864
30.550000 0.001318
30.600000 0.001582
30.650000 0.000907
30.700000 0.001067
30.750000 0.000303
30.800000 0.000407
30.850000 -0.000392
30.900000 -0.000288
30.950000 -0.001065
31.000000 -0.000903
31.050000 -0.001604
31.100000 -0.001338
31.150000 -0.001922
31.200000 -0.001518
31.250000 -0.001964
31.300000 -0.001410
31.350000 -0.001716
31.400000 -0.001025
31.450000 -0.001214
31.500000 -0.000419
31.550000 -0.000535
31.600000 0.000312
31.650000 0.000210
31.700000 0.001047
31.750000 0.000897
31.800000 0.001661
31.850000 0.001403
31.900000 0.002043
31.950000 0.001637
32.000000 0.002124
32.050000 0.001553
32.100000 0.001885
32.150000 0.001162
32.200000 0.001365
32.250000 0.000528
32.300000 0.000651
32.350000 -0.000242
32.400000 -0.000135
32.450000 -0.001018
32.500000 -0.000862
32.550000 -0.001671
32.600000 -0.001407
32.650000 -0.002093
32.700000 -0.001682
32.750000 -0.002218
32.800000 -0.001645
32.850000 -0.002026
32.900000 -0.001300
32.950000 -0.001550
33.000000 -0.000704
33.050000 -0.000864
33.100000 0.000051
33.150000 -0.000075
33.200000 0.000849
33.250000 0.000695
33.300000 0.001567
33.350000 0.001326
33.400000 0.002092
33.450000 0.001716
33.500000 0.002337
33.550000 0.001797
33.600000 0.002256
33.650000 0.001548
33.700000 0.001853
33.750000 0.000999
33.800000 0.001185
33.850000 0.000232
33.900000 0.000354
33.950000 -0.000635
34.000000 -0.000506
34.050000 -0.001459
34.100000 -0.001253
34.150000 -0.002103
34.200000 -0.001762
34.250000 -0.002460
34.300000 -0.001946
34.350000 -0.002469
34.400000 -0.001773
34.450000 -0.002128
34.500000 -0.001272
34.550000 -0.001494
34.600000 -0.000523
34.650000 -0.000666
34.700000 0.000356
34.750000 0.000223
34.800000 0.001228
34.850000 0.001037
34.900000 0.001960
34.950000 0.001654
35.000000 0.002443
35.050000 0.001979
35.100000 0.002604
35.150000 0.001964
35.200000 0.002419
35.250000 0.001608
35.300000 0.001910
35.350000 0.000959
35.400000 0.001150
35.450000 0.000109
35.500000 0.000246
35.550000 -0.000822
35.600000 -0.000669
35.650000 -0.001693
35.700000 -0.001457
35.750000 -0.002372
35.800000 -0.001993
35.850000 -0.002748
35.900000 -0.002188
35.950000 -0.002756
36.000000 -0.002001
36.050000 -0.002386
36.100000 -0.001454
36.150000 -0.001688
36.200000 -0.000625
36.250000 -0.000766
36.300000 0.000359
36.350000 0.000235
36.400000 0.001345
36.450000 0.001162
36.500000 0.002182
36.550000 0.001871
36.600000 0.002742
36.650000 0.002257
36.700000 0.002944
36.750000 0.002263
36.800000 0.002760
36.850000 0.001890
36.900000 0.002219
36.950000 0.001194
37.000000 0.001400
37.050000 0.000275
37.100000 0.000418
37.150000 -0.000740
37.200000 -0.000589
37.250000 -0.001709
37.300000 -0.001479
37.350000 -0.002495
37.400000 -0.002126
37.450000 -0.002984
37.500000 -0.002434
37.550000 -0.003102
37.600000 -0.002350
37.650000 -0.002822
37.700000 -0.001876
37.750000 -0.002175
37.800000 -0.001071
37.850000 -0.001245
37.900000 -0.000043
37.950000 -0.000162
38.000000 0.001062
38.050000 0.000918
38.100000 0.002081
38.150000 0.001834
38.200000 0.002864
38.250000 0.002447
38.300000 0.003289
38.350000 0.002662
38.400000 0.003291
38.450000 0.002445
38.500000 0.002868
38.550000 0.001827
38.600000 0.002082
38.650000 0.000895
38.700000 0.001045
38.750000 -0.000215
38.800000 -0.000094
38.850000 -0.001349
38.900000 -0.001178
38.950000 -0.002351
39.000000 -0.002059
39.050000 -0.003087
39.100000 -0.002620
39.150000 -0.003459
39.200000 -0.002784
39.250000 -0.003414
39.300000 -0.002527
39.350000 -0.002955
39.400000 -0.001874
39.450000 -0.002135
39.500000 -0.000906
39.550000 -0.001055
39.600000 0.000256
39.650000 0.000145
39.700000 0.001458
39.750000 0.001302
39.800000 0.002536
39.850000 0.002257
39.900000 0.003338
39.950000 0.002871
40.000000 0.003744
40.050000 0.003049
40.100000 0.003691
40.150000 0.002759
40.200000 0.003178
40.250000 0.002033
40.300000 0.002270
40.350000 0.000969
40.400000 0.001091
40.450000 -0.000289
40.500000 -0.000198
40.550000 -0.001569
40.600000 -0.001420
40.650000 -0.002696
40.700000 -0.002409
40.750000 -0.003521
40.800000 -0.003037
40.850000 -0.003936
40.900000 -0.003222
40.950000 -0.003890
41.000000 -0.002941
41.050000 -0.003390
41.100000 -0.002232
41.150000 -0.002498
41.200000 -0.001180
41.250000 -0.001324
41.300000 0.000086
41.350000 -0.000010
41.400000 0.001412
41.450000 0.001282
41.500000 0.002633
41.550000 0.002387
41.600000 0.003592
41.650000 0.003161
41.700000 0.004159
41.750000 0.003494
41.800000 0.004248
41.850000 0.003329
41.900000 0.003837
41.950000 0.002676
42.000000 0.002966
42.050000 0.001610
42.100000 0.001744
42.150000 0.000265
42.200000 0.000326
42.250000 -0.001184
42.300000 -0.001101
42.350000 -0.002547
42.400000 -0.002351
42.450000 -0.003647
42.500000 -0.003260
42.550000 -0.004341
42.600000 -0.003713
42.650000 -0.004543
42.700000 -0.003653
42.750000 -0.004229
42.800000 -0.003089
42.850000 -0.003438
42.900000 -0.002091
42.950000 -0.002269
43.000000 -0.000780
43.050000 -0.000861
43.100000 0.000689
43.150000 0.000620
43.200000 0.002143
43.250000 0.002001
43.300000 0.003413
43.350000 0.003116
43.400000 0.004344
43.450000 0.003827
43.500000 0.004817
43.550000 0.004039
43.600000 0.004761
43.650000 0.003707
43.700000 0.004164
43.750000 0.002852
43.800000 0.003077
43.850000 0.001557
43.900000 0.001614
43.950000 -0.000038
44.000000 -0.000062
44.050000 -0.001753
44.100000 -0.001761
44.150000 -0.003390
44.200000 -0.003286
44.250000 -0.004766
44.300000 -0.004470
44.350000 -0.005732
44.400000 -0.005189
44.450000 -0.006193
44.500000 -0.005381
44.550000 -0.006122
44.600000 -0.005047
44.650000 -0.005546
44.700000 -0.004245
44.750000 -0.004545
44.800000 -0.003067
44.850000 -0.003222
44.900000 -0.001620
44.950000 -0.001682
