-30.000000 0.002593
-29.950000 0.002199
-29.900000 0.004398
-29.850000 0.003611
-29.800000 0.005419
-29.750000 0.004248
-29.700000 0.005682
-29.650000 0.004153
-29.600000 0.005248
-29.550000 0.003406
-29.500000 0.004219
-29.450000 0.002132
-29.400000 0.002742
-29.350000 0.000500
-29.300000 0.001005
-29.250000 -0.001288
-29.200000 -0.000780
-29.150000 -0.003014
-29.100000 -0.002393
-29.050000 -0.004466
-29.000000 -0.003640
-28.950000 -0.005468
-28.900000 -0.004368
-28.850000 -0.005900
-28.800000 -0.004491
-28.750000 -0.005712
-28.700000 -0.003999
-28.650000 -0.004930
-28.600000 -0.002953
-28.550000 -0.003649
-28.500000 -0.001475
-28.450000 -0.002016
-28.400000 0.000266
-28.350000 -0.000215
-28.300000 0.002077
-28.250000 0.001557
-28.200000 0.003762
-28.150000 0.003109
-28.100000 0.005138
-28.050000 0.004272
-28.000000 0.006054
-27.950000 0.004915
-27.900000 0.006405
-27.850000 0.004961
-27.800000 0.006141
-27.750000 0.004391
-27.700000 0.005276
-27.650000 0.003251
-27.600000 0.003888
-27.550000 0.001651
-27.500000 0.002116
-27.450000 -0.000244
-27.400000 0.000149
-27.350000 -0.002230
-27.300000 -0.001800
-27.250000 -0.004085
-27.200000 -0.003510
-27.150000 -0.005599
-27.100000 -0.004784
-27.050000 -0.006596
-27.000000 -0.005476
-26.950000 -0.006963
-26.900000 -0.005507
-26.850000 -0.006655
-26.800000 -0.004871
-26.750000 -0.005708
-26.700000 -0.003639
-26.650000 -0.004224
-26.600000 -0.001942
-26.550000 -0.002357
-26.500000 0.000045
-26.450000 -0.000300
-26.400000 0.002120
-26.350000 0.001742
-26.300000 0.004077
-26.250000 0.003566
-26.200000 0.005721
-26.150000 0.004989
-26.100000 0.006885
-26.050000 0.005863
-26.000000 0.007443
-25.950000 0.006088
-25.900000 0.007325
-25.850000 0.005626
-25.800000 0.006526
-25.750000 0.004506
-25.700000 0.005109
-25.650000 0.002826
-25.600000 0.003205
-25.550000 0.000747
-25.500000 0.001003
-25.450000 -0.001521
-25.400000 -0.001274
-25.350000 -0.003746
-25.300000 -0.003389
-25.250000 -0.005694
-25.200000 -0.005120
-25.150000 -0.007160
-25.100000 -0.006284
-25.050000 -0.007992
-25.000000 -0.006762
-24.950000 -0.008104
-24.900000 -0.006506
-24.850000 -0.007485
-24.800000 -0.005542
-24.750000 -0.006198
-24.700000 -0.003964
-24.650000 -0.004367
-24.600000 -0.001923
-24.550000 -0.002162
-24.500000 0.000394
-24.450000 0.000214
-24.400000 0.002774
-24.350000 0.002546
-24.300000 0.005002
-24.250000 0.004618
-24.200000 0.006869
-24.150000 0.006235
-24.100000 0.008192
-24.050000 0.007232
-24.000000 0.008835
-23.950000 0.007500
-23.900000 0.008716
-23.850000 0.006993
-23.800000 0.007827
-23.750000 0.005741
-23.700000 0.006236
-23.650000 0.003849
-23.600000 0.004085
-23.550000 0.001490
-23.500000 0.001574
-23.450000 -0.001113
-23.400000 -0.001060
-23.350000 -0.003713
-23.300000 -0.003564
-23.250000 -0.006062
-23.200000 -0.005704
-23.150000 -0.007942
-23.100000 -0.007282
-23.050000 -0.009180
-23.000000 -0.008154
-22.950000 -0.009665
-22.900000 -0.008243
-22.850000 -0.009355
-22.800000 -0.007540
-22.750000 -0.008272
-22.700000 -0.006102
-22.650000 -0.006506
-22.600000 -0.004045
-22.550000 -0.004199
-22.500000 -0.001536
-22.450000 -0.001538
-22.400000 0.001220
-22.350000 0.001256
-22.300000 0.003991
-22.250000 0.003945
-22.200000 0.006537
-22.150000 0.006291
-22.100000 0.008627
-22.050000 0.008077
-22.000000 0.010064
-21.950000 0.009130
-21.900000 0.010704
-21.850000 0.009340
-21.800000 0.010474
-21.750000 0.008674
-21.700000 0.009383
-21.650000 0.007181
-21.600000 0.007519
-21.550000 0.004989
-21.500000 0.005044
-21.450000 0.002285
-21.400000 0.002168
-21.350000 -0.000700
-21.300000 -0.000866
-21.250000 -0.003718
-21.200000 -0.003808
-21.150000 -0.006523
-21.100000 -0.006420
-21.050000 -0.008888
-21.000000 -0.008491
-20.950000 -0.010623
-20.900000 -0.009855
-20.850000 -0.011584
-20.800000 -0.010394
-20.750000 -0.011684
-20.700000 -0.010050
-20.650000 -0.010897
-20.600000 -0.008833
-20.550000 -0.009267
-20.500000 -0.006818
-20.450000 -0.006901
-20.400000 -0.004148
-20.350000 -0.003976
-20.300000 -0.001025
-20.250000 -0.000716
-20.200000 0.002304
-20.150000 0.002617
-20.100000 0.005569
-20.050000 0.005749
-20.000000 0.008500
-19.950000 0.008418
-19.900000 0.010851
-19.850000 0.010404
-19.800000 0.012430
-19.750000 0.011546
-19.700000 0.013109
-19.650000 0.011752
-19.600000 0.012836
-19.550000 0.011009
-19.500000 0.011635
-19.450000 0.009374
-19.400000 0.009594
-19.350000 0.006965
-19.300000 0.006859
-19.250000 0.003953
-19.200000 0.003620
-19.150000 0.000545
-19.100000 0.000100
-19.050000 -0.003023
-19.000000 -0.003454
-18.950000 -0.006498
-18.900000 -0.006788
-18.850000 -0.009626
-18.800000 -0.009652
-18.750000 -0.012167
-18.700000 -0.011821
-18.650000 -0.013915
-18.600000 -0.013113
-18.550000 -0.014718
-18.500000 -0.013409
-18.450000 -0.014494
-18.400000 -0.012667
-18.350000 -0.013242
-18.300000 -0.010927
-18.250000 -0.011042
-18.200000 -0.008309
-18.150000 -0.008051
-18.100000 -0.005002
-18.050000 -0.004486
-18.000000 -0.001245
-17.950000 -0.000603
-17.900000 0.002693
-17.850000 0.003324
-17.800000 0.006539
-17.750000 0.007027
-17.700000 0.010032
-17.650000 0.010257
-17.600000 0.012943
-17.550000 0.012803
-17.500000 0.015080
-17.450000 0.014497
-17.400000 0.016298
-17.350000 0.015218
-17.300000 0.016503
-17.250000 0.014901
-17.200000 0.015659
-17.150000 0.013540
-17.100000 0.013794
-17.050000 0.011197
-17.000000 0.011003
-16.950000 0.008000
-16.900000 0.007447
-16.850000 0.004145
-16.800000 0.003351
-16.750000 -0.000121
-16.700000 -0.001016
-16.650000 -0.004511
-16.600000 -0.005357
-16.550000 -0.008727
-16.500000 -0.009378
-16.450000 -0.012483
-16.400000 -0.012808
-16.350000 -0.015527
-16.300000 -0.015420
-16.250000 -0.017662
-16.200000 -0.017047
-16.150000 -0.018751
-16.100000 -0.017585
-16.050000 -0.018726
-16.000000 -0.017000
-15.950000 -0.017586
-15.900000 -0.015323
-15.850000 -0.015391
-15.800000 -0.012643
-15.750000 -0.012259
-15.700000 -0.009104
-15.650000 -0.008358
-15.600000 -0.004899
-15.550000 -0.003903
-15.500000 -0.000260
-15.450000 0.000856
-15.400000 0.004546
-15.350000 0.005641
-15.300000 0.009235
-15.250000 0.010165
-15.200000 0.013518
-15.150000 0.014144
-15.100000 0.017126
-15.050000 0.017325
-15.000000 0.019825
-14.950000 0.019501
-14.900000 0.021440
-14.850000 0.020534
-14.800000 0.021869
-14.750000 0.020356
-14.700000 0.021084
-14.650000 0.018978
-14.600000 0.019129
-14.550000 0.016476
-14.500000 0.016112
-14.450000 0.012989
-14.400000 0.012195
-14.350000 0.008696
-14.300000 0.007577
-14.250000 0.003815
-14.200000 0.002490
-14.150000 -0.001411
-14.100000 -0.002813
-14.050000 -0.006719
-14.000000 -0.008060
-13.950000 -0.011832
-13.900000 -0.012975
-13.850000 -0.016476
-13.800000 -0.017285
-13.750000 -0.020386
-13.700000 -0.020740
-13.650000 -0.023328
-13.600000 -0.023127
-13.550000 -0.025116
-13.500000 -0.024288
-13.450000 -0.025624
-13.400000 -0.024136
-13.350000 -0.024806
-13.300000 -0.022663
-13.250000 -0.022693
-13.200000 -0.019940
-13.150000 -0.019391
-13.100000 -0.016108
-13.050000 -0.015074
-13.000000 -0.011367
-12.950000 -0.009965
-12.900000 -0.005957
-12.850000 -0.004316
-12.800000 -0.000141
-12.750000 0.001603
-12.700000 0.005810
-12.650000 0.007522
-12.600000 0.011627
-12.550000 0.013176
-12.500000 0.017050
-12.450000 0.018311
-12.400000 0.021832
-12.350000 0.022687
-12.300000 0.025743
-12.250000 0.026088
-12.200000 0.028585
-12.150000 0.028334
-12.100000 0.030196
-12.050000 0.029288
-12.000000 0.030471
-11.950000 0.028878
-11.900000 0.029369
-11.850000 0.027096
-11.800000 0.026918
-11.750000 0.024006
-11.700000 0.023217
-11.650000 0.019739
-11.600000 0.018427
-11.550000 0.014481
-11.500000 0.012755
-11.450000 0.008462
-11.400000 0.006446
-11.350000 0.001935
-11.300000 -0.000235
-11.250000 -0.004829
-11.200000 -0.007018
-11.150000 -0.011557
-11.100000 -0.013630
-11.050000 -0.017982
-11.000000 -0.019806
-10.950000 -0.023843
-10.900000 -0.025295
-10.850000 -0.028895
-10.800000 -0.029860
-10.750000 -0.032915
-10.700000 -0.033291
-10.650000 -0.035709
-10.600000 -0.035414
-10.550000 -0.037125
-10.500000 -0.036104
-10.450000 -0.037068
-10.400000 -0.035296
-10.350000 -0.035507
-10.300000 -0.032999
-10.250000 -0.032488
-10.200000 -0.029292
-10.150000 -0.028125
-10.100000 -0.024324
-10.050000 -0.022598
-10.000000 -0.018298
-9.950000 -0.016128
-9.900000 -0.011452
-9.850000 -0.008967
-9.800000 -0.004046
-9.750000 -0.001377
-9.700000 0.003658
-9.650000 0.006381
-9.600000 0.011401
-9.550000 0.014051
-9.500000 0.018930
-9.450000 0.021385
-9.400000 0.026004
-9.350000 0.028145
-9.300000 0.032388
-9.250000 0.034104
-9.200000 0.037865
-9.150000 0.039052
-9.100000 0.042234
-9.050000 0.042805
-9.000000 0.045326
-8.950000 0.045210
-8.900000 0.047012
-8.850000 0.046162
-8.800000 0.047211
-8.750000 0.045607
-8.700000 0.045898
-8.650000 0.043548
-8.600000 0.043103
-8.550000 0.040042
-8.500000 0.038908
-8.450000 0.035194
-8.400000 0.033438
-8.350000 0.029148
-8.300000 0.026853
-8.250000 0.022073
-8.200000 0.019330
-8.150000 0.014157
-8.100000 0.011064
-8.050000 0.005599
-8.000000 0.002262
-7.950000 -0.003387
-7.900000 -0.006856
-7.850000 -0.012573
-7.800000 -0.016054
-7.750000 -0.021714
-7.700000 -0.025077
-7.650000 -0.030546
-7.600000 -0.033656
-7.550000 -0.038799
-7.500000 -0.041521
-7.450000 -0.046205
-7.400000 -0.048411
-7.350000 -0.052518
-7.300000 -0.054099
-7.250000 -0.057528
-7.200000 -0.058396
-7.150000 -0.061074
-7.100000 -0.061171
-7.050000 -0.063053
-7.000000 -0.062346
-6.950000 -0.063412
-6.900000 -0.061895
-6.850000 -0.062151
-6.800000 -0.059839
-6.750000 -0.059308
-6.700000 -0.056232
-6.650000 -0.054953
-6.600000 -0.051158
-6.550000 -0.049183
-6.500000 -0.044726
-6.450000 -0.042116
-6.400000 -0.037066
-6.350000 -0.033895
-6.300000 -0.028331
-6.250000 -0.024685
-6.200000 -0.018701
-6.150000 -0.014681
-6.100000 -0.008381
-6.050000 -0.004097
-6.000000 0.002402
-5.950000 0.006832
-5.900000 0.013411
-5.850000 0.017866
-5.800000 0.024406
-5.750000 0.028771
-5.700000 0.035163
-5.650000 0.039337
-5.600000 0.045487
-5.550000 0.049383
-5.500000 0.055212
-5.450000 0.058762
-5.400000 0.064210
-5.350000 0.067359
-5.300000 0.072377
-5.250000 0.075079
-5.200000 0.079626
-5.150000 0.081842
-5.100000 0.085878
-5.050000 0.087569
-5.000000 0.091055
-4.950000 0.092183
-4.900000 0.095081
-4.850000 0.095611
-4.800000 0.097888
-4.750000 0.097788
-4.700000 0.099419
-4.650000 0.098669
-4.600000 0.099637
-4.550000 0.098227
-4.500000 0.098531
-4.450000 0.096464
-4.400000 0.096111
-4.350000 0.093402
-4.300000 0.092410
-4.250000 0.089079
-4.200000 0.087471
-4.150000 0.083541
-4.100000 0.081341
-4.050000 0.076835
-4.000000 0.074061
-3.950000 0.068996
-3.900000 0.065664
-3.850000 0.060052
-3.800000 0.056173
-3.750000 0.050023
-3.700000 0.045605
-3.650000 0.038928
-3.600000 0.033986
-3.550000 0.026801
-3.500000 0.021357
-3.450000 0.013692
-3.400000 0.007782
-3.350000 -0.000321
-3.300000 -0.006648
-3.250000 -0.015134
-3.200000 -0.021821
-3.150000 -0.030629
-3.100000 -0.037611
-3.050000 -0.046677
-3.000000 -0.053890
-2.950000 -0.063150
-2.900000 -0.070535
-2.850000 -0.079932
-2.800000 -0.087430
-2.750000 -0.096908
-2.700000 -0.104466
-2.650000 -0.113969
-2.600000 -0.121528
-2.550000 -0.130994
-2.500000 -0.138489
-2.450000 -0.147849
-2.400000 -0.155203
-2.350000 -0.164375
-2.300000 -0.171502
-2.250000 -0.180396
-2.200000 -0.187203
-2.150000 -0.195721
-2.100000 -0.202109
-2.050000 -0.210156
-2.000000 -0.216032
-1.950000 -0.223516
-1.900000 -0.228795
-1.850000 -0.235640
-1.800000 -0.240254
-1.750000 -0.246399
-1.700000 -0.250294
-1.650000 -0.255696
-1.600000 -0.258837
-1.550000 -0.263467
-1.500000 -0.265833
-1.450000 -0.269674
-1.400000 -0.271250
-1.350000 -0.274291
-1.300000 -0.275069
-1.250000 -0.277303
-1.200000 -0.277279
-1.150000 -0.278702
-1.100000 -0.277874
-1.050000 -0.278491
-1.000000 -0.276867
-0.950000 -0.276693
-0.900000 -0.274298
-0.850000 -0.273365
-0.800000 -0.270239
-0.750000 -0.268598
-0.700000 -0.264804
-0.650000 -0.262526
-0.600000 -0.258140
-0.550000 -0.255308
-0.500000 -0.250419
-0.450000 -0.247122
-0.400000 -0.241819
-0.350000 -0.238146
-0.300000 -0.232514
-0.250000 -0.228545
-0.200000 -0.222658
-0.150000 -0.218462
-0.100000 -0.212385
-0.050000 -0.208020
0.000000 -0.201805
0.050000 -0.197321
0.100000 -0.191016
0.150000 -0.186459
0.200000 -0.180109
0.250000 -0.175524
0.300000 -0.169176
0.350000 -0.164612
0.400000 -0.158316
0.450000 -0.153824
0.500000 -0.147632
0.550000 -0.143265
0.600000 -0.137228
0.650000 -0.133033
0.700000 -0.127196
0.750000 -0.123213
0.800000 -0.117609
0.850000 -0.113865
0.900000 -0.108513
0.950000 -0.105018
1.000000 -0.099921
1.050000 -0.096672
1.100000 -0.091821
1.150000 -0.088807
1.200000 -0.084188
1.250000 -0.081392
1.300000 -0.076991
1.350000 -0.074403
1.400000 -0.070212
1.450000 -0.067828
1.500000 -0.063849
1.550000 -0.061675
1.600000 -0.057917
1.650000 -0.055964
1.700000 -0.052438
1.750000 -0.050719
1.800000 -0.047437
1.850000 -0.045958
1.900000 -0.042925
1.950000 -0.041687
2.000000 -0.038895
2.050000 -0.037888
2.100000 -0.035325
2.150000 -0.034532
2.200000 -0.032178
2.250000 -0.031579
2.300000 -0.029416
2.350000 -0.028995
2.400000 -0.027011
2.450000 -0.026759
2.500000 -0.024952
2.550000 -0.024876
2.600000 -0.023259
2.650000 -0.023382
2.700000 -0.021984
2.750000 -0.022341
2.800000 -0.021207
2.850000 -0.021849
2.900000 -0.021035
2.950000 -0.022024
3.000000 -0.021596
3.050000 -0.023001
3.100000 -0.023035
3.150000 -0.024937
3.200000 -0.025520
3.250000 -0.028015
3.300000 -0.029254
3.350000 -0.032465
3.400000 -0.034501
3.450000 -0.038593
3.500000 -0.041617
3.550000 -0.046813
3.600000 -0.051087
3.650000 -0.057690
3.700000 -0.063565
3.750000 -0.071977
3.800000 -0.079911
3.850000 -0.090655
3.900000 -0.101238
3.950000 -0.114976
4.000000 -0.128952
4.050000 -0.146512
4.100000 -0.164800
4.150000 -0.187203
4.200000 -0.210932
4.250000 -0.239422
4.300000 -0.269957
4.350000 -0.306028
4.400000 -0.344994
4.450000 -0.390404
4.500000 -0.439690
4.550000 -0.496445
4.600000 -0.558160
4.650000 -0.628446
4.700000 -0.704809
4.750000 -0.790824
4.800000 -0.883941
4.850000 -0.987601
4.900000 -1.099079
4.950000 -1.221544
5.000000 -1.351925
5.050000 -1.492930
5.100000 -1.640939
5.150000 -1.797981
5.200000 -1.959679
5.250000 -2.127198
5.300000 -2.295266
5.350000 -2.464121
5.400000 -2.627629
5.450000 -2.785264
5.500000 -2.930340
5.550000 -3.062029
5.600000 -3.173699
5.650000 -3.264940
5.700000 -3.329962
5.750000 -3.369562
5.800000 -3.379511
5.850000 -3.362380
5.900000 -3.315850
5.950000 -3.244364
6.000000 -3.147348
6.050000 -3.030701
6.100000 -2.894980
6.150000 -2.746797
6.200000 -2.587049
6.250000 -2.422284
6.300000 -2.253041
6.350000 -2.085240
6.400000 -1.918643
6.450000 -1.758272
6.500000 -1.602985
6.550000 -1.456900
6.600000 -1.318059
6.650000 -1.189827
6.700000 -1.069619
6.750000 -0.960259
6.800000 -0.858750
6.850000 -0.767574
6.900000 -0.683503
6.950000 -0.608837
7.000000 -0.540250
7.050000 -0.479974
7.100000 -0.424673
7.150000 -0.376576
7.200000 -0.332391
7.250000 -0.294380
7.300000 -0.259320
7.350000 -0.229523
7.400000 -0.201842
7.450000 -0.178643
7.500000 -0.156855
7.550000 -0.138895
7.600000 -0.121764
7.650000 -0.107924
7.700000 -0.094440
7.750000 -0.083813
7.800000 -0.073167
7.850000 -0.065034
7.900000 -0.056589
7.950000 -0.050389
8.000000 -0.043654
8.050000 -0.038958
8.100000 -0.033560
8.150000 -0.030046
8.200000 -0.025705
8.250000 -0.023128
8.300000 -0.019628
8.350000 -0.017799
8.400000 -0.014975
8.450000 -0.013743
8.500000 -0.011454
8.550000 -0.010691
8.600000 -0.008821
8.650000 -0.008416
8.700000 -0.006859
8.750000 -0.006716
8.800000 -0.005383
8.850000 -0.005420
8.900000 -0.004239
8.950000 -0.004392
9.000000 -0.003309
9.050000 -0.003535
9.100000 -0.002515
9.150000 -0.002789
9.200000 -0.001818
9.250000 -0.002131
9.300000 -0.001208
9.350000 -0.001567
9.400000 -0.000699
9.450000 -0.001113
9.500000 -0.000312
9.550000 -0.000791
9.600000 -0.000064
9.650000 -0.000610
9.700000 0.000047
9.750000 -0.000560
9.800000 0.000040
9.850000 -0.000606
9.900000 -0.000040
9.950000 -0.000700
10.000000 -0.000140
10.050000 -0.000786
10.100000 -0.000205
10.150000 -0.000815
10.200000 -0.000197
10.250000 -0.000760
10.300000 -0.000102
10.350000 -0.000622
10.400000 0.000066
10.450000 -0.000429
10.500000 0.000268
10.550000 -0.000225
10.600000 0.000454
10.650000 -0.000061
10.700000 0.000580
10.750000 0.000023
10.800000 0.000613
10.850000 0.000010
10.900000 0.000548
10.950000 -0.000094
11.000000 0.000406
11.050000 -0.000259
11.100000 0.000225
11.150000 -0.000438
11.200000 0.000054
11.250000 -0.000582
11.300000 -0.000060
11.350000 -0.000652
11.400000 -0.000087
11.450000 -0.000629
11.500000 -0.000019
11.550000 -0.000514
11.600000 0.000128
11.650000 -0.000337
11.700000 0.000318
11.750000 -0.000141
11.800000 0.000500
11.850000 0.000021
11.900000 0.000624
11.950000 0.000105
12.000000 0.000657
12.050000 0.000089
12.100000 0.000585
12.150000 -0.000027
12.200000 0.000427
12.250000 -0.000212
12.300000 0.000223
12.350000 -0.000415
12.400000 0.000028
12.450000 -0.000581
12.500000 -0.000104
12.550000 -0.000664
12.600000 -0.000138
12.650000 -0.000640
12.700000 -0.000064
12.750000 -0.000515
12.800000 0.000096
12.850000 -0.000323
12.900000 0.000301
12.950000 -0.000114
13.000000 0.000494
13.050000 0.000058
13.100000 0.000627
13.150000 0.000149
13.200000 0.000664
13.250000 0.000135
13.300000 0.000595
13.350000 0.000022
13.400000 0.000437
13.450000 -0.000163
13.500000 0.000230
13.550000 -0.000372
13.600000 0.000026
13.650000 -0.000553
13.700000 -0.000126
13.750000 -0.000658
13.800000 -0.000184
13.850000 -0.000659
13.900000 -0.000133
13.950000 -0.000552
14.000000 0.000017
14.050000 -0.000362
14.100000 0.000229
14.150000 -0.000136
14.200000 0.000447
14.250000 0.000068
14.300000 0.000616
14.350000 0.000195
14.400000 0.000687
14.450000 0.000212
14.500000 0.000641
14.550000 0.000112
14.600000 0.000487
14.650000 -0.000079
14.700000 0.000265
14.750000 -0.000310
14.800000 0.000032
14.850000 -0.000522
14.900000 -0.000151
14.950000 -0.000659
15.000000 -0.000239
15.050000 -0.000685
15.100000 -0.000209
15.150000 -0.000595
15.200000 -0.000070
15.250000 -0.000410
15.300000 0.000142
15.350000 -0.000177
15.400000 0.000374
15.450000 0.000047
15.500000 0.000569
15.550000 0.000208
15.600000 0.000679
15.650000 0.000266
15.700000 0.000675
15.750000 0.000206
15.800000 0.000556
15.850000 0.000041
15.900000 0.000349
15.950000 -0.000189
16.000000 0.000103
16.050000 -0.000428
16.100000 -0.000122
16.150000 -0.000617
16.200000 -0.000270
16.250000 -0.000707
16.300000 -0.000302
16.350000 -0.000671
16.400000 -0.000207
16.450000 -0.000515
16.500000 -0.000007
16.550000 -0.000277
16.600000 0.000248
16.650000 -0.000015
16.700000 0.000493
16.750000 0.000205
16.800000 0.000666
16.850000 0.000326
16.900000 0.000721
16.950000 0.000319
17.000000 0.000645
17.050000 0.000185
17.100000 0.000456
17.150000 -0.000041
17.200000 0.000200
17.250000 -0.000303
17.300000 -0.000060
17.350000 -0.000537
17.400000 -0.000262
17.450000 -0.000687
17.500000 -0.000358
17.550000 -0.000716
17.600000 -0.000325
17.650000 -0.000617
17.700000 -0.000172
17.750000 -0.000412
17.800000 0.000066
17.850000 -0.000148
17.900000 0.000334
17.950000 0.000115
18.000000 0.000568
18.050000 0.000314
18.100000 0.000712
18.150000 0.000400
18.200000 0.000727
18.250000 0.000351
18.300000 0.000608
18.350000 0.000175
18.400000 0.000379
18.450000 -0.000087
18.500000 0.000093
18.550000 -0.000372
18.600000 -0.000182
18.650000 -0.000612
18.700000 -0.000378
18.750000 -0.000744
18.800000 -0.000446
18.850000 -0.000736
18.900000 -0.000369
18.950000 -0.000587
19.000000 -0.000164
19.050000 -0.000332
19.100000 0.000118
19.150000 -0.000033
19.200000 0.000409
19.250000 0.000240
19.300000 0.000639
19.350000 0.000422
19.400000 0.000754
19.450000 0.000471
19.500000 0.000728
19.550000 0.000378
19.600000 0.000566
19.650000 0.000164
19.700000 0.000305
19.750000 -0.000122
19.800000 0.000003
19.850000 -0.000415
19.900000 -0.000272
19.950000 -0.000648
20.000000 -0.000458
20.050000 -0.000767
20.100000 -0.000510
20.150000 -0.000742
20.200000 -0.000415
20.250000 -0.000574
20.300000 -0.000191
20.350000 -0.000299
20.400000 0.000112
20.450000 0.000022
20.500000 0.000424
20.550000 0.000315
20.600000 0.000673
20.650000 0.000511
20.700000 0.000796
20.750000 0.000562
20.800000 0.000764
20.850000 0.000455
20.900000 0.000579
20.950000 0.000212
21.000000 0.000285
21.050000 -0.000110
21.100000 -0.000052
21.150000 -0.000434
21.200000 -0.000354
21.250000 -0.000686
21.300000 -0.000550
21.350000 -0.000807
21.400000 -0.000597
21.450000 -0.000770
21.500000 -0.000485
21.550000 -0.000583
21.600000 -0.000241
21.650000 -0.000287
21.700000 0.000081
21.750000 0.000051
21.800000 0.000410
21.850000 0.000359
21.900000 0.000673
21.950000 0.000570
22.000000 0.000812
22.050000 0.000637
22.100000 0.000795
22.150000 0.000544
22.200000 0.000621
22.250000 0.000307
22.300000 0.000326
22.350000 -0.000023
22.400000 -0.000029
22.450000 -0.000375
22.500000 -0.000366
22.550000 -0.000669
22.600000 -0.000608
22.650000 -0.000838
22.700000 -0.000700
22.750000 -0.000838
22.800000 -0.000616
22.850000 -0.000668
22.900000 -0.000375
22.950000 -0.000362
23.000000 -0.000030
23.050000 0.000012
23.100000 0.000343
23.150000 0.000370
23.200000 0.000659
23.250000 0.000633
23.300000 0.000846
23.350000 0.000742
23.400000 0.000863
23.450000 0.000674
23.500000 0.000706
23.550000 0.000445
23.600000 0.000409
23.650000 0.000105
23.700000 0.000037
23.750000 -0.000272
23.800000 -0.000333
23.850000 -0.000607
23.900000 -0.000623
23.950000 -0.000828
24.000000 -0.000772
24.050000 -0.000888
24.100000 -0.000747
24.150000 -0.000772
24.200000 -0.000552
24.250000 -0.000500
24.300000 -0.000225
24.350000 -0.000126
24.400000 0.000168
24.450000 0.000273
24.500000 0.000544
24.550000 0.000612
24.600000 0.000819
24.650000 0.000817
24.700000 0.000933
24.750000 0.000839
24.800000 0.000855
24.850000 0.000672
24.900000 0.000598
24.950000 0.000348
25.000000 0.000217
25.050000 -0.000062
25.100000 -0.000209
25.150000 -0.000471
25.200000 -0.000586
25.250000 -0.000790
25.300000 -0.000835
25.350000 -0.000948
25.400000 -0.000903
25.450000 -0.000913
25.500000 -0.000775
25.550000 -0.000692
25.600000 -0.000480
25.650000 -0.000330
25.700000 -0.000079
25.750000 0.000097
25.800000 0.000345
25.850000 0.000503
25.900000 0.000705
25.950000 0.000807
26.000000 0.000929
26.050000 0.000947
26.100000 0.000969
26.150000 0.000892
26.200000 0.000815
26.250000 0.000653
26.300000 0.000493
26.350000 0.000273
26.400000 0.000066
26.450000 -0.000172
26.500000 -0.000383
26.550000 -0.000594
26.600000 -0.000762
26.650000 -0.000902
26.700000 -0.000990
26.750000 -0.001029
26.800000 -0.001017
26.850000 -0.000945
26.900000 -0.000833
26.950000 -0.000663
27.000000 -0.000474
27.050000 -0.000237
27.100000 -0.000012
27.150000 0.000243
27.200000 0.000454
27.250000 0.000680
27.300000 0.000830
27.350000 0.000982
27.400000 0.001037
27.450000 0.001090
27.500000 0.001033
27.550000 0.000982
27.600000 0.000818
27.650000 0.000680
27.700000 0.000437
27.750000 0.000245
27.800000 -0.000038
27.850000 -0.000237
27.900000 -0.000512
27.950000 -0.000673
28.000000 -0.000896
28.050000 -0.000978
28.100000 -0.001115
28.150000 -0.001091
28.200000 -0.001123
28.250000 -0.000987
28.300000 -0.000918
28.350000 -0.000682
28.400000 -0.000534
28.450000 -0.000230
28.500000 -0.000043
28.550000 0.000284
28.600000 0.000460
28.650000 0.000760
28.700000 0.000876
28.750000 0.001102
28.800000 0.001119
28.850000 0.001239
28.900000 0.001135
28.950000 0.001140
29.000000 0.000917
29.050000 0.000821
29.100000 0.000506
29.150000 0.000344
29.200000 -0.000020
29.250000 -0.000196
29.300000 -0.000555
29.350000 -0.000692
29.400000 -0.000995
29.450000 -0.001047
29.500000 -0.001255
29.550000 -0.001192
29.600000 -0.001285
29.650000 -0.001099
29.700000 -0.001081
29.750000 -0.000786
29.800000 -0.000682
29.850000 -0.000312
29.900000 -0.000162
29.950000 0.000237
30.000000 0.000383
30.050000 0.000759
30.100000 0.000852
30.150000 0.001159
30.200000 0.001156
30.250000 0.001361
30.300000 0.001237
30.350000 0.001323
30.400000 0.001075
30.450000 0.001049
30.500000 0.000693
30.550000 0.000584
30.600000 0.000158
30.650000 0.000012
30.700000 -0.000432
30.750000 -0.000561
30.800000 -0.000966
30.850000 -0.001023
30.900000 -0.001341
30.950000 -0.001284
31.000000 -0.001482
31.050000 -0.001290
31.100000 -0.001358
31.150000 -0.001035
31.200000 -0.000992
31.250000 -0.000567
31.300000 -0.000452
31.350000 0.000026
31.400000 0.000160
31.450000 0.000635
31.500000 0.000730
31.550000 0.001146
31.600000 0.001152
31.650000 0.001467
31.700000 0.001351
31.750000 0.001541
31.800000 0.001290
31.850000 0.001355
31.900000 0.000980
31.950000 0.000942
32.000000 0.000473
32.050000 0.000371
32.100000 -0.000142
32.150000 -0.000256
32.200000 -0.000761
32.250000 -0.000831
32.300000 -0.001273
32.350000 -0.001250
32.400000 -0.001586
32.450000 -0.001434
32.500000 -0.001638
32.550000 -0.001343
32.600000 -0.001414
32.650000 -0.000988
32.700000 -0.000948
32.750000 -0.000425
32.800000 -0.000321
32.850000 0.000245
32.900000 0.000355
32.950000 0.000903
33.000000 0.000957
33.050000 0.001427
33.100000 0.001373
33.150000 0.001722
33.200000 0.001525
33.250000 0.001731
33.300000 0.001384
33.350000 0.001453
33.400000 0.000975
33.450000 0.000938
33.500000 0.000370
33.550000 0.000277
33.600000 -0.000325
33.650000 -0.000415
33.700000 -0.000990
33.750000 -0.001018
33.800000 -0.001512
33.850000 -0.001430
33.900000 -0.001803
33.950000 -0.001580
34.000000 -0.001812
34.050000 -0.001440
34.100000 -0.001535
34.150000 -0.001030
34.200000 -0.001014
34.250000 -0.000412
34.300000 -0.000332
34.350000 0.000312
34.400000 0.000398
34.450000 0.001023
34.500000 0.001051
34.550000 0.001596
34.600000 0.001512
34.650000 0.001930
34.700000 0.001696
34.750000 0.001961
34.800000 0.001565
34.850000 0.001678
34.900000 0.001135
34.950000 0.001126
35.000000 0.000477
35.050000 0.000397
35.100000 -0.000297
35.150000 -0.000382
35.200000 -0.001054
35.250000 -0.001078
35.300000 -0.001665
35.350000 -0.001571
35.400000 -0.002025
35.450000 -0.001777
35.500000 -0.002075
35.550000 -0.001662
35.600000 -0.001808
35.650000 -0.001247
35.700000 -0.001267
35.750000 -0.000596
35.800000 -0.000540
35.850000 0.000184
35.900000 0.000256
35.950000 0.000971
36.000000 0.000996
36.050000 0.001640
36.100000 0.001560
36.150000 0.002082
36.200000 0.001854
36.250000 0.002221
36.300000 0.001825
36.350000 0.002028
36.400000 0.001467
36.450000 0.001525
36.500000 0.000832
36.550000 0.000789
36.600000 0.000018
36.650000 -0.000064
36.700000 -0.000845
36.750000 -0.000893
36.800000 -0.001612
36.850000 -0.001560
36.900000 -0.002155
36.950000 -0.001950
37.000000 -0.002382
37.050000 -0.001997
37.100000 -0.002252
37.150000 -0.001690
37.200000 -0.001786
37.250000 -0.001078
37.300000 -0.001060
37.350000 -0.000260
37.400000 -0.000189
37.450000 0.000636
37.500000 0.000689
37.550000 0.001467
37.600000 0.001436
37.650000 0.002107
37.700000 0.001937
37.750000 0.002456
37.800000 0.002114
37.850000 0.002460
37.900000 0.001937
37.950000 0.002114
38.000000 0.001429
38.050000 0.001466
38.100000 0.000659
38.150000 0.000609
38.200000 -0.000259
38.250000 -0.000330
38.300000 -0.001189
38.350000 -0.001207
38.400000 -0.001985
38.450000 -0.001884
38.500000 -0.002520
38.550000 -0.002247
38.600000 -0.002702
38.650000 -0.002233
38.700000 -0.002496
38.750000 -0.001836
38.800000 -0.001929
38.850000 -0.001114
38.900000 -0.001086
38.950000 -0.000178
39.000000 -0.000099
39.050000 0.000828
39.100000 0.000880
39.150000 0.001748
39.200000 0.001700
39.250000 0.002443
39.300000 0.002238
39.350000 0.002809
39.400000 0.002412
39.450000 0.002791
39.500000 0.002197
39.550000 0.002393
39.600000 0.001623
39.650000 0.001670
39.700000 0.000771
39.750000 0.000725
39.800000 -0.000239
39.850000 -0.000309
39.900000 -0.001265
39.950000 -0.001283
40.000000 -0.002158
40.050000 -0.002056
40.100000 -0.002786
40.150000 -0.002509
40.200000 -0.003051
40.250000 -0.002567
40.300000 -0.002904
40.350000 -0.002212
40.400000 -0.002358
40.450000 -0.001487
40.500000 -0.001485
40.550000 -0.000492
40.600000 -0.000411
40.650000 0.000628
40.700000 0.000707
40.750000 0.001706
40.800000 0.001700
40.850000 0.002583
40.900000 0.002421
40.950000 0.003126
41.000000 0.002761
41.050000 0.003257
41.100000 0.002672
41.150000 0.002958
41.200000 0.002167
41.250000 0.002270
41.300000 0.001316
41.350000 0.001292
41.400000 0.000238
41.450000 0.000156
41.500000 -0.000921
41.550000 -0.000980
41.600000 -0.002003
41.650000 -0.001964
41.700000 -0.002859
41.750000 -0.002657
41.800000 -0.003370
41.850000 -0.002959
41.900000 -0.003457
41.950000 -0.002821
42.000000 -0.003101
42.050000 -0.002250
42.100000 -0.002339
42.150000 -0.001316
42.200000 -0.001269
42.250000 -0.000141
42.300000 -0.000036
42.350000 0.001114
42.400000 0.001191
42.450000 0.002273
42.500000 0.002235
42.550000 0.003170
42.600000 0.002945
42.650000 0.003674
42.700000 0.003218
42.750000 0.003712
42.800000 0.003013
42.850000 0.003275
42.900000 0.002355
42.950000 0.002424
43.000000 0.001334
43.050000 0.001274
43.100000 0.000087
43.150000 -0.000021
43.200000 -0.001220
43.250000 -0.001292
43.300000 -0.002418
43.350000 -0.002372
43.400000 -0.003351
43.450000 -0.003120
43.500000 -0.003895
43.550000 -0.003434
43.600000 -0.003972
43.650000 -0.003264
43.700000 -0.003562
43.750000 -0.002618
43.800000 -0.002702
43.850000 -0.001562
43.900000 -0.001488
43.950000 -0.000220
44.000000 -0.000063
44.050000 0.001251
44.100000 0.001401
44.150000 0.002669
44.200000 0.002725
44.250000 0.003864
44.300000 0.003749
44.350000 0.004693
44.400000 0.004355
44.450000 0.005068
44.500000 0.004487
44.550000 0.004964
44.600000 0.004151
44.650000 0.004421
44.700000 0.003418
44.750000 0.003532
44.800000 0.002398
44.850000 0.002420
44.900000 0.001221
44.950000 0.001213
