-30.000000 -0.001202
-29.950000 -0.000995
-29.900000 -0.001986
-29.850000 -0.001565
-29.800000 -0.002340
-29.750000 -0.001709
-29.700000 -0.002279
-29.650000 -0.001457
-29.600000 -0.001851
-29.550000 -0.000880
-29.500000 -0.001152
-29.450000 -0.000092
-29.400000 -0.000311
-29.350000 0.000762
-29.300000 0.000521
-29.250000 0.001533
-29.200000 0.001198
-29.150000 0.002084
-29.100000 0.001601
-29.050000 0.002321
-29.000000 0.001662
-28.950000 0.002200
-28.900000 0.001368
-28.850000 0.001743
-28.800000 0.000768
-28.750000 0.001025
-28.700000 -0.000036
-28.650000 0.000166
-28.600000 -0.000909
-28.550000 -0.000686
-28.500000 -0.001702
-28.450000 -0.001385
-28.400000 -0.002275
-28.350000 -0.001809
-28.300000 -0.002527
-28.250000 -0.001879
-28.200000 -0.002407
-28.150000 -0.001574
-28.100000 -0.001928
-28.050000 -0.000941
-28.000000 -0.001164
-27.950000 -0.000081
-27.900000 -0.000241
-27.850000 0.000864
-27.800000 0.000687
-27.750000 0.001734
-27.700000 0.001464
-27.650000 0.002383
-27.600000 0.001959
-27.550000 0.002700
-27.500000 0.002086
-27.450000 0.002628
-27.400000 0.001819
-27.350000 0.002174
-27.300000 0.001197
-27.250000 0.001406
-27.200000 0.000315
-27.150000 0.000443
-27.100000 -0.000689
-27.050000 -0.000563
-27.000000 -0.001653
-26.950000 -0.001450
-26.900000 -0.002422
-26.850000 -0.002070
-26.800000 -0.002864
-26.750000 -0.002318
-26.700000 -0.002903
-26.650000 -0.002146
-26.600000 -0.002523
-26.550000 -0.001574
-26.500000 -0.001779
-26.450000 -0.000688
-26.400000 -0.000784
-26.350000 0.000374
-26.300000 0.000306
-26.250000 0.001446
-26.200000 0.001319
-26.150000 0.002358
-26.100000 0.002096
-26.050000 0.002965
-26.000000 0.002512
-25.950000 0.003170
-25.900000 0.002498
-25.850000 0.002933
-25.800000 0.002049
-25.750000 0.002284
-25.700000 0.001226
-25.650000 0.001315
-25.600000 0.000148
-25.550000 0.000167
-25.500000 -0.001024
-25.450000 -0.000987
-25.400000 -0.002112
-25.350000 -0.001970
-25.300000 -0.002947
-25.250000 -0.002626
-25.200000 -0.003395
-25.150000 -0.002850
-25.100000 -0.003381
-25.050000 -0.002600
-25.000000 -0.002899
-24.950000 -0.001906
-24.900000 -0.002016
-24.850000 -0.000868
-24.800000 -0.000858
-24.750000 0.000365
-24.700000 0.000407
-24.650000 0.001611
-24.600000 0.001592
-24.550000 0.002689
-24.500000 0.002525
-24.450000 0.003438
-24.400000 0.003064
-24.350000 0.003743
-24.300000 0.003124
-24.250000 0.003551
-24.200000 0.002688
-24.150000 0.002881
-24.100000 0.001808
-24.050000 0.001818
-24.000000 0.000603
-23.950000 0.000509
-23.900000 -0.000760
-23.850000 -0.000862
-23.800000 -0.002086
-23.750000 -0.002097
-23.700000 -0.003182
-23.650000 -0.003017
-23.600000 -0.003887
-23.550000 -0.003484
-23.500000 -0.004095
-23.450000 -0.003427
-23.400000 -0.003769
-23.350000 -0.002845
-23.300000 -0.002947
-23.250000 -0.001814
-23.200000 -0.001738
-23.150000 -0.000469
-23.100000 -0.000300
-23.050000 0.001009
-23.000000 0.001172
-22.950000 0.002420
-22.900000 0.002477
-22.850000 0.003570
-22.800000 0.003435
-22.750000 0.004297
-22.700000 0.003906
-22.650000 0.004491
-22.600000 0.003817
-22.550000 0.004115
-22.500000 0.003169
-22.450000 0.003209
-22.400000 0.002037
-22.350000 0.001886
-22.300000 0.000569
-22.250000 0.000317
-22.200000 -0.001045
-22.150000 -0.001291
-22.100000 -0.002590
-22.050000 -0.002724
-22.000000 -0.003860
-21.950000 -0.003792
-21.900000 -0.004684
-21.850000 -0.004348
-21.800000 -0.004948
-21.750000 -0.004313
-21.700000 -0.004608
-21.650000 -0.003681
-21.600000 -0.003698
-21.550000 -0.002523
-21.500000 -0.002323
-21.450000 -0.000976
-21.400000 -0.000649
-21.350000 0.000768
-21.300000 0.001114
-21.250000 0.002490
-21.200000 0.002743
-21.150000 0.003968
-21.100000 0.004026
-21.050000 0.005010
-21.000000 0.004794
-20.950000 0.005473
-20.900000 0.004941
-20.850000 0.005291
-20.800000 0.004437
-20.750000 0.004476
-20.700000 0.003338
-20.650000 0.003120
-20.600000 0.001769
-20.550000 0.001381
-20.500000 -0.000083
-20.450000 -0.000534
-20.400000 -0.001999
-20.350000 -0.002397
-20.300000 -0.003748
-20.250000 -0.003982
-20.200000 -0.005115
-20.150000 -0.005092
-20.100000 -0.005929
-20.050000 -0.005585
-20.000000 -0.006078
-19.950000 -0.005388
-19.900000 -0.005531
-19.850000 -0.004508
-19.800000 -0.004339
-19.750000 -0.003039
-19.700000 -0.002630
-19.650000 -0.001145
-19.600000 -0.000600
-19.550000 0.000957
-19.500000 0.001516
-19.450000 0.003022
-19.400000 0.003474
-19.350000 0.004810
-19.300000 0.005044
-19.250000 0.006110
-19.200000 0.006040
-19.150000 0.006767
-19.100000 0.006341
-19.050000 0.006696
-19.000000 0.005902
-18.950000 0.005892
-18.900000 0.004756
-18.850000 0.004430
-18.800000 0.003019
-18.750000 0.002459
-18.700000 0.000871
-18.650000 0.000188
-18.600000 -0.001456
-18.550000 -0.002136
-18.500000 -0.003707
-18.450000 -0.004255
-18.400000 -0.005627
-18.350000 -0.005927
-18.300000 -0.006998
-18.250000 -0.006960
-18.200000 -0.007658
-18.150000 -0.007231
-18.100000 -0.007523
-18.050000 -0.006697
-18.000000 -0.006597
-17.950000 -0.005404
-17.900000 -0.004965
-17.850000 -0.003480
-17.800000 -0.002791
-17.750000 -0.001116
-17.700000 -0.000293
-17.650000 0.001447
-17.600000 0.002274
-17.550000 0.003947
-17.500000 0.004645
-17.450000 0.006121
-17.400000 0.006570
-17.350000 0.007739
-17.300000 0.007840
-17.250000 0.008619
-17.200000 0.008309
-17.150000 0.008656
-17.100000 0.007912
-17.050000 0.007828
-17.000000 0.006675
-16.950000 0.006203
-16.900000 0.004707
-16.850000 0.003934
-16.800000 0.002196
-16.750000 0.001237
-16.700000 -0.000617
-16.650000 -0.001628
-16.600000 -0.003457
-16.550000 -0.004380
-16.500000 -0.006048
-16.450000 -0.006750
-16.400000 -0.008132
-16.350000 -0.008500
-16.300000 -0.009498
-16.250000 -0.009450
-16.200000 -0.010000
-16.150000 -0.009491
-16.100000 -0.009568
-16.050000 -0.008597
-16.000000 -0.008224
-15.950000 -0.006836
-15.900000 -0.006077
-15.850000 -0.004357
-15.800000 -0.003316
-15.750000 -0.001382
-15.700000 -0.000191
-15.650000 0.001816
-15.600000 0.003010
-15.550000 0.004941
-15.500000 0.005992
-15.450000 0.007705
-15.400000 0.008478
-15.350000 0.009849
-15.300000 0.010235
-15.250000 0.011171
-15.200000 0.011094
-15.150000 0.011540
-15.100000 0.010965
-15.050000 0.010904
-15.000000 0.009837
-14.950000 0.009298
-14.900000 0.007789
-14.850000 0.006842
-14.800000 0.004978
-14.750000 0.003730
-14.700000 0.001635
-14.650000 0.000220
-14.600000 -0.001961
-14.550000 -0.003390
-14.500000 -0.005500
-14.450000 -0.006787
-14.400000 -0.008675
-14.350000 -0.009674
-14.300000 -0.011204
-14.250000 -0.011794
-14.200000 -0.012862
-14.150000 -0.012956
-14.100000 -0.013494
-14.050000 -0.013047
-14.000000 -0.013031
-13.950000 -0.012041
-13.900000 -0.011492
-13.850000 -0.010000
-13.800000 -0.008982
-13.750000 -0.007072
-13.700000 -0.005684
-13.650000 -0.003473
-13.600000 -0.001848
-13.550000 0.000522
-13.500000 0.002232
-13.450000 0.004600
-13.400000 0.006234
-13.350000 0.008440
-13.300000 0.009839
-13.250000 0.011731
-13.200000 0.012755
-13.150000 0.014205
-13.100000 0.014742
-13.050000 0.015658
-13.000000 0.015633
-12.950000 0.015960
-12.900000 0.015342
-12.850000 0.015071
-12.800000 0.013871
-12.750000 0.013035
-12.700000 0.011309
-12.650000 0.009982
-12.600000 0.007821
-12.550000 0.006113
-12.500000 0.003642
-12.450000 0.001690
-12.400000 -0.000941
-12.350000 -0.002978
-12.300000 -0.005606
-12.250000 -0.007560
-12.200000 -0.010016
-12.150000 -0.011721
-12.100000 -0.013845
-12.050000 -0.015151
-12.000000 -0.016804
-11.950000 -0.017587
-11.900000 -0.018663
-11.850000 -0.018838
-11.800000 -0.019271
-11.750000 -0.018794
-11.700000 -0.018565
-11.650000 -0.017437
-11.600000 -0.016571
-11.550000 -0.014839
-11.500000 -0.013402
-11.450000 -0.011154
-11.400000 -0.009250
-11.350000 -0.006606
-11.300000 -0.004370
-11.250000 -0.001476
-11.200000 0.000933
-11.150000 0.003912
-11.100000 0.006326
-11.050000 0.009216
-11.000000 0.011461
-10.950000 0.014093
-10.900000 0.016005
-10.850000 0.018223
-10.800000 0.019658
-10.750000 0.021331
-10.700000 0.022174
-10.650000 0.023205
-10.600000 0.023378
-10.550000 0.023710
-10.500000 0.023176
-10.450000 0.022792
-10.400000 0.021555
-10.350000 0.020481
-10.300000 0.018586
-10.250000 0.016885
-10.200000 0.014414
-10.150000 0.012184
-10.100000 0.009252
-10.050000 0.006624
-10.000000 0.003373
-9.950000 0.000500
-9.900000 -0.002904
-9.850000 -0.005849
-9.800000 -0.009230
-9.750000 -0.012067
-9.700000 -0.015244
-9.650000 -0.017794
-9.600000 -0.020595
-9.550000 -0.022695
-9.500000 -0.024966
-9.450000 -0.026476
-9.400000 -0.028093
-9.350000 -0.028907
-9.300000 -0.029783
-9.250000 -0.029832
-9.200000 -0.029918
-9.150000 -0.029175
-9.100000 -0.028465
-9.050000 -0.026943
-9.000000 -0.025469
-8.950000 -0.023221
-8.900000 -0.021056
-8.850000 -0.018173
-8.800000 -0.015423
-8.750000 -0.012025
-8.700000 -0.008828
-8.650000 -0.005067
-8.600000 -0.001582
-8.550000 0.002374
-8.500000 0.005970
-8.450000 0.009941
-8.400000 0.013467
-8.350000 0.017272
-8.300000 0.020551
-8.250000 0.024019
-8.200000 0.026888
-8.150000 0.029866
-8.100000 0.032182
-8.050000 0.034539
-8.000000 0.036185
-7.950000 0.037818
-7.900000 0.038705
-7.850000 0.039539
-7.800000 0.039608
-7.750000 0.039599
-7.700000 0.038821
-7.650000 0.037959
-7.600000 0.036338
-7.550000 0.034643
-7.500000 0.032219
-7.450000 0.029746
-7.400000 0.026591
-7.350000 0.023429
-7.300000 0.019646
-7.250000 0.015912
-7.200000 0.011632
-7.150000 0.007468
-7.100000 0.002844
-7.050000 -0.001589
-7.000000 -0.006391
-6.950000 -0.010921
-6.900000 -0.015728
-6.850000 -0.020180
-6.800000 -0.024814
-6.750000 -0.029014
-6.700000 -0.033304
-6.650000 -0.037083
-6.600000 -0.040867
-6.550000 -0.044069
-6.500000 -0.047198
-6.450000 -0.049685
-6.400000 -0.052032
-6.350000 -0.053688
-6.300000 -0.055152
-6.250000 -0.055894
-6.200000 -0.056408
-6.150000 -0.056186
-6.100000 -0.055719
-6.050000 -0.054520
-6.000000 -0.053076
-5.950000 -0.050924
-5.900000 -0.048545
-5.850000 -0.045494
-5.800000 -0.042250
-5.750000 -0.038385
-5.700000 -0.034370
-5.650000 -0.029798
-5.600000 -0.025129
-5.550000 -0.019973
-5.500000 -0.014783
-5.450000 -0.009181
-5.400000 -0.003612
-5.350000 0.002286
-5.300000 0.008082
-5.250000 0.014123
-5.200000 0.019990
-5.150000 0.026019
-5.100000 0.031804
-5.050000 0.037672
-5.000000 0.043230
-4.950000 0.048797
-4.900000 0.053996
-4.850000 0.059137
-4.800000 0.063860
-4.750000 0.068466
-4.700000 0.072613
-4.650000 0.076591
-4.600000 0.080076
-4.550000 0.083348
-4.500000 0.086098
-4.450000 0.088599
-4.400000 0.090557
-4.350000 0.092232
-4.300000 0.093349
-4.250000 0.094158
-4.200000 0.094398
-4.150000 0.094311
-4.100000 0.093652
-4.050000 0.092654
-4.000000 0.091087
-3.950000 0.089176
-3.900000 0.086705
-3.850000 0.083889
-3.800000 0.080528
-3.750000 0.076826
-3.700000 0.072598
-3.650000 0.068036
-3.600000 0.062969
-3.550000 0.057577
-3.500000 0.051705
-3.450000 0.045521
-3.400000 0.038883
-3.350000 0.031949
-3.300000 0.024592
-3.250000 0.016961
-3.200000 0.008944
-3.150000 0.000677
-3.100000 -0.007933
-3.050000 -0.016760
-3.000000 -0.025885
-2.950000 -0.035190
-2.900000 -0.044741
-2.850000 -0.054433
-2.800000 -0.064317
-2.750000 -0.074298
-2.700000 -0.084415
-2.650000 -0.094584
-2.600000 -0.104828
-2.550000 -0.115077
-2.500000 -0.125340
-2.450000 -0.135555
-2.400000 -0.145719
-2.350000 -0.155783
-2.300000 -0.165726
-2.250000 -0.175511
-2.200000 -0.185106
-2.150000 -0.194486
-2.100000 -0.203606
-2.050000 -0.212454
-2.000000 -0.220975
-1.950000 -0.229173
-1.900000 -0.236981
-1.850000 -0.244421
-1.800000 -0.251415
-1.750000 -0.258002
-1.700000 -0.264097
-1.650000 -0.269755
-1.600000 -0.274880
-1.550000 -0.279545
-1.500000 -0.283647
-1.450000 -0.287273
-1.400000 -0.290314
-1.350000 -0.292873
-1.300000 -0.294832
-1.250000 -0.296315
-1.200000 -0.297194
-1.150000 -0.297611
-1.100000 -0.297432
-1.050000 -0.296818
-1.000000 -0.295626
-0.950000 -0.294036
-0.900000 -0.291897
-0.850000 -0.289404
-0.800000 -0.286398
-0.750000 -0.283090
-0.700000 -0.279310
-0.650000 -0.275283
-0.600000 -0.270827
-0.550000 -0.266180
-0.500000 -0.261149
-0.450000 -0.255985
-0.400000 -0.250479
-0.350000 -0.244898
-0.300000 -0.239019
-0.250000 -0.233121
-0.200000 -0.226971
-0.150000 -0.220857
-0.100000 -0.214534
-0.050000 -0.208303
0.000000 -0.201903
0.050000 -0.195647
0.100000 -0.189259
0.150000 -0.183062
0.200000 -0.176766
0.250000 -0.170703
0.300000 -0.164568
0.350000 -0.158702
0.400000 -0.152786
0.450000 -0.147172
0.500000 -0.141526
0.550000 -0.136211
0.600000 -0.130882
0.650000 -0.125915
0.700000 -0.120949
0.750000 -0.116376
0.800000 -0.111824
0.850000 -0.107697
0.900000 -0.103611
0.950000 -0.099986
1.000000 -0.096426
1.050000 -0.093365
1.100000 -0.090397
1.150000 -0.087970
1.200000 -0.085671
1.250000 -0.083963
1.300000 -0.082427
1.350000 -0.081545
1.400000 -0.080893
1.450000 -0.080977
1.500000 -0.081371
1.550000 -0.082605
1.600000 -0.084257
1.650000 -0.086886
1.700000 -0.090075
1.750000 -0.094416
1.800000 -0.099503
1.850000 -0.105965
1.900000 -0.113413
1.950000 -0.122517
2.000000 -0.132911
2.050000 -0.145316
2.100000 -0.159394
2.150000 -0.175927
2.200000 -0.194614
2.250000 -0.216306
2.300000 -0.240749
2.350000 -0.268868
2.400000 -0.300467
2.450000 -0.336549
2.500000 -0.376975
2.550000 -0.422829
2.600000 -0.474020
2.650000 -0.531695
2.700000 -0.595792
2.750000 -0.667489
2.800000 -0.746700
2.850000 -0.834571
2.900000 -0.930914
2.950000 -1.036739
3.000000 -1.151627
3.050000 -1.276303
3.100000 -1.409946
3.150000 -1.552802
3.200000 -1.703443
3.250000 -1.861427
3.300000 -2.024522
3.350000 -2.191434
3.400000 -2.359015
3.450000 -2.525093
3.500000 -2.685687
3.550000 -2.837956
3.600000 -2.977449
3.650000 -3.101167
3.700000 -3.204826
3.750000 -3.286010
3.800000 -3.341391
3.850000 -3.369893
3.900000 -3.369800
3.950000 -3.341869
4.000000 -3.286257
4.050000 -3.205556
4.100000 -3.101543
4.150000 -2.978160
4.200000 -2.838149
4.250000 -2.686043
4.300000 -2.524764
4.350000 -2.358693
4.400000 -2.190284
4.450000 -2.023253
4.500000 -1.859221
4.550000 -1.701021
4.600000 -1.549360
4.650000 -1.406213
4.700000 -1.271479
4.750000 -1.146442
4.800000 -1.030395
4.850000 -0.924139
4.900000 -0.826563
4.950000 -0.738185
5.000000 -0.657665
5.050000 -0.585383
5.100000 -0.519900
5.150000 -0.461561
5.200000 -0.408906
5.250000 -0.362310
5.300000 -0.320339
5.350000 -0.283429
5.400000 -0.250196
5.450000 -0.221150
5.500000 -0.194962
5.550000 -0.172223
5.600000 -0.151656
5.650000 -0.133926
5.700000 -0.117807
5.750000 -0.104028
5.800000 -0.091406
5.850000 -0.080730
5.900000 -0.070848
5.950000 -0.062602
6.000000 -0.054865
6.050000 -0.048520
6.100000 -0.042458
6.150000 -0.037601
6.200000 -0.032848
6.250000 -0.029151
6.300000 -0.025417
6.350000 -0.022623
6.400000 -0.019678
6.450000 -0.017581
6.500000 -0.015242
6.550000 -0.013680
6.600000 -0.011805
6.650000 -0.010652
6.700000 -0.009129
6.750000 -0.008291
6.800000 -0.007039
6.850000 -0.006446
6.900000 -0.005406
6.950000 -0.005006
7.000000 -0.004135
7.050000 -0.003892
7.100000 -0.003157
7.150000 -0.003042
7.200000 -0.002416
7.250000 -0.002402
7.300000 -0.001860
7.350000 -0.001923
7.400000 -0.001440
7.450000 -0.001557
7.500000 -0.001114
7.550000 -0.001267
7.600000 -0.000849
7.650000 -0.001026
7.700000 -0.000623
7.750000 -0.000819
7.800000 -0.000430
7.850000 -0.000646
7.900000 -0.000271
7.950000 -0.000510
8.000000 -0.000154
8.050000 -0.000415
8.100000 -0.000078
8.150000 -0.000362
8.200000 -0.000038
8.250000 -0.000338
8.300000 -0.000022
8.350000 -0.000330
8.400000 -0.000012
8.450000 -0.000320
8.500000 0.000006
8.550000 -0.000297
8.600000 0.000039
8.650000 -0.000259
8.700000 0.000085
8.750000 -0.000213
8.800000 0.000133
8.850000 -0.000172
8.900000 0.000169
8.950000 -0.000148
9.000000 0.000184
9.050000 -0.000149
9.100000 0.000174
9.150000 -0.000170
9.200000 0.000148
9.250000 -0.000202
9.300000 0.000120
9.350000 -0.000227
9.400000 0.000106
9.450000 -0.000234
9.500000 0.000112
9.550000 -0.000219
9.600000 0.000140
9.650000 -0.000187
9.700000 0.000178
9.750000 -0.000151
9.800000 0.000211
9.850000 -0.000128
9.900000 0.000227
9.950000 -0.000127
10.000000 0.000219
10.050000 -0.000148
10.100000 0.000191
10.150000 -0.000184
10.200000 0.000155
10.250000 -0.000219
10.300000 0.000129
10.350000 -0.000239
10.400000 0.000123
10.450000 -0.000234
10.500000 0.000142
10.550000 -0.000208
10.600000 0.000178
10.650000 -0.000171
10.700000 0.000217
10.750000 -0.000139
10.800000 0.000242
10.850000 -0.000128
10.900000 0.000244
10.950000 -0.000141
11.000000 0.000221
11.050000 -0.000176
11.100000 0.000184
11.150000 -0.000216
11.200000 0.000149
11.250000 -0.000246
11.300000 0.000131
11.350000 -0.000254
11.400000 0.000139
11.450000 -0.000236
11.500000 0.000170
11.550000 -0.000200
11.600000 0.000211
11.650000 -0.000161
11.700000 0.000247
11.750000 -0.000137
11.800000 0.000262
11.850000 -0.000137
11.900000 0.000251
11.950000 -0.000164
12.000000 0.000217
12.050000 -0.000206
12.100000 0.000176
12.150000 -0.000246
12.200000 0.000144
12.250000 -0.000269
12.300000 0.000137
12.350000 -0.000264
12.400000 0.000157
12.450000 -0.000235
12.500000 0.000198
12.550000 -0.000192
12.600000 0.000242
12.650000 -0.000155
12.700000 0.000272
12.750000 -0.000139
12.800000 0.000276
12.850000 -0.000152
12.900000 0.000253
12.950000 -0.000188
13.000000 0.000211
13.050000 -0.000235
13.100000 0.000169
13.150000 -0.000272
13.200000 0.000144
13.250000 -0.000286
13.300000 0.000147
13.350000 -0.000271
13.400000 0.000178
13.450000 -0.000232
13.500000 0.000225
13.550000 -0.000186
13.600000 0.000269
13.650000 -0.000152
13.700000 0.000293
13.750000 -0.000144
13.800000 0.000287
13.850000 -0.000167
13.900000 0.000253
13.950000 -0.000212
14.000000 0.000206
14.050000 -0.000262
14.100000 0.000164
14.150000 -0.000295
14.200000 0.000146
14.250000 -0.000301
14.300000 0.000158
14.350000 -0.000275
14.400000 0.000198
14.450000 -0.000229
14.500000 0.000250
14.550000 -0.000181
14.600000 0.000292
14.650000 -0.000151
14.700000 0.000310
14.750000 -0.000152
14.800000 0.000296
14.850000 -0.000183
14.900000 0.000254
14.950000 -0.000234
15.000000 0.000203
15.050000 -0.000284
15.100000 0.000162
15.150000 -0.000315
15.200000 0.000148
15.250000 -0.000313
15.300000 0.000169
15.350000 -0.000280
15.400000 0.000215
15.450000 -0.000228
15.500000 0.000271
15.550000 -0.000178
15.600000 0.000313
15.650000 -0.000151
15.700000 0.000326
15.750000 -0.000157
15.800000 0.000304
15.850000 -0.000196
15.900000 0.000257
15.950000 -0.000252
16.000000 0.000201
16.050000 -0.000304
16.100000 0.000161
16.150000 -0.000332
16.200000 0.000151
16.250000 -0.000326
16.300000 0.000177
16.350000 -0.000287
16.400000 0.000229
16.450000 -0.000230
16.500000 0.000288
16.550000 -0.000178
16.600000 0.000331
16.650000 -0.000151
16.700000 0.000342
16.750000 -0.000161
16.800000 0.000316
16.850000 -0.000204
16.900000 0.000263
16.950000 -0.000265
17.000000 0.000203
17.050000 -0.000320
17.100000 0.000160
17.150000 -0.000349
17.200000 0.000151
17.250000 -0.000340
17.300000 0.000180
17.350000 -0.000297
17.400000 0.000237
17.450000 -0.000235
17.500000 0.000300
17.550000 -0.000180
17.600000 0.000346
17.650000 -0.000151
17.700000 0.000358
17.750000 -0.000161
17.800000 0.000330
17.850000 -0.000207
17.900000 0.000273
17.950000 -0.000272
18.000000 0.000209
18.050000 -0.000332
18.100000 0.000161
18.150000 -0.000365
18.200000 0.000149
18.250000 -0.000357
18.300000 0.000178
18.350000 -0.000312
18.400000 0.000238
18.450000 -0.000246
18.500000 0.000307
18.550000 -0.000184
18.600000 0.000359
18.650000 -0.000149
18.700000 0.000375
18.750000 -0.000156
18.800000 0.000348
18.850000 -0.000202
18.900000 0.000289
18.950000 -0.000271
19.000000 0.000219
19.050000 -0.000338
19.100000 0.000164
19.150000 -0.000378
19.200000 0.000145
19.250000 -0.000376
19.300000 0.000170
19.350000 -0.000333
19.400000 0.000230
19.450000 -0.000264
19.500000 0.000304
19.550000 -0.000194
19.600000 0.000366
19.650000 -0.000150
19.700000 0.000391
19.750000 -0.000147
19.800000 0.000372
19.850000 -0.000189
19.900000 0.000314
19.950000 -0.000261
20.000000 0.000238
20.050000 -0.000336
20.100000 0.000172
20.150000 -0.000388
20.200000 0.000140
20.250000 -0.000398
20.300000 0.000156
20.350000 -0.000361
20.400000 0.000213
20.450000 -0.000290
20.500000 0.000292
20.550000 -0.000212
20.600000 0.000365
20.650000 -0.000154
20.700000 0.000405
20.750000 -0.000138
20.800000 0.000398
20.850000 -0.000169
20.900000 0.000346
20.950000 -0.000239
21.000000 0.000267
21.050000 -0.000322
21.100000 0.000189
21.150000 -0.000390
21.200000 0.000140
21.250000 -0.000417
21.300000 0.000138
21.350000 -0.000394
21.400000 0.000186
21.450000 -0.000328
21.500000 0.000266
21.550000 -0.000242
21.600000 0.000351
21.650000 -0.000167
21.700000 0.000411
21.750000 -0.000130
21.800000 0.000424
21.850000 -0.000144
21.900000 0.000385
21.950000 -0.000206
22.000000 0.000308
22.050000 -0.000293
22.100000 0.000219
22.150000 -0.000377
22.200000 0.000149
22.250000 -0.000428
22.300000 0.000124
22.350000 -0.000427
22.400000 0.000152
22.450000 -0.000374
22.500000 0.000225
22.550000 -0.000288
22.600000 0.000319
22.650000 -0.000197
22.700000 0.000401
22.750000 -0.000133
22.800000 0.000442
22.850000 -0.000119
22.900000 0.000428
22.950000 -0.000162
23.000000 0.000362
23.050000 -0.000246
23.100000 0.000268
23.150000 -0.000344
23.200000 0.000176
23.250000 -0.000422
23.300000 0.000120
23.350000 -0.000453
23.400000 0.000118
23.450000 -0.000426
23.500000 0.000173
23.550000 -0.000349
23.600000 0.000266
23.650000 -0.000249
23.700000 0.000366
23.750000 -0.000158
23.800000 0.000440
23.850000 -0.000109
23.900000 0.000462
23.950000 -0.000118
24.000000 0.000423
24.050000 -0.000183
24.100000 0.000337
24.150000 -0.000284
24.200000 0.000232
24.250000 -0.000386
24.300000 0.000142
24.350000 -0.000457
24.400000 0.000098
24.450000 -0.000470
24.500000 0.000117
24.550000 -0.000421
24.600000 0.000193
24.650000 -0.000326
24.700000 0.000301
24.750000 -0.000215
24.800000 0.000405
24.850000 -0.000126
24.900000 0.000471
24.950000 -0.000089
25.000000 0.000477
25.050000 -0.000117
25.100000 0.000419
25.150000 -0.000201
25.200000 0.000316
25.250000 -0.000315
25.300000 0.000202
25.350000 -0.000421
25.400000 0.000114
25.450000 -0.000484
25.500000 0.000080
25.550000 -0.000484
25.600000 0.000114
25.650000 -0.000419
25.700000 0.000206
25.750000 -0.000310
25.800000 0.000325
25.850000 -0.000190
25.900000 0.000435
25.950000 -0.000101
26.000000 0.000498
26.050000 -0.000070
26.100000 0.000493
26.150000 -0.000110
26.200000 0.000421
26.250000 -0.000208
26.300000 0.000305
26.350000 -0.000334
26.400000 0.000181
26.450000 -0.000446
26.500000 0.000089
26.550000 -0.000509
26.600000 0.000060
26.650000 -0.000502
26.700000 0.000104
26.750000 -0.000426
26.800000 0.000207
26.850000 -0.000305
26.900000 0.000337
26.950000 -0.000176
27.000000 0.000454
27.050000 -0.000080
27.100000 0.000521
27.150000 -0.000049
27.200000 0.000514
27.250000 -0.000093
27.300000 0.000435
27.350000 -0.000200
27.400000 0.000308
27.450000 -0.000337
27.500000 0.000172
27.550000 -0.000461
27.600000 0.000071
27.650000 -0.000532
27.700000 0.000036
27.750000 -0.000528
27.800000 0.000080
27.850000 -0.000448
27.900000 0.000190
27.950000 -0.000316
28.000000 0.000332
28.050000 -0.000174
28.100000 0.000463
28.150000 -0.000065
28.200000 0.000541
28.250000 -0.000023
28.300000 0.000542
28.350000 -0.000062
28.400000 0.000465
28.450000 -0.000172
28.500000 0.000331
28.550000 -0.000319
28.600000 0.000181
28.650000 -0.000460
28.700000 0.000061
28.750000 -0.000549
28.800000 0.000008
28.850000 -0.000560
28.900000 0.000040
28.950000 -0.000487
29.000000 0.000149
29.050000 -0.000351
29.100000 0.000301
29.150000 -0.000193
29.200000 0.000452
29.250000 -0.000061
29.300000 0.000555
29.350000 0.000005
29.400000 0.000578
29.450000 -0.000017
29.500000 0.000513
29.550000 -0.000120
29.600000 0.000378
29.650000 -0.000275
29.700000 0.000214
29.750000 -0.000435
29.800000 0.000068
29.850000 -0.000554
29.900000 -0.000015
29.950000 -0.000595
30.000000 -0.000010
30.050000 -0.000544
30.100000 0.000083
30.150000 -0.000414
30.200000 0.000238
30.250000 -0.000244
30.300000 0.000410
30.350000 -0.000082
30.400000 0.000548
30.450000 0.000023
30.500000 0.000610
30.550000 0.000038
30.600000 0.000577
30.650000 -0.000041
30.700000 0.000456
30.750000 -0.000194
30.800000 0.000282
30.850000 -0.000375
30.900000 0.000106
30.950000 -0.000532
31.000000 -0.000021
31.050000 -0.000619
31.100000 -0.000062
31.150000 -0.000609
31.200000 -0.000004
31.250000 -0.000504
31.300000 0.000139
31.350000 -0.000333
31.400000 0.000325
31.450000 -0.000144
31.500000 0.000502
31.550000 0.000010
31.600000 0.000619
31.650000 0.000082
31.700000 0.000640
31.750000 0.000052
31.800000 0.000559
31.850000 -0.000074
31.900000 0.000395
31.950000 -0.000262
32.000000 0.000195
32.050000 -0.000458
32.100000 0.000015
32.150000 -0.000607
32.200000 -0.000092
32.250000 -0.000664
32.300000 -0.000096
32.350000 -0.000612
32.400000 0.000006
32.450000 -0.000465
32.500000 0.000186
32.550000 -0.000263
32.600000 0.000395
32.650000 -0.000061
32.700000 0.000574
32.750000 0.000085
32.800000 0.000673
32.850000 0.000132
32.900000 0.000663
32.950000 0.000066
33.000000 0.000544
33.050000 -0.000096
33.100000 0.000348
33.150000 -0.000311
33.200000 0.000127
33.250000 -0.000520
33.300000 -0.000057
33.350000 -0.000664
33.400000 -0.000153
33.450000 -0.000703
33.500000 -0.000133
33.550000 -0.000623
33.600000 -0.000001
33.650000 -0.000445
33.700000 0.000209
33.750000 -0.000216
33.800000 0.000439
33.850000 0.000002
33.900000 0.000627
33.950000 0.000149
34.000000 0.000721
34.050000 0.000185
34.100000 0.000694
34.150000 0.000099
34.200000 0.000551
34.250000 -0.000088
34.300000 0.000330
34.350000 -0.000327
34.400000 0.000087
34.450000 -0.000555
34.500000 -0.000112
34.550000 -0.000709
34.600000 -0.000214
34.650000 -0.000748
34.700000 -0.000189
34.750000 -0.000658
34.800000 -0.000041
34.850000 -0.000460
34.900000 0.000191
34.950000 -0.000206
35.000000 0.000447
35.050000 0.000037
35.100000 0.000658
35.150000 0.000205
35.200000 0.000768
35.250000 0.000252
35.300000 0.000746
35.350000 0.000165
35.400000 0.000596
35.450000 -0.000036
35.500000 0.000356
35.550000 -0.000298
35.600000 0.000086
35.650000 -0.000555
35.700000 -0.000144
35.750000 -0.000740
35.800000 -0.000274
35.850000 -0.000803
35.900000 -0.000269
35.950000 -0.000726
36.000000 -0.000127
36.050000 -0.000525
36.100000 0.000117
36.150000 -0.000250
36.200000 0.000402
36.250000 0.000029
36.300000 0.000654
36.350000 0.000240
36.400000 0.000808
36.450000 0.000329
36.500000 0.000822
36.550000 0.000270
36.600000 0.000690
36.650000 0.000077
36.700000 0.000445
36.750000 -0.000203
36.800000 0.000146
36.850000 -0.000500
36.900000 -0.000132
36.950000 -0.000738
37.000000 -0.000319
37.050000 -0.000858
37.100000 -0.000367
37.150000 -0.000827
37.200000 -0.000262
37.250000 -0.000650
37.300000 -0.000027
37.350000 -0.000369
37.400000 0.000281
37.450000 -0.000050
37.500000 0.000586
37.550000 0.000226
37.600000 0.000813
37.650000 0.000391
37.700000 0.000902
37.750000 0.000402
37.800000 0.000829
37.850000 0.000253
37.900000 0.000610
37.950000 -0.000021
38.000000 0.000295
38.050000 -0.000353
38.100000 -0.000038
38.150000 -0.000664
38.200000 -0.000310
38.250000 -0.000876
38.300000 -0.000453
38.350000 -0.000937
38.400000 -0.000431
38.450000 -0.000829
38.500000 -0.000247
38.550000 -0.000577
38.600000 0.000057
38.650000 -0.000236
38.700000 0.000410
38.750000 0.000112
38.800000 0.000728
38.850000 0.000384
38.900000 0.000934
38.950000 0.000514
39.000000 0.000975
39.050000 0.000468
39.100000 0.000840
39.150000 0.000254
39.200000 0.000556
39.250000 -0.000080
39.300000 0.000189
39.350000 -0.000455
39.400000 -0.000176
39.450000 -0.000783
39.500000 -0.000451
39.550000 -0.000986
39.600000 -0.000573
39.650000 -0.001014
39.700000 -0.000509
39.750000 -0.000859
39.800000 -0.000274
39.850000 -0.000552
39.900000 0.000082
39.950000 -0.000163
40.000000 0.000478
40.050000 0.000220
40.100000 0.000823
40.150000 0.000509
40.200000 0.001035
40.250000 0.000636
40.300000 0.001064
40.350000 0.000568
40.400000 0.000899
40.450000 0.000318
40.500000 0.000573
40.550000 -0.000061
40.600000 0.000159
40.650000 -0.000482
40.700000 -0.000250
40.750000 -0.000851
40.800000 -0.000561
40.850000 -0.001082
40.900000 -0.000701
40.950000 -0.001120
41.000000 -0.000638
41.050000 -0.000954
41.100000 -0.000383
41.150000 -0.000619
41.200000 0.000010
41.250000 -0.000186
41.300000 0.000456
41.350000 0.000251
41.400000 0.000855
41.450000 0.000595
41.500000 0.001119
41.550000 0.000768
41.600000 0.001186
41.650000 0.000729
41.700000 0.001038
41.750000 0.000482
41.800000 0.000702
41.850000 0.000078
41.900000 0.000248
41.950000 -0.000396
42.000000 -0.000224
42.050000 -0.000836
42.100000 -0.000613
42.150000 -0.001147
42.200000 -0.000831
42.250000 -0.001256
42.300000 -0.000829
42.350000 -0.001138
42.400000 -0.000605
42.450000 -0.000815
42.500000 -0.000204
42.550000 -0.000353
42.600000 0.000291
42.650000 0.000153
42.700000 0.000775
42.750000 0.000594
42.800000 0.001146
42.850000 0.000878
42.900000 0.001321
42.950000 0.000939
43.000000 0.001260
43.050000 0.000762
43.100000 0.000971
43.150000 0.000379
43.200000 0.000509
43.250000 -0.000133
43.300000 -0.000031
43.350000 -0.000667
43.400000 -0.000536
43.450000 -0.001112
43.500000 -0.000901
43.550000 -0.001373
43.600000 -0.001048
43.650000 -0.001393
43.700000 -0.000943
43.750000 -0.001164
43.800000 -0.000607
43.850000 -0.000732
43.900000 -0.000105
43.950000 -0.000181
44.000000 0.000462
44.050000 0.000376
44.100000 0.000978
44.150000 0.000829
44.200000 0.001339
44.250000 0.001085
44.300000 0.001472
44.350000 0.001095
44.400000 0.001354
44.450000 0.000861
44.500000 0.001015
44.550000 0.000444
44.600000 0.000542
44.650000 -0.000048
44.700000 0.000063
44.750000 -0.000473
44.800000 -0.000276
44.850000 -0.000685
44.900000 -0.000333
44.950000 -0.000555
