-30.000000 -0.000152
-29.950000 -0.000157
-29.900000 -0.000302
-29.850000 -0.000294
-29.800000 -0.000413
-29.750000 -0.000371
-29.700000 -0.000444
-29.650000 -0.000355
-29.600000 -0.000376
-29.550000 -0.000241
-29.500000 -0.000219
-29.450000 -0.000054
-29.400000 -0.000012
-29.350000 0.000156
-29.300000 0.000188
-29.250000 0.000329
-29.200000 0.000324
-29.150000 0.000414
-29.100000 0.000355
-29.050000 0.000384
-29.000000 0.000270
-28.950000 0.000247
-28.900000 0.000094
-28.850000 0.000041
-28.800000 -0.000124
-28.750000 -0.000176
-28.700000 -0.000319
-28.650000 -0.000338
-28.600000 -0.000433
-28.550000 -0.000397
-28.500000 -0.000429
-28.450000 -0.000333
-28.400000 -0.000306
-28.350000 -0.000163
-28.300000 -0.000097
-28.250000 0.000067
-28.200000 0.000140
-28.150000 0.000290
-28.100000 0.000336
-28.050000 0.000441
-28.000000 0.000434
-27.950000 0.000475
-27.900000 0.000404
-27.850000 0.000379
-27.800000 0.000251
-27.750000 0.000177
-27.700000 0.000017
-27.650000 -0.000077
-27.600000 -0.000235
-27.550000 -0.000311
-27.500000 -0.000431
-27.450000 -0.000459
-27.400000 -0.000515
-27.350000 -0.000476
-27.300000 -0.000460
-27.250000 -0.000355
-27.200000 -0.000278
-27.150000 -0.000128
-27.100000 -0.000017
-27.050000 0.000146
-27.000000 0.000253
-26.950000 0.000390
-26.900000 0.000457
-26.850000 0.000536
-26.800000 0.000537
-26.750000 0.000540
-26.700000 0.000469
-26.650000 0.000399
-26.600000 0.000266
-26.550000 0.000146
-26.500000 -0.000017
-26.450000 -0.000153
-26.400000 -0.000306
-26.350000 -0.000416
-26.300000 -0.000522
-26.250000 -0.000572
-26.200000 -0.000604
-26.150000 -0.000576
-26.100000 -0.000526
-26.050000 -0.000425
-26.000000 -0.000306
-25.950000 -0.000153
-25.900000 0.000002
-25.850000 0.000168
-25.800000 0.000318
-25.750000 0.000454
-25.700000 0.000558
-25.650000 0.000628
-25.600000 0.000657
-25.550000 0.000641
-25.500000 0.000586
-25.450000 0.000486
-25.400000 0.000359
-25.350000 0.000198
-25.300000 0.000032
-25.250000 -0.000151
-25.200000 -0.000312
-25.150000 -0.000471
-25.100000 -0.000585
-25.050000 -0.000680
-25.000000 -0.000713
-24.950000 -0.000721
-24.900000 -0.000659
-24.850000 -0.000579
-24.800000 -0.000434
-24.750000 -0.000287
-24.700000 -0.000089
-24.650000 0.000086
-24.600000 0.000291
-24.550000 0.000446
-24.500000 0.000611
-24.450000 0.000701
-24.400000 0.000788
-24.350000 0.000785
-24.300000 0.000776
-24.250000 0.000672
-24.200000 0.000571
-24.150000 0.000384
-24.100000 0.000221
-24.050000 -0.000011
-24.000000 -0.000191
-23.950000 -0.000418
-23.900000 -0.000565
-23.850000 -0.000738
-23.800000 -0.000807
-23.750000 -0.000890
-23.700000 -0.000855
-23.650000 -0.000833
-23.600000 -0.000692
-23.550000 -0.000575
-23.500000 -0.000351
-23.450000 -0.000174
-23.400000 0.000089
-23.350000 0.000276
-23.300000 0.000526
-23.250000 0.000669
-23.200000 0.000855
-23.150000 0.000910
-23.100000 0.000994
-23.050000 0.000935
-23.000000 0.000906
-22.950000 0.000735
-22.900000 0.000607
-22.850000 0.000349
-22.800000 0.000160
-22.750000 -0.000136
-22.700000 -0.000332
-22.650000 -0.000610
-22.600000 -0.000756
-22.550000 -0.000962
-22.500000 -0.001012
-22.450000 -0.001107
-22.400000 -0.001035
-22.350000 -0.001008
-22.300000 -0.000814
-22.250000 -0.000679
-22.200000 -0.000393
-22.150000 -0.000192
-22.100000 0.000138
-22.050000 0.000348
-22.000000 0.000660
-21.950000 0.000819
-21.900000 0.001055
-21.850000 0.001113
-21.800000 0.001233
-21.750000 0.001159
-21.700000 0.001146
-21.650000 0.000940
-21.600000 0.000808
-21.550000 0.000497
-21.500000 0.000287
-21.450000 -0.000077
-21.400000 -0.000306
-21.350000 -0.000660
-21.300000 -0.000843
-21.250000 -0.001124
-21.200000 -0.001205
-21.150000 -0.001364
-21.100000 -0.001307
-21.050000 -0.001324
-21.000000 -0.001122
-20.950000 -0.001004
-20.900000 -0.000679
-20.850000 -0.000465
-20.800000 -0.000069
-20.750000 0.000183
-20.700000 0.000584
-20.650000 0.000803
-20.600000 0.001142
-20.550000 0.001265
-20.500000 0.001484
-20.450000 0.001466
-20.400000 0.001533
-20.350000 0.001356
-20.300000 0.001271
-20.250000 0.000951
-20.200000 0.000745
-20.150000 0.000326
-20.100000 0.000055
-20.050000 -0.000396
-20.000000 -0.000659
-19.950000 -0.001069
-19.900000 -0.001252
-19.850000 -0.001553
-19.800000 -0.001599
-19.750000 -0.001746
-19.700000 -0.001623
-19.650000 -0.001599
-19.600000 -0.001309
-19.550000 -0.001135
-19.500000 -0.000713
-19.450000 -0.000437
-19.400000 0.000056
-19.350000 0.000362
-19.300000 0.000848
-19.250000 0.001106
-19.200000 0.001508
-19.150000 0.001646
-19.100000 0.001902
-19.050000 0.001870
-19.000000 0.001946
-18.950000 0.001726
-18.900000 0.001621
-18.850000 0.001232
-18.800000 0.000981
-18.750000 0.000473
-18.700000 0.000140
-18.650000 -0.000413
-18.600000 -0.000745
-18.550000 -0.001258
-18.500000 -0.001508
-18.450000 -0.001903
-18.400000 -0.002001
-18.350000 -0.002219
-18.300000 -0.002121
-18.250000 -0.002138
-18.200000 -0.001837
-18.150000 -0.001664
-18.100000 -0.001190
-18.050000 -0.000874
-18.000000 -0.000290
-17.950000 0.000094
-17.900000 0.000705
-17.850000 0.001067
-17.800000 0.001614
-17.750000 0.001868
-17.700000 0.002270
-17.650000 0.002345
-17.600000 0.002547
-17.550000 0.002404
-17.500000 0.002384
-17.450000 0.002022
-17.400000 0.001798
-17.350000 0.001255
-17.300000 0.000882
-17.250000 0.000227
-17.200000 -0.000211
-17.150000 -0.000887
-17.100000 -0.001295
-17.050000 -0.001894
-17.000000 -0.002179
-16.950000 -0.002616
-16.900000 -0.002703
-16.850000 -0.002919
-16.800000 -0.002766
-16.750000 -0.002738
-16.700000 -0.002345
-16.650000 -0.002093
-16.600000 -0.001498
-16.550000 -0.001078
-16.500000 -0.000355
-16.450000 0.000145
-16.400000 0.000899
-16.350000 0.001375
-16.300000 0.002056
-16.250000 0.002409
-16.200000 0.002922
-16.150000 0.003067
-16.100000 0.003344
-16.050000 0.003231
-16.000000 0.003241
-15.950000 0.002860
-15.900000 0.002614
-15.850000 0.001998
-15.800000 0.001551
-15.750000 0.000771
-15.700000 0.000208
-15.650000 -0.000635
-15.600000 -0.001205
-15.550000 -0.002001
-15.500000 -0.002467
-15.450000 -0.003109
-15.400000 -0.003373
-15.350000 -0.003775
-15.300000 -0.003769
-15.250000 -0.003883
-15.200000 -0.003579
-15.150000 -0.003400
-15.100000 -0.002816
-15.050000 -0.002383
-15.000000 -0.001579
-14.950000 -0.000972
-14.900000 -0.000045
-14.850000 0.000628
-14.800000 0.001563
-14.750000 0.002182
-14.700000 0.003004
-14.650000 0.003454
-14.600000 0.004057
-14.550000 0.004245
-14.500000 0.004555
-14.450000 0.004426
-14.400000 0.004407
-14.350000 0.003949
-14.300000 0.003616
-14.250000 0.002867
-14.200000 0.002278
-14.150000 0.001317
-14.100000 0.000570
-14.050000 -0.000492
-14.000000 -0.001275
-13.950000 -0.002308
-13.900000 -0.002998
-13.850000 -0.003875
-13.800000 -0.004351
-13.750000 -0.004964
-13.700000 -0.005132
-13.650000 -0.005407
-13.600000 -0.005216
-13.550000 -0.005124
-13.500000 -0.004569
-13.450000 -0.004131
-13.400000 -0.003258
-13.350000 -0.002543
-13.300000 -0.001443
-13.250000 -0.000558
-13.200000 0.000648
-13.150000 0.001569
-13.100000 0.002741
-13.050000 0.003559
-13.000000 0.004560
-12.950000 0.005144
-12.900000 0.005856
-12.850000 0.006103
-12.800000 0.006443
-12.750000 0.006293
-12.700000 0.006224
-12.650000 0.005665
-12.600000 0.005201
-12.550000 0.004275
-12.500000 0.003481
-12.450000 0.002274
-12.400000 0.001260
-12.350000 -0.000103
-12.300000 -0.001201
-12.250000 -0.002571
-12.200000 -0.003600
-12.150000 -0.004827
-12.100000 -0.005641
-12.050000 -0.006587
-12.000000 -0.007062
-11.950000 -0.007619
-11.900000 -0.007668
-11.850000 -0.007776
-11.800000 -0.007363
-11.750000 -0.007010
-11.700000 -0.006154
-11.650000 -0.005386
-11.600000 -0.004155
-11.550000 -0.003066
-11.500000 -0.001578
-11.450000 -0.000301
-11.400000 0.001297
-11.350000 0.002604
-11.300000 0.004149
-11.250000 0.005320
-11.200000 0.006652
-11.150000 0.007536
-11.100000 0.008512
-11.050000 0.008985
-11.000000 0.009503
-10.950000 0.009482
-10.900000 0.009486
-10.850000 0.008943
-10.800000 0.008431
-10.750000 0.007393
-10.700000 0.006419
-10.650000 0.004967
-10.600000 0.003635
-10.550000 0.001894
-10.500000 0.000350
-10.450000 -0.001521
-10.400000 -0.003107
-10.350000 -0.004930
-10.300000 -0.006380
-10.250000 -0.007979
-10.200000 -0.009123
-10.150000 -0.010340
-10.100000 -0.011037
-10.050000 -0.011750
-10.000000 -0.011900
-9.950000 -0.012034
-9.900000 -0.011590
-9.850000 -0.011128
-9.800000 -0.010101
-9.750000 -0.009083
-9.700000 -0.007541
-9.650000 -0.006061
-9.600000 -0.004124
-9.550000 -0.002323
-9.500000 -0.000150
-9.450000 0.001798
-9.400000 0.004021
-9.350000 0.005924
-9.300000 0.008005
-9.250000 0.009672
-9.200000 0.011427
-9.150000 0.012686
-9.100000 0.013957
-9.050000 0.014668
-9.000000 0.015337
-8.950000 0.015407
-8.900000 0.015407
-8.850000 0.014796
-8.800000 0.014116
-8.750000 0.012842
-8.700000 0.011529
-8.650000 0.009669
-8.600000 0.007825
-8.550000 0.005503
-8.500000 0.003277
-8.450000 0.000664
-8.400000 -0.001760
-8.350000 -0.004469
-8.300000 -0.006886
-8.250000 -0.009481
-8.200000 -0.011681
-8.150000 -0.013958
-8.100000 -0.015745
-8.050000 -0.017518
-8.000000 -0.018723
-7.950000 -0.019845
-7.900000 -0.020343
-7.850000 -0.020711
-7.800000 -0.020428
-7.750000 -0.019999
-7.700000 -0.018920
-7.650000 -0.017709
-7.600000 -0.015879
-7.550000 -0.013960
-7.500000 -0.011483
-7.450000 -0.008984
-7.400000 -0.006009
-7.350000 -0.003103
-7.300000 0.000180
-7.250000 0.003291
-7.200000 0.006668
-7.150000 0.009764
-7.100000 0.013012
-7.050000 0.015871
-7.000000 0.018773
-6.950000 0.021185
-6.900000 0.023544
-6.850000 0.025327
-6.800000 0.026976
-6.750000 0.027984
-6.700000 0.028801
-6.650000 0.028936
-6.600000 0.028848
-6.550000 0.028062
-6.500000 0.027048
-6.450000 0.025350
-6.400000 0.023445
-6.350000 0.020896
-6.300000 0.018188
-6.250000 0.014900
-6.200000 0.011527
-6.150000 0.007659
-6.100000 0.003798
-6.050000 -0.000454
-6.000000 -0.004593
-5.950000 -0.009006
-5.900000 -0.013192
-5.850000 -0.017531
-5.800000 -0.021525
-5.750000 -0.025551
-5.700000 -0.029118
-5.650000 -0.032604
-5.600000 -0.035528
-5.550000 -0.038270
-5.500000 -0.040363
-5.450000 -0.042192
-5.400000 -0.043307
-5.350000 -0.044101
-5.300000 -0.044138
-5.250000 -0.043822
-5.200000 -0.042736
-5.150000 -0.041292
-5.100000 -0.039092
-5.050000 -0.036556
-5.000000 -0.033303
-4.950000 -0.029762
-4.900000 -0.025568
-4.850000 -0.021156
-4.800000 -0.016174
-4.750000 -0.011061
-4.700000 -0.005479
-4.650000 0.000134
-4.600000 0.006107
-4.550000 0.012001
-4.500000 0.018140
-4.450000 0.024088
-4.400000 0.030163
-4.350000 0.035938
-4.300000 0.041728
-4.250000 0.047112
-4.200000 0.052405
-4.150000 0.057197
-4.100000 0.061801
-4.050000 0.065817
-4.000000 0.069562
-3.950000 0.072647
-3.900000 0.075388
-3.850000 0.077409
-3.800000 0.079029
-3.750000 0.079883
-3.700000 0.080293
-3.650000 0.079905
-3.600000 0.079041
-3.550000 0.077362
-3.500000 0.075191
-3.450000 0.072199
-3.400000 0.068709
-3.350000 0.064406
-3.300000 0.059612
-3.250000 0.054023
-3.200000 0.047963
-3.150000 0.041138
-3.100000 0.033871
-3.050000 0.025880
-3.000000 0.017488
-2.950000 0.008422
-2.900000 -0.000995
-2.850000 -0.011024
-2.800000 -0.021344
-2.750000 -0.032207
-2.700000 -0.043291
-2.650000 -0.054840
-2.600000 -0.066532
-2.550000 -0.078602
-2.500000 -0.090731
-2.450000 -0.103143
-2.400000 -0.115523
-2.350000 -0.128087
-2.300000 -0.140523
-2.250000 -0.153038
-2.200000 -0.165326
-2.150000 -0.177590
-2.100000 -0.189525
-2.050000 -0.201332
-2.000000 -0.212713
-1.950000 -0.223864
-1.900000 -0.234497
-1.850000 -0.244804
-1.800000 -0.254508
-1.750000 -0.263799
-1.700000 -0.272414
-1.650000 -0.280541
-1.600000 -0.287931
-1.550000 -0.294774
-1.500000 -0.300835
-1.450000 -0.306307
-1.400000 -0.310967
-1.350000 -0.315016
-1.300000 -0.318245
-1.250000 -0.320856
-1.200000 -0.322658
-1.150000 -0.323856
-1.100000 -0.324274
-1.050000 -0.324120
-1.000000 -0.323234
-0.950000 -0.321826
-0.900000 -0.319749
-0.850000 -0.317217
-0.800000 -0.314094
-0.750000 -0.310595
-0.700000 -0.306597
-0.650000 -0.302314
-0.600000 -0.297634
-0.550000 -0.292770
-0.500000 -0.287620
-0.450000 -0.282396
-0.400000 -0.277007
-0.350000 -0.271662
-0.300000 -0.266281
-0.250000 -0.261071
-0.200000 -0.255963
-0.150000 -0.251165
-0.100000 -0.246619
-0.050000 -0.242534
0.000000 -0.238868
0.050000 -0.235833
0.100000 -0.233404
0.150000 -0.231801
0.200000 -0.231020
0.250000 -0.231293
0.300000 -0.232644
0.350000 -0.235320
0.400000 -0.239380
0.450000 -0.245094
0.500000 -0.252560
0.550000 -0.262083
0.600000 -0.273806
0.650000 -0.288074
0.700000 -0.305089
0.750000 -0.325240
0.800000 -0.348796
0.850000 -0.376199
0.900000 -0.407785
0.950000 -0.444056
1.000000 -0.485412
1.050000 -0.532406
1.100000 -0.585493
1.150000 -0.645254
1.200000 -0.712166
1.250000 -0.786797
1.300000 -0.869588
1.350000 -0.961015
1.400000 -1.061387
1.450000 -1.170969
1.500000 -1.289801
1.550000 -1.417775
1.600000 -1.554476
1.650000 -1.699232
1.700000 -1.850975
1.750000 -2.008279
1.800000 -2.169266
1.850000 -2.331644
1.900000 -2.492688
1.950000 -2.649306
2.000000 -2.798108
2.050000 -2.935526
2.100000 -3.057967
2.150000 -3.161973
2.200000 -3.244440
2.250000 -3.302757
2.300000 -3.335034
2.350000 -3.340152
2.400000 -3.317933
2.450000 -3.269044
2.500000 -3.195070
2.550000 -3.098277
2.600000 -2.981602
2.650000 -2.848322
2.700000 -2.702027
2.750000 -2.546264
2.800000 -2.384560
2.850000 -2.220093
2.900000 -2.055806
2.950000 -1.894123
3.000000 -1.737158
3.050000 -1.586467
3.100000 -1.443330
3.150000 -1.308515
3.200000 -1.182608
3.250000 -1.065766
3.300000 -0.958078
3.350000 -0.859290
3.400000 -0.769180
3.450000 -0.687252
3.500000 -0.613126
3.550000 -0.546193
3.600000 -0.486020
3.650000 -0.431971
3.700000 -0.383625
3.750000 -0.340369
3.800000 -0.301833
3.850000 -0.267451
3.900000 -0.236920
3.950000 -0.209733
4.000000 -0.185657
4.050000 -0.164243
4.100000 -0.145324
4.150000 -0.128504
4.200000 -0.113677
4.250000 -0.100492
4.300000 -0.088896
4.350000 -0.078573
4.400000 -0.069517
4.450000 -0.061442
4.500000 -0.054377
4.550000 -0.048060
4.600000 -0.042553
4.650000 -0.037611
4.700000 -0.033321
4.750000 -0.029451
4.800000 -0.026112
4.850000 -0.023079
4.900000 -0.020481
4.950000 -0.018100
5.000000 -0.016082
5.050000 -0.014210
5.100000 -0.012642
5.150000 -0.011166
5.200000 -0.009951
5.250000 -0.008784
5.300000 -0.007843
5.350000 -0.006916
5.400000 -0.006190
5.450000 -0.005450
5.500000 -0.004893
5.550000 -0.004299
5.600000 -0.003874
5.650000 -0.003395
5.700000 -0.003073
5.750000 -0.002683
5.800000 -0.002444
5.850000 -0.002123
5.900000 -0.001947
5.950000 -0.001680
6.000000 -0.001554
6.050000 -0.001329
6.100000 -0.001243
6.150000 -0.001051
6.200000 -0.000997
6.250000 -0.000831
6.300000 -0.000803
6.350000 -0.000657
6.400000 -0.000649
6.450000 -0.000520
6.500000 -0.000528
6.550000 -0.000410
6.600000 -0.000431
6.650000 -0.000321
6.700000 -0.000352
6.750000 -0.000250
6.800000 -0.000290
6.850000 -0.000193
6.900000 -0.000240
6.950000 -0.000147
7.000000 -0.000201
7.050000 -0.000112
7.100000 -0.000170
7.150000 -0.000084
7.200000 -0.000146
7.250000 -0.000060
7.300000 -0.000126
7.350000 -0.000041
7.400000 -0.000109
7.450000 -0.000024
7.500000 -0.000095
7.550000 -0.000011
7.600000 -0.000084
7.650000 -0.000001
7.700000 -0.000077
7.750000 0.000007
7.800000 -0.000072
7.850000 0.000012
7.900000 -0.000067
7.950000 0.000018
8.000000 -0.000063
8.050000 0.000024
8.100000 -0.000058
8.150000 0.000029
8.200000 -0.000055
8.250000 0.000033
8.300000 -0.000053
8.350000 0.000035
8.400000 -0.000052
8.450000 0.000036
8.500000 -0.000053
8.550000 0.000037
8.600000 -0.000052
8.650000 0.000039
8.700000 -0.000051
8.750000 0.000041
8.800000 -0.000049
8.850000 0.000044
8.900000 -0.000048
8.950000 0.000045
9.000000 -0.000048
9.050000 0.000045
9.100000 -0.000050
9.150000 0.000045
9.200000 -0.000051
9.250000 0.000045
9.300000 -0.000051
9.350000 0.000046
9.400000 -0.000050
9.450000 0.000048
9.500000 -0.000049
9.550000 0.000050
9.600000 -0.000049
9.650000 0.000051
9.700000 -0.000049
9.750000 0.000050
9.800000 -0.000051
9.850000 0.000049
9.900000 -0.000053
9.950000 0.000049
10.000000 -0.000053
10.050000 0.000050
10.100000 -0.000052
10.150000 0.000052
10.200000 -0.000051
10.250000 0.000054
10.300000 -0.000051
10.350000 0.000054
10.400000 -0.000052
10.450000 0.000053
10.500000 -0.000054
10.550000 0.000052
10.600000 -0.000055
10.650000 0.000051
10.700000 -0.000055
10.750000 0.000053
10.800000 -0.000054
10.850000 0.000055
10.900000 -0.000053
10.950000 0.000056
11.000000 -0.000053
11.050000 0.000056
11.100000 -0.000054
11.150000 0.000055
11.200000 -0.000056
11.250000 0.000054
11.300000 -0.000058
11.350000 0.000054
11.400000 -0.000057
11.450000 0.000055
11.500000 -0.000056
11.550000 0.000057
11.600000 -0.000054
11.650000 0.000058
11.700000 -0.000054
11.750000 0.000058
11.800000 -0.000056
11.850000 0.000057
11.900000 -0.000058
11.950000 0.000055
12.000000 -0.000059
12.050000 0.000055
12.100000 -0.000059
12.150000 0.000057
12.200000 -0.000057
12.250000 0.000059
12.300000 -0.000056
12.350000 0.000060
12.400000 -0.000056
12.450000 0.000060
12.500000 -0.000057
12.550000 0.000058
12.600000 -0.000060
12.650000 0.000056
12.700000 -0.000061
12.750000 0.000056
12.800000 -0.000060
12.850000 0.000058
12.900000 -0.000058
12.950000 0.000060
13.000000 -0.000057
13.050000 0.000061
13.100000 -0.000057
13.150000 0.000061
13.200000 -0.000058
13.250000 0.000059
13.300000 -0.000061
13.350000 0.000057
13.400000 -0.000062
13.450000 0.000057
13.500000 -0.000061
13.550000 0.000058
13.600000 -0.000059
13.650000 0.000061
13.700000 -0.000057
13.750000 0.000062
13.800000 -0.000057
13.850000 0.000062
13.900000 -0.000059
13.950000 0.000060
14.000000 -0.000061
14.050000 0.000057
14.100000 -0.000063
14.150000 0.000057
14.200000 -0.000062
14.250000 0.000058
14.300000 -0.000060
14.350000 0.000061
14.400000 -0.000057
14.450000 0.000063
14.500000 -0.000057
14.550000 0.000062
14.600000 -0.000058
14.650000 0.000060
14.700000 -0.000061
14.750000 0.000057
14.800000 -0.000063
14.850000 0.000057
14.900000 -0.000062
14.950000 0.000058
15.000000 -0.000060
15.050000 0.000061
15.100000 -0.000057
15.150000 0.000063
15.200000 -0.000056
15.250000 0.000062
15.300000 -0.000057
15.350000 0.000060
15.400000 -0.000060
15.450000 0.000057
15.500000 -0.000062
15.550000 0.000056
15.600000 -0.000062
15.650000 0.000057
15.700000 -0.000060
15.750000 0.000060
15.800000 -0.000057
15.850000 0.000062
15.900000 -0.000055
15.950000 0.000062
16.000000 -0.000056
16.050000 0.000060
16.100000 -0.000059
16.150000 0.000057
16.200000 -0.000061
16.250000 0.000055
16.300000 -0.000062
16.350000 0.000055
16.400000 -0.000060
16.450000 0.000058
16.500000 -0.000056
16.550000 0.000061
16.600000 -0.000054
16.650000 0.000061
16.700000 -0.000054
16.750000 0.000059
16.800000 -0.000057
16.850000 0.000056
16.900000 -0.000060
16.950000 0.000053
17.000000 -0.000061
17.050000 0.000053
17.100000 -0.000059
17.150000 0.000055
17.200000 -0.000055
17.250000 0.000059
17.300000 -0.000052
17.350000 0.000060
17.400000 -0.000052
17.450000 0.000059
17.500000 -0.000054
17.550000 0.000055
17.600000 -0.000057
17.650000 0.000052
17.700000 -0.000059
17.750000 0.000050
17.800000 -0.000058
17.850000 0.000052
17.900000 -0.000055
17.950000 0.000056
18.000000 -0.000051
18.050000 0.000058
18.100000 -0.000049
18.150000 0.000058
18.200000 -0.000050
18.250000 0.000054
18.300000 -0.000054
18.350000 0.000050
18.400000 -0.000057
18.450000 0.000048
18.500000 -0.000057
18.550000 0.000048
18.600000 -0.000054
18.650000 0.000052
18.700000 -0.000049
18.750000 0.000055
18.800000 -0.000046
18.850000 0.000056
18.900000 -0.000046
18.950000 0.000053
19.000000 -0.000050
19.050000 0.000049
19.100000 -0.000053
19.150000 0.000045
19.200000 -0.000055
19.250000 0.000044
19.300000 -0.000053
19.350000 0.000047
19.400000 -0.000048
19.450000 0.000051
19.500000 -0.000044
19.550000 0.000054
19.600000 -0.000042
19.650000 0.000052
19.700000 -0.000044
19.750000 0.000048
19.800000 -0.000049
19.850000 0.000043
19.900000 -0.000052
19.950000 0.000040
20.000000 -0.000052
20.050000 0.000042
20.100000 -0.000048
20.150000 0.000046
20.200000 -0.000042
20.250000 0.000050
20.300000 -0.000039
20.350000 0.000051
20.400000 -0.000039
20.450000 0.000047
20.500000 -0.000043
20.550000 0.000042
20.600000 -0.000047
20.650000 0.000037
20.700000 -0.000049
20.750000 0.000036
20.800000 -0.000047
20.850000 0.000040
20.900000 -0.000041
20.950000 0.000044
21.000000 -0.000036
21.050000 0.000047
21.100000 -0.000034
21.150000 0.000046
21.200000 -0.000036
21.250000 0.000041
21.300000 -0.000041
21.350000 0.000035
21.400000 -0.000045
21.450000 0.000032
21.500000 -0.000045
21.550000 0.000033
21.600000 -0.000041
21.650000 0.000037
21.700000 -0.000034
21.750000 0.000042
21.800000 -0.000030
21.850000 0.000044
21.900000 -0.000029
21.950000 0.000041
22.000000 -0.000033
22.050000 0.000034
22.100000 -0.000039
22.150000 0.000028
22.200000 -0.000042
22.250000 0.000026
22.300000 -0.000040
22.350000 0.000029
22.400000 -0.000034
22.450000 0.000035
22.500000 -0.000027
22.550000 0.000039
22.600000 -0.000024
22.650000 0.000039
22.700000 -0.000025
22.750000 0.000034
22.800000 -0.000031
22.850000 0.000027
22.900000 -0.000036
22.950000 0.000022
23.000000 -0.000038
23.050000 0.000021
23.100000 -0.000035
23.150000 0.000026
23.200000 -0.000027
23.250000 0.000032
23.300000 -0.000020
23.350000 0.000036
23.400000 -0.000018
23.450000 0.000034
23.500000 -0.000021
23.550000 0.000028
23.600000 -0.000027
23.650000 0.000020
23.700000 -0.000033
23.750000 0.000015
23.800000 -0.000034
23.850000 0.000016
23.900000 -0.000028
23.950000 0.000022
24.000000 -0.000020
24.050000 0.000029
24.100000 -0.000014
24.150000 0.000032
24.200000 -0.000012
24.250000 0.000029
24.300000 -0.000016
24.350000 0.000021
24.400000 -0.000024
24.450000 0.000013
24.500000 -0.000029
24.550000 0.000009
24.600000 -0.000029
24.650000 0.000011
24.700000 -0.000022
24.750000 0.000018
24.800000 -0.000013
24.850000 0.000025
24.900000 -0.000007
24.950000 0.000028
25.000000 -0.000006
25.050000 0.000023
25.100000 -0.000012
25.150000 0.000015
25.200000 -0.000020
25.250000 0.000006
25.300000 -0.000025
25.350000 0.000002
25.400000 -0.000024
25.450000 0.000005
25.500000 -0.000016
25.550000 0.000013
25.600000 -0.000007
25.650000 0.000021
25.700000 0.000000
25.750000 0.000023
25.800000 0.000000
25.850000 0.000018
25.900000 -0.000006
25.950000 0.000008
26.000000 -0.000015
26.050000 -0.000001
26.100000 -0.000021
26.150000 -0.000005
26.200000 -0.000019
26.250000 -0.000001
26.300000 -0.000011
26.350000 0.000008
26.400000 -0.000000
26.450000 0.000016
26.500000 0.000007
26.550000 0.000019
26.600000 0.000007
26.650000 0.000013
26.700000 -0.000000
26.750000 0.000003
26.800000 -0.000010
26.850000 -0.000008
26.900000 -0.000016
26.950000 -0.000012
27.000000 -0.000015
27.050000 -0.000008
27.100000 -0.000006
27.150000 0.000002
27.200000 0.000006
27.250000 0.000012
27.300000 0.000014
27.350000 0.000015
27.400000 0.000014
27.450000 0.000009
27.500000 0.000007
27.550000 -0.000002
27.600000 -0.000004
27.650000 -0.000014
27.700000 -0.000012
27.750000 -0.000019
27.800000 -0.000011
27.850000 -0.000015
27.900000 -0.000002
27.950000 -0.000005
28.000000 0.000011
28.050000 0.000006
28.100000 0.000021
28.150000 0.000011
28.200000 0.000022
28.250000 0.000006
28.300000 0.000015
28.350000 -0.000006
28.400000 0.000002
28.450000 -0.000019
28.500000 -0.000007
28.550000 -0.000026
28.600000 -0.000008
28.650000 -0.000024
28.700000 0.000000
28.750000 -0.000013
28.800000 0.000014
28.850000 -0.000000
28.900000 0.000026
28.950000 0.000007
29.000000 0.000030
29.050000 0.000004
29.100000 0.000024
29.150000 -0.000008
29.200000 0.000011
29.250000 -0.000023
29.300000 -0.000001
29.350000 -0.000033
29.400000 -0.000005
29.450000 -0.000032
29.500000 0.000001
29.550000 -0.000022
29.600000 0.000016
29.650000 -0.000008
29.700000 0.000030
29.750000 0.000002
29.800000 0.000038
29.850000 0.000003
29.900000 0.000033
29.950000 -0.000008
30.000000 0.000021
30.050000 -0.000024
30.100000 0.000006
30.150000 -0.000038
30.200000 -0.000002
30.250000 -0.000041
30.300000 0.000001
30.350000 -0.000033
30.400000 0.000015
30.450000 -0.000018
30.500000 0.000032
30.550000 -0.000004
30.600000 0.000044
30.650000 0.000001
30.700000 0.000044
30.750000 -0.000006
30.800000 0.000032
30.850000 -0.000023
30.900000 0.000016
30.950000 -0.000040
31.000000 0.000003
31.050000 -0.000049
31.100000 0.000001
31.150000 -0.000045
31.200000 0.000012
31.250000 -0.000031
31.300000 0.000030
31.350000 -0.000013
31.400000 0.000047
31.450000 -0.000002
31.500000 0.000053
31.550000 -0.000004
31.600000 0.000046
31.650000 -0.000018
31.700000 0.000029
31.750000 -0.000038
31.800000 0.000011
31.850000 -0.000053
31.900000 0.000002
31.950000 -0.000056
32.000000 0.000007
32.050000 -0.000046
32.100000 0.000025
32.150000 -0.000026
32.200000 0.000045
32.250000 -0.000009
32.300000 0.000059
32.350000 -0.000003
32.400000 0.000059
32.450000 -0.000011
32.500000 0.000045
32.550000 -0.000031
32.600000 0.000024
32.650000 -0.000052
32.700000 0.000007
32.750000 -0.000064
32.800000 0.000004
32.850000 -0.000061
32.900000 0.000016
32.950000 -0.000044
33.000000 0.000037
33.050000 -0.000022
33.100000 0.000059
33.150000 -0.000006
33.200000 0.000069
33.250000 -0.000005
33.300000 0.000062
33.350000 -0.000020
33.400000 0.000043
33.450000 -0.000043
33.500000 0.000020
33.550000 -0.000065
33.600000 0.000005
33.650000 -0.000073
33.700000 0.000006
33.750000 -0.000064
33.800000 0.000024
33.850000 -0.000042
33.900000 0.000049
33.950000 -0.000018
34.000000 0.000070
34.050000 -0.000004
34.100000 0.000077
34.150000 -0.000007
34.200000 0.000065
34.250000 -0.000027
34.300000 0.000041
34.350000 -0.000054
34.400000 0.000016
34.450000 -0.000075
34.500000 0.000003
34.550000 -0.000080
34.600000 0.000008
34.650000 -0.000066
34.700000 0.000031
34.750000 -0.000040
34.800000 0.000059
34.850000 -0.000014
34.900000 0.000080
34.950000 -0.000002
35.000000 0.000084
35.050000 -0.000009
35.100000 0.000068
35.150000 -0.000033
35.200000 0.000039
35.250000 -0.000063
35.300000 0.000013
35.350000 -0.000085
35.400000 0.000000
35.450000 -0.000087
35.500000 0.000009
35.550000 -0.000069
35.600000 0.000035
35.650000 -0.000039
35.700000 0.000067
35.750000 -0.000011
35.800000 0.000089
35.850000 0.000001
35.900000 0.000091
35.950000 -0.000008
36.000000 0.000072
36.050000 -0.000036
36.100000 0.000040
36.150000 -0.000069
36.200000 0.000010
36.250000 -0.000093
36.300000 -0.000003
36.350000 -0.000095
36.400000 0.000006
36.450000 -0.000075
36.500000 0.000035
36.550000 -0.000041
36.600000 0.000071
36.650000 -0.000009
36.700000 0.000096
36.750000 0.000006
36.800000 0.000100
36.850000 -0.000004
36.900000 0.000079
36.950000 -0.000034
37.000000 0.000044
37.050000 -0.000071
37.100000 0.000009
37.150000 -0.000099
37.200000 -0.000008
37.250000 -0.000105
37.300000 -0.000000
37.350000 -0.000084
37.400000 0.000030
37.450000 -0.000047
37.500000 0.000070
37.550000 -0.000010
37.600000 0.000101
37.650000 0.000011
37.700000 0.000110
37.750000 0.000005
37.800000 0.000091
37.850000 -0.000025
37.900000 0.000052
37.950000 -0.000067
38.000000 0.000012
38.050000 -0.000102
38.100000 -0.000013
38.150000 -0.000115
38.200000 -0.000011
38.250000 -0.000098
38.300000 0.000019
38.350000 -0.000059
38.400000 0.000063
38.450000 -0.000015
38.500000 0.000102
38.550000 0.000015
38.600000 0.000119
38.650000 0.000017
38.700000 0.000106
38.750000 -0.000010
38.800000 0.000068
38.850000 -0.000055
38.900000 0.000020
38.950000 -0.000100
39.000000 -0.000016
39.050000 -0.000123
39.100000 -0.000024
39.150000 -0.000115
39.200000 -0.000001
39.250000 -0.000079
39.300000 0.000045
39.350000 -0.000028
39.400000 0.000094
39.450000 0.000014
39.500000 0.000125
39.550000 0.000031
39.600000 0.000125
39.650000 0.000013
39.700000 0.000091
39.750000 -0.000032
39.800000 0.000039
39.850000 -0.000086
39.900000 -0.000010
39.950000 -0.000125
40.000000 -0.000036
40.050000 -0.000133
40.100000 -0.000026
40.150000 -0.000106
40.200000 0.000016
40.250000 -0.000054
40.300000 0.000073
40.350000 0.000002
40.400000 0.000121
40.450000 0.000038
40.500000 0.000140
40.550000 0.000039
40.600000 0.000122
40.650000 0.000004
40.700000 0.000072
40.750000 -0.000055
40.800000 0.000011
40.850000 -0.000112
40.900000 -0.000037
40.950000 -0.000144
41.000000 -0.000051
41.050000 -0.000137
41.100000 -0.000025
41.150000 -0.000093
41.200000 0.000032
41.250000 -0.000029
41.300000 0.000096
41.350000 0.000030
41.400000 0.000142
41.450000 0.000059
41.500000 0.000151
41.550000 0.000046
41.600000 0.000117
41.650000 -0.000005
41.700000 0.000053
41.750000 -0.000074
41.800000 -0.000015
41.850000 -0.000133
41.900000 -0.000061
41.950000 -0.000159
42.000000 -0.000065
42.050000 -0.000141
42.100000 -0.000026
42.150000 -0.000083
42.200000 0.000043
42.250000 -0.000008
42.300000 0.000115
42.350000 0.000054
42.400000 0.000160
42.450000 0.000079
42.500000 0.000161
42.550000 0.000057
42.600000 0.000116
42.650000 -0.000006
42.700000 0.000041
42.750000 -0.000085
42.800000 -0.000036
42.850000 -0.000150
42.900000 -0.000084
42.950000 -0.000175
43.000000 -0.000084
43.050000 -0.000149
43.100000 -0.000035
43.150000 -0.000081
43.200000 0.000045
43.250000 0.000005
43.300000 0.000126
43.350000 0.000075
43.400000 0.000177
43.450000 0.000103
43.500000 0.000177
43.550000 0.000077
43.600000 0.000125
43.650000 0.000005
43.700000 0.000039
43.750000 -0.000086
43.800000 -0.000050
43.850000 -0.000162
43.900000 -0.000107
43.950000 -0.000194
44.000000 -0.000112
44.050000 -0.000169
44.100000 -0.000061
44.150000 -0.000095
44.200000 0.000028
44.250000 0.000002
44.300000 0.000122
44.350000 0.000086
44.400000 0.000186
44.450000 0.000126
44.500000 0.000196
44.550000 0.000107
44.600000 0.000149
44.650000 0.000038
44.700000 0.000064
44.750000 -0.000050
44.800000 -0.000019
44.850000 -0.000113
44.900000 -0.000053
44.950000 -0.000107
