-30.000000 0.000024
-29.950000 0.000018
-29.900000 0.000035
-29.850000 0.000023
-29.800000 0.000032
-29.750000 0.000013
-29.700000 0.000016
-29.650000 -0.000007
-29.600000 -0.000005
-29.550000 -0.000025
-29.500000 -0.000020
-29.450000 -0.000033
-29.400000 -0.000020
-29.350000 -0.000026
-29.300000 -0.000006
-29.250000 -0.000006
-29.200000 0.000015
-29.150000 0.000015
-29.100000 0.000032
-29.050000 0.000025
-29.000000 0.000034
-28.950000 0.000020
-28.900000 0.000021
-28.850000 0.000000
-28.800000 -0.000002
-28.750000 -0.000023
-28.700000 -0.000023
-28.650000 -0.000037
-28.600000 -0.000029
-28.550000 -0.000033
-28.500000 -0.000017
-28.450000 -0.000014
-28.400000 0.000006
-28.350000 0.000011
-28.300000 0.000030
-28.250000 0.000030
-28.200000 0.000040
-28.150000 0.000031
-28.100000 0.000031
-28.050000 0.000014
-28.000000 0.000007
-27.950000 -0.000013
-27.900000 -0.000020
-27.850000 -0.000036
-27.800000 -0.000036
-27.750000 -0.000042
-27.700000 -0.000032
-27.650000 -0.000027
-27.600000 -0.000010
-27.550000 0.000001
-27.500000 0.000020
-27.450000 0.000029
-27.400000 0.000042
-27.350000 0.000042
-27.300000 0.000043
-27.250000 0.000033
-27.200000 0.000023
-27.150000 0.000005
-27.100000 -0.000009
-27.050000 -0.000027
-27.000000 -0.000037
-26.950000 -0.000047
-26.900000 -0.000047
-26.850000 -0.000044
-26.800000 -0.000033
-26.750000 -0.000019
-26.700000 -0.000001
-26.650000 0.000016
-26.600000 0.000033
-26.550000 0.000045
-26.500000 0.000052
-26.450000 0.000052
-26.400000 0.000045
-26.350000 0.000033
-26.300000 0.000016
-26.250000 -0.000003
-26.200000 -0.000023
-26.150000 -0.000039
-26.100000 -0.000052
-26.050000 -0.000057
-26.000000 -0.000057
-25.950000 -0.000047
-25.900000 -0.000034
-25.850000 -0.000013
-25.800000 0.000006
-25.750000 0.000029
-25.700000 0.000044
-25.650000 0.000060
-25.600000 0.000062
-25.550000 0.000063
-25.500000 0.000049
-25.450000 0.000037
-25.400000 0.000011
-25.350000 -0.000008
-25.300000 -0.000035
-25.250000 -0.000049
-25.200000 -0.000067
-25.150000 -0.000068
-25.100000 -0.000070
-25.050000 -0.000053
-25.000000 -0.000041
-24.950000 -0.000012
-24.900000 0.000008
-24.850000 0.000039
-24.800000 0.000053
-24.750000 0.000075
-24.700000 0.000074
-24.650000 0.000078
-24.600000 0.000059
-24.550000 0.000047
-24.500000 0.000015
-24.450000 -0.000006
-24.400000 -0.000041
-24.350000 -0.000056
-24.300000 -0.000082
-24.250000 -0.000081
-24.200000 -0.000088
-24.150000 -0.000068
-24.100000 -0.000056
-24.050000 -0.000021
-24.000000 0.000001
-23.950000 0.000040
-23.900000 0.000058
-23.850000 0.000088
-23.800000 0.000089
-23.750000 0.000099
-23.700000 0.000079
-23.650000 0.000069
-23.600000 0.000031
-23.550000 0.000009
-23.500000 -0.000036
-23.450000 -0.000056
-23.400000 -0.000092
-23.350000 -0.000096
-23.300000 -0.000112
-23.250000 -0.000093
-23.200000 -0.000086
-23.150000 -0.000046
-23.100000 -0.000023
-23.050000 0.000026
-23.000000 0.000050
-22.950000 0.000092
-22.900000 0.000102
-22.850000 0.000124
-22.800000 0.000109
-22.750000 0.000106
-22.700000 0.000067
-22.650000 0.000044
-22.600000 -0.000009
-22.550000 -0.000037
-22.500000 -0.000087
-22.450000 -0.000104
-22.400000 -0.000134
-22.350000 -0.000126
-22.300000 -0.000129
-22.250000 -0.000093
-22.200000 -0.000071
-22.150000 -0.000017
-22.100000 0.000016
-22.050000 0.000073
-22.000000 0.000098
-21.950000 0.000139
-21.900000 0.000140
-21.850000 0.000152
-21.800000 0.000123
-21.750000 0.000106
-21.700000 0.000051
-21.650000 0.000016
-21.600000 -0.000047
-21.550000 -0.000081
-21.500000 -0.000134
-21.450000 -0.000147
-21.400000 -0.000172
-21.350000 -0.000154
-21.300000 -0.000145
-21.250000 -0.000095
-21.200000 -0.000061
-21.150000 0.000007
-21.100000 0.000049
-21.050000 0.000114
-21.000000 0.000142
-20.950000 0.000183
-20.900000 0.000180
-20.850000 0.000185
-20.800000 0.000145
-20.750000 0.000117
-20.700000 0.000049
-20.650000 0.000001
-20.600000 -0.000074
-20.550000 -0.000117
-20.500000 -0.000176
-20.450000 -0.000193
-20.400000 -0.000217
-20.350000 -0.000195
-20.300000 -0.000179
-20.250000 -0.000119
-20.200000 -0.000072
-20.150000 0.000009
-20.100000 0.000065
-20.050000 0.000142
-20.000000 0.000181
-19.950000 0.000229
-19.900000 0.000232
-19.850000 0.000237
-19.800000 0.000194
-19.750000 0.000157
-19.700000 0.000080
-19.650000 0.000018
-19.600000 -0.000072
-19.550000 -0.000133
-19.500000 -0.000207
-19.450000 -0.000239
-19.400000 -0.000274
-19.350000 -0.000260
-19.300000 -0.000245
-19.250000 -0.000184
-19.200000 -0.000128
-19.150000 -0.000035
-19.100000 0.000040
-19.050000 0.000136
-19.000000 0.000200
-18.950000 0.000268
-18.900000 0.000293
-18.850000 0.000312
-18.800000 0.000283
-18.750000 0.000249
-18.700000 0.000171
-18.650000 0.000095
-18.600000 -0.000010
-18.550000 -0.000097
-18.500000 -0.000198
-18.450000 -0.000264
-18.400000 -0.000327
-18.350000 -0.000344
-18.300000 -0.000350
-18.250000 -0.000307
-18.200000 -0.000254
-18.150000 -0.000160
-18.100000 -0.000067
-18.050000 0.000051
-18.000000 0.000150
-17.950000 0.000256
-17.900000 0.000326
-17.850000 0.000386
-17.800000 0.000398
-17.750000 0.000393
-17.700000 0.000339
-17.650000 0.000269
-17.600000 0.000161
-17.550000 0.000050
-17.500000 -0.000081
-17.450000 -0.000195
-17.400000 -0.000309
-17.350000 -0.000387
-17.300000 -0.000447
-17.250000 -0.000460
-17.200000 -0.000447
-17.150000 -0.000386
-17.100000 -0.000302
-17.050000 -0.000181
-17.000000 -0.000053
-16.950000 0.000094
-16.900000 0.000226
-16.850000 0.000353
-16.800000 0.000445
-16.750000 0.000513
-16.700000 0.000533
-16.650000 0.000520
-16.600000 0.000456
-16.550000 0.000363
-16.500000 0.000231
-16.450000 0.000085
-16.400000 -0.000078
-16.350000 -0.000233
-16.300000 -0.000380
-16.250000 -0.000495
-16.200000 -0.000580
-16.150000 -0.000618
-16.100000 -0.000613
-16.050000 -0.000557
-16.000000 -0.000461
-15.950000 -0.000324
-15.900000 -0.000161
-15.850000 0.000020
-15.800000 0.000202
-15.750000 0.000376
-15.700000 0.000524
-15.650000 0.000638
-15.600000 0.000707
-15.550000 0.000726
-15.500000 0.000691
-15.450000 0.000604
-15.400000 0.000471
-15.350000 0.000299
-15.300000 0.000102
-15.250000 -0.000109
-15.200000 -0.000316
-15.150000 -0.000508
-15.100000 -0.000665
-15.050000 -0.000782
-15.000000 -0.000843
-14.950000 -0.000848
-14.900000 -0.000790
-14.850000 -0.000678
-14.800000 -0.000511
-14.750000 -0.000309
-14.700000 -0.000074
-14.650000 0.000167
-14.600000 0.000408
-14.550000 0.000621
-14.500000 0.000804
-14.450000 0.000929
-14.400000 0.001001
-14.350000 0.000999
-14.300000 0.000936
-14.250000 0.000801
-14.200000 0.000616
-14.150000 0.000375
-14.100000 0.000113
-14.050000 -0.000174
-14.000000 -0.000447
-13.950000 -0.000708
-13.900000 -0.000919
-13.850000 -0.001086
-13.800000 -0.001175
-13.750000 -0.001201
-13.700000 -0.001137
-13.650000 -0.001010
-13.600000 -0.000802
-13.550000 -0.000549
-13.500000 -0.000241
-13.450000 0.000077
-13.400000 0.000413
-13.350000 0.000719
-13.300000 0.001001
-13.250000 0.001214
-13.200000 0.001371
-13.150000 0.001432
-13.100000 0.001421
-13.050000 0.001306
-13.000000 0.001123
-12.950000 0.000850
-12.900000 0.000533
-12.850000 0.000159
-12.800000 -0.000219
-12.750000 -0.000611
-12.700000 -0.000961
-12.650000 -0.001280
-12.600000 -0.001514
-12.550000 -0.001682
-12.500000 -0.001738
-12.450000 -0.001710
-12.400000 -0.001563
-12.350000 -0.001339
-12.300000 -0.001011
-12.250000 -0.000635
-12.200000 -0.000192
-12.150000 0.000256
-12.100000 0.000721
-12.050000 0.001139
-12.000000 0.001524
-11.950000 0.001815
-11.900000 0.002031
-11.850000 0.002120
-11.800000 0.002113
-11.750000 0.001968
-11.700000 0.001730
-11.650000 0.001370
-11.600000 0.000944
-11.550000 0.000434
-11.500000 -0.000094
-11.450000 -0.000653
-11.400000 -0.001173
-11.350000 -0.001666
-11.300000 -0.002064
-11.250000 -0.002386
-11.200000 -0.002569
-11.150000 -0.002644
-11.100000 -0.002561
-11.050000 -0.002363
-11.000000 -0.002016
-10.950000 -0.001575
-10.900000 -0.001018
-10.850000 -0.000414
-10.800000 0.000251
-10.750000 0.000901
-10.700000 0.001548
-10.650000 0.002115
-10.600000 0.002615
-10.550000 0.002979
-10.500000 0.003229
-10.450000 0.003305
-10.400000 0.003244
-10.350000 0.003001
-10.300000 0.002627
-10.250000 0.002093
-10.200000 0.001464
-10.150000 0.000723
-10.100000 -0.000054
-10.050000 -0.000874
-10.000000 -0.001657
-9.950000 -0.002409
-9.900000 -0.003050
-9.850000 -0.003593
-9.800000 -0.003965
-9.750000 -0.004189
-9.700000 -0.004208
-9.650000 -0.004058
-9.600000 -0.003699
-9.550000 -0.003184
-9.500000 -0.002489
-9.450000 -0.001682
-9.400000 -0.000755
-9.350000 0.000215
-9.300000 0.001227
-9.250000 0.002199
-9.200000 0.003127
-9.150000 0.003932
-9.100000 0.004616
-9.050000 0.005106
-9.000000 0.005417
-8.950000 0.005493
-8.900000 0.005361
-8.850000 0.004984
-8.800000 0.004409
-8.750000 0.003615
-8.700000 0.002666
-8.650000 0.001559
-8.600000 0.000371
-8.550000 -0.000891
-8.500000 -0.002142
-8.450000 -0.003368
-8.400000 -0.004487
-8.350000 -0.005486
-8.300000 -0.006290
-8.250000 -0.006896
-8.200000 -0.007242
-8.150000 -0.007342
-8.100000 -0.007151
-8.050000 -0.006701
-8.000000 -0.005970
-7.950000 -0.005008
-7.900000 -0.003812
-7.850000 -0.002451
-7.800000 -0.000938
-7.750000 0.000647
-7.700000 0.002279
-7.650000 0.003874
-7.600000 0.005403
-7.550000 0.006783
-7.500000 0.007990
-7.450000 0.008951
-7.400000 0.009653
-7.350000 0.010039
-7.300000 0.010112
-7.250000 0.009837
-7.200000 0.009235
-7.150000 0.008295
-7.100000 0.007058
-7.050000 0.005535
-7.000000 0.003786
-6.950000 0.001840
-6.900000 -0.000228
-6.850000 -0.002377
-6.800000 -0.004522
-6.750000 -0.006618
-6.700000 -0.008579
-6.650000 -0.010361
-6.600000 -0.011887
-6.550000 -0.013120
-6.500000 -0.013999
-6.450000 -0.014504
-6.400000 -0.014593
-6.350000 -0.014265
-6.300000 -0.013504
-6.250000 -0.012332
-6.200000 -0.010756
-6.150000 -0.008820
-6.100000 -0.006555
-6.050000 -0.004025
-6.000000 -0.001278
-5.950000 0.001607
-5.900000 0.004568
-5.850000 0.007522
-5.800000 0.010399
-5.750000 0.013117
-5.700000 0.015607
-5.650000 0.017794
-5.600000 0.019620
-5.550000 0.021024
-5.500000 0.021962
-5.450000 0.022394
-5.400000 0.022295
-5.350000 0.021649
-5.300000 0.020454
-5.250000 0.018718
-5.200000 0.016463
-5.150000 0.013723
-5.100000 0.010542
-5.050000 0.006975
-5.000000 0.003086
-4.950000 -0.001050
-4.900000 -0.005356
-4.850000 -0.009744
-4.800000 -0.014128
-4.750000 -0.018414
-4.700000 -0.022516
-4.650000 -0.026339
-4.600000 -0.029802
-4.550000 -0.032819
-4.500000 -0.035323
-4.450000 -0.037239
-4.400000 -0.038523
-4.350000 -0.039117
-4.300000 -0.038999
-4.250000 -0.038138
-4.200000 -0.036536
-4.150000 -0.034186
-4.100000 -0.031118
-4.050000 -0.027350
-4.000000 -0.022937
-3.950000 -0.017920
-3.900000 -0.012376
-3.850000 -0.006366
-3.800000 0.000014
-3.750000 0.006692
-3.700000 0.013555
-3.650000 0.020523
-3.600000 0.027476
-3.550000 0.034330
-3.500000 0.040961
-3.450000 0.047287
-3.400000 0.053186
-3.350000 0.058580
-3.300000 0.063354
-3.250000 0.067437
-3.200000 0.070723
-3.150000 0.073154
-3.100000 0.074631
-3.050000 0.075110
-3.000000 0.074504
-2.950000 0.072782
-2.900000 0.069871
-2.850000 0.065752
-2.800000 0.060364
-2.750000 0.053704
-2.700000 0.045724
-2.650000 0.036434
-2.600000 0.025800
-2.550000 0.013847
-2.500000 0.000553
-2.450000 -0.014041
-2.400000 -0.029943
-2.350000 -0.047096
-2.300000 -0.065493
-2.250000 -0.085061
-2.200000 -0.105776
-2.150000 -0.127547
-2.100000 -0.150334
-2.050000 -0.174026
-2.000000 -0.198566
-1.950000 -0.223824
-1.900000 -0.249723
-1.850000 -0.276116
-1.800000 -0.302909
-1.750000 -0.329935
-1.700000 -0.357084
-1.650000 -0.384176
-1.600000 -0.411090
-1.550000 -0.437632
-1.500000 -0.463674
-1.450000 -0.489021
-1.400000 -0.513542
-1.350000 -0.537045
-1.300000 -0.559408
-1.250000 -0.580451
-1.200000 -0.600069
-1.150000 -0.618103
-1.100000 -0.634475
-1.050000 -0.649056
-1.000000 -0.661803
-0.950000 -0.672625
-0.900000 -0.681522
-0.850000 -0.688446
-0.800000 -0.693442
-0.750000 -0.696512
-0.700000 -0.697750
-0.650000 -0.697204
-0.600000 -0.695017
-0.550000 -0.691283
-0.500000 -0.686190
-0.450000 -0.679877
-0.400000 -0.672574
-0.350000 -0.664459
-0.300000 -0.655800
-0.250000 -0.646814
-0.200000 -0.637803
-0.150000 -0.629022
-0.100000 -0.620811
-0.050000 -0.613462
0.000000 -0.607357
0.050000 -0.602833
0.100000 -0.600323
0.150000 -0.600220
0.200000 -0.603020
0.250000 -0.609187
0.300000 -0.619296
0.350000 -0.633902
0.400000 -0.653676
0.450000 -0.679280
0.500000 -0.711497
0.550000 -0.751108
0.600000 -0.799012
0.650000 -0.856100
0.700000 -0.923371
0.750000 -1.001784
0.800000 -1.092369
0.850000 -1.196061
0.900000 -1.313781
0.950000 -1.446252
1.000000 -1.594050
1.050000 -1.757385
1.100000 -1.936126
1.150000 -2.129560
1.200000 -2.336395
1.250000 -2.554523
1.300000 -2.781050
1.350000 -3.012114
1.400000 -3.243006
1.450000 -3.468126
1.500000 -3.681261
1.550000 -3.875737
1.600000 -4.044879
1.650000 -4.182329
1.700000 -4.282598
1.750000 -4.341398
1.800000 -4.356099
1.850000 -4.325859
1.900000 -4.251795
1.950000 -4.136786
2.000000 -3.985316
2.050000 -3.803005
2.100000 -3.596267
2.150000 -3.371764
2.200000 -3.136087
2.250000 -2.895326
2.300000 -2.654916
2.350000 -2.419395
2.400000 -2.192434
2.450000 -1.976763
2.500000 -1.774320
2.550000 -1.586268
2.600000 -1.413190
2.650000 -1.255135
2.700000 -1.111801
2.750000 -0.982572
2.800000 -0.866671
2.850000 -0.763167
2.900000 -0.671099
2.950000 -0.589457
3.000000 -0.517275
3.050000 -0.453593
3.100000 -0.397536
3.150000 -0.348261
3.200000 -0.305020
3.250000 -0.267105
3.300000 -0.233902
3.350000 -0.204836
3.400000 -0.179415
3.450000 -0.157182
3.500000 -0.137751
3.550000 -0.120763
3.600000 -0.105919
3.650000 -0.092941
3.700000 -0.081599
3.750000 -0.071678
3.800000 -0.063004
3.850000 -0.055412
3.900000 -0.048769
3.950000 -0.042949
4.000000 -0.037852
4.050000 -0.033382
4.100000 -0.029463
4.150000 -0.026021
4.200000 -0.023000
4.250000 -0.020344
4.300000 -0.018009
4.350000 -0.015954
4.400000 -0.014143
4.450000 -0.012548
4.500000 -0.011141
4.550000 -0.009899
4.600000 -0.008801
4.650000 -0.007831
4.700000 -0.006972
4.750000 -0.006213
4.800000 -0.005539
4.850000 -0.004943
4.900000 -0.004412
4.950000 -0.003942
5.000000 -0.003522
5.050000 -0.003152
5.100000 -0.002819
5.150000 -0.002526
5.200000 -0.002261
5.250000 -0.002029
5.300000 -0.001817
5.350000 -0.001632
5.400000 -0.001463
5.450000 -0.001316
5.500000 -0.001180
5.550000 -0.001063
5.600000 -0.000953
5.650000 -0.000860
5.700000 -0.000771
5.750000 -0.000697
5.800000 -0.000624
5.850000 -0.000565
5.900000 -0.000506
5.950000 -0.000459
6.000000 -0.000410
6.050000 -0.000374
6.100000 -0.000333
6.150000 -0.000304
6.200000 -0.000271
6.250000 -0.000248
6.300000 -0.000220
6.350000 -0.000203
6.400000 -0.000179
6.450000 -0.000166
6.500000 -0.000145
6.550000 -0.000136
6.600000 -0.000118
6.650000 -0.000111
6.700000 -0.000096
6.750000 -0.000091
6.800000 -0.000078
6.850000 -0.000075
6.900000 -0.000063
6.950000 -0.000062
7.000000 -0.000051
7.050000 -0.000051
7.100000 -0.000041
7.150000 -0.000042
7.200000 -0.000033
7.250000 -0.000035
7.300000 -0.000026
7.350000 -0.000029
7.400000 -0.000021
7.450000 -0.000025
7.500000 -0.000016
7.550000 -0.000021
7.600000 -0.000013
7.650000 -0.000018
7.700000 -0.000010
7.750000 -0.000015
7.800000 -0.000007
7.850000 -0.000013
7.900000 -0.000005
7.950000 -0.000011
8.000000 -0.000004
8.050000 -0.000010
8.100000 -0.000002
8.150000 -0.000009
8.200000 -0.000001
8.250000 -0.000008
8.300000 -0.000000
8.350000 -0.000007
8.400000 0.000000
8.450000 -0.000006
8.500000 0.000001
8.550000 -0.000006
8.600000 0.000001
8.650000 -0.000005
8.700000 0.000002
8.750000 -0.000005
8.800000 0.000002
8.850000 -0.000005
8.900000 0.000002
8.950000 -0.000005
9.000000 0.000003
9.050000 -0.000004
9.100000 0.000003
9.150000 -0.000004
9.200000 0.000003
9.250000 -0.000004
9.300000 0.000003
9.350000 -0.000004
9.400000 0.000003
9.450000 -0.000004
9.500000 0.000003
9.550000 -0.000004
9.600000 0.000003
9.650000 -0.000004
9.700000 0.000003
9.750000 -0.000004
9.800000 0.000003
9.850000 -0.000004
9.900000 0.000003
9.950000 -0.000003
10.000000 0.000003
10.050000 -0.000003
10.100000 0.000003
10.150000 -0.000003
10.200000 0.000003
10.250000 -0.000003
10.300000 0.000003
10.350000 -0.000003
10.400000 0.000003
10.450000 -0.000003
10.500000 0.000003
10.550000 -0.000003
10.600000 0.000003
10.650000 -0.000003
10.700000 0.000003
10.750000 -0.000003
10.800000 0.000003
10.850000 -0.000003
10.900000 0.000003
10.950000 -0.000003
11.000000 0.000003
11.050000 -0.000003
11.100000 0.000003
11.150000 -0.000003
11.200000 0.000002
11.250000 -0.000002
11.300000 0.000002
11.350000 -0.000002
11.400000 0.000002
11.450000 -0.000002
11.500000 0.000002
11.550000 -0.000002
11.600000 0.000002
11.650000 -0.000002
11.700000 0.000002
11.750000 -0.000002
11.800000 0.000002
11.850000 -0.000002
11.900000 0.000002
11.950000 -0.000002
12.000000 0.000002
12.050000 -0.000002
12.100000 0.000002
12.150000 -0.000002
12.200000 0.000002
12.250000 -0.000002
12.300000 0.000001
12.350000 -0.000001
12.400000 0.000001
12.450000 -0.000001
12.500000 0.000001
12.550000 -0.000001
12.600000 0.000001
12.650000 -0.000001
12.700000 0.000001
12.750000 -0.000001
12.800000 0.000001
12.850000 -0.000001
12.900000 0.000001
12.950000 -0.000001
13.000000 0.000001
13.050000 -0.000001
13.100000 0.000001
13.150000 -0.000000
13.200000 0.000000
13.250000 -0.000000
13.300000 0.000000
13.350000 -0.000000
13.400000 0.000000
13.450000 -0.000000
13.500000 0.000000
13.550000 -0.000000
13.600000 -0.000000
13.650000 0.000000
13.700000 -0.000000
13.750000 0.000000
13.800000 -0.000000
13.850000 0.000000
13.900000 -0.000000
13.950000 0.000000
14.000000 -0.000000
14.050000 0.000001
14.100000 -0.000001
14.150000 0.000001
14.200000 -0.000001
14.250000 0.000001
14.300000 -0.000001
14.350000 0.000001
14.400000 -0.000001
14.450000 0.000001
14.500000 -0.000001
14.550000 0.000001
14.600000 -0.000001
14.650000 0.000001
14.700000 -0.000001
14.750000 0.000001
14.800000 -0.000001
14.850000 0.000001
14.900000 -0.000001
14.950000 0.000001
15.000000 -0.000001
15.050000 0.000002
15.100000 -0.000002
15.150000 0.000002
15.200000 -0.000002
15.250000 0.000002
15.300000 -0.000002
15.350000 0.000002
15.400000 -0.000002
15.450000 0.000002
15.500000 -0.000002
15.550000 0.000002
15.600000 -0.000002
15.650000 0.000002
15.700000 -0.000002
15.750000 0.000002
15.800000 -0.000002
15.850000 0.000002
15.900000 -0.000002
15.950000 0.000002
16.000000 -0.000002
16.050000 0.000002
16.100000 -0.000002
16.150000 0.000002
16.200000 -0.000002
16.250000 0.000002
16.300000 -0.000002
16.350000 0.000002
16.400000 -0.000003
16.450000 0.000003
16.500000 -0.000003
16.550000 0.000003
16.600000 -0.000003
16.650000 0.000003
16.700000 -0.000003
16.750000 0.000003
16.800000 -0.000003
16.850000 0.000003
16.900000 -0.000003
16.950000 0.000003
17.000000 -0.000003
17.050000 0.000003
17.100000 -0.000003
17.150000 0.000003
17.200000 -0.000003
17.250000 0.000003
17.300000 -0.000003
17.350000 0.000003
17.400000 -0.000003
17.450000 0.000003
17.500000 -0.000003
17.550000 0.000003
17.600000 -0.000003
17.650000 0.000003
17.700000 -0.000003
17.750000 0.000003
17.800000 -0.000003
17.850000 0.000003
17.900000 -0.000003
17.950000 0.000003
18.000000 -0.000003
18.050000 0.000003
18.100000 -0.000003
18.150000 0.000003
18.200000 -0.000003
18.250000 0.000003
18.300000 -0.000003
18.350000 0.000003
18.400000 -0.000003
18.450000 0.000003
18.500000 -0.000003
18.550000 0.000003
18.600000 -0.000003
18.650000 0.000003
18.700000 -0.000003
18.750000 0.000003
18.800000 -0.000003
18.850000 0.000003
18.900000 -0.000003
18.950000 0.000003
19.000000 -0.000003
19.050000 0.000003
19.100000 -0.000003
19.150000 0.000003
19.200000 -0.000003
19.250000 0.000002
19.300000 -0.000002
19.350000 0.000002
19.400000 -0.000002
19.450000 0.000002
19.500000 -0.000002
19.550000 0.000002
19.600000 -0.000002
19.650000 0.000002
19.700000 -0.000002
19.750000 0.000002
19.800000 -0.000002
19.850000 0.000002
19.900000 -0.000002
19.950000 0.000002
20.000000 -0.000002
20.050000 0.000002
20.100000 -0.000002
20.150000 0.000002
20.200000 -0.000002
20.250000 0.000002
20.300000 -0.000002
20.350000 0.000002
20.400000 -0.000002
20.450000 0.000002
20.500000 -0.000002
20.550000 0.000002
20.600000 -0.000002
20.650000 0.000002
20.700000 -0.000001
20.750000 0.000001
20.800000 -0.000001
20.850000 0.000001
20.900000 -0.000001
20.950000 0.000001
21.000000 -0.000001
21.050000 0.000001
21.100000 -0.000001
21.150000 0.000001
21.200000 -0.000001
21.250000 0.000001
21.300000 -0.000001
21.350000 0.000001
21.400000 -0.000001
21.450000 0.000001
21.500000 -0.000001
21.550000 0.000001
21.600000 -0.000001
21.650000 0.000001
21.700000 -0.000001
21.750000 0.000000
21.800000 -0.000000
21.850000 0.000000
21.900000 -0.000000
21.950000 0.000000
22.000000 -0.000000
22.050000 0.000000
22.100000 -0.000000
22.150000 0.000000
22.200000 -0.000000
22.250000 -0.000000
22.300000 0.000000
22.350000 -0.000000
22.400000 0.000000
22.450000 -0.000000
22.500000 0.000000
22.550000 -0.000000
22.600000 0.000000
22.650000 -0.000000
22.700000 0.000000
22.750000 -0.000000
22.800000 0.000001
22.850000 -0.000001
22.900000 0.000001
22.950000 -0.000001
23.000000 0.000001
23.050000 -0.000001
23.100000 0.000001
23.150000 -0.000001
23.200000 0.000001
23.250000 -0.000001
23.300000 0.000001
23.350000 -0.000001
23.400000 0.000001
23.450000 -0.000001
23.500000 0.000001
23.550000 -0.000001
23.600000 0.000001
23.650000 -0.000001
23.700000 0.000001
23.750000 -0.000001
23.800000 0.000001
23.850000 -0.000001
23.900000 0.000001
23.950000 -0.000001
24.000000 0.000002
24.050000 -0.000002
24.100000 0.000002
24.150000 -0.000002
24.200000 0.000002
24.250000 -0.000002
24.300000 0.000002
24.350000 -0.000002
24.400000 0.000002
24.450000 -0.000002
24.500000 0.000002
24.550000 -0.000002
24.600000 0.000002
24.650000 -0.000002
24.700000 0.000002
24.750000 -0.000002
24.800000 0.000002
24.850000 -0.000002
24.900000 0.000002
24.950000 -0.000002
25.000000 0.000002
25.050000 -0.000002
25.100000 0.000002
25.150000 -0.000002
25.200000 0.000002
25.250000 -0.000002
25.300000 0.000002
25.350000 -0.000002
25.400000 0.000002
25.450000 -0.000002
25.500000 0.000002
25.550000 -0.000002
25.600000 0.000002
25.650000 -0.000002
25.700000 0.000002
25.750000 -0.000002
25.800000 0.000002
25.850000 -0.000002
25.900000 0.000002
25.950000 -0.000002
26.000000 0.000002
26.050000 -0.000002
26.100000 0.000002
26.150000 -0.000002
26.200000 0.000002
26.250000 -0.000002
26.300000 0.000002
26.350000 -0.000002
26.400000 0.000002
26.450000 -0.000002
26.500000 0.000002
26.550000 -0.000002
26.600000 0.000002
26.650000 -0.000002
26.700000 0.000002
26.750000 -0.000002
26.800000 0.000002
26.850000 -0.000002
26.900000 0.000002
26.950000 -0.000002
27.000000 0.000002
27.050000 -0.000002
27.100000 0.000002
27.150000 -0.000002
27.200000 0.000002
27.250000 -0.000002
27.300000 0.000002
27.350000 -0.000002
27.400000 0.000002
27.450000 -0.000002
27.500000 0.000002
27.550000 -0.000002
27.600000 0.000002
27.650000 -0.000002
27.700000 0.000002
27.750000 -0.000002
27.800000 0.000002
27.850000 -0.000002
27.900000 0.000002
27.950000 -0.000002
28.000000 0.000002
28.050000 -0.000002
28.100000 0.000002
28.150000 -0.000002
28.200000 0.000002
28.250000 -0.000002
28.300000 0.000002
28.350000 -0.000002
28.400000 0.000002
28.450000 -0.000001
28.500000 0.000001
28.550000 -0.000001
28.600000 0.000001
28.650000 -0.000001
28.700000 0.000001
28.750000 -0.000001
28.800000 0.000001
28.850000 -0.000001
28.900000 0.000001
28.950000 -0.000001
29.000000 0.000001
29.050000 -0.000001
29.100000 0.000001
29.150000 -0.000001
29.200000 0.000001
29.250000 -0.000001
29.300000 0.000001
29.350000 -0.000001
29.400000 0.000001
29.450000 -0.000001
29.500000 0.000001
29.550000 -0.000001
29.600000 0.000001
29.650000 -0.000001
29.700000 0.000000
29.750000 -0.000001
29.800000 0.000000
29.850000 -0.000000
29.900000 0.000000
29.950000 -0.000000
30.000000 0.000000
30.050000 -0.000000
30.100000 0.000000
30.150000 -0.000000
30.200000 0.000000
30.250000 -0.000000
30.300000 -0.000000
30.350000 -0.000000
30.400000 -0.000000
30.450000 0.000000
30.500000 0.000000
30.550000 0.000000
30.600000 -0.000000
30.650000 0.000000
30.700000 -0.000000
30.750000 0.000000
30.800000 -0.000000
30.850000 0.000000
30.900000 -0.000000
30.950000 0.000000
31.000000 -0.000000
31.050000 0.000001
31.100000 -0.000000
31.150000 0.000001
31.200000 -0.000001
31.250000 0.000001
31.300000 -0.000001
31.350000 0.000001
31.400000 -0.000001
31.450000 0.000001
31.500000 -0.000001
31.550000 0.000001
31.600000 -0.000001
31.650000 0.000001
31.700000 -0.000001
31.750000 0.000001
31.800000 -0.000001
31.850000 0.000001
31.900000 -0.000001
31.950000 0.000001
32.000000 -0.000001
32.050000 0.000001
32.100000 -0.000001
32.150000 0.000001
32.200000 -0.000001
32.250000 0.000001
32.300000 -0.000001
32.350000 0.000001
32.400000 -0.000001
32.450000 0.000001
32.500000 -0.000002
32.550000 0.000001
32.600000 -0.000002
32.650000 0.000001
32.700000 -0.000002
32.750000 0.000002
32.800000 -0.000001
32.850000 0.000002
32.900000 -0.000001
32.950000 0.000002
33.000000 -0.000002
33.050000 0.000002
33.100000 -0.000002
33.150000 0.000002
33.200000 -0.000002
33.250000 0.000002
33.300000 -0.000002
33.350000 0.000002
33.400000 -0.000002
33.450000 0.000002
33.500000 -0.000002
33.550000 0.000002
33.600000 -0.000002
33.650000 0.000002
33.700000 -0.000002
33.750000 0.000002
33.800000 -0.000002
33.850000 0.000002
33.900000 -0.000002
33.950000 0.000002
34.000000 -0.000002
34.050000 0.000002
34.100000 -0.000002
34.150000 0.000002
34.200000 -0.000002
34.250000 0.000002
34.300000 -0.000002
34.350000 0.000002
34.400000 -0.000002
34.450000 0.000002
34.500000 -0.000002
34.550000 0.000002
34.600000 -0.000002
34.650000 0.000002
34.700000 -0.000002
34.750000 0.000002
34.800000 -0.000002
34.850000 0.000001
34.900000 -0.000002
34.950000 0.000002
35.000000 -0.000002
35.050000 0.000002
35.100000 -0.000001
35.150000 0.000002
35.200000 -0.000001
35.250000 0.000002
35.300000 -0.000002
35.350000 0.000001
35.400000 -0.000002
35.450000 0.000001
35.500000 -0.000002
35.550000 0.000001
35.600000 -0.000002
35.650000 0.000002
35.700000 -0.000001
35.750000 0.000002
35.800000 -0.000001
35.850000 0.000002
35.900000 -0.000001
35.950000 0.000001
36.000000 -0.000002
36.050000 0.000001
36.100000 -0.000002
36.150000 0.000001
36.200000 -0.000001
36.250000 0.000001
36.300000 -0.000001
36.350000 0.000002
36.400000 -0.000001
36.450000 0.000001
36.500000 -0.000001
36.550000 0.000001
36.600000 -0.000001
36.650000 0.000001
36.700000 -0.000001
36.750000 0.000001
36.800000 -0.000001
36.850000 0.000001
36.900000 -0.000000
36.950000 0.000001
37.000000 -0.000000
37.050000 0.000001
37.100000 -0.000001
37.150000 0.000000
37.200000 -0.000001
37.250000 0.000000
37.300000 -0.000001
37.350000 0.000000
37.400000 -0.000001
37.450000 0.000001
37.500000 -0.000000
37.550000 0.000001
37.600000 0.000000
37.650000 0.000001
37.700000 -0.000000
37.750000 0.000000
37.800000 -0.000001
37.850000 -0.000000
37.900000 -0.000001
37.950000 -0.000000
38.000000 -0.000000
38.050000 0.000000
38.100000 0.000000
38.150000 0.000001
38.200000 0.000001
38.250000 0.000000
38.300000 0.000000
38.350000 -0.000000
38.400000 -0.000000
38.450000 -0.000001
38.500000 -0.000000
38.550000 -0.000001
38.600000 -0.000000
38.650000 -0.000000
38.700000 0.000001
38.750000 0.000000
38.800000 0.000001
38.850000 0.000000
38.900000 0.000001
38.950000 -0.000000
39.000000 0.000000
39.050000 -0.000001
39.100000 -0.000000
39.150000 -0.000001
39.200000 0.000000
39.250000 -0.000001
39.300000 0.000001
39.350000 -0.000000
39.400000 0.000002
39.450000 0.000000
39.500000 0.000002
39.550000 -0.000000
39.600000 0.000001
39.650000 -0.000001
39.700000 0.000000
39.750000 -0.000002
39.800000 0.000000
39.850000 -0.000002
39.900000 0.000001
39.950000 -0.000001
40.000000 0.000002
40.050000 -0.000000
40.100000 0.000002
40.150000 -0.000000
40.200000 0.000002
40.250000 -0.000001
40.300000 0.000001
40.350000 -0.000002
40.400000 0.000000
40.450000 -0.000002
40.500000 0.000001
40.550000 -0.000001
40.600000 0.000002
40.650000 -0.000000
40.700000 0.000003
40.750000 -0.000000
40.800000 0.000002
40.850000 -0.000001
40.900000 0.000001
40.950000 -0.000002
41.000000 0.000000
41.050000 -0.000003
41.100000 0.000000
41.150000 -0.000002
41.200000 0.000001
41.250000 -0.000001
41.300000 0.000003
41.350000 -0.000000
41.400000 0.000003
41.450000 -0.000001
41.500000 0.000002
41.550000 -0.000002
41.600000 0.000000
41.650000 -0.000003
41.700000 -0.000000
41.750000 -0.000003
41.800000 0.000001
41.850000 -0.000002
41.900000 0.000002
41.950000 -0.000000
42.000000 0.000003
42.050000 0.000000
42.100000 0.000003
42.150000 -0.000001
42.200000 0.000001
42.250000 -0.000003
42.300000 -0.000000
42.350000 -0.000003
42.400000 -0.000000
42.450000 -0.000002
42.500000 0.000001
42.550000 -0.000001
42.600000 0.000003
42.650000 0.000001
42.700000 0.000003
42.750000 0.000000
42.800000 0.000002
42.850000 -0.000001
42.900000 0.000000
42.950000 -0.000003
43.000000 -0.000001
43.050000 -0.000003
43.100000 -0.000000
43.150000 -0.000002
43.200000 0.000002
43.250000 0.000000
43.300000 0.000003
43.350000 0.000001
43.400000 0.000003
43.450000 0.000000
43.500000 0.000001
43.550000 -0.000002
43.600000 -0.000001
43.650000 -0.000003
43.700000 -0.000002
43.750000 -0.000003
43.800000 -0.000000
43.850000 -0.000001
43.900000 0.000002
43.950000 0.000001
44.000000 0.000004
44.050000 0.000002
44.100000 0.000003
44.150000 0.000000
44.200000 0.000001
44.250000 -0.000002
44.300000 -0.000002
44.350000 -0.000004
44.400000 -0.000002
44.450000 -0.000003
44.500000 -0.000001
44.550000 -0.000000
44.600000 0.000002
44.650000 0.000002
44.700000 0.000004
44.750000 0.000003
44.800000 0.000003
44.850000 0.000002
44.900000 0.000001
44.950000 -0.000000
