-30.000000 -0.000002
-29.950000 0.000003
-29.900000 0.000004
-29.850000 0.000012
-29.800000 0.000012
-29.750000 0.000017
-29.700000 0.000014
-29.650000 0.000015
-29.600000 0.000007
-29.550000 0.000005
-29.500000 -0.000005
-29.450000 -0.000007
-29.400000 -0.000016
-29.350000 -0.000014
-29.300000 -0.000019
-29.250000 -0.000011
-29.200000 -0.000011
-29.150000 -0.000000
-29.100000 0.000002
-29.050000 0.000013
-29.000000 0.000013
-28.950000 0.000021
-28.900000 0.000015
-28.850000 0.000017
-28.800000 0.000006
-28.750000 0.000005
-28.700000 -0.000008
-28.650000 -0.000009
-28.600000 -0.000020
-28.550000 -0.000017
-28.500000 -0.000022
-28.450000 -0.000013
-28.400000 -0.000013
-28.350000 0.000001
-28.300000 0.000002
-28.250000 0.000016
-28.200000 0.000015
-28.150000 0.000025
-28.100000 0.000018
-28.050000 0.000021
-28.000000 0.000008
-27.950000 0.000007
-27.900000 -0.000009
-27.850000 -0.000010
-27.800000 -0.000024
-27.750000 -0.000020
-27.700000 -0.000027
-27.650000 -0.000016
-27.600000 -0.000017
-27.550000 -0.000001
-27.500000 0.000001
-27.450000 0.000018
-27.400000 0.000017
-27.350000 0.000029
-27.300000 0.000022
-27.250000 0.000027
-27.200000 0.000012
-27.150000 0.000011
-27.100000 -0.000008
-27.050000 -0.000009
-27.000000 -0.000026
-26.950000 -0.000023
-26.900000 -0.000033
-26.850000 -0.000022
-26.800000 -0.000024
-26.750000 -0.000006
-26.700000 -0.000004
-26.650000 0.000016
-26.600000 0.000017
-26.550000 0.000033
-26.500000 0.000027
-26.450000 0.000035
-26.400000 0.000020
-26.350000 0.000019
-26.300000 -0.000001
-26.250000 -0.000005
-26.200000 -0.000025
-26.150000 -0.000025
-26.100000 -0.000039
-26.050000 -0.000030
-26.000000 -0.000034
-25.950000 -0.000016
-25.900000 -0.000013
-25.850000 0.000009
-25.800000 0.000013
-25.750000 0.000033
-25.700000 0.000032
-25.650000 0.000043
-25.600000 0.000031
-25.550000 0.000032
-25.500000 0.000012
-25.450000 0.000006
-25.400000 -0.000017
-25.350000 -0.000022
-25.300000 -0.000041
-25.250000 -0.000038
-25.200000 -0.000046
-25.150000 -0.000032
-25.100000 -0.000029
-25.050000 -0.000007
-25.000000 0.000001
-24.950000 0.000025
-24.900000 0.000030
-24.850000 0.000047
-24.800000 0.000043
-24.750000 0.000048
-24.700000 0.000032
-24.650000 0.000026
-24.600000 0.000002
-24.550000 -0.000009
-24.500000 -0.000033
-24.450000 -0.000038
-24.400000 -0.000054
-24.350000 -0.000048
-24.300000 -0.000050
-24.250000 -0.000032
-24.200000 -0.000023
-24.150000 0.000003
-24.100000 0.000016
-24.050000 0.000040
-24.000000 0.000046
-23.950000 0.000060
-23.900000 0.000054
-23.850000 0.000053
-23.800000 0.000033
-23.750000 0.000020
-23.700000 -0.000007
-23.650000 -0.000022
-23.600000 -0.000047
-23.550000 -0.000054
-23.500000 -0.000067
-23.450000 -0.000060
-23.400000 -0.000056
-23.350000 -0.000034
-23.300000 -0.000019
-23.250000 0.000010
-23.200000 0.000028
-23.150000 0.000053
-23.100000 0.000062
-23.050000 0.000074
-23.000000 0.000067
-22.950000 0.000061
-22.900000 0.000038
-22.850000 0.000019
-22.800000 -0.000011
-22.750000 -0.000032
-22.700000 -0.000059
-22.650000 -0.000070
-22.600000 -0.000081
-22.550000 -0.000076
-22.500000 -0.000068
-22.450000 -0.000045
-22.400000 -0.000022
-22.350000 0.000010
-22.300000 0.000035
-22.250000 0.000063
-22.200000 0.000078
-22.150000 0.000090
-22.100000 0.000086
-22.050000 0.000077
-22.000000 0.000054
-21.950000 0.000029
-21.900000 -0.000005
-21.850000 -0.000034
-21.800000 -0.000065
-21.750000 -0.000085
-21.700000 -0.000099
-21.650000 -0.000099
-21.600000 -0.000090
-21.550000 -0.000068
-21.500000 -0.000040
-21.450000 -0.000005
-21.400000 0.000030
-21.350000 0.000063
-21.300000 0.000090
-21.250000 0.000107
-21.200000 0.000113
-21.150000 0.000106
-21.100000 0.000087
-21.050000 0.000057
-21.000000 0.000021
-20.950000 -0.000019
-20.900000 -0.000057
-20.850000 -0.000091
-20.800000 -0.000114
-20.750000 -0.000126
-20.700000 -0.000124
-20.650000 -0.000109
-20.600000 -0.000080
-20.550000 -0.000045
-20.500000 -0.000000
-20.450000 0.000042
-20.400000 0.000085
-20.350000 0.000115
-20.300000 0.000138
-20.250000 0.000142
-20.200000 0.000136
-20.150000 0.000110
-20.100000 0.000077
-20.050000 0.000029
-20.000000 -0.000017
-19.950000 -0.000068
-19.900000 -0.000108
-19.850000 -0.000143
-19.800000 -0.000158
-19.750000 -0.000163
-19.700000 -0.000144
-19.650000 -0.000117
-19.600000 -0.000070
-19.550000 -0.000021
-19.500000 0.000038
-19.450000 0.000087
-19.400000 0.000136
-19.350000 0.000164
-19.300000 0.000185
-19.250000 0.000179
-19.200000 0.000163
-19.150000 0.000121
-19.100000 0.000075
-19.050000 0.000011
-19.000000 -0.000047
-18.950000 -0.000110
-18.900000 -0.000155
-18.850000 -0.000195
-18.800000 -0.000206
-18.750000 -0.000208
-18.700000 -0.000178
-18.650000 -0.000141
-18.600000 -0.000078
-18.550000 -0.000017
-18.500000 0.000058
-18.450000 0.000119
-18.400000 0.000181
-18.350000 0.000215
-18.300000 0.000241
-18.250000 0.000233
-18.200000 0.000214
-18.150000 0.000162
-18.100000 0.000105
-18.050000 0.000024
-18.000000 -0.000048
-17.950000 -0.000131
-17.900000 -0.000190
-17.850000 -0.000246
-17.800000 -0.000267
-17.750000 -0.000277
-17.700000 -0.000248
-17.650000 -0.000208
-17.600000 -0.000134
-17.550000 -0.000060
-17.500000 0.000036
-17.450000 0.000117
-17.400000 0.000203
-17.350000 0.000259
-17.300000 0.000307
-17.250000 0.000314
-17.200000 0.000306
-17.150000 0.000257
-17.100000 0.000197
-17.050000 0.000104
-17.000000 0.000013
-16.950000 -0.000095
-16.900000 -0.000184
-16.850000 -0.000273
-16.800000 -0.000326
-16.750000 -0.000366
-16.700000 -0.000360
-16.650000 -0.000337
-16.600000 -0.000269
-16.550000 -0.000190
-16.500000 -0.000079
-16.450000 0.000029
-16.400000 0.000151
-16.350000 0.000249
-16.300000 0.000342
-16.250000 0.000395
-16.200000 0.000429
-16.150000 0.000413
-16.100000 0.000377
-16.050000 0.000293
-16.000000 0.000196
-15.950000 0.000067
-15.900000 -0.000059
-15.850000 -0.000196
-15.800000 -0.000307
-15.750000 -0.000409
-15.700000 -0.000467
-15.650000 -0.000501
-15.600000 -0.000481
-15.550000 -0.000435
-15.500000 -0.000339
-15.450000 -0.000226
-15.400000 -0.000079
-15.350000 0.000067
-15.300000 0.000223
-15.250000 0.000354
-15.200000 0.000472
-15.150000 0.000543
-15.100000 0.000586
-15.050000 0.000571
-15.000000 0.000523
-14.950000 0.000420
-14.900000 0.000294
-14.850000 0.000129
-14.800000 -0.000039
-14.750000 -0.000220
-14.700000 -0.000377
-14.650000 -0.000521
-14.600000 -0.000619
-14.550000 -0.000682
-14.500000 -0.000685
-14.450000 -0.000646
-14.400000 -0.000547
-14.350000 -0.000414
-14.300000 -0.000236
-14.250000 -0.000046
-14.200000 0.000163
-14.150000 0.000357
-14.100000 0.000539
-14.050000 0.000677
-14.000000 0.000779
-13.950000 0.000817
-13.900000 0.000806
-13.850000 0.000727
-13.800000 0.000602
-13.750000 0.000422
-13.700000 0.000214
-13.650000 -0.000023
-13.600000 -0.000258
-13.550000 -0.000488
-13.500000 -0.000684
-13.450000 -0.000844
-13.400000 -0.000943
-13.350000 -0.000985
-13.300000 -0.000953
-13.250000 -0.000861
-13.200000 -0.000700
-13.150000 -0.000492
-13.100000 -0.000239
-13.050000 0.000033
-13.000000 0.000315
-12.950000 0.000580
-12.900000 0.000818
-12.850000 0.001004
-12.800000 0.001132
-12.750000 0.001185
-12.700000 0.001164
-12.650000 0.001062
-12.600000 0.000890
-12.550000 0.000652
-12.500000 0.000367
-12.450000 0.000047
-12.400000 -0.000284
-12.350000 -0.000608
-12.300000 -0.000901
-12.250000 -0.001147
-12.200000 -0.001326
-12.150000 -0.001428
-12.100000 -0.001441
-12.050000 -0.001365
-12.000000 -0.001201
-11.950000 -0.000956
-11.900000 -0.000646
-11.850000 -0.000285
-11.800000 0.000104
-11.750000 0.000499
-11.700000 0.000875
-11.650000 0.001211
-11.600000 0.001482
-11.550000 0.001674
-11.500000 0.001771
-11.450000 0.001766
-11.400000 0.001654
-11.350000 0.001444
-11.300000 0.001139
-11.250000 0.000761
-11.200000 0.000323
-11.150000 -0.000144
-11.100000 -0.000621
-11.050000 -0.001073
-11.000000 -0.001483
-10.950000 -0.001817
-10.900000 -0.002063
-10.850000 -0.002195
-10.800000 -0.002214
-10.750000 -0.002104
-10.700000 -0.001879
-10.650000 -0.001537
-10.600000 -0.001105
-10.550000 -0.000593
-10.500000 -0.000038
-10.450000 0.000544
-10.400000 0.001108
-10.350000 0.001638
-10.300000 0.002091
-10.250000 0.002455
-10.200000 0.002694
-10.150000 0.002805
-10.100000 0.002766
-10.050000 0.002590
-10.000000 0.002265
-9.950000 0.001821
-9.900000 0.001260
-9.850000 0.000625
-9.800000 -0.000072
-9.750000 -0.000780
-9.700000 -0.001481
-9.650000 -0.002124
-9.600000 -0.002691
-9.550000 -0.003135
-9.500000 -0.003449
-9.450000 -0.003596
-9.400000 -0.003583
-9.350000 -0.003386
-9.300000 -0.003029
-9.250000 -0.002505
-9.200000 -0.001854
-9.150000 -0.001083
-9.100000 -0.000245
-9.050000 0.000645
-9.000000 0.001525
-8.950000 0.002375
-8.900000 0.003136
-8.850000 0.003791
-8.800000 0.004285
-8.750000 0.004615
-8.700000 0.004739
-8.650000 0.004666
-8.600000 0.004374
-8.550000 0.003889
-8.500000 0.003205
-8.450000 0.002369
-8.400000 0.001389
-8.350000 0.000325
-8.300000 -0.000803
-8.250000 -0.001926
-8.200000 -0.003020
-8.150000 -0.004016
-8.100000 -0.004892
-8.050000 -0.005587
-8.000000 -0.006089
-7.950000 -0.006348
-7.900000 -0.006372
-7.850000 -0.006127
-7.800000 -0.005640
-7.750000 -0.004898
-7.700000 -0.003946
-7.650000 -0.002793
-7.600000 -0.001499
-7.550000 -0.000086
-7.500000 0.001371
-7.450000 0.002843
-7.400000 0.004252
-7.350000 0.005565
-7.300000 0.006710
-7.250000 0.007662
-7.200000 0.008357
-7.150000 0.008785
-7.100000 0.008900
-7.050000 0.008711
-7.000000 0.008191
-6.950000 0.007372
-6.900000 0.006249
-6.850000 0.004875
-6.800000 0.003266
-6.750000 0.001490
-6.700000 -0.000419
-6.650000 -0.002380
-6.600000 -0.004351
-6.550000 -0.006247
-6.500000 -0.008025
-6.450000 -0.009601
-6.400000 -0.010940
-6.350000 -0.011970
-6.300000 -0.012670
-6.250000 -0.012986
-6.200000 -0.012916
-6.150000 -0.012431
-6.100000 -0.011550
-6.050000 -0.010268
-6.000000 -0.008630
-5.950000 -0.006654
-5.900000 -0.004405
-5.850000 -0.001922
-5.800000 0.000714
-5.750000 0.003450
-5.700000 0.006196
-5.650000 0.008891
-5.600000 0.011442
-5.550000 0.013793
-5.500000 0.015856
-5.450000 0.017582
-5.400000 0.018899
-5.350000 0.019773
-5.300000 0.020150
-5.250000 0.020019
-5.200000 0.019350
-5.150000 0.018155
-5.100000 0.016430
-5.050000 0.014211
-5.000000 0.011521
-4.950000 0.008419
-4.900000 0.004952
-4.850000 0.001197
-4.800000 -0.002781
-4.750000 -0.006887
-4.700000 -0.011046
-4.650000 -0.015156
-4.600000 -0.019135
-4.550000 -0.022881
-4.500000 -0.026315
-4.450000 -0.029343
-4.400000 -0.031897
-4.350000 -0.033897
-4.300000 -0.035290
-4.250000 -0.036020
-4.200000 -0.036056
-4.150000 -0.035366
-4.100000 -0.033945
-4.050000 -0.031789
-4.000000 -0.028920
-3.950000 -0.025362
-3.900000 -0.021163
-3.850000 -0.016374
-3.800000 -0.011063
-3.750000 -0.005305
-3.700000 0.000813
-3.650000 0.007200
-3.600000 0.013753
-3.550000 0.020373
-3.500000 0.026948
-3.450000 0.033372
-3.400000 0.039533
-3.350000 0.045324
-3.300000 0.050636
-3.250000 0.055366
-3.200000 0.059413
-3.150000 0.062680
-3.100000 0.065080
-3.050000 0.066525
-3.000000 0.066941
-2.950000 0.066252
-2.900000 0.064399
-2.850000 0.061322
-2.800000 0.056974
-2.750000 0.051310
-2.700000 0.044301
-2.650000 0.035917
-2.600000 0.026145
-2.550000 0.014969
-2.500000 0.002394
-2.450000 -0.011579
-2.400000 -0.026929
-2.350000 -0.043639
-2.300000 -0.061667
-2.250000 -0.080979
-2.200000 -0.101516
-2.150000 -0.123225
-2.100000 -0.146024
-2.050000 -0.169842
-2.000000 -0.194579
-1.950000 -0.220140
-1.900000 -0.246406
-1.850000 -0.273263
-1.800000 -0.300571
-1.750000 -0.328198
-1.700000 -0.355986
-1.650000 -0.383789
-1.600000 -0.411434
-1.550000 -0.438766
-1.500000 -0.465601
-1.450000 -0.491782
-1.400000 -0.517127
-1.350000 -0.541480
-1.300000 -0.564667
-1.250000 -0.586550
-1.200000 -0.606972
-1.150000 -0.625818
-1.100000 -0.642962
-1.050000 -0.658323
-1.000000 -0.671812
-0.950000 -0.683393
-0.900000 -0.693023
-0.850000 -0.700715
-0.800000 -0.706478
-0.750000 -0.710379
-0.700000 -0.712481
-0.650000 -0.712907
-0.600000 -0.711773
-0.550000 -0.709256
-0.500000 -0.705527
-0.450000 -0.700815
-0.400000 -0.695341
-0.350000 -0.689383
-0.300000 -0.683211
-0.250000 -0.677152
-0.200000 -0.671526
-0.150000 -0.666711
-0.100000 -0.663078
-0.050000 -0.661061
0.000000 -0.661092
0.050000 -0.663671
0.100000 -0.669299
0.150000 -0.678557
0.200000 -0.692032
0.250000 -0.710398
0.300000 -0.734344
0.350000 -0.764651
0.400000 -0.802116
0.450000 -0.847629
0.500000 -0.902092
0.550000 -0.966482
0.600000 -1.041765
0.650000 -1.128944
0.700000 -1.228953
0.750000 -1.342689
0.800000 -1.470877
0.850000 -1.614078
0.900000 -1.772524
0.950000 -1.946092
1.000000 -2.134125
1.050000 -2.335385
1.100000 -2.547873
1.150000 -2.768810
1.200000 -2.994507
1.250000 -3.220428
1.300000 -3.441192
1.350000 -3.650790
1.400000 -3.842760
1.450000 -4.010594
1.500000 -4.148062
1.550000 -4.249723
1.600000 -4.311267
1.650000 -4.329941
1.700000 -4.304718
1.750000 -4.236449
1.800000 -4.127723
1.850000 -3.982709
1.900000 -3.806737
1.950000 -3.605957
2.000000 -3.386832
2.050000 -3.155802
2.100000 -2.918884
2.150000 -2.681478
2.200000 -2.448151
2.250000 -2.222623
2.300000 -2.007711
2.350000 -1.805441
2.400000 -1.617077
2.450000 -1.443296
2.500000 -1.284237
2.550000 -1.139677
2.600000 -1.009069
2.650000 -0.891693
2.700000 -0.786668
2.750000 -0.693067
2.800000 -0.609912
2.850000 -0.536255
2.900000 -0.471156
2.950000 -0.413748
3.000000 -0.363195
3.050000 -0.318752
3.100000 -0.279715
3.150000 -0.245465
3.200000 -0.215429
3.250000 -0.189111
3.300000 -0.166050
3.350000 -0.145857
3.400000 -0.128168
3.450000 -0.112680
3.500000 -0.099112
3.550000 -0.087230
3.600000 -0.076814
3.650000 -0.067688
3.700000 -0.059682
3.750000 -0.052662
3.800000 -0.046496
3.850000 -0.041085
3.900000 -0.036327
3.950000 -0.032146
4.000000 -0.028465
4.050000 -0.025226
4.100000 -0.022370
4.150000 -0.019855
4.200000 -0.017633
4.250000 -0.015673
4.300000 -0.013939
4.350000 -0.012407
4.400000 -0.011050
4.450000 -0.009850
4.500000 -0.008784
4.550000 -0.007840
4.600000 -0.007001
4.650000 -0.006257
4.700000 -0.005594
4.750000 -0.005005
4.800000 -0.004480
4.850000 -0.004013
4.900000 -0.003596
4.950000 -0.003224
5.000000 -0.002892
5.050000 -0.002595
5.100000 -0.002331
5.150000 -0.002093
5.200000 -0.001881
5.250000 -0.001691
5.300000 -0.001521
5.350000 -0.001368
5.400000 -0.001232
5.450000 -0.001108
5.500000 -0.000999
5.550000 -0.000898
5.600000 -0.000811
5.650000 -0.000729
5.700000 -0.000659
5.750000 -0.000593
5.800000 -0.000536
5.850000 -0.000482
5.900000 -0.000436
5.950000 -0.000392
6.000000 -0.000356
6.050000 -0.000319
6.100000 -0.000290
6.150000 -0.000260
6.200000 -0.000237
6.250000 -0.000212
6.300000 -0.000194
6.350000 -0.000173
6.400000 -0.000158
6.450000 -0.000141
6.500000 -0.000130
6.550000 -0.000115
6.600000 -0.000106
6.650000 -0.000093
6.700000 -0.000087
6.750000 -0.000076
6.800000 -0.000071
6.850000 -0.000062
6.900000 -0.000059
6.950000 -0.000050
7.000000 -0.000048
7.050000 -0.000041
7.100000 -0.000040
7.150000 -0.000033
7.200000 -0.000033
7.250000 -0.000027
7.300000 -0.000027
7.350000 -0.000022
7.400000 -0.000023
7.450000 -0.000017
7.500000 -0.000019
7.550000 -0.000014
7.600000 -0.000016
7.650000 -0.000011
7.700000 -0.000013
7.750000 -0.000009
7.800000 -0.000011
7.850000 -0.000007
7.900000 -0.000009
7.950000 -0.000005
8.000000 -0.000008
8.050000 -0.000004
8.100000 -0.000007
8.150000 -0.000003
8.200000 -0.000006
8.250000 -0.000002
8.300000 -0.000005
8.350000 -0.000001
8.400000 -0.000005
8.450000 -0.000001
8.500000 -0.000004
8.550000 -0.000000
8.600000 -0.000004
8.650000 0.000000
8.700000 -0.000003
8.750000 0.000000
8.800000 -0.000003
8.850000 0.000001
8.900000 -0.000003
8.950000 0.000001
9.000000 -0.000003
9.050000 0.000001
9.100000 -0.000003
9.150000 0.000001
9.200000 -0.000002
9.250000 0.000001
9.300000 -0.000002
9.350000 0.000001
9.400000 -0.000002
9.450000 0.000001
9.500000 -0.000002
9.550000 0.000001
9.600000 -0.000002
9.650000 0.000001
9.700000 -0.000002
9.750000 0.000001
9.800000 -0.000002
9.850000 0.000001
9.900000 -0.000002
9.950000 0.000001
10.000000 -0.000002
10.050000 0.000001
10.100000 -0.000002
10.150000 0.000001
10.200000 -0.000002
10.250000 0.000001
10.300000 -0.000001
10.350000 0.000001
10.400000 -0.000001
10.450000 0.000001
10.500000 -0.000001
10.550000 0.000001
10.600000 -0.000001
10.650000 0.000001
10.700000 -0.000001
10.750000 0.000001
10.800000 -0.000001
10.850000 0.000001
10.900000 -0.000001
10.950000 0.000001
11.000000 -0.000001
11.050000 0.000001
11.100000 -0.000001
11.150000 0.000001
11.200000 -0.000001
11.250000 0.000001
11.300000 -0.000001
11.350000 0.000001
11.400000 -0.000001
11.450000 0.000001
11.500000 -0.000001
11.550000 0.000001
11.600000 -0.000001
11.650000 0.000001
11.700000 -0.000001
11.750000 0.000001
11.800000 -0.000001
11.850000 0.000000
11.900000 -0.000000
11.950000 0.000000
12.000000 -0.000000
12.050000 0.000000
12.100000 -0.000000
12.150000 0.000000
12.200000 -0.000000
12.250000 0.000000
12.300000 -0.000000
12.350000 0.000000
12.400000 -0.000000
12.450000 0.000000
12.500000 -0.000000
12.550000 -0.000000
12.600000 0.000000
12.650000 -0.000000
12.700000 0.000000
12.750000 -0.000000
12.800000 0.000000
12.850000 -0.000000
12.900000 0.000000
12.950000 -0.000000
13.000000 0.000000
13.050000 -0.000000
13.100000 0.000000
13.150000 -0.000000
13.200000 0.000000
13.250000 -0.000000
13.300000 0.000001
13.350000 -0.000001
13.400000 0.000001
13.450000 -0.000001
13.500000 0.000001
13.550000 -0.000001
13.600000 0.000001
13.650000 -0.000001
13.700000 0.000001
13.750000 -0.000001
13.800000 0.000001
13.850000 -0.000001
13.900000 0.000001
13.950000 -0.000001
14.000000 0.000001
14.050000 -0.000001
14.100000 0.000001
14.150000 -0.000001
14.200000 0.000001
14.250000 -0.000001
14.300000 0.000001
14.350000 -0.000001
14.400000 0.000001
14.450000 -0.000001
14.500000 0.000001
14.550000 -0.000001
14.600000 0.000001
14.650000 -0.000001
14.700000 0.000001
14.750000 -0.000001
14.800000 0.000001
14.850000 -0.000001
14.900000 0.000001
14.950000 -0.000001
15.000000 0.000001
15.050000 -0.000001
15.100000 0.000001
15.150000 -0.000001
15.200000 0.000001
15.250000 -0.000001
15.300000 0.000001
15.350000 -0.000001
15.400000 0.000001
15.450000 -0.000001
15.500000 0.000001
15.550000 -0.000001
15.600000 0.000001
15.650000 -0.000001
15.700000 0.000001
15.750000 -0.000001
15.800000 0.000001
15.850000 -0.000001
15.900000 0.000001
15.950000 -0.000001
16.000000 0.000001
16.050000 -0.000002
16.100000 0.000001
16.150000 -0.000002
16.200000 0.000001
16.250000 -0.000001
16.300000 0.000001
16.350000 -0.000001
16.400000 0.000001
16.450000 -0.000001
16.500000 0.000001
16.550000 -0.000001
16.600000 0.000001
16.650000 -0.000001
16.700000 0.000001
16.750000 -0.000001
16.800000 0.000001
16.850000 -0.000001
16.900000 0.000001
16.950000 -0.000001
17.000000 0.000001
17.050000 -0.000001
17.100000 0.000001
17.150000 -0.000001
17.200000 0.000001
17.250000 -0.000001
17.300000 0.000001
17.350000 -0.000001
17.400000 0.000001
17.450000 -0.000001
17.500000 0.000001
17.550000 -0.000001
17.600000 0.000001
17.650000 -0.000001
17.700000 0.000001
17.750000 -0.000001
17.800000 0.000001
17.850000 -0.000001
17.900000 0.000001
17.950000 -0.000001
18.000000 0.000001
18.050000 -0.000001
18.100000 0.000001
18.150000 -0.000001
18.200000 0.000001
18.250000 -0.000001
18.300000 0.000001
18.350000 -0.000001
18.400000 0.000001
18.450000 -0.000001
18.500000 0.000001
18.550000 -0.000001
18.600000 0.000001
18.650000 -0.000001
18.700000 0.000001
18.750000 -0.000001
18.800000 0.000001
18.850000 -0.000001
18.900000 0.000001
18.950000 -0.000001
19.000000 0.000001
19.050000 -0.000000
19.100000 0.000000
19.150000 -0.000000
19.200000 0.000000
19.250000 -0.000000
19.300000 0.000000
19.350000 -0.000000
19.400000 0.000000
19.450000 -0.000000
19.500000 0.000000
19.550000 -0.000000
19.600000 0.000000
19.650000 -0.000000
19.700000 0.000000
19.750000 -0.000000
19.800000 0.000000
19.850000 0.000000
19.900000 -0.000000
19.950000 0.000000
20.000000 -0.000000
20.050000 0.000000
20.100000 -0.000000
20.150000 0.000000
20.200000 -0.000000
20.250000 0.000000
20.300000 -0.000000
20.350000 0.000000
20.400000 -0.000000
20.450000 0.000000
20.500000 -0.000000
20.550000 0.000000
20.600000 -0.000000
20.650000 0.000000
20.700000 -0.000000
20.750000 0.000001
20.800000 -0.000001
20.850000 0.000001
20.900000 -0.000001
20.950000 0.000001
21.000000 -0.000001
21.050000 0.000001
21.100000 -0.000001
21.150000 0.000001
21.200000 -0.000001
21.250000 0.000001
21.300000 -0.000001
21.350000 0.000001
21.400000 -0.000001
21.450000 0.000001
21.500000 -0.000001
21.550000 0.000001
21.600000 -0.000001
21.650000 0.000001
21.700000 -0.000001
21.750000 0.000001
21.800000 -0.000001
21.850000 0.000001
21.900000 -0.000001
21.950000 0.000001
22.000000 -0.000001
22.050000 0.000001
22.100000 -0.000001
22.150000 0.000001
22.200000 -0.000001
22.250000 0.000001
22.300000 -0.000001
22.350000 0.000001
22.400000 -0.000001
22.450000 0.000001
22.500000 -0.000001
22.550000 0.000001
22.600000 -0.000001
22.650000 0.000001
22.700000 -0.000001
22.750000 0.000001
22.800000 -0.000001
22.850000 0.000001
22.900000 -0.000001
22.950000 0.000001
23.000000 -0.000001
23.050000 0.000001
23.100000 -0.000001
23.150000 0.000001
23.200000 -0.000001
23.250000 0.000001
23.300000 -0.000001
23.350000 0.000001
23.400000 -0.000001
23.450000 0.000001
23.500000 -0.000001
23.550000 0.000001
23.600000 -0.000001
23.650000 0.000001
23.700000 -0.000001
23.750000 0.000001
23.800000 -0.000001
23.850000 0.000001
23.900000 -0.000001
23.950000 0.000001
24.000000 -0.000001
24.050000 0.000001
24.100000 -0.000001
24.150000 0.000001
24.200000 -0.000001
24.250000 0.000001
24.300000 -0.000001
24.350000 0.000001
24.400000 -0.000001
24.450000 0.000001
24.500000 -0.000001
24.550000 0.000001
24.600000 -0.000001
24.650000 0.000001
24.700000 -0.000001
24.750000 0.000001
24.800000 -0.000001
24.850000 0.000001
24.900000 -0.000001
24.950000 0.000001
25.000000 -0.000001
25.050000 0.000001
25.100000 -0.000001
25.150000 0.000001
25.200000 -0.000001
25.250000 0.000001
25.300000 -0.000001
25.350000 0.000001
25.400000 -0.000001
25.450000 0.000001
25.500000 -0.000001
25.550000 0.000001
25.600000 -0.000001
25.650000 0.000001
25.700000 -0.000001
25.750000 0.000001
25.800000 -0.000000
25.850000 0.000000
25.900000 -0.000000
25.950000 0.000000
26.000000 -0.000000
26.050000 0.000000
26.100000 -0.000000
26.150000 0.000000
26.200000 -0.000000
26.250000 0.000000
26.300000 -0.000000
26.350000 0.000000
26.400000 -0.000000
26.450000 0.000000
26.500000 -0.000000
26.550000 0.000000
26.600000 -0.000000
26.650000 0.000000
26.700000 -0.000000
26.750000 0.000000
26.800000 0.000000
26.850000 -0.000000
26.900000 0.000000
26.950000 -0.000000
27.000000 0.000000
27.050000 -0.000000
27.100000 0.000000
27.150000 -0.000000
27.200000 0.000000
27.250000 -0.000000
27.300000 0.000000
27.350000 -0.000000
27.400000 0.000000
27.450000 -0.000000
27.500000 0.000000
27.550000 -0.000000
27.600000 0.000000
27.650000 -0.000000
27.700000 0.000000
27.750000 -0.000000
27.800000 0.000000
27.850000 -0.000000
27.900000 0.000001
27.950000 -0.000001
28.000000 0.000001
28.050000 -0.000001
28.100000 0.000001
28.150000 -0.000001
28.200000 0.000001
28.250000 -0.000001
28.300000 0.000001
28.350000 -0.000001
28.400000 0.000001
28.450000 -0.000001
28.500000 0.000001
28.550000 -0.000001
28.600000 0.000001
28.650000 -0.000001
28.700000 0.000001
28.750000 -0.000001
28.800000 0.000001
28.850000 -0.000001
28.900000 0.000001
28.950000 -0.000001
29.000000 0.000001
29.050000 -0.000001
29.100000 0.000001
29.150000 -0.000001
29.200000 0.000001
29.250000 -0.000001
29.300000 0.000001
29.350000 -0.000001
29.400000 0.000001
29.450000 -0.000001
29.500000 0.000001
29.550000 -0.000001
29.600000 0.000001
29.650000 -0.000001
29.700000 0.000001
29.750000 -0.000001
29.800000 0.000001
29.850000 -0.000001
29.900000 0.000001
29.950000 -0.000001
30.000000 0.000001
30.050000 -0.000001
30.100000 0.000001
30.150000 -0.000001
30.200000 0.000001
30.250000 -0.000001
30.300000 0.000001
30.350000 -0.000001
30.400000 0.000001
30.450000 -0.000001
30.500000 0.000001
30.550000 -0.000001
30.600000 0.000001
30.650000 -0.000001
30.700000 0.000001
30.750000 -0.000001
30.800000 0.000001
30.850000 -0.000001
30.900000 0.000001
30.950000 -0.000001
31.000000 0.000001
31.050000 -0.000001
31.100000 0.000001
31.150000 -0.000001
31.200000 0.000001
31.250000 -0.000001
31.300000 0.000001
31.350000 -0.000001
31.400000 0.000001
31.450000 -0.000001
31.500000 0.000001
31.550000 -0.000001
31.600000 0.000001
31.650000 -0.000001
31.700000 0.000001
31.750000 -0.000001
31.800000 0.000001
31.850000 -0.000001
31.900000 0.000001
31.950000 -0.000001
32.000000 0.000001
32.050000 -0.000001
32.100000 0.000001
32.150000 -0.000001
32.200000 0.000000
32.250000 -0.000001
32.300000 0.000000
32.350000 -0.000000
32.400000 0.000000
32.450000 -0.000000
32.500000 0.000000
32.550000 -0.000000
32.600000 0.000000
32.650000 -0.000000
32.700000 0.000000
32.750000 -0.000000
32.800000 0.000000
32.850000 -0.000000
32.900000 0.000000
32.950000 -0.000000
33.000000 0.000000
33.050000 -0.000000
33.100000 0.000000
33.150000 -0.000000
33.200000 0.000000
33.250000 -0.000000
33.300000 -0.000000
33.350000 -0.000000
33.400000 -0.000000
33.450000 0.000000
33.500000 -0.000000
33.550000 0.000000
33.600000 -0.000000
33.650000 0.000000
33.700000 -0.000000
33.750000 0.000000
33.800000 -0.000000
33.850000 0.000000
33.900000 -0.000000
33.950000 0.000000
34.000000 -0.000000
34.050000 0.000000
34.100000 -0.000000
34.150000 0.000000
34.200000 -0.000000
34.250000 0.000000
34.300000 -0.000000
34.350000 0.000000
34.400000 -0.000000
34.450000 0.000000
34.500000 -0.000000
34.550000 0.000000
34.600000 -0.000000
34.650000 0.000001
34.700000 -0.000000
34.750000 0.000001
34.800000 -0.000001
34.850000 0.000001
34.900000 -0.000001
34.950000 0.000000
35.000000 -0.000001
35.050000 0.000001
35.100000 -0.000001
35.150000 0.000001
35.200000 -0.000001
35.250000 0.000001
35.300000 -0.000001
35.350000 0.000001
35.400000 -0.000001
35.450000 0.000001
35.500000 -0.000001
35.550000 0.000001
35.600000 -0.000001
35.650000 0.000001
35.700000 -0.000001
35.750000 0.000001
35.800000 -0.000001
35.850000 0.000001
35.900000 -0.000001
35.950000 0.000001
36.000000 -0.000001
36.050000 0.000001
36.100000 -0.000001
36.150000 0.000001
36.200000 -0.000001
36.250000 0.000001
36.300000 -0.000001
36.350000 0.000001
36.400000 -0.000001
36.450000 0.000001
36.500000 -0.000001
36.550000 0.000001
36.600000 -0.000001
36.650000 0.000001
36.700000 -0.000001
36.750000 0.000001
36.800000 -0.000001
36.850000 0.000001
36.900000 -0.000001
36.950000 0.000001
37.000000 -0.000001
37.050000 0.000001
37.100000 -0.000001
37.150000 0.000001
37.200000 -0.000001
37.250000 0.000001
37.300000 -0.000001
37.350000 0.000001
37.400000 -0.000001
37.450000 0.000001
37.500000 -0.000000
37.550000 0.000001
37.600000 -0.000001
37.650000 0.000001
37.700000 -0.000001
37.750000 0.000000
37.800000 -0.000001
37.850000 0.000000
37.900000 -0.000001
37.950000 0.000001
38.000000 -0.000000
38.050000 0.000001
38.100000 -0.000000
38.150000 0.000001
38.200000 -0.000001
38.250000 0.000000
38.300000 -0.000001
38.350000 0.000000
38.400000 -0.000001
38.450000 0.000000
38.500000 -0.000000
38.550000 0.000001
38.600000 -0.000000
38.650000 0.000001
38.700000 -0.000000
38.750000 0.000000
38.800000 -0.000000
38.850000 0.000000
38.900000 -0.000001
38.950000 -0.000000
39.000000 -0.000000
39.050000 0.000000
39.100000 -0.000000
39.150000 0.000000
39.200000 0.000000
39.250000 0.000000
39.300000 0.000000
39.350000 0.000000
39.400000 -0.000000
39.450000 -0.000000
39.500000 -0.000000
39.550000 -0.000000
39.600000 -0.000000
39.650000 0.000000
39.700000 0.000000
39.750000 0.000000
39.800000 0.000000
39.850000 0.000000
39.900000 0.000000
39.950000 -0.000000
40.000000 -0.000000
40.050000 -0.000000
40.100000 -0.000000
40.150000 -0.000000
40.200000 0.000000
40.250000 -0.000000
40.300000 0.000000
40.350000 0.000000
40.400000 0.000001
40.450000 0.000000
40.500000 0.000000
40.550000 -0.000000
40.600000 0.000000
40.650000 -0.000001
40.700000 -0.000000
40.750000 -0.000001
40.800000 0.000000
40.850000 -0.000000
40.900000 0.000001
40.950000 0.000000
41.000000 0.000001
41.050000 -0.000000
41.100000 0.000001
41.150000 -0.000001
41.200000 0.000000
41.250000 -0.000001
41.300000 -0.000000
41.350000 -0.000001
41.400000 0.000000
41.450000 -0.000000
41.500000 0.000001
41.550000 -0.000000
41.600000 0.000001
41.650000 -0.000000
41.700000 0.000001
41.750000 -0.000001
41.800000 0.000000
41.850000 -0.000001
41.900000 -0.000000
41.950000 -0.000001
42.000000 0.000000
42.050000 -0.000001
42.100000 0.000001
42.150000 -0.000000
42.200000 0.000001
42.250000 -0.000000
42.300000 0.000001
42.350000 -0.000001
42.400000 0.000000
42.450000 -0.000001
42.500000 -0.000000
42.550000 -0.000001
42.600000 0.000000
42.650000 -0.000001
42.700000 0.000001
42.750000 -0.000000
42.800000 0.000001
42.850000 0.000000
42.900000 0.000001
42.950000 -0.000000
43.000000 0.000000
43.050000 -0.000001
43.100000 -0.000000
43.150000 -0.000001
43.200000 -0.000000
43.250000 -0.000001
43.300000 0.000001
43.350000 -0.000000
43.400000 0.000001
43.450000 0.000000
43.500000 0.000001
43.550000 -0.000000
43.600000 0.000001
43.650000 -0.000001
43.700000 -0.000000
43.750000 -0.000001
43.800000 -0.000000
43.850000 -0.000001
43.900000 0.000000
43.950000 -0.000000
44.000000 0.000001
44.050000 0.000001
44.100000 0.000001
44.150000 0.000000
44.200000 0.000001
44.250000 -0.000000
44.300000 -0.000000
44.350000 -0.000001
44.400000 -0.000001
44.450000 -0.000001
44.500000 -0.000000
44.550000 -0.000000
44.600000 0.000001
44.650000 0.000001
44.700000 0.000002
44.750000 0.000001
44.800000 0.000001
44.850000 0.000000
44.900000 0.000000
44.950000 -0.000000
