-30.000000 0.000004
-29.950000 0.000030
-29.900000 0.000052
-29.850000 0.000091
-29.800000 0.000113
-29.750000 0.000144
-29.700000 0.000149
-29.650000 0.000159
-29.600000 0.000137
-29.550000 0.000121
-29.500000 0.000074
-29.450000 0.000041
-29.400000 -0.000020
-29.350000 -0.000055
-29.300000 -0.000110
-29.250000 -0.000129
-29.200000 -0.000162
-29.150000 -0.000151
-29.100000 -0.000155
-29.050000 -0.000112
-29.000000 -0.000089
-28.950000 -0.000025
-28.900000 0.000009
-28.850000 0.000079
-28.800000 0.000104
-28.750000 0.000158
-28.700000 0.000158
-28.650000 0.000183
-28.600000 0.000148
-28.550000 0.000141
-28.500000 0.000077
-28.450000 0.000048
-28.400000 -0.000031
-28.350000 -0.000062
-28.300000 -0.000135
-28.250000 -0.000147
-28.200000 -0.000196
-28.150000 -0.000175
-28.100000 -0.000189
-28.050000 -0.000132
-28.000000 -0.000115
-27.950000 -0.000032
-27.900000 -0.000001
-27.850000 0.000088
-27.800000 0.000112
-27.750000 0.000185
-27.700000 0.000181
-27.650000 0.000222
-27.600000 0.000179
-27.550000 0.000183
-27.500000 0.000105
-27.450000 0.000081
-27.400000 -0.000018
-27.350000 -0.000049
-27.300000 -0.000144
-27.250000 -0.000158
-27.200000 -0.000228
-27.150000 -0.000206
-27.100000 -0.000238
-27.050000 -0.000174
-27.000000 -0.000168
-26.950000 -0.000070
-26.900000 -0.000041
-26.850000 0.000070
-26.800000 0.000098
-26.750000 0.000196
-26.700000 0.000199
-26.650000 0.000264
-26.600000 0.000224
-26.550000 0.000246
-26.500000 0.000163
-26.450000 0.000147
-26.400000 0.000033
-26.350000 0.000000
-26.300000 -0.000120
-26.250000 -0.000144
-26.200000 -0.000244
-26.150000 -0.000234
-26.100000 -0.000294
-26.050000 -0.000237
-26.000000 -0.000250
-25.950000 -0.000149
-25.900000 -0.000126
-25.850000 0.000003
-25.800000 0.000039
-25.750000 0.000168
-25.700000 0.000187
-25.650000 0.000288
-25.600000 0.000267
-25.550000 0.000322
-25.500000 0.000249
-25.450000 0.000254
-25.400000 0.000136
-25.350000 0.000106
-25.300000 -0.000036
-25.250000 -0.000075
-25.200000 -0.000212
-25.150000 -0.000227
-25.100000 -0.000330
-25.050000 -0.000299
-25.000000 -0.000350
-24.950000 -0.000264
-24.900000 -0.000262
-24.850000 -0.000129
-24.800000 -0.000092
-24.750000 0.000063
-24.700000 0.000105
-24.650000 0.000250
-24.600000 0.000265
-24.550000 0.000370
-24.500000 0.000333
-24.450000 0.000381
-24.400000 0.000284
-24.350000 0.000277
-24.300000 0.000131
-24.250000 0.000087
-24.200000 -0.000081
-24.150000 -0.000128
-24.100000 -0.000283
-24.050000 -0.000299
-24.000000 -0.000411
-23.950000 -0.000370
-23.900000 -0.000419
-23.850000 -0.000315
-23.800000 -0.000303
-23.750000 -0.000146
-23.700000 -0.000096
-23.650000 0.000085
-23.600000 0.000140
-23.550000 0.000308
-23.500000 0.000330
-23.450000 0.000450
-23.400000 0.000412
-23.350000 0.000466
-23.300000 0.000358
-23.250000 0.000345
-23.200000 0.000179
-23.150000 0.000122
-23.100000 -0.000072
-23.050000 -0.000137
-23.000000 -0.000320
-22.950000 -0.000353
-22.900000 -0.000488
-22.850000 -0.000458
-22.800000 -0.000521
-22.750000 -0.000416
-22.700000 -0.000406
-22.650000 -0.000235
-22.600000 -0.000172
-22.550000 0.000035
-22.500000 0.000112
-22.450000 0.000313
-22.400000 0.000363
-22.350000 0.000518
-22.300000 0.000504
-22.250000 0.000584
-22.200000 0.000489
-22.150000 0.000487
-22.100000 0.000317
-22.050000 0.000252
-22.000000 0.000034
-21.950000 -0.000057
-21.900000 -0.000278
-21.850000 -0.000350
-21.800000 -0.000531
-21.750000 -0.000542
-21.700000 -0.000647
-21.650000 -0.000572
-21.600000 -0.000588
-21.550000 -0.000427
-21.500000 -0.000366
-21.450000 -0.000143
-21.400000 -0.000039
-21.350000 0.000203
-21.300000 0.000301
-21.250000 0.000513
-21.200000 0.000558
-21.150000 0.000698
-21.100000 0.000656
-21.050000 0.000701
-21.000000 0.000562
-20.950000 0.000515
-20.900000 0.000296
-20.850000 0.000186
-20.800000 -0.000072
-20.750000 -0.000197
-20.700000 -0.000444
-20.650000 -0.000531
-20.600000 -0.000716
-20.550000 -0.000721
-20.500000 -0.000809
-20.450000 -0.000709
-20.400000 -0.000692
-20.350000 -0.000493
-20.300000 -0.000389
-20.250000 -0.000125
-20.200000 0.000022
-20.150000 0.000301
-20.100000 0.000433
-20.050000 0.000671
-20.000000 0.000735
-19.950000 0.000882
-19.900000 0.000842
-19.850000 0.000875
-19.800000 0.000719
-19.750000 0.000642
-19.700000 0.000391
-19.650000 0.000239
-19.600000 -0.000062
-19.550000 -0.000235
-19.500000 -0.000524
-19.450000 -0.000656
-19.400000 -0.000876
-19.350000 -0.000915
-19.300000 -0.001022
-19.250000 -0.000937
-19.200000 -0.000916
-19.150000 -0.000709
-19.100000 -0.000578
-19.050000 -0.000282
-19.000000 -0.000087
-18.950000 0.000242
-18.900000 0.000437
-18.850000 0.000733
-18.800000 0.000864
-18.750000 0.001066
-18.700000 0.001081
-18.650000 0.001151
-18.600000 0.001028
-18.550000 0.000960
-18.500000 0.000709
-18.450000 0.000529
-18.400000 0.000193
-18.350000 -0.000043
-18.300000 -0.000399
-18.250000 -0.000619
-18.200000 -0.000923
-18.150000 -0.001060
-18.100000 -0.001251
-18.050000 -0.001253
-18.000000 -0.001294
-17.950000 -0.001143
-17.900000 -0.001034
-17.850000 -0.000746
-17.800000 -0.000522
-17.750000 -0.000148
-17.700000 0.000129
-17.650000 0.000516
-17.600000 0.000769
-17.550000 0.001092
-17.500000 0.001247
-17.450000 0.001440
-17.400000 0.001445
-17.350000 0.001473
-17.300000 0.001308
-17.250000 0.001170
-17.200000 0.000855
-17.150000 0.000590
-17.100000 0.000181
-17.050000 -0.000143
-17.000000 -0.000569
-16.950000 -0.000868
-16.900000 -0.001226
-16.850000 -0.001420
-16.800000 -0.001637
-16.750000 -0.001668
-16.700000 -0.001703
-16.650000 -0.001546
-16.600000 -0.001396
-16.550000 -0.001069
-16.500000 -0.000771
-16.450000 -0.000329
-16.400000 0.000046
-16.350000 0.000519
-16.300000 0.000881
-16.250000 0.001294
-16.200000 0.001554
-16.150000 0.001825
-16.100000 0.001914
-16.050000 0.001989
-16.000000 0.001871
-15.950000 0.001737
-15.900000 0.001421
-15.850000 0.001107
-15.800000 0.000645
-15.750000 0.000221
-15.700000 -0.000306
-15.650000 -0.000746
-15.600000 -0.001236
-15.550000 -0.001593
-15.500000 -0.001953
-15.450000 -0.002141
-15.400000 -0.002299
-15.350000 -0.002266
-15.300000 -0.002190
-15.250000 -0.001927
-15.200000 -0.001632
-15.150000 -0.001176
-15.100000 -0.000722
-15.050000 -0.000151
-15.000000 0.000371
-14.950000 0.000953
-14.900000 0.001433
-14.850000 0.001918
-14.800000 0.002252
-14.750000 0.002547
-14.700000 0.002658
-14.650000 0.002705
-14.600000 0.002557
-14.550000 0.002343
-14.500000 0.001950
-14.450000 0.001513
-14.400000 0.000935
-14.350000 0.000356
-14.300000 -0.000308
-14.250000 -0.000917
-14.200000 -0.001550
-14.150000 -0.002070
-14.100000 -0.002555
-14.050000 -0.002880
-14.000000 -0.003127
-13.950000 -0.003184
-13.900000 -0.003142
-13.850000 -0.002906
-13.800000 -0.002577
-13.750000 -0.002076
-13.700000 -0.001513
-13.650000 -0.000825
-13.600000 -0.000126
-13.550000 0.000634
-13.500000 0.001344
-13.450000 0.002048
-13.400000 0.002638
-13.350000 0.003160
-13.300000 0.003517
-13.250000 0.003762
-13.200000 0.003812
-13.150000 0.003728
-13.100000 0.003448
-13.050000 0.003042
-13.000000 0.002464
-12.950000 0.001795
-12.900000 0.001007
-12.850000 0.000182
-12.800000 -0.000693
-12.750000 -0.001536
-12.700000 -0.002355
-12.650000 -0.003073
-12.600000 -0.003698
-12.550000 -0.004163
-12.500000 -0.004483
-12.450000 -0.004607
-12.400000 -0.004560
-12.350000 -0.004308
-12.300000 -0.003888
-12.250000 -0.003286
-12.200000 -0.002548
-12.150000 -0.001679
-12.100000 -0.000731
-12.050000 0.000277
-12.000000 0.001290
-11.950000 0.002282
-11.900000 0.003201
-11.850000 0.004021
-11.800000 0.004698
-11.750000 0.005211
-11.700000 0.005531
-11.650000 0.005645
-11.600000 0.005545
-11.550000 0.005228
-11.500000 0.004706
-11.450000 0.003988
-11.400000 0.003107
-11.350000 0.002081
-11.300000 0.000960
-11.250000 -0.000233
-11.200000 -0.001438
-11.150000 -0.002628
-11.100000 -0.003740
-11.050000 -0.004754
-11.000000 -0.005606
-10.950000 -0.006289
-10.900000 -0.006746
-10.850000 -0.006987
-10.800000 -0.006967
-10.750000 -0.006716
-10.700000 -0.006200
-10.650000 -0.005474
-10.600000 -0.004515
-10.550000 -0.003397
-10.500000 -0.002110
-10.450000 -0.000741
-10.400000 0.000712
-10.350000 0.002151
-10.300000 0.003581
-10.250000 0.004896
-10.200000 0.006110
-10.150000 0.007118
-10.100000 0.007947
-10.050000 0.008500
-10.000000 0.008820
-9.950000 0.008825
-9.900000 0.008577
-9.850000 0.008007
-9.800000 0.007202
-9.750000 0.006106
-9.700000 0.004825
-9.650000 0.003317
-9.600000 0.001706
-9.550000 -0.000044
-9.500000 -0.001795
-9.450000 -0.003581
-9.400000 -0.005257
-9.350000 -0.006863
-9.300000 -0.008253
-9.250000 -0.009477
-9.200000 -0.010397
-9.150000 -0.011078
-9.100000 -0.011395
-9.050000 -0.011432
-9.000000 -0.011078
-8.950000 -0.010443
-8.900000 -0.009430
-8.850000 -0.008171
-8.800000 -0.006585
-8.750000 -0.004824
-8.700000 -0.002820
-8.650000 -0.000740
-8.600000 0.001477
-8.550000 0.003652
-8.500000 0.005847
-8.450000 0.007878
-8.400000 0.009813
-8.350000 0.011469
-8.300000 0.012926
-8.250000 0.014009
-8.200000 0.014816
-8.150000 0.015184
-8.100000 0.015231
-8.050000 0.014810
-8.000000 0.014063
-7.950000 0.012859
-7.900000 0.011363
-7.850000 0.009460
-7.800000 0.007336
-7.750000 0.004891
-7.700000 0.002327
-7.650000 -0.000446
-7.600000 -0.003212
-7.550000 -0.006059
-7.500000 -0.008764
-7.450000 -0.011415
-7.400000 -0.013791
-7.350000 -0.015988
-7.300000 -0.017790
-7.250000 -0.019308
-7.200000 -0.020337
-7.150000 -0.021007
-7.100000 -0.021129
-7.050000 -0.020855
-7.000000 -0.020014
-6.950000 -0.018783
-6.900000 -0.017008
-6.850000 -0.014889
-6.800000 -0.012291
-6.750000 -0.009434
-6.700000 -0.006198
-6.650000 -0.002819
-6.600000 0.000813
-6.550000 0.004449
-6.500000 0.008197
-6.450000 0.011800
-6.400000 0.015367
-6.350000 0.018640
-6.300000 0.021737
-6.250000 0.024406
-6.200000 0.026774
-6.150000 0.028600
-6.100000 0.030029
-6.050000 0.030832
-6.000000 0.031173
-5.950000 0.030841
-5.900000 0.030022
-5.850000 0.028522
-5.800000 0.026548
-5.750000 0.023925
-5.700000 0.020883
-5.650000 0.017262
-5.600000 0.013312
-5.550000 0.008888
-5.500000 0.004257
-5.450000 -0.000714
-5.400000 -0.005746
-5.350000 -0.010965
-5.300000 -0.016083
-5.250000 -0.021223
-5.200000 -0.026096
-5.150000 -0.030825
-5.100000 -0.035124
-5.050000 -0.039124
-5.000000 -0.042546
-4.950000 -0.045533
-4.900000 -0.047819
-4.850000 -0.049565
-4.800000 -0.050517
-4.750000 -0.050856
-4.700000 -0.050349
-4.650000 -0.049197
-4.600000 -0.047185
-4.550000 -0.044538
-4.500000 -0.041060
-4.450000 -0.036996
-4.400000 -0.032167
-4.350000 -0.026838
-4.300000 -0.020845
-4.250000 -0.014468
-4.200000 -0.007557
-4.150000 -0.000401
-4.100000 0.007140
-4.050000 0.014770
-4.000000 0.022626
-3.950000 0.030405
-3.900000 0.038245
-3.850000 0.045844
-3.800000 0.053341
-3.750000 0.060436
-3.700000 0.067275
-3.650000 0.073563
-3.600000 0.079451
-3.550000 0.084652
-3.500000 0.089326
-3.450000 0.093192
-3.400000 0.096420
-3.350000 0.098739
-3.300000 0.100324
-3.250000 0.100914
-3.200000 0.100694
-3.150000 0.099410
-3.100000 0.097255
-3.050000 0.093983
-3.000000 0.089795
-2.950000 0.084452
-2.900000 0.078163
-2.850000 0.070696
-2.800000 0.062266
-2.750000 0.052649
-2.700000 0.042068
-2.650000 0.030305
-2.600000 0.017590
-2.550000 0.003714
-2.500000 -0.011085
-2.450000 -0.027008
-2.400000 -0.043809
-2.350000 -0.061677
-2.300000 -0.080357
-2.250000 -0.100028
-2.200000 -0.120423
-2.150000 -0.141708
-2.100000 -0.163606
-2.050000 -0.186267
-2.000000 -0.209401
-1.950000 -0.233146
-1.900000 -0.257196
-1.850000 -0.281675
-1.800000 -0.306263
-1.750000 -0.331070
-1.700000 -0.355765
-1.650000 -0.380444
-1.600000 -0.404768
-1.550000 -0.428821
-1.500000 -0.452258
-1.450000 -0.475160
-1.400000 -0.497179
-1.350000 -0.518396
-1.300000 -0.538468
-1.250000 -0.557481
-1.200000 -0.575106
-1.150000 -0.591439
-1.100000 -0.606171
-1.050000 -0.619419
-1.000000 -0.630896
-0.950000 -0.640744
-0.900000 -0.648709
-0.850000 -0.654960
-0.800000 -0.659278
-0.750000 -0.661865
-0.700000 -0.662535
-0.650000 -0.661522
-0.600000 -0.658676
-0.550000 -0.654261
-0.500000 -0.648158
-0.450000 -0.640658
-0.400000 -0.631669
-0.350000 -0.621503
-0.300000 -0.610090
-0.250000 -0.597757
-0.200000 -0.584450
-0.150000 -0.570506
-0.100000 -0.555883
-0.050000 -0.540923
0.000000 -0.525591
0.050000 -0.510230
0.100000 -0.494809
0.150000 -0.479675
0.200000 -0.464800
0.250000 -0.450533
0.300000 -0.436854
0.350000 -0.424117
0.400000 -0.412317
0.450000 -0.401818
0.500000 -0.392636
0.550000 -0.385160
0.600000 -0.379437
0.650000 -0.375889
0.700000 -0.374615
0.750000 -0.376085
0.800000 -0.380464
0.850000 -0.388293
0.900000 -0.399824
0.950000 -0.415692
1.000000 -0.436256
1.050000 -0.462268
1.100000 -0.494218
1.150000 -0.532992
1.200000 -0.579226
1.250000 -0.633949
1.300000 -0.697939
1.350000 -0.772349
1.400000 -0.858062
1.450000 -0.956290
1.500000 -1.067921
1.550000 -1.194083
1.600000 -1.335476
1.650000 -1.492889
1.700000 -1.666511
1.750000 -1.856406
1.800000 -2.061799
1.850000 -2.281524
1.900000 -2.513319
1.950000 -2.754284
2.000000 -3.000251
2.050000 -3.246324
2.100000 -3.486411
2.150000 -3.713938
2.200000 -3.921602
2.250000 -4.102287
2.300000 -4.249017
2.350000 -4.355969
2.400000 -4.418449
2.450000 -4.433791
2.500000 -4.401113
2.550000 -4.321871
2.600000 -4.199258
2.650000 -4.038380
2.700000 -3.845359
2.750000 -3.627304
2.800000 -3.391354
2.850000 -3.144673
2.900000 -2.893652
2.950000 -2.644084
3.000000 -2.400595
3.050000 -2.167009
3.100000 -1.945974
3.150000 -1.739445
3.200000 -1.548404
3.250000 -1.373386
3.300000 -1.214227
3.350000 -1.070562
3.400000 -0.941569
3.450000 -0.826422
3.500000 -0.724014
3.550000 -0.633357
3.600000 -0.553295
3.650000 -0.482859
3.700000 -0.420974
3.750000 -0.366780
3.800000 -0.319340
3.850000 -0.277939
3.900000 -0.241789
3.950000 -0.210320
4.000000 -0.182889
4.050000 -0.159053
4.100000 -0.138297
4.150000 -0.120285
4.200000 -0.104606
4.250000 -0.091014
4.300000 -0.079182
4.350000 -0.068932
4.400000 -0.060005
4.450000 -0.052275
4.500000 -0.045539
4.550000 -0.039708
4.600000 -0.034620
4.650000 -0.030218
4.700000 -0.026372
4.750000 -0.023045
4.800000 -0.020133
4.850000 -0.017614
4.900000 -0.015406
4.950000 -0.013497
5.000000 -0.011819
5.050000 -0.010369
5.100000 -0.009092
5.150000 -0.007988
5.200000 -0.007013
5.250000 -0.006171
5.300000 -0.005425
5.350000 -0.004781
5.400000 -0.004209
5.450000 -0.003715
5.500000 -0.003276
5.550000 -0.002895
5.600000 -0.002557
5.650000 -0.002263
5.700000 -0.002002
5.750000 -0.001774
5.800000 -0.001572
5.850000 -0.001394
5.900000 -0.001239
5.950000 -0.001099
6.000000 -0.000979
6.050000 -0.000868
6.100000 -0.000776
6.150000 -0.000688
6.200000 -0.000617
6.250000 -0.000546
6.300000 -0.000492
6.350000 -0.000434
6.400000 -0.000393
6.450000 -0.000346
6.500000 -0.000316
6.550000 -0.000275
6.600000 -0.000254
6.650000 -0.000220
6.700000 -0.000205
6.750000 -0.000175
6.800000 -0.000167
6.850000 -0.000140
6.900000 -0.000136
6.950000 -0.000111
7.000000 -0.000111
7.050000 -0.000088
7.100000 -0.000091
7.150000 -0.000070
7.200000 -0.000075
7.250000 -0.000055
7.300000 -0.000063
7.350000 -0.000043
7.400000 -0.000053
7.450000 -0.000033
7.500000 -0.000045
7.550000 -0.000025
7.600000 -0.000038
7.650000 -0.000018
7.700000 -0.000033
7.750000 -0.000013
7.800000 -0.000029
7.850000 -0.000008
7.900000 -0.000026
7.950000 -0.000005
8.000000 -0.000023
8.050000 -0.000002
8.100000 -0.000021
8.150000 0.000001
8.200000 -0.000020
8.250000 0.000003
8.300000 -0.000018
8.350000 0.000005
8.400000 -0.000018
8.450000 0.000006
8.500000 -0.000017
8.550000 0.000008
8.600000 -0.000016
8.650000 0.000009
8.700000 -0.000016
8.750000 0.000010
8.800000 -0.000016
8.850000 0.000011
8.900000 -0.000016
8.950000 0.000012
9.000000 -0.000016
9.050000 0.000012
9.100000 -0.000016
9.150000 0.000013
9.200000 -0.000016
9.250000 0.000014
9.300000 -0.000016
9.350000 0.000014
9.400000 -0.000016
9.450000 0.000015
9.500000 -0.000016
9.550000 0.000015
9.600000 -0.000017
9.650000 0.000015
9.700000 -0.000017
9.750000 0.000016
9.800000 -0.000017
9.850000 0.000017
9.900000 -0.000017
9.950000 0.000017
10.000000 -0.000017
10.050000 0.000017
10.100000 -0.000018
10.150000 0.000017
10.200000 -0.000018
10.250000 0.000018
10.300000 -0.000018
10.350000 0.000018
10.400000 -0.000018
10.450000 0.000019
10.500000 -0.000018
10.550000 0.000019
10.600000 -0.000019
10.650000 0.000019
10.700000 -0.000019
10.750000 0.000019
10.800000 -0.000020
10.850000 0.000019
10.900000 -0.000020
10.950000 0.000020
11.000000 -0.000020
11.050000 0.000020
11.100000 -0.000020
11.150000 0.000020
11.200000 -0.000020
11.250000 0.000020
11.300000 -0.000021
11.350000 0.000020
11.400000 -0.000021
11.450000 0.000021
11.500000 -0.000021
11.550000 0.000021
11.600000 -0.000021
11.650000 0.000021
11.700000 -0.000021
11.750000 0.000021
11.800000 -0.000021
11.850000 0.000021
11.900000 -0.000022
11.950000 0.000021
12.000000 -0.000022
12.050000 0.000022
12.100000 -0.000022
12.150000 0.000022
12.200000 -0.000022
12.250000 0.000022
12.300000 -0.000022
12.350000 0.000022
12.400000 -0.000022
12.450000 0.000022
12.500000 -0.000022
12.550000 0.000022
12.600000 -0.000022
12.650000 0.000022
12.700000 -0.000022
12.750000 0.000023
12.800000 -0.000022
12.850000 0.000023
12.900000 -0.000022
12.950000 0.000023
13.000000 -0.000023
13.050000 0.000022
13.100000 -0.000023
13.150000 0.000022
13.200000 -0.000023
13.250000 0.000023
13.300000 -0.000023
13.350000 0.000023
13.400000 -0.000022
13.450000 0.000023
13.500000 -0.000023
13.550000 0.000023
13.600000 -0.000023
13.650000 0.000023
13.700000 -0.000023
13.750000 0.000023
13.800000 -0.000023
13.850000 0.000023
13.900000 -0.000023
13.950000 0.000023
14.000000 -0.000022
14.050000 0.000023
14.100000 -0.000023
14.150000 0.000023
14.200000 -0.000023
14.250000 0.000022
14.300000 -0.000023
14.350000 0.000022
14.400000 -0.000023
14.450000 0.000023
14.500000 -0.000022
14.550000 0.000023
14.600000 -0.000022
14.650000 0.000023
14.700000 -0.000022
14.750000 0.000022
14.800000 -0.000022
14.850000 0.000022
14.900000 -0.000022
14.950000 0.000022
15.000000 -0.000022
15.050000 0.000022
15.100000 -0.000022
15.150000 0.000022
15.200000 -0.000021
15.250000 0.000022
15.300000 -0.000022
15.350000 0.000022
15.400000 -0.000022
15.450000 0.000021
15.500000 -0.000022
15.550000 0.000021
15.600000 -0.000021
15.650000 0.000021
15.700000 -0.000021
15.750000 0.000021
15.800000 -0.000021
15.850000 0.000021
15.900000 -0.000021
15.950000 0.000021
16.000000 -0.000021
16.050000 0.000020
16.100000 -0.000021
16.150000 0.000020
16.200000 -0.000020
16.250000 0.000020
16.300000 -0.000020
16.350000 0.000020
16.400000 -0.000019
16.450000 0.000020
16.500000 -0.000019
16.550000 0.000019
16.600000 -0.000019
16.650000 0.000019
16.700000 -0.000019
16.750000 0.000019
16.800000 -0.000019
16.850000 0.000019
16.900000 -0.000018
16.950000 0.000019
17.000000 -0.000018
17.050000 0.000019
17.100000 -0.000018
17.150000 0.000018
17.200000 -0.000018
17.250000 0.000017
17.300000 -0.000018
17.350000 0.000017
17.400000 -0.000017
17.450000 0.000017
17.500000 -0.000017
17.550000 0.000017
17.600000 -0.000016
17.650000 0.000017
17.700000 -0.000016
17.750000 0.000016
17.800000 -0.000016
17.850000 0.000015
17.900000 -0.000016
17.950000 0.000015
18.000000 -0.000016
18.050000 0.000015
18.100000 -0.000015
18.150000 0.000015
18.200000 -0.000014
18.250000 0.000015
18.300000 -0.000014
18.350000 0.000014
18.400000 -0.000014
18.450000 0.000014
18.500000 -0.000014
18.550000 0.000013
18.600000 -0.000014
18.650000 0.000013
18.700000 -0.000013
18.750000 0.000013
18.800000 -0.000012
18.850000 0.000013
18.900000 -0.000012
18.950000 0.000013
19.000000 -0.000012
19.050000 0.000012
19.100000 -0.000012
19.150000 0.000011
19.200000 -0.000012
19.250000 0.000011
19.300000 -0.000011
19.350000 0.000011
19.400000 -0.000010
19.450000 0.000011
19.500000 -0.000009
19.550000 0.000010
19.600000 -0.000009
19.650000 0.000009
19.700000 -0.000010
19.750000 0.000008
19.800000 -0.000010
19.850000 0.000008
19.900000 -0.000009
19.950000 0.000008
20.000000 -0.000008
20.050000 0.000008
20.100000 -0.000007
20.150000 0.000008
20.200000 -0.000007
20.250000 0.000007
20.300000 -0.000007
20.350000 0.000006
20.400000 -0.000007
20.450000 0.000006
20.500000 -0.000007
20.550000 0.000006
20.600000 -0.000006
20.650000 0.000006
20.700000 -0.000005
20.750000 0.000006
20.800000 -0.000004
20.850000 0.000005
20.900000 -0.000004
20.950000 0.000004
21.000000 -0.000005
21.050000 0.000003
21.100000 -0.000004
21.150000 0.000003
21.200000 -0.000003
21.250000 0.000003
21.300000 -0.000002
21.350000 0.000003
21.400000 -0.000001
21.450000 0.000003
21.500000 -0.000002
21.550000 0.000002
21.600000 -0.000002
21.650000 0.000001
21.700000 -0.000002
21.750000 0.000000
21.800000 -0.000001
21.850000 0.000000
21.900000 -0.000000
21.950000 0.000001
22.000000 0.000001
22.050000 0.000001
22.100000 0.000001
22.150000 -0.000000
22.200000 0.000001
22.250000 -0.000002
22.300000 0.000000
22.350000 -0.000003
22.400000 0.000001
22.450000 -0.000003
22.500000 0.000002
22.550000 -0.000002
22.600000 0.000003
22.650000 -0.000002
22.700000 0.000004
22.750000 -0.000002
22.800000 0.000004
22.850000 -0.000004
22.900000 0.000003
22.950000 -0.000005
23.000000 0.000003
23.050000 -0.000005
23.100000 0.000004
23.150000 -0.000005
23.200000 0.000005
23.250000 -0.000004
23.300000 0.000006
23.350000 -0.000004
23.400000 0.000007
23.450000 -0.000005
23.500000 0.000006
23.550000 -0.000007
23.600000 0.000005
23.650000 -0.000008
23.700000 0.000006
23.750000 -0.000008
23.800000 0.000007
23.850000 -0.000007
23.900000 0.000009
23.950000 -0.000006
24.000000 0.000009
24.050000 -0.000007
24.100000 0.000009
24.150000 -0.000009
24.200000 0.000008
24.250000 -0.000010
24.300000 0.000008
24.350000 -0.000010
24.400000 0.000008
24.450000 -0.000010
24.500000 0.000010
24.550000 -0.000009
24.600000 0.000011
24.650000 -0.000009
24.700000 0.000012
24.750000 -0.000010
24.800000 0.000011
24.850000 -0.000011
24.900000 0.000010
24.950000 -0.000013
25.000000 0.000010
25.050000 -0.000013
25.100000 0.000011
25.150000 -0.000012
25.200000 0.000013
25.250000 -0.000011
25.300000 0.000014
25.350000 -0.000011
25.400000 0.000014
25.450000 -0.000012
25.500000 0.000012
25.550000 -0.000014
25.600000 0.000011
25.650000 -0.000015
25.700000 0.000012
25.750000 -0.000014
25.800000 0.000014
25.850000 -0.000013
25.900000 0.000015
25.950000 -0.000012
26.000000 0.000016
26.050000 -0.000013
26.100000 0.000015
26.150000 -0.000015
26.200000 0.000014
26.250000 -0.000016
26.300000 0.000013
26.350000 -0.000017
26.400000 0.000014
26.450000 -0.000016
26.500000 0.000016
26.550000 -0.000014
26.600000 0.000017
26.650000 -0.000014
26.700000 0.000018
26.750000 -0.000015
26.800000 0.000016
26.850000 -0.000017
26.900000 0.000015
26.950000 -0.000018
27.000000 0.000014
27.050000 -0.000018
27.100000 0.000015
27.150000 -0.000017
27.200000 0.000018
27.250000 -0.000015
27.300000 0.000019
27.350000 -0.000015
27.400000 0.000019
27.450000 -0.000016
27.500000 0.000017
27.550000 -0.000018
27.600000 0.000015
27.650000 -0.000020
27.700000 0.000015
27.750000 -0.000019
27.800000 0.000017
27.850000 -0.000018
27.900000 0.000019
27.950000 -0.000016
28.000000 0.000020
28.050000 -0.000016
28.100000 0.000020
28.150000 -0.000017
28.200000 0.000018
28.250000 -0.000020
28.300000 0.000016
28.350000 -0.000021
28.400000 0.000016
28.450000 -0.000020
28.500000 0.000018
28.550000 -0.000018
28.600000 0.000020
28.650000 -0.000016
28.700000 0.000021
28.750000 -0.000016
28.800000 0.000020
28.850000 -0.000018
28.900000 0.000018
28.950000 -0.000020
29.000000 0.000016
29.050000 -0.000022
29.100000 0.000016
29.150000 -0.000021
29.200000 0.000018
29.250000 -0.000018
29.300000 0.000021
29.350000 -0.000016
29.400000 0.000022
29.450000 -0.000016
29.500000 0.000021
29.550000 -0.000018
29.600000 0.000018
29.650000 -0.000021
29.700000 0.000016
29.750000 -0.000022
29.800000 0.000015
29.850000 -0.000021
29.900000 0.000018
29.950000 -0.000018
30.000000 0.000021
30.050000 -0.000015
30.100000 0.000022
30.150000 -0.000015
30.200000 0.000021
30.250000 -0.000017
30.300000 0.000018
30.350000 -0.000020
30.400000 0.000015
30.450000 -0.000022
30.500000 0.000015
30.550000 -0.000021
30.600000 0.000017
30.650000 -0.000017
30.700000 0.000020
30.750000 -0.000014
30.800000 0.000022
30.850000 -0.000014
30.900000 0.000021
30.950000 -0.000016
31.000000 0.000017
31.050000 -0.000020
31.100000 0.000014
31.150000 -0.000022
31.200000 0.000013
31.250000 -0.000021
31.300000 0.000015
31.350000 -0.000017
31.400000 0.000019
31.450000 -0.000013
31.500000 0.000021
31.550000 -0.000012
31.600000 0.000020
31.650000 -0.000014
31.700000 0.000017
31.750000 -0.000018
31.800000 0.000013
31.850000 -0.000021
31.900000 0.000011
31.950000 -0.000020
32.000000 0.000013
32.050000 -0.000017
32.100000 0.000017
32.150000 -0.000012
32.200000 0.000020
32.250000 -0.000010
32.300000 0.000020
32.350000 -0.000012
32.400000 0.000016
32.450000 -0.000016
32.500000 0.000012
32.550000 -0.000020
32.600000 0.000009
32.650000 -0.000020
32.700000 0.000010
32.750000 -0.000016
32.800000 0.000015
32.850000 -0.000011
32.900000 0.000019
32.950000 -0.000008
33.000000 0.000019
33.050000 -0.000009
33.100000 0.000016
33.150000 -0.000013
33.200000 0.000011
33.250000 -0.000017
33.300000 0.000007
33.350000 -0.000019
33.400000 0.000007
33.450000 -0.000016
33.500000 0.000011
33.550000 -0.000011
33.600000 0.000016
33.650000 -0.000006
33.700000 0.000018
33.750000 -0.000005
33.800000 0.000016
33.850000 -0.000009
33.900000 0.000011
33.950000 -0.000014
34.000000 0.000005
34.050000 -0.000017
34.100000 0.000004
34.150000 -0.000016
34.200000 0.000007
34.250000 -0.000011
34.300000 0.000012
34.350000 -0.000005
34.400000 0.000016
34.450000 -0.000002
34.500000 0.000016
34.550000 -0.000004
34.600000 0.000011
34.650000 -0.000010
34.700000 0.000005
34.750000 -0.000015
34.800000 0.000001
34.850000 -0.000016
34.900000 0.000001
34.950000 -0.000012
35.000000 0.000007
35.050000 -0.000005
35.100000 0.000013
35.150000 0.000001
35.200000 0.000015
35.250000 0.000001
35.300000 0.000012
35.350000 -0.000004
35.400000 0.000005
35.450000 -0.000010
35.500000 -0.000001
35.550000 -0.000014
35.600000 -0.000003
35.650000 -0.000013
35.700000 0.000000
35.750000 -0.000006
35.800000 0.000007
35.850000 0.000001
35.900000 0.000013
35.950000 0.000005
36.000000 0.000013
36.050000 0.000003
36.100000 0.000008
36.150000 -0.000004
36.200000 -0.000001
36.250000 -0.000011
36.300000 -0.000007
36.350000 -0.000013
36.400000 -0.000006
36.450000 -0.000009
36.500000 -0.000000
36.550000 -0.000000
36.600000 0.000008
36.650000 0.000007
36.700000 0.000012
36.750000 0.000009
36.800000 0.000010
36.850000 0.000005
36.900000 0.000002
36.950000 -0.000004
37.000000 -0.000007
37.050000 -0.000011
37.100000 -0.000012
37.150000 -0.000011
37.200000 -0.000009
37.250000 -0.000004
37.300000 -0.000001
37.350000 0.000006
37.400000 0.000008
37.450000 0.000013
37.500000 0.000011
37.550000 0.000013
37.600000 0.000007
37.650000 0.000006
37.700000 -0.000003
37.750000 -0.000004
37.800000 -0.000013
37.850000 -0.000010
37.900000 -0.000016
37.950000 -0.000009
38.000000 -0.000011
38.050000 -0.000000
38.100000 -0.000001
38.150000 0.000011
38.200000 0.000008
38.250000 0.000018
38.300000 0.000010
38.350000 0.000017
38.400000 0.000004
38.450000 0.000007
38.500000 -0.000008
38.550000 -0.000004
38.600000 -0.000018
38.650000 -0.000010
38.700000 -0.000021
38.750000 -0.000007
38.800000 -0.000014
38.850000 0.000003
38.900000 -0.000002
38.950000 0.000016
39.000000 0.000008
39.050000 0.000023
39.100000 0.000009
39.150000 0.000020
39.200000 0.000002
39.250000 0.000010
39.300000 -0.000012
39.350000 -0.000003
39.400000 -0.000023
39.450000 -0.000010
39.500000 -0.000025
39.550000 -0.000006
39.600000 -0.000017
39.650000 0.000006
39.700000 -0.000004
39.750000 0.000020
39.800000 0.000008
39.850000 0.000028
39.900000 0.000010
39.950000 0.000025
40.000000 0.000001
40.050000 0.000013
40.100000 -0.000014
40.150000 -0.000002
40.200000 -0.000027
40.250000 -0.000010
40.300000 -0.000030
40.350000 -0.000007
40.400000 -0.000022
40.450000 0.000006
40.500000 -0.000007
40.550000 0.000023
40.600000 0.000007
40.650000 0.000033
40.700000 0.000011
40.750000 0.000031
40.800000 0.000002
40.850000 0.000017
40.900000 -0.000015
40.950000 0.000000
41.000000 -0.000030
41.050000 -0.000011
41.100000 -0.000036
41.150000 -0.000009
41.200000 -0.000028
41.250000 0.000004
41.300000 -0.000011
41.350000 0.000023
41.400000 0.000006
41.450000 0.000037
41.500000 0.000013
41.550000 0.000037
41.600000 0.000006
41.650000 0.000024
41.700000 -0.000012
41.750000 0.000005
41.800000 -0.000031
41.850000 -0.000011
41.900000 -0.000041
41.950000 -0.000013
42.000000 -0.000036
42.050000 -0.000001
42.100000 -0.000019
42.150000 0.000020
42.200000 0.000002
42.250000 0.000038
42.300000 0.000015
42.350000 0.000044
42.400000 0.000012
42.450000 0.000034
42.500000 -0.000005
42.550000 0.000012
42.600000 -0.000028
42.650000 -0.000009
42.700000 -0.000044
42.750000 -0.000018
42.800000 -0.000045
42.850000 -0.000010
42.900000 -0.000030
42.950000 0.000012
43.000000 -0.000005
43.050000 0.000036
43.100000 0.000015
43.150000 0.000049
43.200000 0.000020
43.250000 0.000045
43.300000 0.000006
43.350000 0.000025
43.400000 -0.000019
43.450000 -0.000002
43.500000 -0.000043
43.550000 -0.000020
43.600000 -0.000053
43.650000 -0.000021
43.700000 -0.000044
43.750000 -0.000003
43.800000 -0.000019
43.850000 0.000026
43.900000 0.000008
43.950000 0.000049
44.000000 0.000025
44.050000 0.000056
44.100000 0.000021
44.150000 0.000042
44.200000 -0.000001
44.250000 0.000014
44.300000 -0.000032
44.350000 -0.000014
44.400000 -0.000054
44.450000 -0.000028
44.500000 -0.000057
44.550000 -0.000019
44.600000 -0.000037
44.650000 0.000009
44.700000 -0.000004
44.750000 0.000042
44.800000 0.000024
44.850000 0.000061
44.900000 0.000030
44.950000 0.000050
