-30.000000 0.000890
-29.950000 0.000787
-29.900000 0.001565
-29.850000 0.001344
-29.800000 0.001993
-29.750000 0.001637
-29.700000 0.002142
-29.650000 0.001644
-29.600000 0.002004
-29.550000 0.001369
-29.500000 0.001601
-29.450000 0.000857
-29.400000 0.000996
-29.350000 0.000184
-29.300000 0.000280
-29.250000 -0.000543
-29.200000 -0.000433
-29.150000 -0.001211
-29.100000 -0.001031
-29.050000 -0.001711
-29.000000 -0.001417
-28.950000 -0.001964
-28.900000 -0.001529
-28.850000 -0.001929
-28.800000 -0.001351
-28.750000 -0.001611
-28.700000 -0.000909
-28.650000 -0.001060
-28.600000 -0.000273
-28.550000 -0.000363
-28.500000 0.000456
-28.450000 0.000372
-28.400000 0.001163
-28.350000 0.001026
-28.300000 0.001735
-28.250000 0.001495
-28.200000 0.002078
-28.150000 0.001700
-28.100000 0.002133
-28.050000 0.001603
-28.000000 0.001883
-27.950000 0.001212
-27.900000 0.001363
-27.850000 0.000586
-27.800000 0.000651
-27.750000 -0.000181
-27.700000 -0.000144
-27.650000 -0.000969
-27.600000 -0.000896
-27.550000 -0.001653
-27.500000 -0.001488
-27.450000 -0.002124
-27.400000 -0.001824
-27.350000 -0.002308
-27.300000 -0.001850
-27.250000 -0.002172
-27.200000 -0.001559
-27.150000 -0.001734
-27.100000 -0.000992
-27.050000 -0.001055
-27.000000 -0.000230
-26.950000 -0.000235
-26.900000 0.000615
-26.850000 0.000606
-26.800000 0.001417
-26.750000 0.001341
-26.700000 0.002054
-26.650000 0.001859
-26.600000 0.002427
-26.550000 0.002075
-26.500000 0.002473
-26.450000 0.001951
-26.400000 0.002180
-26.350000 0.001500
-26.300000 0.001583
-26.250000 0.000783
-26.200000 0.000770
-26.150000 -0.000094
-26.100000 -0.000143
-26.050000 -0.001005
-26.000000 -0.001021
-25.950000 -0.001814
-25.900000 -0.001734
-25.850000 -0.002401
-25.800000 -0.002177
-25.750000 -0.002679
-25.700000 -0.002282
-25.650000 -0.002604
-25.600000 -0.002031
-25.550000 -0.002182
-25.500000 -0.001454
-25.450000 -0.001466
-25.400000 -0.000627
-25.350000 -0.000553
-25.300000 0.000336
-25.250000 0.000431
-25.200000 0.001302
-25.150000 0.001347
-25.100000 0.002132
-25.050000 0.002064
-25.000000 0.002705
-24.950000 0.002475
-24.900000 0.002934
-24.850000 0.002516
-24.800000 0.002781
-24.750000 0.002175
-24.700000 0.002260
-24.650000 0.001495
-24.600000 0.001439
-24.550000 0.000566
-24.500000 0.000431
-24.450000 -0.000484
-24.400000 -0.000629
-24.350000 -0.001514
-24.300000 -0.001596
-24.250000 -0.002381
-24.200000 -0.002338
-24.150000 -0.002968
-24.100000 -0.002752
-24.050000 -0.003190
-24.000000 -0.002777
-23.950000 -0.003011
-23.900000 -0.002402
-23.850000 -0.002448
-23.800000 -0.001670
-23.750000 -0.001566
-23.700000 -0.000671
-23.650000 -0.000478
-23.600000 0.000466
-23.550000 0.000673
-23.500000 0.001590
-23.450000 0.001736
-23.400000 0.002551
-23.350000 0.002566
-23.300000 0.003217
-23.250000 0.003048
-23.200000 0.003495
-23.150000 0.003116
-23.100000 0.003344
-23.050000 0.002754
-23.000000 0.002778
-22.950000 0.002005
-22.900000 0.001865
-22.850000 0.000960
-22.800000 0.000717
-22.750000 -0.000251
-22.700000 -0.000523
-22.650000 -0.001478
-22.600000 -0.001702
-22.550000 -0.002567
-22.500000 -0.002669
-22.450000 -0.003377
-22.400000 -0.003299
-22.350000 -0.003800
-22.300000 -0.003504
-22.250000 -0.003775
-22.200000 -0.003251
-22.150000 -0.003296
-22.100000 -0.002562
-22.050000 -0.002412
-22.000000 -0.001514
-21.950000 -0.001229
-21.900000 -0.000235
-21.850000 0.000112
-21.800000 0.001121
-21.750000 0.001444
-21.700000 0.002385
-21.650000 0.002606
-21.600000 0.003403
-21.550000 0.003452
-21.500000 0.004048
-21.450000 0.003878
-21.400000 0.004237
-21.350000 0.003828
-21.300000 0.003943
-21.250000 0.003300
-21.200000 0.003191
-21.150000 0.002349
-21.100000 0.002062
-21.050000 0.001078
-21.000000 0.000681
-20.950000 -0.000370
-20.900000 -0.000796
-20.850000 -0.001828
-20.800000 -0.002196
-20.750000 -0.003124
-20.700000 -0.003353
-20.650000 -0.004101
-20.600000 -0.004124
-20.550000 -0.004638
-20.500000 -0.004414
-20.450000 -0.004665
-20.400000 -0.004179
-20.350000 -0.004170
-20.300000 -0.003442
-20.250000 -0.003205
-20.200000 -0.002278
-20.150000 -0.001872
-20.100000 -0.000817
-20.050000 -0.000317
-20.000000 0.000784
-19.950000 0.001289
-19.900000 0.002347
-19.850000 0.002771
-19.800000 0.003701
-19.750000 0.003963
-19.700000 0.004692
-19.650000 0.004729
-19.600000 0.005205
-19.550000 0.004976
-19.500000 0.005173
-19.450000 0.004667
-19.400000 0.004588
-19.350000 0.003823
-19.300000 0.003501
-19.250000 0.002526
-19.200000 0.002022
-19.150000 0.000908
-19.100000 0.000305
-19.050000 -0.000859
-19.000000 -0.001468
-18.950000 -0.002586
-18.900000 -0.003108
-18.850000 -0.004088
-18.800000 -0.004437
-18.750000 -0.005204
-18.700000 -0.005313
-18.650000 -0.005811
-18.600000 -0.005638
-18.550000 -0.005840
-18.500000 -0.005371
-18.450000 -0.005277
-18.400000 -0.004530
-18.350000 -0.004170
-18.300000 -0.003188
-18.250000 -0.002621
-18.200000 -0.001473
-18.150000 -0.000778
-18.100000 0.000448
-18.050000 0.001178
-18.000000 0.002385
-17.950000 0.003050
-17.900000 0.004139
-17.850000 0.004646
-17.800000 0.005530
-17.750000 0.005799
-17.700000 0.006410
-17.650000 0.006387
-17.600000 0.006684
-17.550000 0.006343
-17.500000 0.006316
-17.450000 0.005663
-17.400000 0.005334
-17.350000 0.004404
-17.300000 0.003824
-17.250000 0.002681
-17.200000 0.001921
-17.150000 0.000649
-17.100000 -0.000199
-17.050000 -0.001506
-17.000000 -0.002342
-16.950000 -0.003582
-16.900000 -0.004306
-16.850000 -0.005382
-16.800000 -0.005903
-16.750000 -0.006731
-16.700000 -0.006974
-16.650000 -0.007491
-16.600000 -0.007406
-16.550000 -0.007578
-16.500000 -0.007146
-16.450000 -0.006969
-16.400000 -0.006205
-16.350000 -0.005710
-16.300000 -0.004660
-16.250000 -0.003907
-16.200000 -0.002643
-16.150000 -0.001717
-16.100000 -0.000332
-16.050000 0.000668
-16.000000 0.002069
-15.950000 0.003037
-15.900000 0.004350
-15.850000 0.005184
-15.800000 0.006310
-15.750000 0.006918
-15.700000 0.007774
-15.650000 0.008083
-15.600000 0.008607
-15.550000 0.008567
-15.500000 0.008722
-15.450000 0.008312
-15.400000 0.008095
-15.350000 0.007326
-15.300000 0.006762
-15.250000 0.005675
-15.200000 0.004821
-15.150000 0.003489
-15.100000 0.002428
-15.050000 0.000943
-15.000000 -0.000222
-14.950000 -0.001753
-14.900000 -0.002911
-14.850000 -0.004374
-14.800000 -0.005414
-14.750000 -0.006702
-14.700000 -0.007524
-14.650000 -0.008543
-14.600000 -0.009062
-14.550000 -0.009741
-14.500000 -0.009897
-14.450000 -0.010188
-14.400000 -0.009949
-14.350000 -0.009837
-14.300000 -0.009201
-14.250000 -0.008697
-14.200000 -0.007694
-14.150000 -0.006843
-14.100000 -0.005530
-14.050000 -0.004404
-14.000000 -0.002865
-13.950000 -0.001559
-13.900000 0.000101
-13.850000 0.001476
-13.800000 0.003142
-13.750000 0.004469
-13.700000 0.006023
-13.650000 0.007187
-13.600000 0.008522
-13.550000 0.009422
-13.500000 0.010444
-13.450000 0.010998
-13.400000 0.011638
-13.350000 0.011792
-13.300000 0.012009
-13.250000 0.011733
-13.200000 0.011515
-13.150000 0.010814
-13.100000 0.010177
-13.050000 0.009082
-13.000000 0.008073
-12.950000 0.006643
-12.900000 0.005334
-12.850000 0.003655
-12.800000 0.002140
-12.750000 0.000314
-12.700000 -0.001293
-12.650000 -0.003149
-12.600000 -0.004729
-12.550000 -0.006491
-12.500000 -0.007923
-12.450000 -0.009475
-12.400000 -0.010647
-12.350000 -0.011885
-12.300000 -0.012703
-12.250000 -0.013545
-12.200000 -0.013941
-12.150000 -0.014332
-12.100000 -0.014265
-12.050000 -0.014180
-12.000000 -0.013641
-11.950000 -0.013085
-11.900000 -0.012094
-11.850000 -0.011103
-11.800000 -0.009709
-11.750000 -0.008344
-11.700000 -0.006622
-11.650000 -0.004970
-11.600000 -0.003016
-11.550000 -0.001183
-11.500000 0.000889
-11.450000 0.002786
-11.400000 0.004854
-11.350000 0.006688
-11.300000 0.008628
-11.250000 0.010278
-11.200000 0.011971
-11.150000 0.013326
-11.100000 0.014670
-11.050000 0.015638
-11.000000 0.016552
-10.950000 0.017063
-10.900000 0.017492
-10.850000 0.017506
-10.800000 0.017423
-10.750000 0.016926
-10.700000 0.016333
-10.650000 0.015341
-10.600000 0.014265
-10.550000 0.012820
-10.500000 0.011317
-10.450000 0.009485
-10.400000 0.007633
-10.350000 0.005504
-10.300000 0.003402
-10.250000 0.001084
-10.200000 -0.001153
-10.150000 -0.003538
-10.100000 -0.005783
-10.050000 -0.008108
-10.000000 -0.010232
-9.950000 -0.012369
-9.900000 -0.014249
-9.850000 -0.016080
-9.800000 -0.017606
-9.750000 -0.019029
-9.700000 -0.020110
-9.650000 -0.021048
-9.600000 -0.021617
-9.550000 -0.022015
-9.500000 -0.022033
-9.450000 -0.021864
-9.400000 -0.021318
-9.350000 -0.020584
-9.300000 -0.019488
-9.250000 -0.018218
-9.200000 -0.016614
-9.150000 -0.014862
-9.100000 -0.012816
-9.050000 -0.010660
-9.000000 -0.008263
-8.950000 -0.005802
-8.900000 -0.003162
-8.850000 -0.000513
-8.800000 0.002249
-8.750000 0.004960
-8.700000 0.007715
-8.650000 0.010359
-8.600000 0.012980
-8.550000 0.015435
-8.500000 0.017802
-8.450000 0.019953
-8.400000 0.021960
-8.350000 0.023709
-8.300000 0.025267
-8.250000 0.026532
-8.200000 0.027569
-8.150000 0.028290
-8.100000 0.028755
-8.050000 0.028890
-8.000000 0.028753
-7.950000 0.028284
-7.900000 0.027536
-7.850000 0.026468
-7.800000 0.025127
-7.750000 0.023487
-7.700000 0.021594
-7.650000 0.019435
-7.600000 0.017053
-7.550000 0.014451
-7.500000 0.011667
-7.450000 0.008716
-7.400000 0.005630
-7.350000 0.002438
-7.300000 -0.000835
-7.250000 -0.004149
-7.200000 -0.007490
-7.150000 -0.010805
-7.100000 -0.014090
-7.050000 -0.017286
-7.000000 -0.020395
-6.950000 -0.023351
-6.900000 -0.026170
-6.850000 -0.028775
-6.800000 -0.031194
-6.750000 -0.033345
-6.700000 -0.035269
-6.650000 -0.036877
-6.600000 -0.038225
-6.550000 -0.039220
-6.500000 -0.039932
-6.450000 -0.040266
-6.400000 -0.040305
-6.350000 -0.039952
-6.300000 -0.039307
-6.250000 -0.038270
-6.200000 -0.036955
-6.150000 -0.035258
-6.100000 -0.033310
-6.050000 -0.031001
-6.000000 -0.028475
-5.950000 -0.025618
-5.900000 -0.022586
-5.850000 -0.019259
-5.800000 -0.015805
-5.750000 -0.012097
-5.700000 -0.008315
-5.650000 -0.004323
-5.600000 -0.000314
-5.550000 0.003856
-5.500000 0.007985
-5.450000 0.012225
-5.400000 0.016363
-5.350000 0.020563
-5.300000 0.024602
-5.250000 0.028656
-5.200000 0.032493
-5.150000 0.036301
-5.100000 0.039842
-5.050000 0.043315
-5.000000 0.046477
-4.950000 0.049539
-4.900000 0.052251
-4.850000 0.054837
-4.800000 0.057041
-4.750000 0.059098
-4.700000 0.060746
-4.650000 0.062231
-4.600000 0.063283
-4.550000 0.064161
-4.500000 0.064587
-4.450000 0.064832
-4.400000 0.064612
-4.350000 0.064209
-4.300000 0.063332
-4.250000 0.062276
-4.200000 0.060743
-4.150000 0.059040
-4.100000 0.056863
-4.050000 0.054532
-4.000000 0.051733
-3.950000 0.048800
-3.900000 0.045411
-3.850000 0.041910
-3.800000 0.037967
-3.750000 0.033937
-3.700000 0.029482
-3.650000 0.024965
-3.600000 0.020041
-3.550000 0.015085
-3.500000 0.009743
-3.450000 0.004399
-3.400000 -0.001307
-3.350000 -0.006981
-3.300000 -0.012990
-3.250000 -0.018928
-3.200000 -0.025172
-3.150000 -0.031304
-3.100000 -0.037710
-3.050000 -0.043961
-3.000000 -0.050453
-2.950000 -0.056748
-2.900000 -0.063251
-2.850000 -0.069514
-2.800000 -0.075953
-2.750000 -0.082112
-2.700000 -0.088417
-2.650000 -0.094402
-2.600000 -0.100504
-2.550000 -0.106248
-2.500000 -0.112080
-2.450000 -0.117518
-2.400000 -0.123016
-2.350000 -0.128084
-2.300000 -0.133186
-2.250000 -0.137823
-2.200000 -0.142472
-2.150000 -0.146625
-2.100000 -0.150771
-2.050000 -0.154395
-2.000000 -0.157998
-1.950000 -0.161060
-1.900000 -0.164093
-1.850000 -0.166570
-1.800000 -0.169018
-1.750000 -0.170902
-1.700000 -0.172760
-1.650000 -0.174050
-1.600000 -0.175321
-1.550000 -0.176025
-1.500000 -0.176721
-1.450000 -0.176852
-1.400000 -0.176990
-1.350000 -0.176569
-1.300000 -0.176173
-1.250000 -0.175227
-1.200000 -0.174327
-1.150000 -0.172892
-1.100000 -0.171529
-1.050000 -0.169648
-1.000000 -0.167868
-0.950000 -0.165592
-0.900000 -0.163448
-0.850000 -0.160832
-0.800000 -0.158382
-0.750000 -0.155483
-0.700000 -0.152782
-0.650000 -0.149656
-0.600000 -0.146759
-0.550000 -0.143458
-0.500000 -0.140416
-0.450000 -0.136990
-0.400000 -0.133851
-0.350000 -0.130348
-0.300000 -0.127160
-0.250000 -0.123626
-0.200000 -0.120438
-0.150000 -0.116923
-0.100000 -0.113783
-0.050000 -0.110337
0.000000 -0.107297
0.050000 -0.103971
0.100000 -0.101081
0.150000 -0.097927
0.200000 -0.095237
0.250000 -0.092302
0.300000 -0.089861
0.350000 -0.087196
0.400000 -0.085053
0.450000 -0.082708
0.500000 -0.080918
0.550000 -0.078951
0.600000 -0.077576
0.650000 -0.076056
0.700000 -0.075174
0.750000 -0.074188
0.800000 -0.073896
0.850000 -0.073552
0.900000 -0.073969
0.950000 -0.074402
1.000000 -0.075679
1.050000 -0.077054
1.100000 -0.079375
1.150000 -0.081897
1.200000 -0.085488
1.250000 -0.089409
1.300000 -0.094551
1.350000 -0.100183
1.400000 -0.107225
1.450000 -0.114958
1.500000 -0.124336
1.550000 -0.134656
1.600000 -0.146911
1.650000 -0.160421
1.700000 -0.176221
1.750000 -0.193659
1.800000 -0.213816
1.850000 -0.236073
1.900000 -0.261560
1.950000 -0.289689
2.000000 -0.321642
2.050000 -0.356861
2.100000 -0.396575
2.150000 -0.440248
2.200000 -0.489142
2.250000 -0.542729
2.300000 -0.602277
2.350000 -0.667234
2.400000 -0.738836
2.450000 -0.816450
2.500000 -0.901218
2.550000 -0.992353
2.600000 -1.090809
2.650000 -1.195542
2.700000 -1.307210
2.750000 -1.424393
2.800000 -1.547331
2.850000 -1.674112
2.900000 -1.804459
2.950000 -1.935896
3.000000 -2.067595
3.050000 -2.196535
3.100000 -2.321422
3.150000 -2.438847
3.200000 -2.547287
3.250000 -2.643264
3.300000 -2.725407
3.350000 -2.790600
3.400000 -2.838073
3.450000 -2.865506
3.500000 -2.873117
3.550000 -2.859680
3.600000 -2.826583
3.650000 -2.773745
3.700000 -2.703637
3.750000 -2.617102
3.800000 -2.517367
3.850000 -2.405802
3.900000 -2.285947
3.950000 -2.159248
4.000000 -2.029141
4.050000 -1.896787
4.100000 -1.765223
4.150000 -1.635108
4.200000 -1.508943
4.250000 -1.386821
4.300000 -1.270703
4.350000 -1.160159
4.400000 -1.056692
4.450000 -0.959452
4.500000 -0.869599
4.550000 -0.785983
4.600000 -0.709536
4.650000 -0.638919
4.700000 -0.574933
4.750000 -0.516136
4.800000 -0.463273
4.850000 -0.414860
4.900000 -0.371637
4.950000 -0.332116
5.000000 -0.297066
5.050000 -0.265017
5.100000 -0.236782
5.150000 -0.210924
5.200000 -0.188303
5.250000 -0.167519
5.300000 -0.149482
5.350000 -0.132825
5.400000 -0.118505
5.450000 -0.105184
5.500000 -0.093860
5.550000 -0.083222
5.600000 -0.074303
5.650000 -0.065810
5.700000 -0.058810
5.750000 -0.052024
5.800000 -0.046548
5.850000 -0.041115
5.900000 -0.036845
5.950000 -0.032480
6.000000 -0.029162
6.050000 -0.025638
6.100000 -0.023072
6.150000 -0.020215
6.200000 -0.018245
6.250000 -0.015917
6.300000 -0.014425
6.350000 -0.012520
6.400000 -0.011411
6.450000 -0.009846
6.500000 -0.009044
6.550000 -0.007751
6.600000 -0.007193
6.650000 -0.006112
6.700000 -0.005745
6.750000 -0.004828
6.800000 -0.004606
6.850000 -0.003811
6.900000 -0.003699
6.950000 -0.002996
7.000000 -0.002967
7.050000 -0.002334
7.100000 -0.002371
7.150000 -0.001794
7.200000 -0.001887
7.250000 -0.001360
7.300000 -0.001502
7.350000 -0.001019
7.400000 -0.001208
7.450000 -0.000764
7.500000 -0.000992
7.550000 -0.000580
7.600000 -0.000839
7.650000 -0.000450
7.700000 -0.000729
7.750000 -0.000352
7.800000 -0.000641
7.850000 -0.000267
7.900000 -0.000560
7.950000 -0.000184
8.000000 -0.000477
8.050000 -0.000099
8.100000 -0.000394
8.150000 -0.000016
8.200000 -0.000319
8.250000 0.000052
8.300000 -0.000263
8.350000 0.000097
8.400000 -0.000233
8.450000 0.000116
8.500000 -0.000229
8.550000 0.000111
8.600000 -0.000242
8.650000 0.000095
8.700000 -0.000260
8.750000 0.000082
8.800000 -0.000269
8.850000 0.000083
8.900000 -0.000260
8.950000 0.000103
9.000000 -0.000233
9.050000 0.000138
9.100000 -0.000195
9.150000 0.000178
9.200000 -0.000160
9.250000 0.000208
9.300000 -0.000140
9.350000 0.000219
9.400000 -0.000142
9.450000 0.000208
9.500000 -0.000165
9.550000 0.000180
9.600000 -0.000199
9.650000 0.000147
9.700000 -0.000229
9.750000 0.000125
9.800000 -0.000243
9.850000 0.000123
9.900000 -0.000235
9.950000 0.000143
10.000000 -0.000208
10.050000 0.000179
10.100000 -0.000172
10.150000 0.000215
10.200000 -0.000142
10.250000 0.000239
10.300000 -0.000130
10.350000 0.000241
10.400000 -0.000141
10.450000 0.000220
10.500000 -0.000171
10.550000 0.000186
10.600000 -0.000209
10.650000 0.000151
10.700000 -0.000240
10.750000 0.000131
10.800000 -0.000251
10.850000 0.000133
10.900000 -0.000238
10.950000 0.000158
11.000000 -0.000206
11.050000 0.000196
11.100000 -0.000168
11.150000 0.000233
11.200000 -0.000139
11.250000 0.000254
11.300000 -0.000131
11.350000 0.000251
11.400000 -0.000147
11.450000 0.000226
11.500000 -0.000183
11.550000 0.000187
11.600000 -0.000224
11.650000 0.000151
11.700000 -0.000254
11.750000 0.000132
11.800000 -0.000262
11.850000 0.000139
11.900000 -0.000245
11.950000 0.000168
12.000000 -0.000209
12.050000 0.000209
12.100000 -0.000168
12.150000 0.000247
12.200000 -0.000140
12.250000 0.000267
12.300000 -0.000134
12.350000 0.000261
12.400000 -0.000154
12.450000 0.000232
12.500000 -0.000192
12.550000 0.000190
12.600000 -0.000235
12.650000 0.000153
12.700000 -0.000266
12.750000 0.000134
12.800000 -0.000273
12.850000 0.000142
12.900000 -0.000254
12.950000 0.000174
13.000000 -0.000215
13.050000 0.000219
13.100000 -0.000171
13.150000 0.000259
13.200000 -0.000140
13.250000 0.000280
13.300000 -0.000135
13.350000 0.000272
13.400000 -0.000157
13.450000 0.000240
13.500000 -0.000199
13.550000 0.000195
13.600000 -0.000245
13.650000 0.000155
13.700000 -0.000278
13.750000 0.000135
13.800000 -0.000285
13.850000 0.000143
13.900000 -0.000265
13.950000 0.000177
14.000000 -0.000223
14.050000 0.000224
14.100000 -0.000177
14.150000 0.000268
14.200000 -0.000143
14.250000 0.000291
14.300000 -0.000135
14.350000 0.000286
14.400000 -0.000156
14.450000 0.000253
14.500000 -0.000200
14.550000 0.000205
14.600000 -0.000250
14.650000 0.000160
14.700000 -0.000287
14.750000 0.000135
14.800000 -0.000299
14.850000 0.000141
14.900000 -0.000280
14.950000 0.000174
15.000000 -0.000237
15.050000 0.000225
15.100000 -0.000186
15.150000 0.000273
15.200000 -0.000147
15.250000 0.000302
15.300000 -0.000134
15.350000 0.000300
15.400000 -0.000152
15.450000 0.000269
15.500000 -0.000196
15.550000 0.000219
15.600000 -0.000249
15.650000 0.000169
15.700000 -0.000293
15.750000 0.000138
15.800000 -0.000311
15.850000 0.000136
15.900000 -0.000297
15.950000 0.000167
16.000000 -0.000256
16.050000 0.000218
16.100000 -0.000201
16.150000 0.000272
16.200000 -0.000154
16.250000 0.000310
16.300000 -0.000132
16.350000 0.000317
16.400000 -0.000143
16.450000 0.000290
16.500000 -0.000185
16.550000 0.000239
16.600000 -0.000242
16.650000 0.000183
16.700000 -0.000294
16.750000 0.000142
16.800000 -0.000323
16.850000 0.000131
16.900000 -0.000317
16.950000 0.000155
17.000000 -0.000279
17.050000 0.000205
17.100000 -0.000223
17.150000 0.000264
17.200000 -0.000168
17.250000 0.000312
17.300000 -0.000134
17.350000 0.000331
17.400000 -0.000134
17.450000 0.000314
17.500000 -0.000168
17.550000 0.000267
17.600000 -0.000225
17.650000 0.000206
17.700000 -0.000286
17.750000 0.000153
17.800000 -0.000328
17.850000 0.000127
17.900000 -0.000337
17.950000 0.000138
18.000000 -0.000309
18.050000 0.000183
18.100000 -0.000253
18.150000 0.000246
18.200000 -0.000190
18.250000 0.000306
18.300000 -0.000141
18.350000 0.000341
18.400000 -0.000124
18.450000 0.000339
18.500000 -0.000146
18.550000 0.000300
18.600000 -0.000200
18.650000 0.000238
18.700000 -0.000266
18.750000 0.000175
18.800000 -0.000323
18.850000 0.000131
18.900000 -0.000350
18.950000 0.000124
19.000000 -0.000339
19.050000 0.000155
19.100000 -0.000292
19.150000 0.000215
19.200000 -0.000225
19.250000 0.000284
19.300000 -0.000161
19.350000 0.000338
19.400000 -0.000123
19.450000 0.000359
19.500000 -0.000124
19.550000 0.000338
19.600000 -0.000164
19.650000 0.000282
19.700000 -0.000231
19.750000 0.000211
19.800000 -0.000302
19.850000 0.000148
19.900000 -0.000352
19.950000 0.000116
20.000000 -0.000364
20.050000 0.000126
20.100000 -0.000334
20.150000 0.000175
20.200000 -0.000272
20.250000 0.000247
20.300000 -0.000198
20.350000 0.000317
20.400000 -0.000138
20.450000 0.000363
20.500000 -0.000111
20.550000 0.000369
20.600000 -0.000128
20.650000 0.000332
20.700000 -0.000184
20.750000 0.000264
20.800000 -0.000260
20.850000 0.000187
20.900000 -0.000331
20.950000 0.000128
21.000000 -0.000374
21.050000 0.000106
21.100000 -0.000374
21.150000 0.000129
21.200000 -0.000329
21.250000 0.000192
21.300000 -0.000255
21.350000 0.000272
21.400000 -0.000176
21.450000 0.000344
21.500000 -0.000118
21.550000 0.000384
21.600000 -0.000101
21.650000 0.000377
21.700000 -0.000131
21.750000 0.000326
21.800000 -0.000199
21.850000 0.000248
21.900000 -0.000283
21.950000 0.000167
22.000000 -0.000355
22.050000 0.000110
22.100000 -0.000392
22.150000 0.000097
22.200000 -0.000381
22.250000 0.000131
22.300000 -0.000326
22.350000 0.000203
22.400000 -0.000243
22.450000 0.000290
22.500000 -0.000160
22.550000 0.000364
22.600000 -0.000102
22.650000 0.000401
22.700000 -0.000090
22.750000 0.000387
22.800000 -0.000129
22.850000 0.000327
22.900000 -0.000206
22.950000 0.000240
23.000000 -0.000297
23.050000 0.000153
23.100000 -0.000373
23.150000 0.000095
23.200000 -0.000409
23.250000 0.000084
23.300000 -0.000393
23.350000 0.000126
23.400000 -0.000330
23.450000 0.000206
23.500000 -0.000239
23.550000 0.000301
23.600000 -0.000149
23.650000 0.000379
23.700000 -0.000089
23.750000 0.000416
23.800000 -0.000077
23.850000 0.000401
23.900000 -0.000119
23.950000 0.000336
24.000000 -0.000202
24.050000 0.000242
24.100000 -0.000301
24.150000 0.000147
24.200000 -0.000384
24.250000 0.000082
24.300000 -0.000425
24.350000 0.000068
24.400000 -0.000411
24.450000 0.000110
24.500000 -0.000344
24.550000 0.000196
24.600000 -0.000246
24.650000 0.000299
24.700000 -0.000146
24.750000 0.000387
24.800000 -0.000077
24.850000 0.000432
24.900000 -0.000059
24.950000 0.000421
25.000000 -0.000099
25.050000 0.000355
25.100000 -0.000185
25.150000 0.000255
25.200000 -0.000292
25.250000 0.000151
25.300000 -0.000386
25.350000 0.000074
25.400000 -0.000439
25.450000 0.000049
25.500000 -0.000433
25.550000 0.000084
25.600000 -0.000371
25.650000 0.000169
25.700000 -0.000269
25.750000 0.000280
25.800000 -0.000158
25.850000 0.000382
25.900000 -0.000072
25.950000 0.000445
26.000000 -0.000038
26.050000 0.000448
26.100000 -0.000067
26.150000 0.000389
26.200000 -0.000150
26.250000 0.000286
26.300000 -0.000265
26.350000 0.000169
26.400000 -0.000375
26.450000 0.000074
26.500000 -0.000447
26.550000 0.000029
26.600000 -0.000460
26.650000 0.000048
26.700000 -0.000409
26.750000 0.000127
26.800000 -0.000309
26.850000 0.000242
26.900000 -0.000188
26.950000 0.000359
27.000000 -0.000081
27.050000 0.000445
27.100000 -0.000022
27.150000 0.000474
27.200000 -0.000027
27.250000 0.000434
27.300000 -0.000097
27.350000 0.000338
27.400000 -0.000212
27.450000 0.000212
27.500000 -0.000339
27.550000 0.000093
27.600000 -0.000440
27.650000 0.000017
27.700000 -0.000485
27.750000 0.000007
27.800000 -0.000459
27.850000 0.000066
27.900000 -0.000370
27.950000 0.000178
28.000000 -0.000243
28.050000 0.000311
28.100000 -0.000114
28.150000 0.000426
28.200000 -0.000021
28.250000 0.000489
28.300000 0.000010
28.350000 0.000483
28.400000 -0.000032
28.450000 0.000408
28.500000 -0.000135
28.550000 0.000283
28.600000 -0.000271
28.650000 0.000145
28.700000 -0.000401
28.750000 0.000032
28.800000 -0.000488
28.850000 -0.000023
28.900000 -0.000506
28.950000 -0.000003
29.000000 -0.000448
29.050000 0.000087
29.100000 -0.000331
29.150000 0.000224
29.200000 -0.000185
29.250000 0.000367
29.300000 -0.000053
29.350000 0.000477
29.400000 0.000028
29.450000 0.000521
29.500000 0.000033
29.550000 0.000487
29.600000 -0.000038
29.650000 0.000383
29.700000 -0.000167
29.750000 0.000237
29.800000 -0.000318
29.850000 0.000090
29.900000 -0.000450
29.950000 -0.000018
30.000000 -0.000525
30.050000 -0.000056
30.100000 -0.000523
30.150000 -0.000013
30.200000 -0.000441
30.250000 0.000100
30.300000 -0.000302
30.350000 0.000255
30.400000 -0.000142
30.450000 0.000407
30.500000 -0.000006
30.550000 0.000516
30.600000 0.000069
30.650000 0.000550
30.700000 0.000060
30.750000 0.000498
30.800000 -0.000031
30.850000 0.000373
30.900000 -0.000180
30.950000 0.000209
31.000000 -0.000347
31.050000 0.000050
31.100000 -0.000486
31.150000 -0.000061
31.200000 -0.000559
31.250000 -0.000093
31.300000 -0.000546
31.350000 -0.000036
31.400000 -0.000448
31.450000 0.000094
31.500000 -0.000292
31.550000 0.000264
31.600000 -0.000118
31.650000 0.000430
31.700000 0.000028
31.750000 0.000546
31.800000 0.000107
31.850000 0.000581
31.900000 0.000097
31.950000 0.000523
32.000000 -0.000003
32.050000 0.000387
32.100000 -0.000166
32.150000 0.000207
32.200000 -0.000349
32.250000 0.000030
32.300000 -0.000505
32.350000 -0.000096
32.400000 -0.000591
32.450000 -0.000137
32.500000 -0.000583
32.550000 -0.000081
32.600000 -0.000482
32.650000 0.000057
32.700000 -0.000314
32.750000 0.000243
32.800000 -0.000121
32.850000 0.000428
32.900000 0.000046
32.950000 0.000565
33.000000 0.000145
33.050000 0.000617
33.100000 0.000148
33.150000 0.000569
33.200000 0.000054
33.250000 0.000433
33.300000 -0.000115
33.350000 0.000241
33.400000 -0.000316
33.450000 0.000041
33.500000 -0.000499
33.550000 -0.000114
33.600000 -0.000615
33.650000 -0.000184
33.700000 -0.000633
33.750000 -0.000150
33.800000 -0.000547
33.850000 -0.000019
33.900000 -0.000377
33.950000 0.000177
34.000000 -0.000165
34.050000 0.000388
34.100000 0.000034
34.150000 0.000562
34.200000 0.000171
34.250000 0.000652
34.300000 0.000211
34.350000 0.000636
34.400000 0.000142
34.450000 0.000516
34.500000 -0.000019
34.550000 0.000321
34.600000 -0.000234
34.650000 0.000098
34.700000 -0.000450
34.750000 -0.000099
34.800000 -0.000613
34.850000 -0.000220
34.900000 -0.000682
34.950000 -0.000233
35.000000 -0.000637
35.050000 -0.000135
35.100000 -0.000488
35.150000 0.000054
35.200000 -0.000269
35.250000 0.000287
35.300000 -0.000034
35.350000 0.000508
35.400000 0.000160
35.450000 0.000661
35.500000 0.000264
35.550000 0.000707
35.600000 0.000252
35.650000 0.000634
35.700000 0.000125
35.750000 0.000459
35.800000 -0.000087
35.850000 0.000222
35.900000 -0.000333
35.950000 -0.000021
36.000000 -0.000555
36.050000 -0.000211
36.100000 -0.000699
36.150000 -0.000302
36.200000 -0.000729
36.250000 -0.000272
36.300000 -0.000637
36.350000 -0.000125
36.400000 -0.000441
36.450000 0.000106
36.500000 -0.000186
36.550000 0.000367
36.600000 0.000068
36.650000 0.000596
36.700000 0.000260
36.750000 0.000737
36.800000 0.000344
36.850000 0.000756
36.900000 0.000298
36.950000 0.000645
37.000000 0.000131
37.050000 0.000429
37.100000 -0.000119
37.150000 0.000158
37.200000 -0.000393
37.250000 -0.000106
37.300000 -0.000629
37.350000 -0.000301
37.400000 -0.000769
37.450000 -0.000382
37.500000 -0.000782
37.550000 -0.000328
37.600000 -0.000662
37.650000 -0.000150
37.700000 -0.000433
37.750000 0.000113
37.800000 -0.000148
37.850000 0.000402
37.900000 0.000131
37.950000 0.000651
38.000000 0.000339
38.050000 0.000802
38.100000 0.000427
38.150000 0.000819
38.200000 0.000372
38.250000 0.000694
38.300000 0.000186
38.350000 0.000453
38.400000 -0.000092
38.450000 0.000151
38.500000 -0.000399
38.550000 -0.000146
38.600000 -0.000665
38.650000 -0.000370
38.700000 -0.000831
38.750000 -0.000470
38.800000 -0.000857
38.850000 -0.000423
38.900000 -0.000736
38.950000 -0.000237
39.000000 -0.000492
39.050000 0.000048
39.100000 -0.000178
39.150000 0.000371
39.200000 0.000138
39.250000 0.000661
39.300000 0.000388
39.350000 0.000853
39.400000 0.000515
39.450000 0.000904
39.500000 0.000489
39.550000 0.000798
39.600000 0.000312
39.650000 0.000556
39.700000 0.000021
39.750000 0.000229
39.800000 -0.000321
39.850000 -0.000113
39.900000 -0.000641
39.950000 -0.000395
40.000000 -0.000867
40.050000 -0.000556
40.100000 -0.000950
40.150000 -0.000559
40.200000 -0.000869
40.250000 -0.000401
40.300000 -0.000640
40.350000 -0.000116
40.400000 -0.000309
40.450000 0.000239
40.500000 0.000054
40.550000 0.000588
40.600000 0.000374
40.650000 0.000858
40.700000 0.000582
40.750000 0.000990
40.800000 0.000633
40.850000 0.000953
40.900000 0.000513
40.950000 0.000752
41.000000 0.000244
41.050000 0.000426
41.100000 -0.000120
41.150000 0.000040
41.200000 -0.000503
41.250000 -0.000324
41.300000 -0.000825
41.350000 -0.000590
41.400000 -0.001017
41.450000 -0.000701
41.500000 -0.001037
41.550000 -0.000632
41.600000 -0.000878
41.650000 -0.000395
41.700000 -0.000571
41.750000 -0.000037
41.800000 -0.000177
41.850000 0.000370
41.900000 0.000225
41.950000 0.000744
42.000000 0.000554
42.050000 0.001008
42.100000 0.000743
42.150000 0.001107
42.200000 0.000750
42.250000 0.001018
42.300000 0.000572
42.350000 0.000755
42.400000 0.000240
42.450000 0.000367
42.500000 -0.000181
42.550000 -0.000070
42.600000 -0.000608
42.650000 -0.000468
42.700000 -0.000954
42.750000 -0.000747
42.800000 -0.001148
42.850000 -0.000849
42.900000 -0.001148
42.950000 -0.000751
43.000000 -0.000953
43.050000 -0.000471
43.100000 -0.000597
43.150000 -0.000060
43.200000 -0.000149
43.250000 0.000400
43.300000 0.000306
43.350000 0.000823
43.400000 0.000679
43.450000 0.001125
43.500000 0.000898
43.550000 0.001246
43.600000 0.000919
43.650000 0.001160
43.700000 0.000734
43.750000 0.000880
43.800000 0.000375
43.850000 0.000457
43.900000 -0.000090
43.950000 -0.000032
44.000000 -0.000574
44.050000 -0.000491
44.100000 -0.000983
44.150000 -0.000834
44.200000 -0.001239
44.250000 -0.000995
44.300000 -0.001294
44.350000 -0.000946
44.400000 -0.001142
44.450000 -0.000703
44.500000 -0.000820
44.550000 -0.000326
44.600000 -0.000406
44.650000 0.000094
44.700000 -0.000006
44.750000 0.000441
44.800000 0.000263
44.850000 0.000601
44.900000 0.000293
44.950000 0.000476
