-30.000000 0.001738
-29.950000 0.001554
-29.900000 0.003097
-29.850000 0.002712
-29.800000 0.004041
-29.750000 0.003435
-29.700000 0.004534
-29.650000 0.003696
-29.600000 0.004561
-29.550000 0.003496
-29.500000 0.004140
-29.450000 0.002872
-29.400000 0.003329
-29.350000 0.001902
-29.300000 0.002226
-29.250000 0.000699
-29.200000 0.000952
-29.150000 -0.000606
-29.100000 -0.000352
-29.050000 -0.001872
-29.000000 -0.001549
-28.950000 -0.002966
-28.900000 -0.002513
-28.850000 -0.003772
-28.800000 -0.003144
-28.750000 -0.004209
-28.700000 -0.003377
-28.650000 -0.004227
-28.600000 -0.003183
-28.550000 -0.003821
-28.500000 -0.002578
-28.450000 -0.003029
-28.400000 -0.001622
-28.350000 -0.001930
-28.300000 -0.000412
-28.250000 -0.000639
-28.200000 0.000923
-28.150000 0.000705
-28.100000 0.002235
-28.050000 0.001952
-28.000000 0.003376
-27.950000 0.002957
-27.900000 0.004214
-27.850000 0.003605
-27.800000 0.004649
-27.750000 0.003817
-27.700000 0.004628
-27.650000 0.003566
-27.600000 0.004151
-27.550000 0.002878
-27.500000 0.003267
-27.450000 0.001825
-27.400000 0.002071
-27.350000 0.000521
-27.300000 0.000690
-27.250000 -0.000897
-27.200000 -0.000732
-27.150000 -0.002283
-27.100000 -0.002049
-27.050000 -0.003493
-27.000000 -0.003126
-26.950000 -0.004406
-26.900000 -0.003853
-26.850000 -0.004925
-26.800000 -0.004153
-26.750000 -0.004993
-26.700000 -0.003989
-26.650000 -0.004596
-26.600000 -0.003369
-26.550000 -0.003763
-26.500000 -0.002345
-26.450000 -0.002568
-26.400000 -0.001011
-26.350000 -0.001125
-26.300000 0.000502
-26.250000 0.000422
-26.200000 0.002040
-26.150000 0.001914
-26.100000 0.003442
-26.050000 0.003192
-26.000000 0.004559
-25.950000 0.004119
-25.900000 0.005268
-25.850000 0.004595
-25.800000 0.005493
-25.750000 0.004567
-25.700000 0.005209
-25.650000 0.004037
-25.600000 0.004444
-25.550000 0.003058
-25.500000 0.003272
-25.450000 0.001726
-25.400000 0.001809
-25.350000 0.000170
-25.300000 0.000193
-25.250000 -0.001463
-25.200000 -0.001421
-25.150000 -0.003018
-25.100000 -0.002883
-25.050000 -0.004349
-25.000000 -0.004055
-24.950000 -0.005330
-24.900000 -0.004824
-24.850000 -0.005862
-24.800000 -0.005108
-24.750000 -0.005887
-24.700000 -0.004872
-24.650000 -0.005388
-24.600000 -0.004124
-24.550000 -0.004402
-24.500000 -0.002923
-24.450000 -0.003011
-24.400000 -0.001376
-24.350000 -0.001340
-24.300000 0.000376
-24.250000 0.000454
-24.200000 0.002164
-24.150000 0.002196
-24.100000 0.003815
-24.050000 0.003719
-24.000000 0.005168
-23.950000 0.004872
-23.900000 0.006091
-23.850000 0.005547
-23.800000 0.006497
-23.750000 0.005678
-23.700000 0.006348
-23.650000 0.005255
-23.600000 0.005657
-23.550000 0.004316
-23.500000 0.004487
-23.450000 0.002943
-23.400000 0.002937
-23.350000 0.001252
-23.300000 0.001139
-23.250000 -0.000612
-23.200000 -0.000756
-23.150000 -0.002493
-23.100000 -0.002586
-23.050000 -0.004229
-23.000000 -0.004192
-22.950000 -0.005665
-22.900000 -0.005428
-22.850000 -0.006669
-22.800000 -0.006177
-22.750000 -0.007139
-22.700000 -0.006359
-22.650000 -0.007022
-22.600000 -0.005944
-22.550000 -0.006313
-22.500000 -0.004958
-22.450000 -0.005065
-22.400000 -0.003478
-22.350000 -0.003382
-22.300000 -0.001632
-22.250000 -0.001410
-22.200000 0.000420
-22.150000 0.000679
-22.100000 0.002497
-22.050000 0.002702
-22.000000 0.004419
-21.950000 0.004486
-21.900000 0.006023
-21.850000 0.005879
-21.800000 0.007174
-21.750000 0.006768
-21.700000 0.007779
-21.650000 0.007080
-21.600000 0.007787
-21.550000 0.006786
-21.500000 0.007193
-21.450000 0.005906
-21.400000 0.006038
-21.350000 0.004499
-21.300000 0.004401
-21.250000 0.002666
-21.200000 0.002403
-21.150000 0.000543
-21.100000 0.000193
-21.050000 -0.001707
-21.000000 -0.002055
-20.950000 -0.003903
-20.900000 -0.004156
-20.850000 -0.005861
-20.800000 -0.005933
-20.750000 -0.007415
-20.700000 -0.007232
-20.650000 -0.008426
-20.600000 -0.007936
-20.550000 -0.008803
-20.500000 -0.007980
-20.450000 -0.008509
-20.400000 -0.007355
-20.350000 -0.007562
-20.300000 -0.006109
-20.250000 -0.006038
-20.200000 -0.004339
-20.150000 -0.004054
-20.100000 -0.002182
-20.050000 -0.001762
-20.000000 0.000198
-19.950000 0.000666
-19.900000 0.002625
-19.850000 0.003050
-19.800000 0.004921
-19.750000 0.005219
-19.700000 0.006919
-19.650000 0.007013
-19.600000 0.008471
-19.550000 0.008297
-19.500000 0.009459
-19.450000 0.008969
-19.400000 0.009796
-19.350000 0.008965
-19.300000 0.009443
-19.250000 0.008268
-19.200000 0.008407
-19.150000 0.006912
-19.100000 0.006748
-19.050000 0.004982
-19.000000 0.004577
-18.950000 0.002613
-18.900000 0.002050
-18.850000 -0.000023
-18.800000 -0.000648
-18.750000 -0.002730
-18.700000 -0.003317
-18.650000 -0.005308
-18.600000 -0.005759
-18.550000 -0.007566
-18.500000 -0.007796
-18.450000 -0.009343
-18.400000 -0.009285
-18.350000 -0.010513
-18.300000 -0.010120
-18.250000 -0.010996
-18.200000 -0.010244
-18.150000 -0.010756
-18.100000 -0.009645
-18.050000 -0.009802
-18.000000 -0.008354
-17.950000 -0.008190
-17.900000 -0.006448
-17.850000 -0.006015
-17.800000 -0.004040
-17.750000 -0.003409
-17.700000 -0.001281
-17.650000 -0.000536
-17.600000 0.001655
-17.550000 0.002418
-17.500000 0.004574
-17.450000 0.005254
-17.400000 0.007275
-17.350000 0.007776
-17.300000 0.009570
-17.250000 0.009806
-17.200000 0.011295
-17.150000 0.011197
-17.100000 0.012323
-17.050000 0.011847
-17.000000 0.012578
-16.950000 0.011706
-16.900000 0.012040
-16.850000 0.010782
-16.800000 0.010742
-16.750000 0.009133
-16.700000 0.008765
-16.650000 0.006862
-16.600000 0.006231
-16.550000 0.004106
-16.500000 0.003291
-16.450000 0.001029
-16.400000 0.000118
-16.350000 -0.002190
-16.300000 -0.003105
-16.250000 -0.005366
-16.200000 -0.006189
-16.150000 -0.008308
-16.100000 -0.008948
-16.050000 -0.010838
-16.000000 -0.011210
-15.950000 -0.012790
-15.900000 -0.012822
-15.850000 -0.014031
-15.800000 -0.013670
-15.750000 -0.014464
-15.700000 -0.013682
-15.650000 -0.014047
-15.600000 -0.012841
-15.550000 -0.012788
-15.500000 -0.011184
-15.450000 -0.010754
-15.400000 -0.008806
-15.350000 -0.008063
-15.300000 -0.005846
-15.250000 -0.004874
-15.200000 -0.002478
-15.150000 -0.001373
-15.100000 0.001102
-15.050000 0.002239
-15.000000 0.004692
-14.950000 0.005760
-14.900000 0.008094
-14.850000 0.009001
-14.800000 0.011126
-14.750000 0.011787
-14.700000 0.013626
-14.650000 0.013971
-14.600000 0.015460
-14.550000 0.015432
-14.500000 0.016522
-14.450000 0.016080
-14.400000 0.016738
-14.350000 0.015861
-14.300000 0.016078
-14.250000 0.014764
-14.200000 0.014551
-14.150000 0.012826
-14.100000 0.012219
-14.050000 0.010131
-14.000000 0.009190
-13.950000 0.006810
-13.900000 0.005616
-13.850000 0.003035
-13.800000 0.001687
-13.750000 -0.000994
-13.700000 -0.002390
-13.650000 -0.005062
-13.600000 -0.006400
-13.550000 -0.008957
-13.500000 -0.010134
-13.450000 -0.012479
-13.400000 -0.013403
-13.350000 -0.015452
-13.300000 -0.016047
-13.250000 -0.017730
-13.200000 -0.017934
-13.150000 -0.019199
-13.100000 -0.018969
-13.050000 -0.019782
-13.000000 -0.019093
-12.950000 -0.019438
-12.900000 -0.018285
-12.850000 -0.018167
-12.800000 -0.016564
-12.750000 -0.016007
-12.700000 -0.013990
-12.650000 -0.013040
-12.600000 -0.010665
-12.550000 -0.009390
-12.500000 -0.006734
-12.450000 -0.005219
-12.400000 -0.002374
-12.350000 -0.000719
-12.300000 0.002208
-12.250000 0.003895
-12.200000 0.006795
-12.150000 0.008404
-12.100000 0.011170
-12.050000 0.012598
-12.000000 0.015131
-11.950000 0.016286
-11.900000 0.018502
-11.850000 0.019307
-11.800000 0.021139
-11.750000 0.021537
-11.700000 0.022936
-11.650000 0.022885
-11.600000 0.023817
-11.550000 0.023294
-11.500000 0.023743
-11.450000 0.022737
-11.400000 0.022702
-11.350000 0.021221
-11.300000 0.020715
-11.250000 0.018782
-11.200000 0.017838
-11.150000 0.015493
-11.100000 0.014162
-11.050000 0.011465
-11.000000 0.009814
-10.950000 0.006843
-10.900000 0.004959
-10.850000 0.001805
-10.800000 -0.000214
-10.750000 -0.003446
-10.700000 -0.005494
-10.650000 -0.008695
-10.600000 -0.010662
-10.550000 -0.013726
-10.500000 -0.015508
-10.450000 -0.018334
-10.400000 -0.019837
-10.350000 -0.022337
-10.300000 -0.023479
-10.250000 -0.025581
-10.200000 -0.026298
-10.150000 -0.027945
-10.100000 -0.028189
-10.050000 -0.029341
-10.000000 -0.029081
-9.950000 -0.029714
-9.900000 -0.028931
-9.850000 -0.029037
-9.800000 -0.027731
-9.750000 -0.027315
-9.700000 -0.025501
-9.650000 -0.024585
-9.600000 -0.022295
-9.550000 -0.020921
-9.500000 -0.018204
-9.450000 -0.016431
-9.400000 -0.013356
-9.350000 -0.011262
-9.300000 -0.007913
-9.250000 -0.005589
-9.200000 -0.002063
-9.150000 0.000391
-9.100000 0.003991
-9.050000 0.006470
-9.000000 0.010041
-8.950000 0.012447
-8.900000 0.015891
-8.850000 0.018129
-8.800000 0.021359
-8.750000 0.023348
-8.700000 0.026287
-8.650000 0.027955
-8.600000 0.030538
-8.550000 0.031825
-8.500000 0.033997
-8.450000 0.034853
-8.400000 0.036568
-8.350000 0.036951
-8.300000 0.038172
-8.250000 0.038049
-8.200000 0.038749
-8.150000 0.038099
-8.100000 0.038260
-8.050000 0.037073
-8.000000 0.036692
-7.950000 0.034972
-7.900000 0.034062
-7.850000 0.031829
-7.800000 0.030419
-7.750000 0.027711
-7.700000 0.025847
-7.650000 0.022719
-7.600000 0.020462
-7.550000 0.016980
-7.500000 0.014404
-7.450000 0.010646
-7.400000 0.007829
-7.350000 0.003875
-7.300000 0.000899
-7.250000 -0.003169
-7.200000 -0.006222
-7.150000 -0.010322
-7.100000 -0.013373
-7.050000 -0.017427
-7.000000 -0.020396
-6.950000 -0.024326
-6.900000 -0.027136
-6.850000 -0.030863
-6.800000 -0.033435
-6.750000 -0.036881
-6.700000 -0.039137
-6.650000 -0.042225
-6.600000 -0.044090
-6.550000 -0.046747
-6.500000 -0.048154
-6.450000 -0.050317
-6.400000 -0.051208
-6.350000 -0.052829
-6.300000 -0.053162
-6.250000 -0.054207
-6.200000 -0.053960
-6.150000 -0.054415
-6.100000 -0.053582
-6.050000 -0.053450
-6.000000 -0.052043
-5.950000 -0.051343
-5.900000 -0.049387
-5.850000 -0.048151
-5.800000 -0.045680
-5.750000 -0.043947
-5.700000 -0.041005
-5.650000 -0.038817
-5.600000 -0.035449
-5.550000 -0.032856
-5.500000 -0.029110
-5.450000 -0.026160
-5.400000 -0.022088
-5.350000 -0.018834
-5.300000 -0.014492
-5.250000 -0.010992
-5.200000 -0.006440
-5.150000 -0.002758
-5.100000 0.001938
-5.050000 0.005734
-5.000000 0.010505
-4.950000 0.014345
-4.900000 0.019120
-4.850000 0.022935
-4.800000 0.027648
-4.750000 0.031376
-4.700000 0.035970
-4.650000 0.039558
-4.600000 0.043985
-4.550000 0.047392
-4.500000 0.051617
-4.450000 0.054811
-4.400000 0.058808
-4.350000 0.061769
-4.300000 0.065518
-4.250000 0.068229
-4.200000 0.071716
-4.150000 0.074162
-4.100000 0.077373
-4.050000 0.079541
-4.000000 0.082461
-3.950000 0.084336
-3.900000 0.086951
-3.850000 0.088519
-3.800000 0.090817
-3.750000 0.092067
-3.700000 0.094038
-3.650000 0.094965
-3.600000 0.096607
-3.550000 0.097211
-3.500000 0.098529
-3.450000 0.098817
-3.400000 0.099823
-3.350000 0.099811
-3.300000 0.100520
-3.250000 0.100227
-3.200000 0.100659
-3.150000 0.100103
-3.100000 0.100276
-3.050000 0.099473
-3.000000 0.099400
-2.950000 0.098360
-2.900000 0.098049
-2.850000 0.096776
-2.800000 0.096227
-2.750000 0.094719
-2.700000 0.093928
-2.650000 0.092181
-2.600000 0.091142
-2.550000 0.089151
-2.500000 0.087861
-2.450000 0.085624
-2.400000 0.084082
-2.350000 0.081598
-2.300000 0.079805
-2.250000 0.077077
-2.200000 0.075036
-2.150000 0.072062
-2.100000 0.069770
-2.050000 0.066546
-2.000000 0.063992
-1.950000 0.060503
-1.900000 0.057666
-1.850000 0.053884
-1.800000 0.050730
-1.750000 0.046613
-1.700000 0.043095
-1.650000 0.038592
-1.600000 0.034652
-1.550000 0.029699
-1.500000 0.025268
-1.450000 0.019793
-1.400000 0.014797
-1.350000 0.008721
-1.300000 0.003077
-1.250000 -0.003687
-1.200000 -0.010071
-1.150000 -0.017618
-1.100000 -0.024843
-1.050000 -0.033281
-1.000000 -0.041463
-0.950000 -0.050917
-0.900000 -0.060189
-0.850000 -0.070805
-0.800000 -0.081323
-0.750000 -0.093266
-0.700000 -0.105209
-0.650000 -0.118669
-0.600000 -0.132236
-0.550000 -0.147421
-0.500000 -0.162827
-0.450000 -0.179955
-0.400000 -0.197421
-0.350000 -0.216714
-0.300000 -0.236456
-0.250000 -0.258122
-0.200000 -0.280338
-0.150000 -0.304560
-0.100000 -0.329415
-0.050000 -0.356336
0.000000 -0.383944
0.050000 -0.413645
0.100000 -0.444051
0.150000 -0.476534
0.200000 -0.509689
0.250000 -0.544848
0.300000 -0.580584
0.350000 -0.618180
0.400000 -0.656178
0.450000 -0.695805
0.500000 -0.735565
0.550000 -0.776626
0.600000 -0.817447
0.650000 -0.859131
0.700000 -0.900095
0.750000 -0.941380
0.800000 -0.981365
0.850000 -1.021035
0.900000 -1.058745
0.950000 -1.095443
1.000000 -1.129477
1.050000 -1.161781
1.100000 -1.190725
1.150000 -1.217258
1.200000 -1.239801
1.250000 -1.259348
1.300000 -1.274401
1.350000 -1.286027
1.400000 -1.292835
1.450000 -1.295986
1.500000 -1.294209
1.550000 -1.288766
1.600000 -1.278511
1.650000 -1.264804
1.700000 -1.246614
1.750000 -1.225383
1.800000 -1.200171
1.850000 -1.172481
1.900000 -1.141439
1.950000 -1.108576
2.000000 -1.073054
2.050000 -1.036406
2.100000 -0.997805
2.150000 -0.958759
2.200000 -0.918429
2.250000 -0.878279
2.300000 -0.837443
2.350000 -0.797330
2.400000 -0.757037
2.450000 -0.717912
2.500000 -0.679009
2.550000 -0.641614
2.600000 -0.604743
2.650000 -0.569622
2.700000 -0.535228
2.750000 -0.502732
2.800000 -0.471084
2.850000 -0.441405
2.900000 -0.412621
2.950000 -0.385813
3.000000 -0.359890
3.050000 -0.335900
3.100000 -0.312745
3.150000 -0.291445
3.200000 -0.270899
3.250000 -0.252108
3.300000 -0.233977
3.350000 -0.217488
3.400000 -0.201556
3.450000 -0.187153
3.500000 -0.173204
3.550000 -0.160674
3.600000 -0.148502
3.650000 -0.137645
3.700000 -0.127059
3.750000 -0.117692
3.800000 -0.108516
3.850000 -0.100472
3.900000 -0.092546
3.950000 -0.085673
4.000000 -0.078850
4.050000 -0.073004
4.100000 -0.067146
4.150000 -0.062194
4.200000 -0.057171
4.250000 -0.052985
4.300000 -0.048675
4.350000 -0.045139
4.400000 -0.041430
4.450000 -0.038440
4.500000 -0.035234
4.550000 -0.032699
4.600000 -0.029916
4.650000 -0.027764
4.700000 -0.025340
4.750000 -0.023516
4.800000 -0.021403
4.850000 -0.019866
4.900000 -0.018029
4.950000 -0.016748
5.000000 -0.015160
5.050000 -0.014110
5.100000 -0.012746
5.150000 -0.011904
5.200000 -0.010740
5.250000 -0.010079
5.300000 -0.009088
5.350000 -0.008580
5.400000 -0.007731
5.450000 -0.007344
5.500000 -0.006606
5.550000 -0.006309
5.600000 -0.005653
5.650000 -0.005420
5.700000 -0.004822
5.750000 -0.004631
5.800000 -0.004073
5.850000 -0.003913
5.900000 -0.003390
5.950000 -0.003258
6.000000 -0.002770
6.050000 -0.002670
6.100000 -0.002224
6.150000 -0.002165
6.200000 -0.001768
6.250000 -0.001758
6.300000 -0.001417
6.350000 -0.001457
6.400000 -0.001171
6.450000 -0.001257
6.500000 -0.001017
6.550000 -0.001137
6.600000 -0.000929
6.650000 -0.001067
6.700000 -0.000872
6.750000 -0.001009
6.800000 -0.000811
6.850000 -0.000934
6.900000 -0.000723
6.950000 -0.000824
7.000000 -0.000596
7.050000 -0.000678
7.100000 -0.000439
7.150000 -0.000509
7.200000 -0.000272
7.250000 -0.000344
7.300000 -0.000121
7.350000 -0.000210
7.400000 -0.000014
7.450000 -0.000130
7.500000 0.000031
7.550000 -0.000116
7.600000 0.000009
7.650000 -0.000165
7.700000 -0.000070
7.750000 -0.000263
7.800000 -0.000186
7.850000 -0.000385
7.900000 -0.000313
7.950000 -0.000506
8.000000 -0.000428
8.050000 -0.000607
8.100000 -0.000519
8.150000 -0.000685
8.200000 -0.000593
8.250000 -0.000756
8.300000 -0.000677
8.350000 -0.000860
8.400000 -0.000820
8.450000 -0.001054
8.500000 -0.001088
8.550000 -0.001411
8.600000 -0.001561
8.650000 -0.002016
8.700000 -0.002327
8.750000 -0.002963
8.800000 -0.003490
8.850000 -0.004368
8.900000 -0.005178
8.950000 -0.006379
9.000000 -0.007570
9.050000 -0.009211
9.100000 -0.010926
9.150000 -0.013183
9.200000 -0.015637
9.250000 -0.018772
9.300000 -0.022286
9.350000 -0.026688
9.400000 -0.031729
9.450000 -0.037959
9.500000 -0.045199
9.550000 -0.054058
9.600000 -0.064452
9.650000 -0.077076
9.700000 -0.091970
9.750000 -0.109953
9.800000 -0.131231
9.850000 -0.156798
9.900000 -0.187085
9.950000 -0.223320
10.000000 -0.266231
10.050000 -0.317361
10.100000 -0.377811
10.150000 -0.449522
10.200000 -0.534048
10.250000 -0.633787
10.300000 -0.750783
10.350000 -0.887883
10.400000 -1.047541
10.450000 -1.232879
10.500000 -1.446443
10.550000 -1.691127
10.600000 -1.968835
10.650000 -2.281210
10.700000 -2.628180
10.750000 -3.008489
10.800000 -3.418178
10.850000 -3.851063
10.900000 -4.297393
10.950000 -4.744641
11.000000 -5.176807
11.050000 -5.576004
11.100000 -5.922802
11.150000 -6.198762
11.200000 -6.387552
11.250000 -6.477667
11.300000 -6.463139
11.350000 -6.345087
11.400000 -6.130838
11.450000 -5.833659
11.500000 -5.470396
11.550000 -5.060211
11.600000 -4.622007
11.650000 -4.173514
11.700000 -3.729583
11.750000 -3.302236
11.800000 -2.899981
11.850000 -2.528591
11.900000 -2.190995
11.950000 -1.888309
12.000000 -1.619854
12.050000 -1.384104
12.100000 -1.178622
12.150000 -1.000806
12.200000 -0.847706
12.250000 -0.716588
12.300000 -0.604658
12.350000 -0.509494
12.400000 -0.428736
12.450000 -0.360423
12.500000 -0.302686
12.550000 -0.254018
12.600000 -0.212998
12.650000 -0.178509
12.700000 -0.149495
12.750000 -0.125147
12.800000 -0.104697
12.850000 -0.087564
12.900000 -0.073196
12.950000 -0.061179
13.000000 -0.051120
13.050000 -0.042722
13.100000 -0.035710
13.150000 -0.029865
13.200000 -0.024997
13.250000 -0.020941
13.300000 -0.017573
13.350000 -0.014761
13.400000 -0.012429
13.450000 -0.010471
13.500000 -0.008846
13.550000 -0.007463
13.600000 -0.006313
13.650000 -0.005314
13.700000 -0.004483
13.750000 -0.003741
13.800000 -0.003126
13.850000 -0.002561
13.900000 -0.002103
13.950000 -0.001671
14.000000 -0.001336
14.050000 -0.001011
14.100000 -0.000781
14.150000 -0.000550
14.200000 -0.000414
14.250000 -0.000266
14.300000 -0.000212
14.350000 -0.000134
14.400000 -0.000146
14.450000 -0.000121
14.500000 -0.000179
14.550000 -0.000183
14.600000 -0.000263
14.650000 -0.000274
14.700000 -0.000353
14.750000 -0.000347
14.800000 -0.000406
14.850000 -0.000368
14.900000 -0.000395
14.950000 -0.000318
15.000000 -0.000312
15.050000 -0.000200
15.100000 -0.000169
15.150000 -0.000036
15.200000 0.000002
15.250000 0.000137
15.300000 0.000162
15.350000 0.000279
15.400000 0.000272
15.450000 0.000354
15.500000 0.000303
15.550000 0.000345
15.600000 0.000249
15.650000 0.000254
15.700000 0.000123
15.750000 0.000105
15.800000 -0.000044
15.850000 -0.000065
15.900000 -0.000210
15.950000 -0.000211
16.000000 -0.000333
16.050000 -0.000299
16.100000 -0.000384
16.150000 -0.000306
16.200000 -0.000351
16.250000 -0.000230
16.300000 -0.000241
16.350000 -0.000089
16.400000 -0.000082
16.450000 0.000084
16.500000 0.000089
16.550000 0.000247
16.600000 0.000231
16.650000 0.000364
16.700000 0.000309
16.750000 0.000404
16.800000 0.000305
16.850000 0.000359
16.900000 0.000216
16.950000 0.000236
17.000000 0.000062
17.050000 0.000065
17.100000 -0.000121
17.150000 -0.000115
17.200000 -0.000290
17.250000 -0.000258
17.300000 -0.000403
17.350000 -0.000330
17.400000 -0.000432
17.450000 -0.000309
17.500000 -0.000369
17.550000 -0.000201
17.600000 -0.000226
17.650000 -0.000029
17.700000 -0.000040
17.750000 0.000164
17.800000 0.000144
17.850000 0.000333
17.900000 0.000282
17.950000 0.000436
18.000000 0.000340
18.050000 0.000449
18.100000 0.000303
18.150000 0.000369
18.200000 0.000181
18.250000 0.000216
18.300000 0.000001
18.350000 0.000025
18.400000 -0.000194
18.450000 -0.000158
18.500000 -0.000360
18.550000 -0.000292
18.600000 -0.000458
18.650000 -0.000345
18.700000 -0.000466
18.750000 -0.000303
18.800000 -0.000382
18.850000 -0.000176
18.900000 -0.000223
18.950000 0.000010
19.000000 -0.000025
19.050000 0.000213
19.100000 0.000166
19.150000 0.000386
19.200000 0.000307
19.250000 0.000490
19.300000 0.000362
19.350000 0.000497
19.400000 0.000316
19.450000 0.000405
19.500000 0.000178
19.550000 0.000233
19.600000 -0.000022
19.650000 0.000021
19.700000 -0.000238
19.750000 -0.000181
19.800000 -0.000418
19.850000 -0.000325
19.900000 -0.000521
19.950000 -0.000376
20.000000 -0.000522
20.050000 -0.000322
20.100000 -0.000421
20.150000 -0.000175
20.200000 -0.000241
20.250000 0.000031
20.300000 -0.000024
20.350000 0.000251
20.400000 0.000181
20.450000 0.000433
20.500000 0.000327
20.550000 0.000539
20.600000 0.000381
20.650000 0.000544
20.700000 0.000332
20.750000 0.000447
20.800000 0.000189
20.850000 0.000269
20.900000 -0.000018
20.950000 0.000049
21.000000 -0.000245
21.050000 -0.000166
21.100000 -0.000441
21.150000 -0.000328
21.200000 -0.000563
21.250000 -0.000398
21.300000 -0.000582
21.350000 -0.000360
21.400000 -0.000492
21.450000 -0.000218
21.500000 -0.000310
21.550000 -0.000002
21.600000 -0.000077
21.650000 0.000240
21.700000 0.000156
21.750000 0.000454
21.800000 0.000335
21.850000 0.000591
21.900000 0.000418
21.950000 0.000620
22.000000 0.000385
22.050000 0.000532
22.100000 0.000243
22.150000 0.000348
22.200000 0.000023
22.250000 0.000109
22.300000 -0.000226
22.350000 -0.000133
22.400000 -0.000451
22.450000 -0.000323
22.500000 -0.000601
22.550000 -0.000421
22.600000 -0.000646
22.650000 -0.000405
22.700000 -0.000575
22.750000 -0.000279
22.800000 -0.000404
22.850000 -0.000068
22.900000 -0.000168
22.950000 0.000185
23.000000 0.000083
23.050000 0.000425
23.100000 0.000296
23.150000 0.000604
23.200000 0.000425
23.250000 0.000680
23.300000 0.000440
23.350000 0.000637
23.400000 0.000336
23.450000 0.000481
23.500000 0.000131
23.550000 0.000243
23.600000 -0.000132
23.650000 -0.000027
23.700000 -0.000398
23.750000 -0.000269
23.800000 -0.000608
23.850000 -0.000431
23.900000 -0.000716
23.950000 -0.000474
24.000000 -0.000697
24.050000 -0.000389
24.100000 -0.000555
24.150000 -0.000192
24.200000 -0.000319
24.250000 0.000074
24.300000 -0.000040
24.350000 0.000354
24.400000 0.000221
24.450000 0.000587
24.500000 0.000410
24.550000 0.000726
24.600000 0.000487
24.650000 0.000742
24.700000 0.000436
24.750000 0.000632
24.800000 0.000268
24.850000 0.000418
24.900000 0.000015
24.950000 0.000144
25.000000 -0.000272
25.050000 -0.000136
25.100000 -0.000536
25.150000 -0.000365
25.200000 -0.000722
25.250000 -0.000494
25.300000 -0.000791
25.350000 -0.000495
25.400000 -0.000728
25.450000 -0.000365
25.500000 -0.000541
25.550000 -0.000127
25.600000 -0.000268
25.650000 0.000172
25.700000 0.000037
25.750000 0.000471
25.800000 0.000309
25.850000 0.000708
25.900000 0.000492
25.950000 0.000831
26.000000 0.000544
26.050000 0.000814
26.100000 0.000454
26.150000 0.000659
26.200000 0.000238
26.250000 0.000397
26.300000 -0.000060
26.350000 0.000084
26.400000 -0.000378
26.450000 -0.000218
26.500000 -0.000653
26.550000 -0.000447
26.600000 -0.000828
26.650000 -0.000556
26.700000 -0.000871
26.750000 -0.000524
26.800000 -0.000771
26.850000 -0.000358
26.900000 -0.000550
26.950000 -0.000088
27.000000 -0.000249
27.050000 0.000234
27.100000 0.000074
27.150000 0.000547
27.200000 0.000356
27.250000 0.000789
27.300000 0.000541
27.350000 0.000912
27.400000 0.000591
27.450000 0.000889
27.500000 0.000492
27.550000 0.000723
27.600000 0.000260
27.650000 0.000441
27.700000 -0.000062
27.750000 0.000100
27.800000 -0.000411
27.850000 -0.000234
27.900000 -0.000718
27.950000 -0.000493
28.000000 -0.000920
28.050000 -0.000624
28.100000 -0.000977
28.150000 -0.000598
28.200000 -0.000874
28.250000 -0.000420
28.300000 -0.000633
28.350000 -0.000123
28.400000 -0.000300
28.450000 0.000235
28.500000 0.000060
28.550000 0.000583
28.600000 0.000375
28.650000 0.000856
28.700000 0.000587
28.750000 0.001001
28.800000 0.000654
28.850000 0.000991
28.900000 0.000563
28.950000 0.000829
29.000000 0.000331
29.050000 0.000542
29.100000 -0.000001
29.150000 0.000184
29.200000 -0.000373
29.250000 -0.000180
29.300000 -0.000716
29.350000 -0.000481
29.400000 -0.000966
29.450000 -0.000663
29.500000 -0.001074
29.550000 -0.000686
29.600000 -0.001016
29.650000 -0.000543
29.700000 -0.000799
29.750000 -0.000257
29.800000 -0.000462
29.850000 0.000120
29.900000 -0.000067
29.950000 0.000518
30.000000 0.000310
30.050000 0.000860
30.100000 0.000596
30.150000 0.001081
30.200000 0.000735
30.250000 0.001136
30.300000 0.000700
30.350000 0.001016
30.400000 0.000496
30.450000 0.000742
30.500000 0.000161
30.550000 0.000366
30.600000 -0.000244
30.650000 -0.000043
30.700000 -0.000643
30.750000 -0.000410
30.800000 -0.000966
30.850000 -0.000668
30.900000 -0.001153
30.950000 -0.000771
31.000000 -0.001171
31.050000 -0.000699
31.100000 -0.001016
31.150000 -0.000463
31.200000 -0.000713
31.250000 -0.000102
31.300000 -0.000315
31.350000 0.000322
31.400000 0.000111
31.450000 0.000735
31.500000 0.000487
31.550000 0.001061
31.600000 0.000744
31.650000 0.001241
31.700000 0.000832
31.750000 0.001237
31.800000 0.000730
31.850000 0.001046
31.900000 0.000454
31.950000 0.000701
32.000000 0.000051
32.050000 0.000263
32.100000 -0.000407
32.150000 -0.000189
32.200000 -0.000837
32.250000 -0.000572
32.300000 -0.001160
32.350000 -0.000816
32.400000 -0.001318
32.450000 -0.000877
32.500000 -0.001283
32.550000 -0.000743
32.600000 -0.001061
32.650000 -0.000438
32.700000 -0.000692
32.750000 -0.000015
32.800000 -0.000238
32.850000 0.000454
32.900000 0.000222
32.950000 0.000889
33.000000 0.000609
33.050000 0.001216
33.100000 0.000857
33.150000 0.001379
33.200000 0.000923
33.250000 0.001348
33.300000 0.000791
33.350000 0.001125
33.400000 0.000480
33.450000 0.000743
33.500000 0.000039
33.550000 0.000266
33.600000 -0.000459
33.650000 -0.000227
33.700000 -0.000930
33.750000 -0.000649
33.800000 -0.001289
33.850000 -0.000924
33.900000 -0.001472
33.950000 -0.001002
34.000000 -0.001445
34.050000 -0.000865
34.100000 -0.001208
34.150000 -0.000534
34.200000 -0.000802
34.250000 -0.000066
34.300000 -0.000297
34.350000 0.000459
34.400000 0.000222
34.450000 0.000953
34.500000 0.000665
34.550000 0.001332
34.600000 0.000959
34.650000 0.001533
34.700000 0.001054
34.750000 0.001522
34.800000 0.000934
34.850000 0.001302
34.900000 0.000618
34.950000 0.000907
35.000000 0.000155
35.050000 0.000400
35.100000 -0.000382
35.150000 -0.000140
35.200000 -0.000907
35.250000 -0.000625
35.300000 -0.001335
35.350000 -0.000974
35.400000 -0.001595
35.450000 -0.001128
35.500000 -0.001641
35.550000 -0.001057
35.600000 -0.001459
35.650000 -0.000767
35.700000 -0.001076
35.750000 -0.000301
35.800000 -0.000550
35.850000 0.000268
35.900000 0.000033
35.950000 0.000846
36.000000 0.000577
36.050000 0.001336
36.100000 0.000988
36.150000 0.001656
36.200000 0.001200
36.250000 0.001753
36.300000 0.001174
36.350000 0.001610
36.400000 0.000915
36.450000 0.001251
36.500000 0.000465
36.550000 0.000732
36.600000 -0.000106
36.650000 0.000136
36.700000 -0.000708
36.750000 -0.000444
36.800000 -0.001248
36.850000 -0.000919
36.900000 -0.001643
36.950000 -0.001213
37.000000 -0.001830
37.050000 -0.001281
37.100000 -0.001779
37.150000 -0.001107
37.200000 -0.001493
37.250000 -0.000714
37.300000 -0.001012
37.350000 -0.000158
37.400000 -0.000406
37.450000 0.000478
37.500000 0.000232
37.550000 0.001097
37.600000 0.000803
37.650000 0.001601
37.700000 0.001215
37.750000 0.001907
37.800000 0.001398
37.850000 0.001964
37.900000 0.001321
37.950000 0.001758
38.000000 0.000990
38.050000 0.001320
38.100000 0.000457
38.150000 0.000716
38.200000 -0.000198
38.250000 0.000040
38.300000 -0.000873
38.350000 -0.000603
38.400000 -0.001465
38.450000 -0.001116
38.500000 -0.001884
38.550000 -0.001422
38.600000 -0.002068
38.650000 -0.001473
38.700000 -0.001990
38.750000 -0.001263
38.800000 -0.001659
38.850000 -0.000820
38.900000 -0.001122
38.950000 -0.000205
39.000000 -0.000455
39.050000 0.000495
39.100000 0.000248
39.150000 0.001179
39.200000 0.000884
39.250000 0.001747
39.300000 0.001358
39.350000 0.002112
39.400000 0.001596
39.450000 0.002216
39.500000 0.001556
39.550000 0.002037
39.600000 0.001239
39.650000 0.001596
39.700000 0.000685
39.750000 0.000955
39.800000 -0.000025
39.850000 0.000206
39.900000 -0.000787
39.950000 -0.000538
40.000000 -0.001489
40.050000 -0.001167
40.100000 -0.002025
40.150000 -0.001586
40.200000 -0.002317
40.250000 -0.001735
40.300000 -0.002321
40.350000 -0.001591
40.400000 -0.002037
40.450000 -0.001174
40.500000 -0.001505
40.550000 -0.000542
40.600000 -0.000800
40.650000 0.000217
40.700000 -0.000017
40.750000 0.001000
40.800000 0.000735
40.850000 0.001699
40.900000 0.001353
40.950000 0.002217
41.000000 0.001749
41.050000 0.002480
41.100000 0.001865
41.150000 0.002447
41.200000 0.001677
41.250000 0.002113
41.300000 0.001204
41.350000 0.001520
41.400000 0.000507
41.450000 0.000745
41.500000 -0.000322
41.550000 -0.000105
41.600000 -0.001167
41.650000 -0.000910
41.700000 -0.001907
41.750000 -0.001554
41.800000 -0.002436
41.850000 -0.001945
41.900000 -0.002678
41.950000 -0.002026
42.000000 -0.002597
42.050000 -0.001782
42.100000 -0.002203
42.150000 -0.001248
42.200000 -0.001549
42.250000 -0.000494
42.300000 -0.000725
42.350000 0.000378
42.400000 0.000161
42.450000 0.001252
42.500000 0.000992
42.550000 0.002014
42.600000 0.001657
42.650000 0.002565
42.700000 0.002070
42.750000 0.002829
42.800000 0.002173
42.850000 0.002769
42.900000 0.001947
42.950000 0.002386
43.000000 0.001415
43.050000 0.001723
43.100000 0.000639
43.150000 0.000862
43.200000 -0.000285
43.250000 -0.000089
43.300000 -0.001234
43.350000 -0.001003
43.400000 -0.002083
43.450000 -0.001754
43.500000 -0.002714
43.550000 -0.002238
43.600000 -0.003036
43.650000 -0.002382
43.700000 -0.002999
43.750000 -0.002161
43.800000 -0.002603
43.850000 -0.001598
43.900000 -0.001892
43.950000 -0.000758
44.000000 -0.000952
44.050000 0.000258
44.100000 0.000106
44.150000 0.001329
44.200000 0.001157
44.250000 0.002333
44.300000 0.002081
44.350000 0.003155
44.400000 0.002775
44.450000 0.003704
44.500000 0.003162
44.550000 0.003921
44.600000 0.003198
44.650000 0.003777
44.700000 0.002872
44.750000 0.003277
44.800000 0.002203
44.850000 0.002453
44.900000 0.001232
44.950000 0.001348
