-30.000000 -0.000672
-29.950000 -0.000665
-29.900000 -0.001315
-29.850000 -0.001276
-29.800000 -0.001873
-29.750000 -0.001766
-29.700000 -0.002272
-29.650000 -0.002062
-29.600000 -0.002446
-29.550000 -0.002107
-29.500000 -0.002352
-29.450000 -0.001877
-29.400000 -0.001986
-29.350000 -0.001388
-29.300000 -0.001384
-29.250000 -0.000695
-29.200000 -0.000618
-29.150000 0.000113
-29.100000 0.000208
-29.050000 0.000923
-29.000000 0.000977
-28.950000 0.001620
-28.900000 0.001580
-28.850000 0.002102
-28.800000 0.001926
-28.750000 0.002296
-28.700000 0.001965
-28.650000 0.002172
-28.600000 0.001688
-28.550000 0.001748
-28.500000 0.001135
-28.450000 0.001083
-28.400000 0.000385
-28.350000 0.000271
-28.300000 -0.000455
-28.250000 -0.000573
-28.200000 -0.001267
-28.150000 -0.001327
-28.100000 -0.001933
-28.050000 -0.001884
-28.000000 -0.002356
-27.950000 -0.002162
-27.900000 -0.002472
-27.850000 -0.002114
-27.800000 -0.002257
-27.750000 -0.001742
-27.700000 -0.001735
-27.650000 -0.001093
-27.600000 -0.000975
-27.550000 -0.000252
-27.500000 -0.000080
-27.450000 0.000662
-27.400000 0.000825
-27.350000 0.001520
-27.300000 0.001610
-27.250000 0.002199
-27.200000 0.002163
-27.150000 0.002601
-27.100000 0.002403
-27.050000 0.002666
-27.000000 0.002293
-26.950000 0.002381
-26.900000 0.001846
-26.850000 0.001782
-26.800000 0.001120
-26.750000 0.000947
-26.700000 0.000209
-26.650000 -0.000014
-26.600000 -0.000765
-26.550000 -0.000973
-26.500000 -0.001673
-26.450000 -0.001802
-26.400000 -0.002391
-26.350000 -0.002388
-26.300000 -0.002819
-26.250000 -0.002648
-26.200000 -0.002894
-26.150000 -0.002539
-26.100000 -0.002599
-26.050000 -0.002069
-26.000000 -0.001964
-25.950000 -0.001293
-25.900000 -0.001069
-25.850000 -0.000312
-25.800000 -0.000029
-25.750000 0.000747
-25.700000 0.001018
-25.650000 0.001742
-25.600000 0.001933
-25.550000 0.002542
-25.500000 0.002594
-25.450000 0.003037
-25.400000 0.002912
-25.350000 0.003162
-25.300000 0.002843
-25.250000 0.002896
-25.200000 0.002391
-25.150000 0.002267
-25.100000 0.001610
-25.050000 0.001352
-25.000000 0.000593
-24.950000 0.000261
-24.900000 -0.000534
-24.850000 -0.000873
-24.800000 -0.001633
-24.750000 -0.001907
-24.700000 -0.002564
-24.650000 -0.002708
-24.600000 -0.003205
-24.550000 -0.003171
-24.500000 -0.003469
-24.450000 -0.003231
-24.400000 -0.003315
-24.350000 -0.002870
-24.300000 -0.002753
-24.250000 -0.002129
-24.200000 -0.001849
-24.150000 -0.001094
-24.100000 -0.000710
-24.050000 0.000109
-24.000000 0.000524
-23.950000 0.001333
-23.900000 0.001704
-23.850000 0.002427
-23.800000 0.002684
-23.750000 0.003258
-23.700000 0.003345
-23.650000 0.003724
-23.600000 0.003605
-23.550000 0.003763
-23.500000 0.003426
-23.450000 0.003365
-23.400000 0.002824
-23.350000 0.002570
-23.300000 0.001861
-23.250000 0.001462
-23.200000 0.000645
-23.150000 0.000167
-23.100000 -0.000688
-23.050000 -0.001168
-23.000000 -0.001980
-22.950000 -0.002384
-22.900000 -0.003078
-22.850000 -0.003336
-22.800000 -0.003848
-22.750000 -0.003905
-22.700000 -0.004193
-22.650000 -0.004018
-22.600000 -0.004066
-22.550000 -0.003656
-22.500000 -0.003474
-22.450000 -0.002856
-22.400000 -0.002482
-22.350000 -0.001704
-22.300000 -0.001198
-22.250000 -0.000328
-22.200000 0.000237
-22.150000 0.001120
-22.100000 0.001663
-22.050000 0.002480
-22.000000 0.002924
-21.950000 0.003600
-21.900000 0.003876
-21.850000 0.004353
-21.800000 0.004412
-21.750000 0.004649
-21.700000 0.004462
-21.650000 0.004445
-21.600000 0.004012
-21.550000 0.003754
-21.500000 0.003101
-21.450000 0.002640
-21.400000 0.001819
-21.350000 0.001219
-21.300000 0.000300
-21.250000 -0.000360
-21.200000 -0.001291
-21.150000 -0.001925
-21.100000 -0.002782
-21.050000 -0.003306
-21.000000 -0.004009
-20.950000 -0.004351
-20.900000 -0.004838
-20.850000 -0.004944
-20.800000 -0.005175
-20.750000 -0.005019
-20.700000 -0.004979
-20.650000 -0.004561
-20.600000 -0.004264
-20.550000 -0.003611
-20.500000 -0.003097
-20.450000 -0.002259
-20.400000 -0.001589
-20.350000 -0.000637
-20.300000 0.000112
-20.250000 0.001094
-20.200000 0.001835
-20.150000 0.002760
-20.100000 0.003405
-20.050000 0.004188
-20.000000 0.004658
-19.950000 0.005227
-19.900000 0.005459
-19.850000 0.005762
-19.800000 0.005717
-19.750000 0.005730
-19.700000 0.005397
-19.650000 0.005123
-19.600000 0.004523
-19.550000 0.003997
-19.500000 0.003175
-19.450000 0.002455
-19.400000 0.001481
-19.350000 0.000645
-19.300000 -0.000397
-19.250000 -0.001261
-19.200000 -0.002279
-19.150000 -0.003079
-19.100000 -0.003984
-19.050000 -0.004635
-19.000000 -0.005348
-18.950000 -0.005777
-18.900000 -0.006235
-18.850000 -0.006389
-18.800000 -0.006550
-18.750000 -0.006403
-18.700000 -0.006252
-18.650000 -0.005803
-18.600000 -0.005356
-18.550000 -0.004633
-18.500000 -0.003934
-18.450000 -0.002994
-18.400000 -0.002110
-18.350000 -0.001032
-18.300000 -0.000050
-18.250000 0.001074
-18.200000 0.002057
-18.150000 0.003128
-18.100000 0.004015
-18.050000 0.004939
-18.000000 0.005642
-17.950000 0.006339
-17.900000 0.006787
-17.850000 0.007197
-17.800000 0.007342
-17.750000 0.007430
-17.700000 0.007251
-17.650000 0.007010
-17.600000 0.006512
-17.550000 0.005961
-17.500000 0.005179
-17.450000 0.004365
-17.400000 0.003356
-17.350000 0.002348
-17.300000 0.001191
-17.250000 0.000075
-17.200000 -0.001135
-17.150000 -0.002260
-17.100000 -0.003423
-17.050000 -0.004455
-17.000000 -0.005472
-16.950000 -0.006317
-16.900000 -0.007099
-16.850000 -0.007676
-16.800000 -0.008154
-16.750000 -0.008407
-16.700000 -0.008538
-16.650000 -0.008438
-16.600000 -0.008209
-16.550000 -0.007758
-16.500000 -0.007186
-16.450000 -0.006416
-16.400000 -0.005546
-16.350000 -0.004514
-16.300000 -0.003414
-16.250000 -0.002199
-16.200000 -0.000957
-16.150000 0.000349
-16.100000 0.001636
-16.050000 0.002930
-16.000000 0.004159
-15.950000 0.005340
-15.900000 0.006412
-15.850000 0.007385
-15.800000 0.008211
-15.750000 0.008895
-15.700000 0.009403
-15.650000 0.009737
-15.600000 0.009880
-15.550000 0.009832
-15.500000 0.009592
-15.450000 0.009157
-15.400000 0.008546
-15.350000 0.007753
-15.300000 0.006813
-15.250000 0.005718
-15.200000 0.004517
-15.150000 0.003198
-15.100000 0.001824
-15.050000 0.000378
-15.000000 -0.001067
-14.950000 -0.002537
-14.900000 -0.003946
-14.850000 -0.005331
-14.800000 -0.006600
-14.750000 -0.007801
-14.700000 -0.008834
-14.650000 -0.009760
-14.600000 -0.010476
-14.550000 -0.011057
-14.500000 -0.011395
-14.450000 -0.011582
-14.400000 -0.011508
-14.350000 -0.011281
-14.300000 -0.010790
-14.250000 -0.010158
-14.200000 -0.009273
-14.150000 -0.008276
-14.100000 -0.007052
-14.050000 -0.005759
-14.000000 -0.004276
-13.950000 -0.002775
-13.900000 -0.001132
-13.850000 0.000471
-13.800000 0.002165
-13.750000 0.003758
-13.700000 0.005390
-13.650000 0.006862
-13.600000 0.008326
-13.550000 0.009574
-13.500000 0.010773
-13.450000 0.011711
-13.400000 0.012566
-13.350000 0.013124
-13.300000 0.013578
-13.250000 0.013709
-13.200000 0.013728
-13.150000 0.013412
-13.100000 0.012989
-13.050000 0.012233
-13.000000 0.011387
-12.950000 0.010226
-12.900000 0.009007
-12.850000 0.007502
-12.800000 0.005984
-12.750000 0.004221
-12.700000 0.002500
-12.650000 0.000583
-12.600000 -0.001232
-12.550000 -0.003189
-12.500000 -0.004980
-12.450000 -0.006859
-12.400000 -0.008511
-12.350000 -0.010200
-12.300000 -0.011605
-12.250000 -0.013005
-12.200000 -0.014071
-12.150000 -0.015097
-12.100000 -0.015752
-12.050000 -0.016342
-12.000000 -0.016535
-11.950000 -0.016653
-11.900000 -0.016359
-11.850000 -0.015992
-11.800000 -0.015213
-11.750000 -0.014377
-11.700000 -0.013143
-11.650000 -0.011882
-11.600000 -0.010250
-11.550000 -0.008633
-11.500000 -0.006685
-11.450000 -0.004803
-11.400000 -0.002638
-11.350000 -0.000601
-11.300000 0.001666
-11.250000 0.003741
-11.200000 0.005990
-11.150000 0.007984
-11.100000 0.010098
-11.050000 0.011896
-11.000000 0.013766
-10.950000 0.015265
-10.900000 0.016795
-10.850000 0.017910
-10.800000 0.019024
-10.750000 0.019686
-10.700000 0.020326
-10.650000 0.020490
-10.600000 0.020621
-10.550000 0.020263
-10.500000 0.019875
-10.450000 0.018995
-10.400000 0.018100
-10.350000 0.016725
-10.300000 0.015360
-10.250000 0.013541
-10.200000 0.011771
-10.150000 0.009582
-10.100000 0.007492
-10.050000 0.005028
-10.000000 0.002720
-9.950000 0.000091
-9.900000 -0.002319
-9.850000 -0.004996
-9.800000 -0.007388
-9.750000 -0.009991
-9.700000 -0.012246
-9.650000 -0.014659
-9.600000 -0.016664
-9.550000 -0.018780
-9.500000 -0.020434
-9.450000 -0.022158
-9.400000 -0.023375
-9.350000 -0.024628
-9.300000 -0.025339
-9.250000 -0.026063
-9.200000 -0.026219
-9.150000 -0.026376
-9.100000 -0.025951
-9.050000 -0.025530
-9.000000 -0.024524
-8.950000 -0.023536
-8.900000 -0.021976
-8.850000 -0.020461
-8.800000 -0.018399
-8.750000 -0.016420
-8.700000 -0.013930
-8.650000 -0.011573
-8.600000 -0.008749
-8.550000 -0.006114
-8.500000 -0.003061
-8.450000 -0.000259
-8.400000 0.002910
-8.350000 0.005766
-8.300000 0.008935
-8.250000 0.011732
-8.200000 0.014790
-8.150000 0.017417
-8.100000 0.020258
-8.050000 0.022612
-8.000000 0.025136
-7.950000 0.027123
-7.900000 0.029241
-7.850000 0.030778
-7.800000 0.032414
-7.750000 0.033432
-7.700000 0.034524
-7.650000 0.034972
-7.600000 0.035479
-7.550000 0.035324
-7.500000 0.035225
-7.450000 0.034456
-7.400000 0.033752
-7.350000 0.032380
-7.300000 0.031090
-7.250000 0.029147
-7.200000 0.027311
-7.150000 0.024843
-7.100000 0.022517
-7.050000 0.019588
-7.000000 0.016840
-6.950000 0.013524
-6.900000 0.010435
-6.850000 0.006817
-6.800000 0.003476
-6.750000 -0.000350
-6.700000 -0.003843
-6.650000 -0.007775
-6.600000 -0.011316
-6.550000 -0.015244
-6.500000 -0.018721
-6.450000 -0.022534
-6.400000 -0.025836
-6.350000 -0.029423
-6.300000 -0.032441
-6.250000 -0.035696
-6.200000 -0.038330
-6.150000 -0.041160
-6.100000 -0.043321
-6.050000 -0.045645
-6.000000 -0.047262
-5.950000 -0.049017
-5.900000 -0.050034
-5.850000 -0.051171
-5.800000 -0.051549
-5.750000 -0.052039
-5.700000 -0.051755
-5.650000 -0.051582
-5.600000 -0.050630
-5.550000 -0.049795
-5.500000 -0.048183
-5.450000 -0.046703
-5.400000 -0.044456
-5.350000 -0.042362
-5.300000 -0.039520
-5.250000 -0.036862
-5.200000 -0.033481
-5.150000 -0.030320
-5.100000 -0.026468
-5.050000 -0.022880
-5.000000 -0.018636
-4.950000 -0.014701
-4.900000 -0.010150
-4.850000 -0.005955
-4.800000 -0.001181
-4.750000 0.003190
-4.700000 0.008103
-4.650000 0.012568
-4.600000 0.017542
-4.550000 0.022026
-4.500000 0.026986
-4.450000 0.031418
-4.400000 0.036297
-4.350000 0.040611
-4.300000 0.045345
-4.250000 0.049479
-4.200000 0.054008
-4.150000 0.057905
-4.100000 0.062176
-4.050000 0.065787
-4.000000 0.069754
-3.950000 0.073037
-3.900000 0.076661
-3.850000 0.079582
-3.800000 0.082837
-3.750000 0.085373
-3.700000 0.088238
-3.650000 0.090375
-3.600000 0.092840
-3.550000 0.094569
-3.500000 0.096629
-3.450000 0.097946
-3.400000 0.099598
-3.350000 0.100501
-3.300000 0.101742
-3.250000 0.102229
-3.200000 0.103057
-3.150000 0.103127
-3.100000 0.103539
-3.050000 0.103188
-3.000000 0.103185
-2.950000 0.102413
-2.900000 0.101993
-2.850000 0.100802
-2.800000 0.099968
-2.750000 0.098359
-2.700000 0.097112
-2.650000 0.095087
-2.600000 0.093426
-2.550000 0.090980
-2.500000 0.088899
-2.450000 0.086023
-2.400000 0.083507
-2.350000 0.080181
-2.300000 0.077206
-2.250000 0.073401
-2.200000 0.069934
-2.150000 0.065611
-2.100000 0.061608
-2.050000 0.056720
-2.000000 0.052128
-1.950000 0.046617
-1.900000 0.041375
-1.850000 0.035176
-1.800000 0.029211
-1.750000 0.022244
-1.700000 0.015471
-1.650000 0.007644
-1.600000 -0.000038
-1.550000 -0.008837
-1.500000 -0.017548
-1.450000 -0.027449
-1.400000 -0.037331
-1.350000 -0.048485
-1.300000 -0.059701
-1.250000 -0.072282
-1.200000 -0.085013
-1.150000 -0.099209
-1.100000 -0.113651
-1.050000 -0.129666
-1.000000 -0.146027
-0.950000 -0.164070
-0.900000 -0.182561
-0.850000 -0.202842
-0.800000 -0.223671
-0.750000 -0.246393
-0.700000 -0.269753
-0.650000 -0.295099
-0.600000 -0.321159
-0.550000 -0.349276
-0.500000 -0.378156
-0.450000 -0.409135
-0.400000 -0.440888
-0.350000 -0.474732
-0.300000 -0.509308
-0.250000 -0.545907
-0.200000 -0.583121
-0.150000 -0.622208
-0.100000 -0.661707
-0.050000 -0.702831
0.000000 -0.744059
0.050000 -0.786558
0.100000 -0.828739
0.150000 -0.871723
0.200000 -0.913858
0.250000 -0.956219
0.300000 -0.997100
0.350000 -1.037546
0.400000 -1.075809
0.450000 -1.112919
0.500000 -1.147112
0.550000 -1.179428
0.600000 -1.208114
0.650000 -1.234249
0.700000 -1.256120
0.750000 -1.274876
0.800000 -1.288872
0.850000 -1.299355
0.900000 -1.304772
0.950000 -1.306486
1.000000 -1.303051
1.050000 -1.295953
1.100000 -1.283853
1.150000 -1.268359
1.200000 -1.248229
1.250000 -1.225172
1.300000 -1.198021
1.350000 -1.168564
1.400000 -1.135680
1.450000 -1.101200
1.500000 -1.064021
1.550000 -1.025989
1.600000 -0.985986
1.650000 -0.945845
1.700000 -0.904412
1.750000 -0.863486
1.800000 -0.821860
1.850000 -0.781289
1.900000 -0.740502
1.950000 -0.701208
2.000000 -0.662070
2.050000 -0.624747
2.100000 -0.587846
2.150000 -0.552981
2.200000 -0.518705
2.250000 -0.486597
2.300000 -0.455163
2.350000 -0.425958
2.400000 -0.397448
2.450000 -0.371167
2.500000 -0.345553
2.550000 -0.322127
2.600000 -0.299301
2.650000 -0.278590
2.700000 -0.258388
2.750000 -0.240208
2.800000 -0.222430
2.850000 -0.206567
2.900000 -0.190992
2.950000 -0.177224
3.000000 -0.163627
3.050000 -0.151730
3.100000 -0.139892
3.150000 -0.129653
3.200000 -0.119371
3.250000 -0.110594
3.300000 -0.101679
3.350000 -0.094187
3.400000 -0.086471
3.450000 -0.080105
3.500000 -0.073439
3.550000 -0.068055
3.600000 -0.062302
3.650000 -0.057773
3.700000 -0.052811
3.750000 -0.049018
3.800000 -0.044735
3.850000 -0.041573
3.900000 -0.037869
3.950000 -0.035243
4.000000 -0.032028
4.050000 -0.029856
4.100000 -0.027055
4.150000 -0.025267
4.200000 -0.022817
4.250000 -0.021356
4.300000 -0.019208
4.350000 -0.018031
4.400000 -0.016144
4.450000 -0.015213
4.500000 -0.013554
4.550000 -0.012840
4.600000 -0.011380
4.650000 -0.010854
4.700000 -0.009564
4.750000 -0.009197
4.800000 -0.008049
4.850000 -0.007815
4.900000 -0.006784
4.950000 -0.006657
5.000000 -0.005719
5.050000 -0.005679
5.100000 -0.004817
5.150000 -0.004849
5.200000 -0.004052
5.250000 -0.004149
5.300000 -0.003412
5.350000 -0.003572
5.400000 -0.002896
5.450000 -0.003121
5.500000 -0.002509
5.550000 -0.002804
5.600000 -0.002261
5.650000 -0.002630
5.700000 -0.002161
5.750000 -0.002609
5.800000 -0.002220
5.850000 -0.002756
5.900000 -0.002458
5.950000 -0.003097
6.000000 -0.002912
6.050000 -0.003683
6.100000 -0.003648
6.150000 -0.004599
6.200000 -0.004775
6.250000 -0.005982
6.300000 -0.006462
6.350000 -0.008037
6.400000 -0.008955
6.450000 -0.011058
6.500000 -0.012605
6.550000 -0.015461
6.600000 -0.017902
6.650000 -0.021827
6.700000 -0.025538
6.750000 -0.030979
6.800000 -0.036490
6.850000 -0.044078
6.900000 -0.052146
6.950000 -0.062783
7.000000 -0.074480
7.050000 -0.089444
7.100000 -0.106294
7.150000 -0.127394
7.200000 -0.151538
7.250000 -0.181309
7.300000 -0.215736
7.350000 -0.257688
7.400000 -0.306510
7.450000 -0.365433
7.500000 -0.434196
7.550000 -0.516475
7.600000 -0.612466
7.650000 -0.726327
7.700000 -0.858715
7.750000 -1.014206
7.800000 -1.193761
7.850000 -1.402091
7.900000 -1.639997
7.950000 -1.911634
8.000000 -2.216686
8.050000 -2.557485
8.100000 -2.931004
8.150000 -3.335888
8.200000 -3.764382
8.250000 -4.209492
8.300000 -4.657192
8.350000 -5.094167
8.400000 -5.500785
8.450000 -5.859848
8.500000 -6.150543
8.550000 -6.358015
8.600000 -6.467644
8.650000 -6.474332
8.700000 -6.375749
8.750000 -6.180093
8.800000 -5.897533
8.850000 -5.546392
8.900000 -5.143485
8.950000 -4.709931
9.000000 -4.261749
9.050000 -3.816443
9.100000 -3.384579
9.150000 -2.977372
9.200000 -2.599082
9.250000 -2.255182
9.300000 -1.945086
9.350000 -1.670452
9.400000 -1.427874
9.450000 -1.217087
9.500000 -1.033490
9.550000 -0.876204
9.600000 -0.740431
9.650000 -0.625398
9.700000 -0.526595
9.750000 -0.443660
9.800000 -0.372545
9.850000 -0.313370
9.900000 -0.262552
9.950000 -0.220659
10.000000 -0.184508
10.050000 -0.155036
10.100000 -0.129380
10.150000 -0.108765
10.200000 -0.090571
10.250000 -0.076239
10.300000 -0.063325
10.350000 -0.053431
10.400000 -0.044242
10.450000 -0.037472
10.500000 -0.030898
10.550000 -0.026319
10.600000 -0.021574
10.650000 -0.018525
10.700000 -0.015054
10.750000 -0.013068
10.800000 -0.010480
10.850000 -0.009232
10.900000 -0.007258
10.950000 -0.006524
11.000000 -0.004978
11.050000 -0.004605
11.100000 -0.003363
11.150000 -0.003250
11.200000 -0.002227
11.250000 -0.002304
11.300000 -0.001442
11.350000 -0.001660
11.400000 -0.000917
11.450000 -0.001238
11.500000 -0.000579
11.550000 -0.000970
11.600000 -0.000366
11.650000 -0.000801
11.700000 -0.000228
11.750000 -0.000685
11.800000 -0.000124
11.850000 -0.000589
11.900000 -0.000029
11.950000 -0.000495
12.000000 0.000067
12.050000 -0.000400
12.100000 0.000161
12.150000 -0.000312
12.200000 0.000240
12.250000 -0.000246
12.300000 0.000292
12.350000 -0.000212
12.400000 0.000309
12.450000 -0.000214
12.500000 0.000292
12.550000 -0.000246
12.600000 0.000251
12.650000 -0.000293
12.700000 0.000205
12.750000 -0.000336
12.800000 0.000171
12.850000 -0.000358
12.900000 0.000164
12.950000 -0.000350
13.000000 0.000188
13.050000 -0.000314
13.100000 0.000236
13.150000 -0.000260
13.200000 0.000293
13.250000 -0.000207
13.300000 0.000339
13.350000 -0.000174
13.400000 0.000358
13.450000 -0.000171
13.500000 0.000345
13.550000 -0.000201
13.600000 0.000303
13.650000 -0.000254
13.700000 0.000246
13.750000 -0.000311
13.800000 0.000195
13.850000 -0.000353
13.900000 0.000168
13.950000 -0.000365
14.000000 0.000173
14.050000 -0.000344
14.100000 0.000210
14.150000 -0.000295
14.200000 0.000267
14.250000 -0.000237
14.300000 0.000324
14.350000 -0.000188
14.400000 0.000363
14.450000 -0.000165
14.500000 0.000369
14.550000 -0.000176
14.600000 0.000342
14.650000 -0.000219
14.700000 0.000289
14.750000 -0.000279
14.800000 0.000228
14.850000 -0.000337
14.900000 0.000180
14.950000 -0.000373
15.000000 0.000161
15.050000 -0.000374
15.100000 0.000179
15.150000 -0.000341
15.200000 0.000227
15.250000 -0.000283
15.300000 0.000291
15.350000 -0.000220
15.400000 0.000349
15.450000 -0.000173
15.500000 0.000382
15.550000 -0.000159
15.600000 0.000378
15.650000 -0.000182
15.700000 0.000338
15.750000 -0.000236
15.800000 0.000276
15.850000 -0.000302
15.900000 0.000212
15.950000 -0.000360
16.000000 0.000168
16.050000 -0.000389
16.100000 0.000157
16.150000 -0.000381
16.200000 0.000185
16.250000 -0.000337
16.300000 0.000242
16.350000 -0.000272
16.400000 0.000311
16.450000 -0.000207
16.500000 0.000369
16.550000 -0.000163
16.600000 0.000397
16.650000 -0.000154
16.700000 0.000386
16.750000 -0.000186
16.800000 0.000338
16.850000 -0.000247
16.900000 0.000269
16.950000 -0.000319
17.000000 0.000201
17.050000 -0.000378
17.100000 0.000157
17.150000 -0.000405
17.200000 0.000151
17.250000 -0.000390
17.300000 0.000187
17.350000 -0.000339
17.400000 0.000252
17.450000 -0.000266
17.500000 0.000326
17.550000 -0.000197
17.600000 0.000386
17.650000 -0.000153
17.700000 0.000412
17.750000 -0.000149
17.800000 0.000395
17.850000 -0.000186
17.900000 0.000341
17.950000 -0.000253
18.000000 0.000267
18.050000 -0.000330
18.100000 0.000195
18.150000 -0.000392
18.200000 0.000149
18.250000 -0.000419
18.300000 0.000144
18.350000 -0.000403
18.400000 0.000182
18.450000 -0.000347
18.500000 0.000252
18.550000 -0.000269
18.600000 0.000332
18.650000 -0.000193
18.700000 0.000398
18.750000 -0.000144
18.800000 0.000427
18.850000 -0.000138
18.900000 0.000411
18.950000 -0.000177
19.000000 0.000353
19.050000 -0.000249
19.100000 0.000272
19.150000 -0.000333
19.200000 0.000193
19.250000 -0.000402
19.300000 0.000141
19.350000 -0.000434
19.400000 0.000132
19.450000 -0.000419
19.500000 0.000170
19.550000 -0.000362
19.600000 0.000243
19.650000 -0.000280
19.700000 0.000330
19.750000 -0.000197
19.800000 0.000403
19.850000 -0.000139
19.900000 0.000441
19.950000 -0.000125
20.000000 0.000431
20.050000 -0.000160
20.100000 0.000375
20.150000 -0.000233
20.200000 0.000290
20.250000 -0.000324
20.300000 0.000202
20.350000 -0.000404
20.400000 0.000137
20.450000 -0.000448
20.500000 0.000117
20.550000 -0.000443
20.600000 0.000148
20.650000 -0.000389
20.700000 0.000221
20.750000 -0.000302
20.800000 0.000315
20.850000 -0.000209
20.900000 0.000401
20.950000 -0.000138
21.000000 0.000452
21.050000 -0.000110
21.100000 0.000454
21.150000 -0.000135
21.200000 0.000405
21.250000 -0.000206
21.300000 0.000319
21.350000 -0.000301
21.400000 0.000222
21.450000 -0.000393
21.500000 0.000142
21.550000 -0.000454
21.600000 0.000104
21.650000 -0.000466
21.700000 0.000120
21.750000 -0.000425
21.800000 0.000185
21.850000 -0.000341
21.900000 0.000282
21.950000 -0.000239
22.000000 0.000381
22.050000 -0.000149
22.100000 0.000454
22.150000 -0.000099
22.200000 0.000478
22.250000 -0.000103
22.300000 0.000446
22.350000 -0.000162
22.400000 0.000365
22.450000 -0.000259
22.500000 0.000260
22.550000 -0.000365
22.600000 0.000161
22.650000 -0.000449
22.700000 0.000098
22.750000 -0.000487
22.800000 0.000089
22.850000 -0.000466
22.900000 0.000138
22.950000 -0.000393
23.000000 0.000230
23.050000 -0.000287
23.100000 0.000340
23.150000 -0.000180
23.200000 0.000436
23.250000 -0.000102
23.300000 0.000491
23.350000 -0.000076
23.400000 0.000487
23.450000 -0.000110
23.500000 0.000425
23.550000 -0.000195
23.600000 0.000322
23.650000 -0.000309
23.700000 0.000206
23.750000 -0.000418
23.800000 0.000112
23.850000 -0.000491
23.900000 0.000066
23.950000 -0.000506
24.000000 0.000083
24.050000 -0.000458
24.100000 0.000158
24.150000 -0.000360
24.200000 0.000271
24.250000 -0.000239
24.300000 0.000390
24.350000 -0.000130
24.400000 0.000481
24.450000 -0.000064
24.500000 0.000517
24.550000 -0.000060
24.600000 0.000489
24.650000 -0.000119
24.700000 0.000403
24.750000 -0.000226
24.800000 0.000283
24.850000 -0.000351
24.900000 0.000161
24.950000 -0.000459
25.000000 0.000072
25.050000 -0.000521
25.100000 0.000041
25.150000 -0.000518
25.200000 0.000078
25.250000 -0.000450
25.300000 0.000173
25.350000 -0.000334
25.400000 0.000301
25.450000 -0.000202
25.500000 0.000427
25.550000 -0.000091
25.600000 0.000515
25.650000 -0.000032
25.700000 0.000541
25.750000 -0.000041
25.800000 0.000495
25.850000 -0.000119
25.900000 0.000390
25.950000 -0.000243
26.000000 0.000255
26.050000 -0.000380
26.100000 0.000126
26.150000 -0.000492
26.200000 0.000038
26.250000 -0.000549
26.300000 0.000015
26.350000 -0.000534
26.400000 0.000066
26.450000 -0.000451
26.500000 0.000175
26.550000 -0.000321
26.600000 0.000316
26.650000 -0.000179
26.700000 0.000450
26.750000 -0.000062
26.800000 0.000541
26.850000 -0.000002
26.900000 0.000564
26.950000 -0.000017
27.000000 0.000511
27.050000 -0.000103
27.100000 0.000395
27.150000 -0.000239
27.200000 0.000247
27.250000 -0.000389
27.300000 0.000105
27.350000 -0.000513
27.400000 0.000008
27.450000 -0.000576
27.500000 -0.000018
27.550000 -0.000561
27.600000 0.000036
27.650000 -0.000470
27.700000 0.000156
27.750000 -0.000328
27.800000 0.000310
27.850000 -0.000172
27.900000 0.000458
27.950000 -0.000041
28.000000 0.000561
28.050000 0.000029
28.100000 0.000592
28.150000 0.000019
28.200000 0.000541
28.250000 -0.000068
28.300000 0.000421
28.350000 -0.000212
28.400000 0.000262
28.450000 -0.000375
28.500000 0.000104
28.550000 -0.000516
28.600000 -0.000012
28.650000 -0.000598
28.700000 -0.000055
28.750000 -0.000598
28.800000 -0.000013
28.850000 -0.000514
28.900000 0.000106
28.950000 -0.000367
29.000000 0.000271
29.050000 -0.000193
29.100000 0.000440
29.150000 -0.000039
29.200000 0.000569
29.250000 0.000057
29.300000 0.000624
29.350000 0.000069
29.400000 0.000591
29.450000 -0.000007
29.500000 0.000476
29.550000 -0.000152
29.600000 0.000308
29.650000 -0.000330
29.700000 0.000130
29.750000 -0.000496
29.800000 -0.000016
29.850000 -0.000609
29.900000 -0.000090
29.950000 -0.000639
30.000000 -0.000075
30.050000 -0.000578
30.100000 0.000027
30.150000 -0.000439
30.200000 0.000193
30.250000 -0.000255
30.300000 0.000382
30.350000 -0.000071
30.400000 0.000547
30.450000 0.000066
30.500000 0.000645
30.550000 0.000121
30.600000 0.000652
30.650000 0.000079
30.700000 0.000563
30.750000 -0.000051
30.800000 0.000399
30.850000 -0.000237
30.900000 0.000201
30.950000 -0.000433
31.000000 0.000016
31.050000 -0.000592
31.100000 -0.000109
31.150000 -0.000673
31.200000 -0.000143
31.250000 -0.000657
31.300000 -0.000077
31.350000 -0.000544
31.400000 0.000073
31.450000 -0.000363
31.500000 0.000273
31.550000 -0.000155
31.600000 0.000474
31.650000 0.000029
31.700000 0.000629
31.750000 0.000146
31.800000 0.000699
31.850000 0.000166
31.900000 0.000665
31.950000 0.000082
32.000000 0.000534
32.050000 -0.000088
32.100000 0.000335
32.150000 -0.000303
32.200000 0.000115
32.250000 -0.000512
32.300000 -0.000073
32.350000 -0.000665
32.400000 -0.000184
32.450000 -0.000724
32.500000 -0.000189
32.550000 -0.000674
32.600000 -0.000087
32.650000 -0.000524
32.700000 0.000099
32.750000 -0.000310
32.800000 0.000326
32.850000 -0.000081
32.900000 0.000541
32.950000 0.000109
33.000000 0.000693
33.050000 0.000216
33.100000 0.000746
33.150000 0.000213
33.200000 0.000686
33.250000 0.000101
33.300000 0.000526
33.350000 -0.000097
33.400000 0.000300
33.450000 -0.000336
33.500000 0.000060
33.550000 -0.000561
33.600000 -0.000139
33.650000 -0.000720
33.700000 -0.000251
33.750000 -0.000775
33.800000 -0.000247
33.850000 -0.000710
33.900000 -0.000126
33.950000 -0.000538
34.000000 0.000085
34.050000 -0.000298
34.100000 0.000338
34.150000 -0.000044
34.200000 0.000576
34.250000 0.000166
34.300000 0.000744
34.350000 0.000283
34.400000 0.000802
34.450000 0.000281
34.500000 0.000736
34.550000 0.000158
34.600000 0.000561
34.650000 -0.000059
34.700000 0.000312
34.750000 -0.000323
34.800000 0.000046
34.850000 -0.000574
34.900000 -0.000179
34.950000 -0.000758
35.000000 -0.000313
35.050000 -0.000832
35.100000 -0.000324
35.150000 -0.000777
35.200000 -0.000207
35.250000 -0.000603
35.300000 0.000013
35.350000 -0.000346
35.400000 0.000290
35.450000 -0.000062
35.500000 0.000563
35.550000 0.000186
35.600000 0.000770
35.650000 0.000343
35.700000 0.000865
35.750000 0.000372
35.800000 0.000824
35.850000 0.000266
35.900000 0.000655
35.950000 0.000046
36.000000 0.000394
36.050000 -0.000240
36.100000 0.000096
36.150000 -0.000531
36.200000 -0.000174
36.250000 -0.000764
36.300000 -0.000359
36.350000 -0.000889
36.400000 -0.000418
36.450000 -0.000876
36.500000 -0.000337
36.550000 -0.000727
36.600000 -0.000130
36.650000 -0.000471
36.700000 0.000160
36.750000 -0.000160
36.800000 0.000473
36.850000 0.000141
36.900000 0.000742
36.950000 0.000366
37.000000 0.000909
37.050000 0.000467
37.100000 0.000935
37.150000 0.000419
37.200000 0.000813
37.250000 0.000232
37.300000 0.000567
37.350000 -0.000059
37.400000 0.000246
37.450000 -0.000391
37.500000 -0.000082
37.550000 -0.000695
37.600000 -0.000349
37.650000 -0.000907
37.700000 -0.000498
37.750000 -0.000983
37.800000 -0.000498
37.850000 -0.000904
37.900000 -0.000347
37.950000 -0.000685
38.000000 -0.000074
38.050000 -0.000369
38.100000 0.000267
38.150000 -0.000018
38.200000 0.000607
38.250000 0.000296
38.300000 0.000876
38.350000 0.000508
38.400000 0.001018
38.450000 0.000574
38.500000 0.001001
38.550000 0.000477
38.600000 0.000826
38.650000 0.000234
38.700000 0.000524
38.750000 -0.000108
38.800000 0.000156
38.850000 -0.000480
38.900000 -0.000204
38.950000 -0.000807
39.000000 -0.000483
39.050000 -0.001021
39.100000 -0.000624
39.150000 -0.001079
39.200000 -0.000598
39.250000 -0.000966
39.300000 -0.000407
39.350000 -0.000704
39.400000 -0.000088
39.450000 -0.000342
39.500000 0.000297
39.550000 0.000051
39.600000 0.000674
39.650000 0.000397
39.700000 0.000969
39.750000 0.000628
39.800000 0.001123
39.850000 0.000698
39.900000 0.001102
39.950000 0.000590
40.000000 0.000907
40.050000 0.000321
40.100000 0.000573
40.150000 -0.000059
40.200000 0.000163
40.250000 -0.000477
40.300000 -0.000245
40.350000 -0.000852
40.400000 -0.000571
40.450000 -0.001110
40.500000 -0.000751
40.550000 -0.001199
40.600000 -0.000747
40.650000 -0.001099
40.700000 -0.000558
40.750000 -0.000827
40.800000 -0.000219
40.850000 -0.000434
40.900000 0.000207
40.950000 0.000008
41.000000 0.000641
41.050000 0.000417
41.100000 0.001001
41.150000 0.000714
41.200000 0.001219
41.250000 0.000844
41.300000 0.001251
41.350000 0.000780
41.400000 0.001088
41.450000 0.000528
41.500000 0.000757
41.550000 0.000134
41.600000 0.000315
41.650000 -0.000331
41.700000 -0.000157
41.750000 -0.000783
41.800000 -0.000570
41.850000 -0.001136
41.900000 -0.000848
41.950000 -0.001322
42.000000 -0.000936
42.050000 -0.001303
42.100000 -0.000815
42.150000 -0.001081
42.200000 -0.000505
42.250000 -0.000694
42.300000 -0.000060
42.350000 -0.000210
42.400000 0.000438
42.450000 0.000284
42.500000 0.000902
42.550000 0.000700
42.600000 0.001247
42.650000 0.000961
42.700000 0.001409
42.750000 0.001020
42.800000 0.001357
42.850000 0.000862
42.900000 0.001096
42.950000 0.000512
43.000000 0.000668
43.050000 0.000028
43.100000 0.000146
43.150000 -0.000506
43.200000 -0.000379
43.250000 -0.000995
43.300000 -0.000814
43.350000 -0.001353
43.400000 -0.001081
43.450000 -0.001513
43.500000 -0.001129
43.550000 -0.001443
43.600000 -0.000948
43.650000 -0.001154
43.700000 -0.000566
43.750000 -0.000694
43.800000 -0.000051
43.850000 -0.000141
43.900000 0.000511
43.950000 0.000409
44.000000 0.001022
44.050000 0.000862
44.100000 0.001394
44.150000 0.001141
44.200000 0.001565
44.250000 0.001201
44.300000 0.001507
44.350000 0.001033
44.400000 0.001236
44.450000 0.000675
44.500000 0.000806
44.550000 0.000201
44.600000 0.000311
44.650000 -0.000283
44.700000 -0.000134
44.750000 -0.000654
44.800000 -0.000405
44.850000 -0.000793
44.900000 -0.000389
44.950000 -0.000596
