-30.000000 -0.000051
-29.950000 -0.000052
-29.900000 -0.000104
-29.850000 -0.000104
-29.800000 -0.000153
-29.750000 -0.000150
-29.700000 -0.000193
-29.650000 -0.000183
-29.600000 -0.000219
-29.550000 -0.000199
-29.500000 -0.000224
-29.450000 -0.000193
-29.400000 -0.000205
-29.350000 -0.000162
-29.300000 -0.000163
-29.250000 -0.000110
-29.200000 -0.000101
-29.150000 -0.000042
-29.100000 -0.000028
-29.050000 0.000033
-29.000000 0.000046
-28.950000 0.000104
-28.900000 0.000111
-28.850000 0.000161
-28.800000 0.000158
-28.750000 0.000196
-28.700000 0.000181
-28.650000 0.000206
-28.600000 0.000177
-28.550000 0.000189
-28.500000 0.000148
-28.450000 0.000149
-28.400000 0.000099
-28.350000 0.000091
-28.300000 0.000034
-28.250000 0.000022
-28.200000 -0.000036
-28.150000 -0.000049
-28.100000 -0.000105
-28.050000 -0.000113
-28.000000 -0.000162
-27.950000 -0.000162
-27.900000 -0.000201
-27.850000 -0.000190
-27.800000 -0.000216
-27.750000 -0.000191
-27.700000 -0.000203
-27.650000 -0.000165
-27.600000 -0.000165
-27.550000 -0.000115
-27.500000 -0.000105
-27.450000 -0.000047
-27.400000 -0.000031
-27.350000 0.000030
-27.300000 0.000047
-27.250000 0.000105
-27.200000 0.000117
-27.150000 0.000167
-27.100000 0.000170
-27.050000 0.000209
-27.000000 0.000200
-26.950000 0.000225
-26.900000 0.000202
-26.850000 0.000214
-26.800000 0.000178
-26.750000 0.000178
-26.700000 0.000131
-26.650000 0.000121
-26.600000 0.000067
-26.550000 0.000051
-26.500000 -0.000007
-26.450000 -0.000025
-26.400000 -0.000083
-26.350000 -0.000099
-26.300000 -0.000152
-26.250000 -0.000161
-26.200000 -0.000205
-26.150000 -0.000203
-26.100000 -0.000234
-26.050000 -0.000220
-26.000000 -0.000236
-25.950000 -0.000207
-25.900000 -0.000209
-25.850000 -0.000166
-25.800000 -0.000156
-25.750000 -0.000103
-25.700000 -0.000083
-25.650000 -0.000025
-25.600000 -0.000002
-25.550000 0.000058
-25.500000 0.000079
-25.450000 0.000133
-25.400000 0.000148
-25.350000 0.000194
-25.300000 0.000199
-25.250000 0.000232
-25.200000 0.000225
-25.150000 0.000245
-25.100000 0.000224
-25.050000 0.000232
-25.000000 0.000198
-24.950000 0.000192
-24.900000 0.000147
-24.850000 0.000132
-24.800000 0.000078
-24.750000 0.000055
-24.700000 -0.000002
-24.650000 -0.000028
-24.600000 -0.000086
-24.550000 -0.000110
-24.500000 -0.000163
-24.450000 -0.000179
-24.400000 -0.000222
-24.350000 -0.000228
-24.300000 -0.000257
-24.250000 -0.000248
-24.200000 -0.000263
-24.150000 -0.000239
-24.100000 -0.000238
-24.050000 -0.000200
-24.000000 -0.000186
-23.950000 -0.000137
-23.900000 -0.000114
-23.850000 -0.000058
-23.800000 -0.000030
-23.750000 0.000028
-23.700000 0.000056
-23.650000 0.000111
-23.600000 0.000135
-23.550000 0.000183
-23.500000 0.000199
-23.450000 0.000237
-23.400000 0.000241
-23.350000 0.000266
-23.300000 0.000258
-23.250000 0.000269
-23.200000 0.000247
-23.150000 0.000244
-23.100000 0.000209
-23.050000 0.000193
-23.000000 0.000147
-22.950000 0.000121
-22.900000 0.000066
-22.850000 0.000033
-22.800000 -0.000025
-22.750000 -0.000059
-22.700000 -0.000116
-22.650000 -0.000146
-22.600000 -0.000196
-22.550000 -0.000217
-22.500000 -0.000254
-22.450000 -0.000263
-22.400000 -0.000286
-22.350000 -0.000279
-22.300000 -0.000287
-22.250000 -0.000265
-22.200000 -0.000259
-22.150000 -0.000224
-22.100000 -0.000205
-22.050000 -0.000160
-22.000000 -0.000132
-21.950000 -0.000080
-21.900000 -0.000046
-21.850000 0.000009
-21.800000 0.000045
-21.750000 0.000099
-21.700000 0.000132
-21.650000 0.000182
-21.600000 0.000208
-21.550000 0.000248
-21.500000 0.000265
-21.450000 0.000292
-21.400000 0.000295
-21.350000 0.000307
-21.300000 0.000295
-21.250000 0.000291
-21.200000 0.000264
-21.150000 0.000245
-21.100000 0.000204
-21.050000 0.000174
-21.000000 0.000123
-20.950000 0.000084
-20.900000 0.000029
-20.850000 -0.000013
-20.800000 -0.000069
-20.750000 -0.000108
-20.700000 -0.000159
-20.650000 -0.000192
-20.600000 -0.000234
-20.550000 -0.000257
-20.500000 -0.000288
-20.450000 -0.000298
-20.400000 -0.000315
-20.350000 -0.000312
-20.300000 -0.000314
-20.250000 -0.000297
-20.200000 -0.000285
-20.150000 -0.000256
-20.100000 -0.000231
-20.050000 -0.000189
-20.000000 -0.000154
-19.950000 -0.000104
-19.900000 -0.000061
-19.850000 -0.000006
-19.800000 0.000040
-19.750000 0.000096
-19.700000 0.000140
-19.650000 0.000190
-19.600000 0.000227
-19.550000 0.000268
-19.500000 0.000293
-19.450000 0.000320
-19.400000 0.000331
-19.350000 0.000342
-19.300000 0.000338
-19.250000 0.000333
-19.200000 0.000314
-19.150000 0.000294
-19.100000 0.000262
-19.050000 0.000230
-19.000000 0.000188
-18.950000 0.000147
-18.900000 0.000098
-18.850000 0.000053
-18.800000 0.000001
-18.750000 -0.000047
-18.700000 -0.000099
-18.650000 -0.000144
-18.600000 -0.000192
-18.550000 -0.000232
-18.500000 -0.000271
-18.450000 -0.000302
-18.400000 -0.000330
-18.350000 -0.000348
-18.300000 -0.000361
-18.250000 -0.000364
-18.200000 -0.000361
-18.150000 -0.000347
-18.100000 -0.000328
-18.050000 -0.000300
-18.000000 -0.000267
-17.950000 -0.000226
-17.900000 -0.000182
-17.850000 -0.000133
-17.800000 -0.000081
-17.750000 -0.000028
-17.700000 0.000025
-17.650000 0.000077
-17.600000 0.000128
-17.550000 0.000176
-17.500000 0.000221
-17.450000 0.000261
-17.400000 0.000297
-17.350000 0.000325
-17.300000 0.000350
-17.250000 0.000366
-17.200000 0.000378
-17.150000 0.000380
-17.100000 0.000377
-17.050000 0.000365
-17.000000 0.000348
-16.950000 0.000321
-16.900000 0.000292
-16.850000 0.000252
-16.800000 0.000210
-16.750000 0.000160
-16.700000 0.000110
-16.650000 0.000053
-16.600000 -0.000001
-16.550000 -0.000060
-16.500000 -0.000113
-16.450000 -0.000169
-16.400000 -0.000215
-16.350000 -0.000264
-16.300000 -0.000300
-16.250000 -0.000337
-16.200000 -0.000361
-16.150000 -0.000385
-16.100000 -0.000395
-16.050000 -0.000406
-16.000000 -0.000401
-15.950000 -0.000398
-15.900000 -0.000380
-15.850000 -0.000364
-15.800000 -0.000333
-15.750000 -0.000305
-15.700000 -0.000263
-15.650000 -0.000224
-15.600000 -0.000173
-15.550000 -0.000126
-15.500000 -0.000068
-15.450000 -0.000017
-15.400000 0.000045
-15.350000 0.000097
-15.300000 0.000157
-15.250000 0.000205
-15.200000 0.000260
-15.150000 0.000300
-15.100000 0.000345
-15.050000 0.000373
-15.000000 0.000405
-14.950000 0.000418
-14.900000 0.000436
-14.850000 0.000434
-14.800000 0.000437
-14.750000 0.000420
-14.700000 0.000409
-14.650000 0.000378
-14.600000 0.000355
-14.550000 0.000313
-14.500000 0.000280
-14.450000 0.000228
-14.400000 0.000188
-14.350000 0.000130
-14.300000 0.000084
-14.250000 0.000022
-14.200000 -0.000026
-14.150000 -0.000089
-14.100000 -0.000137
-14.050000 -0.000199
-14.000000 -0.000242
-13.950000 -0.000298
-13.900000 -0.000334
-13.850000 -0.000381
-13.800000 -0.000406
-13.750000 -0.000440
-13.700000 -0.000451
-13.650000 -0.000471
-13.600000 -0.000466
-13.550000 -0.000470
-13.500000 -0.000450
-13.450000 -0.000440
-13.400000 -0.000405
-13.350000 -0.000383
-13.300000 -0.000337
-13.250000 -0.000305
-13.200000 -0.000250
-13.150000 -0.000211
-13.100000 -0.000150
-13.050000 -0.000107
-13.000000 -0.000043
-12.950000 0.000002
-12.900000 0.000068
-12.850000 0.000113
-12.800000 0.000177
-12.750000 0.000219
-12.700000 0.000279
-12.650000 0.000316
-12.600000 0.000370
-12.550000 0.000397
-12.500000 0.000441
-12.450000 0.000457
-12.400000 0.000488
-12.350000 0.000490
-12.300000 0.000506
-12.250000 0.000493
-12.200000 0.000495
-12.150000 0.000467
-12.100000 0.000455
-12.050000 0.000414
-12.000000 0.000391
-11.950000 0.000340
-11.900000 0.000308
-11.850000 0.000249
-11.800000 0.000211
-11.750000 0.000147
-11.700000 0.000106
-11.650000 0.000040
-11.600000 -0.000003
-11.550000 -0.000070
-11.500000 -0.000112
-11.450000 -0.000178
-11.400000 -0.000218
-11.350000 -0.000281
-11.300000 -0.000315
-11.250000 -0.000373
-11.200000 -0.000400
-11.150000 -0.000449
-11.100000 -0.000466
-11.050000 -0.000503
-11.000000 -0.000508
-10.950000 -0.000533
-10.900000 -0.000523
-10.850000 -0.000534
-10.800000 -0.000511
-10.750000 -0.000508
-10.700000 -0.000472
-10.650000 -0.000458
-10.600000 -0.000411
-10.550000 -0.000388
-10.500000 -0.000332
-10.450000 -0.000303
-10.400000 -0.000242
-10.350000 -0.000209
-10.300000 -0.000144
-10.250000 -0.000107
-10.200000 -0.000040
-10.150000 -0.000002
-10.100000 0.000066
-10.050000 0.000105
-10.000000 0.000174
-9.950000 0.000211
-9.900000 0.000277
-9.850000 0.000310
-9.800000 0.000371
-9.750000 0.000398
-9.700000 0.000451
-9.650000 0.000467
-9.600000 0.000510
-9.550000 0.000515
-9.500000 0.000546
-9.450000 0.000539
-9.400000 0.000558
-9.350000 0.000539
-9.300000 0.000547
-9.250000 0.000517
-9.200000 0.000515
-9.150000 0.000476
-9.100000 0.000466
-9.050000 0.000419
-9.000000 0.000403
-8.950000 0.000351
-8.900000 0.000329
-8.850000 0.000271
-8.800000 0.000244
-8.750000 0.000182
-8.700000 0.000151
-8.650000 0.000084
-8.600000 0.000050
-8.550000 -0.000019
-8.500000 -0.000055
-8.450000 -0.000125
-8.400000 -0.000160
-8.350000 -0.000228
-8.300000 -0.000259
-8.250000 -0.000322
-8.200000 -0.000346
-8.150000 -0.000402
-8.100000 -0.000418
-8.050000 -0.000466
-8.000000 -0.000472
-7.950000 -0.000511
-7.900000 -0.000508
-7.850000 -0.000539
-7.800000 -0.000528
-7.750000 -0.000552
-7.700000 -0.000534
-7.650000 -0.000551
-7.600000 -0.000527
-7.550000 -0.000538
-7.500000 -0.000508
-7.450000 -0.000512
-7.400000 -0.000475
-7.350000 -0.000472
-7.300000 -0.000427
-7.250000 -0.000418
-7.200000 -0.000366
-7.150000 -0.000349
-7.100000 -0.000291
-7.050000 -0.000269
-7.000000 -0.000206
-6.950000 -0.000182
-6.900000 -0.000117
-6.850000 -0.000093
-6.800000 -0.000028
-6.750000 -0.000005
-6.700000 0.000057
-6.650000 0.000076
-6.600000 0.000135
-6.550000 0.000151
-6.500000 0.000206
-6.450000 0.000219
-6.400000 0.000271
-6.350000 0.000281
-6.300000 0.000331
-6.250000 0.000337
-6.200000 0.000385
-6.150000 0.000388
-6.100000 0.000432
-6.050000 0.000432
-6.000000 0.000471
-5.950000 0.000465
-5.900000 0.000499
-5.850000 0.000486
-5.800000 0.000513
-5.750000 0.000494
-5.700000 0.000514
-5.650000 0.000487
-5.600000 0.000501
-5.550000 0.000469
-5.500000 0.000479
-5.450000 0.000443
-5.400000 0.000450
-5.350000 0.000412
-5.300000 0.000417
-5.250000 0.000378
-5.200000 0.000383
-5.150000 0.000343
-5.100000 0.000348
-5.050000 0.000307
-5.000000 0.000311
-4.950000 0.000268
-4.900000 0.000270
-4.850000 0.000224
-4.800000 0.000224
-4.750000 0.000177
-4.700000 0.000175
-4.650000 0.000126
-4.600000 0.000124
-4.550000 0.000075
-4.500000 0.000074
-4.450000 0.000028
-4.400000 0.000030
-4.350000 -0.000014
-4.300000 -0.000008
-4.250000 -0.000048
-4.200000 -0.000039
-4.150000 -0.000077
-4.100000 -0.000065
-4.050000 -0.000101
-4.000000 -0.000089
-3.950000 -0.000125
-3.900000 -0.000113
-3.850000 -0.000150
-3.800000 -0.000139
-3.750000 -0.000178
-3.700000 -0.000168
-3.650000 -0.000208
-3.600000 -0.000199
-3.550000 -0.000241
-3.500000 -0.000233
-3.450000 -0.000275
-3.400000 -0.000267
-3.350000 -0.000310
-3.300000 -0.000303
-3.250000 -0.000348
-3.200000 -0.000344
-3.150000 -0.000394
-3.100000 -0.000395
-3.050000 -0.000451
-3.000000 -0.000461
-2.950000 -0.000528
-2.900000 -0.000549
-2.850000 -0.000630
-2.800000 -0.000667
-2.750000 -0.000764
-2.700000 -0.000818
-2.650000 -0.000935
-2.600000 -0.001009
-2.550000 -0.001148
-2.500000 -0.001245
-2.450000 -0.001409
-2.400000 -0.001534
-2.350000 -0.001728
-2.300000 -0.001887
-2.250000 -0.002119
-2.200000 -0.002320
-2.150000 -0.002601
-2.100000 -0.002856
-2.050000 -0.003197
-2.000000 -0.003518
-1.950000 -0.003934
-1.900000 -0.004337
-1.850000 -0.004843
-1.800000 -0.005346
-1.750000 -0.005961
-1.700000 -0.006584
-1.650000 -0.007330
-1.600000 -0.008097
-1.550000 -0.009002
-1.500000 -0.009942
-1.450000 -0.011038
-1.400000 -0.012189
-1.350000 -0.013519
-1.300000 -0.014926
-1.250000 -0.016539
-1.200000 -0.018260
-1.150000 -0.020220
-1.100000 -0.022323
-1.050000 -0.024706
-1.000000 -0.027275
-0.950000 -0.030172
-0.900000 -0.033308
-0.850000 -0.036828
-0.800000 -0.040649
-0.750000 -0.044923
-0.700000 -0.049573
-0.650000 -0.054758
-0.600000 -0.060406
-0.550000 -0.066687
-0.500000 -0.073538
-0.450000 -0.081139
-0.400000 -0.089436
-0.350000 -0.098620
-0.300000 -0.108651
-0.250000 -0.119732
-0.200000 -0.131834
-0.150000 -0.145177
-0.100000 -0.159742
-0.050000 -0.175764
0.000000 -0.193239
0.050000 -0.212416
0.100000 -0.233302
0.150000 -0.256158
0.200000 -0.281004
0.250000 -0.308109
0.300000 -0.337498
0.350000 -0.369445
0.400000 -0.403971
0.450000 -0.441344
0.500000 -0.481572
0.550000 -0.524903
0.600000 -0.571312
0.650000 -0.621007
0.700000 -0.673909
0.750000 -0.730159
0.800000 -0.789595
0.850000 -0.852259
0.900000 -0.917875
0.950000 -0.986352
1.000000 -1.057266
1.050000 -1.130363
1.100000 -1.205041
1.150000 -1.280865
1.200000 -1.357045
1.250000 -1.432961
1.300000 -1.507648
1.350000 -1.580334
1.400000 -1.649924
1.450000 -1.715557
1.500000 -1.776096
1.550000 -1.830691
1.600000 -1.878274
1.650000 -1.918130
1.700000 -1.949384
1.750000 -1.971578
1.800000 -1.984143
1.850000 -1.986968
1.900000 -1.979862
1.950000 -1.963101
2.000000 -1.936879
2.050000 -1.901838
2.100000 -1.858501
2.150000 -1.807798
2.200000 -1.750480
2.250000 -1.687645
2.300000 -1.620148
2.350000 -1.549134
2.400000 -1.475442
2.450000 -1.400153
2.500000 -1.324000
2.550000 -1.247924
2.600000 -1.172493
2.650000 -1.098471
2.700000 -1.026238
2.750000 -0.956373
2.800000 -0.889074
2.850000 -0.824750
2.900000 -0.763442
2.950000 -0.705418
3.000000 -0.650594
3.050000 -0.599128
3.100000 -0.550844
3.150000 -0.505826
3.200000 -0.463835
3.250000 -0.424908
3.300000 -0.388767
3.350000 -0.355424
3.400000 -0.324584
3.450000 -0.296248
3.500000 -0.270116
3.550000 -0.246191
3.600000 -0.224178
3.650000 -0.204087
3.700000 -0.185632
3.750000 -0.168838
3.800000 -0.153429
3.850000 -0.139443
3.900000 -0.126619
3.950000 -0.115010
4.000000 -0.104367
4.050000 -0.094755
4.100000 -0.085939
4.150000 -0.077999
4.200000 -0.070708
4.250000 -0.064159
4.300000 -0.058135
4.350000 -0.052741
4.400000 -0.047768
4.450000 -0.043329
4.500000 -0.039225
4.550000 -0.035577
4.600000 -0.032191
4.650000 -0.029196
4.700000 -0.026405
4.750000 -0.023951
4.800000 -0.021651
4.850000 -0.019644
4.900000 -0.017750
4.950000 -0.016113
5.000000 -0.014553
5.050000 -0.013220
5.100000 -0.011936
5.150000 -0.010852
5.200000 -0.009792
5.250000 -0.008910
5.300000 -0.008033
5.350000 -0.007316
5.400000 -0.006587
5.450000 -0.006005
5.500000 -0.005396
5.550000 -0.004923
5.600000 -0.004414
5.650000 -0.004031
5.700000 -0.003604
5.750000 -0.003298
5.800000 -0.002940
5.850000 -0.002698
5.900000 -0.002399
5.950000 -0.002211
6.000000 -0.001961
6.050000 -0.001817
6.100000 -0.001607
6.150000 -0.001500
6.200000 -0.001322
6.250000 -0.001243
6.300000 -0.001090
6.350000 -0.001033
6.400000 -0.000897
6.450000 -0.000856
6.500000 -0.000735
6.550000 -0.000706
6.600000 -0.000595
6.650000 -0.000577
6.700000 -0.000476
6.750000 -0.000468
6.800000 -0.000377
6.850000 -0.000379
6.900000 -0.000298
6.950000 -0.000311
7.000000 -0.000241
7.050000 -0.000263
7.100000 -0.000201
7.150000 -0.000233
7.200000 -0.000178
7.250000 -0.000215
7.300000 -0.000165
7.350000 -0.000206
7.400000 -0.000160
7.450000 -0.000204
7.500000 -0.000160
7.550000 -0.000209
7.600000 -0.000169
7.650000 -0.000223
7.700000 -0.000191
7.750000 -0.000255
7.800000 -0.000236
7.850000 -0.000318
7.900000 -0.000319
7.950000 -0.000426
8.000000 -0.000458
8.050000 -0.000602
8.100000 -0.000679
8.150000 -0.000876
8.200000 -0.001016
8.250000 -0.001289
8.300000 -0.001519
8.350000 -0.001902
8.400000 -0.002265
8.450000 -0.002809
8.500000 -0.003367
8.550000 -0.004149
8.600000 -0.004997
8.650000 -0.006134
8.700000 -0.007415
8.750000 -0.009082
8.800000 -0.011010
8.850000 -0.013466
8.900000 -0.016358
8.950000 -0.019990
9.000000 -0.024314
9.050000 -0.029691
9.100000 -0.036140
9.150000 -0.044104
9.200000 -0.053700
9.250000 -0.065491
9.300000 -0.079740
9.350000 -0.097184
9.400000 -0.118297
9.450000 -0.144069
9.500000 -0.175274
9.550000 -0.213261
9.600000 -0.259228
9.650000 -0.315019
9.700000 -0.382405
9.750000 -0.463891
9.800000 -0.561987
9.850000 -0.680014
9.900000 -0.821348
9.950000 -0.990187
10.000000 -1.190734
10.050000 -1.427852
10.100000 -1.706099
10.150000 -2.030179
10.200000 -2.403698
10.250000 -2.829296
10.300000 -3.307027
10.350000 -3.834151
10.400000 -4.403283
10.450000 -5.002193
10.500000 -5.612376
10.550000 -6.209846
10.600000 -6.765315
10.650000 -7.247118
10.700000 -7.623664
10.750000 -7.868175
10.800000 -7.961797
10.850000 -7.897341
10.900000 -7.679711
10.950000 -7.325852
11.000000 -6.861277
11.050000 -6.317067
11.100000 -5.725071
11.150000 -5.115290
11.200000 -4.512721
11.250000 -3.936987
11.300000 -3.401370
11.350000 -2.914162
11.400000 -2.478809
11.450000 -2.095770
11.500000 -1.762743
11.550000 -1.476324
11.600000 -1.231894
11.650000 -1.024922
11.700000 -0.850503
11.750000 -0.704383
11.800000 -0.582280
11.850000 -0.480743
11.900000 -0.396363
11.950000 -0.326562
12.000000 -0.268757
12.050000 -0.221124
12.100000 -0.181755
12.150000 -0.149414
12.200000 -0.122702
12.250000 -0.100820
12.300000 -0.082738
12.350000 -0.067970
12.400000 -0.055745
12.450000 -0.045795
12.500000 -0.037532
12.550000 -0.030839
12.600000 -0.025251
12.650000 -0.020756
12.700000 -0.016974
12.750000 -0.013961
12.800000 -0.011398
12.850000 -0.009387
12.900000 -0.007646
12.950000 -0.006312
13.000000 -0.005128
13.050000 -0.004250
13.100000 -0.003441
13.150000 -0.002872
13.200000 -0.002315
13.250000 -0.001951
13.300000 -0.001562
13.350000 -0.001336
13.400000 -0.001058
13.450000 -0.000921
13.500000 -0.000715
13.550000 -0.000636
13.600000 -0.000477
13.650000 -0.000437
13.700000 -0.000309
13.750000 -0.000295
13.800000 -0.000189
13.850000 -0.000194
13.900000 -0.000104
13.950000 -0.000124
14.000000 -0.000048
14.050000 -0.000079
14.100000 -0.000014
14.150000 -0.000056
14.200000 -0.000000
14.250000 -0.000049
14.300000 0.000001
14.350000 -0.000053
14.400000 -0.000005
14.450000 -0.000060
14.500000 -0.000011
14.550000 -0.000064
14.600000 -0.000012
14.650000 -0.000061
14.700000 -0.000005
14.750000 -0.000050
14.800000 0.000009
14.850000 -0.000033
14.900000 0.000026
14.950000 -0.000016
15.000000 0.000042
15.050000 -0.000003
15.100000 0.000052
15.150000 0.000002
15.200000 0.000053
15.250000 -0.000002
15.300000 0.000045
15.350000 -0.000013
15.400000 0.000031
15.450000 -0.000028
15.500000 0.000016
15.550000 -0.000042
15.600000 0.000003
15.650000 -0.000052
15.700000 -0.000003
15.750000 -0.000054
15.800000 -0.000001
15.850000 -0.000048
15.900000 0.000010
15.950000 -0.000035
16.000000 0.000025
16.050000 -0.000018
16.100000 0.000041
16.150000 -0.000004
16.200000 0.000053
16.250000 0.000004
16.300000 0.000056
16.350000 0.000003
16.400000 0.000050
16.450000 -0.000007
16.500000 0.000037
16.550000 -0.000024
16.600000 0.000019
16.650000 -0.000040
16.700000 0.000004
16.750000 -0.000053
16.800000 -0.000004
16.850000 -0.000057
16.900000 -0.000004
16.950000 -0.000052
17.000000 0.000006
17.050000 -0.000039
17.100000 0.000021
17.150000 -0.000022
17.200000 0.000038
17.250000 -0.000007
17.300000 0.000051
17.350000 0.000003
17.400000 0.000057
17.450000 0.000005
17.500000 0.000054
17.550000 -0.000003
17.600000 0.000043
17.650000 -0.000017
17.700000 0.000026
17.750000 -0.000035
17.800000 0.000009
17.850000 -0.000050
17.900000 -0.000004
17.950000 -0.000059
18.000000 -0.000007
18.050000 -0.000058
18.100000 -0.000001
18.150000 -0.000047
18.200000 0.000014
18.250000 -0.000030
18.300000 0.000032
18.350000 -0.000011
18.400000 0.000049
18.450000 0.000003
18.500000 0.000059
18.550000 0.000008
18.600000 0.000059
18.650000 0.000003
18.700000 0.000050
18.750000 -0.000010
18.800000 0.000033
18.850000 -0.000028
18.900000 0.000015
18.950000 -0.000046
19.000000 0.000000
19.050000 -0.000057
19.100000 -0.000007
19.150000 -0.000061
19.200000 -0.000006
19.250000 -0.000054
19.300000 0.000005
19.350000 -0.000040
19.400000 0.000022
19.450000 -0.000021
19.500000 0.000041
19.550000 -0.000004
19.600000 0.000056
19.650000 0.000008
19.700000 0.000063
19.750000 0.000009
19.800000 0.000060
19.850000 0.000001
19.900000 0.000046
19.950000 -0.000016
20.000000 0.000027
20.050000 -0.000036
20.100000 0.000007
20.150000 -0.000054
20.200000 -0.000007
20.250000 -0.000064
20.300000 -0.000012
20.350000 -0.000063
20.400000 -0.000005
20.450000 -0.000052
20.500000 0.000010
20.550000 -0.000034
20.600000 0.000030
20.650000 -0.000013
20.700000 0.000049
20.750000 0.000003
20.800000 0.000062
20.850000 0.000011
20.900000 0.000065
20.950000 0.000009
21.000000 0.000058
21.050000 -0.000003
21.100000 0.000042
21.150000 -0.000022
21.200000 0.000022
21.250000 -0.000042
21.300000 0.000002
21.350000 -0.000059
21.400000 -0.000011
21.450000 -0.000068
21.500000 -0.000014
21.550000 -0.000065
21.600000 -0.000005
21.650000 -0.000051
21.700000 0.000013
21.750000 -0.000030
21.800000 0.000035
21.850000 -0.000009
21.900000 0.000055
21.950000 0.000008
22.000000 0.000067
22.050000 0.000014
22.100000 0.000067
22.150000 0.000008
22.200000 0.000056
22.250000 -0.000008
22.300000 0.000035
22.350000 -0.000033
22.400000 0.000008
22.450000 -0.000060
22.500000 -0.000018
22.550000 -0.000085
22.600000 -0.000042
22.650000 -0.000109
22.700000 -0.000066
22.750000 -0.000134
22.800000 -0.000097
22.850000 -0.000174
22.900000 -0.000152
22.950000 -0.000252
23.000000 -0.000262
23.050000 -0.000409
23.100000 -0.000484
23.150000 -0.000717
23.200000 -0.000908
23.250000 -0.001299
23.300000 -0.001699
23.350000 -0.002369
23.400000 -0.003144
23.450000 -0.004315
23.500000 -0.005759
23.550000 -0.007827
23.600000 -0.010476
23.650000 -0.014162
23.700000 -0.018984
23.750000 -0.025590
23.800000 -0.034336
23.850000 -0.046217
23.900000 -0.062050
23.950000 -0.083449
24.000000 -0.112058
24.050000 -0.150594
24.100000 -0.202168
24.150000 -0.271436
24.200000 -0.364061
24.250000 -0.488035
24.300000 -0.653328
24.350000 -0.873412
24.400000 -1.165076
24.450000 -1.550005
24.500000 -2.054389
24.550000 -2.709784
24.600000 -3.551106
24.650000 -4.614458
24.700000 -5.930076
24.750000 -7.512824
24.800000 -9.346209
24.850000 -11.365181
24.900000 -13.439739
24.950000 -15.373218
25.000000 -16.923611
25.050000 -17.856417
25.100000 -18.012606
25.150000 -17.364509
25.200000 -16.025199
25.250000 -14.208764
25.300000 -12.161622
25.350000 -10.102342
25.400000 -8.186951
25.450000 -6.504223
25.500000 -5.086778
25.550000 -3.930010
25.600000 -3.007797
25.650000 -2.285622
25.700000 -1.727336
25.750000 -1.300158
25.800000 -0.975522
25.850000 -0.730337
25.900000 -0.545741
25.950000 -0.407357
26.000000 -0.303680
26.050000 -0.226307
26.100000 -0.168467
26.150000 -0.125442
26.200000 -0.093289
26.250000 -0.069446
26.300000 -0.051602
26.350000 -0.038425
26.400000 -0.028527
26.450000 -0.021267
26.500000 -0.015772
26.550000 -0.011788
26.600000 -0.008729
26.650000 -0.006555
26.700000 -0.004842
26.750000 -0.003666
26.800000 -0.002693
26.850000 -0.002066
26.900000 -0.001499
26.950000 -0.001173
27.000000 -0.000827
27.050000 -0.000665
27.100000 -0.000441
27.150000 -0.000369
27.200000 -0.000212
27.250000 -0.000192
27.300000 -0.000075
27.350000 -0.000086
27.400000 0.000004
27.450000 -0.000029
27.500000 0.000043
27.550000 -0.000005
27.600000 0.000053
27.650000 -0.000008
27.700000 0.000041
27.750000 -0.000026
27.800000 0.000019
27.850000 -0.000051
27.900000 -0.000006
27.950000 -0.000074
28.000000 -0.000025
28.050000 -0.000087
28.100000 -0.000032
28.150000 -0.000086
28.200000 -0.000024
28.250000 -0.000073
28.300000 -0.000005
28.350000 -0.000049
28.400000 0.000022
28.450000 -0.000021
28.500000 0.000050
28.550000 0.000006
28.600000 0.000073
28.650000 0.000025
28.700000 0.000087
28.750000 0.000032
28.800000 0.000087
28.850000 0.000024
28.900000 0.000073
28.950000 0.000004
29.000000 0.000047
29.050000 -0.000024
29.100000 0.000017
29.150000 -0.000055
29.200000 -0.000011
29.250000 -0.000079
29.300000 -0.000030
29.350000 -0.000092
29.400000 -0.000035
29.450000 -0.000089
29.500000 -0.000025
29.550000 -0.000071
29.600000 -0.000001
29.650000 -0.000043
29.700000 0.000029
29.750000 -0.000012
29.800000 0.000059
29.850000 0.000015
29.900000 0.000082
29.950000 0.000032
30.000000 0.000093
30.050000 0.000036
30.100000 0.000089
30.150000 0.000025
30.200000 0.000071
30.250000 0.000001
30.300000 0.000043
30.350000 -0.000029
30.400000 0.000012
30.450000 -0.000060
30.500000 -0.000017
30.550000 -0.000085
30.600000 -0.000036
30.650000 -0.000097
30.700000 -0.000040
30.750000 -0.000093
30.800000 -0.000028
30.850000 -0.000073
30.900000 -0.000002
30.950000 -0.000043
31.000000 0.000031
31.050000 -0.000008
31.100000 0.000064
31.150000 0.000021
31.200000 0.000088
31.250000 0.000039
31.300000 0.000099
31.350000 0.000041
31.400000 0.000093
31.450000 0.000028
31.500000 0.000073
31.550000 0.000003
31.600000 0.000044
31.650000 -0.000029
31.700000 0.000011
31.750000 -0.000061
31.800000 -0.000018
31.850000 -0.000086
31.900000 -0.000038
31.950000 -0.000099
32.000000 -0.000044
32.050000 -0.000097
32.100000 -0.000034
32.150000 -0.000080
32.200000 -0.000010
32.250000 -0.000050
32.300000 0.000023
32.350000 -0.000015
32.400000 0.000059
32.450000 0.000018
32.500000 0.000088
32.550000 0.000042
32.600000 0.000104
32.650000 0.000050
32.700000 0.000103
32.750000 0.000040
32.800000 0.000085
32.850000 0.000015
32.900000 0.000054
32.950000 -0.000020
33.000000 0.000018
33.050000 -0.000056
33.100000 -0.000017
33.150000 -0.000086
33.200000 -0.000041
33.250000 -0.000104
33.300000 -0.000051
33.350000 -0.000105
33.400000 -0.000044
33.450000 -0.000090
33.500000 -0.000022
33.550000 -0.000062
33.600000 0.000011
33.650000 -0.000026
33.700000 0.000048
33.750000 0.000010
33.800000 0.000081
33.850000 0.000038
33.900000 0.000103
33.950000 0.000054
34.000000 0.000110
34.050000 0.000052
34.100000 0.000099
34.150000 0.000033
34.200000 0.000073
34.250000 0.000001
34.300000 0.000036
34.350000 -0.000038
34.400000 -0.000003
34.450000 -0.000075
34.500000 -0.000036
34.550000 -0.000102
34.600000 -0.000056
34.650000 -0.000114
34.700000 -0.000058
34.750000 -0.000107
34.800000 -0.000043
34.850000 -0.000083
34.900000 -0.000012
34.950000 -0.000048
35.000000 0.000026
35.050000 -0.000008
35.100000 0.000065
35.150000 0.000028
35.200000 0.000097
35.250000 0.000053
35.300000 0.000114
35.350000 0.000062
35.400000 0.000114
35.450000 0.000053
35.500000 0.000096
35.550000 0.000028
35.600000 0.000064
35.650000 -0.000009
35.700000 0.000024
35.750000 -0.000050
35.800000 -0.000016
35.850000 -0.000087
35.900000 -0.000049
35.950000 -0.000113
36.000000 -0.000066
36.050000 -0.000121
36.100000 -0.000064
36.150000 -0.000110
36.200000 -0.000044
36.250000 -0.000081
36.300000 -0.000009
36.350000 -0.000041
36.400000 0.000033
36.450000 0.000002
36.500000 0.000074
36.550000 0.000039
36.600000 0.000106
36.650000 0.000063
36.700000 0.000121
36.750000 0.000070
36.800000 0.000119
36.850000 0.000058
36.900000 0.000098
36.950000 0.000030
37.000000 0.000064
37.050000 -0.000009
37.100000 0.000022
37.150000 -0.000051
37.200000 -0.000020
37.250000 -0.000090
37.300000 -0.000054
37.350000 -0.000118
37.400000 -0.000074
37.450000 -0.000128
37.500000 -0.000074
37.550000 -0.000118
37.600000 -0.000055
37.650000 -0.000090
37.700000 -0.000019
37.750000 -0.000048
37.800000 0.000027
37.850000 -0.000000
37.900000 0.000073
37.950000 0.000042
38.000000 0.000109
38.050000 0.000071
38.100000 0.000129
38.150000 0.000081
38.200000 0.000129
38.250000 0.000071
38.300000 0.000109
38.350000 0.000043
38.400000 0.000074
38.450000 0.000003
38.500000 0.000030
38.550000 -0.000043
38.600000 -0.000015
38.650000 -0.000085
38.700000 -0.000053
38.750000 -0.000118
38.800000 -0.000078
38.850000 -0.000134
38.900000 -0.000085
38.950000 -0.000130
39.000000 -0.000072
39.050000 -0.000107
39.100000 -0.000040
39.150000 -0.000067
39.200000 0.000005
39.250000 -0.000018
39.300000 0.000056
39.350000 0.000031
39.400000 0.000100
39.450000 0.000070
39.500000 0.000131
39.550000 0.000091
39.600000 0.000142
39.650000 0.000091
39.700000 0.000130
39.750000 0.000069
39.800000 0.000099
39.850000 0.000030
39.900000 0.000055
39.950000 -0.000018
40.000000 0.000005
40.050000 -0.000067
40.100000 -0.000041
40.150000 -0.000108
40.200000 -0.000076
40.250000 -0.000135
40.300000 -0.000095
40.350000 -0.000143
40.400000 -0.000092
40.450000 -0.000131
40.500000 -0.000070
40.550000 -0.000099
40.600000 -0.000030
40.650000 -0.000053
40.700000 0.000020
40.750000 -0.000001
40.800000 0.000071
40.850000 0.000048
40.900000 0.000116
40.950000 0.000086
41.000000 0.000144
41.050000 0.000104
41.100000 0.000151
41.150000 0.000100
41.200000 0.000135
41.250000 0.000073
41.300000 0.000099
41.350000 0.000030
41.400000 0.000050
41.450000 -0.000023
41.500000 -0.000004
41.550000 -0.000075
41.600000 -0.000054
41.650000 -0.000120
41.700000 -0.000091
41.750000 -0.000148
41.800000 -0.000109
41.850000 -0.000155
41.900000 -0.000105
41.950000 -0.000140
42.000000 -0.000080
42.050000 -0.000105
42.100000 -0.000037
42.150000 -0.000056
42.200000 0.000017
42.250000 0.000000
42.300000 0.000072
42.350000 0.000053
42.400000 0.000120
42.450000 0.000095
42.500000 0.000153
42.550000 0.000117
42.600000 0.000163
42.650000 0.000116
42.700000 0.000150
42.750000 0.000091
42.800000 0.000115
42.850000 0.000047
42.900000 0.000063
42.950000 -0.000009
43.000000 0.000005
43.050000 -0.000068
43.100000 -0.000051
43.150000 -0.000119
43.200000 -0.000095
43.250000 -0.000154
43.300000 -0.000120
43.350000 -0.000168
43.400000 -0.000123
43.450000 -0.000159
43.500000 -0.000103
43.550000 -0.000128
43.600000 -0.000063
43.650000 -0.000081
43.700000 -0.000010
43.750000 -0.000024
43.800000 0.000048
43.850000 0.000034
43.900000 0.000104
43.950000 0.000085
44.000000 0.000147
44.050000 0.000119
44.100000 0.000170
44.150000 0.000130
44.200000 0.000169
44.250000 0.000117
44.300000 0.000143
44.350000 0.000081
44.400000 0.000099
44.450000 0.000030
44.500000 0.000044
44.550000 -0.000026
44.600000 -0.000010
44.650000 -0.000075
44.700000 -0.000051
44.750000 -0.000105
44.800000 -0.000068
44.850000 -0.000106
44.900000 -0.000053
44.950000 -0.000073
