-30.000000 0.000058
-29.950000 0.000046
-29.900000 0.000093
-29.850000 0.000070
-29.800000 0.000104
-29.750000 0.000070
-29.700000 0.000094
-29.650000 0.000050
-29.600000 0.000065
-29.550000 0.000015
-29.500000 0.000026
-29.450000 -0.000026
-29.400000 -0.000014
-29.350000 -0.000064
-29.300000 -0.000047
-29.250000 -0.000090
-29.200000 -0.000066
-29.150000 -0.000099
-29.100000 -0.000065
-29.050000 -0.000088
-29.000000 -0.000045
-28.950000 -0.000060
-28.900000 -0.000011
-28.850000 -0.000021
-28.800000 0.000031
-28.750000 0.000020
-28.700000 0.000069
-28.650000 0.000054
-28.600000 0.000096
-28.550000 0.000073
-28.500000 0.000106
-28.450000 0.000072
-28.400000 0.000095
-28.350000 0.000052
-28.300000 0.000066
-28.250000 0.000016
-28.200000 0.000025
-28.150000 -0.000028
-28.100000 -0.000019
-28.050000 -0.000069
-28.000000 -0.000055
-27.950000 -0.000099
-27.900000 -0.000077
-27.850000 -0.000111
-27.800000 -0.000079
-27.750000 -0.000102
-27.700000 -0.000060
-27.650000 -0.000074
-27.600000 -0.000025
-27.550000 -0.000033
-27.500000 0.000019
-27.450000 0.000013
-27.400000 0.000064
-27.350000 0.000053
-27.300000 0.000098
-27.250000 0.000080
-27.200000 0.000115
-27.150000 0.000087
-27.100000 0.000111
-27.050000 0.000072
-27.000000 0.000086
-26.950000 0.000039
-26.900000 0.000046
-26.850000 -0.000007
-26.800000 -0.000002
-26.750000 -0.000054
-26.700000 -0.000047
-26.650000 -0.000094
-26.600000 -0.000080
-26.550000 -0.000118
-26.500000 -0.000094
-26.450000 -0.000121
-26.400000 -0.000086
-26.350000 -0.000102
-26.300000 -0.000057
-26.250000 -0.000064
-26.200000 -0.000012
-26.150000 -0.000015
-26.100000 0.000038
-26.050000 0.000035
-26.000000 0.000085
-25.950000 0.000076
-25.900000 0.000118
-25.850000 0.000099
-25.800000 0.000130
-25.750000 0.000100
-25.700000 0.000118
-25.650000 0.000077
-25.600000 0.000085
-25.550000 0.000036
-25.500000 0.000037
-25.450000 -0.000016
-25.400000 -0.000016
-25.350000 -0.000068
-25.300000 -0.000064
-25.250000 -0.000110
-25.200000 -0.000097
-25.150000 -0.000133
-25.100000 -0.000110
-25.050000 -0.000133
-25.000000 -0.000099
-24.950000 -0.000111
-24.900000 -0.000065
-24.850000 -0.000068
-24.800000 -0.000016
-24.750000 -0.000014
-24.700000 0.000040
-24.650000 0.000041
-24.600000 0.000092
-24.550000 0.000087
-24.500000 0.000129
-24.450000 0.000115
-24.400000 0.000145
-24.350000 0.000118
-24.300000 0.000135
-24.250000 0.000096
-24.200000 0.000102
-24.150000 0.000054
-24.100000 0.000051
-24.050000 -0.000002
-24.000000 -0.000007
-23.950000 -0.000061
-23.900000 -0.000063
-23.850000 -0.000111
-23.800000 -0.000106
-23.750000 -0.000144
-23.700000 -0.000128
-23.650000 -0.000153
-23.600000 -0.000124
-23.550000 -0.000136
-23.500000 -0.000095
-23.450000 -0.000096
-23.400000 -0.000045
-23.350000 -0.000039
-23.300000 0.000015
-23.250000 0.000023
-23.200000 0.000076
-23.150000 0.000080
-23.100000 0.000126
-23.050000 0.000122
-23.000000 0.000157
-22.950000 0.000140
-22.900000 0.000161
-22.850000 0.000131
-22.800000 0.000139
-22.750000 0.000097
-22.700000 0.000094
-22.650000 0.000043
-22.600000 0.000034
-22.550000 -0.000021
-22.500000 -0.000032
-22.450000 -0.000085
-22.400000 -0.000091
-22.350000 -0.000137
-22.300000 -0.000134
-22.250000 -0.000168
-22.200000 -0.000152
-22.150000 -0.000172
-22.100000 -0.000142
-22.050000 -0.000148
-22.000000 -0.000106
-21.950000 -0.000100
-21.900000 -0.000049
-21.850000 -0.000036
-21.800000 0.000019
-21.750000 0.000033
-21.700000 0.000087
-21.650000 0.000097
-21.600000 0.000143
-21.550000 0.000143
-21.500000 0.000177
-21.450000 0.000164
-21.400000 0.000184
-21.350000 0.000157
-21.300000 0.000162
-21.250000 0.000122
-21.200000 0.000115
-21.150000 0.000064
-21.100000 0.000049
-21.050000 -0.000006
-21.000000 -0.000024
-20.950000 -0.000079
-20.900000 -0.000093
-20.850000 -0.000141
-20.800000 -0.000146
-20.750000 -0.000183
-20.700000 -0.000176
-20.650000 -0.000198
-20.600000 -0.000176
-20.550000 -0.000183
-20.500000 -0.000147
-20.450000 -0.000140
-20.400000 -0.000092
-20.350000 -0.000075
-20.300000 -0.000020
-20.250000 0.000001
-20.200000 0.000058
-20.150000 0.000078
-20.100000 0.000129
-20.050000 0.000141
-20.000000 0.000183
-19.950000 0.000183
-19.900000 0.000210
-19.850000 0.000195
-19.800000 0.000207
-19.750000 0.000177
-19.700000 0.000173
-19.650000 0.000130
-19.600000 0.000114
-19.550000 0.000061
-19.500000 0.000038
-19.450000 -0.000019
-19.400000 -0.000044
-19.350000 -0.000100
-19.300000 -0.000120
-19.250000 -0.000168
-19.200000 -0.000178
-19.150000 -0.000213
-19.100000 -0.000209
-19.050000 -0.000229
-19.000000 -0.000209
-18.950000 -0.000212
-18.900000 -0.000177
-18.850000 -0.000165
-18.800000 -0.000117
-18.750000 -0.000094
-18.700000 -0.000038
-18.650000 -0.000010
-18.600000 0.000048
-18.550000 0.000076
-18.500000 0.000130
-18.450000 0.000152
-18.400000 0.000196
-18.350000 0.000206
-18.300000 0.000237
-18.250000 0.000232
-18.200000 0.000246
-18.150000 0.000224
-18.100000 0.000221
-18.050000 0.000183
-18.000000 0.000165
-17.950000 0.000115
-17.900000 0.000087
-17.850000 0.000030
-17.800000 -0.000004
-17.750000 -0.000062
-17.700000 -0.000094
-17.650000 -0.000148
-17.600000 -0.000172
-17.550000 -0.000215
-17.500000 -0.000228
-17.450000 -0.000256
-17.400000 -0.000253
-17.350000 -0.000265
-17.300000 -0.000244
-17.250000 -0.000239
-17.200000 -0.000203
-17.150000 -0.000182
-17.100000 -0.000132
-17.050000 -0.000100
-17.000000 -0.000042
-16.950000 -0.000004
-16.900000 0.000056
-16.850000 0.000093
-16.800000 0.000149
-16.750000 0.000179
-16.700000 0.000224
-16.650000 0.000242
-16.600000 0.000273
-16.550000 0.000275
-16.500000 0.000288
-16.450000 0.000273
-16.400000 0.000268
-16.350000 0.000236
-16.300000 0.000215
-16.250000 0.000169
-16.200000 0.000136
-16.150000 0.000079
-16.100000 0.000038
-16.050000 -0.000023
-16.000000 -0.000066
-15.950000 -0.000125
-15.900000 -0.000163
-15.850000 -0.000214
-15.800000 -0.000242
-15.750000 -0.000279
-15.700000 -0.000291
-15.650000 -0.000311
-15.600000 -0.000306
-15.550000 -0.000308
-15.500000 -0.000285
-15.450000 -0.000268
-15.400000 -0.000229
-15.350000 -0.000197
-15.300000 -0.000145
-15.250000 -0.000103
-15.200000 -0.000043
-15.150000 0.000005
-15.100000 0.000066
-15.050000 0.000113
-15.000000 0.000170
-14.950000 0.000211
-14.900000 0.000258
-14.850000 0.000286
-14.800000 0.000318
-14.750000 0.000329
-14.700000 0.000343
-14.650000 0.000336
-14.600000 0.000330
-14.550000 0.000305
-14.500000 0.000281
-14.450000 0.000240
-14.400000 0.000201
-14.350000 0.000148
-14.300000 0.000099
-14.250000 0.000038
-14.200000 -0.000016
-14.150000 -0.000078
-14.100000 -0.000130
-14.050000 -0.000188
-14.000000 -0.000233
-13.950000 -0.000280
-13.900000 -0.000313
-13.850000 -0.000345
-13.800000 -0.000362
-13.750000 -0.000375
-13.700000 -0.000373
-13.650000 -0.000366
-13.600000 -0.000345
-13.550000 -0.000320
-13.500000 -0.000281
-13.450000 -0.000240
-13.400000 -0.000188
-13.350000 -0.000136
-13.300000 -0.000075
-13.250000 -0.000016
-13.200000 0.000047
-13.150000 0.000106
-13.100000 0.000167
-13.050000 0.000221
-13.000000 0.000272
-12.950000 0.000316
-12.900000 0.000354
-12.850000 0.000382
-12.800000 0.000402
-12.750000 0.000412
-12.700000 0.000413
-12.650000 0.000403
-12.600000 0.000385
-12.550000 0.000356
-12.500000 0.000319
-12.450000 0.000275
-12.400000 0.000224
-12.350000 0.000167
-12.300000 0.000106
-12.250000 0.000043
-12.200000 -0.000022
-12.150000 -0.000086
-12.100000 -0.000151
-12.050000 -0.000210
-12.000000 -0.000268
-11.950000 -0.000318
-11.900000 -0.000364
-11.850000 -0.000399
-11.800000 -0.000430
-11.750000 -0.000447
-11.700000 -0.000459
-11.650000 -0.000456
-11.600000 -0.000448
-11.550000 -0.000426
-11.500000 -0.000399
-11.450000 -0.000359
-11.400000 -0.000316
-11.350000 -0.000260
-11.300000 -0.000205
-11.250000 -0.000139
-11.200000 -0.000077
-11.150000 -0.000005
-11.100000 0.000060
-11.050000 0.000131
-11.000000 0.000193
-10.950000 0.000260
-10.900000 0.000314
-10.850000 0.000370
-10.800000 0.000411
-10.750000 0.000453
-10.700000 0.000477
-10.650000 0.000501
-10.600000 0.000506
-10.550000 0.000511
-10.500000 0.000497
-10.450000 0.000482
-10.400000 0.000449
-10.350000 0.000417
-10.300000 0.000366
-10.250000 0.000320
-10.200000 0.000256
-10.150000 0.000199
-10.100000 0.000126
-10.050000 0.000062
-10.000000 -0.000016
-9.950000 -0.000081
-9.900000 -0.000159
-9.850000 -0.000221
-9.800000 -0.000293
-9.750000 -0.000347
-9.700000 -0.000408
-9.650000 -0.000450
-9.600000 -0.000497
-9.550000 -0.000522
-9.500000 -0.000553
-9.450000 -0.000560
-9.400000 -0.000572
-9.350000 -0.000560
-9.300000 -0.000553
-9.250000 -0.000523
-9.200000 -0.000499
-9.150000 -0.000451
-9.100000 -0.000412
-9.050000 -0.000350
-9.000000 -0.000299
-8.950000 -0.000225
-8.900000 -0.000165
-8.850000 -0.000084
-8.800000 -0.000019
-8.750000 0.000064
-8.700000 0.000129
-8.650000 0.000211
-8.600000 0.000271
-8.550000 0.000346
-8.500000 0.000397
-8.450000 0.000461
-8.400000 0.000500
-8.350000 0.000551
-8.300000 0.000575
-8.250000 0.000611
-8.200000 0.000618
-8.150000 0.000637
-8.100000 0.000627
-8.050000 0.000629
-8.000000 0.000602
-7.950000 0.000587
-7.900000 0.000543
-7.850000 0.000512
-7.800000 0.000453
-7.750000 0.000410
-7.700000 0.000339
-7.650000 0.000285
-7.600000 0.000206
-7.550000 0.000146
-7.500000 0.000061
-7.450000 -0.000001
-7.400000 -0.000087
-7.350000 -0.000148
-7.300000 -0.000232
-7.250000 -0.000288
-7.200000 -0.000366
-7.150000 -0.000416
-7.100000 -0.000485
-7.050000 -0.000525
-7.000000 -0.000583
-6.950000 -0.000610
-6.900000 -0.000656
-6.850000 -0.000668
-6.800000 -0.000699
-6.750000 -0.000696
-6.700000 -0.000712
-6.650000 -0.000693
-6.600000 -0.000694
-6.550000 -0.000661
-6.500000 -0.000649
-6.450000 -0.000602
-6.400000 -0.000578
-6.350000 -0.000520
-6.300000 -0.000485
-6.250000 -0.000418
-6.200000 -0.000375
-6.150000 -0.000300
-6.100000 -0.000251
-6.050000 -0.000171
-6.000000 -0.000118
-5.950000 -0.000036
-5.900000 0.000017
-5.850000 0.000099
-5.800000 0.000149
-5.750000 0.000228
-5.700000 0.000274
-5.650000 0.000347
-5.600000 0.000386
-5.550000 0.000452
-5.500000 0.000482
-5.450000 0.000539
-5.400000 0.000560
-5.350000 0.000608
-5.300000 0.000619
-5.250000 0.000656
-5.200000 0.000656
-5.150000 0.000682
-5.100000 0.000670
-5.050000 0.000684
-5.000000 0.000660
-4.950000 0.000663
-4.900000 0.000627
-4.850000 0.000620
-4.800000 0.000573
-4.750000 0.000556
-4.700000 0.000500
-4.650000 0.000474
-4.600000 0.000409
-4.550000 0.000374
-4.500000 0.000301
-4.450000 0.000259
-4.400000 0.000178
-4.350000 0.000128
-4.300000 0.000039
-4.250000 -0.000018
-4.200000 -0.000115
-4.150000 -0.000180
-4.100000 -0.000284
-4.050000 -0.000355
-4.000000 -0.000468
-3.950000 -0.000547
-3.900000 -0.000669
-3.850000 -0.000758
-3.800000 -0.000890
-3.750000 -0.000991
-3.700000 -0.001138
-3.650000 -0.001255
-3.600000 -0.001419
-3.550000 -0.001556
-3.500000 -0.001743
-3.450000 -0.001905
-3.400000 -0.002120
-3.350000 -0.002313
-3.300000 -0.002564
-3.250000 -0.002796
-3.200000 -0.003092
-3.150000 -0.003373
-3.100000 -0.003724
-3.050000 -0.004067
-3.000000 -0.004488
-2.950000 -0.004908
-2.900000 -0.005415
-2.850000 -0.005932
-2.800000 -0.006545
-2.750000 -0.007180
-2.700000 -0.007925
-2.650000 -0.008704
-2.600000 -0.009609
-2.550000 -0.010566
-2.500000 -0.011667
-2.450000 -0.012840
-2.400000 -0.014181
-2.350000 -0.015618
-2.300000 -0.017251
-2.250000 -0.019012
-2.200000 -0.021002
-2.150000 -0.023156
-2.100000 -0.025580
-2.050000 -0.028212
-2.000000 -0.031163
-1.950000 -0.034374
-1.900000 -0.037964
-1.850000 -0.041878
-1.800000 -0.046242
-1.750000 -0.051006
-1.700000 -0.056304
-1.650000 -0.062096
-1.600000 -0.068522
-1.550000 -0.075552
-1.500000 -0.083337
-1.450000 -0.091856
-1.400000 -0.101271
-1.350000 -0.111573
-1.300000 -0.122937
-1.250000 -0.135365
-1.200000 -0.149049
-1.150000 -0.164002
-1.100000 -0.180429
-1.050000 -0.198359
-1.000000 -0.218012
-0.950000 -0.239427
-0.900000 -0.262838
-0.850000 -0.288295
-0.800000 -0.316038
-0.750000 -0.346124
-0.700000 -0.378796
-0.650000 -0.414107
-0.600000 -0.452290
-0.550000 -0.493383
-0.500000 -0.537597
-0.450000 -0.584933
-0.400000 -0.635559
-0.350000 -0.689418
-0.300000 -0.746605
-0.250000 -0.806978
-0.200000 -0.870528
-0.150000 -0.936992
-0.100000 -1.006226
-0.050000 -1.077812
0.000000 -1.151441
0.050000 -1.226515
0.100000 -1.302541
0.150000 -1.378733
0.200000 -1.454416
0.250000 -1.528636
0.300000 -1.600568
0.350000 -1.669141
0.400000 -1.733453
0.450000 -1.792405
0.500000 -1.845122
0.550000 -1.890591
0.600000 -1.928090
0.650000 -1.956817
0.700000 -1.976321
0.750000 -1.986122
0.800000 -1.986124
0.850000 -1.976228
0.900000 -1.956731
0.950000 -1.927912
1.000000 -1.890427
1.050000 -1.844874
1.100000 -1.792179
1.150000 -1.733153
1.200000 -1.668873
1.250000 -1.600238
1.300000 -1.528350
1.350000 -1.454079
1.400000 -1.378451
1.450000 -1.302217
1.500000 -1.226256
1.550000 -1.151147
1.600000 -1.077589
1.650000 -1.005974
1.700000 -0.936815
1.750000 -0.870325
1.800000 -0.806851
1.850000 -0.746454
1.900000 -0.689343
1.950000 -0.635460
2.000000 -0.584911
2.050000 -0.537550
2.100000 -0.493412
2.150000 -0.452292
2.200000 -0.414182
2.250000 -0.378843
2.300000 -0.346242
2.350000 -0.316124
2.400000 -0.288449
2.450000 -0.262958
2.500000 -0.239612
2.550000 -0.218159
2.600000 -0.198569
2.650000 -0.180598
2.700000 -0.164230
2.750000 -0.149235
2.800000 -0.135609
2.850000 -0.123136
2.900000 -0.111827
2.950000 -0.101479
3.000000 -0.092118
3.050000 -0.083553
3.100000 -0.075821
3.150000 -0.068744
3.200000 -0.062371
3.250000 -0.056534
3.300000 -0.051291
3.350000 -0.046484
3.400000 -0.042181
3.450000 -0.038231
3.500000 -0.034709
3.550000 -0.031472
3.600000 -0.028604
3.650000 -0.025964
3.700000 -0.023644
3.750000 -0.021510
3.800000 -0.019657
3.850000 -0.017957
3.900000 -0.016511
3.950000 -0.015195
4.000000 -0.014117
4.050000 -0.013159
4.100000 -0.012433
4.150000 -0.011828
4.200000 -0.011466
4.250000 -0.011243
4.300000 -0.011290
4.350000 -0.011516
4.400000 -0.012065
4.450000 -0.012861
4.500000 -0.014067
4.550000 -0.015629
4.600000 -0.017738
4.650000 -0.020372
4.700000 -0.023761
4.750000 -0.027932
4.800000 -0.033172
4.850000 -0.039578
4.900000 -0.047522
4.950000 -0.057204
5.000000 -0.069120
5.050000 -0.083618
5.100000 -0.101376
5.150000 -0.122958
5.200000 -0.149301
5.250000 -0.181278
5.300000 -0.220193
5.350000 -0.267351
5.400000 -0.324564
5.450000 -0.393721
5.500000 -0.477304
5.550000 -0.577956
5.600000 -0.698981
5.650000 -0.843891
5.700000 -1.016868
5.750000 -1.222234
5.800000 -1.464802
5.850000 -1.749192
5.900000 -2.079965
5.950000 -2.460654
6.000000 -2.893567
6.050000 -3.378451
6.100000 -3.911958
6.150000 -4.486096
6.200000 -5.087763
6.250000 -5.697689
6.300000 -6.291039
6.350000 -6.838062
6.400000 -7.306866
6.450000 -7.666315
6.500000 -7.890500
6.550000 -7.962083
6.600000 -7.875523
6.650000 -7.637534
6.700000 -7.266434
6.750000 -6.788781
6.800000 -6.235973
6.850000 -5.639805
6.900000 -5.029664
6.950000 -4.429862
7.000000 -3.859095
7.050000 -3.329925
7.100000 -2.849878
7.150000 -2.421939
7.200000 -2.046099
7.250000 -1.719876
7.300000 -1.439636
7.350000 -1.200769
7.400000 -0.998649
7.450000 -0.828477
7.500000 -0.685964
7.550000 -0.566966
7.600000 -0.468015
7.650000 -0.385843
7.700000 -0.317849
7.750000 -0.261586
7.800000 -0.215194
7.850000 -0.176888
7.900000 -0.145387
7.950000 -0.119404
8.000000 -0.098086
8.050000 -0.080505
8.100000 -0.066112
8.150000 -0.054235
8.200000 -0.044535
8.250000 -0.036518
8.300000 -0.029990
8.350000 -0.024579
8.400000 -0.020193
8.450000 -0.016539
8.500000 -0.013595
8.550000 -0.011125
8.600000 -0.009153
8.650000 -0.007480
8.700000 -0.006162
8.750000 -0.005026
8.800000 -0.004149
8.850000 -0.003375
8.900000 -0.002795
8.950000 -0.002265
9.000000 -0.001885
9.050000 -0.001520
9.100000 -0.001274
9.150000 -0.001020
9.200000 -0.000864
9.250000 -0.000683
9.300000 -0.000588
9.350000 -0.000456
9.400000 -0.000401
9.450000 -0.000302
9.500000 -0.000273
9.550000 -0.000197
9.600000 -0.000187
9.650000 -0.000126
9.700000 -0.000130
9.750000 -0.000080
9.800000 -0.000092
9.850000 -0.000050
9.900000 -0.000069
9.950000 -0.000031
10.000000 -0.000053
10.050000 -0.000018
10.100000 -0.000042
10.150000 -0.000009
10.200000 -0.000034
10.250000 -0.000001
10.300000 -0.000026
10.350000 0.000006
10.400000 -0.000020
10.450000 0.000010
10.500000 -0.000017
10.550000 0.000012
10.600000 -0.000016
10.650000 0.000012
10.700000 -0.000017
10.750000 0.000011
10.800000 -0.000018
10.850000 0.000010
10.900000 -0.000018
10.950000 0.000011
11.000000 -0.000017
11.050000 0.000012
11.100000 -0.000015
11.150000 0.000015
11.200000 -0.000013
11.250000 0.000016
11.300000 -0.000012
11.350000 0.000016
11.400000 -0.000012
11.450000 0.000015
11.500000 -0.000014
11.550000 0.000013
11.600000 -0.000016
11.650000 0.000011
11.700000 -0.000017
11.750000 0.000011
11.800000 -0.000016
11.850000 0.000013
11.900000 -0.000014
11.950000 0.000015
12.000000 -0.000011
12.050000 0.000017
12.100000 -0.000010
12.150000 0.000017
12.200000 -0.000011
12.250000 0.000015
12.300000 -0.000014
12.350000 0.000012
12.400000 -0.000017
12.450000 0.000009
12.500000 -0.000019
12.550000 0.000007
12.600000 -0.000020
12.650000 0.000007
12.700000 -0.000020
12.750000 0.000006
12.800000 -0.000022
12.850000 0.000003
12.900000 -0.000027
12.950000 -0.000006
13.000000 -0.000041
13.050000 -0.000026
13.100000 -0.000069
13.150000 -0.000063
13.200000 -0.000117
13.250000 -0.000127
13.300000 -0.000203
13.350000 -0.000241
13.400000 -0.000354
13.450000 -0.000444
13.500000 -0.000626
13.550000 -0.000811
13.600000 -0.001120
13.650000 -0.001476
13.700000 -0.002016
13.750000 -0.002682
13.800000 -0.003639
13.850000 -0.004866
13.900000 -0.006576
13.950000 -0.008816
14.000000 -0.011887
14.050000 -0.015955
14.100000 -0.021485
14.150000 -0.028858
14.200000 -0.038828
14.250000 -0.052168
14.300000 -0.070153
14.350000 -0.094254
14.400000 -0.126679
14.450000 -0.170139
14.500000 -0.228489
14.550000 -0.306617
14.600000 -0.411231
14.650000 -0.550937
14.700000 -0.737210
14.750000 -0.984676
14.800000 -1.312215
14.850000 -1.743201
14.900000 -2.306240
14.950000 -3.034370
15.000000 -3.963655
15.050000 -5.128594
15.100000 -6.554715
15.150000 -8.245807
15.200000 -10.167587
15.250000 -12.229336
15.300000 -14.272663
15.350000 -16.077511
15.400000 -17.397325
15.450000 -18.020402
15.500000 -17.837730
15.550000 -16.881815
15.600000 -15.315057
15.650000 -13.373376
15.700000 -11.297852
15.750000 -9.283287
15.800000 -7.457314
15.850000 -5.883238
15.900000 -4.576141
15.950000 -3.520564
16.000000 -2.685825
16.050000 -2.035900
16.100000 -1.535831
16.150000 -1.154341
16.200000 -0.865276
16.250000 -0.647235
16.300000 -0.483432
16.350000 -0.360637
16.400000 -0.268837
16.450000 -0.200242
16.500000 -0.149113
16.550000 -0.110964
16.600000 -0.082586
16.650000 -0.061419
16.700000 -0.045704
16.750000 -0.033972
16.800000 -0.025283
16.850000 -0.018782
16.900000 -0.013986
16.950000 -0.010381
17.000000 -0.007739
17.050000 -0.005737
17.100000 -0.004286
17.150000 -0.003169
17.200000 -0.002375
17.250000 -0.001748
17.300000 -0.001317
17.350000 -0.000960
17.400000 -0.000731
17.450000 -0.000523
17.500000 -0.000406
17.550000 -0.000282
17.600000 -0.000227
17.650000 -0.000150
17.700000 -0.000130
17.750000 -0.000080
17.800000 -0.000079
17.850000 -0.000043
17.900000 -0.000052
17.950000 -0.000024
18.000000 -0.000037
18.050000 -0.000011
18.100000 -0.000026
18.150000 -0.000002
18.200000 -0.000017
18.250000 0.000006
18.300000 -0.000010
18.350000 0.000011
18.400000 -0.000006
18.450000 0.000014
18.500000 -0.000005
18.550000 0.000013
18.600000 -0.000008
18.650000 0.000009
18.700000 -0.000011
18.750000 0.000006
18.800000 -0.000014
18.850000 0.000004
18.900000 -0.000014
18.950000 0.000005
19.000000 -0.000012
19.050000 0.000008
19.100000 -0.000008
19.150000 0.000012
19.200000 -0.000005
19.250000 0.000014
19.300000 -0.000003
19.350000 0.000014
19.400000 -0.000005
19.450000 0.000011
19.500000 -0.000008
19.550000 0.000007
19.600000 -0.000012
19.650000 0.000004
19.700000 -0.000014
19.750000 0.000003
19.800000 -0.000013
19.850000 0.000005
19.900000 -0.000010
19.950000 0.000008
20.000000 -0.000006
20.050000 0.000011
20.100000 -0.000003
20.150000 0.000013
20.200000 -0.000003
20.250000 0.000012
20.300000 -0.000004
20.350000 0.000009
20.400000 -0.000008
20.450000 0.000005
20.500000 -0.000012
20.550000 0.000002
20.600000 -0.000013
20.650000 0.000002
20.700000 -0.000012
20.750000 0.000004
20.800000 -0.000008
20.850000 0.000008
20.900000 -0.000004
20.950000 0.000012
21.000000 -0.000001
21.050000 0.000014
21.100000 -0.000001
21.150000 0.000012
21.200000 -0.000003
21.250000 0.000008
21.300000 -0.000008
21.350000 0.000003
21.400000 -0.000012
21.450000 0.000000
21.500000 -0.000013
21.550000 0.000000
21.600000 -0.000012
21.650000 0.000003
21.700000 -0.000007
21.750000 0.000008
21.800000 -0.000002
21.850000 0.000012
21.900000 0.000001
21.950000 0.000013
22.000000 0.000000
22.050000 0.000011
22.100000 -0.000003
22.150000 0.000006
22.200000 -0.000008
22.250000 0.000001
22.300000 -0.000012
22.350000 -0.000001
22.400000 -0.000012
22.450000 -0.000001
22.500000 -0.000010
22.550000 0.000003
22.600000 -0.000005
22.650000 0.000008
22.700000 -0.000000
22.750000 0.000011
22.800000 0.000002
22.850000 0.000012
22.900000 0.000002
22.950000 0.000010
23.000000 -0.000002
23.050000 0.000005
23.100000 -0.000007
23.150000 -0.000000
23.200000 -0.000011
23.250000 -0.000003
23.300000 -0.000012
23.350000 -0.000003
23.400000 -0.000010
23.450000 0.000001
23.500000 -0.000005
23.550000 0.000006
23.600000 0.000000
23.650000 0.000011
23.700000 0.000004
23.750000 0.000012
23.800000 0.000004
23.850000 0.000010
23.900000 0.000001
23.950000 0.000005
24.000000 -0.000005
24.050000 -0.000000
24.100000 -0.000010
24.150000 -0.000005
24.200000 -0.000012
24.250000 -0.000005
24.300000 -0.000010
24.350000 -0.000002
24.400000 -0.000005
24.450000 0.000004
24.500000 0.000001
24.550000 0.000009
24.600000 0.000005
24.650000 0.000012
24.700000 0.000006
24.750000 0.000010
24.800000 0.000002
24.850000 0.000005
24.900000 -0.000003
24.950000 -0.000001
25.000000 -0.000009
25.050000 -0.000006
25.100000 -0.000011
25.150000 -0.000007
25.200000 -0.000010
25.250000 -0.000003
25.300000 -0.000005
25.350000 0.000002
25.400000 0.000001
25.450000 0.000008
25.500000 0.000006
25.550000 0.000011
25.600000 0.000007
25.650000 0.000010
25.700000 0.000005
25.750000 0.000005
25.800000 -0.000001
25.850000 -0.000001
25.900000 -0.000007
25.950000 -0.000007
26.000000 -0.000010
26.050000 -0.000009
26.100000 -0.000010
26.150000 -0.000006
26.200000 -0.000006
26.250000 -0.000001
26.300000 0.000001
26.350000 0.000005
26.400000 0.000007
26.450000 0.000010
26.500000 0.000010
26.550000 0.000011
26.600000 0.000008
26.650000 0.000007
26.700000 0.000003
26.750000 0.000000
26.800000 -0.000004
26.850000 -0.000007
26.900000 -0.000009
26.950000 -0.000011
27.000000 -0.000011
27.050000 -0.000010
27.100000 -0.000008
27.150000 -0.000005
27.200000 -0.000001
27.250000 0.000002
27.300000 0.000007
27.350000 0.000009
27.400000 0.000011
27.450000 0.000011
27.500000 0.000012
27.550000 0.000008
27.600000 0.000007
27.650000 0.000002
27.700000 -0.000001
27.750000 -0.000006
27.800000 -0.000007
27.850000 -0.000012
27.900000 -0.000011
27.950000 -0.000013
28.000000 -0.000009
28.050000 -0.000009
28.100000 -0.000003
28.150000 -0.000002
28.200000 0.000005
28.250000 0.000006
28.300000 0.000012
28.350000 0.000010
28.400000 0.000014
28.450000 0.000010
28.500000 0.000011
28.550000 0.000005
28.600000 0.000004
28.650000 -0.000004
28.700000 -0.000004
28.750000 -0.000011
28.800000 -0.000010
28.850000 -0.000015
28.900000 -0.000011
28.950000 -0.000014
29.000000 -0.000007
29.050000 -0.000008
29.100000 0.000001
29.150000 0.000001
29.200000 0.000010
29.250000 0.000008
29.300000 0.000016
29.350000 0.000011
29.400000 0.000016
29.450000 0.000009
29.500000 0.000011
29.550000 0.000001
29.600000 0.000002
29.650000 -0.000008
29.700000 -0.000006
29.750000 -0.000016
29.800000 -0.000011
29.850000 -0.000018
29.900000 -0.000010
29.950000 -0.000014
30.000000 -0.000004
30.050000 -0.000006
30.100000 0.000006
30.150000 0.000004
30.200000 0.000015
30.250000 0.000010
30.300000 0.000019
30.350000 0.000011
30.400000 0.000017
30.450000 0.000006
30.500000 0.000010
30.550000 -0.000003
30.600000 0.000000
30.650000 -0.000013
30.700000 -0.000008
30.750000 -0.000019
30.800000 -0.000011
30.850000 -0.000020
30.900000 -0.000009
30.950000 -0.000014
31.000000 -0.000001
31.050000 -0.000005
31.100000 0.000009
31.150000 0.000005
31.200000 0.000018
31.250000 0.000011
31.300000 0.000021
31.350000 0.000011
31.400000 0.000018
31.450000 0.000005
31.500000 0.000010
31.550000 -0.000005
31.600000 -0.000000
31.650000 -0.000015
31.700000 -0.000009
31.750000 -0.000022
31.800000 -0.000012
31.850000 -0.000022
31.900000 -0.000008
31.950000 -0.000015
32.000000 0.000000
32.050000 -0.000005
32.100000 0.000011
32.150000 0.000005
32.200000 0.000020
32.250000 0.000011
32.300000 0.000024
32.350000 0.000011
32.400000 0.000020
32.450000 0.000004
32.500000 0.000011
32.550000 -0.000007
32.600000 0.000000
32.650000 -0.000017
32.700000 -0.000009
32.750000 -0.000024
32.800000 -0.000012
32.850000 -0.000024
32.900000 -0.000008
32.950000 -0.000017
33.000000 0.000001
33.050000 -0.000007
33.100000 0.000012
33.150000 0.000004
33.200000 0.000022
33.250000 0.000011
33.300000 0.000026
33.350000 0.000012
33.400000 0.000023
33.450000 0.000005
33.500000 0.000014
33.550000 -0.000006
33.600000 0.000002
33.650000 -0.000018
33.700000 -0.000008
33.750000 -0.000026
33.800000 -0.000013
33.850000 -0.000027
33.900000 -0.000011
33.950000 -0.000022
34.000000 -0.000001
34.050000 -0.000010
34.100000 0.000011
34.150000 0.000002
34.200000 0.000023
34.250000 0.000012
34.300000 0.000029
34.350000 0.000014
34.400000 0.000028
34.450000 0.000008
34.500000 0.000019
34.550000 -0.000004
34.600000 0.000006
34.650000 -0.000017
34.700000 -0.000007
34.750000 -0.000028
34.800000 -0.000014
34.850000 -0.000031
34.900000 -0.000013
34.950000 -0.000026
35.000000 -0.000005
35.050000 -0.000015
35.100000 0.000009
35.150000 -0.000001
35.200000 0.000022
35.250000 0.000010
35.300000 0.000031
35.350000 0.000015
35.400000 0.000032
35.450000 0.000012
35.500000 0.000025
35.550000 0.000001
35.600000 0.000011
35.650000 -0.000014
35.700000 -0.000003
35.750000 -0.000027
35.800000 -0.000013
35.850000 -0.000034
35.900000 -0.000016
35.950000 -0.000032
36.000000 -0.000010
36.050000 -0.000023
36.100000 0.000003
36.150000 -0.000008
36.200000 0.000019
36.250000 0.000007
36.300000 0.000031
36.350000 0.000016
36.400000 0.000036
36.450000 0.000016
36.500000 0.000032
36.550000 0.000007
36.600000 0.000020
36.650000 -0.000007
36.700000 0.000004
36.750000 -0.000023
36.800000 -0.000010
36.850000 -0.000034
36.900000 -0.000017
36.950000 -0.000037
37.000000 -0.000015
37.050000 -0.000031
37.100000 -0.000005
37.150000 -0.000017
37.200000 0.000011
37.250000 -0.000001
37.300000 0.000026
37.350000 0.000012
37.400000 0.000037
37.450000 0.000018
37.500000 0.000038
37.550000 0.000015
37.600000 0.000031
37.650000 0.000003
37.700000 0.000016
37.750000 -0.000013
37.800000 -0.000000
37.850000 -0.000029
37.900000 -0.000014
37.950000 -0.000039
38.000000 -0.000019
38.050000 -0.000040
38.100000 -0.000015
38.150000 -0.000031
38.200000 -0.000002
38.250000 -0.000015
38.300000 0.000016
38.350000 0.000002
38.400000 0.000032
38.450000 0.000016
38.500000 0.000042
38.550000 0.000021
38.600000 0.000042
38.650000 0.000015
38.700000 0.000031
38.750000 0.000001
38.800000 0.000014
38.850000 -0.000018
38.900000 -0.000004
38.950000 -0.000034
39.000000 -0.000017
39.050000 -0.000044
39.100000 -0.000022
39.150000 -0.000043
39.200000 -0.000016
39.250000 -0.000032
39.300000 -0.000001
39.350000 -0.000015
39.400000 0.000018
39.450000 0.000005
39.500000 0.000036
39.550000 0.000019
39.600000 0.000046
39.650000 0.000024
39.700000 0.000046
39.750000 0.000017
39.800000 0.000034
39.850000 0.000002
39.900000 0.000015
39.950000 -0.000019
40.000000 -0.000005
40.050000 -0.000038
40.100000 -0.000020
40.150000 -0.000049
40.200000 -0.000026
40.250000 -0.000048
40.300000 -0.000019
40.350000 -0.000036
40.400000 -0.000003
40.450000 -0.000017
40.500000 0.000019
40.550000 0.000005
40.600000 0.000038
40.650000 0.000021
40.700000 0.000050
40.750000 0.000027
40.800000 0.000050
40.850000 0.000021
40.900000 0.000039
40.950000 0.000005
41.000000 0.000019
41.050000 -0.000017
41.100000 -0.000003
41.150000 -0.000037
41.200000 -0.000020
41.250000 -0.000051
41.300000 -0.000028
41.350000 -0.000053
41.400000 -0.000024
41.450000 -0.000043
41.500000 -0.000009
41.550000 -0.000024
41.600000 0.000013
41.650000 -0.000001
41.700000 0.000035
41.750000 0.000019
41.800000 0.000051
41.850000 0.000030
41.900000 0.000056
41.950000 0.000028
42.000000 0.000048
42.050000 0.000015
42.100000 0.000030
42.150000 -0.000007
42.200000 0.000006
42.250000 -0.000032
42.300000 -0.000016
42.350000 -0.000051
42.400000 -0.000031
42.450000 -0.000059
42.500000 -0.000032
42.550000 -0.000054
42.600000 -0.000021
42.650000 -0.000037
42.700000 0.000000
42.750000 -0.000013
42.800000 0.000026
42.850000 0.000012
42.900000 0.000048
42.950000 0.000030
43.000000 0.000061
43.050000 0.000036
43.100000 0.000060
43.150000 0.000028
43.200000 0.000046
43.250000 0.000008
43.300000 0.000022
43.350000 -0.000018
43.400000 -0.000005
43.450000 -0.000043
43.500000 -0.000027
43.550000 -0.000061
43.600000 -0.000039
43.650000 -0.000065
43.700000 -0.000036
43.750000 -0.000055
43.800000 -0.000018
43.850000 -0.000032
43.900000 0.000008
43.950000 -0.000004
44.000000 0.000036
44.050000 0.000022
44.100000 0.000057
44.150000 0.000038
44.200000 0.000067
44.250000 0.000039
44.300000 0.000060
44.350000 0.000026
44.400000 0.000040
44.450000 0.000000
44.500000 0.000012
44.550000 -0.000030
44.600000 -0.000018
44.650000 -0.000057
44.700000 -0.000040
44.750000 -0.000073
44.800000 -0.000048
44.850000 -0.000070
44.900000 -0.000035
44.950000 -0.000047
