-30.000000 -0.000102
-29.950000 -0.000089
-29.900000 -0.000178
-29.850000 -0.000151
-29.800000 -0.000225
-29.750000 -0.000183
-29.700000 -0.000243
-29.650000 -0.000187
-29.600000 -0.000232
-29.550000 -0.000164
-29.500000 -0.000198
-29.450000 -0.000119
-29.400000 -0.000144
-29.350000 -0.000058
-29.300000 -0.000078
-29.250000 0.000012
-29.200000 -0.000006
-29.150000 0.000083
-29.100000 0.000063
-29.050000 0.000147
-29.000000 0.000121
-28.950000 0.000196
-28.900000 0.000159
-28.850000 0.000221
-28.800000 0.000170
-28.750000 0.000219
-28.700000 0.000154
-28.650000 0.000188
-28.600000 0.000111
-28.550000 0.000134
-28.500000 0.000048
-28.450000 0.000065
-28.400000 -0.000026
-28.350000 -0.000011
-28.300000 -0.000099
-28.250000 -0.000080
-28.200000 -0.000163
-28.150000 -0.000136
-28.100000 -0.000208
-28.050000 -0.000169
-28.000000 -0.000229
-27.950000 -0.000178
-27.900000 -0.000225
-27.850000 -0.000161
-27.800000 -0.000195
-27.750000 -0.000121
-27.700000 -0.000145
-27.650000 -0.000062
-27.600000 -0.000080
-27.550000 0.000008
-27.500000 -0.000006
-27.450000 0.000082
-27.400000 0.000066
-27.350000 0.000151
-27.300000 0.000129
-27.250000 0.000206
-27.200000 0.000174
-27.150000 0.000239
-27.100000 0.000194
-27.050000 0.000244
-27.000000 0.000186
-26.950000 0.000221
-26.900000 0.000149
-26.850000 0.000172
-26.800000 0.000089
-26.750000 0.000103
-26.700000 0.000014
-26.650000 0.000024
-26.600000 -0.000066
-26.550000 -0.000054
-26.500000 -0.000140
-26.450000 -0.000122
-26.400000 -0.000200
-26.350000 -0.000172
-26.300000 -0.000237
-26.250000 -0.000197
-26.200000 -0.000250
-26.150000 -0.000197
-26.100000 -0.000237
-26.050000 -0.000172
-26.000000 -0.000200
-25.950000 -0.000124
-25.900000 -0.000142
-25.850000 -0.000058
-25.800000 -0.000068
-25.750000 0.000020
-25.700000 0.000012
-25.650000 0.000101
-25.600000 0.000091
-25.550000 0.000175
-25.500000 0.000158
-25.450000 0.000232
-25.400000 0.000204
-25.350000 0.000265
-25.300000 0.000222
-25.250000 0.000268
-25.200000 0.000210
-25.150000 0.000240
-25.100000 0.000168
-25.050000 0.000186
-25.000000 0.000104
-24.950000 0.000113
-24.900000 0.000025
-24.850000 0.000031
-24.800000 -0.000058
-24.750000 -0.000051
-24.700000 -0.000137
-24.650000 -0.000125
-24.600000 -0.000202
-24.550000 -0.000182
-24.500000 -0.000249
-24.450000 -0.000218
-24.400000 -0.000273
-24.350000 -0.000228
-24.300000 -0.000269
-24.250000 -0.000211
-24.200000 -0.000239
-24.150000 -0.000169
-24.100000 -0.000184
-24.050000 -0.000103
-24.000000 -0.000110
-23.950000 -0.000022
-23.900000 -0.000023
-23.850000 0.000067
-23.800000 0.000066
-23.750000 0.000153
-23.700000 0.000146
-23.650000 0.000225
-23.600000 0.000208
-23.550000 0.000274
-23.500000 0.000243
-23.450000 0.000294
-23.400000 0.000248
-23.350000 0.000284
-23.300000 0.000224
-23.250000 0.000245
-23.200000 0.000173
-23.150000 0.000183
-23.100000 0.000102
-23.050000 0.000105
-23.000000 0.000019
-22.950000 0.000019
-22.900000 -0.000068
-22.850000 -0.000067
-22.800000 -0.000151
-22.750000 -0.000145
-22.700000 -0.000222
-22.650000 -0.000208
-22.600000 -0.000275
-22.550000 -0.000250
-22.500000 -0.000304
-22.450000 -0.000265
-22.400000 -0.000304
-22.350000 -0.000250
-22.300000 -0.000273
-22.250000 -0.000205
-22.200000 -0.000215
-22.150000 -0.000134
-22.100000 -0.000134
-22.050000 -0.000046
-22.000000 -0.000040
-21.950000 0.000050
-21.900000 0.000055
-21.850000 0.000143
-21.800000 0.000143
-21.750000 0.000222
-21.700000 0.000212
-21.650000 0.000280
-21.600000 0.000258
-21.550000 0.000312
-21.500000 0.000277
-21.450000 0.000317
-21.400000 0.000268
-21.350000 0.000295
-21.300000 0.000233
-21.250000 0.000247
-21.200000 0.000174
-21.150000 0.000177
-21.100000 0.000095
-21.050000 0.000092
-21.000000 0.000004
-20.950000 -0.000004
-20.900000 -0.000092
-20.850000 -0.000099
-20.800000 -0.000184
-20.750000 -0.000186
-20.700000 -0.000262
-20.650000 -0.000254
-20.600000 -0.000318
-20.550000 -0.000295
-20.500000 -0.000343
-20.450000 -0.000305
-20.400000 -0.000337
-20.350000 -0.000283
-20.300000 -0.000300
-20.250000 -0.000232
-20.200000 -0.000236
-20.150000 -0.000157
-20.100000 -0.000153
-20.050000 -0.000068
-20.000000 -0.000058
-19.950000 0.000029
-19.900000 0.000038
-19.850000 0.000124
-19.800000 0.000130
-19.750000 0.000210
-19.700000 0.000210
-19.650000 0.000281
-19.600000 0.000271
-19.550000 0.000331
-19.500000 0.000309
-19.450000 0.000356
-19.400000 0.000320
-19.350000 0.000352
-19.300000 0.000301
-19.250000 0.000318
-19.200000 0.000252
-19.150000 0.000255
-19.100000 0.000177
-19.050000 0.000168
-19.000000 0.000081
-18.950000 0.000066
-18.900000 -0.000024
-18.850000 -0.000040
-18.800000 -0.000129
-18.750000 -0.000141
-18.700000 -0.000222
-18.650000 -0.000226
-18.600000 -0.000297
-18.550000 -0.000289
-18.500000 -0.000348
-18.450000 -0.000327
-18.400000 -0.000372
-18.350000 -0.000338
-18.300000 -0.000369
-18.250000 -0.000321
-18.200000 -0.000338
-18.150000 -0.000278
-18.100000 -0.000283
-18.050000 -0.000211
-18.000000 -0.000205
-17.950000 -0.000124
-17.900000 -0.000110
-17.850000 -0.000023
-17.800000 -0.000005
-17.750000 0.000084
-17.700000 0.000102
-17.650000 0.000188
-17.600000 0.000201
-17.550000 0.000280
-17.500000 0.000283
-17.450000 0.000350
-17.400000 0.000341
-17.350000 0.000393
-17.300000 0.000368
-17.250000 0.000404
-17.200000 0.000364
-17.150000 0.000384
-17.100000 0.000330
-17.050000 0.000337
-17.000000 0.000270
-16.950000 0.000266
-16.900000 0.000190
-16.850000 0.000177
-16.800000 0.000095
-16.750000 0.000078
-16.700000 -0.000007
-16.650000 -0.000026
-16.600000 -0.000112
-16.550000 -0.000130
-16.500000 -0.000212
-16.450000 -0.000226
-16.400000 -0.000301
-16.350000 -0.000306
-16.300000 -0.000372
-16.250000 -0.000365
-16.200000 -0.000417
-16.150000 -0.000395
-16.100000 -0.000431
-16.050000 -0.000394
-16.000000 -0.000414
-15.950000 -0.000361
-15.900000 -0.000365
-15.850000 -0.000299
-15.800000 -0.000291
-15.750000 -0.000214
-15.700000 -0.000197
-15.650000 -0.000113
-15.600000 -0.000092
-15.550000 -0.000006
-15.500000 0.000017
-15.450000 0.000102
-15.400000 0.000123
-15.350000 0.000204
-15.300000 0.000219
-15.250000 0.000294
-15.200000 0.000302
-15.150000 0.000368
-15.100000 0.000366
-15.050000 0.000421
-15.000000 0.000407
-14.950000 0.000449
-14.900000 0.000422
-14.850000 0.000448
-14.800000 0.000406
-14.750000 0.000418
-14.700000 0.000361
-14.650000 0.000358
-14.600000 0.000289
-14.550000 0.000274
-14.500000 0.000194
-14.450000 0.000171
-14.400000 0.000086
-14.350000 0.000058
-14.300000 -0.000029
-14.250000 -0.000056
-14.200000 -0.000141
-14.150000 -0.000164
-14.100000 -0.000244
-14.050000 -0.000260
-14.000000 -0.000331
-13.950000 -0.000339
-13.900000 -0.000400
-13.850000 -0.000397
-13.800000 -0.000447
-13.750000 -0.000433
-13.700000 -0.000471
-13.650000 -0.000445
-13.600000 -0.000469
-13.550000 -0.000430
-13.500000 -0.000442
-13.450000 -0.000389
-13.400000 -0.000388
-13.350000 -0.000323
-13.300000 -0.000309
-13.250000 -0.000233
-13.200000 -0.000210
-13.150000 -0.000126
-13.100000 -0.000097
-13.050000 -0.000010
-13.000000 0.000021
-12.950000 0.000107
-12.900000 0.000136
-12.850000 0.000218
-12.800000 0.000240
-12.750000 0.000314
-12.700000 0.000328
-12.650000 0.000392
-12.600000 0.000397
-12.550000 0.000450
-12.500000 0.000444
-12.450000 0.000486
-12.400000 0.000469
-12.350000 0.000499
-12.300000 0.000471
-12.250000 0.000489
-12.200000 0.000448
-12.150000 0.000455
-12.100000 0.000402
-12.050000 0.000396
-12.000000 0.000332
-11.950000 0.000316
-11.900000 0.000242
-11.850000 0.000217
-11.800000 0.000136
-11.750000 0.000106
-11.700000 0.000021
-11.650000 -0.000012
-11.600000 -0.000096
-11.550000 -0.000127
-11.500000 -0.000208
-11.450000 -0.000234
-11.400000 -0.000308
-11.350000 -0.000326
-11.300000 -0.000391
-11.250000 -0.000400
-11.200000 -0.000455
-11.150000 -0.000454
-11.100000 -0.000499
-11.050000 -0.000487
-11.000000 -0.000522
-10.950000 -0.000500
-10.900000 -0.000524
-10.850000 -0.000492
-10.800000 -0.000505
-10.750000 -0.000463
-10.700000 -0.000464
-10.650000 -0.000411
-10.600000 -0.000402
-10.550000 -0.000338
-10.500000 -0.000319
-10.450000 -0.000246
-10.400000 -0.000219
-10.350000 -0.000140
-10.300000 -0.000108
-10.250000 -0.000027
-10.200000 0.000006
-10.150000 0.000086
-10.100000 0.000117
-10.050000 0.000194
-10.000000 0.000220
-9.950000 0.000290
-9.900000 0.000310
-9.850000 0.000374
-9.800000 0.000386
-9.750000 0.000442
-9.700000 0.000447
-9.650000 0.000494
-9.600000 0.000491
-9.550000 0.000531
-9.500000 0.000519
-9.450000 0.000549
-9.400000 0.000528
-9.350000 0.000548
-9.300000 0.000518
-9.250000 0.000527
-9.200000 0.000486
-9.150000 0.000484
-9.100000 0.000432
-9.050000 0.000421
-9.000000 0.000360
-8.950000 0.000340
-8.900000 0.000272
-8.850000 0.000246
-8.800000 0.000174
-8.750000 0.000145
-8.700000 0.000071
-8.650000 0.000042
-8.600000 -0.000030
-8.550000 -0.000057
-8.500000 -0.000126
-8.450000 -0.000150
-8.400000 -0.000216
-8.350000 -0.000237
-8.300000 -0.000299
-8.250000 -0.000317
-8.200000 -0.000375
-8.150000 -0.000388
-8.100000 -0.000442
-8.050000 -0.000450
-8.000000 -0.000497
-7.950000 -0.000499
-7.900000 -0.000539
-7.850000 -0.000532
-7.800000 -0.000562
-7.750000 -0.000546
-7.700000 -0.000565
-7.650000 -0.000539
-7.600000 -0.000549
-7.550000 -0.000513
-7.500000 -0.000514
-7.450000 -0.000471
-7.400000 -0.000465
-7.350000 -0.000416
-7.300000 -0.000405
-7.250000 -0.000353
-7.200000 -0.000339
-7.150000 -0.000285
-7.100000 -0.000269
-7.050000 -0.000214
-7.000000 -0.000196
-6.950000 -0.000139
-6.900000 -0.000120
-6.850000 -0.000061
-6.800000 -0.000039
-6.750000 0.000021
-6.700000 0.000044
-6.650000 0.000104
-6.600000 0.000127
-6.550000 0.000187
-6.500000 0.000207
-6.450000 0.000263
-6.400000 0.000280
-6.350000 0.000331
-6.300000 0.000341
-6.250000 0.000385
-6.200000 0.000389
-6.150000 0.000426
-6.100000 0.000424
-6.050000 0.000455
-6.000000 0.000447
-5.950000 0.000472
-5.900000 0.000461
-5.850000 0.000483
-5.800000 0.000468
-5.750000 0.000487
-5.700000 0.000470
-5.650000 0.000486
-5.600000 0.000466
-5.550000 0.000478
-5.500000 0.000454
-5.450000 0.000462
-5.400000 0.000434
-5.350000 0.000437
-5.300000 0.000404
-5.250000 0.000401
-5.200000 0.000364
-5.150000 0.000357
-5.100000 0.000317
-5.050000 0.000308
-5.000000 0.000267
-4.950000 0.000258
-4.900000 0.000218
-4.850000 0.000211
-4.800000 0.000174
-4.750000 0.000168
-4.700000 0.000134
-4.650000 0.000130
-4.600000 0.000097
-4.550000 0.000095
-4.500000 0.000063
-4.450000 0.000060
-4.400000 0.000027
-4.350000 0.000024
-4.300000 -0.000009
-4.250000 -0.000013
-4.200000 -0.000046
-4.150000 -0.000050
-4.100000 -0.000082
-4.050000 -0.000085
-4.000000 -0.000115
-3.950000 -0.000116
-3.900000 -0.000142
-3.850000 -0.000141
-3.800000 -0.000164
-3.750000 -0.000160
-3.700000 -0.000181
-3.650000 -0.000176
-3.600000 -0.000196
-3.550000 -0.000192
-3.500000 -0.000214
-3.450000 -0.000212
-3.400000 -0.000238
-3.350000 -0.000241
-3.300000 -0.000271
-3.250000 -0.000280
-3.200000 -0.000316
-3.150000 -0.000331
-3.100000 -0.000373
-3.050000 -0.000395
-3.000000 -0.000444
-2.950000 -0.000472
-2.900000 -0.000528
-2.850000 -0.000565
-2.800000 -0.000629
-2.750000 -0.000677
-2.700000 -0.000754
-2.650000 -0.000817
-2.600000 -0.000912
-2.550000 -0.000996
-2.500000 -0.001113
-2.450000 -0.001224
-2.400000 -0.001370
-2.350000 -0.001513
-2.300000 -0.001695
-2.250000 -0.001877
-2.200000 -0.002100
-2.150000 -0.002327
-2.100000 -0.002599
-2.050000 -0.002881
-2.000000 -0.003212
-1.950000 -0.003558
-1.900000 -0.003959
-1.850000 -0.004383
-1.800000 -0.004871
-1.750000 -0.005391
-1.700000 -0.005984
-1.650000 -0.006623
-1.600000 -0.007346
-1.550000 -0.008130
-1.500000 -0.009014
-1.450000 -0.009975
-1.400000 -0.011055
-1.350000 -0.012233
-1.300000 -0.013551
-1.250000 -0.014991
-1.200000 -0.016598
-1.150000 -0.018356
-1.100000 -0.020311
-1.050000 -0.022454
-1.000000 -0.024832
-0.950000 -0.027439
-0.900000 -0.030328
-0.850000 -0.033500
-0.800000 -0.037010
-0.750000 -0.040865
-0.700000 -0.045128
-0.650000 -0.049813
-0.600000 -0.054989
-0.550000 -0.060679
-0.500000 -0.066957
-0.450000 -0.073859
-0.400000 -0.081467
-0.350000 -0.089827
-0.300000 -0.099030
-0.250000 -0.109136
-0.200000 -0.120247
-0.150000 -0.132434
-0.100000 -0.145815
-0.050000 -0.160474
0.000000 -0.176541
0.050000 -0.194118
0.100000 -0.213345
0.150000 -0.234339
0.200000 -0.257253
0.250000 -0.282216
0.300000 -0.309389
0.350000 -0.338907
0.400000 -0.370933
0.450000 -0.405603
0.500000 -0.443072
0.550000 -0.483461
0.600000 -0.526902
0.650000 -0.573487
0.700000 -0.623305
0.750000 -0.676392
0.800000 -0.732769
0.850000 -0.792389
0.900000 -0.855172
0.950000 -0.920956
1.000000 -0.989528
1.050000 -1.060579
1.100000 -1.133729
1.150000 -1.208496
1.200000 -1.284315
1.250000 -1.360519
1.300000 -1.436359
1.350000 -1.510995
1.400000 -1.583523
1.450000 -1.652978
1.500000 -1.718369
1.550000 -1.778690
1.600000 -1.832960
1.650000 -1.880247
1.700000 -1.919706
1.750000 -1.950602
1.800000 -1.972346
1.850000 -1.984514
1.900000 -1.986865
1.950000 -1.979352
2.000000 -1.962123
2.050000 -1.935519
2.100000 -1.900049
2.150000 -1.856386
2.200000 -1.805321
2.250000 -1.747756
2.300000 -1.684646
2.350000 -1.616995
2.400000 -1.545800
2.450000 -1.472049
2.500000 -1.396670
2.550000 -1.320543
2.600000 -1.244454
2.650000 -1.169119
2.700000 -1.095142
2.750000 -1.023053
2.800000 -0.953269
2.850000 -0.886142
2.900000 -0.821919
2.950000 -0.760795
3.000000 -0.702876
3.050000 -0.648235
3.100000 -0.596870
3.150000 -0.548763
3.200000 -0.503838
3.250000 -0.462017
3.300000 -0.423172
3.350000 -0.387194
3.400000 -0.353926
3.450000 -0.323241
3.500000 -0.294971
3.550000 -0.268987
3.600000 -0.245120
3.650000 -0.223245
3.700000 -0.203201
3.750000 -0.184874
3.800000 -0.168113
3.850000 -0.152817
3.900000 -0.138849
3.950000 -0.126124
4.000000 -0.114517
4.050000 -0.103958
4.100000 -0.094336
4.150000 -0.085593
4.200000 -0.077632
4.250000 -0.070409
4.300000 -0.063834
4.350000 -0.057875
4.400000 -0.052454
4.450000 -0.047547
4.500000 -0.043083
4.550000 -0.039047
4.600000 -0.035375
4.650000 -0.032060
4.700000 -0.029042
4.750000 -0.026320
4.800000 -0.023839
4.850000 -0.021605
4.900000 -0.019565
4.950000 -0.017730
5.000000 -0.016050
5.050000 -0.014543
5.100000 -0.013160
5.150000 -0.011922
5.200000 -0.010783
5.250000 -0.009766
5.300000 -0.008829
5.350000 -0.007997
5.400000 -0.007227
5.450000 -0.006548
5.500000 -0.005918
5.550000 -0.005366
5.600000 -0.004850
5.650000 -0.004402
5.700000 -0.003980
5.750000 -0.003617
5.800000 -0.003271
5.850000 -0.002976
5.900000 -0.002690
5.950000 -0.002449
6.000000 -0.002211
6.050000 -0.002012
6.100000 -0.001812
6.150000 -0.001648
6.200000 -0.001479
6.250000 -0.001344
6.300000 -0.001201
6.350000 -0.001092
6.400000 -0.000973
6.450000 -0.000886
6.500000 -0.000788
6.550000 -0.000721
6.600000 -0.000642
6.650000 -0.000593
6.700000 -0.000529
6.750000 -0.000494
6.800000 -0.000442
6.850000 -0.000418
6.900000 -0.000374
6.950000 -0.000356
7.000000 -0.000316
7.050000 -0.000302
7.100000 -0.000265
7.150000 -0.000253
7.200000 -0.000218
7.250000 -0.000208
7.300000 -0.000175
7.350000 -0.000169
7.400000 -0.000140
7.450000 -0.000139
7.500000 -0.000117
7.550000 -0.000123
7.600000 -0.000109
7.650000 -0.000124
7.700000 -0.000118
7.750000 -0.000143
7.800000 -0.000146
7.850000 -0.000181
7.900000 -0.000195
7.950000 -0.000241
8.000000 -0.000267
8.050000 -0.000327
8.100000 -0.000370
8.150000 -0.000451
8.200000 -0.000519
8.250000 -0.000632
8.300000 -0.000739
8.350000 -0.000901
8.400000 -0.001070
8.450000 -0.001308
8.500000 -0.001570
8.550000 -0.001923
8.600000 -0.002325
8.650000 -0.002851
8.700000 -0.003461
8.750000 -0.004240
8.800000 -0.005158
8.850000 -0.006311
8.900000 -0.007684
8.950000 -0.009390
9.000000 -0.011435
9.050000 -0.013960
9.100000 -0.017001
9.150000 -0.020740
9.200000 -0.025260
9.250000 -0.030800
9.300000 -0.037515
9.350000 -0.045729
9.400000 -0.055699
9.450000 -0.067874
9.500000 -0.082662
9.550000 -0.100693
9.600000 -0.122591
9.650000 -0.149249
9.700000 -0.181601
9.750000 -0.220909
9.800000 -0.268542
9.850000 -0.326272
9.900000 -0.396056
9.950000 -0.480339
10.000000 -0.581832
10.050000 -0.703807
10.100000 -0.849845
10.150000 -1.024095
10.200000 -1.230942
10.250000 -1.475156
10.300000 -1.761404
10.350000 -2.094175
10.400000 -2.477009
10.450000 -2.912088
10.500000 -3.399095
10.550000 -3.934476
10.600000 -4.510088
10.650000 -5.112547
10.700000 -5.722385
10.750000 -6.314499
10.800000 -6.859032
10.850000 -7.324009
10.900000 -7.678460
10.950000 -7.896713
11.000000 -7.961901
11.050000 -7.868938
11.100000 -7.625086
11.150000 -7.249030
11.200000 -6.767646
11.250000 -6.212393
11.300000 -5.615065
11.350000 -5.004847
11.400000 -4.405871
11.450000 -3.836548
11.500000 -3.309252
11.550000 -2.831270
11.600000 -2.405477
11.650000 -2.031709
11.700000 -1.707453
11.750000 -1.428989
11.800000 -1.191732
11.850000 -0.991007
11.900000 -0.822065
11.950000 -0.680588
12.000000 -0.562490
12.050000 -0.464280
12.100000 -0.382748
12.150000 -0.315271
12.200000 -0.259455
12.250000 -0.213416
12.300000 -0.175419
12.350000 -0.144157
12.400000 -0.118389
12.450000 -0.097231
12.500000 -0.079801
12.550000 -0.065516
12.600000 -0.053747
12.650000 -0.044122
12.700000 -0.036184
12.750000 -0.029708
12.800000 -0.024358
12.850000 -0.020007
12.900000 -0.016401
12.950000 -0.013481
13.000000 -0.011047
13.050000 -0.009088
13.100000 -0.007441
13.150000 -0.006127
13.200000 -0.005009
13.250000 -0.004128
13.300000 -0.003364
13.350000 -0.002775
13.400000 -0.002250
13.450000 -0.001858
13.500000 -0.001496
13.550000 -0.001239
13.600000 -0.000988
13.650000 -0.000825
13.700000 -0.000651
13.750000 -0.000552
13.800000 -0.000432
13.850000 -0.000376
13.900000 -0.000292
13.950000 -0.000267
14.000000 -0.000205
14.050000 -0.000198
14.100000 -0.000150
14.150000 -0.000152
14.200000 -0.000111
14.250000 -0.000118
14.300000 -0.000079
14.350000 -0.000086
14.400000 -0.000048
14.450000 -0.000056
14.500000 -0.000018
14.550000 -0.000029
14.600000 0.000007
14.650000 -0.000007
14.700000 0.000025
14.750000 0.000006
14.800000 0.000033
14.850000 0.000009
14.900000 0.000030
14.950000 0.000001
15.000000 0.000019
15.050000 -0.000013
15.100000 0.000004
15.150000 -0.000028
15.200000 -0.000009
15.250000 -0.000039
15.300000 -0.000017
15.350000 -0.000043
15.400000 -0.000017
15.450000 -0.000039
15.500000 -0.000008
15.550000 -0.000026
15.600000 0.000007
15.650000 -0.000010
15.700000 0.000024
15.750000 0.000005
15.800000 0.000037
15.850000 0.000015
15.900000 0.000043
15.950000 0.000017
16.000000 0.000041
16.050000 0.000010
16.100000 0.000030
16.150000 -0.000005
16.200000 0.000013
16.250000 -0.000022
16.300000 -0.000003
16.350000 -0.000037
16.400000 -0.000015
16.450000 -0.000045
16.500000 -0.000019
16.550000 -0.000044
16.600000 -0.000013
16.650000 -0.000033
16.700000 0.000001
16.750000 -0.000017
16.800000 0.000019
16.850000 0.000000
16.900000 0.000036
16.950000 0.000014
17.000000 0.000045
17.050000 0.000019
17.100000 0.000046
17.150000 0.000015
17.200000 0.000037
17.250000 0.000002
17.300000 0.000022
17.350000 -0.000015
17.400000 0.000004
17.450000 -0.000033
17.500000 -0.000011
17.550000 -0.000045
17.600000 -0.000019
17.650000 -0.000049
17.700000 -0.000018
17.750000 -0.000042
17.800000 -0.000007
17.850000 -0.000028
17.900000 0.000011
17.950000 -0.000009
18.000000 0.000030
18.050000 0.000008
18.100000 0.000044
18.150000 0.000019
18.200000 0.000051
18.250000 0.000020
18.300000 0.000047
18.350000 0.000011
18.400000 0.000033
18.450000 -0.000006
18.500000 0.000014
18.550000 -0.000026
18.600000 -0.000005
18.650000 -0.000043
18.700000 -0.000018
18.750000 -0.000052
18.800000 -0.000021
18.850000 -0.000050
18.900000 -0.000014
18.950000 -0.000039
19.000000 0.000001
19.050000 -0.000021
19.100000 0.000021
19.150000 -0.000001
19.200000 0.000039
19.250000 0.000014
19.300000 0.000051
19.350000 0.000021
19.400000 0.000053
19.450000 0.000018
19.500000 0.000045
19.550000 0.000006
19.600000 0.000029
19.650000 -0.000013
19.700000 0.000009
19.750000 -0.000033
19.800000 -0.000009
19.850000 -0.000049
19.900000 -0.000021
19.950000 -0.000056
20.000000 -0.000022
20.050000 -0.000052
20.100000 -0.000013
20.150000 -0.000037
20.200000 0.000006
20.250000 -0.000017
20.300000 0.000027
20.350000 0.000004
20.400000 0.000046
20.450000 0.000019
20.500000 0.000057
20.550000 0.000024
20.600000 0.000056
20.650000 0.000018
20.700000 0.000045
20.750000 0.000002
20.800000 0.000026
20.850000 -0.000020
20.900000 0.000004
20.950000 -0.000040
21.000000 -0.000014
21.050000 -0.000055
21.100000 -0.000023
21.150000 -0.000059
21.200000 -0.000022
21.250000 -0.000052
21.300000 -0.000010
21.350000 -0.000036
21.400000 0.000010
21.450000 -0.000015
21.500000 0.000032
21.550000 0.000006
21.600000 0.000050
21.650000 0.000021
21.700000 0.000060
21.750000 0.000025
21.800000 0.000059
21.850000 0.000018
21.900000 0.000047
21.950000 0.000001
22.000000 0.000026
22.050000 -0.000022
22.100000 0.000003
22.150000 -0.000045
22.200000 -0.000017
22.250000 -0.000060
22.300000 -0.000027
22.350000 -0.000064
22.400000 -0.000024
22.450000 -0.000056
22.500000 -0.000011
22.550000 -0.000039
22.600000 0.000009
22.650000 -0.000018
22.700000 0.000030
22.750000 0.000002
22.800000 0.000046
22.850000 0.000012
22.900000 0.000050
22.950000 0.000009
23.000000 0.000039
23.050000 -0.000012
23.100000 0.000008
23.150000 -0.000054
23.200000 -0.000046
23.250000 -0.000122
23.300000 -0.000131
23.350000 -0.000228
23.400000 -0.000262
23.450000 -0.000394
23.500000 -0.000475
23.550000 -0.000671
23.600000 -0.000839
23.650000 -0.001154
23.700000 -0.001485
23.750000 -0.002023
23.800000 -0.002654
23.850000 -0.003600
23.900000 -0.004783
23.950000 -0.006472
24.000000 -0.008656
24.050000 -0.011692
24.100000 -0.015685
24.150000 -0.021154
24.200000 -0.028415
24.250000 -0.038273
24.300000 -0.051430
24.350000 -0.069203
24.400000 -0.092984
24.450000 -0.125010
24.500000 -0.167895
24.550000 -0.225507
24.600000 -0.302607
24.650000 -0.405883
24.700000 -0.543768
24.750000 -0.727669
24.800000 -0.971980
24.850000 -1.295447
24.900000 -1.721158
24.950000 -2.277558
25.000000 -2.997435
25.050000 -3.916863
25.100000 -5.070473
25.150000 -6.484508
25.200000 -8.163995
25.250000 -10.076851
25.300000 -12.135162
25.350000 -14.183718
25.400000 -16.004646
25.450000 -17.351491
25.500000 -18.009356
25.550000 -17.863491
25.600000 -16.939776
25.650000 -15.395808
25.700000 -13.465621
25.750000 -11.391466
25.800000 -9.370833
25.850000 -7.534550
25.900000 -5.948451
25.950000 -4.629485
26.000000 -3.563124
26.050000 -2.719207
26.100000 -2.061703
26.150000 -1.555611
26.200000 -1.169363
26.250000 -0.876658
26.300000 -0.655796
26.350000 -0.489890
26.400000 -0.365471
26.450000 -0.272487
26.500000 -0.202966
26.550000 -0.151179
26.600000 -0.112499
26.650000 -0.083760
26.700000 -0.062281
26.750000 -0.046367
26.800000 -0.034443
26.850000 -0.025646
26.900000 -0.019020
26.950000 -0.014166
27.000000 -0.010476
27.050000 -0.007809
27.100000 -0.005748
27.150000 -0.004294
27.200000 -0.003137
27.250000 -0.002359
27.300000 -0.001706
27.350000 -0.001304
27.400000 -0.000931
27.450000 -0.000738
27.500000 -0.000520
27.550000 -0.000442
27.600000 -0.000307
27.650000 -0.000288
27.700000 -0.000195
27.750000 -0.000205
27.800000 -0.000130
27.850000 -0.000152
27.900000 -0.000084
27.950000 -0.000109
28.000000 -0.000043
28.050000 -0.000069
28.100000 -0.000002
28.150000 -0.000030
28.200000 0.000034
28.250000 0.000003
28.300000 0.000063
28.350000 0.000026
28.400000 0.000080
28.450000 0.000036
28.500000 0.000082
28.550000 0.000030
28.600000 0.000069
28.650000 0.000011
28.700000 0.000046
28.750000 -0.000016
28.800000 0.000016
28.850000 -0.000046
28.900000 -0.000012
28.950000 -0.000071
29.000000 -0.000033
29.050000 -0.000086
29.100000 -0.000040
29.150000 -0.000086
29.200000 -0.000033
29.250000 -0.000072
29.300000 -0.000012
29.350000 -0.000046
29.400000 0.000018
29.450000 -0.000014
29.500000 0.000049
29.550000 0.000015
29.600000 0.000075
29.650000 0.000036
29.700000 0.000090
29.750000 0.000043
29.800000 0.000089
29.850000 0.000034
29.900000 0.000073
29.950000 0.000012
30.000000 0.000046
30.050000 -0.000019
30.100000 0.000014
30.150000 -0.000051
30.200000 -0.000016
30.250000 -0.000077
30.300000 -0.000037
30.350000 -0.000092
30.400000 -0.000044
30.450000 -0.000091
30.500000 -0.000036
30.550000 -0.000076
30.600000 -0.000014
30.650000 -0.000049
30.700000 0.000017
30.750000 -0.000016
30.800000 0.000050
30.850000 0.000015
30.900000 0.000078
30.950000 0.000038
31.000000 0.000095
31.050000 0.000047
31.100000 0.000096
31.150000 0.000040
31.200000 0.000080
31.250000 0.000018
31.300000 0.000052
31.350000 -0.000015
31.400000 0.000018
31.450000 -0.000049
31.500000 -0.000015
31.550000 -0.000079
31.600000 -0.000039
31.650000 -0.000096
31.700000 -0.000049
31.750000 -0.000098
31.800000 -0.000043
31.850000 -0.000084
31.900000 -0.000022
31.950000 -0.000057
32.000000 0.000010
32.050000 -0.000024
32.100000 0.000044
32.150000 0.000010
32.200000 0.000075
32.250000 0.000037
32.300000 0.000096
32.350000 0.000051
32.400000 0.000103
32.450000 0.000049
32.500000 0.000092
32.550000 0.000031
32.600000 0.000067
32.650000 -0.000000
32.700000 0.000032
32.750000 -0.000038
32.800000 -0.000006
32.850000 -0.000074
32.900000 -0.000037
32.950000 -0.000099
33.000000 -0.000055
33.050000 -0.000108
33.100000 -0.000055
33.150000 -0.000099
33.200000 -0.000037
33.250000 -0.000074
33.300000 -0.000006
33.350000 -0.000038
33.400000 0.000032
33.450000 -0.000001
33.500000 0.000068
33.550000 0.000031
33.600000 0.000095
33.650000 0.000052
33.700000 0.000107
33.750000 0.000056
33.800000 0.000104
33.850000 0.000044
33.900000 0.000085
33.950000 0.000019
34.000000 0.000053
34.050000 -0.000017
34.100000 0.000015
34.150000 -0.000055
34.200000 -0.000021
34.250000 -0.000088
34.300000 -0.000049
34.350000 -0.000110
34.400000 -0.000063
34.450000 -0.000114
34.500000 -0.000057
34.550000 -0.000099
34.600000 -0.000034
34.650000 -0.000068
34.700000 0.000003
34.750000 -0.000028
34.800000 0.000045
34.850000 0.000013
34.900000 0.000082
34.950000 0.000045
35.000000 0.000108
35.050000 0.000063
35.100000 0.000117
35.150000 0.000063
35.200000 0.000108
35.250000 0.000045
35.300000 0.000082
35.350000 0.000013
35.400000 0.000046
35.450000 -0.000026
35.500000 0.000005
35.550000 -0.000066
35.600000 -0.000032
35.650000 -0.000099
35.700000 -0.000058
35.750000 -0.000118
35.800000 -0.000069
35.850000 -0.000119
35.900000 -0.000061
35.950000 -0.000102
36.000000 -0.000035
36.050000 -0.000069
36.100000 0.000004
36.150000 -0.000026
36.200000 0.000048
36.250000 0.000017
36.300000 0.000088
36.350000 0.000052
36.400000 0.000116
36.450000 0.000072
36.500000 0.000126
36.550000 0.000072
36.600000 0.000117
36.650000 0.000053
36.700000 0.000090
36.750000 0.000019
36.800000 0.000050
36.850000 -0.000025
36.900000 0.000005
36.950000 -0.000068
37.000000 -0.000035
37.050000 -0.000104
37.100000 -0.000065
37.150000 -0.000125
37.200000 -0.000077
37.250000 -0.000128
37.300000 -0.000070
37.350000 -0.000112
37.400000 -0.000045
37.450000 -0.000079
37.500000 -0.000005
37.550000 -0.000035
37.600000 0.000041
37.650000 0.000011
37.700000 0.000085
37.750000 0.000051
37.800000 0.000118
37.850000 0.000076
37.900000 0.000135
37.950000 0.000083
38.000000 0.000131
38.050000 0.000068
38.100000 0.000107
38.150000 0.000036
38.200000 0.000067
38.250000 -0.000009
38.300000 0.000019
38.350000 -0.000058
38.400000 -0.000027
38.450000 -0.000100
38.500000 -0.000064
38.550000 -0.000129
38.600000 -0.000083
38.650000 -0.000139
38.700000 -0.000083
38.750000 -0.000128
38.800000 -0.000063
38.850000 -0.000100
38.900000 -0.000027
38.950000 -0.000058
39.000000 0.000019
39.050000 -0.000010
39.100000 0.000066
39.150000 0.000036
39.200000 0.000108
39.250000 0.000071
39.300000 0.000137
39.350000 0.000091
39.400000 0.000146
39.450000 0.000089
39.500000 0.000133
39.550000 0.000065
39.600000 0.000100
39.650000 0.000024
39.700000 0.000053
39.750000 -0.000027
39.800000 0.000000
39.850000 -0.000078
39.900000 -0.000048
39.950000 -0.000121
40.000000 -0.000082
40.050000 -0.000146
40.100000 -0.000097
40.150000 -0.000150
40.200000 -0.000090
40.250000 -0.000132
40.300000 -0.000062
40.350000 -0.000096
40.400000 -0.000020
40.450000 -0.000049
40.500000 0.000031
40.550000 0.000002
40.600000 0.000080
40.650000 0.000049
40.700000 0.000122
40.750000 0.000084
40.800000 0.000149
40.850000 0.000101
40.900000 0.000156
40.950000 0.000097
41.000000 0.000140
41.050000 0.000071
41.100000 0.000104
41.150000 0.000026
41.200000 0.000053
41.250000 -0.000029
41.300000 -0.000003
41.350000 -0.000085
41.400000 -0.000055
41.450000 -0.000130
41.500000 -0.000093
41.550000 -0.000158
41.600000 -0.000109
41.650000 -0.000163
41.700000 -0.000102
41.750000 -0.000145
41.800000 -0.000074
41.850000 -0.000107
41.900000 -0.000028
41.950000 -0.000057
42.000000 0.000026
42.050000 -0.000001
42.100000 0.000080
42.150000 0.000050
42.200000 0.000126
42.250000 0.000089
42.300000 0.000157
42.350000 0.000110
42.400000 0.000168
42.450000 0.000110
42.500000 0.000156
42.550000 0.000087
42.600000 0.000123
42.650000 0.000045
42.700000 0.000073
42.750000 -0.000010
42.800000 0.000015
42.850000 -0.000070
42.900000 -0.000043
42.950000 -0.000123
43.000000 -0.000089
43.050000 -0.000161
43.100000 -0.000117
43.150000 -0.000178
43.200000 -0.000121
43.250000 -0.000169
43.300000 -0.000101
43.350000 -0.000138
43.400000 -0.000060
43.450000 -0.000089
43.500000 -0.000005
43.550000 -0.000031
43.600000 0.000055
43.650000 0.000028
43.700000 0.000110
43.750000 0.000078
43.800000 0.000152
43.850000 0.000111
43.900000 0.000175
43.950000 0.000122
44.000000 0.000175
44.050000 0.000110
44.100000 0.000151
44.150000 0.000075
44.200000 0.000106
44.250000 0.000022
44.300000 0.000047
44.350000 -0.000042
44.400000 -0.000019
44.450000 -0.000107
44.500000 -0.000080
44.550000 -0.000161
44.600000 -0.000125
44.650000 -0.000195
44.700000 -0.000145
44.750000 -0.000200
44.800000 -0.000133
44.850000 -0.000170
44.900000 -0.000085
44.950000 -0.000103
