-30.000000 0.000065
-29.950000 0.000043
-29.900000 0.000087
-29.850000 0.000046
-29.800000 0.000073
-29.750000 0.000016
-29.700000 0.000031
-29.650000 -0.000035
-29.600000 -0.000025
-29.550000 -0.000094
-29.500000 -0.000085
-29.450000 -0.000152
-29.400000 -0.000137
-29.350000 -0.000198
-29.300000 -0.000175
-29.250000 -0.000227
-29.200000 -0.000193
-29.150000 -0.000234
-29.100000 -0.000190
-29.050000 -0.000219
-29.000000 -0.000164
-28.950000 -0.000183
-28.900000 -0.000117
-28.850000 -0.000128
-28.800000 -0.000054
-28.750000 -0.000058
-28.700000 0.000020
-28.650000 0.000018
-28.600000 0.000097
-28.550000 0.000093
-28.500000 0.000168
-28.450000 0.000157
-28.400000 0.000223
-28.350000 0.000201
-28.300000 0.000254
-28.250000 0.000218
-28.200000 0.000256
-28.150000 0.000205
-28.100000 0.000230
-28.050000 0.000165
-28.000000 0.000177
-27.950000 0.000102
-27.900000 0.000106
-27.850000 0.000025
-27.800000 0.000027
-27.750000 -0.000055
-27.700000 -0.000051
-27.650000 -0.000130
-27.600000 -0.000120
-27.550000 -0.000191
-27.500000 -0.000173
-27.450000 -0.000234
-27.400000 -0.000205
-27.350000 -0.000255
-27.300000 -0.000214
-27.250000 -0.000253
-27.200000 -0.000200
-27.150000 -0.000226
-27.100000 -0.000162
-27.050000 -0.000178
-27.000000 -0.000103
-26.950000 -0.000110
-26.900000 -0.000029
-26.850000 -0.000031
-26.800000 0.000054
-26.750000 0.000052
-26.700000 0.000136
-26.650000 0.000130
-26.600000 0.000207
-26.550000 0.000192
-26.500000 0.000258
-26.450000 0.000230
-26.400000 0.000282
-26.350000 0.000238
-26.300000 0.000276
-26.250000 0.000217
-26.200000 0.000240
-26.150000 0.000169
-26.100000 0.000181
-26.050000 0.000101
-26.000000 0.000106
-25.950000 0.000020
-25.900000 0.000023
-25.850000 -0.000063
-25.800000 -0.000058
-25.750000 -0.000141
-25.700000 -0.000130
-25.650000 -0.000206
-25.600000 -0.000187
-25.550000 -0.000253
-25.500000 -0.000224
-25.450000 -0.000280
-25.400000 -0.000239
-25.350000 -0.000282
-25.300000 -0.000229
-25.250000 -0.000259
-25.200000 -0.000193
-25.150000 -0.000212
-25.100000 -0.000134
-25.050000 -0.000143
-25.000000 -0.000056
-24.950000 -0.000058
-24.900000 0.000033
-24.850000 0.000033
-24.800000 0.000124
-24.750000 0.000120
-24.700000 0.000205
-24.650000 0.000192
-24.600000 0.000266
-24.550000 0.000241
-24.500000 0.000301
-24.450000 0.000261
-24.400000 0.000307
-24.350000 0.000252
-24.300000 0.000283
-24.250000 0.000216
-24.200000 0.000235
-24.150000 0.000157
-24.100000 0.000168
-24.050000 0.000082
-24.000000 0.000088
-23.950000 -0.000001
-23.900000 0.000003
-23.850000 -0.000087
-23.800000 -0.000081
-23.750000 -0.000167
-23.700000 -0.000156
-23.650000 -0.000236
-23.600000 -0.000217
-23.550000 -0.000287
-23.500000 -0.000257
-23.450000 -0.000316
-23.400000 -0.000272
-23.350000 -0.000317
-23.300000 -0.000260
-23.250000 -0.000290
-23.200000 -0.000219
-23.150000 -0.000236
-23.100000 -0.000152
-23.050000 -0.000159
-23.000000 -0.000066
-22.950000 -0.000066
-22.900000 0.000030
-22.850000 0.000031
-22.800000 0.000126
-22.750000 0.000122
-22.700000 0.000211
-22.650000 0.000198
-22.600000 0.000276
-22.550000 0.000251
-22.500000 0.000317
-22.450000 0.000279
-22.400000 0.000331
-22.350000 0.000280
-22.300000 0.000319
-22.250000 0.000256
-22.200000 0.000284
-22.150000 0.000209
-22.100000 0.000227
-22.050000 0.000143
-22.000000 0.000153
-21.950000 0.000062
-21.900000 0.000066
-21.850000 -0.000029
-21.800000 -0.000027
-21.750000 -0.000122
-21.700000 -0.000119
-21.650000 -0.000210
-21.600000 -0.000201
-21.550000 -0.000284
-21.500000 -0.000264
-21.450000 -0.000335
-21.400000 -0.000302
-21.350000 -0.000359
-21.300000 -0.000311
-21.250000 -0.000352
-21.200000 -0.000288
-21.150000 -0.000315
-21.100000 -0.000237
-21.050000 -0.000251
-21.000000 -0.000163
-20.950000 -0.000168
-20.900000 -0.000072
-20.850000 -0.000073
-20.800000 0.000024
-20.750000 0.000023
-20.700000 0.000119
-20.650000 0.000114
-20.600000 0.000205
-20.550000 0.000193
-20.500000 0.000276
-20.450000 0.000255
-20.400000 0.000328
-20.350000 0.000296
-20.300000 0.000358
-20.250000 0.000315
-20.200000 0.000365
-20.150000 0.000309
-20.100000 0.000346
-20.050000 0.000277
-20.000000 0.000300
-19.950000 0.000218
-19.900000 0.000230
-19.850000 0.000137
-19.800000 0.000139
-19.750000 0.000039
-19.700000 0.000036
-19.650000 -0.000066
-19.600000 -0.000069
-19.550000 -0.000169
-19.500000 -0.000166
-19.450000 -0.000259
-19.400000 -0.000247
-19.350000 -0.000328
-19.300000 -0.000304
-19.250000 -0.000373
-19.200000 -0.000335
-19.150000 -0.000389
-19.100000 -0.000337
-19.050000 -0.000378
-19.000000 -0.000313
-18.950000 -0.000342
-18.900000 -0.000266
-18.850000 -0.000284
-18.800000 -0.000199
-18.750000 -0.000209
-18.700000 -0.000117
-18.650000 -0.000121
-18.600000 -0.000024
-18.550000 -0.000025
-18.500000 0.000074
-18.450000 0.000073
-18.400000 0.000172
-18.350000 0.000168
-18.300000 0.000263
-18.250000 0.000253
-18.200000 0.000339
-18.150000 0.000320
-18.100000 0.000394
-18.050000 0.000361
-18.000000 0.000420
-17.950000 0.000372
-17.900000 0.000415
-17.850000 0.000350
-17.800000 0.000379
-17.750000 0.000300
-17.700000 0.000315
-17.650000 0.000225
-17.600000 0.000232
-17.550000 0.000135
-17.500000 0.000136
-17.450000 0.000036
-17.400000 0.000036
-17.350000 -0.000064
-17.300000 -0.000063
-17.250000 -0.000160
-17.200000 -0.000155
-17.150000 -0.000248
-17.100000 -0.000237
-17.050000 -0.000323
-17.000000 -0.000304
-16.950000 -0.000382
-16.900000 -0.000353
-16.850000 -0.000420
-16.800000 -0.000380
-16.750000 -0.000434
-16.700000 -0.000380
-16.650000 -0.000421
-16.600000 -0.000353
-16.550000 -0.000379
-16.500000 -0.000298
-16.450000 -0.000311
-16.400000 -0.000218
-16.350000 -0.000221
-16.300000 -0.000120
-16.250000 -0.000116
-16.200000 -0.000011
-16.150000 -0.000006
-16.100000 0.000100
-16.050000 0.000102
-16.000000 0.000203
-15.950000 0.000199
-15.900000 0.000292
-15.850000 0.000279
-15.800000 0.000362
-15.750000 0.000338
-15.700000 0.000411
-15.650000 0.000377
-15.600000 0.000439
-15.550000 0.000394
-15.500000 0.000445
-15.450000 0.000390
-15.400000 0.000430
-15.350000 0.000364
-15.300000 0.000393
-15.250000 0.000315
-15.200000 0.000333
-15.150000 0.000244
-15.100000 0.000252
-15.050000 0.000153
-15.000000 0.000153
-14.950000 0.000048
-14.900000 0.000043
-14.850000 -0.000064
-14.800000 -0.000070
-14.750000 -0.000176
-14.700000 -0.000177
-14.650000 -0.000277
-14.600000 -0.000270
-14.550000 -0.000360
-14.500000 -0.000343
-14.450000 -0.000422
-14.400000 -0.000393
-14.350000 -0.000460
-14.300000 -0.000419
-14.250000 -0.000474
-14.200000 -0.000421
-14.150000 -0.000464
-14.100000 -0.000400
-14.050000 -0.000434
-14.000000 -0.000360
-13.950000 -0.000385
-13.900000 -0.000302
-13.850000 -0.000319
-13.800000 -0.000228
-13.750000 -0.000237
-13.700000 -0.000139
-13.650000 -0.000142
-13.600000 -0.000039
-13.550000 -0.000037
-13.500000 0.000069
-13.450000 0.000072
-13.400000 0.000179
-13.350000 0.000180
-13.300000 0.000282
-13.250000 0.000277
-13.200000 0.000371
-13.150000 0.000356
-13.100000 0.000440
-13.050000 0.000413
-13.000000 0.000484
-12.950000 0.000445
-12.900000 0.000503
-12.850000 0.000451
-12.800000 0.000497
-12.750000 0.000434
-12.700000 0.000470
-12.650000 0.000397
-12.600000 0.000425
-12.550000 0.000343
-12.500000 0.000364
-12.450000 0.000276
-12.400000 0.000290
-12.350000 0.000195
-12.300000 0.000204
-12.250000 0.000105
-12.200000 0.000109
-12.150000 0.000005
-12.100000 0.000006
-12.050000 -0.000099
-12.000000 -0.000099
-11.950000 -0.000204
-11.900000 -0.000202
-11.850000 -0.000303
-11.800000 -0.000295
-11.750000 -0.000390
-11.700000 -0.000373
-11.650000 -0.000458
-11.600000 -0.000431
-11.550000 -0.000505
-11.500000 -0.000465
-11.450000 -0.000526
-11.400000 -0.000474
-11.350000 -0.000524
-11.300000 -0.000460
-11.250000 -0.000500
-11.200000 -0.000428
-11.150000 -0.000459
-11.100000 -0.000379
-11.050000 -0.000405
-11.000000 -0.000319
-10.950000 -0.000339
-10.900000 -0.000248
-10.850000 -0.000264
-10.800000 -0.000168
-10.750000 -0.000178
-10.700000 -0.000078
-10.650000 -0.000085
-10.600000 0.000019
-10.550000 0.000016
-10.500000 0.000122
-10.450000 0.000118
-10.400000 0.000223
-10.350000 0.000217
-10.300000 0.000318
-10.250000 0.000307
-10.200000 0.000400
-10.150000 0.000380
-10.100000 0.000465
-10.050000 0.000434
-10.000000 0.000508
-9.950000 0.000467
-9.900000 0.000530
-9.850000 0.000479
-9.800000 0.000534
-9.750000 0.000473
-9.700000 0.000520
-9.650000 0.000453
-9.600000 0.000493
-9.550000 0.000420
-9.500000 0.000455
-9.450000 0.000377
-9.400000 0.000407
-9.350000 0.000323
-9.300000 0.000347
-9.250000 0.000257
-9.200000 0.000277
-9.150000 0.000181
-9.100000 0.000194
-9.050000 0.000093
-9.000000 0.000103
-8.950000 -0.000002
-8.900000 0.000005
-8.850000 -0.000101
-8.800000 -0.000093
-8.750000 -0.000196
-8.700000 -0.000185
-8.650000 -0.000283
-8.600000 -0.000265
-8.550000 -0.000356
-8.500000 -0.000331
-8.450000 -0.000414
-8.400000 -0.000381
-8.350000 -0.000457
-8.300000 -0.000417
-8.250000 -0.000487
-8.200000 -0.000441
-8.150000 -0.000507
-8.100000 -0.000456
-8.050000 -0.000518
-8.000000 -0.000462
-7.950000 -0.000519
-7.900000 -0.000459
-7.850000 -0.000511
-7.800000 -0.000445
-7.750000 -0.000490
-7.700000 -0.000417
-7.650000 -0.000456
-7.600000 -0.000376
-7.550000 -0.000407
-7.500000 -0.000320
-7.450000 -0.000345
-7.400000 -0.000252
-7.350000 -0.000273
-7.300000 -0.000176
-7.250000 -0.000195
-7.200000 -0.000098
-7.150000 -0.000117
-7.100000 -0.000020
-7.050000 -0.000042
-7.000000 0.000051
-6.950000 0.000026
-6.900000 0.000116
-6.850000 0.000087
-6.800000 0.000174
-6.750000 0.000142
-6.700000 0.000227
-6.650000 0.000193
-6.600000 0.000277
-6.550000 0.000242
-6.500000 0.000325
-6.450000 0.000290
-6.400000 0.000371
-6.350000 0.000334
-6.300000 0.000413
-6.250000 0.000372
-6.200000 0.000446
-6.150000 0.000399
-6.100000 0.000468
-6.050000 0.000414
-6.000000 0.000476
-5.950000 0.000415
-5.900000 0.000471
-5.850000 0.000404
-5.800000 0.000454
-5.750000 0.000383
-5.700000 0.000430
-5.650000 0.000357
-5.600000 0.000403
-5.550000 0.000329
-5.500000 0.000375
-5.450000 0.000302
-5.400000 0.000349
-5.350000 0.000276
-5.300000 0.000324
-5.250000 0.000251
-5.200000 0.000299
-5.150000 0.000225
-5.100000 0.000271
-5.050000 0.000195
-5.000000 0.000239
-4.950000 0.000160
-4.900000 0.000201
-4.850000 0.000120
-4.800000 0.000159
-4.750000 0.000077
-4.700000 0.000116
-4.650000 0.000035
-4.600000 0.000076
-4.550000 -0.000002
-4.500000 0.000044
-4.450000 -0.000030
-4.400000 0.000021
-4.350000 -0.000048
-4.300000 0.000007
-4.250000 -0.000057
-4.200000 0.000001
-4.150000 -0.000063
-4.100000 -0.000004
-4.050000 -0.000067
-4.000000 -0.000009
-3.950000 -0.000074
-3.900000 -0.000018
-3.850000 -0.000085
-3.800000 -0.000031
-3.750000 -0.000099
-3.700000 -0.000045
-3.650000 -0.000114
-3.600000 -0.000059
-3.550000 -0.000126
-3.500000 -0.000069
-3.450000 -0.000134
-3.400000 -0.000074
-3.350000 -0.000137
-3.300000 -0.000076
-3.250000 -0.000137
-3.200000 -0.000076
-3.150000 -0.000139
-3.100000 -0.000079
-3.050000 -0.000145
-3.000000 -0.000090
-2.950000 -0.000163
-2.900000 -0.000115
-2.850000 -0.000196
-2.800000 -0.000157
-2.750000 -0.000247
-2.700000 -0.000217
-2.650000 -0.000317
-2.600000 -0.000297
-2.550000 -0.000407
-2.500000 -0.000396
-2.450000 -0.000516
-2.400000 -0.000515
-2.350000 -0.000646
-2.300000 -0.000657
-2.250000 -0.000802
-2.200000 -0.000830
-2.150000 -0.000994
-2.100000 -0.001045
-2.050000 -0.001234
-2.000000 -0.001314
-1.950000 -0.001537
-1.900000 -0.001653
-1.850000 -0.001917
-1.800000 -0.002079
-1.750000 -0.002392
-1.700000 -0.002608
-1.650000 -0.002980
-1.600000 -0.003259
-1.550000 -0.003700
-1.500000 -0.004054
-1.450000 -0.004578
-1.400000 -0.005022
-1.350000 -0.005644
-1.300000 -0.006197
-1.250000 -0.006940
-1.200000 -0.007625
-1.150000 -0.008515
-1.100000 -0.009363
-1.050000 -0.010433
-1.000000 -0.011481
-0.950000 -0.012773
-0.900000 -0.014067
-0.850000 -0.015630
-0.800000 -0.017223
-0.750000 -0.019118
-0.700000 -0.021075
-0.650000 -0.023372
-0.600000 -0.025772
-0.550000 -0.028555
-0.500000 -0.031490
-0.450000 -0.034860
-0.400000 -0.038441
-0.350000 -0.042521
-0.300000 -0.046882
-0.250000 -0.051820
-0.200000 -0.057122
-0.150000 -0.063096
-0.100000 -0.069536
-0.050000 -0.076759
0.000000 -0.084570
0.050000 -0.093297
0.100000 -0.102757
0.150000 -0.113289
0.200000 -0.124721
0.250000 -0.137406
0.300000 -0.151186
0.350000 -0.166427
0.400000 -0.182984
0.450000 -0.201237
0.500000 -0.221055
0.550000 -0.242831
0.600000 -0.266444
0.650000 -0.292298
0.700000 -0.320280
0.750000 -0.350800
0.800000 -0.383747
0.850000 -0.419525
0.900000 -0.458014
0.950000 -0.499604
1.000000 -0.544149
1.050000 -0.592003
1.100000 -0.642974
1.150000 -0.697357
1.200000 -0.754886
1.250000 -0.815768
1.300000 -0.879629
1.350000 -0.946555
1.400000 -1.016032
1.450000 -1.087991
1.500000 -1.161749
1.550000 -1.237057
1.600000 -1.313047
1.650000 -1.389281
1.700000 -1.464712
1.750000 -1.538735
1.800000 -1.610157
1.850000 -1.678263
1.900000 -1.741788
1.950000 -1.799997
2.000000 -1.851660
2.050000 -1.896139
2.100000 -1.932364
2.150000 -1.959918
2.200000 -1.978009
2.250000 -1.986544
2.300000 -1.985094
2.350000 -1.973950
2.400000 -1.953068
2.450000 -1.923120
2.500000 -1.884416
2.550000 -1.837937
2.600000 -1.784257
2.650000 -1.724562
2.700000 -1.659566
2.750000 -1.590536
2.800000 -1.518204
2.850000 -1.443801
2.900000 -1.367975
2.950000 -1.291835
3.000000 -1.215880
3.050000 -1.141047
3.100000 -1.067651
3.150000 -0.996442
3.200000 -0.927552
3.250000 -0.861553
3.300000 -0.798412
3.350000 -0.738552
3.400000 -0.681803
3.450000 -0.628471
3.500000 -0.578285
3.550000 -0.531465
3.600000 -0.487670
3.650000 -0.447065
3.700000 -0.409264
3.750000 -0.374400
3.800000 -0.342066
3.850000 -0.312379
3.900000 -0.284924
3.950000 -0.259817
4.000000 -0.236647
4.050000 -0.215534
4.100000 -0.196077
4.150000 -0.178408
4.200000 -0.162137
4.250000 -0.147410
4.300000 -0.133851
4.350000 -0.121619
4.400000 -0.110352
4.450000 -0.100223
4.500000 -0.090883
4.550000 -0.082516
4.600000 -0.074787
4.650000 -0.067890
4.700000 -0.061501
4.750000 -0.055826
4.800000 -0.050549
4.850000 -0.045885
4.900000 -0.041526
4.950000 -0.037697
5.000000 -0.034096
5.050000 -0.030955
5.100000 -0.027979
5.150000 -0.025405
5.200000 -0.022945
5.250000 -0.020839
5.300000 -0.018804
5.350000 -0.017085
5.400000 -0.015403
5.450000 -0.014004
5.500000 -0.012613
5.550000 -0.011480
5.600000 -0.010330
5.650000 -0.009416
5.700000 -0.008466
5.750000 -0.007732
5.800000 -0.006944
5.850000 -0.006357
5.900000 -0.005701
5.950000 -0.005232
6.000000 -0.004682
6.050000 -0.004307
6.100000 -0.003841
6.150000 -0.003542
6.200000 -0.003145
6.250000 -0.002907
6.300000 -0.002566
6.350000 -0.002379
6.400000 -0.002084
6.450000 -0.001941
6.500000 -0.001687
6.550000 -0.001582
6.600000 -0.001364
6.650000 -0.001292
6.700000 -0.001105
6.750000 -0.001061
6.800000 -0.000900
6.850000 -0.000880
6.900000 -0.000740
6.950000 -0.000738
7.000000 -0.000614
7.050000 -0.000625
7.100000 -0.000512
7.150000 -0.000532
7.200000 -0.000426
7.250000 -0.000451
7.300000 -0.000348
7.350000 -0.000376
7.400000 -0.000277
7.450000 -0.000307
7.500000 -0.000211
7.550000 -0.000244
7.600000 -0.000152
7.650000 -0.000190
7.700000 -0.000103
7.750000 -0.000148
7.800000 -0.000068
7.850000 -0.000120
7.900000 -0.000047
7.950000 -0.000105
8.000000 -0.000038
8.050000 -0.000102
8.100000 -0.000039
8.150000 -0.000105
8.200000 -0.000044
8.250000 -0.000109
8.300000 -0.000046
8.350000 -0.000109
8.400000 -0.000042
8.450000 -0.000101
8.500000 -0.000030
8.550000 -0.000086
8.600000 -0.000013
8.650000 -0.000066
8.700000 0.000007
8.750000 -0.000048
8.800000 0.000023
8.850000 -0.000036
8.900000 0.000030
8.950000 -0.000035
9.000000 0.000024
9.050000 -0.000047
9.100000 0.000005
9.150000 -0.000073
9.200000 -0.000028
9.250000 -0.000112
9.300000 -0.000073
9.350000 -0.000162
9.400000 -0.000129
9.450000 -0.000225
9.500000 -0.000200
9.550000 -0.000306
9.600000 -0.000294
9.650000 -0.000417
9.700000 -0.000427
9.750000 -0.000577
9.800000 -0.000623
9.850000 -0.000818
9.900000 -0.000920
9.950000 -0.001185
10.000000 -0.001373
10.050000 -0.001744
10.100000 -0.002061
10.150000 -0.002589
10.200000 -0.003098
10.250000 -0.003858
10.300000 -0.004647
10.350000 -0.005747
10.400000 -0.006950
10.450000 -0.008552
10.500000 -0.010365
10.550000 -0.012709
10.600000 -0.015426
10.650000 -0.018870
10.700000 -0.022928
10.750000 -0.028007
10.800000 -0.034057
10.850000 -0.041562
10.900000 -0.050567
10.950000 -0.061671
11.000000 -0.075055
11.050000 -0.091482
11.100000 -0.111334
11.150000 -0.135612
11.200000 -0.164985
11.250000 -0.200792
11.300000 -0.244103
11.350000 -0.296730
11.400000 -0.360294
11.450000 -0.437238
11.500000 -0.529896
11.550000 -0.641506
11.600000 -0.775257
11.650000 -0.935265
11.700000 -1.125569
11.750000 -1.351014
11.800000 -1.616111
11.850000 -1.925727
11.900000 -2.283699
11.950000 -2.693210
12.000000 -3.155040
12.050000 -3.667587
12.100000 -4.224839
12.150000 -4.816310
12.200000 -5.425291
12.250000 -6.029594
12.300000 -6.601221
12.350000 -7.109104
12.400000 -7.521064
12.450000 -7.808575
12.500000 -7.949807
12.550000 -7.933934
12.600000 -7.761977
12.650000 -7.447560
12.700000 -7.013772
12.750000 -6.490586
12.800000 -5.909857
12.850000 -5.302622
12.900000 -4.695432
12.950000 -4.109784
13.000000 -3.560711
13.050000 -3.058112
13.100000 -2.606646
13.150000 -2.207737
13.200000 -1.859667
13.250000 -1.559449
13.300000 -1.302614
13.350000 -1.084718
13.400000 -0.900782
13.450000 -0.746494
13.500000 -0.617410
13.550000 -0.509980
13.600000 -0.420623
13.650000 -0.346667
13.700000 -0.285375
13.750000 -0.234855
13.800000 -0.193069
13.850000 -0.158739
13.900000 -0.130363
13.950000 -0.107120
14.000000 -0.087897
14.050000 -0.072202
14.100000 -0.059199
14.150000 -0.048623
14.200000 -0.039833
14.250000 -0.032723
14.300000 -0.026782
14.350000 -0.022015
14.400000 -0.017999
14.450000 -0.014814
14.500000 -0.012098
14.550000 -0.009979
14.600000 -0.008138
14.650000 -0.006737
14.700000 -0.005484
14.750000 -0.004562
14.800000 -0.003702
14.850000 -0.003101
14.900000 -0.002501
14.950000 -0.002112
15.000000 -0.001686
15.050000 -0.001437
15.100000 -0.001126
15.150000 -0.000971
15.200000 -0.000737
15.250000 -0.000647
15.300000 -0.000467
15.350000 -0.000423
15.400000 -0.000282
15.450000 -0.000271
15.500000 -0.000160
15.550000 -0.000174
15.600000 -0.000085
15.650000 -0.000118
15.700000 -0.000045
15.750000 -0.000092
15.800000 -0.000030
15.850000 -0.000085
15.900000 -0.000029
15.950000 -0.000088
16.000000 -0.000033
16.050000 -0.000091
16.100000 -0.000035
16.150000 -0.000090
16.200000 -0.000030
16.250000 -0.000081
16.300000 -0.000016
16.350000 -0.000062
16.400000 0.000006
16.450000 -0.000038
16.500000 0.000031
16.550000 -0.000013
16.600000 0.000054
16.650000 0.000007
16.700000 0.000070
16.750000 0.000017
16.800000 0.000073
16.850000 0.000014
16.900000 0.000064
16.950000 -0.000000
17.000000 0.000045
17.050000 -0.000022
17.100000 0.000022
17.150000 -0.000046
17.200000 -0.000001
17.250000 -0.000065
17.300000 -0.000016
17.350000 -0.000075
17.400000 -0.000019
17.450000 -0.000073
17.500000 -0.000011
17.550000 -0.000059
17.600000 0.000007
17.650000 -0.000038
17.700000 0.000030
17.750000 -0.000014
17.800000 0.000053
17.850000 0.000006
17.900000 0.000069
17.950000 0.000018
18.000000 0.000076
18.050000 0.000019
18.100000 0.000071
18.150000 0.000009
18.200000 0.000055
18.250000 -0.000011
18.300000 0.000032
18.350000 -0.000036
18.400000 0.000007
18.450000 -0.000059
18.500000 -0.000013
18.550000 -0.000075
18.600000 -0.000023
18.650000 -0.000079
18.700000 -0.000021
18.750000 -0.000070
18.800000 -0.000006
18.850000 -0.000050
18.900000 0.000018
18.950000 -0.000024
19.000000 0.000045
19.050000 0.000002
19.100000 0.000067
19.150000 0.000019
19.200000 0.000078
19.250000 0.000025
19.300000 0.000078
19.350000 0.000018
19.400000 0.000065
19.450000 -0.000000
19.500000 0.000043
19.550000 -0.000024
19.600000 0.000018
19.650000 -0.000049
19.700000 -0.000005
19.750000 -0.000069
19.800000 -0.000020
19.850000 -0.000079
19.900000 -0.000025
19.950000 -0.000077
20.000000 -0.000017
20.050000 -0.000064
20.100000 0.000001
20.150000 -0.000041
20.200000 0.000026
20.250000 -0.000015
20.300000 0.000053
20.350000 0.000010
20.400000 0.000074
20.450000 0.000026
20.500000 0.000084
20.550000 0.000030
20.600000 0.000080
20.650000 0.000019
20.700000 0.000063
20.750000 -0.000004
20.800000 0.000036
20.850000 -0.000033
20.900000 0.000007
20.950000 -0.000061
21.000000 -0.000017
21.050000 -0.000080
21.100000 -0.000030
21.150000 -0.000086
21.200000 -0.000029
21.250000 -0.000077
21.300000 -0.000015
21.350000 -0.000058
21.400000 0.000009
21.450000 -0.000031
21.500000 0.000037
21.550000 -0.000004
21.600000 0.000062
21.650000 0.000018
21.700000 0.000080
21.750000 0.000030
21.800000 0.000085
21.850000 0.000029
21.900000 0.000077
21.950000 0.000015
22.000000 0.000058
22.050000 -0.000008
22.100000 0.000031
22.150000 -0.000037
22.200000 0.000003
22.250000 -0.000064
22.300000 -0.000021
22.350000 -0.000083
22.400000 -0.000034
22.450000 -0.000089
22.500000 -0.000033
22.550000 -0.000081
22.600000 -0.000018
22.650000 -0.000059
22.700000 0.000008
22.750000 -0.000030
22.800000 0.000040
22.850000 0.000001
22.900000 0.000068
22.950000 0.000025
23.000000 0.000087
23.050000 0.000038
23.100000 0.000091
23.150000 0.000034
23.200000 0.000081
23.250000 0.000017
23.300000 0.000058
23.350000 -0.000010
23.400000 0.000028
23.450000 -0.000041
23.500000 -0.000002
23.550000 -0.000068
23.600000 -0.000025
23.650000 -0.000086
23.700000 -0.000037
23.750000 -0.000091
23.800000 -0.000035
23.850000 -0.000081
23.900000 -0.000019
23.950000 -0.000060
24.000000 0.000007
24.050000 -0.000031
24.100000 0.000037
24.150000 -0.000001
24.200000 0.000066
24.250000 0.000024
24.300000 0.000086
24.350000 0.000039
24.400000 0.000094
24.450000 0.000040
24.500000 0.000087
24.550000 0.000025
24.600000 0.000066
24.650000 -0.000002
24.700000 0.000035
24.750000 -0.000035
24.800000 0.000001
24.850000 -0.000066
24.900000 -0.000027
24.950000 -0.000089
25.000000 -0.000043
25.050000 -0.000098
25.100000 -0.000043
25.150000 -0.000090
25.200000 -0.000028
25.250000 -0.000068
25.300000 -0.000001
25.350000 -0.000037
25.400000 0.000032
25.450000 -0.000004
25.500000 0.000063
25.550000 0.000024
25.600000 0.000086
25.650000 0.000041
25.700000 0.000096
25.750000 0.000044
25.800000 0.000092
25.850000 0.000033
25.900000 0.000074
25.950000 0.000009
26.000000 0.000045
26.050000 -0.000024
26.100000 0.000010
26.150000 -0.000059
26.200000 -0.000024
26.250000 -0.000091
26.300000 -0.000052
26.350000 -0.000114
26.400000 -0.000069
26.450000 -0.000125
26.500000 -0.000076
26.550000 -0.000128
26.600000 -0.000078
26.650000 -0.000134
26.700000 -0.000092
26.750000 -0.000161
26.800000 -0.000140
26.850000 -0.000240
26.900000 -0.000263
26.950000 -0.000421
27.000000 -0.000522
27.050000 -0.000784
27.100000 -0.001022
27.150000 -0.001466
27.200000 -0.001946
27.250000 -0.002712
27.300000 -0.003621
27.350000 -0.004959
27.400000 -0.006635
27.450000 -0.009002
27.500000 -0.012059
27.550000 -0.016282
27.600000 -0.021833
27.650000 -0.029408
27.700000 -0.039464
27.750000 -0.053094
27.800000 -0.071285
27.850000 -0.095838
27.900000 -0.128687
27.950000 -0.172894
28.000000 -0.232064
28.050000 -0.311466
28.100000 -0.417605
28.150000 -0.559512
28.200000 -0.748523
28.250000 -0.999762
28.300000 -1.332040
28.350000 -1.769298
28.400000 -2.340102
28.450000 -3.078002
28.500000 -4.018822
28.550000 -5.197109
28.600000 -6.637305
28.650000 -8.341930
28.700000 -10.273866
28.750000 -12.339300
28.800000 -14.375921
28.850000 -16.161420
28.900000 -17.449070
28.950000 -18.031288
29.000000 -17.805650
29.050000 -16.812585
29.100000 -15.219750
29.150000 -13.265294
29.200000 -11.188598
29.250000 -9.181481
29.300000 -7.367652
29.350000 -5.807708
29.400000 -4.514395
29.450000 -3.471400
29.500000 -2.647260
29.550000 -2.006169
29.600000 -1.513030
29.650000 -1.137100
29.700000 -0.852204
29.750000 -0.637477
29.800000 -0.476061
29.850000 -0.355191
29.900000 -0.264709
29.950000 -0.197224
30.000000 -0.146794
30.050000 -0.109288
30.100000 -0.081262
30.150000 -0.060476
30.200000 -0.044918
30.250000 -0.033424
30.300000 -0.024788
30.350000 -0.018449
30.400000 -0.013652
30.450000 -0.010173
30.500000 -0.007506
30.550000 -0.005613
30.600000 -0.004128
30.650000 -0.003114
30.700000 -0.002284
30.750000 -0.001756
30.800000 -0.001285
30.850000 -0.001023
30.900000 -0.000748
30.950000 -0.000628
31.000000 -0.000455
31.050000 -0.000408
31.100000 -0.000287
31.150000 -0.000276
31.200000 -0.000179
31.250000 -0.000183
31.300000 -0.000098
31.350000 -0.000110
31.400000 -0.000030
31.450000 -0.000048
31.500000 0.000026
31.550000 0.000003
31.600000 0.000071
31.650000 0.000041
31.700000 0.000101
31.750000 0.000063
31.800000 0.000114
31.850000 0.000067
31.900000 0.000108
31.950000 0.000052
32.000000 0.000086
32.050000 0.000023
32.100000 0.000051
32.150000 -0.000016
32.200000 0.000009
32.250000 -0.000058
32.300000 -0.000031
32.350000 -0.000095
32.400000 -0.000063
32.450000 -0.000119
32.500000 -0.000078
32.550000 -0.000125
32.600000 -0.000075
32.650000 -0.000111
32.700000 -0.000052
32.750000 -0.000080
32.800000 -0.000014
32.850000 -0.000037
32.900000 0.000032
32.950000 0.000009
33.000000 0.000075
33.050000 0.000049
33.100000 0.000109
33.150000 0.000075
33.200000 0.000126
33.250000 0.000082
33.300000 0.000124
33.350000 0.000070
33.400000 0.000103
33.450000 0.000042
33.500000 0.000068
33.550000 0.000002
33.600000 0.000025
33.650000 -0.000041
33.700000 -0.000018
33.750000 -0.000082
33.800000 -0.000054
33.850000 -0.000112
33.900000 -0.000078
33.950000 -0.000127
34.000000 -0.000084
34.050000 -0.000125
34.100000 -0.000073
34.150000 -0.000104
34.200000 -0.000044
34.250000 -0.000067
34.300000 -0.000002
34.350000 -0.000021
34.400000 0.000046
34.450000 0.000027
34.500000 0.000091
34.550000 0.000067
34.600000 0.000124
34.650000 0.000091
34.700000 0.000138
34.750000 0.000094
34.800000 0.000130
34.850000 0.000075
34.900000 0.000101
34.950000 0.000039
35.000000 0.000058
35.050000 -0.000009
35.100000 0.000009
35.150000 -0.000057
35.200000 -0.000037
35.250000 -0.000099
35.300000 -0.000073
35.350000 -0.000126
35.400000 -0.000092
35.450000 -0.000136
35.500000 -0.000092
35.550000 -0.000127
35.600000 -0.000074
35.650000 -0.000100
35.700000 -0.000040
35.750000 -0.000060
35.800000 0.000004
35.850000 -0.000012
35.900000 0.000053
35.950000 0.000036
36.000000 0.000097
36.050000 0.000075
36.100000 0.000130
36.150000 0.000099
36.200000 0.000144
36.250000 0.000103
36.300000 0.000136
36.350000 0.000085
36.400000 0.000108
36.450000 0.000048
36.500000 0.000063
36.550000 -0.000002
36.600000 0.000011
36.650000 -0.000055
36.700000 -0.000041
36.750000 -0.000102
36.800000 -0.000082
36.850000 -0.000135
36.900000 -0.000106
36.950000 -0.000148
37.000000 -0.000108
37.050000 -0.000138
37.100000 -0.000088
37.150000 -0.000109
37.200000 -0.000051
37.250000 -0.000066
37.300000 -0.000003
37.350000 -0.000015
37.400000 0.000048
37.450000 0.000035
37.500000 0.000094
37.550000 0.000077
37.600000 0.000129
37.650000 0.000104
37.700000 0.000148
37.750000 0.000113
37.800000 0.000146
37.850000 0.000101
37.900000 0.000123
37.950000 0.000069
38.000000 0.000083
38.050000 0.000021
38.100000 0.000030
38.150000 -0.000034
38.200000 -0.000026
38.250000 -0.000088
38.300000 -0.000077
38.350000 -0.000132
38.400000 -0.000112
38.450000 -0.000156
38.500000 -0.000125
38.550000 -0.000157
38.600000 -0.000114
38.650000 -0.000135
38.700000 -0.000081
38.750000 -0.000093
38.800000 -0.000032
38.850000 -0.000039
38.900000 0.000024
38.950000 0.000017
39.000000 0.000077
39.050000 0.000067
39.100000 0.000121
39.150000 0.000104
39.200000 0.000149
39.250000 0.000123
39.300000 0.000158
39.350000 0.000121
39.400000 0.000145
39.450000 0.000099
39.500000 0.000113
39.550000 0.000059
39.600000 0.000066
39.650000 0.000006
39.700000 0.000010
39.750000 -0.000052
39.800000 -0.000048
39.850000 -0.000106
39.900000 -0.000097
39.950000 -0.000147
40.000000 -0.000128
40.050000 -0.000168
40.100000 -0.000138
40.150000 -0.000164
40.200000 -0.000122
40.250000 -0.000137
40.300000 -0.000085
40.350000 -0.000090
40.400000 -0.000031
40.450000 -0.000032
40.500000 0.000029
40.550000 0.000029
40.600000 0.000088
40.650000 0.000083
40.700000 0.000135
40.750000 0.000122
40.800000 0.000164
40.850000 0.000140
40.900000 0.000170
40.950000 0.000135
41.000000 0.000154
41.050000 0.000109
41.100000 0.000118
41.150000 0.000065
41.200000 0.000067
41.250000 0.000010
41.300000 0.000009
41.350000 -0.000050
41.400000 -0.000051
41.450000 -0.000106
41.500000 -0.000102
41.550000 -0.000151
41.600000 -0.000138
41.650000 -0.000176
41.700000 -0.000152
41.750000 -0.000178
41.800000 -0.000142
41.850000 -0.000155
41.900000 -0.000107
41.950000 -0.000110
42.000000 -0.000053
42.050000 -0.000049
42.100000 0.000012
42.150000 0.000018
42.200000 0.000077
42.250000 0.000080
42.300000 0.000133
42.350000 0.000127
42.400000 0.000170
42.450000 0.000154
42.500000 0.000185
42.550000 0.000156
42.600000 0.000175
42.650000 0.000135
42.700000 0.000143
42.750000 0.000094
42.800000 0.000094
42.850000 0.000039
42.900000 0.000034
42.950000 -0.000023
43.000000 -0.000029
43.050000 -0.000086
43.100000 -0.000089
43.150000 -0.000140
43.200000 -0.000136
43.250000 -0.000178
43.300000 -0.000164
43.350000 -0.000194
43.400000 -0.000168
43.450000 -0.000186
43.500000 -0.000147
43.550000 -0.000152
43.600000 -0.000103
43.650000 -0.000098
43.700000 -0.000041
43.750000 -0.000030
43.800000 0.000029
43.850000 0.000040
43.900000 0.000097
43.950000 0.000103
44.000000 0.000153
44.050000 0.000151
44.100000 0.000190
44.150000 0.000176
44.200000 0.000203
44.250000 0.000177
44.300000 0.000192
44.350000 0.000156
44.400000 0.000162
44.450000 0.000117
44.500000 0.000117
44.550000 0.000069
44.600000 0.000067
44.650000 0.000020
44.700000 0.000021
44.750000 -0.000020
44.800000 -0.000011
44.850000 -0.000041
44.900000 -0.000020
44.950000 -0.000036
