-30.000000 0.000117
-29.950000 0.000101
-29.900000 0.000202
-29.850000 0.000170
-29.800000 0.000254
-29.750000 0.000205
-29.700000 0.000273
-29.650000 0.000207
-29.600000 0.000258
-29.550000 0.000177
-29.500000 0.000213
-29.450000 0.000119
-29.400000 0.000144
-29.350000 0.000041
-29.300000 0.000060
-29.250000 -0.000046
-29.200000 -0.000028
-29.150000 -0.000131
-29.100000 -0.000108
-29.050000 -0.000204
-29.000000 -0.000171
-28.950000 -0.000256
-28.900000 -0.000210
-28.850000 -0.000281
-28.800000 -0.000222
-28.750000 -0.000280
-28.700000 -0.000207
-28.650000 -0.000252
-28.600000 -0.000169
-28.550000 -0.000204
-28.500000 -0.000112
-28.450000 -0.000141
-28.400000 -0.000043
-28.350000 -0.000068
-28.300000 0.000031
-28.250000 0.000007
-28.200000 0.000106
-28.150000 0.000080
-28.100000 0.000175
-28.050000 0.000144
-28.000000 0.000233
-27.950000 0.000194
-27.900000 0.000275
-27.850000 0.000226
-27.800000 0.000296
-27.750000 0.000235
-27.700000 0.000292
-27.650000 0.000219
-27.600000 0.000263
-27.550000 0.000176
-27.500000 0.000208
-27.450000 0.000111
-27.400000 0.000133
-27.350000 0.000029
-27.300000 0.000046
-27.250000 -0.000062
-27.200000 -0.000045
-27.150000 -0.000150
-27.100000 -0.000128
-27.050000 -0.000226
-27.000000 -0.000194
-26.950000 -0.000280
-26.900000 -0.000236
-26.850000 -0.000309
-26.800000 -0.000251
-26.750000 -0.000310
-26.700000 -0.000239
-26.650000 -0.000285
-26.600000 -0.000202
-26.550000 -0.000239
-26.500000 -0.000147
-26.450000 -0.000176
-26.400000 -0.000079
-26.350000 -0.000104
-26.300000 -0.000003
-26.250000 -0.000026
-26.200000 0.000076
-26.150000 0.000052
-26.100000 0.000152
-26.050000 0.000125
-26.000000 0.000221
-25.950000 0.000188
-25.900000 0.000276
-25.850000 0.000235
-25.800000 0.000313
-25.750000 0.000261
-25.700000 0.000326
-25.650000 0.000260
-25.600000 0.000312
-25.550000 0.000232
-25.500000 0.000270
-25.450000 0.000177
-25.400000 0.000204
-25.350000 0.000101
-25.300000 0.000119
-25.250000 0.000010
-25.200000 0.000024
-25.150000 -0.000086
-25.100000 -0.000070
-25.050000 -0.000175
-25.000000 -0.000153
-24.950000 -0.000250
-24.900000 -0.000217
-24.850000 -0.000302
-24.800000 -0.000257
-24.750000 -0.000329
-24.700000 -0.000270
-24.650000 -0.000330
-24.600000 -0.000259
-24.550000 -0.000308
-24.500000 -0.000226
-24.450000 -0.000265
-24.400000 -0.000175
-24.350000 -0.000207
-24.300000 -0.000111
-24.250000 -0.000137
-24.200000 -0.000035
-24.150000 -0.000058
-24.100000 0.000047
-24.050000 0.000027
-24.000000 0.000132
-23.950000 0.000111
-23.900000 0.000213
-23.850000 0.000187
-23.800000 0.000284
-23.750000 0.000249
-23.700000 0.000335
-23.650000 0.000289
-23.600000 0.000361
-23.550000 0.000300
-23.500000 0.000357
-23.450000 0.000281
-23.400000 0.000323
-23.350000 0.000233
-23.300000 0.000262
-23.250000 0.000161
-23.200000 0.000181
-23.150000 0.000073
-23.100000 0.000089
-23.050000 -0.000022
-23.000000 -0.000006
-22.950000 -0.000115
-22.900000 -0.000095
-22.850000 -0.000199
-22.800000 -0.000172
-22.750000 -0.000268
-22.700000 -0.000231
-22.650000 -0.000317
-22.600000 -0.000271
-22.550000 -0.000346
-22.500000 -0.000289
-22.450000 -0.000353
-22.400000 -0.000285
-22.350000 -0.000339
-22.300000 -0.000261
-22.250000 -0.000306
-22.200000 -0.000218
-22.150000 -0.000253
-22.100000 -0.000156
-22.050000 -0.000183
-22.000000 -0.000078
-21.950000 -0.000097
-21.900000 0.000013
-21.850000 -0.000002
-21.800000 0.000111
-21.750000 0.000096
-21.700000 0.000206
-21.650000 0.000186
-21.600000 0.000290
-21.550000 0.000261
-21.500000 0.000353
-21.450000 0.000310
-21.400000 0.000388
-21.350000 0.000331
-21.300000 0.000393
-21.250000 0.000321
-21.200000 0.000369
-21.150000 0.000283
-21.100000 0.000320
-21.050000 0.000224
-21.000000 0.000252
-20.950000 0.000149
-20.900000 0.000172
-20.850000 0.000065
-20.800000 0.000085
-20.750000 -0.000024
-20.700000 -0.000003
-20.650000 -0.000111
-20.600000 -0.000089
-20.550000 -0.000194
-20.500000 -0.000167
-20.450000 -0.000267
-20.400000 -0.000234
-20.350000 -0.000328
-20.300000 -0.000287
-20.250000 -0.000372
-20.200000 -0.000322
-20.150000 -0.000396
-20.100000 -0.000335
-20.050000 -0.000397
-20.000000 -0.000323
-19.950000 -0.000372
-19.900000 -0.000284
-19.850000 -0.000320
-19.800000 -0.000220
-19.750000 -0.000244
-19.700000 -0.000133
-19.650000 -0.000149
-19.600000 -0.000032
-19.550000 -0.000044
-19.500000 0.000074
-19.450000 0.000061
-19.400000 0.000175
-19.350000 0.000156
-19.300000 0.000262
-19.250000 0.000234
-19.200000 0.000330
-19.150000 0.000290
-19.100000 0.000375
-19.050000 0.000324
-19.000000 0.000399
-18.950000 0.000337
-18.900000 0.000402
-18.850000 0.000331
-18.800000 0.000386
-18.750000 0.000306
-18.700000 0.000353
-18.650000 0.000264
-18.600000 0.000302
-18.550000 0.000204
-18.500000 0.000234
-18.450000 0.000129
-18.400000 0.000152
-18.350000 0.000040
-18.300000 0.000058
-18.250000 -0.000058
-18.200000 -0.000043
-18.150000 -0.000159
-18.100000 -0.000142
-18.050000 -0.000255
-18.000000 -0.000233
-17.950000 -0.000339
-17.900000 -0.000307
-17.850000 -0.000402
-17.800000 -0.000358
-17.750000 -0.000439
-17.700000 -0.000381
-17.650000 -0.000448
-17.600000 -0.000376
-17.550000 -0.000429
-17.500000 -0.000343
-17.450000 -0.000384
-17.400000 -0.000289
-17.350000 -0.000321
-17.300000 -0.000218
-17.250000 -0.000245
-17.200000 -0.000137
-17.150000 -0.000161
-17.100000 -0.000051
-17.050000 -0.000074
-17.000000 0.000036
-16.950000 0.000013
-16.900000 0.000123
-16.850000 0.000099
-16.800000 0.000208
-16.750000 0.000182
-16.700000 0.000288
-16.650000 0.000259
-16.600000 0.000359
-16.550000 0.000324
-16.500000 0.000417
-16.450000 0.000372
-16.400000 0.000455
-16.350000 0.000398
-16.300000 0.000468
-16.250000 0.000397
-16.200000 0.000453
-16.150000 0.000368
-16.100000 0.000410
-16.050000 0.000313
-16.000000 0.000343
-15.950000 0.000235
-15.900000 0.000258
-15.850000 0.000143
-15.800000 0.000161
-15.750000 0.000044
-15.700000 0.000061
-15.650000 -0.000055
-15.600000 -0.000036
-15.550000 -0.000149
-15.500000 -0.000125
-15.450000 -0.000233
-15.400000 -0.000204
-15.350000 -0.000305
-15.300000 -0.000270
-15.250000 -0.000365
-15.200000 -0.000323
-15.150000 -0.000412
-15.100000 -0.000363
-15.050000 -0.000444
-15.000000 -0.000388
-14.950000 -0.000462
-14.900000 -0.000396
-14.850000 -0.000461
-14.800000 -0.000386
-14.750000 -0.000440
-14.700000 -0.000353
-14.650000 -0.000396
-14.600000 -0.000298
-14.550000 -0.000330
-14.500000 -0.000222
-14.450000 -0.000244
-14.400000 -0.000127
-14.350000 -0.000143
-14.300000 -0.000023
-14.250000 -0.000036
-14.200000 0.000085
-14.150000 0.000069
-14.100000 0.000186
-14.050000 0.000165
-14.000000 0.000275
-13.950000 0.000245
-13.900000 0.000346
-13.850000 0.000307
-13.800000 0.000399
-13.750000 0.000352
-13.700000 0.000436
-13.650000 0.000381
-13.600000 0.000458
-13.550000 0.000397
-13.500000 0.000468
-13.450000 0.000400
-13.400000 0.000464
-13.350000 0.000389
-13.300000 0.000446
-13.250000 0.000363
-13.200000 0.000411
-13.150000 0.000319
-13.100000 0.000358
-13.050000 0.000256
-13.000000 0.000286
-12.950000 0.000176
-12.900000 0.000199
-12.850000 0.000083
-12.800000 0.000101
-12.750000 -0.000019
-12.700000 -0.000002
-12.650000 -0.000122
-12.600000 -0.000104
-12.550000 -0.000220
-12.500000 -0.000197
-12.450000 -0.000307
-12.400000 -0.000276
-12.350000 -0.000378
-12.300000 -0.000338
-12.250000 -0.000430
-12.200000 -0.000380
-12.150000 -0.000463
-12.100000 -0.000404
-12.050000 -0.000478
-12.000000 -0.000413
-11.950000 -0.000480
-11.900000 -0.000408
-11.850000 -0.000471
-11.800000 -0.000394
-11.750000 -0.000451
-11.700000 -0.000370
-11.650000 -0.000422
-11.600000 -0.000334
-11.550000 -0.000379
-11.500000 -0.000284
-11.450000 -0.000322
-11.400000 -0.000219
-11.350000 -0.000249
-11.300000 -0.000138
-11.250000 -0.000162
-11.200000 -0.000045
-11.150000 -0.000065
-11.100000 0.000054
-11.050000 0.000035
-11.000000 0.000152
-10.950000 0.000131
-10.900000 0.000243
-10.850000 0.000216
-10.800000 0.000321
-10.750000 0.000286
-10.700000 0.000383
-10.650000 0.000340
-10.600000 0.000429
-10.550000 0.000377
-10.500000 0.000459
-10.450000 0.000400
-10.400000 0.000476
-10.350000 0.000411
-10.300000 0.000481
-10.250000 0.000412
-10.200000 0.000478
-10.150000 0.000405
-10.100000 0.000467
-10.050000 0.000390
-10.000000 0.000448
-9.950000 0.000365
-9.900000 0.000418
-9.850000 0.000329
-9.800000 0.000374
-9.750000 0.000279
-9.700000 0.000316
-9.650000 0.000213
-9.600000 0.000243
-9.550000 0.000133
-9.500000 0.000158
-9.450000 0.000045
-9.400000 0.000067
-9.350000 -0.000047
-9.300000 -0.000023
-9.250000 -0.000134
-9.200000 -0.000106
-9.150000 -0.000211
-9.100000 -0.000177
-9.050000 -0.000276
-9.000000 -0.000234
-8.950000 -0.000327
-8.900000 -0.000280
-8.850000 -0.000367
-8.800000 -0.000315
-8.750000 -0.000398
-8.700000 -0.000344
-8.650000 -0.000424
-8.600000 -0.000368
-8.550000 -0.000447
-8.500000 -0.000389
-8.450000 -0.000465
-8.400000 -0.000404
-8.350000 -0.000477
-8.300000 -0.000411
-8.250000 -0.000479
-8.200000 -0.000407
-8.150000 -0.000468
-8.100000 -0.000389
-8.050000 -0.000442
-8.000000 -0.000356
-7.950000 -0.000401
-7.900000 -0.000308
-7.850000 -0.000347
-7.800000 -0.000249
-7.750000 -0.000284
-7.700000 -0.000182
-7.650000 -0.000216
-7.600000 -0.000114
-7.550000 -0.000149
-7.500000 -0.000049
-7.450000 -0.000086
-7.400000 0.000010
-7.350000 -0.000031
-7.300000 0.000061
-7.250000 0.000017
-7.200000 0.000106
-7.150000 0.000059
-7.100000 0.000146
-7.050000 0.000098
-7.000000 0.000186
-6.950000 0.000139
-6.900000 0.000227
-6.850000 0.000181
-6.800000 0.000271
-6.750000 0.000226
-6.700000 0.000316
-6.650000 0.000271
-6.600000 0.000358
-6.550000 0.000310
-6.500000 0.000393
-6.450000 0.000339
-6.400000 0.000415
-6.350000 0.000353
-6.300000 0.000422
-6.250000 0.000353
-6.200000 0.000414
-6.150000 0.000340
-6.100000 0.000396
-6.050000 0.000318
-6.000000 0.000371
-5.950000 0.000292
-5.900000 0.000346
-5.850000 0.000268
-5.800000 0.000323
-5.750000 0.000248
-5.700000 0.000305
-5.650000 0.000232
-5.600000 0.000291
-5.550000 0.000219
-5.500000 0.000278
-5.450000 0.000206
-5.400000 0.000264
-5.350000 0.000189
-5.300000 0.000245
-5.250000 0.000167
-5.200000 0.000219
-5.150000 0.000139
-5.100000 0.000188
-5.050000 0.000105
-5.000000 0.000152
-4.950000 0.000067
-4.900000 0.000114
-4.850000 0.000030
-4.800000 0.000078
-4.750000 -0.000002
-4.700000 0.000050
-4.650000 -0.000026
-4.600000 0.000032
-4.550000 -0.000038
-4.500000 0.000025
-4.450000 -0.000039
-4.400000 0.000028
-4.350000 -0.000032
-4.300000 0.000037
-4.250000 -0.000023
-4.200000 0.000045
-4.150000 -0.000016
-4.100000 0.000050
-4.050000 -0.000015
-4.000000 0.000047
-3.950000 -0.000020
-3.900000 0.000039
-3.850000 -0.000029
-3.800000 0.000029
-3.750000 -0.000040
-3.700000 0.000020
-3.650000 -0.000046
-3.600000 0.000017
-3.550000 -0.000044
-3.500000 0.000023
-3.450000 -0.000035
-3.400000 0.000036
-3.350000 -0.000017
-3.300000 0.000056
-3.250000 0.000005
-3.200000 0.000079
-3.150000 0.000027
-3.100000 0.000099
-3.050000 0.000045
-3.000000 0.000113
-2.950000 0.000054
-2.900000 0.000116
-2.850000 0.000052
-2.800000 0.000108
-2.750000 0.000038
-2.700000 0.000088
-2.650000 0.000013
-2.600000 0.000058
-2.550000 -0.000021
-2.500000 0.000022
-2.450000 -0.000059
-2.400000 -0.000017
-2.350000 -0.000099
-2.300000 -0.000060
-2.250000 -0.000143
-2.200000 -0.000106
-2.150000 -0.000192
-2.100000 -0.000160
-2.050000 -0.000254
-2.000000 -0.000231
-1.950000 -0.000336
-1.900000 -0.000327
-1.850000 -0.000448
-1.800000 -0.000458
-1.750000 -0.000599
-1.700000 -0.000632
-1.650000 -0.000797
-1.600000 -0.000854
-1.550000 -0.001045
-1.500000 -0.001131
-1.450000 -0.001350
-1.400000 -0.001466
-1.350000 -0.001718
-1.300000 -0.001870
-1.250000 -0.002159
-1.200000 -0.002351
-1.150000 -0.002686
-1.100000 -0.002930
-1.050000 -0.003321
-1.000000 -0.003628
-0.950000 -0.004090
-0.900000 -0.004478
-0.850000 -0.005030
-0.800000 -0.005517
-0.750000 -0.006181
-0.700000 -0.006792
-0.650000 -0.007593
-0.600000 -0.008356
-0.550000 -0.009323
-0.500000 -0.010271
-0.450000 -0.011440
-0.400000 -0.012610
-0.350000 -0.014023
-0.300000 -0.015460
-0.250000 -0.017167
-0.200000 -0.018928
-0.150000 -0.020990
-0.100000 -0.023142
-0.050000 -0.025635
0.000000 -0.028261
0.050000 -0.031275
0.100000 -0.034476
0.150000 -0.038124
0.200000 -0.042025
0.250000 -0.046442
0.300000 -0.051191
0.350000 -0.056543
0.400000 -0.062320
0.450000 -0.068802
0.500000 -0.075821
0.550000 -0.083666
0.600000 -0.092179
0.650000 -0.101660
0.700000 -0.111962
0.750000 -0.123397
0.800000 -0.135832
0.850000 -0.149589
0.900000 -0.164551
0.950000 -0.181054
1.000000 -0.198994
1.050000 -0.218721
1.100000 -0.240145
1.150000 -0.263627
1.200000 -0.289090
1.250000 -0.316902
1.300000 -0.346993
1.350000 -0.379731
1.400000 -0.415045
1.450000 -0.453295
1.500000 -0.494393
1.550000 -0.538675
1.600000 -0.586019
1.650000 -0.636715
1.700000 -0.690585
1.750000 -0.747844
1.800000 -0.808228
1.850000 -0.871847
1.900000 -0.938317
1.950000 -1.007612
2.000000 -1.079192
2.050000 -1.152864
2.100000 -1.227912
2.150000 -1.303956
2.200000 -1.380093
2.250000 -1.455762
2.300000 -1.529892
2.350000 -1.601772
2.400000 -1.670218
2.450000 -1.734441
2.500000 -1.793230
2.550000 -1.845826
2.600000 -1.891106
2.650000 -1.928461
2.700000 -1.956985
2.750000 -1.976339
2.800000 -1.985937
2.850000 -1.985798
2.900000 -1.975715
2.950000 -1.956097
3.000000 -1.927119
3.050000 -1.889544
3.100000 -1.843865
3.150000 -1.791114
3.200000 -1.731997
3.250000 -1.667695
3.300000 -1.598999
3.350000 -1.527117
3.400000 -1.452812
3.450000 -1.377212
3.500000 -1.300965
3.550000 -1.225050
3.600000 -1.149945
3.650000 -1.076448
3.700000 -1.004850
3.750000 -0.935762
3.800000 -0.869300
3.850000 -0.805908
3.900000 -0.745547
3.950000 -0.688523
4.000000 -0.634681
4.050000 -0.584222
4.100000 -0.536902
4.150000 -0.492852
4.200000 -0.451770
4.250000 -0.413742
4.300000 -0.378433
4.350000 -0.345905
4.400000 -0.315808
4.450000 -0.288194
4.500000 -0.262714
4.550000 -0.239419
4.600000 -0.217966
4.650000 -0.198416
4.700000 -0.180438
4.750000 -0.164102
4.800000 -0.149092
4.850000 -0.135494
4.900000 -0.123002
4.950000 -0.111718
5.000000 -0.101350
5.050000 -0.092012
5.100000 -0.083427
5.150000 -0.075718
5.200000 -0.068622
5.250000 -0.062272
5.300000 -0.056415
5.350000 -0.051193
5.400000 -0.046363
5.450000 -0.042075
5.500000 -0.038092
5.550000 -0.034572
5.600000 -0.031287
5.650000 -0.028399
5.700000 -0.025686
5.750000 -0.023316
5.800000 -0.021073
5.850000 -0.019129
5.900000 -0.017273
5.950000 -0.015681
6.000000 -0.014145
6.050000 -0.012843
6.100000 -0.011573
6.150000 -0.010514
6.200000 -0.009465
6.250000 -0.008607
6.300000 -0.007742
6.350000 -0.007051
6.400000 -0.006339
6.450000 -0.005786
6.500000 -0.005198
6.550000 -0.004758
6.600000 -0.004271
6.650000 -0.003922
6.700000 -0.003516
6.750000 -0.003239
6.800000 -0.002898
6.850000 -0.002677
6.900000 -0.002387
6.950000 -0.002210
7.000000 -0.001960
7.050000 -0.001818
7.100000 -0.001599
7.150000 -0.001487
7.200000 -0.001294
7.250000 -0.001206
7.300000 -0.001036
7.350000 -0.000970
7.400000 -0.000823
7.450000 -0.000777
7.500000 -0.000651
7.550000 -0.000626
7.600000 -0.000518
7.650000 -0.000511
7.700000 -0.000422
7.750000 -0.000430
7.800000 -0.000354
7.850000 -0.000373
7.900000 -0.000307
7.950000 -0.000333
8.000000 -0.000271
8.050000 -0.000300
8.100000 -0.000239
8.150000 -0.000266
8.200000 -0.000204
8.250000 -0.000229
8.300000 -0.000163
8.350000 -0.000186
8.400000 -0.000118
8.450000 -0.000140
8.500000 -0.000073
8.550000 -0.000097
8.600000 -0.000033
8.650000 -0.000060
8.700000 -0.000002
8.750000 -0.000036
8.800000 0.000016
8.850000 -0.000024
8.900000 0.000021
8.950000 -0.000025
9.000000 0.000014
9.050000 -0.000037
9.100000 -0.000001
9.150000 -0.000053
9.200000 -0.000019
9.250000 -0.000070
9.300000 -0.000034
9.350000 -0.000082
9.400000 -0.000042
9.450000 -0.000085
9.500000 -0.000039
9.550000 -0.000077
9.600000 -0.000026
9.650000 -0.000058
9.700000 -0.000004
9.750000 -0.000034
9.800000 0.000022
9.850000 -0.000007
9.900000 0.000047
9.950000 0.000014
10.000000 0.000064
10.050000 0.000026
10.100000 0.000069
10.150000 0.000025
10.200000 0.000061
10.250000 0.000011
10.300000 0.000041
10.350000 -0.000013
10.400000 0.000015
10.450000 -0.000040
10.500000 -0.000011
10.550000 -0.000064
10.600000 -0.000031
10.650000 -0.000078
10.700000 -0.000038
10.750000 -0.000078
10.800000 -0.000033
10.850000 -0.000067
10.900000 -0.000018
10.950000 -0.000048
11.000000 0.000003
11.050000 -0.000027
11.100000 0.000022
11.150000 -0.000011
11.200000 0.000034
11.250000 -0.000006
11.300000 0.000032
11.350000 -0.000015
11.400000 0.000014
11.450000 -0.000042
11.500000 -0.000023
11.550000 -0.000090
11.600000 -0.000082
11.650000 -0.000160
11.700000 -0.000164
11.750000 -0.000256
11.800000 -0.000275
11.850000 -0.000384
11.900000 -0.000423
11.950000 -0.000555
12.000000 -0.000623
12.050000 -0.000790
12.100000 -0.000904
12.150000 -0.001127
12.200000 -0.001311
12.250000 -0.001623
12.300000 -0.001917
12.350000 -0.002365
12.400000 -0.002828
12.450000 -0.003484
12.500000 -0.004202
12.550000 -0.005170
12.600000 -0.006268
12.650000 -0.007697
12.700000 -0.009357
12.750000 -0.011471
12.800000 -0.013962
12.850000 -0.017086
12.900000 -0.020806
12.950000 -0.025424
13.000000 -0.030963
13.050000 -0.037792
13.100000 -0.046022
13.150000 -0.056126
13.200000 -0.068339
13.250000 -0.083286
13.300000 -0.101384
13.350000 -0.123478
13.400000 -0.150248
13.450000 -0.182852
13.500000 -0.222341
13.550000 -0.270310
13.600000 -0.328325
13.650000 -0.398572
13.700000 -0.483291
13.750000 -0.585427
13.800000 -0.708048
13.850000 -0.854970
13.900000 -1.030137
13.950000 -1.238164
14.000000 -1.483609
14.050000 -1.771352
14.100000 -2.105648
14.150000 -2.490219
14.200000 -2.926964
14.250000 -3.415692
14.300000 -3.952499
14.350000 -4.529302
14.400000 -5.132304
14.450000 -5.742063
14.500000 -6.333079
14.550000 -6.875599
14.600000 -7.337405
14.650000 -7.687852
14.700000 -7.901282
14.750000 -7.961398
14.800000 -7.863298
14.850000 -7.614862
14.900000 -7.234880
14.950000 -6.750658
15.000000 -6.193507
15.050000 -5.595398
15.100000 -4.985158
15.150000 -4.386960
15.200000 -3.818794
15.250000 -3.293073
15.300000 -2.816705
15.350000 -2.392668
15.400000 -2.020489
15.450000 -1.697823
15.500000 -1.420696
15.550000 -1.184731
15.600000 -0.985033
15.650000 -0.817082
15.700000 -0.676350
15.750000 -0.558989
15.800000 -0.461299
15.850000 -0.380311
15.900000 -0.313189
15.950000 -0.257776
16.000000 -0.211974
16.050000 -0.174282
16.100000 -0.143174
16.150000 -0.117640
16.200000 -0.096577
16.250000 -0.079330
16.300000 -0.065096
16.350000 -0.053472
16.400000 -0.043863
16.450000 -0.036041
16.500000 -0.029555
16.550000 -0.024297
16.600000 -0.019916
16.650000 -0.016384
16.700000 -0.013419
16.750000 -0.011047
16.800000 -0.009033
16.850000 -0.007441
16.900000 -0.006066
16.950000 -0.004999
17.000000 -0.004055
17.050000 -0.003342
17.100000 -0.002690
17.150000 -0.002219
17.200000 -0.001768
17.250000 -0.001463
17.300000 -0.001151
17.350000 -0.000963
17.400000 -0.000748
17.450000 -0.000640
17.500000 -0.000492
17.550000 -0.000441
17.600000 -0.000338
17.650000 -0.000323
17.700000 -0.000249
17.750000 -0.000255
17.800000 -0.000197
17.850000 -0.000213
17.900000 -0.000162
17.950000 -0.000181
18.000000 -0.000130
18.050000 -0.000149
18.100000 -0.000096
18.150000 -0.000112
18.200000 -0.000057
18.250000 -0.000071
18.300000 -0.000015
18.350000 -0.000031
18.400000 0.000023
18.450000 0.000005
18.500000 0.000055
18.550000 0.000031
18.600000 0.000075
18.650000 0.000044
18.700000 0.000081
18.750000 0.000044
18.800000 0.000074
18.850000 0.000030
18.900000 0.000054
18.950000 0.000006
19.000000 0.000026
19.050000 -0.000024
19.100000 -0.000005
19.150000 -0.000055
19.200000 -0.000034
19.250000 -0.000080
19.300000 -0.000054
19.350000 -0.000094
19.400000 -0.000059
19.450000 -0.000091
19.500000 -0.000048
19.550000 -0.000072
19.600000 -0.000022
19.650000 -0.000040
19.700000 0.000013
19.750000 -0.000003
19.800000 0.000050
19.850000 0.000031
19.900000 0.000079
19.950000 0.000054
20.000000 0.000095
20.050000 0.000062
20.100000 0.000094
20.150000 0.000053
20.200000 0.000077
20.250000 0.000029
20.300000 0.000048
20.350000 -0.000003
20.400000 0.000014
20.450000 -0.000038
20.500000 -0.000019
20.550000 -0.000068
20.600000 -0.000045
20.650000 -0.000087
20.700000 -0.000058
20.750000 -0.000094
20.800000 -0.000057
20.850000 -0.000085
20.900000 -0.000042
20.950000 -0.000064
21.000000 -0.000015
21.050000 -0.000033
21.100000 0.000018
21.150000 0.000001
21.200000 0.000051
21.250000 0.000032
21.300000 0.000079
21.350000 0.000055
21.400000 0.000095
21.450000 0.000064
21.500000 0.000097
21.550000 0.000058
21.600000 0.000083
21.650000 0.000036
21.700000 0.000055
21.750000 0.000003
21.800000 0.000017
21.850000 -0.000036
21.900000 -0.000022
21.950000 -0.000073
22.000000 -0.000053
22.050000 -0.000098
22.100000 -0.000070
22.150000 -0.000105
22.200000 -0.000069
22.250000 -0.000095
22.300000 -0.000049
22.350000 -0.000068
22.400000 -0.000017
22.450000 -0.000031
22.500000 0.000022
22.550000 0.000007
22.600000 0.000058
22.650000 0.000040
22.700000 0.000085
22.750000 0.000061
22.800000 0.000099
22.850000 0.000067
22.900000 0.000098
22.950000 0.000058
23.000000 0.000082
23.050000 0.000036
23.100000 0.000055
23.150000 0.000005
23.200000 0.000021
23.250000 -0.000030
23.300000 -0.000015
23.350000 -0.000064
23.400000 -0.000046
23.450000 -0.000091
23.500000 -0.000066
23.550000 -0.000104
23.600000 -0.000072
23.650000 -0.000101
23.700000 -0.000061
23.750000 -0.000082
23.800000 -0.000034
23.850000 -0.000049
23.900000 0.000004
23.950000 -0.000008
24.000000 0.000045
24.050000 0.000032
24.100000 0.000082
24.150000 0.000063
24.200000 0.000106
24.250000 0.000079
24.300000 0.000112
24.350000 0.000076
24.400000 0.000100
24.450000 0.000055
24.500000 0.000070
24.550000 0.000019
24.600000 0.000031
24.650000 -0.000022
24.700000 -0.000011
24.750000 -0.000062
24.800000 -0.000047
24.850000 -0.000092
24.900000 -0.000071
24.950000 -0.000108
25.000000 -0.000078
25.050000 -0.000106
25.100000 -0.000068
25.150000 -0.000089
25.200000 -0.000045
25.250000 -0.000060
25.300000 -0.000011
25.350000 -0.000023
25.400000 0.000027
25.450000 0.000015
25.500000 0.000064
25.550000 0.000049
25.600000 0.000094
25.650000 0.000073
25.700000 0.000110
25.750000 0.000082
25.800000 0.000111
25.850000 0.000074
25.900000 0.000094
25.950000 0.000049
26.000000 0.000061
26.050000 0.000010
26.100000 0.000018
26.150000 -0.000034
26.200000 -0.000026
26.250000 -0.000077
26.300000 -0.000064
26.350000 -0.000108
26.400000 -0.000087
26.450000 -0.000121
26.500000 -0.000091
26.550000 -0.000114
26.600000 -0.000074
26.650000 -0.000088
26.700000 -0.000040
26.750000 -0.000049
26.800000 0.000003
26.850000 -0.000004
26.900000 0.000047
26.950000 0.000038
27.000000 0.000085
27.050000 0.000070
27.100000 0.000109
27.150000 0.000086
27.200000 0.000117
27.250000 0.000086
27.300000 0.000108
27.350000 0.000069
27.400000 0.000083
27.450000 0.000038
27.500000 0.000048
27.550000 -0.000001
27.600000 0.000007
27.650000 -0.000042
27.700000 -0.000034
27.750000 -0.000081
27.800000 -0.000068
27.850000 -0.000109
27.900000 -0.000090
27.950000 -0.000122
28.000000 -0.000094
28.050000 -0.000117
28.100000 -0.000080
28.150000 -0.000093
28.200000 -0.000048
28.250000 -0.000054
28.300000 -0.000003
28.350000 -0.000006
28.400000 0.000045
28.450000 0.000041
28.500000 0.000089
28.550000 0.000080
28.600000 0.000120
28.650000 0.000101
28.700000 0.000131
28.750000 0.000102
28.800000 0.000121
28.850000 0.000082
28.900000 0.000091
28.950000 0.000044
29.000000 0.000048
29.050000 -0.000002
29.100000 -0.000000
29.150000 -0.000050
29.200000 -0.000045
29.250000 -0.000090
29.300000 -0.000079
29.350000 -0.000116
29.400000 -0.000097
29.450000 -0.000126
29.500000 -0.000098
29.550000 -0.000118
29.600000 -0.000082
29.650000 -0.000094
29.700000 -0.000051
29.750000 -0.000057
29.800000 -0.000011
29.850000 -0.000013
29.900000 0.000035
29.950000 0.000032
30.000000 0.000079
30.050000 0.000073
30.100000 0.000114
30.150000 0.000101
30.200000 0.000133
30.250000 0.000110
30.300000 0.000132
30.350000 0.000099
30.400000 0.000110
30.450000 0.000068
30.500000 0.000071
30.550000 0.000022
30.600000 0.000020
30.650000 -0.000031
30.700000 -0.000033
30.750000 -0.000081
30.800000 -0.000078
30.850000 -0.000120
30.900000 -0.000108
30.950000 -0.000140
31.000000 -0.000118
31.050000 -0.000138
31.100000 -0.000107
31.150000 -0.000117
31.200000 -0.000077
31.250000 -0.000081
31.300000 -0.000036
31.350000 -0.000038
31.400000 0.000007
31.450000 0.000003
31.500000 0.000042
31.550000 0.000030
31.600000 0.000058
31.650000 0.000031
31.700000 0.000041
31.750000 -0.000008
31.800000 -0.000027
31.850000 -0.000109
31.900000 -0.000171
31.950000 -0.000308
32.000000 -0.000439
32.050000 -0.000665
32.100000 -0.000914
32.150000 -0.001294
32.200000 -0.001745
32.250000 -0.002396
32.300000 -0.003209
32.350000 -0.004343
32.400000 -0.005807
32.450000 -0.007814
32.500000 -0.010453
32.550000 -0.014041
32.600000 -0.018808
32.650000 -0.025261
32.700000 -0.033881
32.750000 -0.045517
32.800000 -0.061107
32.850000 -0.082105
32.900000 -0.110266
32.950000 -0.148130
33.000000 -0.198894
33.050000 -0.267008
33.100000 -0.358185
33.150000 -0.480161
33.200000 -0.642900
33.250000 -0.859547
33.300000 -1.146809
33.350000 -1.525971
33.400000 -2.023086
33.450000 -2.669317
33.500000 -3.499571
33.550000 -4.549892
33.600000 -5.851184
33.650000 -7.419378
33.700000 -9.240272
33.750000 -11.251811
33.800000 -13.327904
33.850000 -15.275101
33.900000 -16.852907
33.950000 -17.824548
34.000000 -18.025286
34.050000 -17.419389
34.100000 -16.113009
34.150000 -14.316249
34.200000 -12.275654
34.250000 -10.212344
34.300000 -8.286257
34.350000 -6.589510
34.400000 -5.157466
34.450000 -3.986965
34.500000 -3.052830
34.550000 -2.320639
34.600000 -1.754327
34.650000 -1.320737
34.700000 -0.991183
34.750000 -0.742151
34.800000 -0.554690
34.850000 -0.414066
34.900000 -0.308764
34.950000 -0.230097
35.000000 -0.171347
35.050000 -0.127564
35.100000 -0.094903
35.150000 -0.070601
35.200000 -0.052475
35.250000 -0.039008
35.300000 -0.028954
35.350000 -0.021501
35.400000 -0.015926
35.450000 -0.011810
35.500000 -0.008722
35.550000 -0.006458
35.600000 -0.004752
35.650000 -0.003517
35.700000 -0.002579
35.750000 -0.001918
35.800000 -0.001407
35.850000 -0.001063
35.900000 -0.000789
35.950000 -0.000620
36.000000 -0.000475
36.050000 -0.000400
36.100000 -0.000323
36.150000 -0.000295
36.200000 -0.000252
36.250000 -0.000246
36.300000 -0.000215
36.350000 -0.000216
36.400000 -0.000188
36.450000 -0.000187
36.500000 -0.000155
36.550000 -0.000149
36.600000 -0.000113
36.650000 -0.000101
36.700000 -0.000059
36.750000 -0.000043
36.800000 0.000001
36.850000 0.000018
36.900000 0.000062
36.950000 0.000077
37.000000 0.000116
37.050000 0.000125
37.100000 0.000155
37.150000 0.000155
37.200000 0.000173
37.250000 0.000161
37.300000 0.000167
37.350000 0.000141
37.400000 0.000135
37.450000 0.000100
37.500000 0.000084
37.550000 0.000041
37.600000 0.000021
37.650000 -0.000023
37.700000 -0.000043
37.750000 -0.000084
37.800000 -0.000099
37.850000 -0.000133
37.900000 -0.000139
37.950000 -0.000163
38.000000 -0.000159
38.050000 -0.000171
38.100000 -0.000156
38.150000 -0.000158
38.200000 -0.000133
38.250000 -0.000125
38.300000 -0.000093
38.350000 -0.000078
38.400000 -0.000041
38.450000 -0.000022
38.500000 0.000018
38.550000 0.000038
38.600000 0.000076
38.650000 0.000094
38.700000 0.000127
38.750000 0.000138
38.800000 0.000163
38.850000 0.000166
38.900000 0.000180
38.950000 0.000171
39.000000 0.000173
39.050000 0.000152
39.100000 0.000142
39.150000 0.000111
39.200000 0.000092
39.250000 0.000053
39.300000 0.000027
39.350000 -0.000015
39.400000 -0.000042
39.450000 -0.000082
39.500000 -0.000105
39.550000 -0.000139
39.600000 -0.000154
39.650000 -0.000177
39.700000 -0.000180
39.750000 -0.000190
39.800000 -0.000180
39.850000 -0.000177
39.900000 -0.000156
39.950000 -0.000142
40.000000 -0.000111
40.050000 -0.000089
40.100000 -0.000054
40.150000 -0.000028
40.200000 0.000009
40.250000 0.000035
40.300000 0.000070
40.350000 0.000092
40.400000 0.000122
40.450000 0.000139
40.500000 0.000162
40.550000 0.000171
40.600000 0.000184
40.650000 0.000183
40.700000 0.000185
40.750000 0.000174
40.800000 0.000164
40.850000 0.000142
40.900000 0.000121
40.950000 0.000089
41.000000 0.000061
41.050000 0.000023
41.100000 -0.000010
41.150000 -0.000049
41.200000 -0.000082
41.250000 -0.000117
41.300000 -0.000143
41.350000 -0.000170
41.400000 -0.000186
41.450000 -0.000200
41.500000 -0.000204
41.550000 -0.000204
41.600000 -0.000194
41.650000 -0.000181
41.700000 -0.000159
41.750000 -0.000135
41.800000 -0.000104
41.850000 -0.000073
41.900000 -0.000038
41.950000 -0.000003
42.000000 0.000032
42.050000 0.000065
42.100000 0.000097
42.150000 0.000124
42.200000 0.000148
42.250000 0.000168
42.300000 0.000183
42.350000 0.000193
42.400000 0.000197
42.450000 0.000197
42.500000 0.000191
42.550000 0.000180
42.600000 0.000164
42.650000 0.000144
42.700000 0.000118
42.750000 0.000090
42.800000 0.000056
42.850000 0.000022
42.900000 -0.000016
42.950000 -0.000051
43.000000 -0.000089
43.050000 -0.000122
43.100000 -0.000155
43.150000 -0.000180
43.200000 -0.000203
43.250000 -0.000216
43.300000 -0.000226
43.350000 -0.000224
43.400000 -0.000219
43.450000 -0.000203
43.500000 -0.000185
43.550000 -0.000156
43.600000 -0.000129
43.650000 -0.000091
43.700000 -0.000058
43.750000 -0.000016
43.800000 0.000019
43.850000 0.000059
43.900000 0.000091
43.950000 0.000127
44.000000 0.000153
44.050000 0.000182
44.100000 0.000199
44.150000 0.000220
44.200000 0.000227
44.250000 0.000237
44.300000 0.000234
44.350000 0.000235
44.400000 0.000223
44.450000 0.000215
44.500000 0.000195
44.550000 0.000181
44.600000 0.000155
44.650000 0.000138
44.700000 0.000109
44.750000 0.000091
44.800000 0.000063
44.850000 0.000048
44.900000 0.000025
44.950000 0.000016
