-30.000000 -0.000067
-29.950000 -0.000046
-29.900000 -0.000093
-29.850000 -0.000054
-29.800000 -0.000086
-29.750000 -0.000033
-29.700000 -0.000052
-29.650000 0.000010
-29.600000 -0.000003
-29.550000 0.000065
-29.500000 0.000055
-29.450000 0.000123
-29.400000 0.000112
-29.350000 0.000178
-29.300000 0.000161
-29.250000 0.000222
-29.200000 0.000198
-29.150000 0.000249
-29.100000 0.000215
-29.050000 0.000256
-29.000000 0.000209
-28.950000 0.000237
-28.900000 0.000177
-28.850000 0.000192
-28.800000 0.000121
-28.750000 0.000126
-28.700000 0.000046
-28.650000 0.000046
-28.600000 -0.000038
-28.550000 -0.000039
-28.500000 -0.000122
-28.450000 -0.000118
-28.400000 -0.000193
-28.350000 -0.000180
-28.300000 -0.000245
-28.250000 -0.000220
-28.200000 -0.000271
-28.150000 -0.000232
-28.100000 -0.000271
-28.050000 -0.000218
-28.000000 -0.000244
-27.950000 -0.000180
-27.900000 -0.000196
-27.850000 -0.000122
-27.800000 -0.000131
-27.750000 -0.000052
-27.700000 -0.000056
-27.650000 0.000025
-27.600000 0.000021
-27.550000 0.000102
-27.500000 0.000095
-27.450000 0.000172
-27.400000 0.000159
-27.350000 0.000229
-27.300000 0.000207
-27.250000 0.000267
-27.200000 0.000235
-27.150000 0.000283
-27.100000 0.000238
-27.050000 0.000274
-27.000000 0.000215
-26.950000 0.000237
-26.900000 0.000165
-26.850000 0.000176
-26.800000 0.000094
-26.750000 0.000096
-26.700000 0.000007
-26.650000 0.000007
-26.600000 -0.000083
-26.550000 -0.000082
-26.500000 -0.000167
-26.450000 -0.000159
-26.400000 -0.000235
-26.350000 -0.000215
-26.300000 -0.000279
-26.250000 -0.000246
-26.200000 -0.000296
-26.150000 -0.000249
-26.100000 -0.000287
-26.050000 -0.000228
-26.000000 -0.000254
-25.950000 -0.000184
-25.900000 -0.000202
-25.850000 -0.000123
-25.800000 -0.000134
-25.750000 -0.000049
-25.700000 -0.000056
-25.650000 0.000031
-25.600000 0.000026
-25.550000 0.000113
-25.500000 0.000105
-25.450000 0.000188
-25.400000 0.000175
-25.350000 0.000251
-25.300000 0.000228
-25.250000 0.000295
-25.200000 0.000261
-25.150000 0.000314
-25.100000 0.000266
-25.050000 0.000306
-25.000000 0.000244
-24.950000 0.000270
-24.900000 0.000194
-24.850000 0.000208
-24.800000 0.000121
-24.750000 0.000126
-24.700000 0.000032
-24.650000 0.000033
-24.600000 -0.000062
-24.550000 -0.000060
-24.500000 -0.000153
-24.450000 -0.000144
-24.400000 -0.000229
-24.350000 -0.000210
-24.300000 -0.000283
-24.250000 -0.000253
-24.200000 -0.000313
-24.150000 -0.000270
-24.100000 -0.000318
-24.050000 -0.000263
-24.000000 -0.000300
-23.950000 -0.000234
-23.900000 -0.000261
-23.850000 -0.000185
-23.800000 -0.000203
-23.750000 -0.000119
-23.700000 -0.000131
-23.650000 -0.000040
-23.600000 -0.000047
-23.550000 0.000048
-23.500000 0.000042
-23.450000 0.000137
-23.400000 0.000130
-23.350000 0.000220
-23.300000 0.000207
-23.250000 0.000289
-23.200000 0.000264
-23.150000 0.000335
-23.100000 0.000297
-23.050000 0.000353
-23.000000 0.000299
-22.950000 0.000340
-22.900000 0.000271
-22.850000 0.000298
-22.800000 0.000215
-22.750000 0.000230
-22.700000 0.000138
-22.650000 0.000146
-22.600000 0.000048
-22.550000 0.000052
-22.500000 -0.000047
-22.450000 -0.000041
-22.400000 -0.000137
-22.350000 -0.000126
-22.300000 -0.000215
-22.250000 -0.000196
-22.200000 -0.000278
-22.150000 -0.000249
-22.100000 -0.000321
-22.050000 -0.000283
-22.000000 -0.000345
-21.950000 -0.000295
-21.900000 -0.000346
-21.850000 -0.000286
-21.800000 -0.000326
-21.750000 -0.000253
-21.700000 -0.000281
-21.650000 -0.000197
-21.600000 -0.000214
-21.550000 -0.000119
-21.500000 -0.000127
-21.450000 -0.000025
-21.400000 -0.000028
-21.350000 0.000077
-21.300000 0.000074
-21.250000 0.000176
-21.200000 0.000168
-21.150000 0.000264
-21.100000 0.000245
-21.050000 0.000330
-21.000000 0.000298
-20.950000 0.000369
-20.900000 0.000324
-20.850000 0.000380
-20.800000 0.000321
-20.750000 0.000364
-20.700000 0.000291
-20.650000 0.000323
-20.600000 0.000239
-20.550000 0.000262
-20.500000 0.000170
-20.450000 0.000186
-20.400000 0.000088
-20.350000 0.000100
-20.300000 -0.000000
-20.250000 0.000010
-20.200000 -0.000091
-20.150000 -0.000080
-20.100000 -0.000179
-20.050000 -0.000165
-20.000000 -0.000260
-19.950000 -0.000240
-19.900000 -0.000328
-19.850000 -0.000299
-19.800000 -0.000377
-19.750000 -0.000336
-19.700000 -0.000402
-19.650000 -0.000347
-19.600000 -0.000398
-19.550000 -0.000328
-19.500000 -0.000364
-19.450000 -0.000280
-19.400000 -0.000303
-19.350000 -0.000206
-19.300000 -0.000218
-19.250000 -0.000113
-19.200000 -0.000120
-19.150000 -0.000011
-19.100000 -0.000017
-19.050000 0.000091
-19.000000 0.000082
-18.950000 0.000185
-18.900000 0.000170
-18.850000 0.000266
-18.800000 0.000242
-18.750000 0.000329
-18.700000 0.000296
-18.650000 0.000374
-18.600000 0.000331
-18.550000 0.000399
-18.500000 0.000345
-18.450000 0.000402
-18.400000 0.000338
-18.350000 0.000384
-18.300000 0.000308
-18.250000 0.000344
-18.200000 0.000257
-18.150000 0.000281
-18.100000 0.000184
-18.050000 0.000200
-18.000000 0.000095
-17.950000 0.000103
-17.900000 -0.000007
-17.850000 -0.000002
-17.800000 -0.000114
-17.750000 -0.000108
-17.700000 -0.000217
-17.650000 -0.000206
-17.600000 -0.000308
-17.550000 -0.000287
-17.500000 -0.000377
-17.450000 -0.000344
-17.400000 -0.000421
-17.350000 -0.000373
-17.300000 -0.000437
-17.250000 -0.000375
-17.200000 -0.000426
-17.150000 -0.000352
-17.100000 -0.000392
-17.050000 -0.000308
-17.000000 -0.000340
-16.950000 -0.000248
-16.900000 -0.000273
-16.850000 -0.000176
-16.800000 -0.000195
-16.750000 -0.000093
-16.700000 -0.000107
-16.650000 -0.000001
-16.600000 -0.000013
-16.550000 0.000096
-16.500000 0.000085
-16.450000 0.000193
-16.400000 0.000181
-16.350000 0.000286
-16.300000 0.000268
-16.250000 0.000366
-16.200000 0.000340
-16.150000 0.000427
-16.100000 0.000388
-16.050000 0.000462
-16.000000 0.000409
-15.950000 0.000469
-15.900000 0.000401
-15.850000 0.000446
-15.800000 0.000365
-15.750000 0.000398
-15.700000 0.000305
-15.650000 0.000328
-15.600000 0.000227
-15.550000 0.000244
-15.500000 0.000138
-15.450000 0.000151
-15.400000 0.000044
-15.350000 0.000056
-15.300000 -0.000051
-15.250000 -0.000038
-15.200000 -0.000143
-15.150000 -0.000127
-15.100000 -0.000230
-15.050000 -0.000210
-15.000000 -0.000309
-14.950000 -0.000285
-14.900000 -0.000379
-14.850000 -0.000348
-14.800000 -0.000435
-14.750000 -0.000395
-14.700000 -0.000472
-14.650000 -0.000421
-14.600000 -0.000485
-14.550000 -0.000422
-14.500000 -0.000473
-14.450000 -0.000395
-14.400000 -0.000432
-14.350000 -0.000342
-14.300000 -0.000367
-14.250000 -0.000266
-14.200000 -0.000282
-14.150000 -0.000174
-14.100000 -0.000185
-14.050000 -0.000074
-14.000000 -0.000083
-13.950000 0.000028
-13.900000 0.000018
-13.850000 0.000126
-13.800000 0.000112
-13.750000 0.000216
-13.700000 0.000197
-13.650000 0.000295
-13.600000 0.000270
-13.550000 0.000363
-13.500000 0.000332
-13.450000 0.000418
-13.400000 0.000380
-13.350000 0.000460
-13.300000 0.000414
-13.250000 0.000485
-13.200000 0.000431
-13.150000 0.000492
-13.100000 0.000428
-13.050000 0.000478
-13.000000 0.000402
-12.950000 0.000441
-12.900000 0.000354
-12.850000 0.000381
-12.800000 0.000283
-12.750000 0.000301
-12.700000 0.000195
-12.650000 0.000206
-12.600000 0.000094
-12.550000 0.000102
-12.500000 -0.000011
-12.450000 -0.000003
-12.400000 -0.000114
-12.350000 -0.000102
-12.300000 -0.000207
-12.250000 -0.000190
-12.200000 -0.000289
-12.150000 -0.000264
-12.100000 -0.000357
-12.050000 -0.000325
-12.000000 -0.000411
-11.950000 -0.000373
-11.900000 -0.000453
-11.850000 -0.000409
-11.800000 -0.000483
-11.750000 -0.000433
-11.700000 -0.000500
-11.650000 -0.000443
-11.600000 -0.000502
-11.550000 -0.000436
-11.500000 -0.000485
-11.450000 -0.000409
-11.400000 -0.000447
-11.350000 -0.000361
-11.300000 -0.000389
-11.250000 -0.000292
-11.200000 -0.000311
-11.150000 -0.000206
-11.100000 -0.000219
-11.050000 -0.000110
-11.000000 -0.000120
-10.950000 -0.000009
-10.900000 -0.000020
-10.850000 0.000088
-10.800000 0.000075
-10.750000 0.000178
-10.700000 0.000160
-10.650000 0.000258
-10.600000 0.000234
-10.550000 0.000326
-10.500000 0.000296
-10.450000 0.000383
-10.400000 0.000348
-10.350000 0.000431
-10.300000 0.000391
-10.250000 0.000468
-10.200000 0.000424
-10.150000 0.000497
-10.100000 0.000447
-10.050000 0.000513
-10.000000 0.000456
-9.950000 0.000515
-9.900000 0.000450
-9.850000 0.000499
-9.800000 0.000424
-9.750000 0.000464
-9.700000 0.000379
-9.650000 0.000409
-9.600000 0.000316
-9.550000 0.000338
-9.500000 0.000238
-9.450000 0.000255
-9.400000 0.000152
-9.350000 0.000168
-9.300000 0.000064
-9.250000 0.000081
-9.200000 -0.000020
-9.150000 -0.000001
-9.100000 -0.000098
-9.050000 -0.000075
-9.000000 -0.000169
-8.950000 -0.000142
-8.900000 -0.000234
-8.850000 -0.000205
-8.800000 -0.000294
-8.750000 -0.000263
-8.700000 -0.000351
-8.650000 -0.000318
-8.600000 -0.000403
-8.550000 -0.000368
-8.500000 -0.000450
-8.450000 -0.000410
-8.400000 -0.000487
-8.350000 -0.000441
-8.300000 -0.000511
-8.250000 -0.000457
-8.200000 -0.000519
-8.150000 -0.000457
-8.100000 -0.000510
-8.050000 -0.000439
-8.000000 -0.000483
-7.950000 -0.000405
-7.900000 -0.000442
-7.850000 -0.000358
-7.800000 -0.000390
-7.750000 -0.000302
-7.700000 -0.000332
-7.650000 -0.000243
-7.600000 -0.000273
-7.550000 -0.000185
-7.500000 -0.000216
-7.450000 -0.000129
-7.400000 -0.000162
-7.350000 -0.000077
-7.300000 -0.000110
-7.250000 -0.000024
-7.200000 -0.000056
-7.150000 0.000032
-7.100000 0.000002
-7.050000 0.000092
-7.000000 0.000064
-6.950000 0.000156
-6.900000 0.000130
-6.850000 0.000222
-6.800000 0.000194
-6.750000 0.000283
-6.700000 0.000251
-6.650000 0.000335
-6.600000 0.000297
-6.550000 0.000374
-6.500000 0.000329
-6.450000 0.000399
-6.400000 0.000347
-6.350000 0.000411
-6.300000 0.000354
-6.250000 0.000413
-6.200000 0.000352
-6.150000 0.000409
-6.100000 0.000346
-6.050000 0.000402
-6.000000 0.000339
-5.950000 0.000394
-5.900000 0.000331
-5.850000 0.000387
-5.800000 0.000324
-5.750000 0.000380
-5.700000 0.000316
-5.650000 0.000370
-5.600000 0.000303
-5.550000 0.000354
-5.500000 0.000284
-5.450000 0.000331
-5.400000 0.000256
-5.350000 0.000298
-5.300000 0.000219
-5.250000 0.000258
-5.200000 0.000176
-5.150000 0.000213
-5.100000 0.000132
-5.050000 0.000170
-5.000000 0.000091
-4.950000 0.000133
-4.900000 0.000058
-4.850000 0.000105
-4.800000 0.000035
-4.750000 0.000087
-4.700000 0.000021
-4.650000 0.000076
-4.600000 0.000012
-4.550000 0.000068
-4.500000 0.000004
-4.450000 0.000059
-4.400000 -0.000006
-4.350000 0.000048
-4.300000 -0.000019
-4.250000 0.000032
-4.200000 -0.000036
-4.150000 0.000015
-4.100000 -0.000054
-4.050000 -0.000003
-4.000000 -0.000070
-3.950000 -0.000016
-3.900000 -0.000080
-3.850000 -0.000023
-3.800000 -0.000083
-3.750000 -0.000022
-3.700000 -0.000078
-3.650000 -0.000012
-3.600000 -0.000064
-3.550000 0.000004
-3.500000 -0.000047
-3.450000 0.000022
-3.400000 -0.000029
-3.350000 0.000037
-3.300000 -0.000017
-3.250000 0.000046
-3.200000 -0.000013
-3.150000 0.000045
-3.100000 -0.000020
-3.050000 0.000033
-3.000000 -0.000036
-2.950000 0.000013
-2.900000 -0.000058
-2.850000 -0.000011
-2.800000 -0.000084
-2.750000 -0.000038
-2.700000 -0.000111
-2.650000 -0.000064
-2.600000 -0.000138
-2.550000 -0.000094
-2.500000 -0.000170
-2.450000 -0.000130
-2.400000 -0.000212
-2.350000 -0.000180
-2.300000 -0.000273
-2.250000 -0.000253
-2.200000 -0.000360
-2.150000 -0.000355
-2.100000 -0.000479
-2.050000 -0.000493
-2.000000 -0.000637
-1.950000 -0.000671
-1.900000 -0.000836
-1.850000 -0.000893
-1.800000 -0.001082
-1.750000 -0.001164
-1.700000 -0.001379
-1.650000 -0.001489
-1.600000 -0.001735
-1.550000 -0.001879
-1.500000 -0.002164
-1.450000 -0.002350
-1.400000 -0.002681
-1.350000 -0.002921
-1.300000 -0.003313
-1.250000 -0.003620
-1.200000 -0.004087
-1.150000 -0.004478
-1.100000 -0.005038
-1.050000 -0.005533
-1.000000 -0.006208
-0.950000 -0.006829
-0.900000 -0.007643
-0.850000 -0.008416
-0.800000 -0.009397
-0.750000 -0.010354
-0.700000 -0.011536
-0.650000 -0.012714
-0.600000 -0.014138
-0.550000 -0.015582
-0.500000 -0.017300
-0.450000 -0.019066
-0.400000 -0.021139
-0.350000 -0.023298
-0.300000 -0.025804
-0.250000 -0.028441
-0.200000 -0.031476
-0.150000 -0.034696
-0.100000 -0.038374
-0.050000 -0.042304
0.000000 -0.046764
0.050000 -0.051554
0.100000 -0.056961
0.150000 -0.062791
0.200000 -0.069340
0.250000 -0.076422
0.300000 -0.084343
0.350000 -0.092929
0.400000 -0.102494
0.450000 -0.112876
0.500000 -0.124404
0.550000 -0.136927
0.600000 -0.150789
0.650000 -0.165853
0.700000 -0.182475
0.750000 -0.200535
0.800000 -0.220402
0.850000 -0.241968
0.900000 -0.265616
0.950000 -0.291249
1.000000 -0.319256
1.050000 -0.349546
1.100000 -0.382510
1.150000 -0.418053
1.200000 -0.456557
1.250000 -0.497909
1.300000 -0.542467
1.350000 -0.590083
1.400000 -0.641068
1.450000 -0.695214
1.500000 -0.752760
1.550000 -0.813408
1.600000 -0.877292
1.650000 -0.943992
1.700000 -1.013503
1.750000 -1.085252
1.800000 -1.159066
1.850000 -1.234193
1.900000 -1.310275
1.950000 -1.386375
2.000000 -1.461954
2.050000 -1.535905
2.100000 -1.607548
2.150000 -1.675660
2.200000 -1.739489
2.250000 -1.797790
2.300000 -1.849839
2.350000 -1.894488
2.400000 -1.931169
2.450000 -1.958950
2.500000 -1.977541
2.550000 -1.986331
2.600000 -1.985392
2.650000 -1.974496
2.700000 -1.954103
2.750000 -1.924365
2.800000 -1.886098
2.850000 -1.839769
2.900000 -1.786458
2.950000 -1.726839
3.000000 -1.662137
3.050000 -1.593107
3.100000 -1.520996
3.150000 -1.446525
3.200000 -1.370857
3.250000 -1.294592
3.300000 -1.218745
3.350000 -1.143743
3.400000 -1.070417
3.450000 -0.999008
3.500000 -0.930161
3.550000 -0.863940
3.600000 -0.800826
3.650000 -0.740729
3.700000 -0.683995
3.750000 -0.630417
3.800000 -0.580240
3.850000 -0.533169
3.900000 -0.489380
3.950000 -0.448525
4.000000 -0.410733
4.050000 -0.375624
4.100000 -0.343308
4.150000 -0.313387
4.200000 -0.285963
4.250000 -0.260638
4.300000 -0.237515
4.350000 -0.216202
4.400000 -0.196810
4.450000 -0.178957
4.500000 -0.162768
4.550000 -0.147871
4.600000 -0.134406
4.650000 -0.122014
4.700000 -0.110847
4.750000 -0.100563
4.800000 -0.091325
4.850000 -0.082804
4.900000 -0.075177
4.950000 -0.068124
5.000000 -0.061837
5.050000 -0.056004
5.100000 -0.050827
5.150000 -0.046006
5.200000 -0.041750
5.250000 -0.037765
5.300000 -0.034271
5.350000 -0.030980
5.400000 -0.028118
5.450000 -0.025401
5.500000 -0.023060
5.550000 -0.020819
5.600000 -0.018911
5.650000 -0.017063
5.700000 -0.015512
5.750000 -0.013988
5.800000 -0.012732
5.850000 -0.011473
5.900000 -0.010458
5.950000 -0.009417
6.000000 -0.008597
6.050000 -0.007732
6.100000 -0.007070
6.150000 -0.006348
6.200000 -0.005814
6.250000 -0.005206
6.300000 -0.004775
6.350000 -0.004260
6.400000 -0.003914
6.450000 -0.003475
6.500000 -0.003200
6.550000 -0.002825
6.600000 -0.002609
6.650000 -0.002290
6.700000 -0.002126
6.750000 -0.001855
6.800000 -0.001736
6.850000 -0.001506
6.900000 -0.001425
6.950000 -0.001231
7.000000 -0.001181
7.050000 -0.001015
7.100000 -0.000990
7.150000 -0.000844
7.200000 -0.000837
7.250000 -0.000705
7.300000 -0.000709
7.350000 -0.000587
7.400000 -0.000598
7.450000 -0.000481
7.500000 -0.000498
7.550000 -0.000385
7.600000 -0.000406
7.650000 -0.000298
7.700000 -0.000324
7.750000 -0.000220
7.800000 -0.000253
7.850000 -0.000156
7.900000 -0.000196
7.950000 -0.000107
8.000000 -0.000155
8.050000 -0.000074
8.100000 -0.000130
8.150000 -0.000057
8.200000 -0.000120
8.250000 -0.000052
8.300000 -0.000119
8.350000 -0.000054
8.400000 -0.000123
8.450000 -0.000059
8.500000 -0.000127
8.550000 -0.000059
8.600000 -0.000123
8.650000 -0.000051
8.700000 -0.000111
8.750000 -0.000034
8.800000 -0.000089
8.850000 -0.000009
8.900000 -0.000062
8.950000 0.000019
9.000000 -0.000036
9.050000 0.000043
9.100000 -0.000016
9.150000 0.000058
9.200000 -0.000007
9.250000 0.000061
9.300000 -0.000010
9.350000 0.000052
9.400000 -0.000023
9.450000 0.000035
9.500000 -0.000042
9.550000 0.000015
9.600000 -0.000062
9.650000 -0.000003
9.700000 -0.000077
9.750000 -0.000014
9.800000 -0.000084
9.850000 -0.000017
9.900000 -0.000083
9.950000 -0.000011
10.000000 -0.000073
10.050000 0.000001
10.100000 -0.000060
10.150000 0.000015
10.200000 -0.000047
10.250000 0.000025
10.300000 -0.000042
10.350000 0.000024
10.400000 -0.000051
10.450000 0.000006
10.500000 -0.000079
10.550000 -0.000034
10.600000 -0.000133
10.650000 -0.000102
10.700000 -0.000215
10.750000 -0.000201
10.800000 -0.000332
10.850000 -0.000336
10.900000 -0.000490
10.950000 -0.000521
11.000000 -0.000707
11.050000 -0.000777
11.100000 -0.001011
11.150000 -0.001142
11.200000 -0.001453
11.250000 -0.001679
11.300000 -0.002107
11.350000 -0.002479
11.400000 -0.003087
11.450000 -0.003680
11.500000 -0.004560
11.550000 -0.005484
11.600000 -0.006767
11.650000 -0.008183
11.700000 -0.010065
11.750000 -0.012209
11.800000 -0.014977
11.850000 -0.018198
11.900000 -0.022276
11.950000 -0.027092
12.000000 -0.033110
12.050000 -0.040286
12.100000 -0.049177
12.150000 -0.059847
12.200000 -0.072988
12.250000 -0.088825
12.300000 -0.108243
12.350000 -0.131701
12.400000 -0.160361
12.450000 -0.195015
12.500000 -0.237217
12.550000 -0.288220
12.600000 -0.350117
12.650000 -0.424781
12.700000 -0.515008
12.750000 -0.623454
12.800000 -0.753761
12.850000 -0.909463
12.900000 -1.095063
12.950000 -1.314849
13.000000 -1.573843
13.050000 -1.876437
13.100000 -2.227099
13.150000 -2.628709
13.200000 -3.082908
13.250000 -3.588065
13.300000 -4.139339
13.350000 -4.726520
13.400000 -5.334304
13.450000 -5.940852
13.500000 -6.519395
13.550000 -7.038716
13.600000 -7.467023
13.650000 -7.774543
13.700000 -7.938659
13.750000 -7.946301
13.800000 -7.797137
13.850000 -7.502563
13.900000 -7.084907
13.950000 -6.572921
14.000000 -5.998876
14.050000 -5.393681
14.100000 -4.785125
14.150000 -4.195061
14.200000 -3.639922
14.250000 -3.129880
14.300000 -2.670754
14.350000 -2.263937
14.400000 -1.908562
14.450000 -1.601338
14.500000 -1.338419
14.550000 -1.114891
14.600000 -0.926276
14.650000 -0.767713
14.700000 -0.635213
14.750000 -0.524650
14.800000 -0.432889
14.850000 -0.356686
14.900000 -0.293756
14.950000 -0.241643
15.000000 -0.198774
15.050000 -0.163320
15.100000 -0.134254
15.150000 -0.110215
15.200000 -0.090574
15.250000 -0.074308
15.300000 -0.061070
15.350000 -0.050072
15.400000 -0.041166
15.450000 -0.033729
15.500000 -0.027747
15.550000 -0.022710
15.600000 -0.018698
15.650000 -0.015277
15.700000 -0.012591
15.750000 -0.010259
15.800000 -0.008467
15.850000 -0.006869
15.900000 -0.005681
15.950000 -0.004581
16.000000 -0.003802
16.050000 -0.003041
16.100000 -0.002542
16.150000 -0.002011
16.200000 -0.001703
16.250000 -0.001331
16.300000 -0.001153
16.350000 -0.000887
16.400000 -0.000796
16.450000 -0.000602
16.500000 -0.000568
16.550000 -0.000419
16.600000 -0.000421
16.650000 -0.000299
16.700000 -0.000322
16.750000 -0.000215
16.800000 -0.000249
16.850000 -0.000150
16.900000 -0.000189
16.950000 -0.000094
17.000000 -0.000135
17.050000 -0.000042
17.100000 -0.000086
17.150000 0.000004
17.200000 -0.000043
17.250000 0.000042
17.300000 -0.000011
17.350000 0.000068
17.400000 0.000009
17.450000 0.000080
17.500000 0.000013
17.550000 0.000077
17.600000 0.000003
17.650000 0.000060
17.700000 -0.000019
17.750000 0.000034
17.800000 -0.000047
17.850000 0.000005
17.900000 -0.000074
17.950000 -0.000018
18.000000 -0.000093
18.050000 -0.000030
18.100000 -0.000097
18.150000 -0.000028
18.200000 -0.000087
18.250000 -0.000011
18.300000 -0.000065
18.350000 0.000016
18.400000 -0.000035
18.450000 0.000047
18.500000 -0.000005
18.550000 0.000073
18.600000 0.000017
18.650000 0.000091
18.700000 0.000028
18.750000 0.000095
18.800000 0.000026
18.850000 0.000086
18.900000 0.000010
18.950000 0.000065
19.000000 -0.000014
19.050000 0.000038
19.100000 -0.000043
19.150000 0.000009
19.200000 -0.000069
19.250000 -0.000015
19.300000 -0.000089
19.350000 -0.000029
19.400000 -0.000097
19.450000 -0.000030
19.500000 -0.000091
19.550000 -0.000017
19.600000 -0.000071
19.650000 0.000007
19.700000 -0.000043
19.750000 0.000038
19.800000 -0.000011
19.850000 0.000069
19.900000 0.000017
19.950000 0.000092
20.000000 0.000033
20.050000 0.000101
20.100000 0.000035
20.150000 0.000095
20.200000 0.000021
20.250000 0.000074
20.300000 -0.000005
20.350000 0.000044
20.400000 -0.000037
20.450000 0.000011
20.500000 -0.000068
20.550000 -0.000016
20.600000 -0.000090
20.650000 -0.000032
20.700000 -0.000100
20.750000 -0.000035
20.800000 -0.000095
20.850000 -0.000024
20.900000 -0.000077
20.950000 -0.000000
21.000000 -0.000050
21.050000 0.000029
21.100000 -0.000019
21.150000 0.000060
21.200000 0.000010
21.250000 0.000085
21.300000 0.000030
21.350000 0.000099
21.400000 0.000038
21.450000 0.000100
21.500000 0.000031
21.550000 0.000086
21.600000 0.000011
21.650000 0.000060
21.700000 -0.000019
21.750000 0.000028
21.800000 -0.000052
21.850000 -0.000005
21.900000 -0.000082
21.950000 -0.000030
22.000000 -0.000102
22.050000 -0.000043
22.100000 -0.000106
22.150000 -0.000040
22.200000 -0.000095
22.250000 -0.000020
22.300000 -0.000068
22.350000 0.000011
22.400000 -0.000034
22.450000 0.000047
22.500000 0.000001
22.550000 0.000079
22.600000 0.000029
22.650000 0.000101
22.700000 0.000044
22.750000 0.000107
22.800000 0.000042
22.850000 0.000098
22.900000 0.000026
22.950000 0.000075
23.000000 -0.000002
23.050000 0.000043
23.100000 -0.000035
23.150000 0.000010
23.200000 -0.000067
23.250000 -0.000019
23.300000 -0.000092
23.350000 -0.000039
23.400000 -0.000105
23.450000 -0.000045
23.500000 -0.000104
23.550000 -0.000037
23.600000 -0.000088
23.650000 -0.000015
23.700000 -0.000060
23.750000 0.000017
23.800000 -0.000025
23.850000 0.000054
23.900000 0.000010
23.950000 0.000086
24.000000 0.000038
24.050000 0.000108
24.100000 0.000052
24.150000 0.000113
24.200000 0.000049
24.250000 0.000101
24.300000 0.000029
24.350000 0.000073
24.400000 -0.000005
24.450000 0.000036
24.500000 -0.000043
24.550000 -0.000002
24.600000 -0.000079
24.650000 -0.000034
24.700000 -0.000104
24.750000 -0.000051
24.800000 -0.000113
24.850000 -0.000053
24.900000 -0.000106
24.950000 -0.000037
25.000000 -0.000084
25.050000 -0.000010
25.100000 -0.000051
25.150000 0.000025
25.200000 -0.000015
25.250000 0.000061
25.300000 0.000018
25.350000 0.000090
25.400000 0.000043
25.450000 0.000108
25.500000 0.000054
25.550000 0.000112
25.600000 0.000050
25.650000 0.000100
25.700000 0.000031
25.750000 0.000074
25.800000 -0.000000
25.850000 0.000039
25.900000 -0.000038
25.950000 0.000000
26.000000 -0.000076
26.050000 -0.000034
26.100000 -0.000105
26.150000 -0.000057
26.200000 -0.000119
26.250000 -0.000063
26.300000 -0.000116
26.350000 -0.000050
26.400000 -0.000094
26.450000 -0.000021
26.500000 -0.000059
26.550000 0.000019
26.600000 -0.000017
26.650000 0.000060
26.700000 0.000023
26.750000 0.000095
26.800000 0.000052
26.850000 0.000117
26.900000 0.000064
26.950000 0.000120
27.000000 0.000059
27.050000 0.000106
27.100000 0.000037
27.150000 0.000077
27.200000 0.000004
27.250000 0.000040
27.300000 -0.000035
27.350000 0.000002
27.400000 -0.000071
27.450000 -0.000032
27.500000 -0.000101
27.550000 -0.000056
27.600000 -0.000117
27.650000 -0.000065
27.700000 -0.000119
27.750000 -0.000058
27.800000 -0.000103
27.850000 -0.000035
27.900000 -0.000073
27.950000 0.000001
28.000000 -0.000033
28.050000 0.000043
28.100000 0.000010
28.150000 0.000084
28.200000 0.000047
28.250000 0.000115
28.300000 0.000070
28.350000 0.000129
28.400000 0.000074
28.450000 0.000123
28.500000 0.000059
28.550000 0.000098
28.600000 0.000026
28.650000 0.000059
28.700000 -0.000017
28.750000 0.000013
28.800000 -0.000063
28.850000 -0.000030
28.900000 -0.000102
28.950000 -0.000064
29.000000 -0.000130
29.050000 -0.000085
29.100000 -0.000143
29.150000 -0.000091
29.200000 -0.000143
29.250000 -0.000088
29.300000 -0.000138
29.350000 -0.000084
29.400000 -0.000140
29.450000 -0.000097
29.500000 -0.000170
29.550000 -0.000153
29.600000 -0.000261
29.650000 -0.000293
29.700000 -0.000467
29.750000 -0.000585
29.800000 -0.000875
29.850000 -0.001149
29.900000 -0.001644
29.950000 -0.002192
30.000000 -0.003051
30.050000 -0.004086
30.100000 -0.005597
30.150000 -0.007504
30.200000 -0.010184
30.250000 -0.013660
30.300000 -0.018446
30.350000 -0.024751
30.400000 -0.033337
30.450000 -0.044749
30.500000 -0.060197
30.550000 -0.080824
30.600000 -0.108643
30.650000 -0.145867
30.700000 -0.195929
30.750000 -0.262925
30.800000 -0.352767
30.850000 -0.472793
30.900000 -0.633107
30.950000 -0.846391
31.000000 -1.129417
31.050000 -1.502933
31.100000 -1.993005
31.150000 -2.630259
31.200000 -3.449730
31.250000 -4.487245
31.300000 -5.774477
31.350000 -7.328230
31.400000 -9.136644
31.450000 -11.140428
31.500000 -13.217473
31.550000 -15.177419
31.600000 -16.781545
31.650000 -17.790906
31.700000 -18.035442
31.750000 -17.471375
31.800000 -16.198056
31.850000 -14.421326
31.900000 -12.387805
31.950000 -10.320905
32.000000 -8.384529
32.050000 -6.674001
32.100000 -5.227568
32.150000 -4.043419
32.200000 -3.097462
32.250000 -2.355271
32.300000 -1.780993
32.350000 -1.340988
32.400000 -1.006570
32.450000 -0.753686
32.500000 -0.563416
32.550000 -0.420554
32.600000 -0.313688
32.650000 -0.233737
32.700000 -0.174145
32.750000 -0.129621
32.800000 -0.096524
32.850000 -0.071784
32.900000 -0.053444
32.950000 -0.039702
33.000000 -0.029555
33.050000 -0.021915
33.100000 -0.016311
33.150000 -0.012053
33.200000 -0.008969
33.250000 -0.006589
33.300000 -0.004904
33.350000 -0.003569
33.400000 -0.002664
33.450000 -0.001911
33.500000 -0.001441
33.550000 -0.001014
33.600000 -0.000788
33.650000 -0.000543
33.700000 -0.000452
33.750000 -0.000307
33.800000 -0.000290
33.850000 -0.000200
33.900000 -0.000221
33.950000 -0.000157
34.000000 -0.000196
34.050000 -0.000142
34.100000 -0.000185
34.150000 -0.000132
34.200000 -0.000173
34.250000 -0.000115
34.300000 -0.000149
34.350000 -0.000084
34.400000 -0.000111
34.450000 -0.000040
34.500000 -0.000061
34.550000 0.000014
34.600000 -0.000005
34.650000 0.000070
34.700000 0.000048
34.750000 0.000118
34.800000 0.000089
34.850000 0.000150
34.900000 0.000111
34.950000 0.000160
35.000000 0.000109
35.050000 0.000147
35.100000 0.000085
35.150000 0.000113
35.200000 0.000043
35.250000 0.000065
35.300000 -0.000009
35.350000 0.000011
35.400000 -0.000063
35.450000 -0.000040
35.500000 -0.000109
35.550000 -0.000080
35.600000 -0.000142
35.650000 -0.000104
35.700000 -0.000156
35.750000 -0.000109
35.800000 -0.000152
35.850000 -0.000095
35.900000 -0.000128
35.950000 -0.000063
36.000000 -0.000089
36.050000 -0.000018
36.100000 -0.000039
36.150000 0.000035
36.200000 0.000015
36.250000 0.000087
36.300000 0.000064
36.350000 0.000131
36.400000 0.000101
36.450000 0.000160
36.500000 0.000120
36.550000 0.000168
36.600000 0.000117
36.650000 0.000154
36.700000 0.000091
36.750000 0.000117
36.800000 0.000046
36.850000 0.000064
36.900000 -0.000012
36.950000 0.000004
37.000000 -0.000072
37.050000 -0.000053
37.100000 -0.000124
37.150000 -0.000098
37.200000 -0.000159
37.250000 -0.000123
37.300000 -0.000173
37.350000 -0.000125
37.400000 -0.000163
37.450000 -0.000104
37.500000 -0.000133
37.550000 -0.000066
37.600000 -0.000089
37.650000 -0.000017
37.700000 -0.000035
37.750000 0.000038
37.800000 0.000019
37.850000 0.000091
37.900000 0.000069
37.950000 0.000136
38.000000 0.000107
38.050000 0.000165
38.100000 0.000128
38.150000 0.000176
38.200000 0.000127
38.250000 0.000164
38.300000 0.000104
38.350000 0.000131
38.400000 0.000062
38.450000 0.000080
38.500000 0.000005
38.550000 0.000019
38.600000 -0.000058
38.650000 -0.000043
38.700000 -0.000116
38.750000 -0.000095
38.800000 -0.000161
38.850000 -0.000130
38.900000 -0.000185
38.950000 -0.000142
39.000000 -0.000184
39.050000 -0.000130
39.100000 -0.000160
39.150000 -0.000094
39.200000 -0.000115
39.250000 -0.000042
39.300000 -0.000057
39.350000 0.000018
39.400000 0.000004
39.450000 0.000079
39.500000 0.000061
39.550000 0.000131
39.600000 0.000106
39.650000 0.000167
39.700000 0.000133
39.750000 0.000184
39.800000 0.000140
39.850000 0.000181
39.900000 0.000126
39.950000 0.000156
40.000000 0.000092
40.050000 0.000114
40.100000 0.000042
40.150000 0.000058
40.200000 -0.000018
40.250000 -0.000006
40.300000 -0.000082
40.350000 -0.000068
40.400000 -0.000140
40.450000 -0.000119
40.500000 -0.000182
40.550000 -0.000151
40.600000 -0.000202
40.650000 -0.000158
40.700000 -0.000195
40.750000 -0.000138
40.800000 -0.000163
40.850000 -0.000095
40.900000 -0.000111
40.950000 -0.000035
41.000000 -0.000046
41.050000 0.000032
41.100000 0.000021
41.150000 0.000097
41.200000 0.000082
41.250000 0.000151
41.300000 0.000127
41.350000 0.000187
41.400000 0.000153
41.450000 0.000201
41.500000 0.000156
41.550000 0.000192
41.600000 0.000136
41.650000 0.000163
41.700000 0.000097
41.750000 0.000115
41.800000 0.000043
41.850000 0.000055
41.900000 -0.000021
41.950000 -0.000010
42.000000 -0.000085
42.050000 -0.000072
42.100000 -0.000144
42.150000 -0.000125
42.200000 -0.000188
42.250000 -0.000160
42.300000 -0.000212
42.350000 -0.000172
42.400000 -0.000211
42.450000 -0.000157
42.500000 -0.000184
42.550000 -0.000118
42.600000 -0.000134
42.650000 -0.000059
42.700000 -0.000067
42.750000 0.000012
42.800000 0.000006
42.850000 0.000085
42.900000 0.000076
42.950000 0.000148
43.000000 0.000131
43.050000 0.000195
43.100000 0.000167
43.150000 0.000218
43.200000 0.000178
43.250000 0.000216
43.300000 0.000164
43.350000 0.000191
43.400000 0.000129
43.450000 0.000147
43.500000 0.000076
43.550000 0.000088
43.600000 0.000013
43.650000 0.000022
43.700000 -0.000054
43.750000 -0.000045
43.800000 -0.000119
43.850000 -0.000106
43.900000 -0.000173
43.950000 -0.000152
44.000000 -0.000211
44.050000 -0.000180
44.100000 -0.000226
44.150000 -0.000184
44.200000 -0.000218
44.250000 -0.000163
44.300000 -0.000186
44.350000 -0.000121
44.400000 -0.000135
44.450000 -0.000063
44.500000 -0.000073
44.550000 -0.000001
44.600000 -0.000012
44.650000 0.000056
44.700000 0.000036
44.750000 0.000093
44.800000 0.000060
44.850000 0.000101
44.900000 0.000050
44.950000 0.000071
