-30.000000 -0.000397
-29.950000 -0.000432
-29.900000 -0.000857
-29.850000 -0.000913
-29.800000 -0.001345
-29.750000 -0.001399
-29.700000 -0.001812
-29.650000 -0.001835
-29.600000 -0.002199
-29.550000 -0.002162
-29.500000 -0.002452
-29.450000 -0.002332
-29.400000 -0.002528
-29.350000 -0.002308
-29.300000 -0.002399
-29.250000 -0.002076
-29.200000 -0.002063
-29.150000 -0.001644
-29.100000 -0.001542
-29.050000 -0.001047
-29.000000 -0.000880
-28.950000 -0.000337
-28.900000 -0.000139
-28.850000 0.000415
-28.800000 0.000607
-28.750000 0.001133
-28.700000 0.001281
-28.650000 0.001743
-28.600000 0.001815
-28.550000 0.002184
-28.500000 0.002153
-28.450000 0.002410
-28.400000 0.002263
-28.350000 0.002399
-28.300000 0.002135
-28.250000 0.002154
-28.200000 0.001782
-28.150000 0.001700
-28.100000 0.001239
-28.050000 0.001080
-28.000000 0.000560
-27.950000 0.000355
-27.900000 -0.000192
-27.850000 -0.000408
-27.800000 -0.000945
-27.750000 -0.001136
-27.700000 -0.001628
-27.650000 -0.001759
-27.600000 -0.002173
-27.550000 -0.002214
-27.500000 -0.002524
-27.450000 -0.002453
-27.400000 -0.002641
-27.350000 -0.002446
-27.300000 -0.002507
-27.250000 -0.002188
-27.200000 -0.002128
-27.150000 -0.001700
-27.100000 -0.001538
-27.050000 -0.001024
-27.000000 -0.000792
-26.950000 -0.000228
-26.900000 0.000036
-26.850000 0.000610
-26.800000 0.000866
-26.750000 0.001407
-26.700000 0.001613
-26.650000 0.002084
-26.600000 0.002205
-26.550000 0.002575
-26.500000 0.002585
-26.450000 0.002832
-26.400000 0.002717
-26.350000 0.002833
-26.300000 0.002588
-26.250000 0.002576
-26.200000 0.002211
-26.150000 0.002085
-26.100000 0.001620
-26.050000 0.001403
-26.000000 0.000865
-25.950000 0.000590
-25.900000 0.000013
-25.850000 -0.000284
-25.800000 -0.000862
-25.750000 -0.001143
-25.700000 -0.001683
-25.650000 -0.001909
-25.600000 -0.002375
-25.550000 -0.002512
-25.500000 -0.002871
-25.450000 -0.002892
-25.400000 -0.003122
-25.350000 -0.003008
-25.300000 -0.003097
-25.250000 -0.002844
-25.200000 -0.002792
-25.150000 -0.002407
-25.100000 -0.002231
-25.050000 -0.001735
-25.000000 -0.001460
-24.950000 -0.000887
-24.900000 -0.000552
-24.850000 0.000060
-24.800000 0.000413
-24.750000 0.001018
-24.700000 0.001346
-24.650000 0.001901
-24.600000 0.002163
-24.550000 0.002632
-24.500000 0.002792
-24.450000 0.003145
-24.400000 0.003181
-24.350000 0.003398
-24.300000 0.003295
-24.250000 0.003369
-24.200000 0.003126
-24.150000 0.003060
-24.100000 0.002685
-24.050000 0.002492
-24.000000 0.002005
-23.950000 0.001710
-23.900000 0.001138
-23.850000 0.000774
-23.800000 0.000153
-23.750000 -0.000242
-23.700000 -0.000871
-23.650000 -0.001256
-23.600000 -0.001850
-23.550000 -0.002182
-23.500000 -0.002700
-23.450000 -0.002939
-23.400000 -0.003345
-23.350000 -0.003458
-23.300000 -0.003723
-23.250000 -0.003689
-23.200000 -0.003798
-23.150000 -0.003607
-23.100000 -0.003557
-23.050000 -0.003214
-23.000000 -0.003018
-22.950000 -0.002542
-22.900000 -0.002224
-22.850000 -0.001646
-22.800000 -0.001242
-22.750000 -0.000600
-22.700000 -0.000151
-22.650000 0.000510
-22.600000 0.000958
-22.550000 0.001594
-22.500000 0.001998
-22.450000 0.002568
-22.400000 0.002890
-22.350000 0.003357
-22.300000 0.003563
-22.250000 0.003900
-22.200000 0.003968
-22.150000 0.004154
-22.100000 0.004069
-22.050000 0.004097
-22.000000 0.003854
-21.950000 0.003725
-21.900000 0.003334
-21.850000 0.003061
-21.800000 0.002539
-21.750000 0.002148
-21.700000 0.001525
-21.650000 0.001049
-21.600000 0.000366
-21.550000 -0.000152
-21.500000 -0.000852
-21.450000 -0.001365
-21.400000 -0.002032
-21.350000 -0.002491
-21.300000 -0.003080
-21.250000 -0.003442
-21.200000 -0.003912
-21.150000 -0.004140
-21.100000 -0.004459
-21.050000 -0.004528
-21.000000 -0.004677
-20.950000 -0.004575
-20.900000 -0.004549
-20.850000 -0.004277
-20.800000 -0.004084
-20.750000 -0.003657
-20.700000 -0.003317
-20.650000 -0.002760
-20.600000 -0.002304
-20.550000 -0.001650
-20.500000 -0.001114
-20.450000 -0.000404
-20.400000 0.000169
-20.350000 0.000893
-20.300000 0.001460
-20.250000 0.002154
-20.200000 0.002671
-20.150000 0.003290
-20.100000 0.003717
-20.050000 0.004223
-20.000000 0.004521
-19.950000 0.004882
-19.900000 0.005023
-19.850000 0.005213
-19.800000 0.005178
-19.750000 0.005184
-19.700000 0.004966
-19.650000 0.004788
-19.600000 0.004395
-19.550000 0.004047
-19.500000 0.003498
-19.450000 0.003008
-19.400000 0.002337
-19.350000 0.001742
-19.300000 0.000991
-19.250000 0.000338
-19.200000 -0.000444
-19.150000 -0.001107
-19.100000 -0.001870
-19.050000 -0.002493
-19.000000 -0.003190
-18.950000 -0.003727
-18.900000 -0.004315
-18.850000 -0.004727
-18.800000 -0.005172
-18.750000 -0.005429
-18.700000 -0.005705
-18.650000 -0.005787
-18.600000 -0.005879
-18.550000 -0.005777
-18.500000 -0.005680
-18.450000 -0.005393
-18.400000 -0.005114
-18.350000 -0.004655
-18.300000 -0.004210
-18.250000 -0.003601
-18.200000 -0.003018
-18.150000 -0.002289
-18.100000 -0.001604
-18.050000 -0.000798
-18.000000 -0.000056
-17.950000 0.000781
-17.900000 0.001531
-17.850000 0.002346
-17.800000 0.003053
-17.750000 0.003796
-17.700000 0.004409
-17.650000 0.005033
-17.600000 0.005508
-17.550000 0.005973
-17.500000 0.006276
-17.450000 0.006554
-17.400000 0.006663
-17.350000 0.006739
-17.300000 0.006645
-17.250000 0.006515
-17.200000 0.006222
-17.150000 0.005897
-17.100000 0.005421
-17.050000 0.004922
-17.000000 0.004288
-16.950000 0.003644
-16.900000 0.002886
-16.850000 0.002134
-16.800000 0.001292
-16.750000 0.000474
-16.700000 -0.000410
-16.650000 -0.001248
-16.600000 -0.002125
-16.550000 -0.002936
-16.500000 -0.003759
-16.450000 -0.004495
-16.400000 -0.005217
-16.350000 -0.005832
-16.300000 -0.006409
-16.250000 -0.006864
-16.200000 -0.007261
-16.150000 -0.007523
-16.100000 -0.007713
-16.050000 -0.007762
-16.000000 -0.007731
-15.950000 -0.007559
-15.900000 -0.007306
-15.850000 -0.006919
-15.800000 -0.006457
-15.750000 -0.005877
-15.700000 -0.005232
-15.650000 -0.004489
-15.600000 -0.003698
-15.550000 -0.002833
-15.500000 -0.001941
-15.450000 -0.001001
-15.400000 -0.000056
-15.350000 0.000910
-15.300000 0.001859
-15.250000 0.002801
-15.200000 0.003705
-15.150000 0.004576
-15.100000 0.005391
-15.050000 0.006149
-15.000000 0.006833
-14.950000 0.007439
-14.900000 0.007957
-14.850000 0.008380
-14.800000 0.008703
-14.750000 0.008916
-14.700000 0.009024
-14.650000 0.009011
-14.600000 0.008892
-14.550000 0.008649
-14.500000 0.008303
-14.450000 0.007835
-14.400000 0.007276
-14.350000 0.006602
-14.300000 0.005854
-14.250000 0.005006
-14.200000 0.004106
-14.150000 0.003125
-14.100000 0.002119
-14.050000 0.001053
-14.000000 -0.000010
-13.950000 -0.001107
-13.900000 -0.002172
-13.850000 -0.003248
-13.800000 -0.004263
-13.750000 -0.005268
-13.700000 -0.006184
-13.650000 -0.007070
-13.600000 -0.007845
-13.550000 -0.008574
-13.500000 -0.009171
-13.450000 -0.009710
-13.400000 -0.010102
-13.350000 -0.010427
-13.300000 -0.010593
-13.250000 -0.010688
-13.200000 -0.010617
-13.150000 -0.010474
-13.100000 -0.010162
-13.050000 -0.009784
-13.000000 -0.009239
-12.950000 -0.008637
-12.900000 -0.007876
-12.850000 -0.007073
-12.800000 -0.006123
-12.750000 -0.005153
-12.700000 -0.004052
-12.650000 -0.002957
-12.600000 -0.001752
-12.550000 -0.000582
-12.500000 0.000674
-12.450000 0.001866
-12.400000 0.003117
-12.350000 0.004275
-12.300000 0.005470
-12.250000 0.006542
-12.200000 0.007629
-12.150000 0.008568
-12.100000 0.009505
-12.050000 0.010273
-12.000000 0.011025
-11.950000 0.011590
-11.900000 0.012130
-11.850000 0.012469
-11.800000 0.012777
-11.750000 0.012876
-11.700000 0.012941
-11.650000 0.012791
-11.600000 0.012609
-11.550000 0.012210
-11.500000 0.011784
-11.450000 0.011142
-11.400000 0.010484
-11.350000 0.009617
-11.300000 0.008748
-11.250000 0.007680
-11.200000 0.006629
-11.150000 0.005395
-11.100000 0.004200
-11.050000 0.002842
-11.000000 0.001549
-10.950000 0.000116
-10.900000 -0.001222
-10.850000 -0.002677
-10.800000 -0.004008
-10.750000 -0.005431
-10.700000 -0.006701
-10.650000 -0.008039
-10.600000 -0.009197
-10.550000 -0.010405
-10.500000 -0.011407
-10.450000 -0.012442
-10.400000 -0.013252
-10.350000 -0.014082
-10.300000 -0.014671
-10.250000 -0.015270
-10.200000 -0.015616
-10.150000 -0.015967
-10.100000 -0.016055
-10.050000 -0.016147
-10.000000 -0.015970
-9.950000 -0.015797
-9.900000 -0.015353
-9.850000 -0.014918
-9.800000 -0.014213
-9.750000 -0.013526
-9.700000 -0.012574
-9.650000 -0.011653
-9.600000 -0.010477
-9.550000 -0.009350
-9.500000 -0.007982
-9.450000 -0.006685
-9.400000 -0.005166
-9.350000 -0.003743
-9.300000 -0.002118
-9.250000 -0.000618
-9.200000 0.001061
-9.150000 0.002588
-9.100000 0.004272
-9.050000 0.005775
-9.000000 0.007413
-8.950000 0.008846
-8.900000 0.010394
-8.850000 0.011713
-8.800000 0.013132
-8.750000 0.014300
-8.700000 0.015555
-8.650000 0.016541
-8.600000 0.017601
-8.550000 0.018378
-8.500000 0.019220
-8.450000 0.019765
-8.400000 0.020367
-8.350000 0.020661
-8.300000 0.021008
-8.250000 0.021037
-8.200000 0.021116
-8.150000 0.020869
-8.100000 0.020674
-8.050000 0.020150
-8.000000 0.019680
-7.950000 0.018883
-7.900000 0.018148
-7.850000 0.017090
-7.800000 0.016107
-7.750000 0.014810
-7.700000 0.013604
-7.650000 0.012097
-7.600000 0.010702
-7.550000 0.009021
-7.500000 0.007474
-7.450000 0.005657
-7.400000 0.003997
-7.350000 0.002085
-7.300000 0.000352
-7.250000 -0.001615
-7.200000 -0.003382
-7.150000 -0.005366
-7.100000 -0.007129
-7.050000 -0.009094
-7.000000 -0.010816
-6.950000 -0.012724
-6.900000 -0.014370
-6.850000 -0.016186
-6.800000 -0.017718
-6.750000 -0.019405
-6.700000 -0.020787
-6.650000 -0.022310
-6.600000 -0.023507
-6.550000 -0.024830
-6.500000 -0.025809
-6.450000 -0.026903
-6.400000 -0.027635
-6.350000 -0.028472
-6.300000 -0.028936
-6.250000 -0.029499
-6.200000 -0.029679
-6.150000 -0.029956
-6.100000 -0.029847
-6.050000 -0.029837
-6.000000 -0.029439
-5.950000 -0.029147
-5.900000 -0.028469
-5.850000 -0.027907
-5.800000 -0.026964
-5.750000 -0.026146
-5.700000 -0.024954
-5.650000 -0.023900
-5.600000 -0.022478
-5.550000 -0.021206
-5.500000 -0.019574
-5.450000 -0.018104
-5.400000 -0.016282
-5.350000 -0.014635
-5.300000 -0.012644
-5.250000 -0.010843
-5.200000 -0.008707
-5.150000 -0.006778
-5.100000 -0.004525
-5.050000 -0.002495
-5.000000 -0.000156
-4.950000 0.001941
-4.900000 0.004334
-4.850000 0.006465
-4.800000 0.008877
-4.750000 0.011009
-4.700000 0.013408
-4.650000 0.015509
-4.600000 0.017866
-4.550000 0.019910
-4.500000 0.022201
-4.450000 0.024166
-4.400000 0.026372
-4.350000 0.028242
-4.300000 0.030349
-4.250000 0.032111
-4.200000 0.034108
-4.150000 0.035753
-4.100000 0.037631
-4.050000 0.039151
-4.000000 0.040902
-3.950000 0.042288
-3.900000 0.043903
-3.850000 0.045147
-3.800000 0.046618
-3.750000 0.047710
-3.700000 0.049028
-3.650000 0.049961
-3.600000 0.051118
-3.550000 0.051885
-3.500000 0.052877
-3.450000 0.053476
-3.400000 0.054302
-3.350000 0.054733
-3.300000 0.055396
-3.250000 0.055665
-3.200000 0.056174
-3.150000 0.056290
-3.100000 0.056653
-3.050000 0.056628
-3.000000 0.056857
-2.950000 0.056701
-2.900000 0.056808
-2.850000 0.056530
-2.800000 0.056521
-2.750000 0.056129
-2.700000 0.056010
-2.650000 0.055506
-2.600000 0.055278
-2.550000 0.054664
-2.500000 0.054328
-2.450000 0.053604
-2.400000 0.053162
-2.350000 0.052329
-2.300000 0.051781
-2.250000 0.050842
-2.200000 0.050194
-2.150000 0.049155
-2.100000 0.048412
-2.050000 0.047281
-2.000000 0.046452
-1.950000 0.045236
-1.900000 0.044327
-1.850000 0.043031
-1.800000 0.042046
-1.750000 0.040673
-1.700000 0.039612
-1.650000 0.038158
-1.600000 0.037015
-1.550000 0.035472
-1.500000 0.034235
-1.450000 0.032588
-1.400000 0.031241
-1.350000 0.029471
-1.300000 0.027993
-1.250000 0.026077
-1.200000 0.024443
-1.150000 0.022355
-1.100000 0.020537
-1.050000 0.018248
-1.000000 0.016215
-0.950000 0.013693
-0.900000 0.011412
-0.850000 0.008619
-0.800000 0.006047
-0.750000 0.002938
-0.700000 0.000025
-0.650000 -0.003458
-0.600000 -0.006776
-0.550000 -0.010704
-0.500000 -0.014506
-0.450000 -0.018968
-0.400000 -0.023354
-0.350000 -0.028460
-0.300000 -0.033549
-0.250000 -0.039428
-0.200000 -0.045363
-0.150000 -0.052168
-0.100000 -0.059112
-0.050000 -0.067018
0.000000 -0.075157
0.050000 -0.084364
0.100000 -0.093909
0.150000 -0.104640
0.200000 -0.115829
0.250000 -0.128334
0.300000 -0.141432
0.350000 -0.155992
0.400000 -0.171293
0.450000 -0.188217
0.500000 -0.206044
0.550000 -0.225666
0.600000 -0.246367
0.650000 -0.269045
0.700000 -0.292980
0.750000 -0.319076
0.800000 -0.346606
0.850000 -0.376469
0.900000 -0.407925
0.950000 -0.441861
1.000000 -0.477511
1.050000 -0.515740
1.100000 -0.555743
1.150000 -0.598350
1.200000 -0.642702
1.250000 -0.689575
1.300000 -0.738040
1.350000 -0.788806
1.400000 -0.840856
1.450000 -0.894816
1.500000 -0.949569
1.550000 -1.005646
1.600000 -1.061825
1.650000 -1.118538
1.700000 -1.174461
1.750000 -1.229940
1.800000 -1.283565
1.850000 -1.335618
1.900000 -1.384639
1.950000 -1.430889
2.000000 -1.472902
2.050000 -1.510974
2.100000 -1.543693
2.150000 -1.571449
2.200000 -1.592947
2.250000 -1.608727
2.300000 -1.617664
2.350000 -1.620493
2.400000 -1.616287
2.450000 -1.606000
2.500000 -1.588910
2.550000 -1.566177
2.600000 -1.537264
2.650000 -1.503504
2.700000 -1.464499
2.750000 -1.421700
2.800000 -1.374789
2.850000 -1.325273
2.900000 -1.272855
2.950000 -1.219038
3.000000 -1.163490
3.050000 -1.107666
3.100000 -1.051155
3.150000 -0.995334
3.200000 -0.939692
3.250000 -0.885508
3.300000 -0.832166
3.350000 -0.780845
3.400000 -0.730825
3.450000 -0.683196
3.500000 -0.637146
3.550000 -0.593691
3.600000 -0.551942
3.650000 -0.512856
3.700000 -0.475488
3.750000 -0.440750
3.800000 -0.407657
3.850000 -0.377093
3.900000 -0.348045
3.950000 -0.321383
4.000000 -0.296074
4.050000 -0.272985
4.100000 -0.251073
4.150000 -0.231206
4.200000 -0.212337
4.250000 -0.195340
4.300000 -0.179168
4.350000 -0.164701
4.400000 -0.150896
4.450000 -0.138641
4.500000 -0.126895
4.550000 -0.116559
4.600000 -0.106590
4.650000 -0.097903
4.700000 -0.089457
4.750000 -0.082176
4.800000 -0.075024
4.850000 -0.068935
4.900000 -0.062877
4.950000 -0.057792
5.000000 -0.052653
5.050000 -0.048412
5.100000 -0.044044
5.150000 -0.040514
5.200000 -0.036795
5.250000 -0.033862
5.300000 -0.030692
5.350000 -0.028267
5.400000 -0.025564
5.450000 -0.023572
5.500000 -0.021267
5.550000 -0.019647
5.600000 -0.017684
5.650000 -0.016382
5.700000 -0.014711
5.750000 -0.013680
5.800000 -0.012256
5.850000 -0.011452
5.900000 -0.010232
5.950000 -0.009615
6.000000 -0.008562
6.050000 -0.008096
6.100000 -0.007175
6.150000 -0.006826
6.200000 -0.006008
6.250000 -0.005752
6.300000 -0.005012
6.350000 -0.004828
6.400000 -0.004152
6.450000 -0.004027
6.500000 -0.003404
6.550000 -0.003332
6.600000 -0.002758
6.650000 -0.002737
6.700000 -0.002212
6.750000 -0.002241
6.800000 -0.001764
6.850000 -0.001844
6.900000 -0.001415
6.950000 -0.001542
7.000000 -0.001155
7.050000 -0.001322
7.100000 -0.000970
7.150000 -0.001168
7.200000 -0.000839
7.250000 -0.001057
7.300000 -0.000739
7.350000 -0.000964
7.400000 -0.000648
7.450000 -0.000872
7.500000 -0.000549
7.550000 -0.000767
7.600000 -0.000436
7.650000 -0.000648
7.700000 -0.000310
7.750000 -0.000520
7.800000 -0.000180
7.850000 -0.000395
7.900000 -0.000062
7.950000 -0.000288
8.000000 0.000032
8.050000 -0.000212
8.100000 0.000090
8.150000 -0.000175
8.200000 0.000108
8.250000 -0.000176
8.300000 0.000091
8.350000 -0.000209
8.400000 0.000049
8.450000 -0.000258
8.500000 -0.000001
8.550000 -0.000306
8.600000 -0.000041
8.650000 -0.000336
8.700000 -0.000057
8.750000 -0.000337
8.800000 -0.000040
8.850000 -0.000305
8.900000 0.000009
8.950000 -0.000243
9.000000 0.000081
9.050000 -0.000166
9.100000 0.000160
9.150000 -0.000092
9.200000 0.000227
9.250000 -0.000038
9.300000 0.000266
9.350000 -0.000019
9.400000 0.000267
9.450000 -0.000038
9.500000 0.000231
9.550000 -0.000091
9.600000 0.000166
9.650000 -0.000165
9.700000 0.000089
9.750000 -0.000243
9.800000 0.000017
9.850000 -0.000306
9.900000 -0.000033
9.950000 -0.000343
10.000000 -0.000053
10.050000 -0.000348
10.100000 -0.000043
10.150000 -0.000328
10.200000 -0.000014
10.250000 -0.000296
10.300000 0.000016
10.350000 -0.000276
10.400000 0.000022
10.450000 -0.000292
10.500000 -0.000022
10.550000 -0.000373
10.600000 -0.000144
10.650000 -0.000544
10.700000 -0.000368
10.750000 -0.000831
10.800000 -0.000722
10.850000 -0.001261
10.900000 -0.001235
10.950000 -0.001871
11.000000 -0.001955
11.050000 -0.002720
11.100000 -0.002955
11.150000 -0.003901
11.200000 -0.004353
11.250000 -0.005565
11.300000 -0.006339
11.350000 -0.007947
11.400000 -0.009201
11.450000 -0.011399
11.500000 -0.013370
11.550000 -0.016442
11.600000 -0.019475
11.650000 -0.023835
11.700000 -0.028424
11.750000 -0.034668
11.800000 -0.041529
11.850000 -0.050513
11.900000 -0.060671
11.950000 -0.073627
12.000000 -0.088562
12.050000 -0.107260
12.100000 -0.129089
12.150000 -0.156063
12.200000 -0.187813
12.250000 -0.226668
12.300000 -0.272619
12.350000 -0.328418
12.400000 -0.394531
12.450000 -0.474256
12.500000 -0.568647
12.550000 -0.681645
12.600000 -0.814962
12.650000 -0.973188
12.700000 -1.158603
12.750000 -1.376215
12.800000 -1.628435
12.850000 -1.919975
12.900000 -2.252304
12.950000 -2.628328
13.000000 -3.046584
13.050000 -3.505708
13.100000 -3.998466
13.150000 -4.516284
13.200000 -5.043569
13.250000 -5.562934
13.300000 -6.050594
13.350000 -6.483046
13.400000 -6.834001
13.450000 -7.082409
13.500000 -7.210026
13.550000 -7.209089
13.600000 -7.078361
13.650000 -6.828432
13.700000 -6.475019
13.750000 -6.041908
13.800000 -5.552754
13.850000 -5.033687
13.900000 -4.505779
13.950000 -3.988982
14.000000 -3.496155
14.050000 -3.038437
14.100000 -2.620343
14.150000 -2.245826
14.200000 -1.913666
14.250000 -1.623569
14.300000 -1.371407
14.350000 -1.155101
14.400000 -0.969598
14.450000 -0.812530
14.500000 -0.678982
14.550000 -0.567010
14.600000 -0.472270
14.650000 -0.393466
14.700000 -0.326913
14.750000 -0.271957
14.800000 -0.225501
14.850000 -0.187435
14.900000 -0.155134
14.950000 -0.128911
15.000000 -0.106501
15.050000 -0.088529
15.100000 -0.072993
15.150000 -0.060746
15.200000 -0.049971
15.250000 -0.041683
15.300000 -0.034197
15.350000 -0.028641
15.400000 -0.023417
15.450000 -0.019739
15.500000 -0.016067
15.550000 -0.013671
15.600000 -0.011056
15.650000 -0.009531
15.700000 -0.007629
15.750000 -0.006690
15.800000 -0.005264
15.850000 -0.004716
15.900000 -0.003606
15.950000 -0.003318
16.000000 -0.002420
16.050000 -0.002307
16.100000 -0.001555
16.150000 -0.001566
16.200000 -0.000919
16.250000 -0.001026
16.300000 -0.000462
16.350000 -0.000645
16.400000 -0.000151
16.450000 -0.000402
16.500000 0.000033
16.550000 -0.000273
16.600000 0.000113
16.650000 -0.000238
16.700000 0.000112
16.750000 -0.000268
16.800000 0.000062
16.850000 -0.000332
16.900000 -0.000006
16.950000 -0.000399
17.000000 -0.000063
17.050000 -0.000442
17.100000 -0.000086
17.150000 -0.000445
17.200000 -0.000065
17.250000 -0.000402
17.300000 0.000000
17.350000 -0.000319
17.400000 0.000100
17.450000 -0.000210
17.500000 0.000214
17.550000 -0.000099
17.600000 0.000319
17.650000 -0.000006
17.700000 0.000395
17.750000 0.000047
17.800000 0.000424
17.850000 0.000049
17.900000 0.000401
17.950000 -0.000000
18.000000 0.000330
18.050000 -0.000092
18.100000 0.000225
18.150000 -0.000207
18.200000 0.000109
18.250000 -0.000319
18.300000 0.000008
18.350000 -0.000405
18.400000 -0.000056
18.450000 -0.000445
18.500000 -0.000067
18.550000 -0.000428
18.600000 -0.000022
18.650000 -0.000359
18.700000 0.000070
18.750000 -0.000251
18.800000 0.000189
18.850000 -0.000128
18.900000 0.000310
18.950000 -0.000019
19.000000 0.000405
19.050000 0.000055
19.100000 0.000454
19.150000 0.000075
19.200000 0.000447
19.250000 0.000039
19.300000 0.000385
19.350000 -0.000047
19.400000 0.000282
19.450000 -0.000164
19.500000 0.000160
19.550000 -0.000287
19.600000 0.000043
19.650000 -0.000392
19.700000 -0.000043
19.750000 -0.000457
19.800000 -0.000080
19.850000 -0.000467
19.900000 -0.000061
19.950000 -0.000421
20.000000 0.000012
20.050000 -0.000327
20.100000 0.000124
20.150000 -0.000203
20.200000 0.000254
20.250000 -0.000076
20.300000 0.000374
20.350000 0.000029
20.400000 0.000460
20.450000 0.000088
20.500000 0.000491
20.550000 0.000088
20.600000 0.000461
20.650000 0.000027
20.700000 0.000374
20.750000 -0.000082
20.800000 0.000249
20.850000 -0.000218
20.900000 0.000112
20.950000 -0.000352
21.000000 -0.000009
21.050000 -0.000455
21.100000 -0.000087
21.150000 -0.000506
21.200000 -0.000105
21.250000 -0.000493
21.300000 -0.000060
21.350000 -0.000419
21.400000 0.000040
21.450000 -0.000300
21.500000 0.000173
21.550000 -0.000161
21.600000 0.000313
21.650000 -0.000029
21.700000 0.000431
21.750000 0.000068
21.800000 0.000505
21.850000 0.000111
21.900000 0.000518
21.950000 0.000092
22.000000 0.000469
22.050000 0.000013
22.100000 0.000366
22.150000 -0.000110
22.200000 0.000229
22.250000 -0.000255
22.300000 0.000085
22.350000 -0.000392
22.400000 -0.000037
22.450000 -0.000495
22.500000 -0.000113
22.550000 -0.000542
22.600000 -0.000125
22.650000 -0.000521
22.700000 -0.000071
22.750000 -0.000437
22.800000 0.000041
22.850000 -0.000304
22.900000 0.000190
22.950000 -0.000150
23.000000 0.000344
23.050000 -0.000005
23.100000 0.000474
23.150000 0.000100
23.200000 0.000551
23.250000 0.000144
23.300000 0.000560
23.350000 0.000117
23.400000 0.000500
23.450000 0.000024
23.500000 0.000381
23.550000 -0.000116
23.600000 0.000228
23.650000 -0.000276
23.700000 0.000071
23.750000 -0.000424
23.800000 -0.000059
23.850000 -0.000532
23.900000 -0.000137
23.950000 -0.000578
24.000000 -0.000148
24.050000 -0.000555
24.100000 -0.000089
24.150000 -0.000465
24.200000 0.000028
24.250000 -0.000327
24.300000 0.000183
24.350000 -0.000165
24.400000 0.000347
24.450000 -0.000009
24.500000 0.000488
24.550000 0.000109
24.600000 0.000579
24.650000 0.000167
24.700000 0.000602
24.750000 0.000152
24.800000 0.000552
24.850000 0.000066
24.900000 0.000434
24.950000 -0.000078
25.000000 0.000273
25.050000 -0.000252
25.100000 0.000097
25.150000 -0.000422
25.200000 -0.000057
25.250000 -0.000555
25.300000 -0.000160
25.350000 -0.000624
25.400000 -0.000191
25.450000 -0.000616
25.500000 -0.000143
25.550000 -0.000532
25.600000 -0.000024
25.650000 -0.000387
25.700000 0.000141
25.750000 -0.000210
25.800000 0.000323
25.850000 -0.000034
25.900000 0.000487
25.950000 0.000108
26.000000 0.000602
26.050000 0.000189
26.100000 0.000647
26.150000 0.000195
26.200000 0.000614
26.250000 0.000124
26.300000 0.000509
26.350000 -0.000012
26.400000 0.000350
26.450000 -0.000189
26.500000 0.000166
26.550000 -0.000374
26.600000 -0.000011
26.650000 -0.000535
26.700000 -0.000147
26.750000 -0.000643
26.800000 -0.000218
26.850000 -0.000675
26.900000 -0.000208
26.950000 -0.000625
27.000000 -0.000118
27.050000 -0.000499
27.100000 0.000038
27.150000 -0.000320
27.200000 0.000233
27.250000 -0.000121
27.300000 0.000430
27.350000 0.000062
27.400000 0.000592
27.450000 0.000194
27.500000 0.000689
27.550000 0.000249
27.600000 0.000701
27.650000 0.000217
27.700000 0.000627
27.750000 0.000102
27.800000 0.000479
27.850000 -0.000073
27.900000 0.000285
27.950000 -0.000278
28.000000 0.000080
28.050000 -0.000476
28.100000 -0.000100
28.150000 -0.000631
28.200000 -0.000222
28.250000 -0.000715
28.300000 -0.000264
28.350000 -0.000715
28.400000 -0.000220
28.450000 -0.000630
28.500000 -0.000096
28.550000 -0.000474
28.600000 0.000087
28.650000 -0.000274
28.700000 0.000298
28.750000 -0.000062
28.800000 0.000502
28.850000 0.000123
28.900000 0.000662
28.950000 0.000250
29.000000 0.000750
29.050000 0.000293
29.100000 0.000748
29.150000 0.000245
29.200000 0.000655
29.250000 0.000110
29.300000 0.000486
29.350000 -0.000089
29.400000 0.000268
29.450000 -0.000317
29.500000 0.000041
29.550000 -0.000534
29.600000 -0.000155
29.650000 -0.000701
29.700000 -0.000284
29.750000 -0.000788
29.800000 -0.000323
29.850000 -0.000779
29.900000 -0.000264
29.950000 -0.000675
30.000000 -0.000118
30.050000 -0.000494
30.100000 0.000090
30.150000 -0.000268
30.200000 0.000325
30.250000 -0.000036
30.300000 0.000546
30.350000 0.000164
30.400000 0.000717
30.450000 0.000298
30.500000 0.000809
30.550000 0.000343
30.600000 0.000807
30.650000 0.000291
30.700000 0.000709
30.750000 0.000150
30.800000 0.000532
30.850000 -0.000058
30.900000 0.000302
30.950000 -0.000301
31.000000 0.000057
31.050000 -0.000538
31.100000 -0.000161
31.150000 -0.000730
31.200000 -0.000317
31.250000 -0.000844
31.300000 -0.000382
31.350000 -0.000857
31.400000 -0.000342
31.450000 -0.000767
31.500000 -0.000203
31.550000 -0.000586
31.600000 0.000014
31.650000 -0.000343
31.700000 0.000273
31.750000 -0.000080
31.800000 0.000530
31.850000 0.000159
31.900000 0.000742
31.950000 0.000333
32.000000 0.000872
32.050000 0.000412
32.100000 0.000899
32.150000 0.000384
32.200000 0.000818
32.250000 0.000253
32.300000 0.000643
32.350000 0.000040
32.400000 0.000402
32.450000 -0.000220
32.500000 0.000134
32.550000 -0.000486
32.600000 -0.000119
32.650000 -0.000717
32.700000 -0.000317
32.750000 -0.000875
32.800000 -0.000428
32.850000 -0.000935
32.900000 -0.000434
32.950000 -0.000887
33.000000 -0.000331
33.050000 -0.000735
33.100000 -0.000135
33.150000 -0.000503
33.200000 0.000126
33.250000 -0.000224
33.300000 0.000413
33.350000 0.000057
33.400000 0.000678
33.450000 0.000295
33.500000 0.000879
33.550000 0.000450
33.600000 0.000982
33.650000 0.000495
33.700000 0.000968
33.750000 0.000422
33.800000 0.000838
33.850000 0.000239
33.900000 0.000612
33.950000 -0.000023
34.000000 0.000325
34.050000 -0.000324
34.100000 0.000023
34.150000 -0.000615
34.200000 -0.000245
34.250000 -0.000852
34.300000 -0.000439
34.350000 -0.000995
34.400000 -0.000527
34.450000 -0.001025
34.500000 -0.000496
34.550000 -0.000936
34.600000 -0.000351
34.650000 -0.000742
34.700000 -0.000113
34.750000 -0.000470
34.800000 0.000182
34.850000 -0.000162
34.900000 0.000492
34.950000 0.000137
35.000000 0.000771
35.050000 0.000384
35.100000 0.000976
35.150000 0.000539
35.200000 0.001075
35.250000 0.000577
35.300000 0.001051
35.350000 0.000490
35.400000 0.000905
35.450000 0.000288
35.500000 0.000655
35.550000 -0.000001
35.600000 0.000338
35.650000 -0.000334
35.700000 0.000003
35.750000 -0.000660
35.800000 -0.000300
35.850000 -0.000929
35.900000 -0.000523
35.950000 -0.001098
36.000000 -0.000630
36.050000 -0.001141
36.100000 -0.000606
36.150000 -0.001050
36.200000 -0.000453
36.250000 -0.000840
36.300000 -0.000193
36.350000 -0.000541
36.400000 0.000135
36.450000 -0.000198
36.500000 0.000482
36.550000 0.000140
36.600000 0.000799
36.650000 0.000424
36.700000 0.001040
36.750000 0.000613
36.800000 0.001171
36.850000 0.000680
36.900000 0.001172
36.950000 0.000614
37.000000 0.001042
37.050000 0.000423
37.100000 0.000796
37.150000 0.000131
37.200000 0.000468
37.250000 -0.000223
37.300000 0.000103
37.350000 -0.000588
37.400000 -0.000249
37.450000 -0.000914
37.500000 -0.000535
37.550000 -0.001150
37.600000 -0.000712
37.650000 -0.001262
37.700000 -0.000752
37.750000 -0.001229
37.800000 -0.000647
37.850000 -0.001054
37.900000 -0.000409
37.950000 -0.000762
38.000000 -0.000072
38.050000 -0.000393
38.100000 0.000316
38.150000 -0.000001
38.200000 0.000698
38.250000 0.000358
38.300000 0.001022
38.350000 0.000634
38.400000 0.001241
38.450000 0.000788
38.500000 0.001325
38.550000 0.000798
38.600000 0.001262
38.650000 0.000664
38.700000 0.001061
38.750000 0.000403
38.800000 0.000748
38.850000 0.000048
38.900000 0.000364
38.950000 -0.000353
39.000000 -0.000040
39.050000 -0.000748
39.100000 -0.000412
39.150000 -0.001084
39.200000 -0.000699
39.250000 -0.001314
39.300000 -0.000863
39.350000 -0.001405
39.400000 -0.000877
39.450000 -0.001341
39.500000 -0.000736
39.550000 -0.001127
39.600000 -0.000456
39.650000 -0.000790
39.700000 -0.000072
39.750000 -0.000373
39.800000 0.000364
39.850000 0.000066
39.900000 0.000792
39.950000 0.000468
40.000000 0.001154
40.050000 0.000776
40.100000 0.001398
40.150000 0.000947
40.200000 0.001491
40.250000 0.000959
40.300000 0.001421
40.350000 0.000809
40.400000 0.001196
40.450000 0.000517
40.500000 0.000846
40.550000 0.000121
40.600000 0.000417
40.650000 -0.000328
40.700000 -0.000037
40.750000 -0.000773
40.800000 -0.000458
40.850000 -0.001158
40.900000 -0.000794
40.950000 -0.001434
41.000000 -0.001000
41.050000 -0.001564
41.100000 -0.001049
41.150000 -0.001529
41.200000 -0.000931
41.250000 -0.001331
41.300000 -0.000657
41.350000 -0.000991
41.400000 -0.000260
41.450000 -0.000548
41.500000 0.000213
41.550000 -0.000060
41.600000 0.000702
41.650000 0.000413
41.700000 0.001143
41.750000 0.000807
41.800000 0.001478
41.850000 0.001070
41.900000 0.001661
41.950000 0.001167
42.000000 0.001667
42.050000 0.001081
42.100000 0.001493
42.150000 0.000825
42.200000 0.001162
42.250000 0.000429
42.300000 0.000714
42.350000 -0.000056
42.400000 0.000207
42.450000 -0.000571
42.500000 -0.000299
42.550000 -0.001052
42.600000 -0.000741
42.650000 -0.001441
42.700000 -0.001065
42.750000 -0.001692
42.800000 -0.001234
42.850000 -0.001773
42.900000 -0.001225
42.950000 -0.001674
43.000000 -0.001037
43.050000 -0.001403
43.100000 -0.000690
43.150000 -0.000989
43.200000 -0.000222
43.250000 -0.000480
43.300000 0.000314
43.350000 0.000065
43.400000 0.000852
43.450000 0.000580
43.500000 0.001327
43.550000 0.001000
43.600000 0.001678
43.650000 0.001269
43.700000 0.001856
43.750000 0.001350
43.800000 0.001836
43.850000 0.001228
43.900000 0.001615
43.950000 0.000913
44.000000 0.001216
44.050000 0.000440
44.100000 0.000682
44.150000 -0.000138
44.200000 0.000076
44.250000 -0.000755
44.300000 -0.000533
44.350000 -0.001338
44.400000 -0.001073
44.450000 -0.001818
44.500000 -0.001477
44.550000 -0.002132
44.600000 -0.001690
44.650000 -0.002234
44.700000 -0.001670
44.750000 -0.002086
44.800000 -0.001390
44.850000 -0.001670
44.900000 -0.000835
44.950000 -0.000976
