-30.000000 -0.000449
-29.950000 -0.000277
-29.900000 -0.000563
-29.850000 -0.000237
-29.800000 -0.000385
-29.750000 0.000064
-29.700000 0.000017
-29.650000 0.000549
-29.600000 0.000560
-29.550000 0.001128
-29.500000 0.001150
-29.450000 0.001711
-29.400000 0.001701
-29.350000 0.002212
-29.300000 0.002133
-29.250000 0.002562
-29.200000 0.002387
-29.150000 0.002714
-29.100000 0.002429
-29.050000 0.002644
-29.000000 0.002244
-28.950000 0.002350
-28.900000 0.001845
-28.850000 0.001856
-28.800000 0.001263
-28.750000 0.001200
-28.700000 0.000546
-28.650000 0.000440
-28.600000 -0.000244
-28.550000 -0.000361
-28.500000 -0.001040
-28.450000 -0.001131
-28.400000 -0.001769
-28.350000 -0.001800
-28.300000 -0.002364
-28.250000 -0.002303
-28.200000 -0.002765
-28.150000 -0.002588
-28.100000 -0.002928
-28.050000 -0.002622
-28.000000 -0.002831
-27.950000 -0.002393
-27.900000 -0.002477
-27.850000 -0.001919
-27.800000 -0.001896
-27.750000 -0.001241
-27.700000 -0.001139
-27.650000 -0.000422
-27.600000 -0.000279
-27.550000 0.000460
-27.500000 0.000603
-27.450000 0.001323
-27.400000 0.001423
-27.350000 0.002084
-27.300000 0.002105
-27.250000 0.002674
-27.200000 0.002587
-27.150000 0.003040
-27.100000 0.002827
-27.050000 0.003150
-27.000000 0.002804
-26.950000 0.002997
-26.900000 0.002522
-26.850000 0.002594
-26.800000 0.002004
-26.750000 0.001974
-26.700000 0.001292
-26.650000 0.001188
-26.600000 0.000446
-26.550000 0.000300
-26.500000 -0.000468
-26.450000 -0.000618
-26.400000 -0.001373
-26.350000 -0.001488
-26.300000 -0.002192
-26.250000 -0.002236
-26.200000 -0.002853
-26.150000 -0.002793
-26.100000 -0.003294
-26.050000 -0.003104
-26.000000 -0.003470
-25.950000 -0.003136
-25.900000 -0.003357
-25.850000 -0.002878
-25.800000 -0.002960
-25.750000 -0.002348
-25.700000 -0.002309
-25.650000 -0.001589
-25.600000 -0.001461
-25.550000 -0.000667
-25.500000 -0.000488
-25.450000 0.000337
-25.400000 0.000523
-25.350000 0.001335
-25.300000 0.001484
-25.250000 0.002241
-25.200000 0.002314
-25.150000 0.002979
-25.100000 0.002945
-25.050000 0.003492
-25.000000 0.003326
-24.950000 0.003737
-24.900000 0.003429
-24.850000 0.003697
-24.800000 0.003245
-24.750000 0.003374
-24.700000 0.002786
-24.650000 0.002790
-24.600000 0.002085
-24.550000 0.001987
-24.500000 0.001193
-24.450000 0.001023
-24.400000 0.000174
-24.350000 -0.000030
-24.300000 -0.000895
-24.250000 -0.001091
-24.200000 -0.001930
-24.150000 -0.002076
-24.100000 -0.002847
-24.050000 -0.002904
-24.000000 -0.003568
-23.950000 -0.003501
-23.900000 -0.004029
-23.850000 -0.003813
-23.800000 -0.004187
-23.750000 -0.003809
-23.700000 -0.004022
-23.650000 -0.003484
-23.600000 -0.003544
-23.550000 -0.002861
-23.500000 -0.002790
-23.450000 -0.001989
-23.400000 -0.001821
-23.350000 -0.000940
-23.300000 -0.000714
-23.250000 0.000205
-23.200000 0.000444
-23.150000 0.001356
-23.100000 0.001564
-23.050000 0.002426
-23.000000 0.002563
-22.950000 0.003338
-22.900000 0.003370
-22.850000 0.004026
-22.800000 0.003926
-22.750000 0.004442
-22.700000 0.004191
-22.650000 0.004554
-22.600000 0.004144
-22.550000 0.004349
-22.500000 0.003782
-22.450000 0.003835
-22.400000 0.003123
-22.350000 0.003042
-22.300000 0.002207
-22.250000 0.002019
-22.200000 0.001093
-22.150000 0.000836
-22.100000 -0.000141
-22.050000 -0.000424
-22.000000 -0.001406
-21.950000 -0.001668
-21.900000 -0.002605
-21.850000 -0.002799
-21.800000 -0.003648
-21.750000 -0.003730
-21.700000 -0.004452
-21.650000 -0.004388
-21.600000 -0.004954
-21.550000 -0.004723
-21.500000 -0.005115
-21.450000 -0.004707
-21.400000 -0.004924
-21.350000 -0.004342
-21.300000 -0.004395
-21.250000 -0.003656
-21.200000 -0.003566
-21.150000 -0.002697
-21.100000 -0.002495
-21.050000 -0.001532
-21.000000 -0.001257
-20.950000 -0.000239
-20.900000 0.000069
-20.850000 0.001099
-20.800000 0.001396
-20.750000 0.002396
-20.700000 0.002641
-20.650000 0.003570
-20.600000 0.003723
-20.550000 0.004544
-20.500000 0.004569
-20.450000 0.005249
-20.400000 0.005119
-20.350000 0.005634
-20.300000 0.005328
-20.250000 0.005663
-20.200000 0.005172
-20.150000 0.005324
-20.100000 0.004651
-20.050000 0.004630
-20.000000 0.003793
-19.950000 0.003622
-19.900000 0.002649
-19.850000 0.002364
-19.800000 0.001295
-19.750000 0.000939
-19.700000 -0.000177
-19.650000 -0.000555
-19.600000 -0.001670
-19.550000 -0.002019
-19.500000 -0.003082
-19.450000 -0.003356
-19.400000 -0.004323
-19.350000 -0.004480
-19.300000 -0.005315
-19.250000 -0.005323
-19.200000 -0.005997
-19.150000 -0.005833
-19.100000 -0.006329
-19.050000 -0.005980
-19.000000 -0.006291
-18.950000 -0.005755
-18.900000 -0.005883
-18.850000 -0.005167
-18.800000 -0.005124
-18.750000 -0.004245
-18.700000 -0.004054
-18.650000 -0.003038
-18.600000 -0.002728
-18.550000 -0.001610
-18.500000 -0.001218
-18.450000 -0.000039
-18.400000 0.000390
-18.350000 0.001584
-18.300000 0.002001
-18.250000 0.003161
-18.200000 0.003517
-18.150000 0.004593
-18.100000 0.004840
-18.050000 0.005787
-18.000000 0.005885
-17.950000 0.006666
-17.900000 0.006581
-17.850000 0.007170
-17.800000 0.006883
-17.750000 0.007266
-17.700000 0.006771
-17.650000 0.006949
-17.600000 0.006252
-17.550000 0.006238
-17.500000 0.005358
-17.450000 0.005176
-17.400000 0.004142
-17.350000 0.003824
-17.300000 0.002672
-17.250000 0.002256
-17.200000 0.001025
-17.150000 0.000553
-17.100000 -0.000714
-17.050000 -0.001197
-17.000000 -0.002456
-16.950000 -0.002906
-16.900000 -0.004111
-16.850000 -0.004485
-16.800000 -0.005592
-16.750000 -0.005847
-16.700000 -0.006818
-16.650000 -0.006915
-16.600000 -0.007714
-16.550000 -0.007624
-16.500000 -0.008223
-16.450000 -0.007923
-16.400000 -0.008307
-16.350000 -0.007786
-16.300000 -0.007951
-16.250000 -0.007211
-16.200000 -0.007165
-16.150000 -0.006222
-16.100000 -0.005988
-16.050000 -0.004870
-16.000000 -0.004481
-15.950000 -0.003228
-15.900000 -0.002726
-15.850000 -0.001382
-15.800000 -0.000816
-15.750000 0.000568
-15.700000 0.001147
-15.650000 0.002521
-15.600000 0.003064
-15.550000 0.004380
-15.500000 0.004842
-15.450000 0.006057
-15.400000 0.006396
-15.350000 0.007472
-15.300000 0.007655
-15.250000 0.008563
-15.200000 0.008562
-15.150000 0.009276
-15.100000 0.009072
-15.050000 0.009575
-15.000000 0.009153
-14.950000 0.009437
-14.900000 0.008793
-14.850000 0.008857
-14.800000 0.007995
-14.750000 0.007849
-14.700000 0.006783
-14.650000 0.006448
-14.600000 0.005206
-14.550000 0.004713
-14.500000 0.003331
-14.450000 0.002721
-14.400000 0.001246
-14.350000 0.000569
-14.300000 -0.000950
-14.250000 -0.001641
-14.200000 -0.003148
-14.150000 -0.003800
-14.100000 -0.005243
-14.050000 -0.005806
-14.000000 -0.007137
-13.950000 -0.007565
-13.900000 -0.008744
-13.850000 -0.009000
-13.800000 -0.009994
-13.750000 -0.010050
-13.700000 -0.010835
-13.650000 -0.010672
-13.600000 -0.011232
-13.550000 -0.010839
-13.500000 -0.011168
-13.450000 -0.010543
-13.400000 -0.010643
-13.350000 -0.009790
-13.300000 -0.009670
-13.250000 -0.008603
-13.200000 -0.008280
-13.150000 -0.007019
-13.100000 -0.006519
-13.050000 -0.005095
-13.000000 -0.004450
-12.950000 -0.002900
-12.900000 -0.002151
-12.850000 -0.000519
-12.800000 0.000285
-12.750000 0.001949
-12.700000 0.002757
-12.650000 0.004399
-12.600000 0.005157
-12.550000 0.006724
-12.500000 0.007381
-12.450000 0.008824
-12.400000 0.009333
-12.350000 0.010611
-12.300000 0.010935
-12.250000 0.012013
-12.200000 0.012123
-12.150000 0.012979
-12.100000 0.012857
-12.050000 0.013476
-12.000000 0.013113
-11.950000 0.013491
-11.900000 0.012885
-11.850000 0.013023
-11.800000 0.012179
-11.750000 0.012086
-11.700000 0.011016
-11.650000 0.010707
-11.600000 0.009428
-11.550000 0.008922
-11.500000 0.007458
-11.450000 0.006782
-11.400000 0.005162
-11.350000 0.004350
-11.300000 0.002612
-11.250000 0.001705
-11.200000 -0.000108
-11.150000 -0.001065
-11.100000 -0.002903
-11.050000 -0.003859
-11.000000 -0.005672
-10.950000 -0.006575
-10.900000 -0.008311
-10.850000 -0.009110
-10.800000 -0.010720
-10.750000 -0.011369
-10.700000 -0.012809
-10.650000 -0.013268
-10.600000 -0.014503
-10.550000 -0.014741
-10.500000 -0.015745
-10.450000 -0.015740
-10.400000 -0.016496
-10.350000 -0.016236
-10.300000 -0.016736
-10.250000 -0.016218
-10.200000 -0.016460
-10.150000 -0.015687
-10.100000 -0.015679
-10.050000 -0.014658
-10.000000 -0.014411
-9.950000 -0.013157
-9.900000 -0.012686
-9.850000 -0.011217
-9.800000 -0.010545
-9.750000 -0.008884
-9.700000 -0.008037
-9.650000 -0.006216
-9.600000 -0.005228
-9.550000 -0.003284
-9.500000 -0.002195
-9.450000 -0.000171
-9.400000 0.000974
-9.350000 0.003031
-9.300000 0.004181
-9.250000 0.006221
-9.200000 0.007328
-9.150000 0.009301
-9.100000 0.010317
-9.050000 0.012179
-9.000000 0.013061
-8.950000 0.014773
-8.900000 0.015486
-8.850000 0.017014
-8.800000 0.017530
-8.750000 0.018850
-8.700000 0.019146
-8.650000 0.020240
-8.600000 0.020301
-8.550000 0.021156
-8.500000 0.020971
-8.450000 0.021577
-8.400000 0.021140
-8.350000 0.021493
-8.300000 0.020800
-8.250000 0.020898
-8.200000 0.019949
-8.150000 0.019795
-8.100000 0.018595
-8.050000 0.018195
-8.000000 0.016753
-7.950000 0.016120
-7.900000 0.014451
-7.850000 0.013605
-7.800000 0.011734
-7.750000 0.010701
-7.700000 0.008659
-7.650000 0.007473
-7.600000 0.005295
-7.550000 0.003996
-7.500000 0.001724
-7.450000 0.000353
-7.400000 -0.001970
-7.350000 -0.003368
-7.300000 -0.005699
-7.250000 -0.007083
-7.200000 -0.009382
-7.150000 -0.010715
-7.100000 -0.012946
-7.050000 -0.014193
-7.000000 -0.016325
-6.950000 -0.017455
-6.900000 -0.019459
-6.850000 -0.020446
-6.800000 -0.022294
-6.750000 -0.023111
-6.700000 -0.024778
-6.650000 -0.025399
-6.600000 -0.026860
-6.550000 -0.027262
-6.500000 -0.028493
-6.450000 -0.028652
-6.400000 -0.029632
-6.350000 -0.029530
-6.300000 -0.030242
-6.250000 -0.029865
-6.200000 -0.030300
-6.150000 -0.029643
-6.100000 -0.029798
-6.050000 -0.028861
-6.000000 -0.028744
-5.950000 -0.027537
-5.900000 -0.027159
-5.850000 -0.025701
-5.800000 -0.025082
-5.750000 -0.023393
-5.700000 -0.022557
-5.650000 -0.020661
-5.600000 -0.019634
-5.550000 -0.017559
-5.500000 -0.016366
-5.450000 -0.014136
-5.400000 -0.012801
-5.350000 -0.010440
-5.300000 -0.008987
-5.250000 -0.006517
-5.200000 -0.004967
-5.150000 -0.002409
-5.100000 -0.000785
-5.050000 0.001839
-5.000000 0.003517
-4.950000 0.006183
-4.900000 0.007888
-4.850000 0.010571
-4.800000 0.012278
-4.750000 0.014949
-4.700000 0.016629
-4.650000 0.019260
-4.600000 0.020884
-4.550000 0.023449
-4.500000 0.024991
-4.450000 0.027464
-4.400000 0.028903
-4.350000 0.031265
-4.300000 0.032585
-4.250000 0.034824
-4.200000 0.036015
-4.150000 0.038124
-4.100000 0.039181
-4.050000 0.041157
-4.000000 0.042079
-3.950000 0.043921
-3.900000 0.044708
-3.850000 0.046417
-3.800000 0.047069
-3.750000 0.048643
-3.700000 0.049158
-3.650000 0.050595
-3.600000 0.050970
-3.550000 0.052267
-3.500000 0.052497
-3.450000 0.053649
-3.400000 0.053730
-3.350000 0.054734
-3.300000 0.054665
-3.250000 0.055519
-3.200000 0.055300
-3.150000 0.056008
-3.100000 0.055644
-3.050000 0.056212
-3.000000 0.055712
-2.950000 0.056151
-2.900000 0.055526
-2.850000 0.055847
-2.800000 0.055111
-2.750000 0.055329
-2.700000 0.054494
-2.650000 0.054622
-2.600000 0.053699
-2.550000 0.053744
-2.500000 0.052741
-2.450000 0.052710
-2.400000 0.051631
-2.350000 0.051525
-2.300000 0.050368
-2.250000 0.050186
-2.200000 0.048951
-2.150000 0.048690
-2.100000 0.047374
-2.050000 0.047033
-2.000000 0.045636
-1.950000 0.045216
-1.900000 0.043739
-1.850000 0.043244
-1.800000 0.041692
-1.750000 0.041127
-1.700000 0.039508
-1.650000 0.038879
-1.600000 0.037197
-1.550000 0.036510
-1.500000 0.034768
-1.450000 0.034021
-1.400000 0.032217
-1.350000 0.031406
-1.300000 0.029530
-1.250000 0.028642
-1.200000 0.026679
-1.150000 0.025695
-1.100000 0.023623
-1.050000 0.022519
-1.000000 0.020310
-0.950000 0.019056
-0.900000 0.016680
-0.850000 0.015243
-0.800000 0.012666
-0.750000 0.011010
-0.700000 0.008193
-0.650000 0.006279
-0.600000 0.003180
-0.550000 0.000962
-0.500000 -0.002468
-0.450000 -0.005044
-0.400000 -0.008863
-0.350000 -0.011860
-0.300000 -0.016140
-0.250000 -0.019638
-0.200000 -0.024467
-0.150000 -0.028564
-0.100000 -0.034050
-0.050000 -0.038865
0.000000 -0.045140
0.050000 -0.050818
0.100000 -0.058038
0.150000 -0.064748
0.200000 -0.073097
0.250000 -0.081034
0.300000 -0.090720
0.350000 -0.100108
0.400000 -0.111367
0.450000 -0.122454
0.500000 -0.135547
0.550000 -0.148607
0.600000 -0.163822
0.650000 -0.179157
0.700000 -0.196807
0.750000 -0.214740
0.800000 -0.235160
0.850000 -0.256035
0.900000 -0.279576
0.950000 -0.303748
1.000000 -0.330764
1.050000 -0.358580
1.100000 -0.389407
1.150000 -0.421187
1.200000 -0.456114
1.250000 -0.492107
1.300000 -0.531335
1.350000 -0.571678
1.400000 -0.615265
1.450000 -0.659920
1.500000 -0.707719
1.550000 -0.756415
1.600000 -0.808007
1.650000 -0.860163
1.700000 -0.914794
1.750000 -0.969466
1.800000 -1.025994
1.850000 -1.081835
1.900000 -1.138708
1.950000 -1.193969
2.000000 -1.249249
2.050000 -1.301827
2.100000 -1.353274
2.150000 -1.400825
2.200000 -1.446040
2.250000 -1.486161
2.300000 -1.522792
2.350000 -1.553243
2.400000 -1.579223
2.450000 -1.598172
2.500000 -1.611959
2.550000 -1.618202
2.600000 -1.618972
2.650000 -1.612089
2.700000 -1.599839
2.750000 -1.580246
2.800000 -1.555796
2.850000 -1.524691
2.900000 -1.489574
2.950000 -1.448778
3.000000 -1.405049
3.050000 -1.356788
3.100000 -1.306786
3.150000 -1.253451
3.200000 -1.199563
3.250000 -1.143488
3.300000 -1.087948
3.350000 -1.031233
3.400000 -0.975982
3.450000 -0.920384
3.500000 -0.866982
3.550000 -0.813862
3.600000 -0.763469
3.650000 -0.713790
3.700000 -0.667182
3.750000 -0.621545
3.800000 -0.579162
3.850000 -0.537861
3.900000 -0.499867
3.950000 -0.462953
4.000000 -0.429301
4.050000 -0.396646
4.100000 -0.367142
4.150000 -0.338497
4.200000 -0.312849
4.250000 -0.287892
4.300000 -0.265757
4.350000 -0.244130
4.400000 -0.225143
4.450000 -0.206481
4.500000 -0.190283
4.550000 -0.174234
4.600000 -0.160483
4.650000 -0.146718
4.700000 -0.135098
4.750000 -0.123319
4.800000 -0.113549
4.850000 -0.103488
4.900000 -0.095315
4.950000 -0.086736
5.000000 -0.079938
5.050000 -0.072630
5.100000 -0.067009
5.150000 -0.060787
5.200000 -0.056168
5.250000 -0.050867
5.300000 -0.047095
5.350000 -0.042568
5.400000 -0.039506
5.450000 -0.035624
5.500000 -0.033150
5.550000 -0.029803
5.600000 -0.027815
5.650000 -0.024908
5.700000 -0.023321
5.750000 -0.020777
5.800000 -0.019524
5.850000 -0.017284
5.900000 -0.016311
5.950000 -0.014329
6.000000 -0.013597
6.050000 -0.011838
6.100000 -0.011316
6.150000 -0.009754
6.200000 -0.009418
6.250000 -0.008028
6.300000 -0.007856
6.350000 -0.006618
6.400000 -0.006587
6.450000 -0.005477
6.500000 -0.005564
6.550000 -0.004561
6.600000 -0.004743
6.650000 -0.003821
6.700000 -0.004075
6.750000 -0.003213
6.800000 -0.003519
6.850000 -0.002698
6.900000 -0.003038
6.950000 -0.002244
7.000000 -0.002607
7.050000 -0.001831
7.100000 -0.002210
7.150000 -0.001448
7.200000 -0.001843
7.250000 -0.001097
7.300000 -0.001512
7.350000 -0.000787
7.400000 -0.001226
7.450000 -0.000527
7.500000 -0.000998
7.550000 -0.000330
7.600000 -0.000834
7.650000 -0.000200
7.700000 -0.000737
7.750000 -0.000132
7.800000 -0.000696
7.850000 -0.000114
7.900000 -0.000696
7.950000 -0.000124
8.000000 -0.000713
8.050000 -0.000140
8.100000 -0.000724
8.150000 -0.000140
8.200000 -0.000710
8.250000 -0.000108
8.300000 -0.000660
8.350000 -0.000040
8.400000 -0.000577
8.450000 0.000057
8.500000 -0.000470
8.550000 0.000170
8.600000 -0.000357
8.650000 0.000278
8.700000 -0.000260
8.750000 0.000361
8.800000 -0.000195
8.850000 0.000406
8.900000 -0.000174
8.950000 0.000405
9.000000 -0.000197
9.050000 0.000363
9.100000 -0.000256
9.150000 0.000291
9.200000 -0.000336
9.250000 0.000209
9.300000 -0.000417
9.350000 0.000136
9.400000 -0.000478
9.450000 0.000091
9.500000 -0.000506
9.550000 0.000085
9.600000 -0.000491
9.650000 0.000121
9.700000 -0.000436
9.750000 0.000193
9.800000 -0.000351
9.850000 0.000286
9.900000 -0.000256
9.950000 0.000380
10.000000 -0.000170
10.050000 0.000454
10.100000 -0.000114
10.150000 0.000490
10.200000 -0.000101
10.250000 0.000479
10.300000 -0.000136
10.350000 0.000423
10.400000 -0.000211
10.450000 0.000334
10.500000 -0.000310
10.550000 0.000232
10.600000 -0.000410
10.650000 0.000140
10.700000 -0.000489
10.750000 0.000080
10.800000 -0.000529
10.850000 0.000062
10.900000 -0.000524
10.950000 0.000089
11.000000 -0.000478
11.050000 0.000151
11.100000 -0.000406
11.150000 0.000228
11.200000 -0.000332
11.250000 0.000294
11.300000 -0.000282
11.350000 0.000323
11.400000 -0.000281
11.450000 0.000291
11.500000 -0.000351
11.550000 0.000180
11.600000 -0.000507
11.650000 -0.000023
11.700000 -0.000760
11.750000 -0.000327
11.800000 -0.001119
11.850000 -0.000744
11.900000 -0.001601
11.950000 -0.001299
12.000000 -0.002241
12.050000 -0.002038
12.100000 -0.003100
12.150000 -0.003042
12.200000 -0.004284
12.250000 -0.004448
12.300000 -0.005964
12.350000 -0.006466
12.400000 -0.008399
12.450000 -0.009412
12.500000 -0.011972
12.550000 -0.013748
12.600000 -0.017235
12.650000 -0.020136
12.700000 -0.024985
12.750000 -0.029529
12.800000 -0.036360
12.850000 -0.043292
12.900000 -0.052998
12.950000 -0.063388
13.000000 -0.077252
13.050000 -0.092637
13.100000 -0.112505
13.150000 -0.135097
13.200000 -0.163611
13.250000 -0.196564
13.300000 -0.237482
13.350000 -0.285257
13.400000 -0.343850
13.450000 -0.412648
13.500000 -0.496167
13.550000 -0.594399
13.600000 -0.712509
13.650000 -0.851150
13.700000 -1.016122
13.750000 -1.208618
13.800000 -1.434799
13.850000 -1.695901
13.900000 -1.997648
13.950000 -2.340146
14.000000 -2.727061
14.050000 -3.155254
14.100000 -3.623764
14.150000 -4.123315
14.200000 -4.645412
14.250000 -5.172226
14.300000 -5.686487
14.350000 -6.162538
14.400000 -6.577738
14.450000 -6.905036
14.500000 -7.125589
14.550000 -7.221755
14.600000 -7.189071
14.650000 -7.027481
14.700000 -6.750782
14.750000 -6.375148
14.800000 -5.926376
14.850000 -5.427196
14.900000 -4.904444
14.950000 -4.377250
15.000000 -3.865623
15.050000 -3.380215
15.100000 -2.932249
15.150000 -2.524271
15.200000 -2.160655
15.250000 -1.838585
15.300000 -1.558531
15.350000 -1.315069
15.400000 -1.107116
15.450000 -0.928500
15.500000 -0.777970
15.550000 -0.649579
15.600000 -0.542540
15.650000 -0.451506
15.700000 -0.376345
15.750000 -0.312369
15.800000 -0.260074
15.850000 -0.215354
15.900000 -0.179229
15.950000 -0.148055
16.000000 -0.123259
16.050000 -0.101544
16.100000 -0.084638
16.150000 -0.069498
16.200000 -0.058067
16.250000 -0.047483
16.300000 -0.039842
16.350000 -0.032409
16.400000 -0.027385
16.450000 -0.022123
16.500000 -0.018900
16.550000 -0.015128
16.600000 -0.013137
16.650000 -0.010382
16.700000 -0.009227
16.750000 -0.007157
16.800000 -0.006562
16.850000 -0.004947
16.900000 -0.004722
16.950000 -0.003406
17.000000 -0.003422
17.050000 -0.002301
17.100000 -0.002474
17.150000 -0.001481
17.200000 -0.001759
17.250000 -0.000854
17.300000 -0.001209
17.350000 -0.000372
17.400000 -0.000790
17.450000 -0.000011
17.500000 -0.000486
17.550000 0.000237
17.600000 -0.000293
17.650000 0.000376
17.700000 -0.000205
17.750000 0.000417
17.800000 -0.000208
17.850000 0.000375
17.900000 -0.000281
17.950000 0.000278
18.000000 -0.000394
18.050000 0.000158
18.100000 -0.000514
18.150000 0.000047
18.200000 -0.000608
18.250000 -0.000024
18.300000 -0.000651
18.350000 -0.000036
18.400000 -0.000632
18.450000 0.000015
18.500000 -0.000552
18.550000 0.000121
18.600000 -0.000425
18.650000 0.000261
18.700000 -0.000277
18.750000 0.000409
18.800000 -0.000137
18.850000 0.000536
18.900000 -0.000030
18.950000 0.000617
19.000000 0.000022
19.050000 0.000638
19.100000 0.000010
19.150000 0.000595
19.200000 -0.000063
19.250000 0.000494
19.300000 -0.000185
19.350000 0.000357
19.400000 -0.000333
19.450000 0.000207
19.500000 -0.000478
19.550000 0.000073
19.600000 -0.000593
19.650000 -0.000017
19.700000 -0.000654
19.750000 -0.000046
19.800000 -0.000649
19.850000 -0.000006
19.900000 -0.000576
19.950000 0.000096
20.000000 -0.000448
20.050000 0.000243
20.100000 -0.000290
20.150000 0.000405
20.200000 -0.000133
20.250000 0.000550
20.300000 -0.000007
20.350000 0.000649
20.400000 0.000061
20.450000 0.000682
20.500000 0.000057
20.550000 0.000641
20.600000 -0.000019
20.650000 0.000535
20.700000 -0.000152
20.750000 0.000383
20.800000 -0.000315
20.850000 0.000215
20.900000 -0.000478
20.950000 0.000065
21.000000 -0.000608
21.050000 -0.000039
21.100000 -0.000681
21.150000 -0.000077
21.200000 -0.000684
21.250000 -0.000044
21.300000 -0.000616
21.350000 0.000055
21.400000 -0.000490
21.450000 0.000202
21.500000 -0.000329
21.550000 0.000369
21.600000 -0.000163
21.650000 0.000527
21.700000 -0.000020
21.750000 0.000647
21.800000 0.000071
21.850000 0.000705
21.900000 0.000094
21.950000 0.000691
22.000000 0.000042
22.050000 0.000604
22.100000 -0.000076
22.150000 0.000459
22.200000 -0.000240
22.250000 0.000283
22.300000 -0.000421
22.350000 0.000107
22.400000 -0.000583
22.450000 -0.000034
22.500000 -0.000696
22.550000 -0.000113
22.600000 -0.000737
22.650000 -0.000114
22.700000 -0.000697
22.750000 -0.000035
22.800000 -0.000582
22.850000 0.000110
22.900000 -0.000415
22.950000 0.000292
23.000000 -0.000225
23.050000 0.000479
23.100000 -0.000050
23.150000 0.000634
23.200000 0.000078
23.250000 0.000730
23.300000 0.000136
23.350000 0.000748
23.400000 0.000114
23.450000 0.000686
23.500000 0.000015
23.550000 0.000555
23.600000 -0.000141
23.650000 0.000379
23.700000 -0.000328
23.750000 0.000189
23.800000 -0.000512
23.850000 0.000019
23.900000 -0.000662
23.950000 -0.000104
24.000000 -0.000751
24.050000 -0.000155
24.100000 -0.000762
24.150000 -0.000126
24.200000 -0.000693
24.250000 -0.000019
24.300000 -0.000553
24.350000 0.000148
24.400000 -0.000365
24.450000 0.000348
24.500000 -0.000163
24.550000 0.000543
24.600000 0.000018
24.650000 0.000701
24.700000 0.000144
24.750000 0.000789
24.800000 0.000191
24.850000 0.000791
24.900000 0.000148
24.950000 0.000705
25.000000 0.000023
25.050000 0.000546
25.100000 -0.000164
25.150000 0.000341
25.200000 -0.000377
25.250000 0.000128
25.300000 -0.000580
25.350000 -0.000055
25.400000 -0.000734
25.450000 -0.000175
25.500000 -0.000813
25.550000 -0.000210
25.600000 -0.000804
25.650000 -0.000156
25.700000 -0.000707
25.750000 -0.000022
25.800000 -0.000541
25.850000 0.000169
25.900000 -0.000334
25.950000 0.000384
26.000000 -0.000120
26.050000 0.000587
26.100000 0.000065
26.150000 0.000744
26.200000 0.000188
26.250000 0.000829
26.300000 0.000231
26.350000 0.000827
26.400000 0.000183
26.450000 0.000735
26.500000 0.000052
26.550000 0.000569
26.600000 -0.000142
26.650000 0.000354
26.700000 -0.000369
26.750000 0.000125
26.800000 -0.000589
26.850000 -0.000077
26.900000 -0.000765
26.950000 -0.000219
27.000000 -0.000865
27.050000 -0.000272
27.100000 -0.000869
27.150000 -0.000227
27.200000 -0.000775
27.250000 -0.000089
27.300000 -0.000598
27.350000 0.000119
27.400000 -0.000369
27.450000 0.000360
27.500000 -0.000125
27.550000 0.000594
27.600000 0.000089
27.650000 0.000779
27.700000 0.000238
27.750000 0.000885
27.800000 0.000297
27.850000 0.000894
27.900000 0.000256
27.950000 0.000805
28.000000 0.000123
28.050000 0.000633
28.100000 -0.000081
28.150000 0.000406
28.200000 -0.000322
28.250000 0.000160
28.300000 -0.000561
28.350000 -0.000064
28.400000 -0.000762
28.450000 -0.000233
28.500000 -0.000890
28.550000 -0.000317
28.600000 -0.000926
28.650000 -0.000303
28.700000 -0.000862
28.750000 -0.000190
28.800000 -0.000705
28.850000 0.000004
28.900000 -0.000479
28.950000 0.000251
29.000000 -0.000220
29.050000 0.000512
29.100000 0.000032
29.150000 0.000744
29.200000 0.000234
29.250000 0.000908
29.300000 0.000352
29.350000 0.000974
29.400000 0.000365
29.450000 0.000931
29.500000 0.000267
29.550000 0.000783
29.600000 0.000075
29.650000 0.000554
29.700000 -0.000181
29.750000 0.000281
29.800000 -0.000458
29.850000 0.000010
29.900000 -0.000712
29.950000 -0.000216
30.000000 -0.000901
30.050000 -0.000360
30.100000 -0.000994
30.150000 -0.000400
30.200000 -0.000979
30.250000 -0.000331
30.300000 -0.000857
30.350000 -0.000162
30.400000 -0.000648
30.450000 0.000079
30.500000 -0.000384
30.550000 0.000356
30.600000 -0.000104
30.650000 0.000627
30.700000 0.000149
30.750000 0.000852
30.800000 0.000338
30.850000 0.000996
30.900000 0.000431
30.950000 0.001035
31.000000 0.000414
31.050000 0.000961
31.100000 0.000286
31.150000 0.000783
31.200000 0.000065
31.250000 0.000526
31.300000 -0.000218
31.350000 0.000228
31.400000 -0.000519
31.450000 -0.000065
31.500000 -0.000792
31.550000 -0.000307
31.600000 -0.000993
31.650000 -0.000459
31.700000 -0.001088
31.750000 -0.000493
31.800000 -0.001060
31.850000 -0.000405
31.900000 -0.000914
31.950000 -0.000206
32.000000 -0.000670
32.050000 0.000072
32.100000 -0.000367
32.150000 0.000387
32.200000 -0.000052
32.250000 0.000689
32.300000 0.000227
32.350000 0.000934
32.400000 0.000428
32.450000 0.001084
32.500000 0.000522
32.550000 0.001119
32.600000 0.000496
32.650000 0.001033
32.700000 0.000354
32.750000 0.000838
32.800000 0.000115
32.850000 0.000563
32.900000 -0.000187
32.950000 0.000245
33.000000 -0.000509
33.050000 -0.000071
33.100000 -0.000806
33.150000 -0.000339
33.200000 -0.001035
33.250000 -0.000520
33.300000 -0.001160
33.350000 -0.000584
33.400000 -0.001160
33.450000 -0.000519
33.500000 -0.001032
33.550000 -0.000333
33.600000 -0.000792
33.650000 -0.000049
33.700000 -0.000474
33.750000 0.000292
33.800000 -0.000123
33.850000 0.000639
33.900000 0.000208
33.950000 0.000940
34.000000 0.000468
34.050000 0.001150
34.100000 0.000619
34.150000 0.001235
34.200000 0.000637
34.250000 0.001184
34.300000 0.000519
34.350000 0.001003
34.400000 0.000282
34.450000 0.000719
34.500000 -0.000038
34.550000 0.000373
34.600000 -0.000397
34.650000 0.000015
34.700000 -0.000742
34.750000 -0.000307
34.800000 -0.001028
34.850000 -0.000547
34.900000 -0.001213
34.950000 -0.000672
35.000000 -0.001274
35.050000 -0.000666
35.100000 -0.001200
35.150000 -0.000527
35.200000 -0.001000
35.250000 -0.000273
35.300000 -0.000699
35.350000 0.000065
35.400000 -0.000336
35.450000 0.000442
35.500000 0.000042
35.550000 0.000806
35.600000 0.000381
35.650000 0.001107
35.700000 0.000633
35.750000 0.001300
35.800000 0.000760
35.850000 0.001355
35.900000 0.000740
35.950000 0.001261
36.000000 0.000575
36.050000 0.001029
36.100000 0.000285
36.150000 0.000690
36.200000 -0.000090
36.250000 0.000292
36.300000 -0.000497
36.350000 -0.000110
36.400000 -0.000879
36.450000 -0.000459
36.500000 -0.001183
36.550000 -0.000708
36.600000 -0.001368
36.650000 -0.000822
36.700000 -0.001408
36.750000 -0.000787
36.800000 -0.001298
36.850000 -0.000608
36.900000 -0.001055
36.950000 -0.000309
37.000000 -0.000709
37.050000 0.000072
37.100000 -0.000304
37.150000 0.000486
37.200000 0.000106
37.250000 0.000880
37.300000 0.000471
37.350000 0.001204
37.400000 0.000743
37.450000 0.001414
37.500000 0.000885
37.550000 0.001481
37.600000 0.000875
37.650000 0.001394
37.700000 0.000712
37.750000 0.001159
37.800000 0.000412
37.850000 0.000803
37.900000 0.000013
37.950000 0.000371
38.000000 -0.000436
38.050000 -0.000079
38.100000 -0.000873
38.150000 -0.000489
38.200000 -0.001240
38.250000 -0.000801
38.300000 -0.001486
38.350000 -0.000972
38.400000 -0.001577
38.450000 -0.000979
38.500000 -0.001499
38.550000 -0.000820
38.600000 -0.001264
38.650000 -0.000517
38.700000 -0.000901
38.750000 -0.000108
38.800000 -0.000458
38.850000 0.000354
38.900000 0.000008
38.950000 0.000810
39.000000 0.000441
39.050000 0.001205
39.100000 0.000786
39.150000 0.001489
39.200000 0.001001
39.250000 0.001629
39.300000 0.001060
39.350000 0.001605
39.400000 0.000954
39.450000 0.001419
39.500000 0.000693
39.550000 0.001090
39.600000 0.000307
39.650000 0.000656
39.700000 -0.000162
39.750000 0.000167
39.800000 -0.000656
39.850000 -0.000318
39.900000 -0.001116
39.950000 -0.000738
40.000000 -0.001482
40.050000 -0.001039
40.100000 -0.001706
40.150000 -0.001179
40.200000 -0.001756
40.250000 -0.001137
40.300000 -0.001622
40.350000 -0.000916
40.400000 -0.001320
40.450000 -0.000542
40.500000 -0.000886
40.550000 -0.000061
40.600000 -0.000373
40.650000 0.000467
40.700000 0.000154
40.750000 0.000977
40.800000 0.000631
40.850000 0.001406
40.900000 0.001001
40.950000 0.001704
41.000000 0.001219
41.050000 0.001836
41.100000 0.001262
41.150000 0.001788
41.200000 0.001124
41.250000 0.001564
41.300000 0.000821
41.350000 0.001189
41.400000 0.000385
41.450000 0.000704
41.500000 -0.000135
41.550000 0.000163
41.600000 -0.000682
41.650000 -0.000375
41.700000 -0.001194
41.750000 -0.000847
41.800000 -0.001611
41.850000 -0.001197
41.900000 -0.001883
41.950000 -0.001382
42.000000 -0.001973
42.050000 -0.001374
42.100000 -0.001866
42.150000 -0.001172
42.200000 -0.001572
42.250000 -0.000793
42.300000 -0.001120
42.350000 -0.000281
42.400000 -0.000562
42.450000 0.000305
42.500000 0.000036
42.550000 0.000897
42.600000 0.000604
42.650000 0.001424
42.700000 0.001075
42.750000 0.001825
42.800000 0.001395
42.850000 0.002053
42.900000 0.001526
42.950000 0.002083
43.000000 0.001456
43.050000 0.001914
43.100000 0.001193
43.150000 0.001564
43.200000 0.000767
43.250000 0.001074
43.300000 0.000225
43.350000 0.000494
43.400000 -0.000375
43.450000 -0.000112
43.500000 -0.000970
43.550000 -0.000680
43.600000 -0.001496
43.650000 -0.001149
43.700000 -0.001893
43.750000 -0.001465
43.800000 -0.002117
43.850000 -0.001589
43.900000 -0.002136
43.950000 -0.001503
44.000000 -0.001945
44.050000 -0.001211
44.100000 -0.001559
44.150000 -0.000741
44.200000 -0.001019
44.250000 -0.000147
44.300000 -0.000387
44.350000 0.000501
44.400000 0.000257
44.450000 0.001120
44.500000 0.000829
44.550000 0.001622
44.600000 0.001242
44.650000 0.001926
44.700000 0.001420
44.750000 0.001961
44.800000 0.001299
44.850000 0.001673
44.900000 0.000835
44.950000 0.001025
