-30.000000 -0.000298
-29.950000 -0.000279
-29.900000 -0.000553
-29.850000 -0.000506
-29.800000 -0.000743
-29.750000 -0.000655
-29.700000 -0.000842
-29.650000 -0.000702
-29.600000 -0.000833
-29.550000 -0.000637
-29.500000 -0.000713
-29.450000 -0.000467
-29.400000 -0.000497
-29.350000 -0.000215
-29.300000 -0.000217
-29.250000 0.000079
-29.200000 0.000082
-29.150000 0.000370
-29.100000 0.000353
-29.050000 0.000608
-29.000000 0.000551
-28.950000 0.000755
-28.900000 0.000642
-28.850000 0.000785
-28.800000 0.000611
-28.750000 0.000691
-28.700000 0.000460
-28.650000 0.000488
-28.600000 0.000215
-28.550000 0.000209
-28.500000 -0.000085
-28.450000 -0.000101
-28.400000 -0.000389
-28.350000 -0.000388
-28.300000 -0.000646
-28.250000 -0.000604
-28.200000 -0.000810
-28.150000 -0.000711
-28.100000 -0.000853
-28.050000 -0.000689
-28.000000 -0.000765
-27.950000 -0.000541
-27.900000 -0.000559
-27.850000 -0.000288
-27.800000 -0.000268
-27.750000 0.000029
-27.700000 0.000063
-27.650000 0.000359
-27.600000 0.000380
-27.550000 0.000648
-27.500000 0.000631
-27.450000 0.000847
-27.400000 0.000773
-27.350000 0.000924
-27.300000 0.000782
-27.250000 0.000863
-27.200000 0.000654
-27.150000 0.000670
-27.100000 0.000406
-27.050000 0.000375
-27.000000 0.000077
-26.950000 0.000023
-26.900000 -0.000282
-26.850000 -0.000330
-26.800000 -0.000613
-26.750000 -0.000628
-26.700000 -0.000864
-26.650000 -0.000823
-26.600000 -0.000992
-26.550000 -0.000881
-26.500000 -0.000976
-26.450000 -0.000792
-26.400000 -0.000815
-26.350000 -0.000567
-26.300000 -0.000533
-26.250000 -0.000239
-26.200000 -0.000170
-26.150000 0.000142
-26.100000 0.000217
-26.050000 0.000519
-26.000000 0.000571
-25.950000 0.000833
-25.900000 0.000835
-25.850000 0.001035
-25.800000 0.000968
-25.750000 0.001092
-25.700000 0.000947
-25.650000 0.000991
-25.600000 0.000772
-25.550000 0.000745
-25.500000 0.000466
-25.450000 0.000389
-25.400000 0.000074
-25.350000 -0.000026
-25.300000 -0.000346
-25.250000 -0.000437
-25.200000 -0.000731
-25.150000 -0.000784
-25.100000 -0.001023
-25.050000 -0.001012
-25.000000 -0.001177
-24.950000 -0.001087
-24.900000 -0.001168
-24.850000 -0.000996
-24.800000 -0.000995
-24.750000 -0.000747
-24.700000 -0.000679
-24.650000 -0.000376
-24.600000 -0.000264
-24.550000 0.000066
-24.500000 0.000192
-24.450000 0.000516
-24.400000 0.000623
-24.350000 0.000910
-24.300000 0.000966
-24.250000 0.001188
-24.200000 0.001171
-24.150000 0.001309
-24.100000 0.001205
-24.050000 0.001252
-24.000000 0.001060
-23.950000 0.001021
-23.900000 0.000753
-23.850000 0.000647
-23.800000 0.000326
-23.750000 0.000180
-23.700000 -0.000163
-23.650000 -0.000316
-23.600000 -0.000647
-23.550000 -0.000772
-23.500000 -0.001057
-23.450000 -0.001125
-23.400000 -0.001337
-23.350000 -0.001323
-23.300000 -0.001444
-23.250000 -0.001336
-23.200000 -0.001361
-23.150000 -0.001160
-23.100000 -0.001095
-23.050000 -0.000815
-23.000000 -0.000679
-22.950000 -0.000343
-22.900000 -0.000166
-22.850000 0.000192
-22.800000 0.000376
-22.750000 0.000720
-22.700000 0.000874
-22.650000 0.001168
-22.600000 0.001260
-22.550000 0.001476
-22.500000 0.001480
-22.450000 0.001599
-22.400000 0.001502
-22.350000 0.001517
-22.300000 0.001321
-22.250000 0.001239
-22.200000 0.000955
-22.150000 0.000796
-22.100000 0.000452
-22.050000 0.000245
-22.000000 -0.000128
-21.950000 -0.000347
-21.900000 -0.000710
-21.850000 -0.000902
-21.800000 -0.001219
-21.750000 -0.001350
-21.700000 -0.001588
-21.650000 -0.001630
-21.600000 -0.001768
-21.550000 -0.001704
-21.500000 -0.001730
-21.450000 -0.001557
-21.400000 -0.001475
-21.350000 -0.001204
-21.300000 -0.001032
-21.250000 -0.000685
-21.200000 -0.000452
-21.150000 -0.000064
-21.100000 0.000193
-21.050000 0.000584
-21.000000 0.000825
-20.950000 0.001178
-20.900000 0.001365
-20.850000 0.001645
-20.800000 0.001746
-20.750000 0.001924
-20.700000 0.001917
-20.650000 0.001979
-20.600000 0.001855
-20.550000 0.001799
-20.500000 0.001563
-20.450000 0.001400
-20.400000 0.001071
-20.350000 0.000826
-20.300000 0.000434
-20.250000 0.000142
-20.200000 -0.000275
-20.150000 -0.000573
-20.100000 -0.000973
-20.050000 -0.001234
-20.000000 -0.001575
-19.950000 -0.001761
-19.900000 -0.002010
-19.850000 -0.002091
-19.800000 -0.002221
-19.750000 -0.002180
-19.700000 -0.002182
-19.650000 -0.002014
-19.600000 -0.001891
-19.550000 -0.001607
-19.500000 -0.001378
-19.450000 -0.001004
-19.400000 -0.000698
-19.350000 -0.000267
-19.300000 0.000076
-19.250000 0.000520
-19.200000 0.000857
-19.150000 0.001271
-19.100000 0.001559
-19.050000 0.001901
-19.000000 0.002101
-18.950000 0.002337
-18.900000 0.002420
-18.850000 0.002526
-18.800000 0.002474
-18.750000 0.002441
-18.700000 0.002254
-18.650000 0.002087
-18.600000 0.001777
-18.550000 0.001497
-18.500000 0.001091
-18.450000 0.000731
-18.400000 0.000267
-18.350000 -0.000131
-18.300000 -0.000608
-18.250000 -0.000998
-18.200000 -0.001442
-18.150000 -0.001777
-18.100000 -0.002144
-18.050000 -0.002385
-18.000000 -0.002638
-17.950000 -0.002754
-17.900000 -0.002869
-17.850000 -0.002841
-17.800000 -0.002806
-17.750000 -0.002631
-17.700000 -0.002451
-17.650000 -0.002140
-17.600000 -0.001832
-17.550000 -0.001412
-17.500000 -0.001010
-17.450000 -0.000517
-17.400000 -0.000063
-17.350000 0.000455
-17.300000 0.000913
-17.250000 0.001408
-17.200000 0.001819
-17.150000 0.002244
-17.100000 0.002564
-17.050000 0.002876
-17.000000 0.003070
-16.950000 0.003239
-16.900000 0.003282
-16.850000 0.003291
-16.800000 0.003174
-16.750000 0.003022
-16.700000 0.002751
-16.650000 0.002452
-16.600000 0.002048
-16.550000 0.001629
-16.500000 0.001126
-16.450000 0.000628
-16.400000 0.000070
-16.350000 -0.000461
-16.300000 -0.001023
-16.250000 -0.001534
-16.200000 -0.002048
-16.150000 -0.002490
-16.100000 -0.002909
-16.050000 -0.003235
-16.000000 -0.003518
-15.950000 -0.003695
-15.900000 -0.003815
-15.850000 -0.003822
-15.800000 -0.003765
-15.750000 -0.003597
-15.700000 -0.003367
-15.650000 -0.003035
-15.600000 -0.002650
-15.550000 -0.002181
-15.500000 -0.001675
-15.450000 -0.001107
-15.400000 -0.000523
-15.350000 0.000096
-15.300000 0.000707
-15.250000 0.001323
-15.200000 0.001908
-15.150000 0.002468
-15.100000 0.002973
-15.050000 0.003427
-15.000000 0.003806
-14.950000 0.004114
-14.900000 0.004331
-14.850000 0.004461
-14.800000 0.004494
-14.750000 0.004432
-14.700000 0.004274
-14.650000 0.004022
-14.600000 0.003682
-14.550000 0.003257
-14.500000 0.002762
-14.450000 0.002197
-14.400000 0.001585
-14.350000 0.000924
-14.300000 0.000243
-14.250000 -0.000462
-14.200000 -0.001156
-14.150000 -0.001848
-14.100000 -0.002499
-14.050000 -0.003122
-14.000000 -0.003676
-13.950000 -0.004180
-13.900000 -0.004589
-13.850000 -0.004930
-13.800000 -0.005158
-13.750000 -0.005306
-13.700000 -0.005330
-13.650000 -0.005271
-13.600000 -0.005083
-13.550000 -0.004817
-13.500000 -0.004426
-13.450000 -0.003971
-13.400000 -0.003404
-13.350000 -0.002793
-13.300000 -0.002089
-13.250000 -0.001366
-13.200000 -0.000575
-13.150000 0.000205
-13.100000 0.001026
-13.050000 0.001803
-13.000000 0.002594
-12.950000 0.003311
-12.900000 0.004015
-12.850000 0.004615
-12.800000 0.005180
-12.750000 0.005617
-12.700000 0.006000
-12.650000 0.006236
-12.600000 0.006407
-12.550000 0.006420
-12.500000 0.006364
-12.450000 0.006145
-12.400000 0.005863
-12.350000 0.005422
-12.300000 0.004929
-12.250000 0.004290
-12.200000 0.003620
-12.150000 0.002822
-12.100000 0.002019
-12.050000 0.001112
-12.000000 0.000231
-11.950000 -0.000726
-11.900000 -0.001625
-11.850000 -0.002570
-11.800000 -0.003424
-11.750000 -0.004297
-11.700000 -0.005046
-11.650000 -0.005788
-11.600000 -0.006379
-11.550000 -0.006940
-11.500000 -0.007328
-11.450000 -0.007672
-11.400000 -0.007825
-11.350000 -0.007925
-11.300000 -0.007825
-11.250000 -0.007672
-11.200000 -0.007318
-11.150000 -0.006918
-11.100000 -0.006325
-11.050000 -0.005701
-11.000000 -0.004899
-10.950000 -0.004088
-10.900000 -0.003120
-10.850000 -0.002171
-10.800000 -0.001092
-10.750000 -0.000063
-10.700000 0.001066
-10.650000 0.002111
-10.600000 0.003227
-10.550000 0.004224
-10.500000 0.005262
-10.450000 0.006149
-10.400000 0.007051
-10.350000 0.007772
-10.300000 0.008486
-10.250000 0.008993
-10.200000 0.009476
-10.150000 0.009734
-10.100000 0.009956
-10.050000 0.009941
-10.000000 0.009886
-9.950000 0.009592
-9.900000 0.009260
-9.850000 0.008692
-9.800000 0.008098
-9.750000 0.007279
-9.700000 0.006454
-9.650000 0.005421
-9.600000 0.004406
-9.550000 0.003207
-9.500000 0.002055
-9.450000 0.000747
-9.400000 -0.000481
-9.350000 -0.001835
-9.300000 -0.003075
-9.250000 -0.004410
-9.200000 -0.005596
-9.150000 -0.006846
-9.100000 -0.007914
-9.050000 -0.009018
-9.000000 -0.009908
-8.950000 -0.010810
-8.900000 -0.011471
-8.850000 -0.012124
-8.800000 -0.012515
-8.750000 -0.012885
-8.700000 -0.012978
-8.650000 -0.013043
-8.600000 -0.012825
-8.550000 -0.012578
-8.500000 -0.012049
-8.450000 -0.011501
-8.400000 -0.010677
-8.350000 -0.009849
-8.300000 -0.008761
-8.250000 -0.007689
-8.200000 -0.006377
-8.150000 -0.005107
-8.100000 -0.003622
-8.050000 -0.002210
-8.000000 -0.000609
-7.950000 0.000885
-7.900000 0.002537
-7.850000 0.004049
-7.800000 0.005688
-7.750000 0.007151
-7.700000 0.008711
-7.650000 0.010062
-7.600000 0.011480
-7.550000 0.012658
-7.500000 0.013878
-7.450000 0.014830
-7.400000 0.015802
-7.350000 0.016483
-7.300000 0.017168
-7.250000 0.017545
-7.200000 0.017915
-7.150000 0.017965
-7.100000 0.018004
-7.050000 0.017717
-7.000000 0.017419
-6.950000 0.016796
-6.900000 0.016168
-6.850000 0.015220
-6.800000 0.014280
-6.750000 0.013030
-6.700000 0.011805
-6.650000 0.010286
-6.600000 0.008815
-6.550000 0.007070
-6.500000 0.005399
-6.450000 0.003478
-6.400000 0.001661
-6.350000 -0.000378
-6.300000 -0.002282
-6.250000 -0.004378
-6.200000 -0.006306
-6.150000 -0.008397
-6.100000 -0.010286
-6.050000 -0.012309
-6.000000 -0.014097
-5.950000 -0.015991
-5.900000 -0.017620
-5.850000 -0.019330
-5.800000 -0.020746
-5.750000 -0.022219
-5.700000 -0.023373
-5.650000 -0.024565
-5.600000 -0.025416
-5.550000 -0.026290
-5.500000 -0.026806
-5.450000 -0.027332
-5.400000 -0.027488
-5.350000 -0.027649
-5.300000 -0.027432
-5.250000 -0.027219
-5.200000 -0.026627
-5.150000 -0.026043
-5.100000 -0.025082
-5.050000 -0.024139
-5.000000 -0.022827
-4.950000 -0.021545
-4.900000 -0.019906
-4.850000 -0.018314
-4.800000 -0.016380
-4.750000 -0.014511
-4.700000 -0.012318
-4.650000 -0.010213
-4.600000 -0.007802
-4.550000 -0.005502
-4.500000 -0.002917
-4.450000 -0.000469
-4.400000 0.002243
-4.350000 0.004794
-4.300000 0.007585
-4.250000 0.010189
-4.200000 0.013013
-4.150000 0.015624
-4.100000 0.018434
-4.050000 0.021009
-4.000000 0.023763
-3.950000 0.026260
-3.900000 0.028920
-3.850000 0.031303
-3.800000 0.033833
-3.750000 0.036070
-3.700000 0.038442
-3.650000 0.040504
-3.600000 0.042691
-3.550000 0.044554
-3.500000 0.046533
-3.450000 0.048176
-3.400000 0.049927
-3.350000 0.051333
-3.300000 0.052840
-3.250000 0.053994
-3.200000 0.055245
-3.150000 0.056137
-3.100000 0.057123
-3.050000 0.057745
-3.000000 0.058460
-2.950000 0.058807
-2.900000 0.059247
-2.850000 0.059315
-2.800000 0.059477
-2.750000 0.059262
-2.700000 0.059141
-2.650000 0.058640
-2.600000 0.058231
-2.550000 0.057437
-2.500000 0.056733
-2.450000 0.055636
-2.400000 0.054626
-2.350000 0.053216
-2.300000 0.051887
-2.250000 0.050148
-2.200000 0.048482
-2.150000 0.046394
-2.100000 0.044368
-2.050000 0.041904
-2.000000 0.039488
-1.950000 0.036614
-1.900000 0.033768
-1.850000 0.030438
-1.800000 0.027111
-1.750000 0.023267
-1.700000 0.019394
-1.650000 0.014964
-1.600000 0.010464
-1.550000 0.005360
-1.500000 0.000136
-1.450000 -0.005749
-1.400000 -0.011814
-1.350000 -0.018608
-1.300000 -0.025652
-1.250000 -0.033506
-1.200000 -0.041693
-1.150000 -0.050784
-1.100000 -0.060306
-1.050000 -0.070841
-1.000000 -0.081921
-0.950000 -0.094138
-0.900000 -0.107031
-0.850000 -0.121203
-0.800000 -0.136198
-0.750000 -0.152631
-0.700000 -0.170048
-0.650000 -0.189074
-0.600000 -0.209259
-0.550000 -0.231235
-0.500000 -0.254552
-0.450000 -0.279846
-0.400000 -0.306662
-0.350000 -0.335634
-0.300000 -0.366297
-0.250000 -0.399276
-0.200000 -0.434086
-0.150000 -0.471335
-0.100000 -0.510505
-0.050000 -0.552172
0.000000 -0.595774
0.050000 -0.641840
0.100000 -0.689745
0.150000 -0.739955
0.200000 -0.791765
0.250000 -0.845559
0.300000 -0.900538
0.350000 -0.956990
0.400000 -1.014010
0.450000 -1.071784
0.500000 -1.129298
0.550000 -1.186640
0.600000 -1.242699
0.650000 -1.297484
0.700000 -1.349814
0.750000 -1.399653
0.800000 -1.445797
0.850000 -1.488219
0.900000 -1.525746
0.950000 -1.558423
1.000000 -1.585175
1.050000 -1.606179
1.100000 -1.620519
1.150000 -1.628558
1.200000 -1.629579
1.250000 -1.624164
1.300000 -1.611810
1.350000 -1.593321
1.400000 -1.568398
1.450000 -1.538036
1.500000 -1.502100
1.550000 -1.461727
1.600000 -1.416888
1.650000 -1.368800
1.700000 -1.317474
1.750000 -1.264143
1.800000 -1.208801
1.850000 -1.152641
1.900000 -1.095594
1.950000 -1.038776
2.000000 -0.982022
2.050000 -0.926352
2.100000 -0.871494
2.150000 -0.818363
2.200000 -0.766582
2.250000 -0.716969
2.300000 -0.669049
2.350000 -0.623558
2.400000 -0.579940
2.450000 -0.538865
2.500000 -0.499712
2.550000 -0.463100
2.600000 -0.428364
2.650000 -0.396087
2.700000 -0.365571
2.750000 -0.337380
2.800000 -0.310794
2.850000 -0.286364
2.900000 -0.263360
2.950000 -0.242332
3.000000 -0.222542
3.050000 -0.204543
3.100000 -0.187597
3.150000 -0.172265
3.200000 -0.157812
3.250000 -0.144805
3.300000 -0.132515
3.350000 -0.121521
3.400000 -0.111099
3.450000 -0.101836
3.500000 -0.093016
3.550000 -0.085236
3.600000 -0.077784
3.650000 -0.071269
3.700000 -0.064982
3.750000 -0.059540
3.800000 -0.054240
3.850000 -0.049708
3.900000 -0.045241
3.950000 -0.041475
4.000000 -0.037710
4.050000 -0.034587
4.100000 -0.031410
4.150000 -0.028828
4.200000 -0.026144
4.250000 -0.024014
4.300000 -0.021745
4.350000 -0.019995
4.400000 -0.018073
4.450000 -0.016644
4.500000 -0.015015
4.550000 -0.013855
4.600000 -0.012471
4.650000 -0.011538
4.700000 -0.010362
4.750000 -0.009619
4.800000 -0.008615
4.850000 -0.008032
4.900000 -0.007173
4.950000 -0.006723
5.000000 -0.005985
5.050000 -0.005647
5.100000 -0.005013
5.150000 -0.004772
5.200000 -0.004228
5.250000 -0.004074
5.300000 -0.003613
5.350000 -0.003542
5.400000 -0.003161
5.450000 -0.003172
5.500000 -0.002874
5.550000 -0.002973
5.600000 -0.002766
5.650000 -0.002964
5.700000 -0.002864
5.750000 -0.003181
5.800000 -0.003215
5.850000 -0.003686
5.900000 -0.003896
5.950000 -0.004573
6.000000 -0.005027
6.050000 -0.005994
6.100000 -0.006791
6.150000 -0.008171
6.200000 -0.009464
6.250000 -0.011440
6.300000 -0.013448
6.350000 -0.016287
6.400000 -0.019334
6.450000 -0.023424
6.500000 -0.027977
6.550000 -0.033884
6.600000 -0.040624
6.650000 -0.049166
6.700000 -0.059079
6.750000 -0.071442
6.800000 -0.085954
6.850000 -0.103852
6.900000 -0.125017
6.950000 -0.150909
7.000000 -0.181665
7.050000 -0.219050
7.100000 -0.263557
7.150000 -0.317359
7.200000 -0.381414
7.250000 -0.458427
7.300000 -0.549938
7.350000 -0.659284
7.400000 -0.788659
7.450000 -0.942053
7.500000 -1.122248
7.550000 -1.333686
7.600000 -1.579342
7.650000 -1.863451
7.700000 -2.188182
7.750000 -2.556140
7.800000 -2.966789
7.850000 -3.418723
7.900000 -3.905919
7.950000 -4.420016
8.000000 -4.946804
8.050000 -5.469127
8.100000 -5.964378
8.150000 -6.408789
8.200000 -6.776475
8.250000 -7.045136
8.300000 -7.195895
8.350000 -7.218850
8.400000 -7.111600
8.450000 -6.882542
8.500000 -6.546680
8.550000 -6.126433
8.600000 -5.645771
8.650000 -5.130463
8.700000 -4.602718
8.750000 -4.082678
8.800000 -3.584603
8.850000 -3.119843
8.900000 -2.694172
8.950000 -2.311507
9.000000 -1.971612
9.050000 -1.673892
9.100000 -1.414973
9.150000 -1.192284
9.200000 -1.001386
9.250000 -0.839317
9.300000 -0.701710
9.350000 -0.585980
9.400000 -0.488312
9.450000 -0.406758
9.500000 -0.338164
9.550000 -0.281226
9.600000 -0.233389
9.650000 -0.193901
9.700000 -0.160693
9.750000 -0.133442
9.800000 -0.110453
9.850000 -0.091724
9.900000 -0.075831
9.950000 -0.063005
10.000000 -0.052017
10.050000 -0.043266
10.100000 -0.035660
10.150000 -0.029714
10.200000 -0.024433
10.250000 -0.020413
10.300000 -0.016728
10.350000 -0.014030
10.400000 -0.011438
10.450000 -0.009646
10.500000 -0.007804
10.550000 -0.006635
10.600000 -0.005309
10.650000 -0.004568
10.700000 -0.003597
10.750000 -0.003153
10.800000 -0.002428
10.850000 -0.002188
10.900000 -0.001632
10.950000 -0.001533
11.000000 -0.001093
11.050000 -0.001090
11.100000 -0.000728
11.150000 -0.000789
11.200000 -0.000478
11.250000 -0.000580
11.300000 -0.000302
11.350000 -0.000431
11.400000 -0.000175
11.450000 -0.000322
11.500000 -0.000081
11.550000 -0.000242
11.600000 -0.000014
11.650000 -0.000187
11.700000 0.000031
11.750000 -0.000152
11.800000 0.000057
11.850000 -0.000134
11.900000 0.000068
11.950000 -0.000129
12.000000 0.000069
12.050000 -0.000130
12.100000 0.000068
12.150000 -0.000132
12.200000 0.000068
12.250000 -0.000128
12.300000 0.000075
12.350000 -0.000119
12.400000 0.000087
12.450000 -0.000106
12.500000 0.000101
12.550000 -0.000093
12.600000 0.000112
12.650000 -0.000084
12.700000 0.000117
12.750000 -0.000083
12.800000 0.000114
12.850000 -0.000090
12.900000 0.000104
12.950000 -0.000102
13.000000 0.000092
13.050000 -0.000114
13.100000 0.000083
13.150000 -0.000120
13.200000 0.000080
13.250000 -0.000119
13.300000 0.000085
13.350000 -0.000110
13.400000 0.000097
13.450000 -0.000098
13.500000 0.000110
13.550000 -0.000086
13.600000 0.000119
13.650000 -0.000080
13.700000 0.000121
13.750000 -0.000082
13.800000 0.000115
13.850000 -0.000092
13.900000 0.000103
13.950000 -0.000106
14.000000 0.000089
14.050000 -0.000118
14.100000 0.000081
14.150000 -0.000123
14.200000 0.000080
14.250000 -0.000119
14.300000 0.000087
14.350000 -0.000108
14.400000 0.000100
14.450000 -0.000094
14.500000 0.000114
14.550000 -0.000083
14.600000 0.000123
14.650000 -0.000078
14.700000 0.000123
14.750000 -0.000083
14.800000 0.000114
14.850000 -0.000095
14.900000 0.000100
14.950000 -0.000109
15.000000 0.000086
15.050000 -0.000121
15.100000 0.000078
15.150000 -0.000125
15.200000 0.000079
15.250000 -0.000120
15.300000 0.000088
15.350000 -0.000107
15.400000 0.000103
15.450000 -0.000092
15.500000 0.000117
15.550000 -0.000080
15.600000 0.000126
15.650000 -0.000076
15.700000 0.000124
15.750000 -0.000082
15.800000 0.000114
15.850000 -0.000096
15.900000 0.000099
15.950000 -0.000112
16.000000 0.000084
16.050000 -0.000124
16.100000 0.000076
16.150000 -0.000127
16.200000 0.000077
16.250000 -0.000121
16.300000 0.000088
16.350000 -0.000107
16.400000 0.000104
16.450000 -0.000090
16.500000 0.000120
16.550000 -0.000078
16.600000 0.000128
16.650000 -0.000074
16.700000 0.000126
16.750000 -0.000081
16.800000 0.000115
16.850000 -0.000096
16.900000 0.000098
16.950000 -0.000113
17.000000 0.000082
17.050000 -0.000126
17.100000 0.000073
17.150000 -0.000130
17.200000 0.000075
17.250000 -0.000123
17.300000 0.000086
17.350000 -0.000107
17.400000 0.000104
17.450000 -0.000089
17.500000 0.000120
17.550000 -0.000075
17.600000 0.000130
17.650000 -0.000071
17.700000 0.000129
17.750000 -0.000078
17.800000 0.000117
17.850000 -0.000093
17.900000 0.000099
17.950000 -0.000112
18.000000 0.000081
18.050000 -0.000127
18.100000 0.000070
18.150000 -0.000132
18.200000 0.000071
18.250000 -0.000126
18.300000 0.000083
18.350000 -0.000110
18.400000 0.000101
18.450000 -0.000090
18.500000 0.000120
18.550000 -0.000074
18.600000 0.000131
18.650000 -0.000067
18.700000 0.000132
18.750000 -0.000073
18.800000 0.000121
18.850000 -0.000089
18.900000 0.000101
18.950000 -0.000109
19.000000 0.000081
19.050000 -0.000126
19.100000 0.000068
19.150000 -0.000134
19.200000 0.000066
19.250000 -0.000130
19.300000 0.000076
19.350000 -0.000114
19.400000 0.000096
19.450000 -0.000093
19.500000 0.000117
19.550000 -0.000074
19.600000 0.000132
19.650000 -0.000064
19.700000 0.000135
19.750000 -0.000067
19.800000 0.000126
19.850000 -0.000081
19.900000 0.000106
19.950000 -0.000103
20.000000 0.000084
20.050000 -0.000123
20.100000 0.000067
20.150000 -0.000135
20.200000 0.000061
20.250000 -0.000134
20.300000 0.000068
20.350000 -0.000121
20.400000 0.000087
20.450000 -0.000098
20.500000 0.000110
20.550000 -0.000076
20.600000 0.000129
20.650000 -0.000061
20.700000 0.000138
20.750000 -0.000059
20.800000 0.000132
20.850000 -0.000071
20.900000 0.000114
20.950000 -0.000093
21.000000 0.000090
21.050000 -0.000117
21.100000 0.000068
21.150000 -0.000134
21.200000 0.000056
21.250000 -0.000139
21.300000 0.000059
21.350000 -0.000129
21.400000 0.000075
21.450000 -0.000108
21.500000 0.000099
21.550000 -0.000082
21.600000 0.000123
21.650000 -0.000061
21.700000 0.000138
21.750000 -0.000053
21.800000 0.000139
21.850000 -0.000059
21.900000 0.000125
21.950000 -0.000079
22.000000 0.000101
22.050000 -0.000105
22.100000 0.000074
22.150000 -0.000128
22.200000 0.000055
22.250000 -0.000141
22.300000 0.000050
22.350000 -0.000138
22.400000 0.000060
22.450000 -0.000120
22.500000 0.000083
22.550000 -0.000094
22.600000 0.000111
22.650000 -0.000067
22.700000 0.000133
22.750000 -0.000049
22.800000 0.000143
22.850000 -0.000047
22.900000 0.000136
22.950000 -0.000062
23.000000 0.000115
23.050000 -0.000087
23.100000 0.000087
23.150000 -0.000116
23.200000 0.000060
23.250000 -0.000137
23.300000 0.000044
23.350000 -0.000145
23.400000 0.000045
23.450000 -0.000135
23.500000 0.000063
23.550000 -0.000111
23.600000 0.000091
23.650000 -0.000080
23.700000 0.000120
23.750000 -0.000054
23.800000 0.000141
23.850000 -0.000040
23.900000 0.000146
23.950000 -0.000043
24.000000 0.000133
24.050000 -0.000064
24.100000 0.000106
24.150000 -0.000094
24.200000 0.000074
24.250000 -0.000124
24.300000 0.000047
24.350000 -0.000144
24.400000 0.000035
24.450000 -0.000147
24.500000 0.000041
24.550000 -0.000131
24.600000 0.000064
24.650000 -0.000102
24.700000 0.000096
24.750000 -0.000068
24.800000 0.000127
24.850000 -0.000042
24.900000 0.000146
24.950000 -0.000031
25.000000 0.000148
25.050000 -0.000039
25.100000 0.000130
25.150000 -0.000064
25.200000 0.000098
25.250000 -0.000098
25.300000 0.000063
25.350000 -0.000130
25.400000 0.000036
25.450000 -0.000149
25.500000 0.000026
25.550000 -0.000149
25.600000 0.000036
25.650000 -0.000129
25.700000 0.000063
25.750000 -0.000095
25.800000 0.000099
25.850000 -0.000059
25.900000 0.000132
25.950000 -0.000031
26.000000 0.000151
26.050000 -0.000021
26.100000 0.000150
26.150000 -0.000032
26.200000 0.000129
26.250000 -0.000061
26.300000 0.000094
26.350000 -0.000099
26.400000 0.000056
26.450000 -0.000133
26.500000 0.000027
26.550000 -0.000153
26.600000 0.000016
26.650000 -0.000152
26.700000 0.000028
26.750000 -0.000130
26.800000 0.000058
26.850000 -0.000093
26.900000 0.000097
26.950000 -0.000053
27.000000 0.000133
27.050000 -0.000023
27.100000 0.000155
27.150000 -0.000011
27.200000 0.000155
27.250000 -0.000022
27.300000 0.000132
27.350000 -0.000053
27.400000 0.000094
27.450000 -0.000094
27.500000 0.000052
27.550000 -0.000133
27.600000 0.000019
27.650000 -0.000156
27.700000 0.000005
27.750000 -0.000158
27.800000 0.000015
27.850000 -0.000136
27.900000 0.000046
27.950000 -0.000097
28.000000 0.000089
28.050000 -0.000052
28.100000 0.000130
28.150000 -0.000016
28.200000 0.000157
28.250000 0.000001
28.300000 0.000161
28.350000 -0.000007
28.400000 0.000141
28.450000 -0.000038
28.500000 0.000101
28.550000 -0.000082
28.600000 0.000054
28.650000 -0.000127
28.700000 0.000015
28.750000 -0.000158
28.800000 -0.000006
28.850000 -0.000165
28.900000 -0.000001
28.950000 -0.000147
29.000000 0.000028
29.050000 -0.000107
29.100000 0.000073
29.150000 -0.000059
29.200000 0.000121
29.250000 -0.000015
29.300000 0.000156
29.350000 0.000011
29.400000 0.000169
29.450000 0.000011
29.500000 0.000154
29.550000 -0.000016
29.600000 0.000116
29.650000 -0.000061
29.700000 0.000066
29.750000 -0.000112
29.800000 0.000017
29.850000 -0.000153
29.900000 -0.000015
29.950000 -0.000172
30.000000 -0.000020
30.050000 -0.000163
30.100000 0.000002
30.150000 -0.000127
30.200000 0.000047
30.250000 -0.000076
30.300000 0.000100
30.350000 -0.000023
30.400000 0.000147
30.450000 0.000016
30.500000 0.000173
30.550000 0.000029
30.600000 0.000171
30.650000 0.000013
30.700000 0.000140
30.750000 -0.000029
30.800000 0.000089
30.850000 -0.000085
30.900000 0.000032
30.950000 -0.000137
31.000000 -0.000014
31.050000 -0.000172
31.100000 -0.000037
31.150000 -0.000179
31.200000 -0.000028
31.250000 -0.000155
31.300000 0.000009
31.350000 -0.000106
31.400000 0.000065
31.450000 -0.000046
31.500000 0.000123
31.550000 0.000008
31.600000 0.000167
31.650000 0.000041
31.700000 0.000185
31.750000 0.000043
31.800000 0.000169
31.850000 0.000013
31.900000 0.000125
31.950000 -0.000041
32.000000 0.000064
32.050000 -0.000103
32.100000 0.000003
32.150000 -0.000157
32.200000 -0.000041
32.250000 -0.000187
32.300000 -0.000055
32.350000 -0.000183
32.400000 -0.000036
32.450000 -0.000147
32.500000 0.000013
32.550000 -0.000088
32.600000 0.000077
32.650000 -0.000021
32.700000 0.000140
32.750000 0.000034
32.800000 0.000183
32.850000 0.000063
32.900000 0.000194
32.950000 0.000057
33.000000 0.000170
33.050000 0.000017
33.100000 0.000116
33.150000 -0.000046
33.200000 0.000046
33.250000 -0.000115
33.300000 -0.000020
33.350000 -0.000171
33.400000 -0.000064
33.450000 -0.000199
33.500000 -0.000075
33.550000 -0.000190
33.600000 -0.000048
33.650000 -0.000146
33.700000 0.000009
33.750000 -0.000078
33.800000 0.000081
33.850000 -0.000005
33.900000 0.000150
33.950000 0.000055
34.000000 0.000195
34.050000 0.000085
34.100000 0.000206
34.150000 0.000077
34.200000 0.000177
34.250000 0.000031
34.300000 0.000116
34.350000 -0.000039
34.400000 0.000039
34.450000 -0.000117
34.500000 -0.000035
34.550000 -0.000180
34.600000 -0.000085
34.650000 -0.000212
34.700000 -0.000098
34.750000 -0.000204
34.800000 -0.000071
34.850000 -0.000157
34.900000 -0.000009
34.950000 -0.000082
35.000000 0.000071
35.050000 0.000000
35.100000 0.000149
35.150000 0.000070
35.200000 0.000204
35.250000 0.000108
35.300000 0.000221
35.350000 0.000104
35.400000 0.000195
35.450000 0.000059
35.500000 0.000132
35.550000 -0.000016
35.600000 0.000047
35.650000 -0.000103
35.700000 -0.000038
35.750000 -0.000179
35.800000 -0.000101
35.850000 -0.000223
35.900000 -0.000126
35.950000 -0.000225
36.000000 -0.000106
36.050000 -0.000182
36.100000 -0.000045
36.150000 -0.000105
36.200000 0.000042
36.250000 -0.000013
36.300000 0.000133
36.350000 0.000072
36.400000 0.000204
36.450000 0.000127
36.500000 0.000238
36.550000 0.000139
36.600000 0.000225
36.650000 0.000103
36.700000 0.000167
36.750000 0.000029
36.800000 0.000078
36.850000 -0.000067
36.900000 -0.000020
36.950000 -0.000159
37.000000 -0.000103
37.050000 -0.000226
37.100000 -0.000150
37.150000 -0.000249
37.200000 -0.000150
37.250000 -0.000223
37.300000 -0.000101
37.350000 -0.000152
37.400000 -0.000014
37.450000 -0.000053
37.500000 0.000089
37.550000 0.000050
37.600000 0.000183
37.650000 0.000131
37.700000 0.000245
37.750000 0.000171
37.800000 0.000259
37.850000 0.000160
37.900000 0.000221
37.950000 0.000099
38.000000 0.000138
38.050000 0.000002
38.100000 0.000031
38.150000 -0.000108
38.200000 -0.000076
38.250000 -0.000203
38.300000 -0.000156
38.350000 -0.000262
38.400000 -0.000191
38.450000 -0.000269
38.500000 -0.000171
38.550000 -0.000221
38.600000 -0.000100
38.650000 -0.000129
38.700000 0.000006
38.750000 -0.000013
38.800000 0.000122
38.850000 0.000099
38.900000 0.000221
38.950000 0.000180
39.000000 0.000278
39.050000 0.000212
39.100000 0.000280
39.150000 0.000185
39.200000 0.000225
39.250000 0.000106
39.300000 0.000124
39.350000 -0.000009
39.400000 0.000001
39.450000 -0.000132
39.500000 -0.000117
39.550000 -0.000235
39.600000 -0.000201
39.650000 -0.000294
39.700000 -0.000233
39.750000 -0.000294
39.800000 -0.000203
39.850000 -0.000234
39.900000 -0.000118
39.950000 -0.000127
40.000000 0.000004
40.050000 0.000005
40.100000 0.000135
40.150000 0.000130
40.200000 0.000245
40.250000 0.000221
40.300000 0.000309
40.350000 0.000256
40.400000 0.000311
40.450000 0.000227
40.500000 0.000250
40.550000 0.000138
40.600000 0.000137
40.650000 0.000010
40.700000 -0.000001
40.750000 -0.000130
40.800000 -0.000136
40.850000 -0.000250
40.900000 -0.000237
40.950000 -0.000323
41.000000 -0.000280
41.050000 -0.000332
41.100000 -0.000256
41.150000 -0.000274
41.200000 -0.000168
41.250000 -0.000159
41.300000 -0.000035
41.350000 -0.000013
41.400000 0.000114
41.450000 0.000134
41.500000 0.000248
41.550000 0.000248
41.600000 0.000335
41.650000 0.000305
41.700000 0.000356
41.750000 0.000291
41.800000 0.000306
41.850000 0.000208
41.900000 0.000192
41.950000 0.000073
42.000000 0.000040
42.050000 -0.000086
42.100000 -0.000118
42.150000 -0.000234
42.200000 -0.000250
42.250000 -0.000340
42.300000 -0.000327
42.350000 -0.000381
42.400000 -0.000330
42.450000 -0.000345
42.500000 -0.000258
42.550000 -0.000239
42.600000 -0.000126
42.650000 -0.000085
42.700000 0.000041
42.750000 0.000087
42.800000 0.000206
42.850000 0.000240
42.900000 0.000336
42.950000 0.000342
43.000000 0.000402
43.050000 0.000370
43.100000 0.000388
43.150000 0.000317
43.200000 0.000297
43.250000 0.000193
43.300000 0.000145
43.350000 0.000023
43.400000 -0.000037
43.450000 -0.000159
43.500000 -0.000212
43.550000 -0.000316
43.600000 -0.000344
43.650000 -0.000415
43.700000 -0.000406
43.750000 -0.000435
43.800000 -0.000384
43.850000 -0.000370
43.900000 -0.000281
43.950000 -0.000231
44.000000 -0.000115
44.050000 -0.000044
44.100000 0.000081
44.150000 0.000154
44.200000 0.000269
44.250000 0.000325
44.300000 0.000414
44.350000 0.000439
44.400000 0.000489
44.450000 0.000474
44.500000 0.000483
44.550000 0.000431
44.600000 0.000404
44.650000 0.000325
44.700000 0.000277
44.750000 0.000188
44.800000 0.000140
44.850000 0.000063
44.900000 0.000035
44.950000 -0.000010
