-30.000000 0.000940
-29.950000 0.000822
-29.900000 0.001641
-29.850000 0.001400
-29.800000 0.002094
-29.750000 0.001728
-29.700000 0.002296
-29.650000 0.001807
-29.600000 0.002254
-29.550000 0.001651
-29.500000 0.001990
-29.450000 0.001289
-29.400000 0.001541
-29.350000 0.000766
-29.300000 0.000958
-29.250000 0.000140
-29.200000 0.000304
-29.150000 -0.000523
-29.100000 -0.000352
-29.050000 -0.001153
-29.000000 -0.000940
-28.950000 -0.001682
-28.900000 -0.001396
-28.850000 -0.002052
-28.800000 -0.001669
-28.750000 -0.002219
-28.700000 -0.001726
-28.650000 -0.002163
-28.600000 -0.001558
-28.550000 -0.001886
-28.500000 -0.001180
-28.450000 -0.001417
-28.400000 -0.000634
-28.350000 -0.000807
-28.300000 0.000021
-28.250000 -0.000124
-28.200000 0.000712
-28.150000 0.000556
-28.100000 0.001361
-28.050000 0.001157
-28.000000 0.001897
-27.950000 0.001613
-27.900000 0.002261
-27.850000 0.001876
-27.800000 0.002413
-27.750000 0.001916
-27.700000 0.002339
-27.650000 0.001730
-27.600000 0.002044
-27.550000 0.001335
-27.500000 0.001557
-27.450000 0.000770
-27.400000 0.000927
-27.350000 0.000090
-27.300000 0.000214
-27.250000 -0.000637
-27.200000 -0.000511
-27.150000 -0.001339
-27.100000 -0.001172
-27.050000 -0.001942
-27.000000 -0.001701
-26.950000 -0.002381
-26.900000 -0.002039
-26.850000 -0.002607
-26.800000 -0.002147
-26.750000 -0.002591
-26.700000 -0.002007
-26.650000 -0.002329
-26.600000 -0.001631
-26.550000 -0.001846
-26.500000 -0.001053
-26.450000 -0.001188
-26.400000 -0.000333
-26.350000 -0.000422
-26.300000 0.000456
-26.250000 0.000372
-26.200000 0.001233
-26.150000 0.001113
-26.100000 0.001919
-26.050000 0.001727
-26.000000 0.002445
-25.950000 0.002153
-25.900000 0.002759
-25.850000 0.002348
-25.800000 0.002829
-25.750000 0.002293
-25.700000 0.002648
-25.650000 0.001991
-25.600000 0.002231
-25.550000 0.001469
-25.500000 0.001615
-25.450000 0.000773
-25.400000 0.000854
-25.350000 -0.000034
-25.300000 0.000018
-25.250000 -0.000878
-25.200000 -0.000815
-25.150000 -0.001679
-25.100000 -0.001566
-25.050000 -0.002358
-25.000000 -0.002159
-24.950000 -0.002847
-24.900000 -0.002532
-24.850000 -0.003093
-24.800000 -0.002644
-24.750000 -0.003067
-24.700000 -0.002480
-24.650000 -0.002766
-24.600000 -0.002052
-24.550000 -0.002219
-24.500000 -0.001399
-24.450000 -0.001474
-24.400000 -0.000582
-24.350000 -0.000603
-24.300000 0.000321
-24.250000 0.000313
-24.200000 0.001227
-24.150000 0.001189
-24.100000 0.002052
-24.050000 0.001946
-24.000000 0.002722
-23.950000 0.002515
-23.900000 0.003176
-23.850000 0.002845
-23.800000 0.003373
-23.750000 0.002905
-23.700000 0.003292
-23.650000 0.002685
-23.600000 0.002937
-23.550000 0.002202
-23.500000 0.002333
-23.450000 0.001491
-23.400000 0.001528
-23.350000 0.000610
-23.300000 0.000589
-23.250000 -0.000366
-23.200000 -0.000404
-23.150000 -0.001352
-23.100000 -0.001362
-23.050000 -0.002258
-23.000000 -0.002198
-22.950000 -0.003002
-22.900000 -0.002833
-22.850000 -0.003511
-22.800000 -0.003206
-22.750000 -0.003738
-22.700000 -0.003281
-22.650000 -0.003658
-22.600000 -0.003050
-22.550000 -0.003278
-22.500000 -0.002531
-22.450000 -0.002630
-22.400000 -0.001769
-22.350000 -0.001769
-22.300000 -0.000828
-22.250000 -0.000766
-22.200000 0.000214
-22.150000 0.000296
-22.100000 0.001272
-22.050000 0.001330
-22.000000 0.002261
-21.950000 0.002254
-21.900000 0.003100
-21.850000 0.002992
-21.800000 0.003718
-21.750000 0.003480
-21.700000 0.004063
-21.650000 0.003675
-21.600000 0.004100
-21.550000 0.003553
-21.500000 0.003819
-21.450000 0.003118
-21.400000 0.003235
-21.350000 0.002397
-21.300000 0.002390
-21.250000 0.001445
-21.200000 0.001348
-21.150000 0.000336
-21.100000 0.000194
-21.050000 -0.000839
-21.000000 -0.000979
-20.950000 -0.001984
-20.900000 -0.002074
-20.850000 -0.003004
-20.800000 -0.003000
-20.750000 -0.003816
-20.700000 -0.003683
-20.650000 -0.004354
-20.600000 -0.004068
-20.550000 -0.004577
-20.500000 -0.004125
-20.450000 -0.004465
-20.400000 -0.003848
-20.350000 -0.004026
-20.300000 -0.003256
-20.250000 -0.003290
-20.200000 -0.002391
-20.150000 -0.002309
-20.100000 -0.001313
-20.050000 -0.001150
-20.000000 -0.000097
-19.950000 0.000104
-19.900000 0.001171
-19.850000 0.001362
-19.800000 0.002395
-19.750000 0.002531
-19.700000 0.003484
-19.650000 0.003519
-19.600000 0.004351
-19.550000 0.004249
-19.500000 0.004925
-19.450000 0.004658
-19.400000 0.005158
-19.350000 0.004710
-19.300000 0.005025
-19.250000 0.004396
-19.200000 0.004533
-19.150000 0.003736
-19.100000 0.003716
-19.050000 0.002778
-19.000000 0.002632
-18.950000 0.001588
-18.900000 0.001357
-18.850000 0.000253
-18.800000 -0.000017
-18.750000 -0.001134
-18.700000 -0.001395
-18.650000 -0.002478
-18.600000 -0.002684
-18.550000 -0.003688
-18.500000 -0.003795
-18.450000 -0.004680
-18.400000 -0.004652
-18.350000 -0.005384
-18.300000 -0.005193
-18.250000 -0.005750
-18.200000 -0.005377
-18.150000 -0.005744
-18.100000 -0.005181
-18.050000 -0.005358
-18.000000 -0.004611
-17.950000 -0.004609
-17.900000 -0.003696
-17.850000 -0.003541
-17.800000 -0.002493
-17.750000 -0.002220
-17.700000 -0.001079
-17.650000 -0.000736
-17.600000 0.000449
-17.550000 0.000813
-17.500000 0.001989
-17.450000 0.002320
-17.400000 0.003435
-17.350000 0.003683
-17.300000 0.004691
-17.250000 0.004811
-17.200000 0.005672
-17.150000 0.005632
-17.100000 0.006317
-17.050000 0.006092
-17.000000 0.006584
-16.950000 0.006162
-16.900000 0.006454
-16.850000 0.005835
-16.800000 0.005931
-16.750000 0.005126
-16.700000 0.005043
-16.650000 0.004073
-16.600000 0.003837
-16.550000 0.002731
-16.500000 0.002378
-16.450000 0.001177
-16.400000 0.000749
-16.350000 -0.000500
-16.300000 -0.000954
-16.250000 -0.002200
-16.200000 -0.002627
-16.150000 -0.003818
-16.100000 -0.004165
-16.050000 -0.005249
-16.000000 -0.005468
-15.950000 -0.006402
-15.900000 -0.006452
-15.850000 -0.007199
-15.800000 -0.007051
-15.750000 -0.007587
-15.700000 -0.007224
-15.650000 -0.007541
-15.600000 -0.006960
-15.550000 -0.007061
-15.500000 -0.006273
-15.450000 -0.006175
-15.400000 -0.005202
-15.350000 -0.004932
-15.300000 -0.003806
-15.250000 -0.003400
-15.200000 -0.002161
-15.150000 -0.001660
-15.100000 -0.000352
-15.050000 0.000196
-15.000000 0.001526
-14.950000 0.002072
-14.900000 0.003373
-14.850000 0.003867
-14.800000 0.005089
-14.750000 0.005482
-14.700000 0.006577
-14.650000 0.006824
-14.600000 0.007751
-14.550000 0.007814
-14.500000 0.008539
-14.450000 0.008388
-14.400000 0.008888
-14.350000 0.008507
-14.300000 0.008772
-14.250000 0.008158
-14.200000 0.008191
-14.150000 0.007353
-14.100000 0.007171
-14.050000 0.006133
-14.000000 0.005765
-13.950000 0.004561
-13.900000 0.004044
-13.850000 0.002715
-13.800000 0.002096
-13.750000 0.000690
-13.700000 0.000016
-13.650000 -0.001417
-13.600000 -0.002094
-13.550000 -0.003504
-13.500000 -0.004135
-13.450000 -0.005471
-13.400000 -0.006007
-13.350000 -0.007224
-13.300000 -0.007621
-13.250000 -0.008676
-13.200000 -0.008894
-13.150000 -0.009750
-13.100000 -0.009756
-13.050000 -0.010385
-13.000000 -0.010155
-12.950000 -0.010538
-12.900000 -0.010060
-12.850000 -0.010191
-12.800000 -0.009465
-12.750000 -0.009352
-12.700000 -0.008391
-12.650000 -0.008053
-12.600000 -0.006885
-12.550000 -0.006355
-12.500000 -0.005016
-12.450000 -0.004335
-12.400000 -0.002870
-12.350000 -0.002088
-12.300000 -0.000548
-12.250000 0.000286
-12.200000 0.001848
-12.150000 0.002680
-12.100000 0.004214
-12.050000 0.004994
-12.000000 0.006449
-11.950000 0.007130
-11.900000 0.008461
-11.850000 0.008999
-11.800000 0.010166
-11.750000 0.010522
-11.700000 0.011489
-11.650000 0.011632
-11.600000 0.012369
-11.550000 0.012273
-11.500000 0.012760
-11.450000 0.012408
-11.400000 0.012634
-11.350000 0.012021
-11.300000 0.011984
-11.250000 0.011114
-11.200000 0.010825
-11.150000 0.009717
-11.100000 0.009199
-11.050000 0.007879
-11.000000 0.007167
-10.950000 0.005674
-10.900000 0.004808
-10.850000 0.003187
-10.800000 0.002217
-10.750000 0.000519
-10.700000 -0.000505
-10.650000 -0.002230
-10.600000 -0.003256
-10.550000 -0.004956
-10.500000 -0.005935
-10.450000 -0.007561
-10.400000 -0.008445
-10.350000 -0.009951
-10.300000 -0.010695
-10.250000 -0.012039
-10.200000 -0.012604
-10.150000 -0.013748
-10.100000 -0.014097
-10.050000 -0.015008
-10.000000 -0.015112
-9.950000 -0.015763
-9.900000 -0.015600
-9.850000 -0.015975
-9.800000 -0.015531
-9.750000 -0.015622
-9.700000 -0.014896
-9.650000 -0.014707
-9.600000 -0.013709
-9.550000 -0.013255
-9.500000 -0.012006
-9.450000 -0.011313
-9.400000 -0.009845
-9.350000 -0.008948
-9.300000 -0.007298
-9.250000 -0.006239
-9.200000 -0.004452
-9.150000 -0.003277
-9.100000 -0.001399
-9.050000 -0.000156
-9.000000 0.001765
-8.950000 0.003030
-8.900000 0.004947
-8.850000 0.006187
-8.800000 0.008055
-8.750000 0.009226
-8.700000 0.011002
-8.650000 0.012061
-8.600000 0.013702
-8.550000 0.014608
-8.500000 0.016075
-8.450000 0.016790
-8.400000 0.018045
-8.350000 0.018534
-8.300000 0.019547
-8.250000 0.019782
-8.200000 0.020527
-8.150000 0.020488
-8.100000 0.020949
-8.050000 0.020622
-8.000000 0.020792
-7.950000 0.020177
-7.900000 0.020058
-7.850000 0.019161
-7.800000 0.018766
-7.750000 0.017603
-7.700000 0.016949
-7.650000 0.015541
-7.600000 0.014654
-7.550000 0.013027
-7.500000 0.011934
-7.450000 0.010118
-7.400000 0.008849
-7.350000 0.006877
-7.300000 0.005467
-7.250000 0.003372
-7.200000 0.001857
-7.150000 -0.000322
-7.100000 -0.001904
-7.050000 -0.004127
-7.000000 -0.005734
-6.950000 -0.007957
-6.900000 -0.009544
-6.850000 -0.011722
-6.800000 -0.013243
-6.750000 -0.015330
-6.700000 -0.016738
-6.650000 -0.018690
-6.600000 -0.019943
-6.550000 -0.021717
-6.500000 -0.022776
-6.450000 -0.024337
-6.400000 -0.025170
-6.350000 -0.026490
-6.300000 -0.027072
-6.250000 -0.028129
-6.200000 -0.028443
-6.150000 -0.029225
-6.100000 -0.029260
-6.050000 -0.029758
-6.000000 -0.029508
-5.950000 -0.029718
-5.900000 -0.029183
-5.850000 -0.029105
-5.800000 -0.028286
-5.750000 -0.027924
-5.700000 -0.026826
-5.650000 -0.026188
-5.600000 -0.024821
-5.550000 -0.023919
-5.500000 -0.022298
-5.450000 -0.021150
-5.400000 -0.019296
-5.350000 -0.017925
-5.300000 -0.015864
-5.250000 -0.014300
-5.200000 -0.012064
-5.150000 -0.010340
-5.100000 -0.007964
-5.050000 -0.006115
-5.000000 -0.003634
-4.950000 -0.001696
-4.900000 0.000856
-4.850000 0.002850
-4.800000 0.005440
-4.750000 0.007459
-4.700000 0.010058
-4.650000 0.012076
-4.600000 0.014659
-4.550000 0.016651
-4.500000 0.019196
-4.450000 0.021141
-4.400000 0.023626
-4.350000 0.025503
-4.300000 0.027909
-4.250000 0.029699
-4.200000 0.032006
-4.150000 0.033688
-4.100000 0.035875
-4.050000 0.037430
-4.000000 0.039480
-3.950000 0.040891
-3.900000 0.042787
-3.850000 0.044041
-3.800000 0.045772
-3.750000 0.046858
-3.700000 0.048418
-3.650000 0.049333
-3.600000 0.050719
-3.550000 0.051464
-3.500000 0.052679
-3.450000 0.053256
-3.400000 0.054305
-3.350000 0.054722
-3.300000 0.055610
-3.250000 0.055870
-3.200000 0.056602
-3.150000 0.056710
-3.100000 0.057289
-3.050000 0.057248
-3.000000 0.057676
-2.950000 0.057486
-2.900000 0.057765
-2.850000 0.057428
-2.800000 0.057559
-2.750000 0.057078
-2.700000 0.057065
-2.650000 0.056445
-2.600000 0.056293
-2.550000 0.055541
-2.500000 0.055260
-2.450000 0.054384
-2.400000 0.053982
-2.350000 0.052993
-2.300000 0.052480
-2.250000 0.051386
-2.200000 0.050770
-2.150000 0.049578
-2.100000 0.048863
-2.050000 0.047574
-2.000000 0.046761
-1.950000 0.045374
-1.900000 0.044457
-1.850000 0.042965
-1.800000 0.041937
-1.750000 0.040329
-1.700000 0.039178
-1.650000 0.037443
-1.600000 0.036156
-1.550000 0.034280
-1.500000 0.032842
-1.450000 0.030810
-1.400000 0.029206
-1.350000 0.027000
-1.300000 0.025211
-1.250000 0.022811
-1.200000 0.020811
-1.150000 0.018189
-1.100000 0.015947
-1.050000 0.013065
-1.000000 0.010538
-0.950000 0.007346
-0.900000 0.004478
-0.850000 0.000914
-0.800000 -0.002365
-0.750000 -0.006379
-0.700000 -0.010154
-0.650000 -0.014709
-0.600000 -0.019079
-0.550000 -0.024285
-0.500000 -0.029367
-0.450000 -0.035347
-0.400000 -0.041275
-0.350000 -0.048173
-0.300000 -0.055101
-0.250000 -0.063081
-0.200000 -0.071185
-0.150000 -0.080436
-0.100000 -0.089919
-0.050000 -0.100661
0.000000 -0.111756
0.050000 -0.124236
0.100000 -0.137210
0.150000 -0.151712
0.200000 -0.166863
0.250000 -0.183703
0.300000 -0.201363
0.350000 -0.220884
0.400000 -0.241407
0.450000 -0.263972
0.500000 -0.287727
0.550000 -0.313704
0.600000 -0.341052
0.650000 -0.370792
0.700000 -0.402064
0.750000 -0.435871
0.800000 -0.471334
0.850000 -0.509426
0.900000 -0.549238
0.950000 -0.591700
1.000000 -0.635861
1.050000 -0.682589
1.100000 -0.730876
1.150000 -0.781515
1.200000 -0.833422
1.250000 -0.887299
1.300000 -0.941974
1.350000 -0.998047
1.400000 -1.054250
1.450000 -1.111076
1.500000 -1.167159
1.550000 -1.222897
1.600000 -1.276844
1.650000 -1.329320
1.700000 -1.378833
1.750000 -1.425668
1.800000 -1.468331
1.850000 -1.507125
1.900000 -1.540617
1.950000 -1.569192
2.000000 -1.591536
2.050000 -1.608176
2.100000 -1.617975
2.150000 -1.621646
2.200000 -1.618262
2.250000 -1.608748
2.300000 -1.592393
2.350000 -1.570325
2.400000 -1.542030
2.450000 -1.508803
2.500000 -1.470282
2.550000 -1.427876
2.600000 -1.381313
2.650000 -1.332052
2.700000 -1.279852
2.750000 -1.226161
2.800000 -1.170711
2.850000 -1.114893
2.900000 -1.058374
2.950000 -1.002452
3.000000 -0.946706
3.050000 -0.892330
3.100000 -0.838802
3.150000 -0.787211
3.200000 -0.736942
3.250000 -0.688986
3.300000 -0.642645
3.350000 -0.598828
3.400000 -0.556769
3.450000 -0.517311
3.500000 -0.479639
3.550000 -0.444542
3.600000 -0.411173
3.650000 -0.380284
3.700000 -0.351005
3.750000 -0.324063
3.800000 -0.298577
3.850000 -0.275257
3.900000 -0.253219
3.950000 -0.233164
4.000000 -0.214211
4.050000 -0.197057
4.100000 -0.180828
4.150000 -0.166219
4.200000 -0.152369
4.250000 -0.139973
4.300000 -0.128181
4.350000 -0.117693
4.400000 -0.107672
4.450000 -0.098822
4.500000 -0.090319
4.550000 -0.082869
4.600000 -0.075661
4.650000 -0.069407
4.700000 -0.063307
4.750000 -0.058072
4.800000 -0.052916
4.850000 -0.048552
4.900000 -0.044201
4.950000 -0.040577
5.000000 -0.036911
5.050000 -0.033914
5.100000 -0.030826
5.150000 -0.028357
5.200000 -0.025754
5.250000 -0.023726
5.300000 -0.021525
5.350000 -0.019860
5.400000 -0.017991
5.450000 -0.016624
5.500000 -0.015027
5.550000 -0.013903
5.600000 -0.012530
5.650000 -0.011607
5.700000 -0.010420
5.750000 -0.009666
5.800000 -0.008637
5.850000 -0.008028
5.900000 -0.007137
5.950000 -0.006656
6.000000 -0.005888
6.050000 -0.005519
6.100000 -0.004859
6.150000 -0.004590
6.200000 -0.004024
6.250000 -0.003839
6.300000 -0.003352
6.350000 -0.003236
6.400000 -0.002813
6.450000 -0.002750
6.500000 -0.002374
6.550000 -0.002349
6.600000 -0.002007
6.650000 -0.002006
6.700000 -0.001686
6.750000 -0.001701
6.800000 -0.001395
6.850000 -0.001421
6.900000 -0.001129
6.950000 -0.001165
7.000000 -0.000886
7.050000 -0.000935
7.100000 -0.000674
7.150000 -0.000741
7.200000 -0.000502
7.250000 -0.000589
7.300000 -0.000375
7.350000 -0.000485
7.400000 -0.000295
7.450000 -0.000425
7.500000 -0.000255
7.550000 -0.000399
7.600000 -0.000243
7.650000 -0.000394
7.700000 -0.000241
7.750000 -0.000390
7.800000 -0.000235
7.850000 -0.000374
7.900000 -0.000210
7.950000 -0.000338
8.000000 -0.000164
8.050000 -0.000279
8.100000 -0.000098
8.150000 -0.000207
8.200000 -0.000024
8.250000 -0.000133
8.300000 0.000044
8.350000 -0.000071
8.400000 0.000093
8.450000 -0.000035
8.500000 0.000113
8.550000 -0.000029
8.600000 0.000102
8.650000 -0.000053
8.700000 0.000065
8.750000 -0.000098
8.800000 0.000012
8.850000 -0.000152
8.900000 -0.000041
8.950000 -0.000199
9.000000 -0.000083
9.050000 -0.000230
9.100000 -0.000103
9.150000 -0.000237
9.200000 -0.000100
9.250000 -0.000224
9.300000 -0.000082
9.350000 -0.000201
9.400000 -0.000063
9.450000 -0.000188
9.500000 -0.000064
9.550000 -0.000207
9.600000 -0.000109
9.650000 -0.000282
9.700000 -0.000222
9.750000 -0.000434
9.800000 -0.000423
9.850000 -0.000686
9.900000 -0.000733
9.950000 -0.001059
10.000000 -0.001179
10.050000 -0.001585
10.100000 -0.001800
10.150000 -0.002314
10.200000 -0.002661
10.250000 -0.003330
10.300000 -0.003870
10.350000 -0.004771
10.400000 -0.005597
10.450000 -0.006846
10.500000 -0.008100
10.550000 -0.009869
10.600000 -0.011760
10.650000 -0.014300
10.700000 -0.017127
10.750000 -0.020799
10.800000 -0.024999
10.850000 -0.030323
10.900000 -0.036518
10.950000 -0.044244
11.000000 -0.053335
11.050000 -0.064543
11.100000 -0.077826
11.150000 -0.094074
11.200000 -0.113416
11.250000 -0.136939
11.300000 -0.165016
11.350000 -0.199007
11.400000 -0.239619
11.450000 -0.288586
11.500000 -0.347059
11.550000 -0.417266
11.600000 -0.500920
11.650000 -0.600852
11.700000 -0.719428
11.750000 -0.860138
11.800000 -1.025981
11.850000 -1.220975
11.900000 -1.448469
11.950000 -1.712497
12.000000 -2.015940
12.050000 -2.361650
12.100000 -2.750391
12.150000 -3.181691
12.200000 -3.651603
12.250000 -4.153431
12.300000 -4.675624
12.350000 -5.202896
12.400000 -5.714942
12.450000 -6.188753
12.500000 -6.598847
12.550000 -6.921092
12.600000 -7.134133
12.650000 -7.223562
12.700000 -7.182645
12.750000 -7.014665
12.800000 -6.731102
12.850000 -6.351262
12.900000 -5.898335
12.950000 -5.397847
13.000000 -4.873733
13.050000 -4.347683
13.100000 -3.836681
13.150000 -3.353882
13.200000 -2.907510
13.250000 -2.502673
13.300000 -2.140838
13.350000 -1.821831
13.400000 -1.543307
13.450000 -1.302546
13.500000 -1.095708
13.550000 -0.919360
13.600000 -0.769528
13.650000 -0.643012
13.700000 -0.536321
13.750000 -0.446851
13.800000 -0.371771
13.850000 -0.309131
13.900000 -0.256726
13.950000 -0.213178
14.000000 -0.176809
14.050000 -0.146691
14.100000 -0.121553
14.150000 -0.100806
14.200000 -0.083481
14.250000 -0.069236
14.300000 -0.057319
14.350000 -0.047563
14.400000 -0.039373
14.450000 -0.032703
14.500000 -0.027071
14.550000 -0.022515
14.600000 -0.018631
14.650000 -0.015516
14.700000 -0.012823
14.750000 -0.010688
14.800000 -0.008807
14.850000 -0.007339
14.900000 -0.006012
14.950000 -0.005002
15.000000 -0.004060
15.050000 -0.003368
15.100000 -0.002697
15.150000 -0.002233
15.200000 -0.001758
15.250000 -0.001460
15.300000 -0.001129
15.350000 -0.000953
15.400000 -0.000730
15.450000 -0.000642
15.500000 -0.000497
15.550000 -0.000471
15.600000 -0.000377
15.650000 -0.000389
15.700000 -0.000325
15.750000 -0.000355
15.800000 -0.000303
15.850000 -0.000334
15.900000 -0.000280
15.950000 -0.000302
16.000000 -0.000238
16.050000 -0.000245
16.100000 -0.000169
16.150000 -0.000162
16.200000 -0.000078
16.250000 -0.000064
16.300000 0.000020
16.350000 0.000033
16.400000 0.000108
16.450000 0.000109
16.500000 0.000167
16.550000 0.000150
16.600000 0.000184
16.650000 0.000146
16.700000 0.000156
16.750000 0.000099
16.800000 0.000091
16.850000 0.000022
16.900000 0.000005
16.950000 -0.000066
17.000000 -0.000081
17.050000 -0.000142
17.100000 -0.000147
17.150000 -0.000189
17.200000 -0.000175
17.250000 -0.000194
17.300000 -0.000159
17.350000 -0.000156
17.400000 -0.000103
17.450000 -0.000084
17.500000 -0.000021
17.550000 0.000007
17.600000 0.000069
17.650000 0.000094
17.700000 0.000146
17.750000 0.000159
17.800000 0.000191
17.850000 0.000185
17.900000 0.000194
17.950000 0.000167
18.000000 0.000154
18.050000 0.000108
18.100000 0.000077
18.150000 0.000022
18.200000 -0.000017
18.250000 -0.000073
18.300000 -0.000108
18.350000 -0.000153
18.400000 -0.000175
18.450000 -0.000199
18.500000 -0.000201
18.550000 -0.000200
18.600000 -0.000179
18.650000 -0.000155
18.700000 -0.000115
18.750000 -0.000072
18.800000 -0.000022
18.850000 0.000028
18.900000 0.000078
18.950000 0.000124
19.000000 0.000160
19.050000 0.000191
19.100000 0.000206
19.150000 0.000215
19.200000 0.000204
19.250000 0.000189
19.300000 0.000154
19.350000 0.000120
19.400000 0.000068
19.450000 0.000024
19.500000 -0.000035
19.550000 -0.000077
19.600000 -0.000132
19.650000 -0.000161
19.700000 -0.000200
19.750000 -0.000207
19.800000 -0.000226
19.850000 -0.000207
19.900000 -0.000202
19.950000 -0.000158
20.000000 -0.000134
20.050000 -0.000072
20.100000 -0.000036
20.150000 0.000034
20.200000 0.000069
20.250000 0.000135
20.300000 0.000159
20.350000 0.000211
20.400000 0.000213
20.450000 0.000242
20.500000 0.000217
20.550000 0.000222
20.600000 0.000170
20.650000 0.000153
20.700000 0.000081
20.750000 0.000051
20.800000 -0.000031
20.850000 -0.000062
20.900000 -0.000140
20.950000 -0.000159
21.000000 -0.000222
21.050000 -0.000218
21.100000 -0.000258
21.150000 -0.000226
21.200000 -0.000240
21.250000 -0.000180
21.300000 -0.000171
21.350000 -0.000090
21.400000 -0.000067
21.450000 0.000025
21.500000 0.000049
21.550000 0.000138
21.600000 0.000151
21.650000 0.000226
21.700000 0.000217
21.750000 0.000269
21.800000 0.000232
21.850000 0.000258
21.900000 0.000193
21.950000 0.000195
22.000000 0.000108
22.050000 0.000094
22.100000 -0.000007
22.150000 -0.000025
22.200000 -0.000126
22.250000 -0.000135
22.300000 -0.000224
22.350000 -0.000214
22.400000 -0.000281
22.450000 -0.000243
22.500000 -0.000283
22.550000 -0.000215
22.600000 -0.000228
22.650000 -0.000134
22.700000 -0.000128
22.750000 -0.000018
22.800000 -0.000004
22.850000 0.000111
22.900000 0.000118
22.950000 0.000222
23.000000 0.000211
23.050000 0.000293
23.100000 0.000253
23.150000 0.000307
23.200000 0.000235
23.250000 0.000260
23.300000 0.000160
23.350000 0.000163
23.400000 0.000044
23.450000 0.000036
23.500000 -0.000089
23.550000 -0.000093
23.600000 -0.000210
23.650000 -0.000197
23.700000 -0.000294
23.750000 -0.000254
23.800000 -0.000323
23.850000 -0.000251
23.900000 -0.000292
23.950000 -0.000190
24.000000 -0.000206
24.050000 -0.000082
24.100000 -0.000083
24.150000 0.000052
24.200000 0.000052
24.250000 0.000183
24.300000 0.000171
24.350000 0.000286
24.400000 0.000249
24.450000 0.000339
24.500000 0.000270
24.550000 0.000329
24.600000 0.000228
24.650000 0.000259
24.700000 0.000130
24.750000 0.000140
24.800000 -0.000005
24.850000 -0.000002
24.900000 -0.000149
24.950000 -0.000139
25.000000 -0.000273
25.050000 -0.000240
25.100000 -0.000350
25.150000 -0.000285
25.200000 -0.000363
25.250000 -0.000263
25.300000 -0.000309
25.350000 -0.000178
25.400000 -0.000199
25.450000 -0.000046
25.500000 -0.000055
25.550000 0.000104
25.600000 0.000093
25.650000 0.000244
25.700000 0.000214
25.750000 0.000343
25.800000 0.000284
25.850000 0.000382
25.900000 0.000289
25.950000 0.000354
26.000000 0.000227
26.050000 0.000264
26.100000 0.000110
26.150000 0.000129
26.200000 -0.000039
26.250000 -0.000024
26.300000 -0.000191
26.350000 -0.000166
26.400000 -0.000317
26.450000 -0.000268
26.500000 -0.000392
26.550000 -0.000309
26.600000 -0.000399
26.650000 -0.000279
26.700000 -0.000337
26.750000 -0.000184
26.800000 -0.000216
26.850000 -0.000040
26.900000 -0.000059
26.950000 0.000124
27.000000 0.000103
27.050000 0.000277
27.100000 0.000237
27.150000 0.000387
27.200000 0.000315
27.250000 0.000432
27.300000 0.000321
27.350000 0.000401
27.400000 0.000253
27.450000 0.000301
27.500000 0.000123
27.550000 0.000151
27.600000 -0.000042
27.650000 -0.000020
27.700000 -0.000211
27.750000 -0.000177
27.800000 -0.000351
27.850000 -0.000291
27.900000 -0.000435
27.950000 -0.000338
28.000000 -0.000447
28.050000 -0.000311
28.100000 -0.000383
28.150000 -0.000213
28.200000 -0.000257
28.250000 -0.000062
28.300000 -0.000092
28.350000 0.000113
28.400000 0.000083
28.450000 0.000281
28.500000 0.000234
28.550000 0.000410
28.600000 0.000332
28.650000 0.000474
28.700000 0.000357
28.750000 0.000460
28.800000 0.000303
28.850000 0.000370
28.900000 0.000178
28.950000 0.000219
29.000000 0.000005
29.050000 0.000034
29.100000 -0.000184
29.150000 -0.000148
29.200000 -0.000353
29.250000 -0.000293
29.300000 -0.000469
29.350000 -0.000372
29.400000 -0.000509
29.450000 -0.000368
29.500000 -0.000465
29.550000 -0.000283
29.600000 -0.000345
29.650000 -0.000132
29.700000 -0.000171
29.750000 0.000058
29.800000 0.000024
29.850000 0.000251
29.900000 0.000203
29.950000 0.000411
30.000000 0.000335
30.050000 0.000510
30.100000 0.000393
30.150000 0.000528
30.200000 0.000369
30.250000 0.000463
30.300000 0.000264
30.350000 0.000326
30.400000 0.000097
30.450000 0.000140
30.500000 -0.000102
30.550000 -0.000063
30.600000 -0.000300
30.650000 -0.000245
30.700000 -0.000460
30.750000 -0.000373
30.800000 -0.000552
30.850000 -0.000422
30.900000 -0.000558
30.950000 -0.000382
31.000000 -0.000475
31.050000 -0.000257
31.100000 -0.000317
31.150000 -0.000070
31.200000 -0.000112
31.250000 0.000146
31.300000 0.000104
31.350000 0.000353
31.400000 0.000290
31.450000 0.000512
31.500000 0.000412
31.550000 0.000593
31.600000 0.000447
31.650000 0.000582
31.700000 0.000388
31.750000 0.000481
31.800000 0.000246
31.850000 0.000307
31.900000 0.000046
31.950000 0.000091
32.000000 -0.000178
32.050000 -0.000129
32.100000 -0.000387
32.150000 -0.000315
32.200000 -0.000544
32.250000 -0.000435
32.300000 -0.000623
32.350000 -0.000467
32.400000 -0.000609
32.450000 -0.000404
32.500000 -0.000502
32.550000 -0.000257
32.600000 -0.000321
32.650000 -0.000047
32.700000 -0.000095
32.750000 0.000189
32.800000 0.000138
32.850000 0.000411
32.900000 0.000338
32.950000 0.000580
33.000000 0.000467
33.050000 0.000666
33.100000 0.000503
33.150000 0.000652
33.200000 0.000437
33.250000 0.000538
33.300000 0.000278
33.350000 0.000344
33.400000 0.000054
33.450000 0.000102
33.500000 -0.000197
33.550000 -0.000145
33.600000 -0.000431
33.650000 -0.000355
33.700000 -0.000610
33.750000 -0.000491
33.800000 -0.000701
33.850000 -0.000531
33.900000 -0.000689
33.950000 -0.000466
34.000000 -0.000577
34.050000 -0.000308
34.100000 -0.000382
34.150000 -0.000083
34.200000 -0.000136
34.250000 0.000175
34.300000 0.000120
34.350000 0.000422
34.400000 0.000346
34.450000 0.000618
34.500000 0.000503
34.550000 0.000731
34.600000 0.000564
34.650000 0.000741
34.700000 0.000519
34.750000 0.000643
34.800000 0.000370
34.850000 0.000452
34.900000 0.000142
34.950000 0.000198
35.000000 -0.000130
35.050000 -0.000079
35.100000 -0.000402
35.150000 -0.000332
35.200000 -0.000627
35.250000 -0.000518
35.300000 -0.000768
35.350000 -0.000604
35.400000 -0.000799
35.450000 -0.000577
35.500000 -0.000715
35.550000 -0.000438
35.600000 -0.000529
35.650000 -0.000210
35.700000 -0.000272
35.750000 0.000069
35.800000 0.000017
35.850000 0.000356
35.900000 0.000289
35.950000 0.000605
36.000000 0.000502
36.050000 0.000776
36.100000 0.000622
36.150000 0.000842
36.200000 0.000629
36.250000 0.000793
36.300000 0.000522
36.350000 0.000634
36.400000 0.000315
36.450000 0.000389
36.500000 0.000039
36.550000 0.000094
36.600000 -0.000265
36.650000 -0.000205
36.700000 -0.000550
36.750000 -0.000462
36.800000 -0.000770
36.850000 -0.000634
36.900000 -0.000889
36.950000 -0.000693
37.000000 -0.000887
37.050000 -0.000627
37.100000 -0.000761
37.150000 -0.000443
37.200000 -0.000529
37.250000 -0.000170
37.300000 -0.000228
37.350000 0.000150
37.400000 0.000097
37.450000 0.000468
37.500000 0.000393
37.550000 0.000734
37.600000 0.000615
37.650000 0.000905
37.700000 0.000728
37.750000 0.000956
37.800000 0.000713
37.850000 0.000879
37.900000 0.000574
37.950000 0.000685
38.000000 0.000330
38.050000 0.000402
38.100000 0.000017
38.150000 0.000072
38.200000 -0.000320
38.250000 -0.000257
38.300000 -0.000631
38.350000 -0.000536
38.400000 -0.000871
38.450000 -0.000724
38.500000 -0.001001
38.550000 -0.000790
38.600000 -0.001002
38.650000 -0.000723
38.700000 -0.000870
38.750000 -0.000528
38.800000 -0.000623
38.850000 -0.000234
38.900000 -0.000294
38.950000 0.000120
39.000000 0.000068
39.050000 0.000479
39.100000 0.000409
39.150000 0.000790
39.200000 0.000676
39.250000 0.001005
39.300000 0.000829
39.350000 0.001091
39.400000 0.000843
39.450000 0.001035
39.500000 0.000716
39.550000 0.000844
39.600000 0.000466
39.650000 0.000546
39.700000 0.000128
39.750000 0.000183
39.800000 -0.000249
39.850000 -0.000193
39.900000 -0.000612
39.950000 -0.000528
40.000000 -0.000909
40.050000 -0.000775
40.100000 -0.001100
40.150000 -0.000899
40.200000 -0.001155
40.250000 -0.000881
40.300000 -0.001066
40.350000 -0.000721
40.400000 -0.000842
40.450000 -0.000438
40.500000 -0.000512
40.550000 -0.000070
40.600000 -0.000120
40.650000 0.000334
40.700000 0.000279
40.750000 0.000716
40.800000 0.000629
40.850000 0.001023
40.900000 0.000878
40.950000 0.001207
41.000000 0.000989
41.050000 0.001243
41.100000 0.000944
41.150000 0.001121
41.200000 0.000748
41.250000 0.000858
41.300000 0.000425
41.350000 0.000490
41.400000 0.000022
41.450000 0.000068
41.500000 -0.000406
41.550000 -0.000350
41.600000 -0.000801
41.650000 -0.000707
41.700000 -0.001110
41.750000 -0.000954
41.800000 -0.001289
41.850000 -0.001057
41.900000 -0.001315
41.950000 -0.001003
42.000000 -0.001184
42.050000 -0.000796
42.100000 -0.000910
42.150000 -0.000462
42.200000 -0.000528
42.250000 -0.000042
42.300000 -0.000086
42.350000 0.000410
42.400000 0.000359
42.450000 0.000835
42.500000 0.000747
42.550000 0.001174
42.600000 0.001024
42.650000 0.001382
42.700000 0.001152
42.750000 0.001426
42.800000 0.001108
42.850000 0.001298
42.900000 0.000898
42.950000 0.001013
43.000000 0.000545
43.050000 0.000606
43.100000 0.000096
43.150000 0.000132
43.200000 -0.000391
43.250000 -0.000348
43.300000 -0.000850
43.350000 -0.000770
43.400000 -0.001222
43.450000 -0.001077
43.500000 -0.001458
43.550000 -0.001231
43.600000 -0.001526
43.650000 -0.001208
43.700000 -0.001415
43.750000 -0.001011
43.800000 -0.001138
43.850000 -0.000659
43.900000 -0.000723
43.950000 -0.000191
44.000000 -0.000218
44.050000 0.000340
44.100000 0.000322
44.150000 0.000874
44.200000 0.000834
44.250000 0.001352
44.300000 0.001261
44.350000 0.001718
44.400000 0.001554
44.450000 0.001932
44.500000 0.001680
44.550000 0.001970
44.600000 0.001628
44.650000 0.001831
44.700000 0.001405
44.750000 0.001532
44.800000 0.001035
44.850000 0.001104
44.900000 0.000555
44.950000 0.000583
