-30.000000 -0.000000
-29.900000 -0.000000
-29.800000 -0.000000
-29.700000 -0.000000
-29.600000 -0.000000
-29.500000 -0.000000
-29.400000 -0.000000
-29.300000 -0.000000
-29.200000 -0.000000
-29.100000 -0.000000
-29.000000 -0.000000
-28.900000 -0.000000
-28.800000 -0.000000
-28.700000 -0.000000
-28.600000 -0.000000
-28.500000 -0.000000
-28.400000 -0.000000
-28.300000 -0.000000
-28.200000 -0.000000
-28.100000 -0.000000
-28.000000 -0.000000
-27.900000 -0.000000
-27.800000 -0.000000
-27.700000 -0.000000
-27.600000 -0.000000
-27.500000 -0.000000
-27.400000 -0.000000
-27.300000 -0.000000
-27.200000 -0.000000
-27.100000 -0.000000
-27.000000 -0.000000
-26.900000 -0.000000
-26.800000 -0.000000
-26.700000 -0.000000
-26.600000 -0.000000
-26.500000 -0.000000
-26.400000 -0.000000
-26.300000 -0.000000
-26.200000 -0.000000
-26.100000 -0.000000
-26.000000 -0.000000
-25.900000 -0.000000
-25.800000 -0.000000
-25.700000 -0.000000
-25.600000 -0.000000
-25.500000 -0.000000
-25.400000 -0.000000
-25.300000 -0.000000
-25.200000 -0.000000
-25.100000 -0.000000
-25.000000 -0.000000
-24.900000 -0.000000
-24.800000 -0.000000
-24.700000 -0.000000
-24.600000 -0.000000
-24.500000 -0.000000
-24.400000 -0.000000
-24.300000 -0.000000
-24.200000 -0.000000
-24.100000 -0.000000
-24.000000 -0.000000
-23.900000 -0.000000
-23.800000 -0.000000
-23.700000 -0.000000
-23.600000 -0.000000
-23.500000 -0.000000
-23.400000 -0.000000
-23.300000 -0.000000
-23.200000 -0.000000
-23.100000 -0.000000
-23.000000 -0.000000
-22.900000 -0.000000
-22.800000 -0.000000
-22.700000 -0.000000
-22.600000 -0.000000
-22.500000 -0.000000
-22.400000 -0.000000
-22.300000 -0.000000
-22.200000 -0.000000
-22.100000 -0.000000
-22.000000 -0.000000
-21.900000 -0.000000
-21.800000 -0.000000
-21.700000 -0.000000
-21.600000 -0.000000
-21.500000 -0.000000
-21.400000 -0.000000
-21.300000 -0.000000
-21.200000 -0.000000
-21.100000 -0.000000
-21.000000 -0.000000
-20.900000 -0.000000
-20.800000 -0.000000
-20.700000 -0.000000
-20.600000 -0.000000
-20.500000 -0.000000
-20.400000 -0.000000
-20.300000 -0.000000
-20.200000 -0.000000
-20.100000 -0.000000
-20.000000 -0.000000
-19.900000 -0.000000
-19.800000 -0.000000
-19.700000 -0.000000
-19.600000 -0.000000
-19.500000 -0.000000
-19.400000 -0.000000
-19.300000 -0.000000
-19.200000 -0.000000
-19.100000 -0.000000
-19.000000 -0.000000
-18.900000 -0.000000
-18.800000 -0.000000
-18.700000 -0.000000
-18.600000 -0.000000
-18.500000 -0.000000
-18.400000 -0.000000
-18.300000 -0.000000
-18.200000 -0.000000
-18.100000 -0.000000
-18.000000 -0.000000
-17.900000 -0.000000
-17.800000 -0.000000
-17.700000 -0.000000
-17.600000 -0.000000
-17.500000 -0.000000
-17.400000 -0.000000
-17.300000 -0.000000
-17.200000 -0.000000
-17.100000 -0.000000
-17.000000 -0.000000
-16.900000 -0.000000
-16.800000 -0.000000
-16.700000 -0.000000
-16.600000 -0.000000
-16.500000 -0.000000
-16.400000 -0.000000
-16.300000 -0.000000
-16.200000 -0.000000
-16.100000 -0.000000
-16.000000 -0.000000
-15.900000 -0.000000
-15.800000 -0.000000
-15.700000 -0.000000
-15.600000 -0.000000
-15.500000 -0.000000
-15.400000 -0.000000
-15.300000 -0.000000
-15.200000 -0.000000
-15.100000 -0.000000
-15.000000 -0.000000
-14.900000 -0.000000
-14.800000 -0.000000
-14.700000 -0.000000
-14.600000 -0.000000
-14.500000 -0.000000
-14.400000 -0.000000
-14.300000 -0.000000
-14.200000 -0.000000
-14.100000 -0.000000
-14.000000 -0.000000
-13.900000 -0.000000
-13.800000 -0.000000
-13.700000 -0.000000
-13.600000 -0.000000
-13.500000 -0.000000
-13.400000 -0.000000
-13.300000 -0.000000
-13.200000 -0.000000
-13.100000 -0.000000
-13.000000 -0.000000
-12.900000 -0.000000
-12.800000 -0.000000
-12.700000 -0.000000
-12.600000 -0.000000
-12.500000 -0.000000
-12.400000 -0.000000
-12.300000 -0.000000
-12.200000 -0.000000
-12.100000 -0.000000
-12.000000 -0.000000
-11.900000 -0.000000
-11.800000 -0.000000
-11.700000 -0.000000
-11.600000 -0.000000
-11.500000 -0.000000
-11.400000 -0.000000
-11.300000 -0.000000
-11.200000 -0.000000
-11.100000 -0.000000
-11.000000 -0.000000
-10.900000 -0.000000
-10.800000 -0.000000
-10.700000 -0.000000
-10.600000 -0.000000
-10.500000 -0.000000
-10.400000 -0.000000
-10.300000 -0.000000
-10.200000 -0.000000
-10.100000 -0.000000
-10.000000 -0.000000
-9.900000 -0.000000
-9.800000 -0.000000
-9.700000 -0.000000
-9.600000 -0.000000
-9.500000 -0.000000
-9.400000 -0.000000
-9.300000 -0.000001
-9.200000 -0.000001
-9.100000 -0.000001
-9.000000 -0.000001
-8.900000 -0.000001
-8.800000 -0.000001
-8.700000 -0.000002
-8.600000 -0.000002
-8.500000 -0.000002
-8.400000 -0.000003
-8.300000 -0.000004
-8.200000 -0.000005
-8.100000 -0.000006
-8.000000 -0.000007
-7.900000 -0.000008
-7.800000 -0.000010
-7.700000 -0.000012
-7.600000 -0.000015
-7.500000 -0.000018
-7.400000 -0.000023
-7.300000 -0.000028
-7.200000 -0.000034
-7.100000 -0.000041
-7.000000 -0.000050
-6.900000 -0.000061
-6.800000 -0.000075
-6.700000 -0.000091
-6.600000 -0.000112
-6.500000 -0.000136
-6.400000 -0.000167
-6.300000 -0.000203
-6.200000 -0.000248
-6.100000 -0.000303
-6.000000 -0.000371
-5.900000 -0.000453
-5.800000 -0.000553
-5.700000 -0.000675
-5.600000 -0.000825
-5.500000 -0.001007
-5.400000 -0.001230
-5.300000 -0.001502
-5.200000 -0.001835
-5.100000 -0.002241
-5.000000 -0.002737
-4.900000 -0.003342
-4.800000 -0.004081
-4.700000 -0.004984
-4.600000 -0.006085
-4.500000 -0.007430
-4.400000 -0.009071
-4.300000 -0.011074
-4.200000 -0.013518
-4.100000 -0.016498
-4.000000 -0.020133
-3.900000 -0.024563
-3.800000 -0.029960
-3.700000 -0.036533
-3.600000 -0.044530
-3.500000 -0.054255
-3.400000 -0.066067
-3.300000 -0.080398
-3.200000 -0.097758
-3.100000 -0.118751
-3.000000 -0.144079
-2.900000 -0.174558
-2.800000 -0.211114
-2.700000 -0.254786
-2.600000 -0.306707
-2.500000 -0.368076
-2.400000 -0.440097
-2.300000 -0.523894
-2.200000 -0.620382
-2.100000 -0.730088
-2.000000 -0.852935
-1.900000 -0.987980
-1.800000 -1.133146
-1.700000 -1.284990
-1.600000 -1.438575
-1.500000 -1.587521
-1.400000 -1.724313
-1.300000 -1.840905
-1.200000 -1.929576
-1.100000 -1.983923
-1.000000 -1.999796
-0.900000 -1.975950
-0.800000 -1.914250
-0.700000 -1.819365
-0.600000 -1.698045
-0.500000 -1.558155
-0.400000 -1.407697
-0.300000 -1.253993
-0.200000 -1.103149
-0.100000 -0.959797
0.000000 -0.827089
0.100000 -0.706853
0.200000 -0.599833
0.300000 -0.505968
0.400000 -0.424632
0.500000 -0.354858
0.600000 -0.295496
0.700000 -0.245336
0.800000 -0.203191
0.900000 -0.167943
1.000000 -0.138575
1.100000 -0.114185
1.200000 -0.093979
1.300000 -0.077276
1.400000 -0.063493
1.500000 -0.052135
1.600000 -0.042786
1.700000 -0.035099
1.800000 -0.028782
1.900000 -0.023596
2.000000 -0.019339
2.100000 -0.015848
2.200000 -0.012984
2.300000 -0.010637
2.400000 -0.008713
2.500000 -0.007136
2.600000 -0.005845
2.700000 -0.004786
2.800000 -0.003920
2.900000 -0.003210
3.000000 -0.002628
3.100000 -0.002152
3.200000 -0.001762
3.300000 -0.001443
3.400000 -0.001181
3.500000 -0.000967
3.600000 -0.000792
3.700000 -0.000648
3.800000 -0.000531
3.900000 -0.000435
4.000000 -0.000356
4.100000 -0.000291
4.200000 -0.000239
4.300000 -0.000195
4.400000 -0.000160
4.500000 -0.000131
4.600000 -0.000107
4.700000 -0.000088
4.800000 -0.000072
4.900000 -0.000059
5.000000 -0.000048
5.100000 -0.000039
5.200000 -0.000032
5.300000 -0.000026
5.400000 -0.000022
5.500000 -0.000018
5.600000 -0.000015
5.700000 -0.000012
5.800000 -0.000010
5.900000 -0.000008
6.000000 -0.000007
6.100000 -0.000005
6.200000 -0.000004
6.300000 -0.000004
6.400000 -0.000003
6.500000 -0.000002
6.600000 -0.000002
6.700000 -0.000002
6.800000 -0.000001
6.900000 -0.000001
7.000000 -0.000001
7.100000 -0.000001
7.200000 -0.000001
7.300000 -0.000000
7.400000 -0.000000
7.500000 -0.000000
7.600000 -0.000000
7.700000 -0.000000
7.800000 -0.000000
7.900000 -0.000000
8.000000 -0.000000
8.100000 -0.000000
8.200000 -0.000000
8.300000 -0.000000
8.400000 -0.000000
8.500000 -0.000000
8.600000 -0.000000
8.700000 -0.000000
8.800000 -0.000000
8.900000 -0.000000
9.000000 -0.000000
9.100000 -0.000000
9.200000 -0.000000
9.300000 -0.000000
9.400000 -0.000000
9.500000 -0.000000
9.600000 -0.000000
9.700000 -0.000000
9.800000 -0.000000
9.900000 -0.000000
10.000000 -0.000000
10.100000 -0.000000
10.200000 -0.000000
10.300000 -0.000000
10.400000 -0.000000
10.500000 -0.000000
10.600000 -0.000000
10.700000 -0.000000
10.800000 -0.000000
10.900000 -0.000000
11.000000 -0.000000
11.100000 -0.000000
11.200000 -0.000000
11.300000 -0.000000
11.400000 -0.000000
11.500000 -0.000000
11.600000 -0.000000
11.700000 -0.000000
11.800000 -0.000000
11.900000 -0.000000
12.000000 -0.000000
12.100000 -0.000000
12.200000 -0.000000
12.300000 -0.000000
12.400000 -0.000000
12.500000 -0.000000
12.600000 -0.000000
12.700000 -0.000000
12.800000 -0.000000
12.900000 -0.000000
13.000000 -0.000000
13.100000 -0.000000
13.200000 -0.000000
13.300000 -0.000000
13.400000 -0.000000
13.500000 -0.000000
13.600000 -0.000000
13.700000 -0.000000
13.800000 -0.000000
13.900000 -0.000000
14.000000 -0.000000
14.100000 -0.000000
14.200000 -0.000000
14.300000 -0.000000
14.400000 -0.000000
14.500000 -0.000000
14.600000 -0.000000
14.700000 -0.000000
14.800000 -0.000000
14.900000 -0.000000
15.000000 -0.000000
15.100000 -0.000000
15.200000 -0.000000
15.300000 -0.000000
15.400000 -0.000000
15.500000 -0.000000
15.600000 -0.000000
15.700000 -0.000000
15.800000 -0.000000
15.900000 -0.000000
16.000000 -0.000000
16.100000 -0.000000
16.200000 -0.000000
16.300000 -0.000000
16.400000 -0.000000
16.500000 -0.000000
16.600000 -0.000000
16.700000 -0.000000
16.800000 -0.000000
16.900000 -0.000000
17.000000 -0.000000
17.100000 -0.000000
17.200000 -0.000000
17.300000 -0.000000
17.400000 -0.000000
17.500000 -0.000000
17.600000 -0.000000
17.700000 -0.000000
17.800000 -0.000000
17.900000 -0.000000
18.000000 -0.000000
18.100000 -0.000000
18.200000 -0.000000
18.300000 -0.000000
18.400000 -0.000000
18.500000 -0.000000
18.600000 -0.000000
18.700000 -0.000000
18.800000 -0.000000
18.900000 -0.000000
19.000000 -0.000000
19.100000 -0.000000
19.200000 -0.000000
19.300000 -0.000000
19.400000 -0.000000
19.500000 -0.000000
19.600000 -0.000000
19.700000 -0.000000
19.800000 -0.000000
19.900000 -0.000000
20.000000 -0.000000
20.100000 -0.000000
20.200000 -0.000000
20.300000 -0.000000
20.400000 -0.000000
20.500000 -0.000000
20.600000 -0.000000
20.700000 -0.000000
20.800000 -0.000000
20.900000 -0.000000
21.000000 -0.000000
21.100000 -0.000000
21.200000 -0.000000
21.300000 -0.000000
21.400000 -0.000000
21.500000 -0.000000
21.600000 -0.000000
21.700000 -0.000000
21.800000 -0.000000
21.900000 -0.000000
22.000000 -0.000000
22.100000 -0.000000
22.200000 -0.000000
22.300000 -0.000000
22.400000 -0.000000
22.500000 -0.000000
22.600000 -0.000000
22.700000 -0.000000
22.800000 -0.000000
22.900000 -0.000000
23.000000 -0.000000
23.100000 -0.000000
23.200000 -0.000000
23.300000 -0.000000
23.400000 -0.000000
23.500000 -0.000000
23.600000 -0.000000
23.700000 -0.000000
23.800000 -0.000000
23.900000 -0.000000
24.000000 -0.000000
24.100000 -0.000000
24.200000 -0.000000
24.300000 -0.000000
24.400000 -0.000000
24.500000 -0.000000
24.600000 -0.000000
24.700000 -0.000000
24.800000 -0.000000
24.900000 -0.000000
25.000000 -0.000000
25.100000 -0.000000
25.200000 -0.000000
25.300000 -0.000000
25.400000 -0.000000
25.500000 -0.000000
25.600000 -0.000000
25.700000 -0.000000
25.800000 -0.000000
25.900000 -0.000000
26.000000 -0.000000
26.100000 -0.000000
26.200000 -0.000000
26.300000 -0.000000
26.400000 -0.000000
26.500000 -0.000000
26.600000 -0.000000
26.700000 -0.000000
26.800000 -0.000000
26.900000 -0.000000
27.000000 -0.000000
27.100000 -0.000000
27.200000 -0.000000
27.300000 -0.000000
27.400000 -0.000000
27.500000 -0.000000
27.600000 -0.000000
27.700000 -0.000000
27.800000 -0.000000
27.900000 -0.000000
28.000000 -0.000000
28.100000 -0.000000
28.200000 -0.000000
28.300000 -0.000000
28.400000 -0.000000
28.500000 -0.000000
28.600000 -0.000000
28.700000 -0.000000
28.800000 -0.000000
28.900000 -0.000000
29.000000 -0.000000
29.100000 -0.000000
29.200000 -0.000000
29.300000 -0.000000
29.400000 -0.000000
29.500000 -0.000000
29.600000 -0.000000
29.700000 -0.000000
29.800000 -0.000000
29.900000 -0.000000
