-30.000000 -0.000624
-29.950000 -0.000496
-29.900000 -0.000991
-29.850000 -0.000736
-29.800000 -0.001106
-29.750000 -0.000731
-29.700000 -0.000991
-29.650000 -0.000518
-29.600000 -0.000694
-29.550000 -0.000155
-29.500000 -0.000285
-29.450000 0.000276
-29.400000 0.000148
-29.350000 0.000688
-29.300000 0.000517
-29.250000 0.000996
-29.200000 0.000748
-29.150000 0.001137
-29.100000 0.000794
-29.050000 0.001084
-29.000000 0.000643
-28.950000 0.000843
-28.900000 0.000325
-28.850000 0.000461
-28.800000 -0.000101
-28.750000 0.000012
-28.700000 -0.000551
-28.650000 -0.000418
-28.600000 -0.000938
-28.550000 -0.000744
-28.500000 -0.001186
-28.450000 -0.000901
-28.400000 -0.001243
-28.350000 -0.000855
-28.300000 -0.001094
-28.250000 -0.000610
-28.200000 -0.000764
-28.150000 -0.000210
-28.100000 -0.000312
-28.050000 0.000272
-28.000000 0.000179
-27.950000 0.000746
-27.900000 0.000613
-27.850000 0.001120
-27.800000 0.000910
-27.750000 0.001322
-27.700000 0.001008
-27.650000 0.001311
-27.600000 0.000888
-27.550000 0.001085
-27.500000 0.000567
-27.450000 0.000682
-27.400000 0.000102
-27.350000 0.000175
-27.300000 -0.000424
-27.250000 -0.000346
-27.200000 -0.000914
-27.150000 -0.000784
-27.100000 -0.001278
-27.050000 -0.001057
-27.000000 -0.001445
-26.950000 -0.001111
-26.900000 -0.001382
-26.850000 -0.000933
-26.800000 -0.001095
-26.750000 -0.000550
-26.700000 -0.000631
-26.650000 -0.000027
-26.600000 -0.000072
-26.550000 0.000542
-26.500000 0.000483
-26.450000 0.001056
-26.400000 0.000934
-26.350000 0.001422
-26.300000 0.001198
-26.250000 0.001570
-26.200000 0.001225
-26.150000 0.001472
-26.100000 0.001006
-26.050000 0.001139
-26.000000 0.000575
-25.950000 0.000627
-25.900000 0.000004
-25.850000 0.000021
-25.800000 -0.000610
-25.750000 -0.000576
-25.700000 -0.001161
-25.650000 -0.001057
-25.600000 -0.001550
-25.550000 -0.001338
-25.500000 -0.001708
-25.450000 -0.001365
-25.400000 -0.001600
-25.350000 -0.001128
-25.300000 -0.001242
-25.250000 -0.000664
-25.200000 -0.000689
-25.150000 -0.000048
-25.100000 -0.000034
-25.050000 0.000618
-25.000000 0.000616
-24.950000 0.001222
-24.900000 0.001149
-24.850000 0.001659
-24.800000 0.001473
-24.750000 0.001855
-24.700000 0.001532
-24.650000 0.001771
-24.600000 0.001309
-24.550000 0.001416
-24.500000 0.000836
-24.450000 0.000842
-24.400000 0.000187
-24.350000 0.000141
-24.300000 -0.000535
-24.250000 -0.000574
-24.200000 -0.001213
-24.150000 -0.001188
-24.100000 -0.001734
-24.050000 -0.001595
-24.000000 -0.002009
-23.950000 -0.001726
-23.900000 -0.001988
-23.850000 -0.001555
-23.800000 -0.001670
-23.750000 -0.001103
-23.700000 -0.001100
-23.650000 -0.000439
-23.600000 -0.000365
-23.550000 0.000336
-23.500000 0.000422
-23.450000 0.001101
-23.400000 0.001136
-23.350000 0.001734
-23.300000 0.001663
-23.250000 0.002133
-23.200000 0.001918
-23.150000 0.002230
-23.100000 0.001854
-23.050000 0.002004
-23.000000 0.001475
-22.950000 0.001482
-22.900000 0.000832
-22.850000 0.000740
-22.800000 0.000021
-22.750000 -0.000111
-22.700000 -0.000836
-22.650000 -0.000943
-22.600000 -0.001609
-22.550000 -0.001628
-22.500000 -0.002176
-22.450000 -0.002058
-22.400000 -0.002449
-22.350000 -0.002164
-22.300000 -0.002380
-22.250000 -0.001923
-22.200000 -0.001973
-22.150000 -0.001365
-22.100000 -0.001282
-22.050000 -0.000567
-22.000000 -0.000404
-21.950000 0.000357
-21.900000 0.000535
-21.850000 0.001273
-21.800000 0.001398
-21.750000 0.002047
-21.700000 0.002055
-21.650000 0.002560
-21.600000 0.002405
-21.550000 0.002732
-21.500000 0.002392
-21.450000 0.002530
-21.400000 0.002010
-21.350000 0.001977
-21.300000 0.001307
-21.250000 0.001146
-21.200000 0.000379
-21.150000 0.000150
-21.100000 -0.000647
-21.050000 -0.000872
-21.000000 -0.001627
-20.950000 -0.001776
-20.900000 -0.002421
-20.850000 -0.002433
-20.800000 -0.002913
-20.750000 -0.002745
-20.700000 -0.003029
-20.650000 -0.002662
-20.600000 -0.002744
-20.550000 -0.002185
-20.500000 -0.002089
-20.450000 -0.001374
-20.400000 -0.001146
-20.350000 -0.000333
-20.300000 -0.000039
-20.250000 0.000800
-20.200000 0.001083
-20.150000 0.001870
-20.100000 0.002068
-20.050000 0.002732
-20.000000 0.002778
-19.950000 0.003264
-19.900000 0.003115
-19.850000 0.003389
-19.800000 0.003025
-19.750000 0.003082
-19.700000 0.002512
-19.650000 0.002376
-19.600000 0.001636
-19.550000 0.001354
-19.500000 0.000503
-19.450000 0.000144
-19.400000 -0.000743
-19.350000 -0.001101
-19.300000 -0.001944
-19.250000 -0.002220
-19.200000 -0.002940
-19.150000 -0.003063
-19.100000 -0.003598
-19.050000 -0.003516
-19.000000 -0.003827
-18.950000 -0.003513
-18.900000 -0.003587
-18.850000 -0.003045
-18.800000 -0.002900
-18.750000 -0.002162
-18.700000 -0.001845
-18.650000 -0.000968
-18.600000 -0.000546
-18.550000 0.000394
-18.500000 0.000840
-18.450000 0.001758
-18.400000 0.002143
-18.350000 0.002957
-18.300000 0.003202
-18.250000 0.003839
-18.200000 0.003882
-18.150000 0.004290
-18.100000 0.004091
-18.050000 0.004245
-18.000000 0.003793
-17.950000 0.003698
-17.900000 0.003013
-17.850000 0.002703
-17.800000 0.001834
-17.750000 0.001372
-17.700000 0.000390
-17.650000 -0.000145
-17.600000 -0.001153
-17.550000 -0.001672
-17.500000 -0.002615
-17.450000 -0.003029
-17.400000 -0.003823
-17.350000 -0.004055
-17.300000 -0.004632
-17.250000 -0.004625
-17.200000 -0.004940
-17.150000 -0.004662
-17.100000 -0.004700
-17.050000 -0.004151
-17.000000 -0.003927
-16.950000 -0.003138
-16.900000 -0.002697
-16.850000 -0.001727
-16.800000 -0.001139
-16.750000 -0.000067
-16.700000 0.000579
-16.650000 0.001658
-16.600000 0.002267
-16.550000 0.003259
-16.500000 0.003737
-16.450000 0.004554
-16.400000 0.004823
-16.350000 0.005396
-16.300000 0.005399
-16.250000 0.005683
-16.200000 0.005391
-16.150000 0.005374
-16.100000 0.004788
-16.050000 0.004489
-16.000000 0.003643
-15.950000 0.003108
-15.900000 0.002065
-15.850000 0.001368
-15.800000 0.000210
-15.750000 -0.000558
-15.700000 -0.001733
-15.650000 -0.002470
-15.600000 -0.003562
-15.550000 -0.004169
-15.500000 -0.005082
-15.450000 -0.005473
-15.400000 -0.006130
-15.350000 -0.006238
-15.300000 -0.006586
-15.250000 -0.006374
-15.200000 -0.006392
-15.150000 -0.005855
-15.100000 -0.005555
-15.050000 -0.004719
-15.000000 -0.004144
-14.950000 -0.003068
-14.900000 -0.002288
-14.850000 -0.001055
-14.800000 -0.000160
-14.750000 0.001132
-14.700000 0.002036
-14.650000 0.003282
-14.600000 0.004090
-14.550000 0.005186
-14.500000 0.005799
-14.450000 0.006653
-14.400000 0.006991
-14.350000 0.007534
-14.300000 0.007539
-14.250000 0.007730
-14.200000 0.007378
-14.150000 0.007209
-14.100000 0.006508
-14.050000 0.006003
-14.000000 0.004995
-13.950000 0.004211
-13.900000 0.002965
-13.850000 0.001983
-13.800000 0.000592
-13.750000 -0.000485
-13.700000 -0.001915
-13.650000 -0.002978
-13.600000 -0.004333
-13.550000 -0.005270
-13.500000 -0.006444
-13.450000 -0.007153
-13.400000 -0.008050
-13.350000 -0.008448
-13.300000 -0.008998
-13.250000 -0.009026
-13.200000 -0.009187
-13.150000 -0.008821
-13.100000 -0.008583
-13.050000 -0.007831
-13.000000 -0.007221
-12.950000 -0.006127
-12.900000 -0.005204
-12.850000 -0.003839
-12.800000 -0.002687
-12.750000 -0.001148
-12.700000 0.000126
-12.650000 0.001727
-12.600000 0.003009
-12.550000 0.004555
-12.500000 0.005726
-12.450000 0.007102
-12.400000 0.008052
-12.350000 0.009154
-12.300000 0.009790
-12.250000 0.010535
-12.200000 0.010785
-12.150000 0.011117
-12.100000 0.010941
-12.050000 0.010835
-12.000000 0.010226
-11.950000 0.009692
-11.900000 0.008676
-11.850000 0.007757
-11.800000 0.006393
-11.750000 0.005162
-11.700000 0.003535
-11.650000 0.002090
-11.600000 0.000309
-11.550000 -0.001236
-11.500000 -0.003052
-11.450000 -0.004573
-11.400000 -0.006299
-11.350000 -0.007673
-11.300000 -0.009190
-11.250000 -0.010301
-11.200000 -0.011501
-11.150000 -0.012252
-11.100000 -0.013048
-11.050000 -0.013367
-11.000000 -0.013701
-10.950000 -0.013544
-10.900000 -0.013389
-10.850000 -0.012748
-10.800000 -0.012114
-10.750000 -0.011014
-10.700000 -0.009944
-10.650000 -0.008444
-10.600000 -0.007011
-10.550000 -0.005199
-10.500000 -0.003501
-10.450000 -0.001486
-10.400000 0.000360
-10.350000 0.002456
-10.300000 0.004322
-10.250000 0.006370
-10.200000 0.008127
-10.150000 0.009999
-10.100000 0.011522
-10.050000 0.013100
-10.000000 0.014279
-9.950000 0.015461
-9.900000 0.016207
-9.850000 0.016915
-9.800000 0.017163
-9.750000 0.017349
-9.700000 0.017066
-9.650000 0.016713
-9.600000 0.015897
-9.550000 0.015020
-9.500000 0.013703
-9.450000 0.012349
-9.400000 0.010593
-9.350000 0.008837
-9.300000 0.006730
-9.250000 0.004670
-9.200000 0.002321
-9.150000 0.000076
-9.100000 -0.002392
-9.050000 -0.004692
-9.000000 -0.007143
-8.950000 -0.009362
-8.900000 -0.011661
-8.850000 -0.013666
-8.800000 -0.015683
-8.750000 -0.017349
-8.700000 -0.018968
-8.650000 -0.020189
-8.600000 -0.021314
-8.550000 -0.022008
-8.500000 -0.022570
-8.450000 -0.022681
-8.400000 -0.022642
-8.350000 -0.022149
-8.300000 -0.021501
-8.250000 -0.020411
-8.200000 -0.019180
-8.150000 -0.017533
-8.100000 -0.015772
-8.050000 -0.013637
-8.000000 -0.011427
-7.950000 -0.008896
-7.900000 -0.006340
-7.850000 -0.003527
-7.800000 -0.000747
-7.750000 0.002221
-7.700000 0.005092
-7.650000 0.008079
-7.600000 0.010904
-7.550000 0.013773
-7.500000 0.016416
-7.450000 0.019036
-7.400000 0.021372
-7.350000 0.023622
-7.300000 0.025539
-7.250000 0.027317
-7.200000 0.028720
-7.150000 0.029942
-7.100000 0.030759
-7.050000 0.031363
-7.000000 0.031545
-6.950000 0.031493
-6.900000 0.031015
-6.850000 0.030295
-6.800000 0.029156
-6.750000 0.027783
-6.700000 0.026010
-6.650000 0.024021
-6.600000 0.021666
-6.550000 0.019126
-6.500000 0.016264
-6.450000 0.013258
-6.400000 0.009982
-6.350000 0.006613
-6.300000 0.003036
-6.250000 -0.000579
-6.200000 -0.004335
-6.150000 -0.008069
-6.100000 -0.011875
-6.050000 -0.015594
-6.000000 -0.019315
-5.950000 -0.022888
-5.900000 -0.026391
-5.850000 -0.029684
-5.800000 -0.032841
-5.750000 -0.035732
-5.700000 -0.038425
-5.650000 -0.040802
-5.600000 -0.042928
-5.550000 -0.044697
-5.500000 -0.046172
-5.450000 -0.047259
-5.400000 -0.048020
-5.350000 -0.048375
-5.300000 -0.048384
-5.250000 -0.047981
-5.200000 -0.047223
-5.150000 -0.046059
-5.100000 -0.044545
-5.050000 -0.042640
-5.000000 -0.040399
-4.950000 -0.037794
-4.900000 -0.034877
-4.850000 -0.031634
-4.800000 -0.028110
-4.750000 -0.024304
-4.700000 -0.020257
-4.650000 -0.015979
-4.600000 -0.011505
-4.550000 -0.006854
-4.500000 -0.002057
-4.450000 0.002860
-4.400000 0.007875
-4.350000 0.012952
-4.300000 0.018077
-4.250000 0.023210
-4.200000 0.028344
-4.150000 0.033434
-4.100000 0.038481
-4.050000 0.043435
-4.000000 0.048306
-3.950000 0.053039
-3.900000 0.057654
-3.850000 0.062090
-3.800000 0.066377
-3.750000 0.070447
-3.700000 0.074342
-3.650000 0.077990
-3.600000 0.081440
-3.550000 0.084616
-3.500000 0.087579
-3.450000 0.090244
-3.400000 0.092684
-3.350000 0.094808
-3.300000 0.096697
-3.250000 0.098256
-3.200000 0.099574
-3.150000 0.100547
-3.100000 0.101274
-3.050000 0.101645
-3.000000 0.101764
-2.950000 0.101514
-2.900000 0.101008
-2.850000 0.100120
-2.800000 0.098970
-2.750000 0.097426
-2.700000 0.095612
-2.650000 0.093389
-2.600000 0.090887
-2.550000 0.087958
-2.500000 0.084739
-2.450000 0.081069
-2.400000 0.077093
-2.350000 0.072639
-2.300000 0.067855
-2.250000 0.062560
-2.200000 0.056905
-2.150000 0.050698
-2.100000 0.044093
-2.050000 0.036887
-2.000000 0.029238
-1.950000 0.020930
-1.900000 0.012125
-1.850000 0.002596
-1.800000 -0.007494
-1.750000 -0.018384
-1.700000 -0.029907
-1.650000 -0.042316
-1.600000 -0.055439
-1.550000 -0.069543
-1.500000 -0.084454
-1.450000 -0.100448
-1.400000 -0.117348
-1.350000 -0.135441
-1.300000 -0.154545
-1.250000 -0.174952
-1.200000 -0.196474
-1.150000 -0.219407
-1.100000 -0.243550
-1.050000 -0.269203
-1.000000 -0.296145
-0.950000 -0.324673
-0.900000 -0.354545
-0.850000 -0.386047
-0.800000 -0.418907
-0.750000 -0.453392
-0.700000 -0.489196
-0.650000 -0.526559
-0.600000 -0.565128
-0.550000 -0.605107
-0.500000 -0.646090
-0.450000 -0.688237
-0.400000 -0.731079
-0.350000 -0.774726
-0.300000 -0.818644
-0.250000 -0.862891
-0.200000 -0.906866
-0.150000 -0.950579
-0.100000 -0.993369
-0.050000 -1.035211
0.000000 -1.075401
0.050000 -1.113893
0.100000 -1.149964
0.150000 -1.183577
0.200000 -1.214017
0.250000 -1.241286
0.300000 -1.264710
0.350000 -1.284364
0.400000 -1.299647
0.450000 -1.310734
0.500000 -1.317123
0.550000 -1.319111
0.600000 -1.316309
0.650000 -1.309144
0.700000 -1.297342
0.750000 -1.281457
0.800000 -1.261319
0.850000 -1.237587
0.900000 -1.210170
0.950000 -1.179808
1.000000 -1.146460
1.050000 -1.110911
1.100000 -1.073136
1.150000 -1.033933
1.200000 -0.993263
1.250000 -0.951911
1.300000 -0.909796
1.350000 -0.867670
1.400000 -0.825397
1.450000 -0.783680
1.500000 -0.742318
1.550000 -0.701964
1.600000 -0.662351
1.650000 -0.624079
1.700000 -0.586819
1.750000 -0.551127
1.800000 -0.516617
1.850000 -0.483805
1.900000 -0.452259
1.950000 -0.422466
2.000000 -0.393952
2.050000 -0.367184
2.100000 -0.341658
2.150000 -0.317825
2.200000 -0.295158
2.250000 -0.274104
2.300000 -0.254116
2.350000 -0.235640
2.400000 -0.218118
2.450000 -0.201999
2.500000 -0.186718
2.550000 -0.172727
2.600000 -0.159458
2.650000 -0.147371
2.700000 -0.135893
2.750000 -0.125496
2.800000 -0.115601
2.850000 -0.106691
2.900000 -0.098184
2.950000 -0.090575
3.000000 -0.083280
3.050000 -0.076803
3.100000 -0.070557
3.150000 -0.065060
3.200000 -0.059723
3.250000 -0.055073
3.300000 -0.050520
3.350000 -0.046603
3.400000 -0.042728
3.450000 -0.039446
3.500000 -0.036161
3.550000 -0.033434
3.600000 -0.030665
3.650000 -0.028425
3.700000 -0.026112
3.750000 -0.024306
3.800000 -0.022403
3.850000 -0.020992
3.900000 -0.019466
3.950000 -0.018426
4.000000 -0.017263
4.050000 -0.016590
4.100000 -0.015797
4.150000 -0.015510
4.200000 -0.015123
4.250000 -0.015275
4.300000 -0.015362
4.350000 -0.016045
4.400000 -0.016724
4.450000 -0.018082
4.500000 -0.019532
4.550000 -0.021783
4.600000 -0.024269
4.650000 -0.027735
4.700000 -0.031644
4.750000 -0.036790
4.800000 -0.042680
4.850000 -0.050177
4.900000 -0.058853
4.950000 -0.069660
5.000000 -0.082268
5.050000 -0.097752
5.100000 -0.115915
5.150000 -0.138003
5.200000 -0.164002
5.250000 -0.195388
5.300000 -0.232395
5.350000 -0.276801
5.400000 -0.329167
5.450000 -0.391651
5.500000 -0.465224
5.550000 -0.552499
5.600000 -0.654913
5.650000 -0.775561
5.700000 -0.916327
5.750000 -1.080695
5.800000 -1.270795
5.850000 -1.490151
5.900000 -1.740593
5.950000 -2.024900
6.000000 -2.343527
6.050000 -2.697110
6.100000 -3.083025
6.150000 -3.497824
6.200000 -3.933777
6.250000 -4.381511
6.300000 -4.826918
6.350000 -5.254479
6.400000 -5.645016
6.450000 -5.980056
6.500000 -6.240514
6.550000 -6.411735
6.600000 -6.482267
6.650000 -6.448341
6.700000 -6.311380
6.750000 -6.080815
6.800000 -5.769817
6.850000 -5.396700
6.900000 -4.979804
6.950000 -4.538800
7.000000 -4.090036
7.050000 -3.648747
7.100000 -3.225395
7.150000 -2.828837
7.200000 -2.463392
7.250000 -2.132500
7.300000 -1.836020
7.350000 -1.573975
7.400000 -1.343763
7.450000 -1.143788
7.500000 -0.970489
7.550000 -0.821839
7.600000 -0.694205
7.650000 -0.585750
7.700000 -0.493179
7.750000 -0.415091
7.800000 -0.348662
7.850000 -0.292970
7.900000 -0.245644
7.950000 -0.206197
8.000000 -0.172640
8.050000 -0.144841
8.100000 -0.121116
8.150000 -0.101605
8.200000 -0.084853
8.250000 -0.071208
8.300000 -0.059382
8.350000 -0.049876
8.400000 -0.041520
8.450000 -0.034926
8.500000 -0.029010
8.550000 -0.024463
8.600000 -0.020259
8.650000 -0.017148
8.700000 -0.014142
8.750000 -0.012035
8.800000 -0.009866
8.850000 -0.008459
8.900000 -0.006873
8.950000 -0.005955
9.000000 -0.004774
9.050000 -0.004196
9.100000 -0.003298
9.150000 -0.002960
9.200000 -0.002262
9.250000 -0.002094
9.300000 -0.001538
9.350000 -0.001492
9.400000 -0.001036
9.450000 -0.001078
9.500000 -0.000693
9.550000 -0.000796
9.600000 -0.000459
9.650000 -0.000603
9.700000 -0.000297
9.750000 -0.000467
9.800000 -0.000180
9.850000 -0.000366
9.900000 -0.000090
9.950000 -0.000288
10.000000 -0.000020
10.050000 -0.000227
10.100000 0.000033
10.150000 -0.000184
10.200000 0.000069
10.250000 -0.000158
10.300000 0.000087
10.350000 -0.000148
10.400000 0.000092
10.450000 -0.000149
10.500000 0.000090
10.550000 -0.000153
10.600000 0.000088
10.650000 -0.000153
10.700000 0.000092
10.750000 -0.000146
10.800000 0.000104
10.850000 -0.000133
10.900000 0.000119
10.950000 -0.000119
11.000000 0.000133
11.050000 -0.000109
11.100000 0.000140
11.150000 -0.000108
11.200000 0.000137
11.250000 -0.000116
11.300000 0.000127
11.350000 -0.000129
11.400000 0.000114
11.450000 -0.000141
11.500000 0.000106
11.550000 -0.000146
11.600000 0.000107
11.650000 -0.000141
11.700000 0.000116
11.750000 -0.000130
11.800000 0.000131
11.850000 -0.000116
11.900000 0.000143
11.950000 -0.000108
12.000000 0.000148
12.050000 -0.000109
12.100000 0.000143
12.150000 -0.000119
12.200000 0.000131
12.250000 -0.000134
12.300000 0.000117
12.350000 -0.000146
12.400000 0.000109
12.450000 -0.000151
12.500000 0.000110
12.550000 -0.000145
12.600000 0.000121
12.650000 -0.000133
12.700000 0.000136
12.750000 -0.000118
12.800000 0.000149
12.850000 -0.000110
12.900000 0.000154
12.950000 -0.000111
13.000000 0.000148
13.050000 -0.000122
13.100000 0.000134
13.150000 -0.000138
13.200000 0.000119
13.250000 -0.000152
13.300000 0.000111
13.350000 -0.000156
13.400000 0.000112
13.450000 -0.000150
13.500000 0.000124
13.550000 -0.000136
13.600000 0.000140
13.650000 -0.000121
13.700000 0.000154
13.750000 -0.000111
13.800000 0.000159
13.850000 -0.000113
13.900000 0.000153
13.950000 -0.000125
14.000000 0.000138
14.050000 -0.000142
14.100000 0.000122
14.150000 -0.000156
14.200000 0.000112
14.250000 -0.000162
14.300000 0.000113
14.350000 -0.000156
14.400000 0.000125
14.450000 -0.000141
14.500000 0.000143
14.550000 -0.000124
14.600000 0.000158
14.650000 -0.000113
14.700000 0.000164
14.750000 -0.000113
14.800000 0.000159
14.850000 -0.000125
14.900000 0.000143
14.950000 -0.000143
15.000000 0.000126
15.050000 -0.000159
15.100000 0.000114
15.150000 -0.000167
15.200000 0.000113
15.250000 -0.000162
15.300000 0.000124
15.350000 -0.000146
15.400000 0.000143
15.450000 -0.000128
15.500000 0.000160
15.550000 -0.000114
15.600000 0.000169
15.650000 -0.000113
15.700000 0.000165
15.750000 -0.000123
15.800000 0.000150
15.850000 -0.000142
15.900000 0.000130
15.950000 -0.000161
16.000000 0.000115
16.050000 -0.000171
16.100000 0.000112
16.150000 -0.000168
16.200000 0.000122
16.250000 -0.000153
16.300000 0.000141
16.350000 -0.000133
16.400000 0.000161
16.450000 -0.000117
16.500000 0.000173
16.550000 -0.000111
16.600000 0.000172
16.650000 -0.000120
16.700000 0.000157
16.750000 -0.000139
16.800000 0.000137
16.850000 -0.000160
16.900000 0.000118
16.950000 -0.000174
17.000000 0.000111
17.050000 -0.000175
17.100000 0.000117
17.150000 -0.000162
17.200000 0.000136
17.250000 -0.000141
17.300000 0.000158
17.350000 -0.000121
17.400000 0.000174
17.450000 -0.000110
17.500000 0.000178
17.550000 -0.000115
17.600000 0.000167
17.650000 -0.000132
17.700000 0.000145
17.750000 -0.000155
17.800000 0.000123
17.850000 -0.000174
17.900000 0.000110
17.950000 -0.000181
18.000000 0.000112
18.050000 -0.000172
18.100000 0.000128
18.150000 -0.000151
18.200000 0.000152
18.250000 -0.000127
18.300000 0.000173
18.350000 -0.000111
18.400000 0.000183
18.450000 -0.000109
18.500000 0.000177
18.550000 -0.000123
18.600000 0.000157
18.650000 -0.000147
18.700000 0.000132
18.750000 -0.000170
18.800000 0.000112
18.850000 -0.000184
18.900000 0.000107
18.950000 -0.000181
19.000000 0.000118
19.050000 -0.000163
19.100000 0.000141
19.150000 -0.000138
19.200000 0.000166
19.250000 -0.000115
19.300000 0.000184
19.350000 -0.000105
19.400000 0.000185
19.450000 -0.000112
19.500000 0.000170
19.550000 -0.000134
19.600000 0.000145
19.650000 -0.000161
19.700000 0.000119
19.750000 -0.000182
19.800000 0.000104
19.850000 -0.000189
19.900000 0.000107
19.950000 -0.000177
20.000000 0.000126
20.050000 -0.000153
20.100000 0.000154
20.150000 -0.000125
20.200000 0.000179
20.250000 -0.000105
20.300000 0.000191
20.350000 -0.000102
20.400000 0.000184
20.450000 -0.000117
20.500000 0.000161
20.550000 -0.000145
20.600000 0.000132
20.650000 -0.000173
20.700000 0.000108
20.750000 -0.000191
20.800000 0.000099
20.850000 -0.000190
20.900000 0.000109
20.950000 -0.000171
21.000000 0.000134
21.050000 -0.000141
21.100000 0.000165
21.150000 -0.000113
21.200000 0.000188
21.250000 -0.000097
21.300000 0.000194
21.350000 -0.000101
21.400000 0.000180
21.450000 -0.000123
21.500000 0.000152
21.550000 -0.000154
21.600000 0.000120
21.650000 -0.000183
21.700000 0.000098
21.750000 -0.000196
21.800000 0.000094
21.850000 -0.000189
21.900000 0.000111
21.950000 -0.000164
22.000000 0.000142
22.050000 -0.000130
22.100000 0.000174
22.150000 -0.000102
22.200000 0.000195
22.250000 -0.000090
22.300000 0.000196
22.350000 -0.000099
22.400000 0.000176
22.450000 -0.000127
22.500000 0.000143
22.550000 -0.000162
22.600000 0.000109
22.650000 -0.000190
22.700000 0.000089
22.750000 -0.000200
22.800000 0.000090
22.850000 -0.000188
22.900000 0.000112
22.950000 -0.000158
23.000000 0.000147
23.050000 -0.000121
23.100000 0.000181
23.150000 -0.000092
23.200000 0.000200
23.250000 -0.000083
23.300000 0.000198
23.350000 -0.000097
23.400000 0.000173
23.450000 -0.000129
23.500000 0.000136
23.550000 -0.000167
23.600000 0.000100
23.650000 -0.000196
23.700000 0.000080
23.750000 -0.000204
23.800000 0.000084
23.850000 -0.000188
23.900000 0.000110
23.950000 -0.000153
24.000000 0.000148
24.050000 -0.000113
24.100000 0.000185
24.150000 -0.000083
24.200000 0.000205
24.250000 -0.000074
24.300000 0.000200
24.350000 -0.000091
24.400000 0.000172
24.450000 -0.000127
24.500000 0.000131
24.550000 -0.000168
24.600000 0.000092
24.650000 -0.000199
24.700000 0.000071
24.750000 -0.000208
24.800000 0.000075
24.850000 -0.000190
24.900000 0.000103
24.950000 -0.000153
25.000000 0.000146
25.050000 -0.000109
25.100000 0.000186
25.150000 -0.000075
25.200000 0.000208
25.250000 -0.000064
25.300000 0.000205
25.350000 -0.000081
25.400000 0.000175
25.450000 -0.000119
25.500000 0.000131
25.550000 -0.000165
25.600000 0.000087
25.650000 -0.000200
25.700000 0.000062
25.750000 -0.000212
25.800000 0.000063
25.850000 -0.000196
25.900000 0.000092
25.950000 -0.000156
26.000000 0.000137
26.050000 -0.000108
26.100000 0.000183
26.150000 -0.000069
26.200000 0.000211
26.250000 -0.000053
26.300000 0.000211
26.350000 -0.000067
26.400000 0.000183
26.450000 -0.000106
26.500000 0.000136
26.550000 -0.000155
26.600000 0.000087
26.650000 -0.000198
26.700000 0.000053
26.750000 -0.000217
26.800000 0.000049
26.850000 -0.000205
26.900000 0.000074
26.950000 -0.000166
27.000000 0.000121
27.050000 -0.000114
27.100000 0.000173
27.150000 -0.000066
27.200000 0.000210
27.250000 -0.000042
27.300000 0.000219
27.350000 -0.000048
27.400000 0.000195
27.450000 -0.000085
27.500000 0.000148
27.550000 -0.000138
27.600000 0.000092
27.650000 -0.000189
27.700000 0.000049
27.750000 -0.000219
27.800000 0.000033
27.850000 -0.000217
27.900000 0.000051
27.950000 -0.000183
28.000000 0.000096
28.050000 -0.000128
28.100000 0.000154
28.150000 -0.000072
28.200000 0.000202
28.250000 -0.000033
28.300000 0.000225
28.350000 -0.000027
28.400000 0.000212
28.450000 -0.000056
28.500000 0.000169
28.550000 -0.000109
28.600000 0.000108
28.650000 -0.000169
28.700000 0.000053
28.750000 -0.000214
28.800000 0.000021
28.850000 -0.000228
28.900000 0.000024
28.950000 -0.000205
29.000000 0.000062
29.050000 -0.000153
29.100000 0.000122
29.150000 -0.000089
29.200000 0.000182
29.250000 -0.000035
29.300000 0.000223
29.350000 -0.000009
29.400000 0.000229
29.450000 -0.000022
29.500000 0.000197
29.550000 -0.000068
29.600000 0.000138
29.650000 -0.000134
29.700000 0.000071
29.750000 -0.000195
29.800000 0.000019
29.850000 -0.000231
29.900000 -0.000000
29.950000 -0.000229
30.000000 0.000021
30.050000 -0.000188
30.100000 0.000075
30.150000 -0.000122
30.200000 0.000144
30.250000 -0.000053
30.300000 0.000205
30.350000 -0.000004
30.400000 0.000237
30.450000 0.000009
30.500000 0.000228
30.550000 -0.000019
30.600000 0.000180
30.650000 -0.000080
30.700000 0.000108
30.750000 -0.000154
30.800000 0.000037
30.850000 -0.000215
30.900000 -0.000011
30.950000 -0.000242
31.000000 -0.000018
31.050000 -0.000226
31.100000 0.000017
31.150000 -0.000172
31.200000 0.000085
31.250000 -0.000095
31.300000 0.000162
31.350000 -0.000022
31.400000 0.000223
31.450000 0.000024
31.500000 0.000247
31.550000 0.000027
31.600000 0.000226
31.650000 -0.000014
31.700000 0.000165
31.750000 -0.000087
31.800000 0.000084
31.850000 -0.000167
31.900000 0.000008
31.950000 -0.000229
32.000000 -0.000037
32.050000 -0.000252
32.100000 -0.000037
32.150000 -0.000227
32.200000 0.000009
32.250000 -0.000161
32.300000 0.000086
32.350000 -0.000075
32.400000 0.000171
32.450000 0.000004
32.500000 0.000235
32.550000 0.000050
32.600000 0.000257
32.650000 0.000049
32.700000 0.000229
32.750000 -0.000001
32.800000 0.000159
32.850000 -0.000083
32.900000 0.000069
32.950000 -0.000172
33.000000 -0.000014
33.050000 -0.000239
33.100000 -0.000063
33.150000 -0.000263
33.200000 -0.000062
33.250000 -0.000234
33.300000 -0.000010
33.350000 -0.000161
33.400000 0.000076
33.450000 -0.000066
33.500000 0.000170
33.550000 0.000022
33.600000 0.000242
33.650000 0.000076
33.700000 0.000269
33.750000 0.000077
33.800000 0.000241
33.850000 0.000025
33.900000 0.000166
33.950000 -0.000065
34.000000 0.000067
34.050000 -0.000164
34.100000 -0.000028
34.150000 -0.000243
34.200000 -0.000087
34.250000 -0.000276
34.300000 -0.000094
34.350000 -0.000252
34.400000 -0.000044
34.450000 -0.000177
34.500000 0.000048
34.550000 -0.000072
34.600000 0.000154
34.650000 0.000030
34.700000 0.000241
34.750000 0.000098
34.800000 0.000283
34.850000 0.000112
34.900000 0.000265
34.950000 0.000066
35.000000 0.000191
35.050000 -0.000026
35.100000 0.000084
35.150000 -0.000138
35.200000 -0.000026
35.250000 -0.000235
35.300000 -0.000106
35.350000 -0.000288
35.400000 -0.000131
35.450000 -0.000279
35.500000 -0.000093
35.550000 -0.000211
35.600000 -0.000002
35.650000 -0.000102
35.700000 0.000114
35.750000 0.000017
35.800000 0.000223
35.850000 0.000110
35.900000 0.000290
35.950000 0.000149
36.000000 0.000296
36.050000 0.000123
36.100000 0.000236
36.150000 0.000037
36.200000 0.000127
36.250000 -0.000083
36.300000 0.000001
36.350000 -0.000203
36.400000 -0.000107
36.450000 -0.000288
36.500000 -0.000165
36.550000 -0.000311
36.600000 -0.000154
36.650000 -0.000264
36.700000 -0.000078
36.750000 -0.000161
36.800000 0.000043
36.850000 -0.000028
36.900000 0.000174
36.950000 0.000095
37.000000 0.000277
37.050000 0.000174
37.100000 0.000323
37.150000 0.000185
37.200000 0.000295
37.250000 0.000125
37.300000 0.000202
37.350000 0.000008
37.400000 0.000067
37.450000 -0.000132
37.500000 -0.000071
37.550000 -0.000256
37.600000 -0.000174
37.650000 -0.000327
37.700000 -0.000212
37.750000 -0.000325
37.800000 -0.000173
37.850000 -0.000248
37.900000 -0.000067
37.950000 -0.000117
38.000000 0.000077
38.050000 0.000033
38.100000 0.000219
38.150000 0.000160
38.200000 0.000320
38.250000 0.000230
38.300000 0.000349
38.350000 0.000220
38.400000 0.000298
38.450000 0.000134
38.500000 0.000179
38.550000 -0.000007
38.600000 0.000022
38.650000 -0.000164
38.700000 -0.000128
38.750000 -0.000295
38.800000 -0.000232
38.850000 -0.000362
38.900000 -0.000260
38.950000 -0.000345
39.000000 -0.000203
39.050000 -0.000247
39.100000 -0.000075
39.150000 -0.000094
39.200000 0.000089
39.250000 0.000074
39.300000 0.000247
39.350000 0.000213
39.400000 0.000354
39.450000 0.000284
39.500000 0.000381
39.550000 0.000268
39.600000 0.000318
39.650000 0.000167
39.700000 0.000182
39.750000 0.000006
39.800000 0.000005
39.850000 -0.000171
39.900000 -0.000165
39.950000 -0.000319
40.000000 -0.000283
40.050000 -0.000396
40.100000 -0.000318
40.150000 -0.000381
40.200000 -0.000258
40.250000 -0.000276
40.300000 -0.000118
40.350000 -0.000107
40.400000 0.000067
40.450000 0.000084
40.500000 0.000248
40.550000 0.000247
40.600000 0.000378
40.650000 0.000339
40.700000 0.000423
40.750000 0.000336
40.800000 0.000368
40.850000 0.000236
40.900000 0.000225
40.950000 0.000063
41.000000 0.000030
41.050000 -0.000138
41.100000 -0.000168
41.150000 -0.000317
41.200000 -0.000320
41.250000 -0.000427
41.300000 -0.000384
41.350000 -0.000438
41.400000 -0.000344
41.450000 -0.000346
41.500000 -0.000208
41.550000 -0.000170
41.600000 -0.000008
41.650000 0.000044
41.700000 0.000205
41.750000 0.000246
41.800000 0.000378
41.850000 0.000383
41.900000 0.000467
41.950000 0.000420
42.000000 0.000447
42.050000 0.000347
42.100000 0.000321
42.150000 0.000180
42.200000 0.000118
42.250000 -0.000042
42.300000 -0.000113
42.350000 -0.000265
42.400000 -0.000316
42.450000 -0.000432
42.500000 -0.000440
42.550000 -0.000502
42.600000 -0.000454
42.650000 -0.000454
42.700000 -0.000351
42.750000 -0.000299
42.800000 -0.000156
42.850000 -0.000072
42.900000 0.000086
42.950000 0.000174
43.000000 0.000316
43.050000 0.000379
43.100000 0.000479
43.150000 0.000493
43.200000 0.000534
43.250000 0.000487
43.300000 0.000464
43.350000 0.000361
43.400000 0.000285
43.450000 0.000142
43.500000 0.000035
43.550000 -0.000119
43.600000 -0.000226
43.650000 -0.000362
43.700000 -0.000438
43.750000 -0.000527
43.800000 -0.000549
43.850000 -0.000574
43.900000 -0.000532
43.950000 -0.000489
44.000000 -0.000388
44.050000 -0.000289
44.100000 -0.000147
44.150000 -0.000017
44.200000 0.000137
44.250000 0.000267
44.300000 0.000402
44.350000 0.000501
44.400000 0.000590
44.450000 0.000637
44.500000 0.000663
44.550000 0.000650
44.600000 0.000615
44.650000 0.000549
44.700000 0.000468
44.750000 0.000372
44.800000 0.000273
44.850000 0.000180
44.900000 0.000096
44.950000 0.000039
