-30.000000 -0.001815
-29.950000 -0.001672
-29.900000 -0.003330
-29.850000 -0.003021
-29.800000 -0.004494
-29.750000 -0.003987
-29.700000 -0.005244
-29.650000 -0.004513
-29.600000 -0.005533
-29.550000 -0.004566
-29.500000 -0.005347
-29.450000 -0.004151
-29.400000 -0.004712
-29.350000 -0.003316
-29.300000 -0.003694
-29.250000 -0.002145
-29.200000 -0.002395
-29.150000 -0.000753
-29.100000 -0.000939
-29.050000 0.000729
-29.000000 0.000537
-28.950000 0.002161
-28.900000 0.001896
-28.850000 0.003411
-28.800000 0.003013
-28.750000 0.004363
-28.700000 0.003781
-28.650000 0.004925
-28.600000 0.004127
-28.550000 0.005041
-28.500000 0.004011
-28.450000 0.004691
-28.400000 0.003438
-28.350000 0.003902
-28.300000 0.002454
-28.250000 0.002743
-28.200000 0.001151
-28.150000 0.001322
-28.100000 -0.000347
-28.050000 -0.000219
-28.000000 -0.001889
-27.950000 -0.001725
-27.900000 -0.003316
-27.850000 -0.003038
-27.800000 -0.004476
-27.750000 -0.004019
-27.700000 -0.005246
-27.650000 -0.004562
-27.600000 -0.005544
-27.550000 -0.004610
-27.500000 -0.005337
-27.450000 -0.004157
-27.400000 -0.004646
-27.350000 -0.003251
-27.300000 -0.003543
-27.250000 -0.001981
-27.200000 -0.002135
-27.150000 -0.000472
-27.100000 -0.000556
-27.050000 0.001136
-27.000000 0.001048
-26.950000 0.002696
-26.900000 0.002532
-26.850000 0.004067
-26.800000 0.003763
-26.750000 0.005124
-26.700000 0.004626
-26.650000 0.005768
-26.600000 0.005038
-26.550000 0.005932
-26.500000 0.004951
-26.450000 0.005588
-26.400000 0.004358
-26.350000 0.004753
-26.300000 0.003302
-26.250000 0.003493
-26.200000 0.001870
-26.150000 0.001917
-26.100000 0.000189
-26.050000 0.000166
-26.000000 -0.001585
-25.950000 -0.001593
-25.900000 -0.003283
-25.850000 -0.003191
-25.800000 -0.004739
-25.750000 -0.004474
-25.700000 -0.005813
-25.650000 -0.005316
-25.600000 -0.006400
-25.550000 -0.005639
-25.500000 -0.006445
-25.450000 -0.005411
-25.400000 -0.005946
-25.350000 -0.004655
-25.300000 -0.004948
-25.250000 -0.003441
-25.200000 -0.003542
-25.150000 -0.001878
-25.100000 -0.001850
-25.050000 -0.000099
-25.000000 -0.000017
-24.950000 0.001747
-24.900000 0.001806
-24.850000 0.003506
-24.800000 0.003468
-24.750000 0.005032
-24.700000 0.004830
-24.650000 0.006195
-24.600000 0.005771
-24.550000 0.006888
-24.500000 0.006202
-24.450000 0.007039
-24.400000 0.006070
-24.350000 0.006620
-24.300000 0.005372
-24.250000 0.005650
-24.200000 0.004153
-24.150000 0.004202
-24.100000 0.002509
-24.050000 0.002393
-24.000000 0.000579
-23.950000 0.000380
-23.900000 -0.001469
-23.850000 -0.001661
-23.800000 -0.003454
-23.750000 -0.003551
-23.700000 -0.005202
-23.650000 -0.005124
-23.600000 -0.006563
-23.550000 -0.006247
-23.500000 -0.007421
-23.450000 -0.006827
-23.400000 -0.007708
-23.350000 -0.006819
-23.300000 -0.007402
-23.250000 -0.006225
-23.200000 -0.006528
-23.150000 -0.005092
-23.100000 -0.005153
-23.050000 -0.003507
-23.000000 -0.003382
-22.950000 -0.001587
-22.900000 -0.001346
-22.850000 0.000523
-22.800000 0.000803
-22.750000 0.002667
-22.700000 0.002903
-22.650000 0.004678
-22.600000 0.004790
-22.550000 0.006397
-22.500000 0.006309
-22.450000 0.007679
-22.400000 0.007329
-22.350000 0.008409
-22.300000 0.007755
-22.250000 0.008514
-22.200000 0.007536
-22.150000 0.007970
-22.100000 0.006679
-22.050000 0.006811
-22.000000 0.005244
-21.950000 0.005123
-21.900000 0.003341
-21.850000 0.003040
-21.800000 0.001123
-21.750000 0.000727
-21.700000 -0.001235
-21.650000 -0.001634
-21.600000 -0.003550
-21.550000 -0.003864
-21.500000 -0.005649
-21.450000 -0.005798
-21.400000 -0.007378
-21.350000 -0.007295
-21.300000 -0.008613
-21.250000 -0.008248
-21.200000 -0.009264
-21.150000 -0.008588
-21.100000 -0.009281
-21.050000 -0.008283
-21.000000 -0.008653
-20.950000 -0.007344
-20.900000 -0.007412
-20.850000 -0.005825
-20.800000 -0.005633
-20.750000 -0.003819
-20.700000 -0.003430
-20.650000 -0.001460
-20.600000 -0.000952
-20.550000 0.001089
-20.500000 0.001625
-20.450000 0.003643
-20.400000 0.004112
-20.350000 0.006012
-20.300000 0.006322
-20.250000 0.008016
-20.200000 0.008085
-20.150000 0.009500
-20.100000 0.009264
-20.050000 0.010347
-20.000000 0.009768
-19.950000 0.010495
-19.900000 0.009560
-19.850000 0.009930
-19.800000 0.008654
-19.750000 0.008696
-19.700000 0.007117
-19.650000 0.006879
-19.600000 0.005055
-19.550000 0.004602
-19.500000 0.002605
-19.450000 0.002014
-19.400000 -0.000075
-19.350000 -0.000721
-19.300000 -0.002818
-19.250000 -0.003432
-19.200000 -0.005451
-19.150000 -0.005949
-19.100000 -0.007807
-19.050000 -0.008107
-19.000000 -0.009726
-18.950000 -0.009757
-18.900000 -0.011072
-18.850000 -0.010777
-18.800000 -0.011740
-18.750000 -0.011079
-18.700000 -0.011663
-18.650000 -0.010625
-18.600000 -0.010830
-18.550000 -0.009427
-18.500000 -0.009280
-18.450000 -0.007554
-18.400000 -0.007110
-18.350000 -0.005125
-18.300000 -0.004459
-18.250000 -0.002300
-18.200000 -0.001502
-18.150000 0.000735
-18.100000 0.001565
-18.050000 0.003782
-18.000000 0.004546
-17.950000 0.006646
-17.900000 0.007253
-17.850000 0.009151
-17.800000 0.009523
-17.750000 0.011148
-17.700000 0.011222
-17.650000 0.012521
-17.600000 0.012253
-17.550000 0.013190
-17.500000 0.012552
-17.450000 0.013111
-17.400000 0.012097
-17.350000 0.012278
-17.300000 0.010899
-17.250000 0.010724
-17.200000 0.009010
-17.150000 0.008519
-17.100000 0.006520
-17.050000 0.005772
-17.000000 0.003557
-16.950000 0.002631
-16.900000 0.000286
-16.850000 -0.000726
-16.800000 -0.003102
-16.750000 -0.004097
-16.700000 -0.006399
-16.650000 -0.007274
-16.600000 -0.009401
-16.550000 -0.010056
-16.500000 -0.011917
-16.450000 -0.012271
-16.400000 -0.013792
-16.350000 -0.013782
-16.300000 -0.014915
-16.250000 -0.014504
-16.200000 -0.015221
-16.150000 -0.014396
-16.100000 -0.014698
-16.050000 -0.013470
-16.000000 -0.013377
-15.950000 -0.011776
-15.900000 -0.011329
-15.850000 -0.009403
-15.800000 -0.008658
-15.750000 -0.006470
-15.700000 -0.005495
-15.650000 -0.003120
-15.600000 -0.001995
-15.550000 0.000483
-15.500000 0.001670
-15.450000 0.004160
-15.400000 0.005315
-15.350000 0.007722
-15.300000 0.008751
-15.250000 0.010980
-15.200000 0.011790
-15.150000 0.013753
-15.100000 0.014260
-15.050000 0.015879
-15.000000 0.016014
-14.950000 0.017230
-14.900000 0.016944
-14.850000 0.017719
-14.800000 0.016988
-14.750000 0.017311
-14.700000 0.016135
-14.650000 0.016021
-14.600000 0.014429
-14.550000 0.013917
-14.500000 0.011957
-14.450000 0.011105
-14.400000 0.008845
-14.350000 0.007726
-14.300000 0.005244
-14.250000 0.003942
-14.200000 0.001323
-14.150000 -0.000076
-14.100000 -0.002743
-14.050000 -0.004149
-14.000000 -0.006775
-13.950000 -0.008097
-13.900000 -0.010592
-13.850000 -0.011744
-13.800000 -0.014020
-13.750000 -0.014916
-13.700000 -0.016892
-13.650000 -0.017453
-13.600000 -0.019057
-13.550000 -0.019219
-13.500000 -0.020392
-13.450000 -0.020104
-13.400000 -0.020808
-13.350000 -0.020045
-13.300000 -0.020265
-13.250000 -0.019025
-13.200000 -0.018773
-13.150000 -0.017080
-13.100000 -0.016393
-13.050000 -0.014296
-13.000000 -0.013234
-12.950000 -0.010802
-12.900000 -0.009442
-12.850000 -0.006760
-12.800000 -0.005193
-12.750000 -0.002354
-12.700000 -0.000674
-12.650000 0.002225
-12.600000 0.003922
-12.550000 0.006787
-12.500000 0.008409
-12.450000 0.011151
-12.400000 0.012611
-12.350000 0.015149
-12.300000 0.016370
-12.250000 0.018628
-12.200000 0.019539
-12.150000 0.021450
-12.100000 0.021989
-12.050000 0.023497
-12.000000 0.023610
-11.950000 0.024668
-11.900000 0.024317
-11.850000 0.024892
-11.800000 0.024054
-11.750000 0.024133
-11.700000 0.022805
-11.650000 0.022398
-11.600000 0.020599
-11.550000 0.019736
-11.500000 0.017510
-11.450000 0.016245
-11.400000 0.013655
-11.350000 0.012061
-11.300000 0.009186
-11.250000 0.007347
-11.200000 0.004276
-11.150000 0.002285
-11.100000 -0.000887
-11.050000 -0.002936
-11.000000 -0.006115
-10.950000 -0.008130
-10.900000 -0.011226
-10.850000 -0.013118
-10.800000 -0.016045
-10.750000 -0.017731
-10.700000 -0.020409
-10.650000 -0.021812
-10.600000 -0.024168
-10.550000 -0.025217
-10.500000 -0.027183
-10.450000 -0.027817
-10.400000 -0.029335
-10.350000 -0.029501
-10.300000 -0.030526
-10.250000 -0.030185
-10.200000 -0.030688
-10.150000 -0.029820
-10.100000 -0.029788
-10.050000 -0.028391
-10.000000 -0.027835
-9.950000 -0.025932
-9.900000 -0.024884
-9.850000 -0.022518
-9.800000 -0.021033
-9.750000 -0.018267
-9.700000 -0.016416
-9.650000 -0.013329
-9.600000 -0.011196
-9.550000 -0.007875
-9.500000 -0.005549
-9.450000 -0.002085
-9.400000 0.000343
-9.350000 0.003863
-9.300000 0.006307
-9.250000 0.009798
-9.200000 0.012179
-9.150000 0.015564
-9.100000 0.017805
-9.050000 0.021010
-9.000000 0.023041
-8.950000 0.025997
-8.900000 0.027748
-8.850000 0.030388
-8.800000 0.031795
-8.750000 0.034055
-8.700000 0.035057
-8.650000 0.036881
-8.600000 0.037426
-8.550000 0.038767
-8.500000 0.038814
-8.450000 0.039639
-8.400000 0.039163
-8.350000 0.039456
-8.300000 0.038450
-8.250000 0.038212
-8.200000 0.036686
-8.150000 0.035936
-8.100000 0.033917
-8.050000 0.032688
-8.000000 0.030217
-7.950000 0.028555
-7.900000 0.025680
-7.850000 0.023638
-7.800000 0.020415
-7.750000 0.018052
-7.700000 0.014541
-7.650000 0.011916
-7.600000 0.008179
-7.550000 0.005354
-7.500000 0.001454
-7.450000 -0.001505
-7.400000 -0.005502
-7.350000 -0.008527
-7.300000 -0.012550
-7.250000 -0.015567
-7.200000 -0.019539
-7.150000 -0.022469
-7.100000 -0.026307
-7.050000 -0.029065
-7.000000 -0.032684
-6.950000 -0.035185
-6.900000 -0.038502
-6.850000 -0.040664
-6.800000 -0.043601
-6.750000 -0.045353
-6.700000 -0.047846
-6.650000 -0.049131
-6.600000 -0.051131
-6.550000 -0.051910
-6.500000 -0.053386
-6.450000 -0.053636
-6.400000 -0.054573
-6.350000 -0.054287
-6.300000 -0.054683
-6.250000 -0.053863
-6.200000 -0.053728
-6.150000 -0.052386
-6.100000 -0.051732
-6.050000 -0.049886
-6.000000 -0.048733
-5.950000 -0.046403
-5.900000 -0.044776
-5.850000 -0.041990
-5.800000 -0.039917
-5.750000 -0.036707
-5.700000 -0.034227
-5.650000 -0.030636
-5.600000 -0.027794
-5.550000 -0.023872
-5.500000 -0.020725
-5.450000 -0.016534
-5.400000 -0.013145
-5.350000 -0.008751
-5.300000 -0.005190
-5.250000 -0.000664
-5.200000 0.002998
-5.150000 0.007587
-5.100000 0.011281
-5.050000 0.015866
-5.000000 0.019533
-4.950000 0.024059
-4.900000 0.027646
-4.850000 0.032069
-4.800000 0.035537
-4.750000 0.039820
-4.700000 0.043140
-4.650000 0.047258
-4.600000 0.050406
-4.550000 0.054337
-4.500000 0.057294
-4.450000 0.061020
-4.400000 0.063764
-4.350000 0.067263
-4.300000 0.069774
-4.250000 0.073023
-4.200000 0.075276
-4.150000 0.078252
-4.100000 0.080225
-4.050000 0.082907
-4.000000 0.084582
-3.950000 0.086955
-3.900000 0.088322
-3.850000 0.090380
-3.800000 0.091438
-3.750000 0.093186
-3.700000 0.093944
-3.650000 0.095394
-3.600000 0.095866
-3.550000 0.097036
-3.500000 0.097244
-3.450000 0.098154
-3.400000 0.098116
-3.350000 0.098784
-3.300000 0.098516
-3.250000 0.098956
-3.200000 0.098469
-3.150000 0.098688
-3.100000 0.097986
-3.050000 0.097987
-3.000000 0.097070
-2.950000 0.096851
-2.900000 0.095718
-2.850000 0.095277
-2.800000 0.093926
-2.750000 0.093263
-2.700000 0.091696
-2.650000 0.090815
-2.600000 0.089039
-2.550000 0.087949
-2.500000 0.085975
-2.450000 0.084689
-2.400000 0.082531
-2.350000 0.081062
-2.300000 0.078732
-2.250000 0.077092
-2.200000 0.074597
-2.150000 0.072788
-2.100000 0.070126
-2.050000 0.068140
-2.000000 0.065298
-1.950000 0.063116
-1.900000 0.060068
-1.850000 0.057660
-1.800000 0.054372
-1.750000 0.051699
-1.700000 0.048130
-1.650000 0.045149
-1.600000 0.041256
-1.550000 0.037924
-1.500000 0.033662
-1.450000 0.029934
-1.400000 0.025257
-1.350000 0.021085
-1.300000 0.015944
-1.250000 0.011274
-1.200000 0.005610
-1.150000 0.000380
-1.100000 -0.005879
-1.050000 -0.011751
-1.000000 -0.018692
-0.950000 -0.025305
-0.900000 -0.033041
-0.850000 -0.040517
-0.800000 -0.049180
-0.750000 -0.057663
-0.700000 -0.067407
-0.650000 -0.077061
-0.600000 -0.088061
-0.550000 -0.099067
-0.500000 -0.111510
-0.450000 -0.124063
-0.400000 -0.138148
-0.350000 -0.152448
-0.300000 -0.168377
-0.250000 -0.184628
-0.200000 -0.202604
-0.150000 -0.221006
-0.100000 -0.241223
-0.050000 -0.261964
0.000000 -0.284604
0.050000 -0.307854
0.100000 -0.333074
0.150000 -0.358973
0.200000 -0.386890
0.250000 -0.415530
0.300000 -0.446202
0.350000 -0.477602
0.400000 -0.511003
0.450000 -0.545082
0.500000 -0.581067
0.550000 -0.617606
0.600000 -0.655875
0.650000 -0.694485
0.700000 -0.734552
0.750000 -0.774643
0.800000 -0.815808
0.850000 -0.856570
0.900000 -0.897914
0.950000 -0.938319
1.000000 -0.978713
1.050000 -1.017542
1.100000 -1.055689
1.150000 -1.091588
1.200000 -1.126095
1.250000 -1.157655
1.300000 -1.187126
1.350000 -1.212989
1.400000 -1.236134
1.450000 -1.255108
1.500000 -1.270861
1.550000 -1.282031
1.600000 -1.289649
1.650000 -1.292463
1.700000 -1.291602
1.750000 -1.285932
1.800000 -1.276678
1.850000 -1.262824
1.900000 -1.245686
1.950000 -1.224347
2.000000 -1.200194
2.050000 -1.172392
2.100000 -1.142374
2.150000 -1.109358
2.200000 -1.074794
2.250000 -1.037927
2.300000 -1.000199
2.350000 -0.960857
2.400000 -0.921312
2.450000 -0.880794
2.500000 -0.840666
2.550000 -0.800125
2.600000 -0.760479
2.650000 -0.720884
2.700000 -0.682584
2.750000 -0.644695
2.800000 -0.608397
2.850000 -0.572767
2.900000 -0.538925
2.950000 -0.505911
3.000000 -0.474794
3.050000 -0.444585
3.100000 -0.416306
3.150000 -0.388950
3.200000 -0.363502
3.250000 -0.338940
3.300000 -0.316222
3.350000 -0.294324
3.400000 -0.274179
3.450000 -0.254767
3.500000 -0.237006
3.550000 -0.219881
3.600000 -0.204301
3.650000 -0.189261
3.700000 -0.175660
3.750000 -0.162506
3.800000 -0.150690
3.850000 -0.139235
3.900000 -0.129021
3.950000 -0.119087
4.000000 -0.110303
4.050000 -0.101721
4.100000 -0.094205
4.150000 -0.086817
4.200000 -0.080412
4.250000 -0.074067
4.300000 -0.068628
4.350000 -0.063184
4.400000 -0.058572
4.450000 -0.053896
4.500000 -0.049985
4.550000 -0.045956
4.600000 -0.042633
4.650000 -0.039147
4.700000 -0.036315
4.750000 -0.033286
4.800000 -0.030868
4.850000 -0.028226
4.900000 -0.026163
4.950000 -0.023858
5.000000 -0.022108
5.050000 -0.020104
5.100000 -0.018635
5.150000 -0.016906
5.200000 -0.015694
5.250000 -0.014215
5.300000 -0.013237
5.350000 -0.011985
5.400000 -0.011214
5.450000 -0.010159
5.500000 -0.009563
5.550000 -0.008671
5.600000 -0.008213
5.650000 -0.007447
5.700000 -0.007091
5.750000 -0.006414
5.800000 -0.006127
5.850000 -0.005510
5.900000 -0.005266
5.950000 -0.004690
6.000000 -0.004474
6.050000 -0.003929
6.100000 -0.003738
6.150000 -0.003224
6.200000 -0.003063
6.250000 -0.002589
6.300000 -0.002468
6.350000 -0.002044
6.400000 -0.001972
6.450000 -0.001607
6.500000 -0.001591
6.550000 -0.001289
6.600000 -0.001328
6.650000 -0.001084
6.700000 -0.001172
6.750000 -0.000975
6.800000 -0.001096
6.850000 -0.000929
6.900000 -0.001064
6.950000 -0.000907
7.000000 -0.001038
7.050000 -0.000873
7.100000 -0.000982
7.150000 -0.000796
7.200000 -0.000875
7.250000 -0.000664
7.300000 -0.000714
7.350000 -0.000483
7.400000 -0.000514
7.450000 -0.000277
7.500000 -0.000305
7.550000 -0.000079
7.600000 -0.000123
7.650000 0.000073
7.700000 -0.000001
7.750000 0.000153
7.800000 0.000040
7.850000 0.000149
7.900000 -0.000000
7.950000 0.000072
8.000000 -0.000103
8.050000 -0.000053
8.100000 -0.000235
8.150000 -0.000188
8.200000 -0.000356
8.250000 -0.000293
8.300000 -0.000432
8.350000 -0.000339
8.400000 -0.000440
8.450000 -0.000314
8.500000 -0.000378
8.550000 -0.000225
8.600000 -0.000262
8.650000 -0.000095
8.700000 -0.000122
8.750000 0.000039
8.800000 0.000002
8.850000 0.000138
8.900000 0.000073
8.950000 0.000167
9.000000 0.000060
9.050000 0.000103
9.100000 -0.000053
9.150000 -0.000065
9.200000 -0.000268
9.250000 -0.000331
9.300000 -0.000576
9.350000 -0.000682
9.400000 -0.000962
9.450000 -0.001107
9.500000 -0.001419
9.550000 -0.001604
9.600000 -0.001957
9.650000 -0.002200
9.700000 -0.002621
9.750000 -0.002960
9.800000 -0.003502
9.850000 -0.004005
9.900000 -0.004750
9.950000 -0.005515
10.000000 -0.006581
10.050000 -0.007749
10.100000 -0.009299
10.150000 -0.011058
10.200000 -0.013311
10.250000 -0.015915
10.300000 -0.019167
10.350000 -0.022963
10.400000 -0.027622
10.450000 -0.033092
10.500000 -0.039731
10.550000 -0.047555
10.600000 -0.056984
10.650000 -0.068132
10.700000 -0.081506
10.750000 -0.097354
10.800000 -0.116315
10.850000 -0.138816
10.900000 -0.165680
10.950000 -0.197573
11.000000 -0.235569
11.050000 -0.280647
11.100000 -0.334210
11.150000 -0.397629
11.200000 -0.472718
11.250000 -0.561311
11.300000 -0.665687
11.350000 -0.788168
11.400000 -0.931465
11.450000 -1.098285
11.500000 -1.291558
11.550000 -1.514004
11.600000 -1.768205
11.650000 -2.056077
11.700000 -2.378744
11.750000 -2.735889
11.800000 -3.125443
11.850000 -3.542894
11.900000 -3.980960
11.950000 -4.429138
12.000000 -4.873752
12.050000 -5.298228
12.100000 -5.683995
12.150000 -6.011821
12.200000 -6.263601
12.250000 -6.424349
12.300000 -6.483978
12.350000 -6.438680
12.400000 -6.291356
12.450000 -6.051331
12.500000 -5.732993
12.550000 -5.354181
12.600000 -4.934026
12.650000 -4.491336
12.700000 -4.042933
12.750000 -3.602989
12.800000 -3.182340
12.850000 -2.788786
12.900000 -2.427071
12.950000 -2.099685
13.000000 -1.807020
13.050000 -1.548265
13.100000 -1.321443
13.150000 -1.124211
13.200000 -0.953696
13.250000 -0.807174
13.300000 -0.681726
13.350000 -0.574846
13.400000 -0.483959
13.450000 -0.407008
13.500000 -0.341878
13.550000 -0.286999
13.600000 -0.240697
13.650000 -0.201833
13.700000 -0.169106
13.750000 -0.141730
13.800000 -0.118693
13.850000 -0.099484
13.900000 -0.083310
13.950000 -0.069867
14.000000 -0.058520
14.050000 -0.049121
14.100000 -0.041148
14.150000 -0.034570
14.200000 -0.028943
14.250000 -0.024324
14.300000 -0.020323
14.350000 -0.017063
14.400000 -0.014192
14.450000 -0.011882
14.500000 -0.009803
14.550000 -0.008167
14.600000 -0.006656
14.650000 -0.005511
14.700000 -0.004418
14.750000 -0.003643
14.800000 -0.002869
14.850000 -0.002379
14.900000 -0.001850
14.950000 -0.001579
15.000000 -0.001235
15.050000 -0.001127
15.100000 -0.000914
15.150000 -0.000917
15.200000 -0.000784
15.250000 -0.000849
15.300000 -0.000752
15.350000 -0.000837
15.400000 -0.000737
15.450000 -0.000811
15.500000 -0.000683
15.550000 -0.000727
15.600000 -0.000561
15.650000 -0.000572
15.700000 -0.000370
15.750000 -0.000356
15.800000 -0.000132
15.850000 -0.000110
15.900000 0.000115
15.950000 0.000122
16.000000 0.000327
16.050000 0.000298
16.100000 0.000464
16.150000 0.000385
16.200000 0.000503
16.250000 0.000367
16.300000 0.000436
16.350000 0.000250
16.400000 0.000280
16.450000 0.000059
16.500000 0.000069
16.550000 -0.000165
16.600000 -0.000151
16.650000 -0.000373
16.700000 -0.000330
16.750000 -0.000519
16.800000 -0.000428
16.850000 -0.000568
16.900000 -0.000419
16.950000 -0.000506
17.000000 -0.000302
17.050000 -0.000345
17.100000 -0.000100
17.150000 -0.000119
17.200000 0.000142
17.250000 0.000122
17.300000 0.000372
17.350000 0.000322
17.400000 0.000537
17.450000 0.000436
17.500000 0.000599
17.550000 0.000438
17.600000 0.000545
17.650000 0.000327
17.700000 0.000388
17.750000 0.000128
17.800000 0.000162
17.850000 -0.000116
17.900000 -0.000082
17.950000 -0.000353
18.000000 -0.000292
18.050000 -0.000531
18.100000 -0.000424
18.150000 -0.000614
18.200000 -0.000449
18.250000 -0.000585
18.300000 -0.000363
18.350000 -0.000450
18.400000 -0.000181
18.450000 -0.000237
18.500000 0.000058
18.550000 0.000011
18.600000 0.000306
18.650000 0.000242
18.700000 0.000513
18.750000 0.000408
18.800000 0.000634
18.850000 0.000472
18.900000 0.000642
18.950000 0.000418
19.000000 0.000533
19.050000 0.000255
19.100000 0.000327
19.150000 0.000013
19.200000 0.000067
19.250000 -0.000257
19.300000 -0.000193
19.350000 -0.000497
19.400000 -0.000396
19.450000 -0.000655
19.500000 -0.000495
19.550000 -0.000695
19.600000 -0.000469
19.650000 -0.000608
19.700000 -0.000320
19.750000 -0.000410
19.800000 -0.000080
19.850000 -0.000146
19.900000 0.000199
19.950000 0.000128
20.000000 0.000459
20.050000 0.000355
20.100000 0.000645
20.150000 0.000487
20.200000 0.000720
20.250000 0.000496
20.300000 0.000669
20.350000 0.000383
20.400000 0.000503
20.450000 0.000169
20.500000 0.000257
20.550000 -0.000103
20.600000 -0.000022
20.650000 -0.000378
20.700000 -0.000276
20.750000 -0.000604
20.800000 -0.000456
20.850000 -0.000733
20.900000 -0.000523
20.950000 -0.000740
21.000000 -0.000463
21.050000 -0.000620
21.100000 -0.000284
21.150000 -0.000395
21.200000 -0.000020
21.250000 -0.000108
21.300000 0.000279
21.350000 0.000183
21.400000 0.000551
21.450000 0.000417
21.500000 0.000740
21.550000 0.000546
21.600000 0.000805
21.650000 0.000539
21.700000 0.000730
21.750000 0.000395
21.800000 0.000529
21.850000 0.000142
21.900000 0.000242
21.950000 -0.000169
22.000000 -0.000072
22.050000 -0.000473
22.100000 -0.000347
22.150000 -0.000709
22.200000 -0.000527
22.250000 -0.000828
22.300000 -0.000575
22.350000 -0.000808
22.400000 -0.000484
22.450000 -0.000654
22.500000 -0.000270
22.550000 -0.000397
22.600000 0.000023
22.650000 -0.000087
22.700000 0.000339
22.750000 0.000215
22.800000 0.000617
22.850000 0.000453
22.900000 0.000806
22.950000 0.000579
23.000000 0.000868
23.050000 0.000568
23.100000 0.000789
23.150000 0.000421
23.200000 0.000584
23.250000 0.000162
23.300000 0.000287
23.350000 -0.000162
23.400000 -0.000044
23.450000 -0.000489
23.500000 -0.000346
23.550000 -0.000755
23.600000 -0.000558
23.650000 -0.000906
23.700000 -0.000636
23.750000 -0.000910
23.800000 -0.000561
23.850000 -0.000763
23.900000 -0.000344
23.950000 -0.000492
24.000000 -0.000027
24.050000 -0.000149
24.100000 0.000329
24.150000 0.000198
24.200000 0.000653
24.250000 0.000479
24.300000 0.000881
24.350000 0.000639
24.400000 0.000969
24.450000 0.000647
24.500000 0.000901
24.550000 0.000501
24.600000 0.000689
24.650000 0.000230
24.700000 0.000376
24.750000 -0.000115
24.800000 0.000021
24.850000 -0.000468
24.900000 -0.000311
24.950000 -0.000766
25.000000 -0.000557
25.050000 -0.000954
25.100000 -0.000674
25.150000 -0.000998
25.200000 -0.000638
25.250000 -0.000887
25.300000 -0.000453
25.350000 -0.000641
25.400000 -0.000151
25.450000 -0.000301
25.500000 0.000216
25.550000 0.000072
25.600000 0.000582
25.650000 0.000409
25.700000 0.000877
25.750000 0.000645
25.800000 0.001045
25.850000 0.000732
25.900000 0.001051
25.950000 0.000651
26.000000 0.000890
26.050000 0.000413
26.100000 0.000590
26.150000 0.000060
26.200000 0.000206
26.250000 -0.000341
26.300000 -0.000189
26.350000 -0.000714
26.400000 -0.000519
26.450000 -0.000990
26.500000 -0.000723
26.550000 -0.001116
26.600000 -0.000761
26.650000 -0.001068
26.700000 -0.000627
26.750000 -0.000858
26.800000 -0.000345
26.850000 -0.000523
26.900000 0.000032
26.950000 -0.000125
27.000000 0.000437
27.050000 0.000265
27.100000 0.000798
27.150000 0.000578
27.200000 0.001053
27.250000 0.000759
27.300000 0.001157
27.350000 0.000776
27.400000 0.001090
27.450000 0.000624
27.500000 0.000863
27.550000 0.000326
27.600000 0.000511
27.650000 -0.000069
27.700000 0.000094
27.750000 -0.000493
27.800000 -0.000316
27.850000 -0.000873
27.900000 -0.000644
27.950000 -0.001138
28.000000 -0.000829
28.050000 -0.001238
28.100000 -0.000834
28.150000 -0.001150
28.200000 -0.000652
28.250000 -0.000887
28.300000 -0.000315
28.350000 -0.000495
28.400000 0.000119
28.450000 -0.000044
28.500000 0.000571
28.550000 0.000385
28.600000 0.000960
28.650000 0.000713
28.700000 0.001216
28.750000 0.000882
28.800000 0.001294
28.850000 0.000862
28.900000 0.001181
28.950000 0.000657
29.000000 0.000897
29.050000 0.000303
29.100000 0.000492
29.150000 -0.000140
29.200000 0.000036
29.250000 -0.000595
29.300000 -0.000396
29.350000 -0.000988
29.400000 -0.000730
29.450000 -0.001253
29.500000 -0.000910
29.550000 -0.001345
29.600000 -0.000905
29.650000 -0.001246
29.700000 -0.000712
29.750000 -0.000970
29.800000 -0.000359
29.850000 -0.000559
29.900000 0.000097
29.950000 -0.000080
30.000000 0.000584
30.050000 0.000388
30.100000 0.001017
30.150000 0.000764
30.200000 0.001321
30.250000 0.000979
30.300000 0.001441
30.350000 0.000992
30.400000 0.001350
30.450000 0.000797
30.500000 0.001062
30.550000 0.000424
30.600000 0.000625
30.650000 -0.000062
30.700000 0.000114
30.750000 -0.000579
30.800000 -0.000383
30.850000 -0.001039
30.900000 -0.000781
30.950000 -0.001363
31.000000 -0.001014
31.050000 -0.001499
31.100000 -0.001043
31.150000 -0.001424
31.200000 -0.000864
31.250000 -0.001153
31.300000 -0.000507
31.350000 -0.000728
31.400000 -0.000028
31.450000 -0.000219
31.500000 0.000496
31.550000 0.000295
31.600000 0.000982
31.650000 0.000731
31.700000 0.001355
31.750000 0.001020
31.800000 0.001552
31.850000 0.001113
31.900000 0.001540
31.950000 0.000992
32.000000 0.001316
32.050000 0.000669
32.100000 0.000911
32.150000 0.000193
32.200000 0.000386
32.250000 -0.000364
32.300000 -0.000175
32.350000 -0.000911
32.400000 -0.000681
32.450000 -0.001358
32.500000 -0.001046
32.550000 -0.001628
32.600000 -0.001206
32.650000 -0.001674
32.700000 -0.001131
32.750000 -0.001486
32.800000 -0.000832
32.850000 -0.001093
32.900000 -0.000357
32.950000 -0.000559
33.000000 0.000217
33.050000 0.000028
33.100000 0.000798
33.150000 0.000575
33.200000 0.001293
33.250000 0.000996
33.300000 0.001627
33.350000 0.001226
33.400000 0.001748
33.450000 0.001229
33.500000 0.001638
33.550000 0.001006
33.600000 0.001314
33.650000 0.000589
33.700000 0.000823
33.750000 0.000038
33.800000 0.000236
33.850000 -0.000566
33.900000 -0.000358
33.950000 -0.001132
34.000000 -0.000871
34.050000 -0.001575
34.100000 -0.001221
34.150000 -0.001823
34.200000 -0.001352
34.250000 -0.001833
34.300000 -0.001236
34.350000 -0.001599
34.400000 -0.000886
34.450000 -0.001150
34.500000 -0.000351
34.550000 -0.000553
34.600000 0.000289
34.650000 0.000101
34.700000 0.000934
34.750000 0.000708
34.800000 0.001484
34.850000 0.001173
34.900000 0.001850
34.950000 0.001422
35.000000 0.001974
35.050000 0.001414
35.100000 0.001839
35.150000 0.001151
35.200000 0.001464
35.250000 0.000675
35.300000 0.000907
35.350000 0.000056
35.400000 0.000253
35.450000 -0.000614
35.500000 -0.000403
35.550000 -0.001237
35.600000 -0.000966
35.650000 -0.001724
35.700000 -0.001356
35.750000 -0.002006
35.800000 -0.001515
35.850000 -0.002040
35.900000 -0.001419
35.950000 -0.001819
36.000000 -0.001075
36.050000 -0.001368
36.100000 -0.000528
36.150000 -0.000747
36.200000 0.000148
36.250000 -0.000044
36.300000 0.000858
36.350000 0.000641
36.400000 0.001497
36.450000 0.001206
36.500000 0.001969
36.550000 0.001563
36.600000 0.002201
36.650000 0.001654
36.700000 0.002152
36.750000 0.001462
36.800000 0.001826
36.850000 0.001010
36.900000 0.001268
36.950000 0.000363
37.000000 0.000560
37.050000 -0.000384
37.100000 -0.000194
37.150000 -0.001122
37.200000 -0.000885
37.250000 -0.001745
37.300000 -0.001413
37.350000 -0.002164
37.400000 -0.001704
37.450000 -0.002320
37.500000 -0.001716
37.550000 -0.002193
37.600000 -0.001451
37.650000 -0.001802
37.700000 -0.000943
37.750000 -0.001198
37.800000 -0.000260
37.850000 -0.000462
37.900000 0.000509
37.950000 0.000309
38.000000 0.001261
38.050000 0.001012
38.100000 0.001894
38.150000 0.001549
38.200000 0.002321
38.250000 0.001844
38.300000 0.002476
38.350000 0.001848
38.400000 0.002331
38.450000 0.001553
38.500000 0.001899
38.550000 0.000993
38.600000 0.001233
38.650000 0.000241
38.700000 0.000424
38.750000 -0.000601
38.800000 -0.000415
38.850000 -0.001413
38.900000 -0.001167
38.950000 -0.002081
39.000000 -0.001723
39.050000 -0.002510
39.100000 -0.002006
39.150000 -0.002641
39.200000 -0.001975
39.250000 -0.002454
39.300000 -0.001635
39.350000 -0.001977
39.400000 -0.001033
39.450000 -0.001274
39.500000 -0.000248
39.550000 -0.000438
39.600000 0.000616
39.650000 0.000422
39.700000 0.001448
39.750000 0.001195
39.800000 0.002140
39.850000 0.001781
39.900000 0.002606
39.950000 0.002105
40.000000 0.002782
40.050000 0.002122
40.100000 0.002641
40.150000 0.001822
40.200000 0.002195
40.250000 0.001238
40.300000 0.001493
40.350000 0.000436
40.400000 0.000621
40.450000 -0.000483
40.500000 -0.000311
40.550000 -0.001401
40.600000 -0.001179
40.650000 -0.002194
40.700000 -0.001866
40.750000 -0.002755
40.800000 -0.002276
40.850000 -0.003003
40.900000 -0.002348
40.950000 -0.002902
41.000000 -0.002072
41.050000 -0.002463
41.100000 -0.001481
41.150000 -0.001743
41.200000 -0.000653
41.250000 -0.000837
41.300000 0.000307
41.350000 0.000140
41.400000 0.001275
41.450000 0.001065
41.500000 0.002132
41.550000 0.001823
41.600000 0.002771
41.650000 0.002321
41.700000 0.003117
41.750000 0.002498
41.800000 0.003125
41.850000 0.002331
41.900000 0.002792
41.950000 0.001836
42.000000 0.002153
42.050000 0.001068
42.100000 0.001280
42.150000 0.000112
42.200000 0.000274
42.250000 -0.000919
42.300000 -0.000747
42.350000 -0.001902
42.400000 -0.001656
42.450000 -0.002712
42.500000 -0.002337
42.550000 -0.003246
42.600000 -0.002700
42.650000 -0.003428
42.700000 -0.002690
42.750000 -0.003229
42.800000 -0.002302
42.850000 -0.002668
42.900000 -0.001580
42.950000 -0.001811
43.000000 -0.000611
43.050000 -0.000764
43.100000 0.000485
43.150000 0.000343
43.200000 0.001574
43.250000 0.001375
43.300000 0.002523
43.350000 0.002208
43.400000 0.003219
43.450000 0.002742
43.500000 0.003580
43.550000 0.002915
43.600000 0.003563
43.650000 0.002704
43.700000 0.003166
43.750000 0.002126
43.800000 0.002426
43.850000 0.001238
43.900000 0.001416
43.950000 0.000128
44.000000 0.000238
44.050000 -0.001091
44.100000 -0.000987
44.150000 -0.002295
44.200000 -0.002133
44.250000 -0.003357
44.300000 -0.003079
44.350000 -0.004165
44.400000 -0.003723
44.450000 -0.004632
44.500000 -0.003995
44.550000 -0.004706
44.600000 -0.003866
44.650000 -0.004380
44.700000 -0.003346
44.750000 -0.003684
44.800000 -0.002483
44.850000 -0.002676
44.900000 -0.001345
44.950000 -0.001429
