-30.000000 -0.000881
-29.950000 -0.000819
-29.900000 -0.001626
-29.850000 -0.001480
-29.800000 -0.002186
-29.750000 -0.001929
-29.700000 -0.002507
-29.650000 -0.002114
-29.600000 -0.002546
-29.550000 -0.002007
-29.500000 -0.002290
-29.450000 -0.001613
-29.400000 -0.001766
-29.350000 -0.000980
-29.300000 -0.001041
-29.250000 -0.000191
-29.200000 -0.000213
-29.150000 0.000644
-29.100000 0.000604
-29.050000 0.001409
-29.000000 0.001293
-28.950000 0.001994
-28.900000 0.001757
-28.850000 0.002317
-28.800000 0.001929
-28.750000 0.002330
-28.700000 0.001786
-28.650000 0.002031
-28.600000 0.001345
-28.550000 0.001461
-28.500000 0.000669
-28.450000 0.000698
-28.400000 -0.000150
-28.350000 -0.000152
-28.300000 -0.000996
-28.250000 -0.000967
-28.200000 -0.001748
-28.150000 -0.001630
-28.100000 -0.002294
-28.050000 -0.002042
-28.000000 -0.002552
-27.950000 -0.002139
-27.900000 -0.002478
-27.850000 -0.001900
-27.800000 -0.002078
-27.750000 -0.001354
-27.700000 -0.001402
-27.650000 -0.000575
-27.600000 -0.000544
-27.550000 0.000328
-27.500000 0.000376
-27.450000 0.001229
-27.400000 0.001230
-27.350000 0.002002
-27.300000 0.001898
-27.250000 0.002537
-27.200000 0.002285
-27.150000 0.002759
-27.100000 0.002337
-27.050000 0.002633
-27.000000 0.002041
-26.950000 0.002173
-26.900000 0.001434
-26.850000 0.001434
-26.800000 0.000591
-26.750000 0.000512
-26.700000 -0.000377
-26.650000 -0.000474
-26.600000 -0.001342
-26.550000 -0.001390
-26.500000 -0.002174
-26.450000 -0.002111
-26.400000 -0.002755
-26.350000 -0.002534
-26.300000 -0.003001
-26.250000 -0.002597
-26.200000 -0.002874
-26.150000 -0.002286
-26.100000 -0.002383
-26.050000 -0.001635
-26.000000 -0.001591
-25.950000 -0.000730
-25.900000 -0.000599
-25.850000 0.000312
-25.800000 0.000464
-25.750000 0.001356
-25.700000 0.001459
-25.650000 0.002265
-25.600000 0.002256
-25.550000 0.002921
-25.500000 0.002752
-25.450000 0.003236
-25.400000 0.002879
-25.350000 0.003166
-25.300000 0.002615
-25.250000 0.002711
-25.200000 0.001987
-25.150000 0.001924
-25.100000 0.001067
-25.050000 0.000896
-25.000000 -0.000033
-24.950000 -0.000246
-24.900000 -0.001177
-24.850000 -0.001359
-24.800000 -0.002219
-24.750000 -0.002301
-24.700000 -0.003025
-24.650000 -0.002947
-24.600000 -0.003486
-24.550000 -0.003211
-24.500000 -0.003539
-24.450000 -0.003054
-24.400000 -0.003173
-24.350000 -0.002492
-24.300000 -0.002427
-24.250000 -0.001589
-24.200000 -0.001390
-24.150000 -0.000454
-24.100000 -0.000187
-24.050000 0.000778
-24.000000 0.001041
-23.950000 0.001960
-23.900000 0.002145
-23.850000 0.002949
-23.800000 0.002992
-23.750000 0.003624
-23.700000 0.003478
-23.650000 0.003900
-23.600000 0.003537
-23.550000 0.003735
-23.500000 0.003154
-23.450000 0.003138
-23.400000 0.002365
-23.350000 0.002174
-23.300000 0.001255
-23.250000 0.000948
-23.200000 -0.000048
-23.150000 -0.000398
-23.100000 -0.001392
-23.050000 -0.001705
-23.000000 -0.002618
-22.950000 -0.002817
-22.900000 -0.003579
-22.850000 -0.003602
-22.800000 -0.004160
-22.750000 -0.003964
-22.700000 -0.004288
-22.650000 -0.003858
-22.600000 -0.003944
-22.550000 -0.003290
-22.500000 -0.003162
-22.450000 -0.002319
-22.400000 -0.002024
-22.350000 -0.001049
-22.300000 -0.000652
-22.250000 0.000383
-22.200000 0.000805
-22.150000 0.001822
-22.100000 0.002189
-22.050000 0.003106
-22.000000 0.003342
-21.950000 0.004091
-21.900000 0.004132
-21.850000 0.004658
-21.800000 0.004463
-21.750000 0.004737
-21.700000 0.004289
-21.650000 0.004309
-21.600000 0.003620
-21.550000 0.003412
-21.500000 0.002523
-21.450000 0.002139
-21.400000 0.001112
-21.350000 0.000623
-21.300000 -0.000463
-21.250000 -0.000973
-21.200000 -0.002033
-21.150000 -0.002479
-21.100000 -0.003430
-21.050000 -0.003735
-21.000000 -0.004506
-20.950000 -0.004605
-20.900000 -0.005143
-20.850000 -0.004994
-20.800000 -0.005267
-20.750000 -0.004853
-20.700000 -0.004857
-20.650000 -0.004187
-20.600000 -0.003946
-20.550000 -0.003055
-20.500000 -0.002616
-20.450000 -0.001564
-20.400000 -0.000996
-20.350000 0.000139
-20.300000 0.000751
-20.250000 0.001881
-20.200000 0.002446
-20.150000 0.003481
-20.100000 0.003914
-20.050000 0.004772
-20.000000 0.004999
-19.950000 0.005618
-19.900000 0.005586
-19.850000 0.005926
-19.800000 0.005610
-19.750000 0.005659
-19.700000 0.005062
-19.650000 0.004837
-19.600000 0.003990
-19.550000 0.003534
-19.500000 0.002491
-19.450000 0.001870
-19.400000 0.000705
-19.350000 0.000000
-19.300000 -0.001201
-19.250000 -0.001901
-19.200000 -0.003047
-19.150000 -0.003652
-19.100000 -0.004655
-19.050000 -0.005082
-19.000000 -0.005865
-18.950000 -0.006046
-18.900000 -0.006553
-18.850000 -0.006441
-18.800000 -0.006639
-18.750000 -0.006218
-18.700000 -0.006104
-18.650000 -0.005386
-18.600000 -0.004989
-18.550000 -0.004016
-18.500000 -0.003389
-18.450000 -0.002229
-18.400000 -0.001450
-18.350000 -0.000187
-18.300000 0.000651
-18.250000 0.001922
-18.200000 0.002725
-18.150000 0.003909
-18.100000 0.004584
-18.050000 0.005592
-18.000000 0.006058
-17.950000 0.006818
-17.900000 0.007011
-17.850000 0.007471
-17.800000 0.007352
-17.750000 0.007484
-17.700000 0.007038
-17.650000 0.006841
-17.600000 0.006082
-17.550000 0.005586
-17.500000 0.004556
-17.450000 0.003815
-17.400000 0.002581
-17.350000 0.001672
-17.300000 0.000321
-17.250000 -0.000660
-17.200000 -0.002029
-17.150000 -0.002981
-17.100000 -0.004265
-17.050000 -0.005088
-17.000000 -0.006190
-16.950000 -0.006794
-16.900000 -0.007635
-16.850000 -0.007950
-16.800000 -0.008471
-16.750000 -0.008451
-16.700000 -0.008620
-16.650000 -0.008249
-16.600000 -0.008063
-16.550000 -0.007349
-16.500000 -0.006833
-16.450000 -0.005816
-16.400000 -0.005020
-16.350000 -0.003762
-16.300000 -0.002759
-16.250000 -0.001344
-16.200000 -0.000225
-16.150000 0.001253
-16.100000 0.002386
-16.050000 0.003820
-16.000000 0.004863
-15.950000 0.006151
-15.900000 0.007004
-15.850000 0.008053
-15.800000 0.008632
-15.750000 0.009366
-15.700000 0.009606
-15.650000 0.009976
-15.600000 0.009841
-15.550000 0.009824
-15.500000 0.009309
-15.450000 0.008914
-15.400000 0.008041
-15.350000 0.007305
-15.300000 0.006124
-15.250000 0.005109
-15.200000 0.003693
-15.150000 0.002482
-15.100000 0.000922
-15.050000 -0.000389
-15.000000 -0.001993
-14.950000 -0.003300
-14.900000 -0.004840
-14.850000 -0.006036
-14.800000 -0.007409
-14.750000 -0.008393
-14.700000 -0.009505
-14.650000 -0.010190
-14.600000 -0.010962
-14.550000 -0.011281
-14.500000 -0.011658
-14.450000 -0.011571
-14.400000 -0.011527
-14.350000 -0.011023
-14.300000 -0.010565
-14.250000 -0.009665
-14.200000 -0.008828
-14.150000 -0.007583
-14.100000 -0.006430
-14.050000 -0.004915
-14.000000 -0.003532
-13.950000 -0.001841
-13.900000 -0.000328
-13.850000 0.001435
-13.800000 0.002970
-13.750000 0.004695
-13.700000 0.006142
-13.650000 0.007721
-13.600000 0.008977
-13.550000 0.010312
-13.500000 0.011283
-13.450000 0.012288
-13.400000 0.012898
-13.350000 0.013507
-13.300000 0.013702
-13.250000 0.013873
-13.200000 0.013623
-13.150000 0.013342
-13.100000 0.012649
-13.050000 0.011931
-13.000000 0.010825
-12.950000 0.009715
-12.900000 0.008254
-12.850000 0.006822
-12.800000 0.005089
-12.750000 0.003428
-12.700000 0.001522
-12.650000 -0.000263
-12.600000 -0.002231
-12.550000 -0.004026
-12.500000 -0.005944
-12.450000 -0.007636
-12.400000 -0.009390
-12.350000 -0.010872
-12.300000 -0.012360
-12.250000 -0.013534
-12.200000 -0.014668
-12.150000 -0.015455
-12.100000 -0.016163
-12.050000 -0.016503
-12.000000 -0.016739
-11.950000 -0.016597
-11.900000 -0.016340
-11.850000 -0.015710
-11.800000 -0.014968
-11.750000 -0.013874
-11.700000 -0.012686
-11.650000 -0.011180
-11.600000 -0.009612
-11.550000 -0.007772
-11.500000 -0.005911
-11.450000 -0.003834
-11.400000 -0.001785
-11.350000 0.000418
-11.300000 0.002539
-11.250000 0.004752
-11.200000 0.006830
-11.150000 0.008938
-11.100000 0.010860
-11.050000 0.012753
-11.000000 0.014414
-10.950000 0.015994
-10.900000 0.017302
-10.850000 0.018485
-10.800000 0.019366
-10.750000 0.020085
-10.700000 0.020482
-10.650000 0.020693
-10.600000 0.020573
-10.550000 0.020256
-10.500000 0.019613
-10.450000 0.018774
-10.400000 0.017627
-10.350000 0.016299
-10.300000 0.014694
-10.250000 0.012937
-10.200000 0.010946
-10.150000 0.008840
-10.100000 0.006553
-10.050000 0.004197
-10.000000 0.001717
-9.950000 -0.000779
-9.900000 -0.003337
-9.850000 -0.005858
-9.800000 -0.008377
-9.750000 -0.010807
-9.700000 -0.013172
-9.650000 -0.015397
-9.600000 -0.017498
-9.550000 -0.019412
-9.500000 -0.021150
-9.450000 -0.022659
-9.400000 -0.023945
-9.350000 -0.024972
-9.300000 -0.025738
-9.250000 -0.026223
-9.200000 -0.026424
-9.150000 -0.026335
-9.100000 -0.025950
-9.050000 -0.025279
-9.000000 -0.024314
-8.950000 -0.023083
-8.900000 -0.021574
-8.850000 -0.019829
-8.800000 -0.017834
-8.750000 -0.015645
-8.700000 -0.013242
-8.650000 -0.010695
-8.600000 -0.007978
-8.550000 -0.005171
-8.500000 -0.002244
-8.450000 0.000715
-8.400000 0.003744
-8.350000 0.006742
-8.300000 0.009760
-8.250000 0.012687
-8.200000 0.015583
-8.150000 0.018328
-8.100000 0.020993
-8.050000 0.023450
-8.000000 0.025783
-7.950000 0.027858
-7.900000 0.029770
-7.850000 0.031379
-7.800000 0.032794
-7.750000 0.033872
-7.700000 0.034735
-7.650000 0.035236
-7.600000 0.035511
-7.550000 0.035409
-7.500000 0.035081
-7.450000 0.034372
-7.400000 0.033448
-7.350000 0.032146
-7.300000 0.030647
-7.250000 0.028785
-7.200000 0.026750
-7.150000 0.024372
-7.100000 0.021855
-7.050000 0.019021
-7.000000 0.016088
-6.950000 0.012873
-6.900000 0.009605
-6.850000 0.006093
-6.800000 0.002581
-6.750000 -0.001128
-6.700000 -0.004781
-6.650000 -0.008581
-6.600000 -0.012265
-6.550000 -0.016045
-6.500000 -0.019647
-6.450000 -0.023293
-6.400000 -0.026702
-6.350000 -0.030106
-6.300000 -0.033218
-6.250000 -0.036280
-6.200000 -0.038999
-6.150000 -0.041631
-6.100000 -0.043875
-6.050000 -0.046001
-6.000000 -0.047702
-5.950000 -0.049260
-5.900000 -0.050363
-5.850000 -0.051304
-5.800000 -0.051769
-5.750000 -0.052062
-5.700000 -0.051863
-5.650000 -0.051491
-5.600000 -0.050619
-5.550000 -0.049582
-5.500000 -0.048049
-5.450000 -0.046365
-5.400000 -0.044198
-5.350000 -0.041906
-5.300000 -0.039150
-5.250000 -0.036302
-5.200000 -0.033019
-5.150000 -0.029683
-5.100000 -0.025943
-5.050000 -0.022194
-5.000000 -0.018077
-4.950000 -0.013995
-4.900000 -0.009580
-4.850000 -0.005246
-4.800000 -0.000614
-4.750000 0.003892
-4.700000 0.008661
-4.650000 0.013262
-4.600000 0.018092
-4.550000 0.022711
-4.500000 0.027527
-4.450000 0.032092
-4.400000 0.036823
-4.350000 0.041264
-4.300000 0.045842
-4.250000 0.050094
-4.200000 0.054459
-4.150000 0.058466
-4.100000 0.062564
-4.050000 0.066277
-4.000000 0.070066
-3.950000 0.073449
-3.900000 0.076896
-3.850000 0.079919
-3.800000 0.083001
-3.750000 0.085647
-3.700000 0.088349
-3.650000 0.090603
-3.600000 0.092913
-3.550000 0.094766
-3.500000 0.096675
-3.450000 0.098120
-3.400000 0.099621
-3.350000 0.100650
-3.300000 0.101738
-3.250000 0.102347
-3.200000 0.103018
-3.150000 0.103206
-3.100000 0.103460
-3.050000 0.103229
-3.000000 0.103070
-2.950000 0.102422
-2.900000 0.101855
-2.850000 0.100798
-2.800000 0.099828
-2.750000 0.098365
-2.700000 0.096993
-2.650000 0.095124
-2.600000 0.093349
-2.550000 0.091066
-2.500000 0.088876
-2.450000 0.086166
-2.400000 0.083542
-2.350000 0.080382
-2.300000 0.077299
-2.250000 0.073660
-2.200000 0.070084
-2.150000 0.065930
-2.100000 0.061822
-2.050000 0.057109
-2.000000 0.052424
-1.950000 0.047101
-1.900000 0.041780
-1.850000 0.035786
-1.800000 0.029761
-1.750000 0.023017
-1.700000 0.016203
-1.650000 0.008617
-1.600000 0.000910
-1.550000 -0.007634
-1.500000 -0.016359
-1.450000 -0.025994
-1.400000 -0.035880
-1.350000 -0.046759
-1.300000 -0.057967
-1.250000 -0.070260
-1.200000 -0.082969
-1.150000 -0.096860
-1.100000 -0.111260
-1.050000 -0.126945
-1.000000 -0.143236
-0.950000 -0.160921
-0.900000 -0.179311
-0.850000 -0.199204
-0.800000 -0.219901
-0.750000 -0.242207
-0.700000 -0.265410
-0.650000 -0.290319
-0.600000 -0.316205
-0.550000 -0.343874
-0.500000 -0.372575
-0.450000 -0.403105
-0.400000 -0.434684
-0.350000 -0.468091
-0.300000 -0.502508
-0.250000 -0.538692
-0.200000 -0.575774
-0.150000 -0.614480
-0.100000 -0.653887
-0.050000 -0.694678
0.000000 -0.735871
0.050000 -0.778103
0.100000 -0.820327
0.150000 -0.863134
0.200000 -0.905415
0.250000 -0.947716
0.300000 -0.988873
0.350000 -1.029399
0.400000 -1.068086
0.450000 -1.105434
0.500000 -1.140211
0.550000 -1.172925
0.600000 -1.202349
0.650000 -1.229028
0.700000 -1.251770
0.750000 -1.271186
0.800000 -1.286150
0.850000 -1.297369
0.900000 -1.303806
0.950000 -1.306285
1.000000 -1.303872
1.050000 -1.297519
1.100000 -1.286401
1.150000 -1.271591
1.200000 -1.252362
1.250000 -1.229894
1.300000 -1.203537
1.350000 -1.174550
1.400000 -1.142332
1.450000 -1.108189
1.500000 -1.071538
1.550000 -1.033702
1.600000 -0.994085
1.650000 -0.954001
1.700000 -0.912816
1.750000 -0.871816
1.800000 -0.830313
1.850000 -0.789552
1.900000 -0.748781
1.950000 -0.709201
2.000000 -0.669995
2.050000 -0.632317
2.100000 -0.595291
2.150000 -0.560028
2.200000 -0.525596
2.250000 -0.493071
2.300000 -0.461472
2.350000 -0.431848
2.400000 -0.403177
2.450000 -0.376488
2.500000 -0.350725
2.550000 -0.326905
2.600000 -0.303944
2.650000 -0.282853
2.700000 -0.262530
2.750000 -0.243982
2.800000 -0.226093
2.850000 -0.209875
2.900000 -0.194202
2.950000 -0.180093
3.000000 -0.166413
3.050000 -0.154193
3.100000 -0.142293
3.150000 -0.131755
3.200000 -0.121434
3.250000 -0.112385
3.300000 -0.103458
3.350000 -0.095721
3.400000 -0.088019
3.450000 -0.081431
3.500000 -0.074799
3.550000 -0.069212
3.600000 -0.063506
3.650000 -0.058783
3.700000 -0.053874
3.750000 -0.049892
3.800000 -0.045663
3.850000 -0.042313
3.900000 -0.038662
3.950000 -0.035849
4.000000 -0.032690
4.050000 -0.030336
4.100000 -0.027599
4.150000 -0.025640
4.200000 -0.023266
4.250000 -0.021649
4.300000 -0.019591
4.350000 -0.018273
4.400000 -0.016488
4.450000 -0.015428
4.500000 -0.013880
4.550000 -0.013042
4.600000 -0.011693
4.650000 -0.011042
4.700000 -0.009859
4.750000 -0.009362
4.800000 -0.008314
4.850000 -0.007942
4.900000 -0.007003
4.950000 -0.006734
5.000000 -0.005884
5.050000 -0.005702
5.100000 -0.004930
5.150000 -0.004826
5.200000 -0.004125
5.250000 -0.004095
5.300000 -0.003464
5.350000 -0.003506
5.400000 -0.002943
5.450000 -0.003057
5.500000 -0.002560
5.550000 -0.002743
5.600000 -0.002309
5.650000 -0.002557
5.700000 -0.002184
5.750000 -0.002496
5.800000 -0.002184
5.850000 -0.002564
5.900000 -0.002322
5.950000 -0.002786
6.000000 -0.002634
6.050000 -0.003208
6.100000 -0.003184
6.150000 -0.003914
6.200000 -0.004073
6.250000 -0.005027
6.300000 -0.005449
6.350000 -0.006722
6.400000 -0.007518
6.450000 -0.009239
6.500000 -0.010565
6.550000 -0.012917
6.600000 -0.014986
6.650000 -0.018226
6.700000 -0.021346
6.750000 -0.025841
6.800000 -0.030450
6.850000 -0.036725
6.900000 -0.043454
6.950000 -0.052262
7.000000 -0.062010
7.050000 -0.074426
7.100000 -0.088474
7.150000 -0.106019
7.200000 -0.126173
7.250000 -0.150986
7.300000 -0.179771
7.350000 -0.214828
7.400000 -0.255738
7.450000 -0.305124
7.500000 -0.362919
7.550000 -0.432152
7.600000 -0.513179
7.650000 -0.609502
7.700000 -0.721948
7.750000 -0.854493
7.800000 -1.008374
7.850000 -1.187888
7.900000 -1.394402
7.950000 -1.632082
8.000000 -1.901744
8.050000 -2.206469
8.100000 -2.545261
8.150000 -2.918541
8.200000 -3.321643
8.250000 -3.750305
8.300000 -4.194232
8.350000 -4.642919
8.400000 -5.079719
8.450000 -5.488496
8.500000 -5.848631
8.550000 -6.142716
8.600000 -6.352338
8.650000 -6.466171
8.700000 -6.475443
8.750000 -6.381077
8.800000 -6.187582
8.850000 -5.908449
8.900000 -5.558401
8.950000 -5.157710
9.000000 -4.724009
9.050000 -4.276888
9.100000 -3.830432
9.150000 -3.398825
9.200000 -2.989869
9.250000 -2.611434
9.300000 -2.265547
9.350000 -1.955211
9.400000 -1.678595
9.450000 -1.435859
9.500000 -1.223213
9.550000 -1.039615
9.600000 -0.880638
9.650000 -0.745039
9.700000 -0.628480
9.750000 -0.530016
9.800000 -0.445706
9.850000 -0.375074
9.900000 -0.314653
9.950000 -0.264441
10.000000 -0.221406
10.050000 -0.185959
10.100000 -0.155426
10.150000 -0.130549
10.200000 -0.108931
10.250000 -0.091566
10.300000 -0.076265
10.350000 -0.064210
10.400000 -0.053362
10.450000 -0.045044
10.500000 -0.037321
10.550000 -0.031621
10.600000 -0.026084
10.650000 -0.022212
10.700000 -0.018200
10.750000 -0.015605
10.800000 -0.012657
10.850000 -0.010956
10.900000 -0.008754
10.950000 -0.007682
11.000000 -0.006009
11.050000 -0.005386
11.100000 -0.004090
11.150000 -0.003790
11.200000 -0.002765
11.250000 -0.002698
11.300000 -0.001866
11.350000 -0.001964
11.400000 -0.001266
11.450000 -0.001476
11.500000 -0.000865
11.550000 -0.001146
11.600000 -0.000588
11.650000 -0.000910
11.700000 -0.000379
11.750000 -0.000725
11.800000 -0.000207
11.850000 -0.000566
11.900000 -0.000057
11.950000 -0.000428
12.000000 0.000070
12.050000 -0.000316
12.100000 0.000167
12.150000 -0.000239
12.200000 0.000225
12.250000 -0.000204
12.300000 0.000240
12.350000 -0.000209
12.400000 0.000221
12.450000 -0.000243
12.500000 0.000181
12.550000 -0.000287
12.600000 0.000141
12.650000 -0.000321
12.700000 0.000119
12.750000 -0.000330
12.800000 0.000127
12.850000 -0.000308
12.900000 0.000164
12.950000 -0.000261
13.000000 0.000220
13.050000 -0.000204
13.100000 0.000276
13.150000 -0.000156
13.200000 0.000315
13.250000 -0.000133
13.300000 0.000322
13.350000 -0.000144
13.400000 0.000297
13.450000 -0.000185
13.500000 0.000247
13.550000 -0.000241
13.600000 0.000190
13.650000 -0.000295
13.700000 0.000146
13.750000 -0.000328
13.800000 0.000130
13.850000 -0.000329
13.900000 0.000148
13.950000 -0.000296
14.000000 0.000195
14.050000 -0.000242
14.100000 0.000255
14.150000 -0.000184
14.200000 0.000309
14.250000 -0.000141
14.300000 0.000338
14.350000 -0.000130
14.400000 0.000333
14.450000 -0.000154
14.500000 0.000295
14.550000 -0.000206
14.600000 0.000235
14.650000 -0.000270
14.700000 0.000176
14.750000 -0.000323
14.800000 0.000136
14.850000 -0.000348
14.900000 0.000130
14.950000 -0.000336
15.000000 0.000160
15.050000 -0.000292
15.100000 0.000218
15.150000 -0.000229
15.200000 0.000283
15.250000 -0.000170
15.300000 0.000334
15.350000 -0.000133
15.400000 0.000356
15.450000 -0.000131
15.500000 0.000340
15.550000 -0.000166
15.600000 0.000291
15.650000 -0.000227
15.700000 0.000226
15.750000 -0.000293
15.800000 0.000165
15.850000 -0.000345
15.900000 0.000129
15.950000 -0.000364
16.000000 0.000131
16.050000 -0.000344
16.100000 0.000170
16.150000 -0.000291
16.200000 0.000235
16.250000 -0.000222
16.300000 0.000304
16.350000 -0.000160
16.400000 0.000356
16.450000 -0.000125
16.500000 0.000373
16.550000 -0.000130
16.600000 0.000349
16.650000 -0.000174
16.700000 0.000291
16.750000 -0.000242
16.800000 0.000219
16.850000 -0.000314
16.900000 0.000156
16.950000 -0.000365
17.000000 0.000123
17.050000 -0.000380
17.100000 0.000130
17.150000 -0.000353
17.200000 0.000176
17.250000 -0.000294
17.300000 0.000247
17.350000 -0.000220
17.400000 0.000320
17.450000 -0.000155
17.500000 0.000373
17.550000 -0.000120
17.600000 0.000389
17.650000 -0.000127
17.700000 0.000361
17.750000 -0.000175
17.800000 0.000299
17.850000 -0.000249
17.900000 0.000221
17.950000 -0.000326
18.000000 0.000153
18.050000 -0.000382
18.100000 0.000116
18.150000 -0.000398
18.200000 0.000123
18.250000 -0.000369
18.300000 0.000173
18.350000 -0.000304
18.400000 0.000250
18.450000 -0.000223
18.500000 0.000330
18.550000 -0.000152
18.600000 0.000389
18.650000 -0.000113
18.700000 0.000407
18.750000 -0.000120
18.800000 0.000378
18.850000 -0.000169
18.900000 0.000313
18.950000 -0.000248
19.000000 0.000230
19.050000 -0.000331
19.100000 0.000155
19.150000 -0.000393
19.200000 0.000111
19.250000 -0.000416
19.300000 0.000113
19.350000 -0.000391
19.400000 0.000161
19.450000 -0.000325
19.500000 0.000242
19.550000 -0.000238
19.600000 0.000329
19.650000 -0.000158
19.700000 0.000398
19.750000 -0.000108
19.800000 0.000426
19.850000 -0.000106
19.900000 0.000404
19.950000 -0.000152
20.000000 0.000339
20.050000 -0.000234
20.100000 0.000249
20.150000 -0.000326
20.200000 0.000163
20.250000 -0.000400
20.300000 0.000107
20.350000 -0.000435
20.400000 0.000099
20.450000 -0.000418
20.500000 0.000141
20.550000 -0.000355
20.600000 0.000222
20.650000 -0.000264
20.700000 0.000317
20.750000 -0.000173
20.800000 0.000398
20.850000 -0.000109
20.900000 0.000442
20.950000 -0.000092
21.000000 0.000434
21.050000 -0.000127
21.100000 0.000376
21.150000 -0.000205
21.200000 0.000285
21.250000 -0.000304
21.300000 0.000187
21.350000 -0.000394
21.400000 0.000112
21.450000 -0.000449
21.500000 0.000084
21.550000 -0.000451
21.600000 0.000110
21.650000 -0.000399
21.700000 0.000185
21.750000 -0.000308
21.800000 0.000287
21.850000 -0.000204
21.900000 0.000386
21.950000 -0.000119
22.000000 0.000451
22.050000 -0.000079
22.100000 0.000465
22.150000 -0.000095
22.200000 0.000422
22.250000 -0.000163
22.300000 0.000335
22.350000 -0.000264
22.400000 0.000229
22.450000 -0.000369
22.500000 0.000134
22.550000 -0.000448
22.600000 0.000078
22.650000 -0.000478
22.700000 0.000078
22.750000 -0.000449
22.800000 0.000136
22.850000 -0.000368
22.900000 0.000234
22.950000 -0.000259
23.000000 0.000347
23.050000 -0.000153
23.100000 0.000441
23.150000 -0.000080
23.200000 0.000488
23.250000 -0.000063
23.300000 0.000475
23.350000 -0.000107
23.400000 0.000404
23.450000 -0.000201
23.500000 0.000295
23.550000 -0.000318
23.600000 0.000179
23.650000 -0.000425
23.700000 0.000090
23.750000 -0.000491
23.800000 0.000053
23.850000 -0.000497
23.900000 0.000080
23.950000 -0.000441
24.000000 0.000163
24.050000 -0.000338
24.100000 0.000280
24.150000 -0.000216
24.200000 0.000398
24.250000 -0.000111
24.300000 0.000484
24.350000 -0.000051
24.400000 0.000515
24.450000 -0.000054
24.500000 0.000479
24.550000 -0.000121
24.600000 0.000387
24.650000 -0.000233
24.700000 0.000263
24.750000 -0.000361
24.800000 0.000141
24.850000 -0.000468
24.900000 0.000057
24.950000 -0.000525
25.000000 0.000033
25.050000 -0.000514
25.100000 0.000079
25.150000 -0.000438
25.200000 0.000182
25.250000 -0.000317
25.300000 0.000314
25.350000 -0.000184
25.400000 0.000439
25.450000 -0.000077
25.500000 0.000522
25.550000 -0.000024
25.600000 0.000540
25.650000 -0.000042
25.700000 0.000488
25.750000 -0.000126
25.800000 0.000379
25.850000 -0.000254
25.900000 0.000242
25.950000 -0.000391
26.000000 0.000114
26.050000 -0.000501
26.100000 0.000030
26.150000 -0.000554
26.200000 0.000013
26.250000 -0.000535
26.300000 0.000069
26.350000 -0.000447
26.400000 0.000184
26.450000 -0.000312
26.500000 0.000329
26.550000 -0.000168
26.600000 0.000464
26.650000 -0.000052
26.700000 0.000552
26.750000 0.000003
26.800000 0.000570
26.850000 -0.000019
26.900000 0.000511
26.950000 -0.000113
27.000000 0.000390
27.050000 -0.000254
27.100000 0.000239
27.150000 -0.000405
27.200000 0.000098
27.250000 -0.000526
27.300000 0.000005
27.350000 -0.000585
27.400000 -0.000015
27.450000 -0.000565
27.500000 0.000044
27.550000 -0.000472
27.600000 0.000167
27.650000 -0.000328
27.700000 0.000323
27.750000 -0.000170
27.800000 0.000472
27.850000 -0.000040
27.900000 0.000574
27.950000 0.000028
28.000000 0.000604
28.050000 0.000016
28.100000 0.000550
28.150000 -0.000076
28.200000 0.000426
28.250000 -0.000224
28.300000 0.000264
28.350000 -0.000391
28.400000 0.000103
28.450000 -0.000534
28.500000 -0.000012
28.550000 -0.000614
28.600000 -0.000051
28.650000 -0.000610
28.700000 -0.000004
28.750000 -0.000522
28.800000 0.000119
28.850000 -0.000373
28.900000 0.000287
28.950000 -0.000199
29.000000 0.000456
29.050000 -0.000045
29.100000 0.000585
29.150000 0.000050
29.200000 0.000639
29.250000 0.000061
29.300000 0.000605
29.350000 -0.000016
29.400000 0.000490
29.450000 -0.000162
29.500000 0.000321
29.550000 -0.000343
29.600000 0.000141
29.650000 -0.000512
29.700000 -0.000007
29.750000 -0.000628
29.800000 -0.000083
29.850000 -0.000660
29.900000 -0.000068
29.950000 -0.000598
30.000000 0.000037
30.050000 -0.000456
30.100000 0.000207
30.150000 -0.000269
30.200000 0.000399
30.250000 -0.000083
30.300000 0.000566
30.350000 0.000055
30.400000 0.000666
30.450000 0.000109
30.500000 0.000672
30.550000 0.000067
30.600000 0.000583
30.650000 -0.000063
30.700000 0.000420
30.750000 -0.000249
30.800000 0.000221
30.850000 -0.000447
30.900000 0.000035
30.950000 -0.000609
31.000000 -0.000092
31.050000 -0.000695
31.100000 -0.000131
31.150000 -0.000682
31.200000 -0.000068
31.250000 -0.000573
31.300000 0.000081
31.350000 -0.000392
31.400000 0.000283
31.450000 -0.000181
31.500000 0.000490
31.550000 0.000009
31.600000 0.000650
31.650000 0.000131
31.700000 0.000725
31.750000 0.000154
31.800000 0.000695
31.850000 0.000072
31.900000 0.000564
31.950000 -0.000098
32.000000 0.000365
32.050000 -0.000315
32.100000 0.000143
32.150000 -0.000527
32.200000 -0.000048
32.250000 -0.000685
32.300000 -0.000163
32.350000 -0.000750
32.400000 -0.000174
32.450000 -0.000705
32.500000 -0.000078
32.550000 -0.000561
32.600000 0.000105
32.650000 -0.000349
32.700000 0.000333
32.750000 -0.000118
32.800000 0.000553
32.850000 0.000079
32.900000 0.000714
32.950000 0.000195
33.000000 0.000777
33.050000 0.000202
33.100000 0.000726
33.150000 0.000095
33.200000 0.000570
33.250000 -0.000101
33.300000 0.000344
33.350000 -0.000343
33.400000 0.000099
33.450000 -0.000576
33.500000 -0.000108
33.550000 -0.000743
33.600000 -0.000228
33.650000 -0.000807
33.700000 -0.000232
33.750000 -0.000750
33.800000 -0.000118
33.850000 -0.000585
33.900000 0.000088
33.950000 -0.000348
34.000000 0.000341
34.050000 -0.000092
34.100000 0.000584
34.150000 0.000125
34.200000 0.000762
34.250000 0.000255
34.300000 0.000834
34.350000 0.000266
34.400000 0.000783
34.450000 0.000155
34.500000 0.000617
34.550000 -0.000056
34.600000 0.000372
34.650000 -0.000321
34.700000 0.000101
34.750000 -0.000581
34.800000 -0.000136
34.850000 -0.000779
34.900000 -0.000285
34.950000 -0.000868
35.000000 -0.000310
35.050000 -0.000827
35.100000 -0.000204
35.150000 -0.000662
35.200000 0.000010
35.250000 -0.000408
35.300000 0.000287
35.350000 -0.000122
35.400000 0.000566
35.450000 0.000135
35.500000 0.000785
35.550000 0.000305
35.600000 0.000895
35.650000 0.000351
35.700000 0.000873
35.750000 0.000262
35.800000 0.000720
35.850000 0.000055
35.900000 0.000468
35.950000 -0.000227
36.000000 0.000170
36.050000 -0.000524
36.100000 -0.000112
36.150000 -0.000773
36.200000 -0.000316
36.250000 -0.000919
36.300000 -0.000397
36.350000 -0.000929
36.400000 -0.000336
36.450000 -0.000797
36.500000 -0.000142
36.550000 -0.000550
36.600000 0.000144
36.650000 -0.000238
36.700000 0.000463
36.750000 0.000072
36.800000 0.000746
36.850000 0.000314
36.900000 0.000933
36.950000 0.000436
37.000000 0.000981
37.050000 0.000410
37.100000 0.000881
37.150000 0.000241
37.200000 0.000650
37.250000 -0.000037
37.300000 0.000337
37.350000 -0.000368
37.400000 0.000004
37.450000 -0.000684
37.500000 -0.000280
37.550000 -0.000919
37.600000 -0.000455
37.650000 -0.001024
37.700000 -0.000485
37.750000 -0.000974
37.800000 -0.000359
37.850000 -0.000777
37.900000 -0.000102
37.950000 -0.000471
38.000000 0.000236
38.050000 -0.000116
38.100000 0.000588
38.150000 0.000215
38.200000 0.000879
38.250000 0.000454
38.300000 0.001050
38.350000 0.000549
38.400000 0.001063
38.450000 0.000480
38.500000 0.000913
38.550000 0.000258
38.600000 0.000629
38.650000 -0.000072
38.700000 0.000266
38.750000 -0.000446
38.800000 -0.000102
38.850000 -0.000789
38.900000 -0.000404
38.950000 -0.001033
39.000000 -0.000578
39.050000 -0.001127
39.100000 -0.000589
39.150000 -0.001051
39.200000 -0.000431
39.250000 -0.000817
39.300000 -0.000134
39.350000 -0.000468
39.400000 0.000248
39.450000 -0.000071
39.500000 0.000639
39.550000 0.000297
39.600000 0.000963
39.650000 0.000563
39.700000 0.001155
39.750000 0.000673
39.800000 0.001174
39.850000 0.000601
39.900000 0.001013
39.950000 0.000360
40.000000 0.000701
40.050000 -0.000005
40.100000 0.000298
40.150000 -0.000426
40.200000 -0.000121
40.250000 -0.000819
40.300000 -0.000473
40.350000 -0.001111
40.400000 -0.000691
40.450000 -0.001243
40.500000 -0.000733
40.550000 -0.001189
40.600000 -0.000587
40.650000 -0.000956
40.700000 -0.000279
40.750000 -0.000586
40.800000 0.000135
40.850000 -0.000145
40.900000 0.000579
40.950000 0.000285
41.000000 0.000971
41.050000 0.000622
41.100000 0.001236
41.150000 0.000802
41.200000 0.001320
41.250000 0.000787
41.300000 0.001204
41.350000 0.000577
41.400000 0.000907
41.450000 0.000208
41.500000 0.000480
41.550000 -0.000253
41.600000 0.000004
41.650000 -0.000721
41.700000 -0.000436
41.750000 -0.001109
41.800000 -0.000757
41.850000 -0.001345
41.900000 -0.000898
41.950000 -0.001383
42.000000 -0.000832
42.050000 -0.001214
42.100000 -0.000569
42.150000 -0.000866
42.200000 -0.000154
42.250000 -0.000399
42.300000 0.000341
42.350000 0.000104
42.400000 0.000828
42.450000 0.000556
42.500000 0.001220
42.550000 0.000872
42.600000 0.001445
42.650000 0.000996
42.700000 0.001458
42.750000 0.000899
42.800000 0.001252
42.850000 0.000596
42.900000 0.000862
42.950000 0.000137
43.000000 0.000352
43.050000 -0.000399
43.100000 -0.000187
43.150000 -0.000915
43.200000 -0.000661
43.250000 -0.001322
43.300000 -0.000984
43.350000 -0.001545
43.400000 -0.001099
43.450000 -0.001544
43.500000 -0.000985
43.550000 -0.001318
43.600000 -0.000658
43.650000 -0.000903
43.700000 -0.000174
43.750000 -0.000368
43.800000 0.000385
43.850000 0.000194
43.900000 0.000924
43.950000 0.000689
44.000000 0.001349
44.050000 0.001029
44.100000 0.001587
44.150000 0.001154
44.200000 0.001591
44.250000 0.001041
44.300000 0.001362
44.350000 0.000707
44.400000 0.000938
44.450000 0.000216
44.500000 0.000401
44.550000 -0.000336
44.600000 -0.000139
44.650000 -0.000829
44.700000 -0.000558
44.750000 -0.001142
44.800000 -0.000737
44.850000 -0.001159
44.900000 -0.000574
44.950000 -0.000796
