-30.000000 0.000000
-29.950000 0.000000
-29.900000 0.000000
-29.850000 0.000000
-29.800000 0.000000
-29.750000 0.000000
-29.700000 -0.000000
-29.650000 -0.000000
-29.600000 -0.000000
-29.550000 -0.000000
-29.500000 -0.000000
-29.450000 -0.000000
-29.400000 0.000000
-29.350000 0.000000
-29.300000 0.000000
-29.250000 0.000000
-29.200000 0.000000
-29.150000 0.000000
-29.100000 -0.000000
-29.050000 -0.000000
-29.000000 -0.000000
-28.950000 -0.000000
-28.900000 -0.000000
-28.850000 0.000000
-28.800000 0.000000
-28.750000 0.000000
-28.700000 0.000000
-28.650000 0.000000
-28.600000 -0.000000
-28.550000 -0.000000
-28.500000 -0.000000
-28.450000 -0.000000
-28.400000 -0.000000
-28.350000 -0.000000
-28.300000 -0.000000
-28.250000 0.000000
-28.200000 0.000000
-28.150000 0.000000
-28.100000 0.000000
-28.050000 0.000000
-28.000000 -0.000000
-27.950000 -0.000000
-27.900000 -0.000000
-27.850000 -0.000000
-27.800000 -0.000000
-27.750000 -0.000000
-27.700000 0.000000
-27.650000 0.000000
-27.600000 0.000000
-27.550000 0.000000
-27.500000 0.000000
-27.450000 0.000000
-27.400000 -0.000000
-27.350000 -0.000000
-27.300000 -0.000000
-27.250000 -0.000000
-27.200000 -0.000000
-27.150000 0.000000
-27.100000 0.000000
-27.050000 0.000000
-27.000000 0.000000
-26.950000 0.000000
-26.900000 0.000000
-26.850000 -0.000000
-26.800000 -0.000000
-26.750000 -0.000000
-26.700000 -0.000000
-26.650000 -0.000000
-26.600000 -0.000000
-26.550000 0.000000
-26.500000 0.000000
-26.450000 0.000000
-26.400000 0.000000
-26.350000 0.000000
-26.300000 0.000000
-26.250000 -0.000000
-26.200000 -0.000000
-26.150000 -0.000000
-26.100000 -0.000000
-26.050000 -0.000000
-26.000000 -0.000000
-25.950000 0.000000
-25.900000 0.000000
-25.850000 0.000000
-25.800000 0.000000
-25.750000 0.000000
-25.700000 0.000000
-25.650000 -0.000000
-25.600000 -0.000000
-25.550000 -0.000000
-25.500000 -0.000000
-25.450000 -0.000000
-25.400000 -0.000000
-25.350000 0.000000
-25.300000 0.000000
-25.250000 0.000000
-25.200000 0.000000
-25.150000 0.000000
-25.100000 0.000000
-25.050000 -0.000000
-25.000000 -0.000000
-24.950000 -0.000000
-24.900000 -0.000000
-24.850000 -0.000000
-24.800000 -0.000000
-24.750000 0.000000
-24.700000 0.000000
-24.650000 0.000000
-24.600000 0.000000
-24.550000 0.000000
-24.500000 0.000000
-24.450000 -0.000000
-24.400000 -0.000000
-24.350000 -0.000000
-24.300000 -0.000000
-24.250000 -0.000000
-24.200000 -0.000000
-24.150000 -0.000000
-24.100000 0.000000
-24.050000 0.000000
-24.000000 0.000000
-23.950000 0.000000
-23.900000 0.000000
-23.850000 0.000000
-23.800000 -0.000000
-23.750000 -0.000000
-23.700000 -0.000000
-23.650000 -0.000000
-23.600000 -0.000000
-23.550000 -0.000000
-23.500000 0.000000
-23.450000 0.000000
-23.400000 0.000000
-23.350000 0.000001
-23.300000 0.000000
-23.250000 0.000000
-23.200000 0.000000
-23.150000 -0.000000
-23.100000 -0.000000
-23.050000 -0.000001
-23.000000 -0.000001
-22.950000 -0.000000
-22.900000 -0.000000
-22.850000 0.000000
-22.800000 0.000000
-22.750000 0.000001
-22.700000 0.000001
-22.650000 0.000001
-22.600000 0.000000
-22.550000 0.000000
-22.500000 -0.000000
-22.450000 -0.000001
-22.400000 -0.000001
-22.350000 -0.000001
-22.300000 -0.000001
-22.250000 -0.000000
-22.200000 0.000000
-22.150000 0.000001
-22.100000 0.000001
-22.050000 0.000001
-22.000000 0.000001
-21.950000 0.000000
-21.900000 0.000000
-21.850000 -0.000000
-21.800000 -0.000001
-21.750000 -0.000001
-21.700000 -0.000001
-21.650000 -0.000001
-21.600000 -0.000000
-21.550000 0.000000
-21.500000 0.000001
-21.450000 0.000001
-21.400000 0.000001
-21.350000 0.000001
-21.300000 0.000001
-21.250000 0.000000
-21.200000 -0.000000
-21.150000 -0.000001
-21.100000 -0.000001
-21.050000 -0.000001
-21.000000 -0.000001
-20.950000 -0.000001
-20.900000 -0.000000
-20.850000 0.000001
-20.800000 0.000001
-20.750000 0.000001
-20.700000 0.000001
-20.650000 0.000001
-20.600000 0.000001
-20.550000 -0.000000
-20.500000 -0.000001
-20.450000 -0.000001
-20.400000 -0.000002
-20.350000 -0.000002
-20.300000 -0.000001
-20.250000 -0.000001
-20.200000 0.000000
-20.150000 0.000001
-20.100000 0.000002
-20.050000 0.000002
-20.000000 0.000002
-19.950000 0.000001
-19.900000 0.000001
-19.850000 -0.000000
-19.800000 -0.000001
-19.750000 -0.000002
-19.700000 -0.000002
-19.650000 -0.000002
-19.600000 -0.000002
-19.550000 -0.000001
-19.500000 0.000000
-19.450000 0.000001
-19.400000 0.000002
-19.350000 0.000003
-19.300000 0.000002
-19.250000 0.000002
-19.200000 0.000001
-19.150000 -0.000000
-19.100000 -0.000001
-19.050000 -0.000002
-19.000000 -0.000003
-18.950000 -0.000003
-18.900000 -0.000002
-18.850000 -0.000001
-18.800000 0.000000
-18.750000 0.000001
-18.700000 0.000003
-18.650000 0.000003
-18.600000 0.000003
-18.550000 0.000003
-18.500000 0.000002
-18.450000 0.000000
-18.400000 -0.000001
-18.350000 -0.000003
-18.300000 -0.000004
-18.250000 -0.000004
-18.200000 -0.000003
-18.150000 -0.000002
-18.100000 -0.000001
-18.050000 0.000001
-18.000000 0.000003
-17.950000 0.000004
-17.900000 0.000005
-17.850000 0.000004
-17.800000 0.000003
-17.750000 0.000002
-17.700000 -0.000000
-17.650000 -0.000003
-17.600000 -0.000004
-17.550000 -0.000005
-17.500000 -0.000005
-17.450000 -0.000004
-17.400000 -0.000003
-17.350000 -0.000001
-17.300000 0.000002
-17.250000 0.000004
-17.200000 0.000006
-17.150000 0.000006
-17.100000 0.000006
-17.050000 0.000004
-17.000000 0.000002
-16.950000 -0.000001
-16.900000 -0.000003
-16.850000 -0.000006
-16.800000 -0.000007
-16.750000 -0.000007
-16.700000 -0.000006
-16.650000 -0.000004
-16.600000 -0.000001
-16.550000 0.000002
-16.500000 0.000005
-16.450000 0.000007
-16.400000 0.000009
-16.350000 0.000008
-16.300000 0.000007
-16.250000 0.000004
-16.200000 0.000000
-16.150000 -0.000003
-16.100000 -0.000007
-16.050000 -0.000009
-16.000000 -0.000010
-15.950000 -0.000010
-15.900000 -0.000007
-15.850000 -0.000004
-15.800000 0.000000
-15.750000 0.000005
-15.700000 0.000008
-15.650000 0.000011
-15.600000 0.000012
-15.550000 0.000011
-15.500000 0.000009
-15.450000 0.000004
-15.400000 -0.000001
-15.350000 -0.000006
-15.300000 -0.000010
-15.250000 -0.000013
-15.200000 -0.000014
-15.150000 -0.000013
-15.100000 -0.000010
-15.050000 -0.000005
-15.000000 0.000000
-14.950000 0.000006
-14.900000 0.000012
-14.850000 0.000016
-14.800000 0.000017
-14.750000 0.000016
-14.700000 0.000013
-14.650000 0.000007
-14.600000 0.000001
-14.550000 -0.000006
-14.500000 -0.000013
-14.450000 -0.000018
-14.400000 -0.000020
-14.350000 -0.000020
-14.300000 -0.000017
-14.250000 -0.000011
-14.200000 -0.000003
-14.150000 0.000005
-14.100000 0.000013
-14.050000 0.000020
-14.000000 0.000024
-13.950000 0.000025
-13.900000 0.000022
-13.850000 0.000016
-13.800000 0.000008
-13.750000 -0.000002
-13.700000 -0.000012
-13.650000 -0.000021
-13.600000 -0.000027
-13.550000 -0.000030
-13.500000 -0.000029
-13.450000 -0.000024
-13.400000 -0.000016
-13.350000 -0.000005
-13.300000 0.000007
-13.250000 0.000019
-13.200000 0.000029
-13.150000 0.000035
-13.100000 0.000037
-13.050000 0.000034
-13.000000 0.000026
-12.950000 0.000015
-12.900000 0.000002
-12.850000 -0.000013
-12.800000 -0.000026
-12.750000 -0.000037
-12.700000 -0.000044
-12.650000 -0.000045
-12.600000 -0.000040
-12.550000 -0.000031
-12.500000 -0.000017
-12.450000 0.000000
-12.400000 0.000018
-12.350000 0.000034
-12.300000 0.000047
-12.250000 0.000054
-12.200000 0.000055
-12.150000 0.000050
-12.100000 0.000038
-12.050000 0.000021
-12.000000 0.000001
-11.950000 -0.000020
-11.900000 -0.000040
-11.850000 -0.000056
-11.800000 -0.000066
-11.750000 -0.000069
-11.700000 -0.000064
-11.650000 -0.000051
-11.600000 -0.000031
-11.550000 -0.000007
-11.500000 0.000019
-11.450000 0.000044
-11.400000 0.000065
-11.350000 0.000080
-11.300000 0.000087
-11.250000 0.000084
-11.200000 0.000071
-11.150000 0.000050
-11.100000 0.000023
-11.050000 -0.000009
-11.000000 -0.000041
-10.950000 -0.000070
-10.900000 -0.000093
-10.850000 -0.000107
-10.800000 -0.000110
-10.750000 -0.000101
-10.700000 -0.000081
-10.650000 -0.000052
-10.600000 -0.000016
-10.550000 0.000024
-10.500000 0.000063
-10.450000 0.000098
-10.400000 0.000124
-10.350000 0.000138
-10.300000 0.000139
-10.250000 0.000126
-10.200000 0.000100
-10.150000 0.000061
-10.100000 0.000015
-10.050000 -0.000035
-10.000000 -0.000084
-9.950000 -0.000127
-9.900000 -0.000160
-9.850000 -0.000179
-9.800000 -0.000181
-9.750000 -0.000166
-9.700000 -0.000134
-9.650000 -0.000087
-9.600000 -0.000030
-9.550000 0.000033
-9.500000 0.000096
-9.450000 0.000153
-9.400000 0.000199
-9.350000 0.000229
-9.300000 0.000239
-9.250000 0.000228
-9.200000 0.000195
-9.150000 0.000143
-9.100000 0.000075
-9.050000 -0.000003
-9.000000 -0.000085
-8.950000 -0.000164
-8.900000 -0.000232
-8.850000 -0.000284
-8.800000 -0.000313
-8.750000 -0.000317
-8.700000 -0.000294
-8.650000 -0.000244
-8.600000 -0.000171
-8.550000 -0.000079
-8.500000 0.000024
-8.450000 0.000130
-8.400000 0.000232
-8.350000 0.000319
-8.300000 0.000386
-8.250000 0.000424
-8.200000 0.000430
-8.150000 0.000401
-8.100000 0.000339
-8.050000 0.000246
-8.000000 0.000128
-7.950000 -0.000006
-7.900000 -0.000147
-7.850000 -0.000285
-7.800000 -0.000409
-7.750000 -0.000508
-7.700000 -0.000574
-7.650000 -0.000601
-7.600000 -0.000585
-7.550000 -0.000524
-7.500000 -0.000421
-7.450000 -0.000281
-7.400000 -0.000114
-7.350000 0.000072
-7.300000 0.000262
-7.250000 0.000444
-7.200000 0.000605
-7.150000 0.000733
-7.100000 0.000815
-7.050000 0.000846
-7.000000 0.000819
-6.950000 0.000735
-6.900000 0.000594
-6.850000 0.000405
-6.800000 0.000176
-6.750000 -0.000079
-6.700000 -0.000344
-6.650000 -0.000605
-6.600000 -0.000842
-6.550000 -0.001042
-6.500000 -0.001188
-6.450000 -0.001269
-6.400000 -0.001277
-6.350000 -0.001208
-6.300000 -0.001062
-6.250000 -0.000843
-6.200000 -0.000563
-6.150000 -0.000234
-6.100000 0.000128
-6.050000 0.000500
-6.000000 0.000864
-5.950000 0.001196
-5.900000 0.001477
-5.850000 0.001685
-5.800000 0.001807
-5.750000 0.001829
-5.700000 0.001744
-5.650000 0.001551
-5.600000 0.001253
-5.550000 0.000860
-5.500000 0.000386
-5.450000 -0.000150
-5.400000 -0.000723
-5.350000 -0.001309
-5.300000 -0.001878
-5.250000 -0.002403
-5.200000 -0.002857
-5.150000 -0.003214
-5.100000 -0.003453
-5.050000 -0.003558
-5.000000 -0.003518
-4.950000 -0.003329
-4.900000 -0.002992
-4.850000 -0.002519
-4.800000 -0.001925
-4.750000 -0.001232
-4.700000 -0.000471
-4.650000 0.000327
-4.600000 0.001124
-4.550000 0.001882
-4.500000 0.002561
-4.450000 0.003122
-4.400000 0.003529
-4.350000 0.003749
-4.300000 0.003754
-4.250000 0.003524
-4.200000 0.003045
-4.150000 0.002309
-4.100000 0.001319
-4.050000 0.000085
-4.000000 -0.001374
-3.950000 -0.003032
-3.900000 -0.004855
-3.850000 -0.006805
-3.800000 -0.008837
-3.750000 -0.010904
-3.700000 -0.012958
-3.650000 -0.014949
-3.600000 -0.016829
-3.550000 -0.018555
-3.500000 -0.020089
-3.450000 -0.021396
-3.400000 -0.022455
-3.350000 -0.023249
-3.300000 -0.023774
-3.250000 -0.024038
-3.200000 -0.024059
-3.150000 -0.023868
-3.100000 -0.023509
-3.050000 -0.023038
-3.000000 -0.022520
-2.950000 -0.022036
-2.900000 -0.021674
-2.850000 -0.021533
-2.800000 -0.021720
-2.750000 -0.022349
-2.700000 -0.023541
-2.650000 -0.025423
-2.600000 -0.028123
-2.550000 -0.031775
-2.500000 -0.036514
-2.450000 -0.042474
-2.400000 -0.049790
-2.350000 -0.058594
-2.300000 -0.069018
-2.250000 -0.081189
-2.200000 -0.095230
-2.150000 -0.111257
-2.100000 -0.129383
-2.050000 -0.149710
-2.000000 -0.172332
-1.950000 -0.197334
-1.900000 -0.224786
-1.850000 -0.254746
-1.800000 -0.287254
-1.750000 -0.322333
-1.700000 -0.359984
-1.650000 -0.400183
-1.600000 -0.442881
-1.550000 -0.487996
-1.500000 -0.535415
-1.450000 -0.584987
-1.400000 -0.636525
-1.350000 -0.689798
-1.300000 -0.744534
-1.250000 -0.800419
-1.200000 -0.857092
-1.150000 -0.914157
-1.100000 -0.971176
-1.050000 -1.027680
-1.000000 -1.083175
-0.950000 -1.137149
-0.900000 -1.189084
-0.850000 -1.238470
-0.800000 -1.284813
-0.750000 -1.327656
-0.700000 -1.366592
-0.650000 -1.401278
-0.600000 -1.431451
-0.550000 -1.456945
-0.500000 -1.477697
-0.450000 -1.493764
-0.400000 -1.505325
-0.350000 -1.512693
-0.300000 -1.516313
-0.250000 -1.516766
-0.200000 -1.514769
-0.150000 -1.511169
-0.100000 -1.506947
-0.050000 -1.503207
0.000000 -1.501182
0.050000 -1.502228
0.100000 -1.507821
0.150000 -1.519561
0.200000 -1.539172
0.250000 -1.568497
0.300000 -1.609498
0.350000 -1.664242
0.400000 -1.734888
0.450000 -1.823649
0.500000 -1.932745
0.550000 -2.064324
0.600000 -2.220353
0.650000 -2.402470
0.700000 -2.611794
0.750000 -2.848685
0.800000 -3.112469
0.850000 -3.401131
0.900000 -3.711018
0.950000 -4.036573
1.000000 -4.370175
1.050000 -4.702138
1.100000 -5.020947
1.150000 -5.313761
1.200000 -5.567206
1.250000 -5.768414
1.300000 -5.906186
1.350000 -5.972132
1.400000 -5.961585
1.450000 -5.874131
1.500000 -5.713654
1.550000 -5.487871
1.600000 -5.207473
1.650000 -4.885006
1.700000 -4.533703
1.750000 -4.166417
1.800000 -3.794792
1.850000 -3.428712
1.900000 -3.076032
1.950000 -2.742546
2.000000 -2.432139
2.050000 -2.147031
2.100000 -1.888088
2.150000 -1.655127
2.200000 -1.447202
2.250000 -1.262853
2.300000 -1.100309
2.350000 -0.957642
2.400000 -0.832885
2.450000 -0.724114
2.500000 -0.629504
2.550000 -0.547357
2.600000 -0.476125
2.650000 -0.414414
2.700000 -0.360979
2.750000 -0.314721
2.800000 -0.274672
2.850000 -0.239989
2.900000 -0.209937
2.950000 -0.183879
3.000000 -0.161267
3.050000 -0.141624
3.100000 -0.124542
3.150000 -0.109670
3.200000 -0.096704
3.250000 -0.085387
3.300000 -0.075493
3.350000 -0.066833
3.400000 -0.059241
3.450000 -0.052577
3.500000 -0.046717
3.550000 -0.041558
3.600000 -0.037010
3.650000 -0.032994
3.700000 -0.029443
3.750000 -0.026299
3.800000 -0.023512
3.850000 -0.021039
3.900000 -0.018841
3.950000 -0.016885
4.000000 -0.015143
4.050000 -0.013590
4.100000 -0.012204
4.150000 -0.010966
4.200000 -0.009858
4.250000 -0.008867
4.300000 -0.007979
4.350000 -0.007184
4.400000 -0.006470
4.450000 -0.005830
4.500000 -0.005254
4.550000 -0.004737
4.600000 -0.004272
4.650000 -0.003854
4.700000 -0.003478
4.750000 -0.003139
4.800000 -0.002834
4.850000 -0.002558
4.900000 -0.002311
4.950000 -0.002087
5.000000 -0.001885
5.050000 -0.001703
5.100000 -0.001539
5.150000 -0.001391
5.200000 -0.001257
5.250000 -0.001136
5.300000 -0.001027
5.350000 -0.000929
5.400000 -0.000840
5.450000 -0.000759
5.500000 -0.000687
5.550000 -0.000621
5.600000 -0.000561
5.650000 -0.000508
5.700000 -0.000459
5.750000 -0.000415
5.800000 -0.000376
5.850000 -0.000340
5.900000 -0.000307
5.950000 -0.000278
6.000000 -0.000252
6.050000 -0.000228
6.100000 -0.000206
6.150000 -0.000186
6.200000 -0.000169
6.250000 -0.000152
6.300000 -0.000138
6.350000 -0.000125
6.400000 -0.000113
6.450000 -0.000102
6.500000 -0.000092
6.550000 -0.000084
6.600000 -0.000076
6.650000 -0.000068
6.700000 -0.000062
6.750000 -0.000056
6.800000 -0.000051
6.850000 -0.000046
6.900000 -0.000041
6.950000 -0.000038
7.000000 -0.000034
7.050000 -0.000031
7.100000 -0.000028
7.150000 -0.000025
7.200000 -0.000023
7.250000 -0.000021
7.300000 -0.000019
7.350000 -0.000017
7.400000 -0.000015
7.450000 -0.000014
7.500000 -0.000012
7.550000 -0.000011
7.600000 -0.000010
7.650000 -0.000009
7.700000 -0.000008
7.750000 -0.000008
7.800000 -0.000007
7.850000 -0.000006
7.900000 -0.000006
7.950000 -0.000005
8.000000 -0.000005
8.050000 -0.000004
8.100000 -0.000004
8.150000 -0.000003
8.200000 -0.000003
8.250000 -0.000003
8.300000 -0.000003
8.350000 -0.000002
8.400000 -0.000002
8.450000 -0.000002
8.500000 -0.000002
8.550000 -0.000002
8.600000 -0.000001
8.650000 -0.000001
8.700000 -0.000001
8.750000 -0.000001
8.800000 -0.000001
8.850000 -0.000001
8.900000 -0.000001
8.950000 -0.000001
9.000000 -0.000001
9.050000 -0.000001
9.100000 -0.000001
9.150000 -0.000000
9.200000 -0.000000
9.250000 -0.000000
9.300000 -0.000000
9.350000 -0.000000
9.400000 -0.000000
9.450000 -0.000000
9.500000 -0.000000
9.550000 -0.000000
9.600000 -0.000000
9.650000 -0.000000
9.700000 -0.000000
9.750000 -0.000000
9.800000 -0.000000
9.850000 -0.000000
9.900000 -0.000000
9.950000 -0.000000
10.000000 -0.000000
10.050000 -0.000000
10.100000 -0.000000
10.150000 -0.000000
10.200000 -0.000000
10.250000 -0.000000
10.300000 -0.000000
10.350000 -0.000000
10.400000 -0.000000
10.450000 -0.000000
10.500000 -0.000000
10.550000 -0.000000
10.600000 -0.000000
10.650000 -0.000000
10.700000 -0.000000
10.750000 -0.000000
10.800000 -0.000000
10.850000 -0.000000
10.900000 -0.000000
10.950000 -0.000000
11.000000 -0.000000
11.050000 -0.000000
11.100000 -0.000000
11.150000 -0.000000
11.200000 -0.000000
11.250000 -0.000000
11.300000 -0.000000
11.350000 -0.000000
11.400000 -0.000000
11.450000 -0.000000
11.500000 -0.000000
11.550000 -0.000000
11.600000 -0.000000
11.650000 -0.000000
11.700000 -0.000000
11.750000 -0.000000
11.800000 -0.000000
11.850000 -0.000000
11.900000 -0.000000
11.950000 -0.000000
12.000000 -0.000000
12.050000 -0.000000
12.100000 -0.000000
12.150000 -0.000000
12.200000 -0.000000
12.250000 -0.000000
12.300000 -0.000000
12.350000 -0.000000
12.400000 0.000000
12.450000 0.000000
12.500000 0.000000
12.550000 0.000000
12.600000 0.000000
12.650000 0.000000
12.700000 0.000000
12.750000 0.000000
12.800000 -0.000000
12.850000 -0.000000
12.900000 -0.000000
12.950000 -0.000000
13.000000 -0.000000
13.050000 -0.000000
13.100000 -0.000000
13.150000 -0.000000
13.200000 -0.000000
13.250000 -0.000000
13.300000 0.000000
13.350000 0.000000
13.400000 0.000000
13.450000 0.000000
13.500000 0.000000
13.550000 0.000000
13.600000 0.000000
13.650000 0.000000
13.700000 -0.000000
13.750000 -0.000000
13.800000 -0.000000
13.850000 -0.000000
13.900000 -0.000000
13.950000 -0.000000
14.000000 -0.000000
14.050000 -0.000000
14.100000 -0.000000
14.150000 0.000000
14.200000 0.000000
14.250000 0.000000
14.300000 0.000000
14.350000 0.000000
14.400000 0.000000
14.450000 0.000000
14.500000 0.000000
14.550000 -0.000000
14.600000 -0.000000
14.650000 -0.000000
14.700000 -0.000000
14.750000 -0.000000
14.800000 -0.000000
14.850000 -0.000000
14.900000 -0.000000
14.950000 0.000000
15.000000 0.000000
15.050000 0.000000
15.100000 0.000000
15.150000 0.000000
15.200000 0.000000
15.250000 0.000000
15.300000 0.000000
15.350000 -0.000000
15.400000 -0.000000
15.450000 -0.000000
15.500000 -0.000000
15.550000 -0.000000
15.600000 -0.000000
15.650000 -0.000000
15.700000 -0.000000
15.750000 -0.000000
15.800000 0.000000
15.850000 0.000000
15.900000 0.000000
15.950000 0.000000
16.000000 0.000000
16.050000 0.000000
16.100000 0.000000
16.150000 -0.000000
16.200000 -0.000000
16.250000 -0.000000
16.300000 -0.000000
16.350000 -0.000000
16.400000 -0.000000
16.450000 -0.000000
16.500000 -0.000000
16.550000 0.000000
16.600000 0.000000
16.650000 0.000000
16.700000 0.000000
16.750000 0.000000
16.800000 0.000000
16.850000 0.000000
16.900000 0.000000
16.950000 -0.000000
17.000000 -0.000000
17.050000 -0.000000
17.100000 -0.000000
17.150000 -0.000000
17.200000 -0.000000
17.250000 -0.000000
17.300000 0.000000
17.350000 0.000000
17.400000 0.000000
17.450000 0.000000
17.500000 0.000000
17.550000 0.000000
17.600000 0.000000
17.650000 0.000000
17.700000 -0.000000
17.750000 -0.000000
17.800000 -0.000000
17.850000 -0.000000
17.900000 -0.000000
17.950000 -0.000000
18.000000 -0.000000
18.050000 0.000000
18.100000 0.000000
18.150000 0.000000
18.200000 0.000000
18.250000 0.000000
18.300000 0.000000
18.350000 0.000000
18.400000 -0.000000
18.450000 -0.000000
18.500000 -0.000000
18.550000 -0.000000
18.600000 -0.000000
18.650000 -0.000000
18.700000 -0.000000
18.750000 -0.000000
18.800000 0.000000
18.850000 0.000000
18.900000 0.000000
18.950000 0.000000
19.000000 0.000000
19.050000 0.000000
19.100000 0.000000
19.150000 -0.000000
19.200000 -0.000000
19.250000 -0.000000
19.300000 -0.000000
19.350000 -0.000000
19.400000 -0.000000
19.450000 -0.000000
19.500000 0.000000
19.550000 0.000000
19.600000 0.000000
19.650000 0.000000
19.700000 0.000000
19.750000 0.000000
19.800000 0.000000
19.850000 -0.000000
19.900000 -0.000000
19.950000 -0.000000
20.000000 -0.000000
20.050000 -0.000000
20.100000 -0.000000
20.150000 -0.000000
20.200000 0.000000
20.250000 0.000000
20.300000 0.000000
20.350000 0.000000
20.400000 0.000000
20.450000 0.000000
20.500000 0.000000
20.550000 -0.000000
20.600000 -0.000000
20.650000 -0.000000
20.700000 -0.000000
20.750000 -0.000000
20.800000 -0.000000
20.850000 -0.000000
20.900000 0.000000
20.950000 0.000000
21.000000 0.000000
21.050000 0.000000
21.100000 0.000000
21.150000 0.000000
21.200000 -0.000000
21.250000 -0.000000
21.300000 -0.000000
21.350000 -0.000000
21.400000 -0.000000
21.450000 -0.000000
21.500000 -0.000000
21.550000 0.000000
21.600000 0.000000
21.650000 0.000000
21.700000 0.000000
21.750000 0.000000
21.800000 0.000000
21.850000 0.000000
21.900000 -0.000000
21.950000 -0.000000
22.000000 -0.000000
22.050000 -0.000000
22.100000 -0.000000
22.150000 -0.000000
22.200000 0.000000
22.250000 0.000000
22.300000 0.000000
22.350000 0.000000
22.400000 0.000000
22.450000 0.000000
22.500000 0.000000
22.550000 -0.000000
22.600000 -0.000000
22.650000 -0.000000
22.700000 -0.000000
22.750000 -0.000000
22.800000 -0.000000
22.850000 0.000000
22.900000 0.000000
22.950000 0.000000
23.000000 0.000000
23.050000 0.000000
23.100000 0.000000
23.150000 -0.000000
23.200000 -0.000000
23.250000 -0.000000
23.300000 -0.000000
23.350000 -0.000000
23.400000 -0.000000
23.450000 -0.000000
23.500000 0.000000
23.550000 0.000000
23.600000 0.000000
23.650000 0.000000
23.700000 0.000000
23.750000 0.000000
23.800000 0.000000
23.850000 -0.000000
23.900000 -0.000000
23.950000 -0.000000
24.000000 -0.000000
24.050000 -0.000000
24.100000 -0.000000
24.150000 0.000000
24.200000 0.000000
24.250000 0.000000
24.300000 0.000000
24.350000 0.000000
24.400000 0.000000
24.450000 -0.000000
24.500000 -0.000000
24.550000 -0.000000
24.600000 -0.000000
24.650000 -0.000000
24.700000 -0.000000
24.750000 0.000000
24.800000 0.000000
24.850000 0.000000
24.900000 0.000000
24.950000 0.000000
25.000000 0.000000
25.050000 -0.000000
25.100000 -0.000000
25.150000 -0.000000
25.200000 -0.000000
25.250000 -0.000000
25.300000 -0.000000
25.350000 0.000000
25.400000 0.000000
25.450000 0.000000
25.500000 0.000000
25.550000 0.000000
25.600000 0.000000
25.650000 -0.000000
25.700000 -0.000000
25.750000 -0.000000
25.800000 -0.000000
25.850000 -0.000000
25.900000 -0.000000
25.950000 0.000000
26.000000 0.000000
26.050000 0.000000
26.100000 0.000000
26.150000 0.000000
26.200000 0.000000
26.250000 -0.000000
26.300000 -0.000000
26.350000 -0.000000
26.400000 -0.000000
26.450000 -0.000000
26.500000 -0.000000
26.550000 0.000000
26.600000 0.000000
26.650000 0.000000
26.700000 0.000000
26.750000 0.000000
26.800000 0.000000
26.850000 -0.000000
26.900000 -0.000000
26.950000 -0.000000
27.000000 -0.000000
27.050000 -0.000000
27.100000 -0.000000
27.150000 0.000000
27.200000 0.000000
27.250000 0.000000
27.300000 0.000000
27.350000 0.000000
27.400000 0.000000
27.450000 -0.000000
27.500000 -0.000000
27.550000 -0.000000
27.600000 -0.000000
27.650000 -0.000000
27.700000 -0.000000
27.750000 0.000000
27.800000 0.000000
27.850000 0.000000
27.900000 0.000000
27.950000 0.000000
28.000000 -0.000000
28.050000 -0.000000
28.100000 -0.000000
28.150000 -0.000000
28.200000 -0.000000
28.250000 -0.000000
28.300000 0.000000
28.350000 0.000000
28.400000 0.000000
28.450000 0.000000
28.500000 0.000000
28.550000 0.000000
28.600000 -0.000000
28.650000 -0.000000
28.700000 -0.000000
28.750000 -0.000000
28.800000 -0.000000
28.850000 -0.000000
28.900000 0.000000
28.950000 0.000000
29.000000 0.000000
29.050000 0.000000
29.100000 0.000000
29.150000 -0.000000
29.200000 -0.000000
29.250000 -0.000000
29.300000 -0.000000
29.350000 -0.000000
29.400000 -0.000000
29.450000 0.000000
29.500000 0.000000
29.550000 0.000000
29.600000 0.000000
29.650000 0.000000
29.700000 -0.000000
29.750000 -0.000000
29.800000 -0.000000
29.850000 -0.000000
29.900000 -0.000000
29.950000 -0.000000
30.000000 0.000000
30.050000 0.000000
30.100000 0.000000
30.150000 0.000000
30.200000 0.000000
30.250000 -0.000000
30.300000 -0.000000
30.350000 -0.000000
30.400000 -0.000000
30.450000 -0.000000
30.500000 -0.000000
30.550000 0.000000
30.600000 0.000000
30.650000 0.000000
30.700000 0.000000
30.750000 0.000000
30.800000 -0.000000
30.850000 -0.000000
30.900000 -0.000000
30.950000 -0.000000
31.000000 -0.000000
31.050000 -0.000000
31.100000 0.000000
31.150000 0.000000
31.200000 0.000000
31.250000 0.000000
31.300000 0.000000
31.350000 -0.000000
31.400000 -0.000000
31.450000 -0.000000
31.500000 -0.000000
31.550000 -0.000000
31.600000 0.000000
31.650000 0.000000
31.700000 0.000000
31.750000 0.000000
31.800000 0.000000
31.850000 0.000000
31.900000 -0.000000
31.950000 -0.000000
32.000000 -0.000000
32.050000 -0.000000
32.100000 -0.000000
32.150000 0.000000
32.200000 0.000000
32.250000 0.000000
32.300000 0.000000
32.350000 0.000000
32.400000 -0.000000
32.450000 -0.000000
32.500000 -0.000000
32.550000 -0.000000
32.600000 -0.000000
32.650000 -0.000000
32.700000 0.000000
32.750000 0.000000
32.800000 0.000000
32.850000 0.000000
32.900000 0.000000
32.950000 -0.000000
33.000000 -0.000000
33.050000 -0.000000
33.100000 -0.000000
33.150000 -0.000000
33.200000 0.000000
33.250000 0.000000
33.300000 0.000000
33.350000 0.000000
33.400000 0.000000
33.450000 -0.000000
33.500000 -0.000000
33.550000 -0.000000
33.600000 -0.000000
33.650000 -0.000000
33.700000 -0.000000
33.750000 0.000000
33.800000 0.000000
33.850000 0.000000
33.900000 0.000000
33.950000 0.000000
34.000000 -0.000000
34.050000 -0.000000
34.100000 -0.000000
34.150000 -0.000000
34.200000 -0.000000
34.250000 0.000000
34.300000 0.000000
34.350000 0.000000
34.400000 0.000000
34.450000 0.000000
34.500000 -0.000000
34.550000 -0.000000
34.600000 -0.000000
34.650000 -0.000000
34.700000 -0.000000
34.750000 0.000000
34.800000 0.000000
34.850000 0.000000
34.900000 0.000000
34.950000 0.000000
35.000000 -0.000000
35.050000 -0.000000
35.100000 -0.000000
35.150000 -0.000000
35.200000 -0.000000
35.250000 0.000000
35.300000 0.000000
35.350000 0.000000
35.400000 0.000000
35.450000 0.000000
35.500000 -0.000000
35.550000 -0.000000
35.600000 -0.000000
35.650000 -0.000000
35.700000 -0.000000
35.750000 0.000000
35.800000 0.000000
35.850000 0.000000
35.900000 0.000000
35.950000 0.000000
36.000000 -0.000000
36.050000 -0.000000
36.100000 -0.000000
36.150000 -0.000000
36.200000 -0.000000
36.250000 0.000000
36.300000 0.000000
36.350000 0.000000
36.400000 0.000000
36.450000 0.000000
36.500000 -0.000000
36.550000 -0.000000
36.600000 -0.000000
36.650000 -0.000000
36.700000 -0.000000
36.750000 0.000000
36.800000 0.000000
36.850000 0.000000
36.900000 0.000000
36.950000 0.000000
37.000000 -0.000000
37.050000 -0.000000
37.100000 -0.000000
37.150000 -0.000000
37.200000 0.000000
37.250000 0.000000
37.300000 0.000000
37.350000 0.000000
37.400000 0.000000
37.450000 -0.000000
37.500000 -0.000000
37.550000 -0.000000
37.600000 -0.000000
37.650000 -0.000000
37.700000 0.000000
37.750000 0.000000
37.800000 0.000000
37.850000 0.000000
37.900000 0.000000
37.950000 -0.000000
38.000000 -0.000000
38.050000 -0.000000
38.100000 -0.000000
38.150000 -0.000000
38.200000 0.000000
38.250000 0.000000
38.300000 0.000000
38.350000 0.000000
38.400000 0.000000
38.450000 -0.000000
38.500000 -0.000000
38.550000 -0.000000
38.600000 -0.000000
38.650000 0.000000
38.700000 0.000000
38.750000 0.000000
38.800000 0.000000
38.850000 0.000000
38.900000 -0.000000
38.950000 -0.000000
39.000000 -0.000000
39.050000 -0.000000
39.100000 -0.000000
39.150000 0.000000
39.200000 0.000000
39.250000 0.000000
39.300000 0.000000
39.350000 -0.000000
39.400000 -0.000000
39.450000 -0.000000
39.500000 -0.000000
39.550000 -0.000000
39.600000 0.000000
39.650000 0.000000
39.700000 0.000000
39.750000 0.000000
39.800000 0.000000
39.850000 -0.000000
39.900000 -0.000000
39.950000 -0.000000
40.000000 -0.000000
40.050000 0.000000
40.100000 0.000000
40.150000 0.000000
40.200000 0.000000
40.250000 0.000000
40.300000 -0.000000
40.350000 -0.000000
40.400000 -0.000000
40.450000 -0.000000
40.500000 -0.000000
40.550000 0.000000
40.600000 0.000000
40.650000 0.000000
40.700000 0.000000
40.750000 -0.000000
40.800000 -0.000000
40.850000 -0.000000
40.900000 -0.000000
40.950000 -0.000000
41.000000 0.000000
41.050000 0.000000
41.100000 0.000000
41.150000 0.000000
41.200000 -0.000000
41.250000 -0.000000
41.300000 -0.000000
41.350000 -0.000000
41.400000 -0.000000
41.450000 0.000000
41.500000 0.000000
41.550000 0.000000
41.600000 0.000000
41.650000 -0.000000
41.700000 -0.000000
41.750000 -0.000000
41.800000 -0.000000
41.850000 -0.000000
41.900000 0.000000
41.950000 0.000000
42.000000 0.000000
42.050000 0.000000
42.100000 0.000000
42.150000 -0.000000
42.200000 -0.000000
42.250000 -0.000000
42.300000 0.000000
42.350000 0.000000
42.400000 0.000000
42.450000 0.000000
42.500000 0.000000
42.550000 -0.000000
42.600000 -0.000000
42.650000 -0.000000
42.700000 -0.000000
42.750000 -0.000000
42.800000 0.000000
42.850000 0.000000
42.900000 0.000000
42.950000 0.000000
43.000000 -0.000000
43.050000 -0.000000
43.100000 -0.000000
43.150000 -0.000000
43.200000 -0.000000
43.250000 0.000000
43.300000 0.000000
43.350000 0.000000
43.400000 0.000000
43.450000 -0.000000
43.500000 -0.000000
43.550000 -0.000000
43.600000 -0.000000
43.650000 0.000000
43.700000 0.000000
43.750000 0.000000
43.800000 0.000000
43.850000 0.000000
43.900000 -0.000000
43.950000 -0.000000
44.000000 -0.000000
44.050000 -0.000000
44.100000 -0.000000
44.150000 0.000000
44.200000 0.000000
44.250000 0.000000
44.300000 -0.000000
44.350000 -0.000000
44.400000 -0.000000
44.450000 -0.000000
44.500000 -0.000000
44.550000 0.000000
44.600000 0.000000
44.650000 0.000000
44.700000 0.000000
44.750000 -0.000000
44.800000 -0.000000
44.850000 -0.000000
44.900000 -0.000000
44.950000 -0.000000
