-30.000000 0.000000
-29.950000 0.000000
-29.900000 0.000000
-29.850000 -0.000000
-29.800000 -0.000000
-29.750000 -0.000000
-29.700000 -0.000000
-29.650000 -0.000000
-29.600000 0.000000
-29.550000 0.000000
-29.500000 0.000000
-29.450000 0.000000
-29.400000 -0.000000
-29.350000 -0.000000
-29.300000 -0.000000
-29.250000 -0.000000
-29.200000 -0.000000
-29.150000 0.000000
-29.100000 0.000000
-29.050000 0.000000
-29.000000 0.000000
-28.950000 0.000000
-28.900000 -0.000000
-28.850000 -0.000000
-28.800000 -0.000000
-28.750000 -0.000000
-28.700000 0.000000
-28.650000 0.000000
-28.600000 0.000000
-28.550000 0.000000
-28.500000 0.000000
-28.450000 -0.000000
-28.400000 -0.000000
-28.350000 -0.000000
-28.300000 -0.000000
-28.250000 0.000000
-28.200000 0.000000
-28.150000 0.000000
-28.100000 0.000000
-28.050000 0.000000
-28.000000 -0.000000
-27.950000 -0.000000
-27.900000 -0.000000
-27.850000 -0.000000
-27.800000 -0.000000
-27.750000 0.000000
-27.700000 0.000000
-27.650000 0.000000
-27.600000 0.000000
-27.550000 0.000000
-27.500000 -0.000000
-27.450000 -0.000000
-27.400000 -0.000000
-27.350000 -0.000000
-27.300000 -0.000000
-27.250000 0.000000
-27.200000 0.000000
-27.150000 0.000000
-27.100000 0.000000
-27.050000 0.000000
-27.000000 -0.000000
-26.950000 -0.000000
-26.900000 -0.000000
-26.850000 -0.000000
-26.800000 0.000000
-26.750000 0.000000
-26.700000 0.000000
-26.650000 0.000000
-26.600000 0.000000
-26.550000 -0.000000
-26.500000 -0.000000
-26.450000 -0.000000
-26.400000 -0.000000
-26.350000 -0.000000
-26.300000 0.000000
-26.250000 0.000000
-26.200000 0.000000
-26.150000 0.000000
-26.100000 0.000000
-26.050000 -0.000000
-26.000000 -0.000000
-25.950000 -0.000000
-25.900000 -0.000000
-25.850000 -0.000000
-25.800000 0.000000
-25.750000 0.000000
-25.700000 0.000000
-25.650000 0.000000
-25.600000 0.000000
-25.550000 -0.000000
-25.500000 -0.000000
-25.450000 -0.000000
-25.400000 -0.000000
-25.350000 -0.000000
-25.300000 0.000000
-25.250000 0.000000
-25.200000 0.000000
-25.150000 0.000000
-25.100000 0.000000
-25.050000 -0.000000
-25.000000 -0.000000
-24.950000 -0.000000
-24.900000 -0.000000
-24.850000 -0.000000
-24.800000 0.000000
-24.750000 0.000000
-24.700000 0.000000
-24.650000 0.000000
-24.600000 0.000000
-24.550000 0.000000
-24.500000 -0.000000
-24.450000 -0.000000
-24.400000 -0.000000
-24.350000 -0.000000
-24.300000 -0.000000
-24.250000 0.000000
-24.200000 0.000000
-24.150000 0.000000
-24.100000 0.000000
-24.050000 0.000000
-24.000000 -0.000000
-23.950000 -0.000000
-23.900000 -0.000000
-23.850000 -0.000000
-23.800000 -0.000000
-23.750000 0.000000
-23.700000 0.000000
-23.650000 0.000000
-23.600000 0.000000
-23.550000 0.000000
-23.500000 -0.000000
-23.450000 -0.000000
-23.400000 -0.000000
-23.350000 -0.000000
-23.300000 -0.000000
-23.250000 -0.000000
-23.200000 0.000000
-23.150000 0.000000
-23.100000 0.000000
-23.050000 0.000000
-23.000000 0.000000
-22.950000 -0.000000
-22.900000 -0.000000
-22.850000 -0.000000
-22.800000 -0.000000
-22.750000 -0.000000
-22.700000 0.000000
-22.650000 0.000000
-22.600000 0.000000
-22.550000 0.000000
-22.500000 0.000000
-22.450000 0.000000
-22.400000 -0.000000
-22.350000 -0.000000
-22.300000 -0.000000
-22.250000 -0.000000
-22.200000 -0.000000
-22.150000 0.000000
-22.100000 0.000000
-22.050000 0.000000
-22.000000 0.000000
-21.950000 0.000000
-21.900000 0.000000
-21.850000 -0.000000
-21.800000 -0.000000
-21.750000 -0.000000
-21.700000 -0.000000
-21.650000 -0.000000
-21.600000 0.000000
-21.550000 0.000000
-21.500000 0.000000
-21.450000 0.000000
-21.400000 0.000000
-21.350000 0.000000
-21.300000 -0.000000
-21.250000 -0.000000
-21.200000 -0.000000
-21.150000 -0.000000
-21.100000 -0.000000
-21.050000 0.000000
-21.000000 0.000000
-20.950000 0.000000
-20.900000 0.000000
-20.850000 0.000000
-20.800000 0.000000
-20.750000 -0.000000
-20.700000 -0.000000
-20.650000 -0.000000
-20.600000 -0.000000
-20.550000 -0.000000
-20.500000 -0.000000
-20.450000 0.000000
-20.400000 0.000000
-20.350000 0.000000
-20.300000 0.000000
-20.250000 0.000000
-20.200000 0.000000
-20.150000 -0.000000
-20.100000 -0.000000
-20.050000 -0.000000
-20.000000 -0.000000
-19.950000 -0.000000
-19.900000 0.000000
-19.850000 0.000000
-19.800000 0.000000
-19.750000 0.000000
-19.700000 0.000000
-19.650000 0.000000
-19.600000 -0.000000
-19.550000 -0.000000
-19.500000 -0.000000
-19.450000 -0.000000
-19.400000 -0.000000
-19.350000 -0.000000
-19.300000 0.000000
-19.250000 0.000000
-19.200000 0.000000
-19.150000 0.000000
-19.100000 0.000000
-19.050000 0.000000
-19.000000 -0.000000
-18.950000 -0.000000
-18.900000 -0.000000
-18.850000 -0.000000
-18.800000 -0.000000
-18.750000 -0.000000
-18.700000 0.000000
-18.650000 0.000000
-18.600000 0.000000
-18.550000 0.000000
-18.500000 0.000000
-18.450000 0.000000
-18.400000 -0.000000
-18.350000 -0.000000
-18.300000 -0.000000
-18.250000 -0.000000
-18.200000 -0.000000
-18.150000 -0.000000
-18.100000 0.000000
-18.050000 0.000000
-18.000000 0.000000
-17.950000 0.000000
-17.900000 0.000000
-17.850000 0.000000
-17.800000 -0.000000
-17.750000 -0.000000
-17.700000 -0.000000
-17.650000 -0.000000
-17.600000 -0.000000
-17.550000 -0.000000
-17.500000 -0.000000
-17.450000 0.000000
-17.400000 0.000000
-17.350000 0.000001
-17.300000 0.000000
-17.250000 0.000000
-17.200000 0.000000
-17.150000 -0.000000
-17.100000 -0.000000
-17.050000 -0.000001
-17.000000 -0.000001
-16.950000 -0.000000
-16.900000 -0.000000
-16.850000 0.000000
-16.800000 0.000000
-16.750000 0.000001
-16.700000 0.000001
-16.650000 0.000001
-16.600000 0.000000
-16.550000 0.000000
-16.500000 -0.000000
-16.450000 -0.000001
-16.400000 -0.000001
-16.350000 -0.000001
-16.300000 -0.000001
-16.250000 -0.000000
-16.200000 0.000000
-16.150000 0.000001
-16.100000 0.000001
-16.050000 0.000001
-16.000000 0.000001
-15.950000 0.000001
-15.900000 0.000000
-15.850000 -0.000000
-15.800000 -0.000001
-15.750000 -0.000001
-15.700000 -0.000001
-15.650000 -0.000001
-15.600000 -0.000000
-15.550000 0.000000
-15.500000 0.000001
-15.450000 0.000001
-15.400000 0.000001
-15.350000 0.000001
-15.300000 0.000001
-15.250000 0.000000
-15.200000 -0.000000
-15.150000 -0.000001
-15.100000 -0.000002
-15.050000 -0.000002
-15.000000 -0.000002
-14.950000 -0.000001
-14.900000 -0.000000
-14.850000 0.000001
-14.800000 0.000001
-14.750000 0.000002
-14.700000 0.000002
-14.650000 0.000002
-14.600000 0.000001
-14.550000 0.000000
-14.500000 -0.000001
-14.450000 -0.000002
-14.400000 -0.000002
-14.350000 -0.000003
-14.300000 -0.000002
-14.250000 -0.000001
-14.200000 -0.000000
-14.150000 0.000001
-14.100000 0.000002
-14.050000 0.000003
-14.000000 0.000003
-13.950000 0.000003
-13.900000 0.000002
-13.850000 0.000000
-13.800000 -0.000001
-13.750000 -0.000002
-13.700000 -0.000003
-13.650000 -0.000004
-13.600000 -0.000003
-13.550000 -0.000002
-13.500000 -0.000001
-13.450000 0.000001
-13.400000 0.000003
-13.350000 0.000004
-13.300000 0.000005
-13.250000 0.000004
-13.200000 0.000003
-13.150000 0.000002
-13.100000 -0.000001
-13.050000 -0.000003
-13.000000 -0.000005
-12.950000 -0.000006
-12.900000 -0.000006
-12.850000 -0.000005
-12.800000 -0.000003
-12.750000 -0.000000
-12.700000 0.000002
-12.650000 0.000005
-12.600000 0.000006
-12.550000 0.000007
-12.500000 0.000007
-12.450000 0.000005
-12.400000 0.000002
-12.350000 -0.000001
-12.300000 -0.000004
-12.250000 -0.000007
-12.200000 -0.000009
-12.150000 -0.000009
-12.100000 -0.000008
-12.050000 -0.000005
-12.000000 -0.000001
-11.950000 0.000003
-11.900000 0.000007
-11.850000 0.000010
-11.800000 0.000011
-11.750000 0.000011
-11.700000 0.000009
-11.650000 0.000005
-11.600000 0.000001
-11.550000 -0.000004
-11.500000 -0.000009
-11.450000 -0.000012
-11.400000 -0.000014
-11.350000 -0.000013
-11.300000 -0.000011
-11.250000 -0.000006
-11.200000 -0.000000
-11.150000 0.000006
-11.100000 0.000012
-11.050000 0.000016
-11.000000 0.000018
-10.950000 0.000017
-10.900000 0.000014
-10.850000 0.000008
-10.800000 0.000001
-10.750000 -0.000007
-10.700000 -0.000014
-10.650000 -0.000020
-10.600000 -0.000023
-10.550000 -0.000022
-10.500000 -0.000019
-10.450000 -0.000012
-10.400000 -0.000004
-10.350000 0.000006
-10.300000 0.000016
-10.250000 0.000024
-10.200000 0.000028
-10.150000 0.000030
-10.100000 0.000027
-10.050000 0.000020
-10.000000 0.000010
-9.950000 -0.000003
-9.900000 -0.000015
-9.850000 -0.000026
-9.800000 -0.000035
-9.750000 -0.000039
-9.700000 -0.000038
-9.650000 -0.000032
-9.600000 -0.000021
-9.550000 -0.000007
-9.500000 0.000009
-9.450000 0.000025
-9.400000 0.000038
-9.350000 0.000048
-9.300000 0.000051
-9.250000 0.000048
-9.200000 0.000039
-9.150000 0.000024
-9.100000 0.000006
-9.050000 -0.000015
-9.000000 -0.000036
-8.950000 -0.000053
-8.900000 -0.000064
-8.850000 -0.000069
-8.800000 -0.000065
-8.750000 -0.000053
-8.700000 -0.000034
-8.650000 -0.000010
-8.600000 0.000017
-8.550000 0.000044
-8.500000 0.000067
-8.450000 0.000084
-8.400000 0.000092
-8.350000 0.000090
-8.300000 0.000077
-8.250000 0.000054
-8.200000 0.000024
-8.150000 -0.000011
-8.100000 -0.000048
-8.050000 -0.000082
-8.000000 -0.000109
-7.950000 -0.000126
-7.900000 -0.000130
-7.850000 -0.000121
-7.800000 -0.000098
-7.750000 -0.000063
-7.700000 -0.000020
-7.650000 0.000029
-7.600000 0.000077
-7.550000 0.000121
-7.500000 0.000154
-7.450000 0.000174
-7.400000 0.000176
-7.350000 0.000160
-7.300000 0.000127
-7.250000 0.000077
-7.200000 0.000016
-7.150000 -0.000052
-7.100000 -0.000120
-7.050000 -0.000182
-7.000000 -0.000232
-6.950000 -0.000264
-6.900000 -0.000274
-6.850000 -0.000260
-6.800000 -0.000222
-6.750000 -0.000161
-6.700000 -0.000083
-6.650000 0.000007
-6.600000 0.000100
-6.550000 0.000190
-6.500000 0.000267
-6.450000 0.000323
-6.400000 0.000351
-6.350000 0.000349
-6.300000 0.000312
-6.250000 0.000241
-6.200000 0.000141
-6.150000 0.000017
-6.100000 -0.000123
-6.050000 -0.000268
-6.000000 -0.000408
-5.950000 -0.000532
-5.900000 -0.000628
-5.850000 -0.000689
-5.800000 -0.000707
-5.750000 -0.000680
-5.700000 -0.000606
-5.650000 -0.000491
-5.600000 -0.000340
-5.550000 -0.000165
-5.500000 0.000023
-5.450000 0.000209
-5.400000 0.000376
-5.350000 0.000511
-5.300000 0.000598
-5.250000 0.000627
-5.200000 0.000588
-5.150000 0.000478
-5.100000 0.000295
-5.050000 0.000044
-5.000000 -0.000266
-4.950000 -0.000622
-4.900000 -0.001008
-4.850000 -0.001406
-4.800000 -0.001795
-4.750000 -0.002154
-4.700000 -0.002464
-4.650000 -0.002709
-4.600000 -0.002875
-4.550000 -0.002953
-4.500000 -0.002941
-4.450000 -0.002840
-4.400000 -0.002660
-4.350000 -0.002416
-4.300000 -0.002128
-4.250000 -0.001823
-4.200000 -0.001530
-4.150000 -0.001281
-4.100000 -0.001110
-4.050000 -0.001051
-4.000000 -0.001134
-3.950000 -0.001389
-3.900000 -0.001839
-3.850000 -0.002502
-3.800000 -0.003388
-3.750000 -0.004503
-3.700000 -0.005843
-3.650000 -0.007396
-3.600000 -0.009144
-3.550000 -0.011064
-3.500000 -0.013125
-3.450000 -0.015295
-3.400000 -0.017539
-3.350000 -0.019821
-3.300000 -0.022108
-3.250000 -0.024370
-3.200000 -0.026585
-3.150000 -0.028735
-3.100000 -0.030815
-3.050000 -0.032830
-3.000000 -0.034796
-2.950000 -0.036744
-2.900000 -0.038719
-2.850000 -0.040781
-2.800000 -0.043002
-2.750000 -0.045471
-2.700000 -0.048289
-2.650000 -0.051572
-2.600000 -0.055446
-2.550000 -0.060046
-2.500000 -0.065520
-2.450000 -0.072018
-2.400000 -0.079700
-2.350000 -0.088727
-2.300000 -0.099262
-2.250000 -0.111470
-2.200000 -0.125512
-2.150000 -0.141544
-2.100000 -0.159718
-2.050000 -0.180177
-2.000000 -0.203053
-1.950000 -0.228466
-1.900000 -0.256520
-1.850000 -0.287303
-1.800000 -0.320880
-1.750000 -0.357295
-1.700000 -0.396564
-1.650000 -0.438676
-1.600000 -0.483584
-1.550000 -0.531210
-1.500000 -0.581432
-1.450000 -0.634092
-1.400000 -0.688985
-1.350000 -0.745864
-1.300000 -0.804435
-1.250000 -0.864361
-1.200000 -0.925261
-1.150000 -0.986719
-1.100000 -1.048285
-1.050000 -1.109484
-1.000000 -1.169829
-0.950000 -1.228829
-0.900000 -1.286006
-0.850000 -1.340912
-0.800000 -1.393143
-0.750000 -1.442362
-0.700000 -1.488313
-0.650000 -1.530845
-0.600000 -1.569925
-0.550000 -1.605657
-0.500000 -1.638296
-0.450000 -1.668261
-0.400000 -1.696143
-0.350000 -1.722709
-0.300000 -1.748912
-0.250000 -1.775883
-0.200000 -1.804936
-0.150000 -1.837556
-0.100000 -1.875394
-0.050000 -1.920248
0.000000 -1.974050
0.050000 -2.038833
0.100000 -2.116695
0.150000 -2.209747
0.200000 -2.320047
0.250000 -2.449504
0.300000 -2.599764
0.350000 -2.772056
0.400000 -2.967017
0.450000 -3.184484
0.500000 -3.423260
0.550000 -3.680888
0.600000 -3.953441
0.650000 -4.235374
0.700000 -4.519477
0.750000 -4.796985
0.800000 -5.057871
0.850000 -5.291352
0.900000 -5.486590
0.950000 -5.633533
1.000000 -5.723811
1.050000 -5.751543
1.100000 -5.713946
1.150000 -5.611630
1.200000 -5.448521
1.250000 -5.231442
1.300000 -4.969413
1.350000 -4.672794
1.400000 -4.352407
1.450000 -4.018739
1.500000 -3.681321
1.550000 -3.348312
1.600000 -3.026286
1.650000 -2.720196
1.700000 -2.433468
1.750000 -2.168183
1.800000 -1.925299
1.850000 -1.704889
1.900000 -1.506362
1.950000 -1.328657
2.000000 -1.170413
2.050000 -1.030099
2.100000 -0.906111
2.150000 -0.796851
2.200000 -0.700777
2.250000 -0.616432
2.300000 -0.542470
2.350000 -0.477661
2.400000 -0.420896
2.450000 -0.371182
2.500000 -0.327636
2.550000 -0.289479
2.600000 -0.256025
2.650000 -0.226674
2.700000 -0.200901
2.750000 -0.178249
2.800000 -0.158320
2.850000 -0.140766
2.900000 -0.125288
2.950000 -0.111623
3.000000 -0.099546
3.050000 -0.088859
3.100000 -0.079391
3.150000 -0.070993
3.200000 -0.063535
3.250000 -0.056905
3.300000 -0.051005
3.350000 -0.045748
3.400000 -0.041060
3.450000 -0.036875
3.500000 -0.033136
3.550000 -0.029792
3.600000 -0.026799
3.650000 -0.024117
3.700000 -0.021714
3.750000 -0.019558
3.800000 -0.017623
3.850000 -0.015884
3.900000 -0.014322
3.950000 -0.012917
4.000000 -0.011654
4.050000 -0.010516
4.100000 -0.009492
4.150000 -0.008569
4.200000 -0.007738
4.250000 -0.006988
4.300000 -0.006312
4.350000 -0.005702
4.400000 -0.005152
4.450000 -0.004656
4.500000 -0.004208
4.550000 -0.003803
4.600000 -0.003438
4.650000 -0.003108
4.700000 -0.002810
4.750000 -0.002541
4.800000 -0.002297
4.850000 -0.002077
4.900000 -0.001879
4.950000 -0.001699
5.000000 -0.001537
5.050000 -0.001390
5.100000 -0.001257
5.150000 -0.001137
5.200000 -0.001029
5.250000 -0.000930
5.300000 -0.000842
5.350000 -0.000761
5.400000 -0.000689
5.450000 -0.000623
5.500000 -0.000564
5.550000 -0.000510
5.600000 -0.000461
5.650000 -0.000417
5.700000 -0.000378
5.750000 -0.000342
5.800000 -0.000309
5.850000 -0.000280
5.900000 -0.000253
5.950000 -0.000229
6.000000 -0.000207
6.050000 -0.000187
6.100000 -0.000170
6.150000 -0.000153
6.200000 -0.000139
6.250000 -0.000126
6.300000 -0.000114
6.350000 -0.000103
6.400000 -0.000093
6.450000 -0.000084
6.500000 -0.000076
6.550000 -0.000069
6.600000 -0.000062
6.650000 -0.000056
6.700000 -0.000051
6.750000 -0.000046
6.800000 -0.000042
6.850000 -0.000038
6.900000 -0.000034
6.950000 -0.000031
7.000000 -0.000028
7.050000 -0.000025
7.100000 -0.000023
7.150000 -0.000021
7.200000 -0.000019
7.250000 -0.000017
7.300000 -0.000015
7.350000 -0.000014
7.400000 -0.000013
7.450000 -0.000011
7.500000 -0.000010
7.550000 -0.000009
7.600000 -0.000008
7.650000 -0.000008
7.700000 -0.000007
7.750000 -0.000006
7.800000 -0.000006
7.850000 -0.000005
7.900000 -0.000005
7.950000 -0.000004
8.000000 -0.000004
8.050000 -0.000003
8.100000 -0.000003
8.150000 -0.000003
8.200000 -0.000003
8.250000 -0.000002
8.300000 -0.000002
8.350000 -0.000002
8.400000 -0.000002
8.450000 -0.000002
8.500000 -0.000001
8.550000 -0.000001
8.600000 -0.000001
8.650000 -0.000001
8.700000 -0.000001
8.750000 -0.000001
8.800000 -0.000001
8.850000 -0.000001
8.900000 -0.000001
8.950000 -0.000001
9.000000 -0.000001
9.050000 -0.000000
9.100000 -0.000000
9.150000 -0.000000
9.200000 -0.000000
9.250000 -0.000000
9.300000 -0.000000
9.350000 -0.000000
9.400000 -0.000000
9.450000 -0.000000
9.500000 -0.000000
9.550000 -0.000000
9.600000 -0.000000
9.650000 -0.000000
9.700000 -0.000000
9.750000 -0.000000
9.800000 -0.000000
9.850000 -0.000000
9.900000 -0.000000
9.950000 -0.000000
10.000000 -0.000000
10.050000 -0.000000
10.100000 -0.000000
10.150000 -0.000000
10.200000 -0.000000
10.250000 -0.000000
10.300000 -0.000000
10.350000 -0.000000
10.400000 -0.000000
10.450000 -0.000000
10.500000 -0.000000
10.550000 -0.000000
10.600000 -0.000000
10.650000 -0.000000
10.700000 -0.000000
10.750000 -0.000000
10.800000 -0.000000
10.850000 -0.000000
10.900000 -0.000000
10.950000 -0.000000
11.000000 -0.000000
11.050000 -0.000000
11.100000 -0.000000
11.150000 -0.000000
11.200000 -0.000000
11.250000 -0.000000
11.300000 -0.000000
11.350000 -0.000000
11.400000 -0.000000
11.450000 -0.000000
11.500000 -0.000000
11.550000 -0.000000
11.600000 -0.000000
11.650000 -0.000000
11.700000 -0.000000
11.750000 -0.000000
11.800000 -0.000000
11.850000 -0.000000
11.900000 -0.000000
11.950000 -0.000000
12.000000 -0.000000
12.050000 -0.000000
12.100000 -0.000000
12.150000 -0.000000
12.200000 -0.000000
12.250000 -0.000000
12.300000 -0.000000
12.350000 -0.000000
12.400000 0.000000
12.450000 0.000000
12.500000 0.000000
12.550000 0.000000
12.600000 0.000000
12.650000 -0.000000
12.700000 -0.000000
12.750000 -0.000000
12.800000 -0.000000
12.850000 -0.000000
12.900000 -0.000000
12.950000 -0.000000
13.000000 -0.000000
13.050000 -0.000000
13.100000 0.000000
13.150000 0.000000
13.200000 0.000000
13.250000 0.000000
13.300000 0.000000
13.350000 0.000000
13.400000 0.000000
13.450000 -0.000000
13.500000 -0.000000
13.550000 -0.000000
13.600000 -0.000000
13.650000 -0.000000
13.700000 -0.000000
13.750000 -0.000000
13.800000 0.000000
13.850000 0.000000
13.900000 0.000000
13.950000 0.000000
14.000000 0.000000
14.050000 0.000000
14.100000 0.000000
14.150000 -0.000000
14.200000 -0.000000
14.250000 -0.000000
14.300000 -0.000000
14.350000 -0.000000
14.400000 -0.000000
14.450000 -0.000000
14.500000 0.000000
14.550000 0.000000
14.600000 0.000000
14.650000 0.000000
14.700000 0.000000
14.750000 0.000000
14.800000 0.000000
14.850000 -0.000000
14.900000 -0.000000
14.950000 -0.000000
15.000000 -0.000000
15.050000 -0.000000
15.100000 -0.000000
15.150000 -0.000000
15.200000 0.000000
15.250000 0.000000
15.300000 0.000000
15.350000 0.000000
15.400000 0.000000
15.450000 0.000000
15.500000 0.000000
15.550000 -0.000000
15.600000 -0.000000
15.650000 -0.000000
15.700000 -0.000000
15.750000 -0.000000
15.800000 -0.000000
15.850000 0.000000
15.900000 0.000000
15.950000 0.000000
16.000000 0.000000
16.050000 0.000000
16.100000 0.000000
16.150000 0.000000
16.200000 -0.000000
16.250000 -0.000000
16.300000 -0.000000
16.350000 -0.000000
16.400000 -0.000000
16.450000 -0.000000
16.500000 -0.000000
16.550000 0.000000
16.600000 0.000000
16.650000 0.000000
16.700000 0.000000
16.750000 0.000000
16.800000 0.000000
16.850000 -0.000000
16.900000 -0.000000
16.950000 -0.000000
17.000000 -0.000000
17.050000 -0.000000
17.100000 -0.000000
17.150000 0.000000
17.200000 0.000000
17.250000 0.000000
17.300000 0.000000
17.350000 0.000000
17.400000 0.000000
17.450000 0.000000
17.500000 -0.000000
17.550000 -0.000000
17.600000 -0.000000
17.650000 -0.000000
17.700000 -0.000000
17.750000 -0.000000
17.800000 0.000000
17.850000 0.000000
17.900000 0.000000
17.950000 0.000000
18.000000 0.000000
18.050000 0.000000
18.100000 -0.000000
18.150000 -0.000000
18.200000 -0.000000
18.250000 -0.000000
18.300000 -0.000000
18.350000 -0.000000
18.400000 0.000000
18.450000 0.000000
18.500000 0.000000
18.550000 0.000000
18.600000 0.000000
18.650000 0.000000
18.700000 -0.000000
18.750000 -0.000000
18.800000 -0.000000
18.850000 -0.000000
18.900000 -0.000000
18.950000 -0.000000
19.000000 0.000000
19.050000 0.000000
19.100000 0.000000
19.150000 0.000000
19.200000 0.000000
19.250000 0.000000
19.300000 -0.000000
19.350000 -0.000000
19.400000 -0.000000
19.450000 -0.000000
19.500000 -0.000000
19.550000 -0.000000
19.600000 0.000000
19.650000 0.000000
19.700000 0.000000
19.750000 0.000000
19.800000 0.000000
19.850000 0.000000
19.900000 -0.000000
19.950000 -0.000000
20.000000 -0.000000
20.050000 -0.000000
20.100000 -0.000000
20.150000 -0.000000
20.200000 0.000000
20.250000 0.000000
20.300000 0.000000
20.350000 0.000000
20.400000 0.000000
20.450000 0.000000
20.500000 -0.000000
20.550000 -0.000000
20.600000 -0.000000
20.650000 -0.000000
20.700000 -0.000000
20.750000 0.000000
20.800000 0.000000
20.850000 0.000000
20.900000 0.000000
20.950000 0.000000
21.000000 0.000000
21.050000 -0.000000
21.100000 -0.000000
21.150000 -0.000000
21.200000 -0.000000
21.250000 -0.000000
21.300000 -0.000000
21.350000 0.000000
21.400000 0.000000
21.450000 0.000000
21.500000 0.000000
21.550000 0.000000
21.600000 -0.000000
21.650000 -0.000000
21.700000 -0.000000
21.750000 -0.000000
21.800000 -0.000000
21.850000 -0.000000
21.900000 0.000000
21.950000 0.000000
22.000000 0.000000
22.050000 0.000000
22.100000 0.000000
22.150000 -0.000000
22.200000 -0.000000
22.250000 -0.000000
22.300000 -0.000000
22.350000 -0.000000
22.400000 -0.000000
22.450000 0.000000
22.500000 0.000000
22.550000 0.000000
22.600000 0.000000
22.650000 0.000000
22.700000 -0.000000
22.750000 -0.000000
22.800000 -0.000000
22.850000 -0.000000
22.900000 -0.000000
22.950000 0.000000
23.000000 0.000000
23.050000 0.000000
23.100000 0.000000
23.150000 0.000000
23.200000 0.000000
23.250000 -0.000000
23.300000 -0.000000
23.350000 -0.000000
23.400000 -0.000000
23.450000 -0.000000
23.500000 0.000000
23.550000 0.000000
23.600000 0.000000
23.650000 0.000000
23.700000 0.000000
23.750000 -0.000000
23.800000 -0.000000
23.850000 -0.000000
23.900000 -0.000000
23.950000 -0.000000
24.000000 -0.000000
24.050000 0.000000
24.100000 0.000000
24.150000 0.000000
24.200000 0.000000
24.250000 0.000000
24.300000 -0.000000
24.350000 -0.000000
24.400000 -0.000000
24.450000 -0.000000
24.500000 -0.000000
24.550000 0.000000
24.600000 0.000000
24.650000 0.000000
24.700000 0.000000
24.750000 0.000000
24.800000 -0.000000
24.850000 -0.000000
24.900000 -0.000000
24.950000 -0.000000
25.000000 -0.000000
25.050000 0.000000
25.100000 0.000000
25.150000 0.000000
25.200000 0.000000
25.250000 0.000000
25.300000 -0.000000
25.350000 -0.000000
25.400000 -0.000000
25.450000 -0.000000
25.500000 -0.000000
25.550000 0.000000
25.600000 0.000000
25.650000 0.000000
25.700000 0.000000
25.750000 0.000000
25.800000 -0.000000
25.850000 -0.000000
25.900000 -0.000000
25.950000 -0.000000
26.000000 -0.000000
26.050000 0.000000
26.100000 0.000000
26.150000 0.000000
26.200000 0.000000
26.250000 0.000000
26.300000 -0.000000
26.350000 -0.000000
26.400000 -0.000000
26.450000 -0.000000
26.500000 -0.000000
26.550000 0.000000
26.600000 0.000000
26.650000 0.000000
26.700000 0.000000
26.750000 0.000000
26.800000 -0.000000
26.850000 -0.000000
26.900000 -0.000000
26.950000 -0.000000
27.000000 -0.000000
27.050000 0.000000
27.100000 0.000000
27.150000 0.000000
27.200000 0.000000
27.250000 0.000000
27.300000 -0.000000
27.350000 -0.000000
27.400000 -0.000000
27.450000 -0.000000
27.500000 -0.000000
27.550000 0.000000
27.600000 0.000000
27.650000 0.000000
27.700000 0.000000
27.750000 -0.000000
27.800000 -0.000000
27.850000 -0.000000
27.900000 -0.000000
27.950000 -0.000000
28.000000 0.000000
28.050000 0.000000
28.100000 0.000000
28.150000 0.000000
28.200000 0.000000
28.250000 -0.000000
28.300000 -0.000000
28.350000 -0.000000
28.400000 -0.000000
28.450000 -0.000000
28.500000 0.000000
28.550000 0.000000
28.600000 0.000000
28.650000 0.000000
28.700000 -0.000000
28.750000 -0.000000
28.800000 -0.000000
28.850000 -0.000000
28.900000 -0.000000
28.950000 0.000000
29.000000 0.000000
29.050000 0.000000
29.100000 0.000000
29.150000 0.000000
29.200000 -0.000000
29.250000 -0.000000
29.300000 -0.000000
29.350000 -0.000000
29.400000 0.000000
29.450000 0.000000
29.500000 0.000000
29.550000 0.000000
29.600000 0.000000
29.650000 -0.000000
29.700000 -0.000000
29.750000 -0.000000
29.800000 -0.000000
29.850000 0.000000
29.900000 0.000000
29.950000 0.000000
30.000000 0.000000
30.050000 0.000000
30.100000 -0.000000
30.150000 -0.000000
30.200000 -0.000000
30.250000 -0.000000
30.300000 -0.000000
30.350000 0.000000
30.400000 0.000000
30.450000 0.000000
30.500000 0.000000
30.550000 -0.000000
30.600000 -0.000000
30.650000 -0.000000
30.700000 -0.000000
30.750000 -0.000000
30.800000 0.000000
30.850000 0.000000
30.900000 0.000000
30.950000 0.000000
31.000000 -0.000000
31.050000 -0.000000
31.100000 -0.000000
31.150000 -0.000000
31.200000 -0.000000
31.250000 0.000000
31.300000 0.000000
31.350000 0.000000
31.400000 0.000000
31.450000 -0.000000
31.500000 -0.000000
31.550000 -0.000000
31.600000 -0.000000
31.650000 0.000000
31.700000 0.000000
31.750000 0.000000
31.800000 0.000000
31.850000 0.000000
31.900000 -0.000000
31.950000 -0.000000
32.000000 -0.000000
32.050000 -0.000000
32.100000 0.000000
32.150000 0.000000
32.200000 0.000000
32.250000 0.000000
32.300000 -0.000000
32.350000 -0.000000
32.400000 -0.000000
32.450000 -0.000000
32.500000 -0.000000
32.550000 0.000000
32.600000 0.000000
32.650000 0.000000
32.700000 0.000000
32.750000 -0.000000
32.800000 -0.000000
32.850000 -0.000000
32.900000 -0.000000
32.950000 0.000000
33.000000 0.000000
33.050000 0.000000
33.100000 0.000000
33.150000 0.000000
33.200000 -0.000000
33.250000 -0.000000
33.300000 -0.000000
33.350000 -0.000000
33.400000 0.000000
33.450000 0.000000
33.500000 0.000000
33.550000 0.000000
33.600000 -0.000000
33.650000 -0.000000
33.700000 -0.000000
33.750000 -0.000000
33.800000 -0.000000
33.850000 0.000000
33.900000 0.000000
33.950000 0.000000
34.000000 0.000000
34.050000 -0.000000
34.100000 -0.000000
34.150000 -0.000000
34.200000 -0.000000
34.250000 0.000000
34.300000 0.000000
34.350000 0.000000
34.400000 0.000000
34.450000 -0.000000
34.500000 -0.000000
34.550000 -0.000000
34.600000 -0.000000
34.650000 0.000000
34.700000 0.000000
34.750000 0.000000
34.800000 0.000000
34.850000 -0.000000
34.900000 -0.000000
34.950000 -0.000000
35.000000 -0.000000
35.050000 -0.000000
35.100000 0.000000
35.150000 0.000000
35.200000 0.000000
35.250000 0.000000
35.300000 -0.000000
35.350000 -0.000000
35.400000 -0.000000
35.450000 -0.000000
35.500000 0.000000
35.550000 0.000000
35.600000 0.000000
35.650000 0.000000
35.700000 -0.000000
35.750000 -0.000000
35.800000 -0.000000
35.850000 -0.000000
35.900000 0.000000
35.950000 0.000000
36.000000 0.000000
36.050000 0.000000
36.100000 -0.000000
36.150000 -0.000000
36.200000 -0.000000
36.250000 -0.000000
36.300000 0.000000
36.350000 0.000000
36.400000 0.000000
36.450000 0.000000
36.500000 -0.000000
36.550000 -0.000000
36.600000 -0.000000
36.650000 -0.000000
36.700000 0.000000
36.750000 0.000000
36.800000 0.000000
36.850000 0.000000
36.900000 -0.000000
36.950000 -0.000000
37.000000 -0.000000
37.050000 -0.000000
37.100000 0.000000
37.150000 0.000000
37.200000 0.000000
37.250000 0.000000
37.300000 -0.000000
37.350000 -0.000000
37.400000 -0.000000
37.450000 -0.000000
37.500000 0.000000
37.550000 0.000000
37.600000 0.000000
37.650000 0.000000
37.700000 -0.000000
37.750000 -0.000000
37.800000 -0.000000
37.850000 -0.000000
37.900000 0.000000
37.950000 0.000000
38.000000 0.000000
38.050000 0.000000
38.100000 -0.000000
38.150000 -0.000000
38.200000 -0.000000
38.250000 -0.000000
38.300000 0.000000
38.350000 0.000000
38.400000 0.000000
38.450000 0.000000
38.500000 -0.000000
38.550000 -0.000000
38.600000 -0.000000
38.650000 0.000000
38.700000 0.000000
38.750000 0.000000
38.800000 0.000000
38.850000 -0.000000
38.900000 -0.000000
38.950000 -0.000000
39.000000 -0.000000
39.050000 0.000000
39.100000 0.000000
39.150000 0.000000
39.200000 0.000000
39.250000 -0.000000
39.300000 -0.000000
39.350000 -0.000000
39.400000 -0.000000
39.450000 0.000000
39.500000 0.000000
39.550000 0.000000
39.600000 0.000000
39.650000 -0.000000
39.700000 -0.000000
39.750000 -0.000000
39.800000 0.000000
39.850000 0.000000
39.900000 0.000000
39.950000 0.000000
40.000000 -0.000000
40.050000 -0.000000
40.100000 -0.000000
40.150000 -0.000000
40.200000 0.000000
40.250000 0.000000
40.300000 0.000000
40.350000 0.000000
40.400000 -0.000000
40.450000 -0.000000
40.500000 -0.000000
40.550000 0.000000
40.600000 0.000000
40.650000 0.000000
40.700000 0.000000
40.750000 -0.000000
40.800000 -0.000000
40.850000 -0.000000
40.900000 -0.000000
40.950000 0.000000
41.000000 0.000000
41.050000 0.000000
41.100000 -0.000000
41.150000 -0.000000
41.200000 -0.000000
41.250000 -0.000000
41.300000 0.000000
41.350000 0.000000
41.400000 0.000000
41.450000 0.000000
41.500000 -0.000000
41.550000 -0.000000
41.600000 -0.000000
41.650000 -0.000000
41.700000 0.000000
41.750000 0.000000
41.800000 0.000000
41.850000 -0.000000
41.900000 -0.000000
41.950000 -0.000000
42.000000 -0.000000
42.050000 0.000000
42.100000 0.000000
42.150000 0.000000
42.200000 0.000000
42.250000 -0.000000
42.300000 -0.000000
42.350000 -0.000000
42.400000 0.000000
42.450000 0.000000
42.500000 0.000000
42.550000 0.000000
42.600000 -0.000000
42.650000 -0.000000
42.700000 -0.000000
42.750000 0.000000
42.800000 0.000000
42.850000 0.000000
42.900000 0.000000
42.950000 -0.000000
43.000000 -0.000000
43.050000 -0.000000
43.100000 -0.000000
43.150000 0.000000
43.200000 0.000000
43.250000 0.000000
43.300000 -0.000000
43.350000 -0.000000
43.400000 -0.000000
43.450000 -0.000000
43.500000 0.000000
43.550000 0.000000
43.600000 0.000000
43.650000 -0.000000
43.700000 -0.000000
43.750000 -0.000000
43.800000 -0.000000
43.850000 0.000000
43.900000 0.000000
43.950000 0.000000
44.000000 0.000000
44.050000 -0.000000
44.100000 -0.000000
44.150000 -0.000000
44.200000 0.000000
44.250000 0.000000
44.300000 0.000000
44.350000 -0.000000
44.400000 -0.000000
44.450000 -0.000000
44.500000 -0.000000
44.550000 0.000000
44.600000 0.000000
44.650000 0.000000
44.700000 -0.000000
44.750000 -0.000000
44.800000 -0.000000
44.850000 0.000000
44.900000 -0.000000
44.950000 0.000000
