-30.000000 -0.000158
-29.900000 -0.000068
-29.800000 -0.000152
-29.700000 0.000001
-29.600000 -0.000042
-29.500000 0.000137
-29.400000 0.000092
-29.300000 0.000253
-29.200000 0.000166
-29.100000 0.000276
-29.000000 0.000129
-28.900000 0.000187
-28.800000 -0.000004
-28.700000 0.000032
-28.600000 -0.000164
-28.500000 -0.000109
-28.400000 -0.000274
-28.300000 -0.000172
-28.200000 -0.000287
-28.100000 -0.000131
-28.000000 -0.000198
-27.900000 0.000001
-27.800000 -0.000040
-27.700000 0.000169
-27.600000 0.000114
-27.500000 0.000292
-27.400000 0.000187
-27.300000 0.000306
-27.200000 0.000140
-27.100000 0.000207
-27.000000 0.000002
-26.900000 0.000046
-26.800000 -0.000164
-26.700000 -0.000106
-26.600000 -0.000288
-26.500000 -0.000190
-26.400000 -0.000321
-26.300000 -0.000165
-26.200000 -0.000240
-26.100000 -0.000035
-26.000000 -0.000074
-25.900000 0.000146
-25.800000 0.000100
-25.700000 0.000290
-25.600000 0.000199
-25.500000 0.000334
-25.400000 0.000185
-25.300000 0.000266
-25.200000 0.000072
-25.100000 0.000117
-25.000000 -0.000099
-24.900000 -0.000059
-24.800000 -0.000263
-24.700000 -0.000193
-24.600000 -0.000351
-24.500000 -0.000223
-24.400000 -0.000316
-24.300000 -0.000129
-24.200000 -0.000173
-24.100000 0.000046
-24.000000 0.000012
-23.900000 0.000223
-23.800000 0.000165
-23.700000 0.000338
-23.600000 0.000232
-23.500000 0.000352
-23.400000 0.000190
-23.300000 0.000256
-23.200000 0.000047
-23.100000 0.000078
-23.000000 -0.000149
-22.900000 -0.000114
-22.800000 -0.000315
-22.700000 -0.000235
-22.600000 -0.000380
-22.500000 -0.000239
-22.400000 -0.000325
-22.300000 -0.000134
-22.200000 -0.000179
-22.100000 0.000039
-22.000000 0.000009
-21.900000 0.000226
-21.800000 0.000180
-21.700000 0.000364
-21.600000 0.000271
-21.500000 0.000394
-21.400000 0.000238
-21.300000 0.000298
-21.200000 0.000091
-21.100000 0.000114
-21.000000 -0.000108
-20.900000 -0.000084
-20.800000 -0.000285
-20.700000 -0.000230
-20.600000 -0.000388
-20.500000 -0.000287
-20.400000 -0.000388
-20.300000 -0.000233
-20.200000 -0.000277
-20.100000 -0.000075
-20.000000 -0.000081
-19.900000 0.000137
-19.800000 0.000130
-19.700000 0.000320
-19.600000 0.000274
-19.500000 0.000410
-19.400000 0.000309
-19.300000 0.000386
-19.200000 0.000235
-19.100000 0.000264
-19.000000 0.000077
-18.900000 0.000074
-18.800000 -0.000127
-18.700000 -0.000135
-18.600000 -0.000319
-18.500000 -0.000295
-18.400000 -0.000427
-18.300000 -0.000345
-18.200000 -0.000411
-18.100000 -0.000271
-18.000000 -0.000283
-17.900000 -0.000106
-17.800000 -0.000092
-17.700000 0.000095
-17.600000 0.000111
-17.500000 0.000285
-17.400000 0.000280
-17.300000 0.000417
-17.200000 0.000367
-17.100000 0.000445
-17.000000 0.000334
-16.900000 0.000349
-16.800000 0.000186
-16.700000 0.000160
-16.600000 -0.000023
-16.500000 -0.000056
-16.400000 -0.000227
-16.300000 -0.000241
-16.200000 -0.000379
-16.100000 -0.000359
-16.000000 -0.000452
-15.900000 -0.000385
-15.800000 -0.000422
-15.700000 -0.000302
-15.600000 -0.000282
-15.500000 -0.000120
-15.400000 -0.000067
-15.300000 0.000104
-15.200000 0.000154
-15.100000 0.000300
-15.000000 0.000320
-14.900000 0.000423
-14.800000 0.000403
-14.700000 0.000458
-14.600000 0.000395
-14.500000 0.000400
-14.400000 0.000293
-14.300000 0.000248
-14.200000 0.000107
-14.100000 0.000031
-14.000000 -0.000119
-13.900000 -0.000193
-13.800000 -0.000316
-13.700000 -0.000358
-13.600000 -0.000435
-13.500000 -0.000434
-13.400000 -0.000463
-13.300000 -0.000423
-13.200000 -0.000406
-13.100000 -0.000329
-13.000000 -0.000269
-12.900000 -0.000159
-12.800000 -0.000066
-12.700000 0.000059
-12.600000 0.000159
-12.500000 0.000269
-12.400000 0.000344
-12.300000 0.000412
-12.200000 0.000446
-12.100000 0.000467
-12.000000 0.000462
-11.900000 0.000442
-11.800000 0.000404
-11.700000 0.000346
-11.600000 0.000275
-11.500000 0.000181
-11.400000 0.000085
-11.300000 -0.000032
-11.200000 -0.000131
-11.100000 -0.000241
-11.000000 -0.000315
-10.900000 -0.000394
-10.800000 -0.000427
-10.700000 -0.000470
-10.600000 -0.000463
-10.500000 -0.000476
-10.400000 -0.000436
-10.300000 -0.000421
-10.200000 -0.000345
-10.100000 -0.000298
-10.000000 -0.000186
-9.900000 -0.000116
-9.800000 0.000016
-9.700000 0.000086
-9.600000 0.000210
-9.500000 0.000256
-9.400000 0.000356
-9.300000 0.000370
-9.200000 0.000446
-9.100000 0.000432
-9.000000 0.000488
-8.900000 0.000447
-8.800000 0.000479
-8.700000 0.000401
-8.600000 0.000401
-8.500000 0.000284
-8.400000 0.000259
-8.300000 0.000120
-8.200000 0.000090
-8.100000 -0.000048
-8.000000 -0.000063
-7.900000 -0.000191
-7.800000 -0.000189
-7.700000 -0.000309
-7.600000 -0.000295
-7.500000 -0.000409
-7.400000 -0.000378
-7.300000 -0.000474
-7.200000 -0.000412
-7.100000 -0.000477
-7.000000 -0.000380
-6.900000 -0.000419
-6.800000 -0.000298
-6.700000 -0.000329
-6.600000 -0.000203
-6.500000 -0.000237
-6.400000 -0.000111
-6.300000 -0.000145
-6.200000 -0.000011
-6.100000 -0.000039
-6.000000 0.000105
-5.900000 0.000075
-5.800000 0.000213
-5.700000 0.000166
-5.600000 0.000282
-5.500000 0.000210
-5.400000 0.000308
-5.300000 0.000221
-5.200000 0.000315
-5.100000 0.000227
-5.000000 0.000326
-4.900000 0.000235
-4.800000 0.000330
-4.700000 0.000227
-4.600000 0.000308
-4.500000 0.000188
-4.400000 0.000262
-4.300000 0.000140
-4.200000 0.000224
-4.100000 0.000114
-4.000000 0.000218
-3.900000 0.000120
-3.800000 0.000233
-3.700000 0.000133
-3.600000 0.000242
-3.500000 0.000133
-3.400000 0.000240
-3.300000 0.000132
-3.200000 0.000251
-3.100000 0.000156
-3.000000 0.000293
-2.900000 0.000208
-2.800000 0.000351
-2.700000 0.000257
-2.600000 0.000387
-2.500000 0.000273
-2.400000 0.000385
-2.300000 0.000256
-2.200000 0.000362
-2.100000 0.000227
-2.000000 0.000330
-1.900000 0.000184
-1.800000 0.000266
-1.700000 0.000085
-1.600000 0.000119
-1.500000 -0.000124
-1.400000 -0.000158
-1.300000 -0.000476
-1.200000 -0.000588
-1.100000 -0.000992
-1.000000 -0.001206
-0.900000 -0.001737
-0.800000 -0.002112
-0.700000 -0.002847
-0.600000 -0.003480
-0.500000 -0.004532
-0.400000 -0.005548
-0.300000 -0.007059
-0.200000 -0.008622
-0.100000 -0.010787
0.000000 -0.013143
0.100000 -0.016272
0.200000 -0.019807
0.300000 -0.024378
0.400000 -0.029676
0.500000 -0.036394
0.600000 -0.044295
0.700000 -0.054159
0.800000 -0.065855
0.900000 -0.080287
1.000000 -0.097470
1.100000 -0.118481
1.200000 -0.143534
1.300000 -0.173916
1.400000 -0.210066
1.500000 -0.253495
1.600000 -0.304847
1.700000 -0.365788
1.800000 -0.437037
1.900000 -0.520197
2.000000 -0.615717
2.100000 -0.724639
2.200000 -0.846466
2.300000 -0.980822
2.400000 -1.125263
2.500000 -1.276942
2.600000 -1.430555
2.700000 -1.580268
2.800000 -1.718103
2.900000 -1.836415
3.000000 -1.926868
3.100000 -1.983334
3.200000 -2.000996
3.300000 -1.978907
3.400000 -1.918378
3.500000 -1.824511
3.600000 -1.703642
3.700000 -1.564153
3.800000 -1.413676
3.900000 -1.260033
4.000000 -1.108939
4.100000 -0.965484
4.200000 -0.832413
4.300000 -0.711988
4.400000 -0.604550
4.500000 -0.510458
4.600000 -0.428692
4.700000 -0.358690
4.800000 -0.298910
4.900000 -0.248533
5.000000 -0.205986
5.100000 -0.170532
5.200000 -0.140781
5.300000 -0.116205
5.400000 -0.095651
5.500000 -0.078803
5.600000 -0.064728
5.700000 -0.053284
5.800000 -0.043707
5.900000 -0.035986
6.000000 -0.029486
6.100000 -0.024291
6.200000 -0.019868
6.300000 -0.016372
6.400000 -0.013347
6.500000 -0.011000
6.600000 -0.008932
6.700000 -0.007377
6.800000 -0.005974
6.900000 -0.004969
7.000000 -0.004022
7.100000 -0.003380
7.200000 -0.002726
7.300000 -0.002310
7.400000 -0.001835
7.500000 -0.001556
7.600000 -0.001200
7.700000 -0.001021
7.800000 -0.000763
7.900000 -0.000669
8.000000 -0.000496
8.100000 -0.000470
8.200000 -0.000353
8.300000 -0.000360
8.400000 -0.000264
8.500000 -0.000270
8.600000 -0.000173
8.700000 -0.000170
8.800000 -0.000077
8.900000 -0.000082
9.000000 -0.000014
9.100000 -0.000043
9.200000 -0.000007
9.300000 -0.000056
9.400000 -0.000036
9.500000 -0.000080
9.600000 -0.000051
9.700000 -0.000071
9.800000 -0.000024
9.900000 -0.000024
10.000000 0.000025
10.100000 0.000021
10.200000 0.000048
10.300000 0.000023
10.400000 0.000023
10.500000 -0.000016
10.600000 -0.000024
10.700000 -0.000051
10.800000 -0.000044
10.900000 -0.000043
11.000000 -0.000016
11.100000 0.000004
11.200000 0.000031
11.300000 0.000044
11.400000 0.000048
11.500000 0.000038
11.600000 0.000014
11.700000 -0.000008
11.800000 -0.000037
11.900000 -0.000045
12.000000 -0.000054
12.100000 -0.000033
12.200000 -0.000022
12.300000 0.000018
12.400000 0.000027
12.500000 0.000059
12.600000 0.000042
12.700000 0.000050
12.800000 0.000005
12.900000 0.000001
13.000000 -0.000049
13.100000 -0.000038
13.200000 -0.000068
13.300000 -0.000026
13.400000 -0.000035
13.500000 0.000027
13.600000 0.000018
13.700000 0.000072
13.800000 0.000037
13.900000 0.000066
14.000000 -0.000000
14.100000 0.000015
14.200000 -0.000059
14.300000 -0.000030
14.400000 -0.000084
14.500000 -0.000023
14.600000 -0.000053
14.700000 0.000031
14.800000 0.000004
14.900000 0.000083
15.000000 0.000032
15.100000 0.000085
15.200000 0.000001
15.300000 0.000034
15.400000 -0.000061
15.500000 -0.000019
15.600000 -0.000098
15.700000 -0.000025
15.800000 -0.000075
15.900000 0.000025
16.000000 -0.000014
16.100000 0.000087
16.200000 0.000028
16.300000 0.000103
16.400000 0.000010
16.500000 0.000059
16.600000 -0.000053
16.700000 -0.000004
16.800000 -0.000105
16.900000 -0.000028
17.000000 -0.000100
17.100000 0.000011
17.200000 -0.000041
17.300000 0.000080
17.400000 0.000017
17.500000 0.000118
17.600000 0.000021
17.700000 0.000091
17.800000 -0.000035
17.900000 0.000023
18.000000 -0.000102
18.100000 -0.000024
18.200000 -0.000123
18.300000 -0.000009
18.400000 -0.000079
18.500000 0.000059
18.600000 -0.000007
18.700000 0.000121
18.800000 0.000027
18.900000 0.000123
19.000000 -0.000007
19.100000 0.000064
19.200000 -0.000081
19.300000 -0.000006
19.400000 -0.000134
19.500000 -0.000027
19.600000 -0.000119
19.700000 0.000022
19.800000 -0.000049
19.900000 0.000100
20.000000 0.000018
20.100000 0.000142
20.200000 0.000024
20.300000 0.000112
20.400000 -0.000037
20.500000 0.000035
20.600000 -0.000115
20.700000 -0.000027
20.800000 -0.000147
20.900000 -0.000020
21.000000 -0.000104
21.100000 0.000051
21.200000 -0.000021
21.300000 0.000128
21.400000 0.000034
21.500000 0.000149
21.600000 0.000016
21.700000 0.000096
21.800000 -0.000062
21.900000 0.000010
22.000000 -0.000138
22.100000 -0.000040
22.200000 -0.000151
22.300000 -0.000013
22.400000 -0.000089
22.500000 0.000071
22.600000 -0.000001
22.700000 0.000146
22.800000 0.000045
22.900000 0.000153
23.000000 0.000012
23.100000 0.000085
23.200000 -0.000077
23.300000 -0.000007
23.400000 -0.000152
23.500000 -0.000051
23.600000 -0.000155
23.700000 -0.000013
23.800000 -0.000082
23.900000 0.000078
24.000000 0.000012
24.100000 0.000155
24.200000 0.000058
24.300000 0.000158
24.400000 0.000020
24.500000 0.000082
24.600000 -0.000075
24.700000 -0.000017
24.800000 -0.000156
24.900000 -0.000066
25.000000 -0.000160
25.100000 -0.000029
25.200000 -0.000085
25.300000 0.000067
25.400000 0.000018
25.500000 0.000154
25.600000 0.000075
25.700000 0.000166
25.800000 0.000043
25.900000 0.000092
26.000000 -0.000055
26.100000 -0.000016
26.200000 -0.000148
26.300000 -0.000082
26.400000 -0.000171
26.500000 -0.000060
26.600000 -0.000105
26.700000 0.000035
26.800000 0.000007
26.900000 0.000139
27.000000 0.000087
27.100000 0.000176
27.200000 0.000079
27.300000 0.000120
27.400000 -0.000011
27.500000 0.000007
27.600000 -0.000122
27.700000 -0.000088
27.800000 -0.000178
27.900000 -0.000101
28.000000 -0.000139
28.100000 -0.000022
28.200000 -0.000027
28.300000 0.000097
28.400000 0.000083
28.500000 0.000174
28.600000 0.000120
28.700000 0.000159
28.800000 0.000061
28.900000 0.000058
29.000000 -0.000058
29.100000 -0.000066
29.200000 -0.000160
29.300000 -0.000136
29.400000 -0.000182
29.500000 -0.000114
29.600000 -0.000116
29.700000 -0.000028
29.800000 -0.000026
29.900000 0.000037
