-30.000000 -0.000000
-29.900000 0.000000
-29.800000 -0.000000
-29.700000 -0.000000
-29.600000 0.000000
-29.500000 -0.000000
-29.400000 0.000000
-29.300000 -0.000000
-29.200000 -0.000000
-29.100000 0.000000
-29.000000 -0.000000
-28.900000 0.000000
-28.800000 -0.000000
-28.700000 -0.000000
-28.600000 0.000000
-28.500000 -0.000000
-28.400000 0.000000
-28.300000 -0.000000
-28.200000 -0.000000
-28.100000 0.000000
-28.000000 -0.000000
-27.900000 0.000000
-27.800000 -0.000000
-27.700000 -0.000000
-27.600000 0.000000
-27.500000 -0.000000
-27.400000 0.000000
-27.300000 -0.000000
-27.200000 -0.000000
-27.100000 0.000000
-27.000000 -0.000000
-26.900000 0.000000
-26.800000 -0.000000
-26.700000 -0.000000
-26.600000 0.000000
-26.500000 -0.000000
-26.400000 0.000000
-26.300000 -0.000000
-26.200000 -0.000000
-26.100000 0.000000
-26.000000 -0.000000
-25.900000 0.000000
-25.800000 -0.000000
-25.700000 -0.000000
-25.600000 0.000000
-25.500000 -0.000000
-25.400000 0.000000
-25.300000 -0.000000
-25.200000 0.000000
-25.100000 -0.000000
-25.000000 -0.000000
-24.900000 0.000000
-24.800000 -0.000000
-24.700000 0.000000
-24.600000 0.000000
-24.500000 -0.000000
-24.400000 0.000000
-24.300000 -0.000000
-24.200000 -0.000000
-24.100000 0.000000
-24.000000 -0.000000
-23.900000 -0.000000
-23.800000 0.000000
-23.700000 -0.000000
-23.600000 -0.000000
-23.500000 0.000000
-23.400000 -0.000000
-23.300000 -0.000000
-23.200000 0.000000
-23.100000 0.000000
-23.000000 -0.000000
-22.900000 0.000000
-22.800000 0.000000
-22.700000 -0.000000
-22.600000 -0.000000
-22.500000 0.000000
-22.400000 0.000000
-22.300000 -0.000000
-22.200000 0.000000
-22.100000 0.000000
-22.000000 -0.000000
-21.900000 -0.000000
-21.800000 0.000000
-21.700000 0.000000
-21.600000 -0.000000
-21.500000 -0.000000
-21.400000 0.000000
-21.300000 -0.000000
-21.200000 -0.000000
-21.100000 0.000000
-21.000000 0.000000
-20.900000 -0.000000
-20.800000 -0.000000
-20.700000 0.000000
-20.600000 0.000000
-20.500000 -0.000000
-20.400000 -0.000000
-20.300000 0.000000
-20.200000 0.000000
-20.100000 -0.000000
-20.000000 -0.000000
-19.900000 0.000000
-19.800000 0.000000
-19.700000 -0.000000
-19.600000 -0.000000
-19.500000 -0.000000
-19.400000 0.000000
-19.300000 0.000000
-19.200000 -0.000000
-19.100000 -0.000000
-19.000000 0.000000
-18.900000 0.000000
-18.800000 -0.000000
-18.700000 -0.000000
-18.600000 0.000000
-18.500000 0.000000
-18.400000 -0.000000
-18.300000 -0.000000
-18.200000 -0.000000
-18.100000 0.000000
-18.000000 0.000000
-17.900000 -0.000000
-17.800000 -0.000000
-17.700000 0.000000
-17.600000 0.000000
-17.500000 0.000000
-17.400000 -0.000000
-17.300000 -0.000000
-17.200000 0.000000
-17.100000 0.000000
-17.000000 0.000000
-16.900000 -0.000000
-16.800000 -0.000000
-16.700000 0.000000
-16.600000 0.000000
-16.500000 0.000000
-16.400000 -0.000000
-16.300000 -0.000000
-16.200000 0.000000
-16.100000 0.000000
-16.000000 0.000000
-15.900000 -0.000000
-15.800000 -0.000000
-15.700000 0.000000
-15.600000 0.000000
-15.500000 0.000000
-15.400000 -0.000000
-15.300000 -0.000000
-15.200000 -0.000000
-15.100000 0.000000
-15.000000 0.000000
-14.900000 0.000000
-14.800000 -0.000000
-14.700000 -0.000000
-14.600000 0.000000
-14.500000 0.000000
-14.400000 0.000000
-14.300000 -0.000000
-14.200000 -0.000000
-14.100000 -0.000000
-14.000000 0.000000
-13.900000 0.000000
-13.800000 0.000000
-13.700000 -0.000000
-13.600000 -0.000000
-13.500000 -0.000000
-13.400000 0.000000
-13.300000 0.000000
-13.200000 0.000000
-13.100000 -0.000000
-13.000000 -0.000001
-12.900000 -0.000000
-12.800000 0.000000
-12.700000 0.000001
-12.600000 0.000001
-12.500000 0.000000
-12.400000 -0.000001
-12.300000 -0.000001
-12.200000 -0.000000
-12.100000 0.000001
-12.000000 0.000001
-11.900000 0.000001
-11.800000 -0.000000
-11.700000 -0.000001
-11.600000 -0.000001
-11.500000 -0.000000
-11.400000 0.000001
-11.300000 0.000002
-11.200000 0.000001
-11.100000 -0.000001
-11.000000 -0.000002
-10.900000 -0.000002
-10.800000 -0.000000
-10.700000 0.000002
-10.600000 0.000003
-10.500000 0.000002
-10.400000 -0.000001
-10.300000 -0.000004
-10.200000 -0.000004
-10.100000 -0.000002
-10.000000 0.000002
-9.900000 0.000005
-9.800000 0.000005
-9.700000 0.000001
-9.600000 -0.000004
-9.500000 -0.000007
-9.400000 -0.000006
-9.300000 -0.000001
-9.200000 0.000005
-9.100000 0.000009
-9.000000 0.000008
-8.900000 0.000002
-8.800000 -0.000006
-8.700000 -0.000012
-8.600000 -0.000012
-8.500000 -0.000005
-8.400000 0.000006
-8.300000 0.000015
-8.200000 0.000017
-8.100000 0.000010
-8.000000 -0.000004
-7.900000 -0.000017
-7.800000 -0.000024
-7.700000 -0.000020
-7.600000 -0.000006
-7.500000 0.000012
-7.400000 0.000026
-7.300000 0.000029
-7.200000 0.000017
-7.100000 -0.000005
-7.000000 -0.000030
-6.900000 -0.000046
-6.800000 -0.000047
-6.700000 -0.000031
-6.600000 -0.000002
-6.500000 0.000028
-6.400000 0.000045
-6.300000 0.000042
-6.200000 0.000015
-6.100000 -0.000029
-6.000000 -0.000078
-5.900000 -0.000115
-5.800000 -0.000129
-5.700000 -0.000115
-5.600000 -0.000079
-5.500000 -0.000034
-5.400000 0.000000
-5.300000 0.000006
-5.200000 -0.000029
-5.100000 -0.000108
-5.000000 -0.000221
-4.900000 -0.000351
-4.800000 -0.000478
-4.700000 -0.000582
-4.600000 -0.000654
-4.500000 -0.000696
-4.400000 -0.000724
-4.300000 -0.000766
-4.200000 -0.000854
-4.100000 -0.001024
-4.000000 -0.001305
-3.900000 -0.001716
-3.800000 -0.002265
-3.700000 -0.002951
-3.600000 -0.003767
-3.500000 -0.004704
-3.400000 -0.005764
-3.300000 -0.006960
-3.200000 -0.008327
-3.100000 -0.009923
-3.000000 -0.011834
-2.900000 -0.014171
-2.800000 -0.017072
-2.700000 -0.020697
-2.600000 -0.025233
-2.500000 -0.030890
-2.400000 -0.037906
-2.300000 -0.046555
-2.200000 -0.057149
-2.100000 -0.070055
-2.000000 -0.085703
-1.900000 -0.104603
-1.800000 -0.127357
-1.700000 -0.154670
-1.600000 -0.187363
-1.500000 -0.226377
-1.400000 -0.272764
-1.300000 -0.327671
-1.200000 -0.392301
-1.100000 -0.467851
-1.000000 -0.555405
-0.900000 -0.655798
-0.800000 -0.769424
-0.700000 -0.895999
-0.600000 -1.034295
-0.500000 -1.181869
-0.400000 -1.334848
-0.300000 -1.487829
-0.200000 -1.634004
-0.100000 -1.765547
0.000000 -1.874310
0.100000 -1.952767
0.200000 -1.995041
0.300000 -1.997806
0.400000 -1.960832
0.500000 -1.887025
0.600000 -1.781942
0.700000 -1.652940
0.800000 -1.508137
0.900000 -1.355457
1.000000 -1.201890
1.100000 -1.053055
1.200000 -0.913052
1.300000 -0.784523
1.400000 -0.668866
1.500000 -0.566494
1.600000 -0.477105
1.700000 -0.399925
1.800000 -0.333903
1.900000 -0.277857
2.000000 -0.230580
2.100000 -0.190907
2.200000 -0.157758
2.300000 -0.130158
2.400000 -0.107246
2.500000 -0.088270
2.600000 -0.072587
2.700000 -0.059645
2.800000 -0.048981
2.900000 -0.040203
3.000000 -0.032984
3.100000 -0.027051
3.200000 -0.022179
3.300000 -0.018181
3.400000 -0.014900
3.500000 -0.012209
3.600000 -0.010003
3.700000 -0.008194
3.800000 -0.006712
3.900000 -0.005497
4.000000 -0.004502
4.100000 -0.003687
4.200000 -0.003020
4.300000 -0.002473
4.400000 -0.002025
4.500000 -0.001658
4.600000 -0.001358
4.700000 -0.001112
4.800000 -0.000910
4.900000 -0.000745
5.000000 -0.000610
5.100000 -0.000499
5.200000 -0.000409
5.300000 -0.000335
5.400000 -0.000274
5.500000 -0.000225
5.600000 -0.000184
5.700000 -0.000151
5.800000 -0.000123
5.900000 -0.000101
6.000000 -0.000083
6.100000 -0.000068
6.200000 -0.000055
6.300000 -0.000045
6.400000 -0.000037
6.500000 -0.000030
6.600000 -0.000025
6.700000 -0.000020
6.800000 -0.000017
6.900000 -0.000014
7.000000 -0.000011
7.100000 -0.000009
7.200000 -0.000007
7.300000 -0.000006
7.400000 -0.000005
7.500000 -0.000004
7.600000 -0.000003
7.700000 -0.000003
7.800000 -0.000002
7.900000 -0.000002
8.000000 -0.000001
8.100000 -0.000001
8.200000 -0.000001
8.300000 -0.000001
8.400000 -0.000001
8.500000 -0.000001
8.600000 -0.000001
8.700000 -0.000000
8.800000 -0.000000
8.900000 -0.000000
9.000000 -0.000000
9.100000 -0.000000
9.200000 -0.000000
9.300000 -0.000000
9.400000 -0.000000
9.500000 -0.000000
9.600000 -0.000000
9.700000 -0.000000
9.800000 0.000000
9.900000 -0.000000
10.000000 -0.000000
10.100000 -0.000000
10.200000 -0.000000
10.300000 -0.000000
10.400000 -0.000000
10.500000 0.000000
10.600000 0.000000
10.700000 0.000000
10.800000 -0.000000
10.900000 -0.000000
11.000000 -0.000000
11.100000 -0.000000
11.200000 0.000000
11.300000 0.000000
11.400000 0.000000
11.500000 -0.000000
11.600000 -0.000000
11.700000 -0.000000
11.800000 -0.000000
11.900000 0.000000
12.000000 0.000000
12.100000 0.000000
12.200000 -0.000000
12.300000 -0.000000
12.400000 -0.000000
12.500000 0.000000
12.600000 0.000000
12.700000 0.000000
12.800000 -0.000000
12.900000 -0.000000
13.000000 -0.000000
13.100000 0.000000
13.200000 0.000000
13.300000 0.000000
13.400000 0.000000
13.500000 -0.000000
13.600000 -0.000000
13.700000 -0.000000
13.800000 0.000000
13.900000 0.000000
14.000000 0.000000
14.100000 -0.000000
14.200000 -0.000000
14.300000 0.000000
14.400000 0.000000
14.500000 0.000000
14.600000 -0.000000
14.700000 -0.000000
14.800000 -0.000000
14.900000 0.000000
15.000000 0.000000
15.100000 0.000000
15.200000 -0.000000
15.300000 -0.000000
15.400000 -0.000000
15.500000 0.000000
15.600000 0.000000
15.700000 -0.000000
15.800000 -0.000000
15.900000 -0.000000
16.000000 0.000000
16.100000 0.000000
16.200000 0.000000
16.300000 -0.000000
16.400000 -0.000000
16.500000 0.000000
16.600000 0.000000
16.700000 0.000000
16.800000 -0.000000
16.900000 -0.000000
17.000000 0.000000
17.100000 0.000000
17.200000 0.000000
17.300000 -0.000000
17.400000 -0.000000
17.500000 0.000000
17.600000 0.000000
17.700000 -0.000000
17.800000 -0.000000
17.900000 -0.000000
18.000000 0.000000
18.100000 0.000000
18.200000 -0.000000
18.300000 -0.000000
18.400000 0.000000
18.500000 0.000000
18.600000 0.000000
18.700000 -0.000000
18.800000 -0.000000
18.900000 0.000000
19.000000 0.000000
19.100000 -0.000000
19.200000 -0.000000
19.300000 0.000000
19.400000 0.000000
19.500000 -0.000000
19.600000 -0.000000
19.700000 0.000000
19.800000 0.000000
19.900000 -0.000000
20.000000 -0.000000
20.100000 0.000000
20.200000 0.000000
20.300000 -0.000000
20.400000 -0.000000
20.500000 0.000000
20.600000 0.000000
20.700000 -0.000000
20.800000 -0.000000
20.900000 0.000000
21.000000 0.000000
21.100000 -0.000000
21.200000 -0.000000
21.300000 0.000000
21.400000 0.000000
21.500000 -0.000000
21.600000 -0.000000
21.700000 0.000000
21.800000 0.000000
21.900000 -0.000000
22.000000 -0.000000
22.100000 0.000000
22.200000 -0.000000
22.300000 -0.000000
22.400000 0.000000
22.500000 0.000000
22.600000 -0.000000
22.700000 0.000000
22.800000 0.000000
22.900000 -0.000000
23.000000 -0.000000
23.100000 -0.000000
23.200000 0.000000
23.300000 -0.000000
23.400000 -0.000000
23.500000 0.000000
23.600000 -0.000000
23.700000 -0.000000
23.800000 0.000000
23.900000 -0.000000
24.000000 0.000000
24.100000 0.000000
24.200000 -0.000000
24.300000 0.000000
24.400000 0.000000
24.500000 -0.000000
24.600000 0.000000
24.700000 -0.000000
24.800000 -0.000000
24.900000 0.000000
25.000000 -0.000000
25.100000 0.000000
25.200000 -0.000000
25.300000 0.000000
25.400000 0.000000
25.500000 -0.000000
25.600000 0.000000
25.700000 -0.000000
25.800000 0.000000
25.900000 -0.000000
26.000000 -0.000000
26.100000 0.000000
26.200000 -0.000000
26.300000 0.000000
26.400000 -0.000000
26.500000 0.000000
26.600000 0.000000
26.700000 -0.000000
26.800000 0.000000
26.900000 -0.000000
27.000000 0.000000
27.100000 -0.000000
27.200000 0.000000
27.300000 0.000000
27.400000 -0.000000
27.500000 0.000000
27.600000 -0.000000
27.700000 0.000000
27.800000 -0.000000
27.900000 0.000000
28.000000 -0.000000
28.100000 0.000000
28.200000 0.000000
28.300000 -0.000000
28.400000 0.000000
28.500000 -0.000000
28.600000 -0.000000
28.700000 0.000000
28.800000 -0.000000
28.900000 0.000000
29.000000 -0.000000
29.100000 -0.000000
29.200000 0.000000
29.300000 -0.000000
29.400000 0.000000
29.500000 -0.000000
29.600000 0.000000
29.700000 0.000000
29.800000 -0.000000
29.900000 0.000000
