-30.000000 0.000171
-29.900000 0.000115
-29.800000 0.000225
-29.700000 0.000110
-29.600000 0.000163
-29.500000 0.000007
-29.400000 0.000033
-29.300000 -0.000126
-29.200000 -0.000084
-29.100000 -0.000204
-29.000000 -0.000114
-28.900000 -0.000178
-28.800000 -0.000041
-28.700000 -0.000065
-28.600000 0.000089
-28.500000 0.000066
-28.400000 0.000194
-28.300000 0.000132
-28.200000 0.000206
-28.100000 0.000092
-28.000000 0.000115
-27.900000 -0.000031
-27.800000 -0.000025
-27.700000 -0.000161
-27.600000 -0.000130
-27.500000 -0.000219
-27.400000 -0.000137
-27.300000 -0.000167
-27.200000 -0.000040
-27.100000 -0.000034
-27.000000 0.000104
-26.900000 0.000103
-26.800000 0.000208
-26.700000 0.000164
-26.600000 0.000210
-26.500000 0.000112
-26.400000 0.000106
-26.300000 -0.000022
-26.200000 -0.000045
-26.100000 -0.000163
-26.000000 -0.000161
-25.900000 -0.000228
-25.800000 -0.000172
-25.700000 -0.000178
-25.600000 -0.000073
-25.500000 -0.000038
-25.400000 0.000080
-25.300000 0.000115
-25.200000 0.000203
-25.100000 0.000198
-25.000000 0.000227
-24.900000 0.000165
-24.800000 0.000135
-24.700000 0.000032
-24.600000 -0.000027
-24.500000 -0.000128
-24.400000 -0.000170
-24.300000 -0.000228
-24.200000 -0.000221
-24.100000 -0.000214
-24.000000 -0.000152
-23.900000 -0.000092
-23.800000 0.000002
-23.700000 0.000081
-23.600000 0.000162
-23.500000 0.000213
-23.400000 0.000242
-23.300000 0.000237
-23.200000 0.000200
-23.100000 0.000141
-23.000000 0.000056
-22.900000 -0.000026
-22.800000 -0.000122
-22.700000 -0.000184
-22.600000 -0.000246
-22.500000 -0.000251
-22.400000 -0.000254
-22.300000 -0.000191
-22.200000 -0.000141
-22.100000 -0.000032
-22.000000 0.000037
-21.900000 0.000150
-21.800000 0.000195
-21.700000 0.000273
-21.600000 0.000259
-21.500000 0.000276
-21.400000 0.000193
-21.300000 0.000156
-21.200000 0.000027
-21.100000 -0.000030
-21.000000 -0.000164
-20.900000 -0.000196
-20.800000 -0.000293
-20.700000 -0.000267
-20.600000 -0.000304
-20.500000 -0.000210
-20.400000 -0.000189
-20.300000 -0.000044
-20.200000 0.000002
-20.100000 0.000156
-20.000000 0.000183
-19.900000 0.000304
-19.800000 0.000275
-19.700000 0.000336
-19.600000 0.000239
-19.500000 0.000240
-19.400000 0.000087
-19.300000 0.000053
-19.200000 -0.000121
-19.100000 -0.000148
-19.000000 -0.000298
-18.900000 -0.000275
-18.800000 -0.000368
-18.700000 -0.000276
-18.600000 -0.000305
-18.500000 -0.000152
-18.400000 -0.000136
-18.300000 0.000052
-18.200000 0.000078
-18.100000 0.000257
-18.000000 0.000250
-17.900000 0.000382
-17.800000 0.000309
-17.700000 0.000375
-17.600000 0.000234
-17.500000 0.000243
-17.400000 0.000054
-17.300000 0.000034
-17.200000 -0.000168
-17.100000 -0.000177
-17.000000 -0.000351
-16.900000 -0.000311
-16.800000 -0.000424
-16.700000 -0.000314
-16.600000 -0.000360
-16.500000 -0.000187
-16.400000 -0.000184
-16.300000 0.000023
-16.200000 0.000041
-16.100000 0.000247
-16.000000 0.000243
-15.900000 0.000409
-15.800000 0.000348
-15.700000 0.000449
-15.600000 0.000317
-15.500000 0.000352
-15.400000 0.000164
-15.300000 0.000155
-15.200000 -0.000061
-15.100000 -0.000078
-15.000000 -0.000286
-14.900000 -0.000278
-14.800000 -0.000442
-14.700000 -0.000377
-14.600000 -0.000474
-14.500000 -0.000340
-14.400000 -0.000372
-14.300000 -0.000182
-14.200000 -0.000171
-14.100000 0.000046
-14.000000 0.000069
-13.900000 0.000279
-13.800000 0.000280
-13.700000 0.000450
-13.600000 0.000400
-13.500000 0.000505
-13.400000 0.000388
-13.300000 0.000427
-13.200000 0.000252
-13.100000 0.000241
-13.000000 0.000033
-12.900000 0.000002
-12.800000 -0.000210
-12.700000 -0.000232
-12.600000 -0.000415
-12.500000 -0.000397
-12.400000 -0.000523
-12.300000 -0.000444
-12.200000 -0.000503
-12.100000 -0.000364
-12.000000 -0.000365
-11.900000 -0.000183
-11.800000 -0.000148
-11.700000 0.000055
-11.600000 0.000101
-11.500000 0.000295
-11.400000 0.000321
-11.300000 0.000475
-11.200000 0.000455
-11.100000 0.000549
-11.000000 0.000472
-10.900000 0.000505
-10.800000 0.000377
-10.700000 0.000358
-10.600000 0.000190
-10.500000 0.000136
-10.400000 -0.000049
-10.300000 -0.000113
-10.200000 -0.000288
-10.100000 -0.000332
-10.000000 -0.000469
-9.900000 -0.000473
-9.800000 -0.000557
-9.700000 -0.000514
-9.600000 -0.000543
-9.500000 -0.000452
-9.400000 -0.000428
-9.300000 -0.000295
-9.200000 -0.000231
-9.100000 -0.000075
-9.000000 0.000006
-8.900000 0.000159
-8.800000 0.000233
-8.700000 0.000362
-8.600000 0.000413
-8.500000 0.000507
-8.400000 0.000524
-8.300000 0.000570
-8.200000 0.000543
-8.100000 0.000536
-8.000000 0.000467
-7.900000 0.000415
-7.800000 0.000316
-7.700000 0.000236
-7.600000 0.000124
-7.500000 0.000030
-7.400000 -0.000084
-7.300000 -0.000180
-7.200000 -0.000280
-7.100000 -0.000363
-7.000000 -0.000433
-6.900000 -0.000487
-6.800000 -0.000518
-6.700000 -0.000540
-6.600000 -0.000534
-6.500000 -0.000529
-6.400000 -0.000489
-6.300000 -0.000458
-6.200000 -0.000387
-6.100000 -0.000335
-6.000000 -0.000240
-5.900000 -0.000179
-5.800000 -0.000074
-5.700000 -0.000019
-5.600000 0.000083
-5.500000 0.000126
-5.400000 0.000221
-5.300000 0.000250
-5.200000 0.000336
-5.100000 0.000344
-5.000000 0.000413
-4.900000 0.000395
-4.800000 0.000444
-4.700000 0.000402
-4.600000 0.000439
-4.500000 0.000382
-4.400000 0.000414
-4.300000 0.000345
-4.200000 0.000370
-4.100000 0.000289
-4.000000 0.000310
-3.900000 0.000222
-3.800000 0.000247
-3.700000 0.000162
-3.600000 0.000198
-3.500000 0.000117
-3.400000 0.000160
-3.300000 0.000077
-3.200000 0.000123
-3.100000 0.000037
-3.000000 0.000086
-2.900000 -0.000002
-2.800000 0.000049
-2.700000 -0.000046
-2.600000 -0.000005
-2.500000 -0.000124
-2.400000 -0.000111
-2.300000 -0.000270
-2.200000 -0.000298
-2.100000 -0.000510
-2.000000 -0.000599
-1.900000 -0.000890
-1.800000 -0.001076
-1.700000 -0.001493
-1.600000 -0.001832
-1.500000 -0.002438
-1.400000 -0.003000
-1.300000 -0.003876
-1.200000 -0.004760
-1.100000 -0.006030
-1.000000 -0.007392
-0.900000 -0.009252
-0.800000 -0.011330
-0.700000 -0.014064
-0.600000 -0.017200
-0.500000 -0.021215
-0.400000 -0.025903
-0.300000 -0.031801
-0.200000 -0.038772
-0.100000 -0.047441
0.000000 -0.057768
0.100000 -0.070494
0.200000 -0.085708
0.300000 -0.104306
0.400000 -0.126551
0.500000 -0.153537
0.600000 -0.185741
0.700000 -0.224485
0.800000 -0.270468
0.900000 -0.325205
1.000000 -0.389536
1.100000 -0.465006
1.200000 -0.552331
1.300000 -0.652692
1.400000 -0.766119
1.500000 -0.892684
1.600000 -1.030813
1.700000 -1.178431
1.800000 -1.331339
1.900000 -1.484511
2.000000 -1.630819
2.100000 -1.762803
2.200000 -1.871989
2.300000 -1.951183
2.400000 -1.994151
2.500000 -1.997858
2.600000 -1.961689
2.700000 -1.888809
2.800000 -1.784400
2.900000 -1.656088
3.000000 -1.511657
3.100000 -1.359334
3.200000 -1.205822
3.300000 -1.057063
3.400000 -0.916890
3.500000 -0.788263
3.600000 -0.672317
3.700000 -0.569763
3.800000 -0.480039
3.900000 -0.402652
4.000000 -0.336297
4.100000 -0.280056
4.200000 -0.232480
4.300000 -0.192650
4.400000 -0.159249
4.500000 -0.131532
4.600000 -0.108407
4.700000 -0.089341
4.800000 -0.073472
4.900000 -0.060459
5.000000 -0.049639
5.100000 -0.040813
5.200000 -0.033471
5.300000 -0.027517
5.400000 -0.022549
5.500000 -0.018542
5.600000 -0.015177
5.700000 -0.012479
5.800000 -0.010197
5.900000 -0.008384
6.000000 -0.006841
6.100000 -0.005634
6.200000 -0.004597
6.300000 -0.003797
6.400000 -0.003098
6.500000 -0.002562
6.600000 -0.002081
6.700000 -0.001716
6.800000 -0.001386
6.900000 -0.001142
7.000000 -0.000924
7.100000 -0.000768
7.200000 -0.000629
7.300000 -0.000528
7.400000 -0.000434
7.500000 -0.000357
7.600000 -0.000289
7.700000 -0.000227
7.800000 -0.000183
7.900000 -0.000141
8.000000 -0.000125
8.100000 -0.000099
8.200000 -0.000100
8.300000 -0.000075
8.400000 -0.000078
8.500000 -0.000045
8.600000 -0.000048
8.700000 -0.000011
8.800000 -0.000025
8.900000 0.000003
9.000000 -0.000027
9.100000 -0.000003
9.200000 -0.000039
9.300000 -0.000006
9.400000 -0.000036
9.500000 0.000009
9.600000 -0.000018
9.700000 0.000029
9.800000 -0.000011
9.900000 0.000028
10.000000 -0.000024
10.100000 0.000013
10.200000 -0.000040
10.300000 0.000010
10.400000 -0.000035
10.500000 0.000027
10.600000 -0.000018
10.700000 0.000043
10.800000 -0.000015
10.900000 0.000036
11.000000 -0.000033
11.100000 0.000019
11.200000 -0.000048
11.300000 0.000018
11.400000 -0.000039
11.500000 0.000038
11.600000 -0.000021
11.700000 0.000051
11.800000 -0.000021
11.900000 0.000041
12.000000 -0.000042
12.100000 0.000022
12.200000 -0.000055
12.300000 0.000023
12.400000 -0.000042
12.500000 0.000045
12.600000 -0.000023
12.700000 0.000057
12.800000 -0.000025
12.900000 0.000044
13.000000 -0.000047
13.100000 0.000023
13.200000 -0.000060
13.300000 0.000026
13.400000 -0.000045
13.500000 0.000049
13.600000 -0.000023
13.700000 0.000061
13.800000 -0.000026
13.900000 0.000046
14.000000 -0.000049
14.100000 0.000023
14.200000 -0.000063
14.300000 0.000025
14.400000 -0.000047
14.500000 0.000049
14.600000 -0.000023
14.700000 0.000063
14.800000 -0.000023
14.900000 0.000047
15.000000 -0.000047
15.100000 0.000022
15.200000 -0.000063
15.300000 0.000020
15.400000 -0.000048
15.500000 0.000045
15.600000 -0.000021
15.700000 0.000063
15.800000 -0.000016
15.900000 0.000049
16.000000 -0.000041
16.100000 0.000020
16.200000 -0.000061
16.300000 0.000012
16.400000 -0.000050
16.500000 0.000035
16.600000 -0.000019
16.700000 0.000059
16.800000 -0.000007
16.900000 0.000051
17.000000 -0.000029
17.100000 0.000018
17.200000 -0.000055
17.300000 0.000002
17.400000 -0.000051
17.500000 0.000021
17.600000 -0.000019
17.700000 0.000050
17.800000 0.000003
17.900000 0.000051
18.000000 -0.000012
18.100000 0.000020
18.200000 -0.000044
18.300000 -0.000008
18.400000 -0.000051
18.500000 0.000002
18.600000 -0.000022
18.700000 0.000035
18.800000 0.000011
18.900000 0.000050
19.000000 0.000009
19.100000 0.000025
19.200000 -0.000024
19.300000 -0.000013
19.400000 -0.000046
19.500000 -0.000019
19.600000 -0.000028
19.700000 0.000011
19.800000 0.000012
19.900000 0.000041
20.000000 0.000029
20.100000 0.000032
20.200000 0.000003
20.300000 -0.000009
20.400000 -0.000033
20.500000 -0.000036
20.600000 -0.000035
20.700000 -0.000019
20.800000 0.000003
20.900000 0.000021
21.000000 0.000040
21.100000 0.000035
21.200000 0.000035
21.300000 0.000004
21.400000 -0.000005
21.500000 -0.000039
21.600000 -0.000032
21.700000 -0.000048
21.800000 -0.000013
21.900000 -0.000013
22.000000 0.000034
22.100000 0.000025
22.200000 0.000058
22.300000 0.000021
22.400000 0.000034
22.500000 -0.000024
22.600000 -0.000012
22.700000 -0.000063
22.800000 -0.000026
22.900000 -0.000054
23.000000 0.000011
23.100000 -0.000007
23.200000 0.000060
23.300000 0.000024
23.400000 0.000070
23.500000 0.000004
23.600000 0.000031
23.700000 -0.000049
23.800000 -0.000015
23.900000 -0.000079
24.000000 -0.000017
24.100000 -0.000056
24.200000 0.000030
24.300000 -0.000002
24.400000 0.000079
24.500000 0.000023
24.600000 0.000078
24.700000 -0.000009
24.800000 0.000028
24.900000 -0.000066
25.000000 -0.000018
25.100000 -0.000091
25.200000 -0.000012
25.300000 -0.000058
25.400000 0.000043
25.500000 0.000001
25.600000 0.000091
25.700000 0.000024
25.800000 0.000084
25.900000 -0.000014
26.000000 0.000028
26.100000 -0.000076
26.200000 -0.000022
26.300000 -0.000100
26.400000 -0.000014
26.500000 -0.000062
26.600000 0.000045
26.700000 0.000003
26.800000 0.000099
26.900000 0.000030
27.000000 0.000093
27.100000 -0.000008
27.200000 0.000032
27.300000 -0.000076
27.400000 -0.000026
27.500000 -0.000108
27.600000 -0.000025
27.700000 -0.000071
27.800000 0.000035
27.900000 0.000000
28.000000 0.000098
28.100000 0.000041
28.200000 0.000103
28.300000 0.000011
28.400000 0.000042
28.500000 -0.000062
28.600000 -0.000029
28.700000 -0.000110
28.800000 -0.000046
28.900000 -0.000087
29.000000 0.000008
29.100000 -0.000012
29.200000 0.000083
29.300000 0.000049
29.400000 0.000110
29.500000 0.000042
29.600000 0.000067
29.700000 -0.000020
29.800000 0.000001
29.900000 -0.000061
