-30.000000 -0.000072
-29.900000 0.000005
-29.800000 -0.000011
-29.700000 0.000105
-29.600000 0.000095
-29.500000 0.000200
-29.400000 0.000155
-29.300000 0.000217
-29.200000 0.000119
-29.100000 0.000136
-29.000000 -0.000003
-28.900000 -0.000005
-28.800000 -0.000147
-28.700000 -0.000127
-28.600000 -0.000233
-28.500000 -0.000158
-28.400000 -0.000209
-28.300000 -0.000079
-28.200000 -0.000091
-28.100000 0.000065
-28.000000 0.000056
-27.900000 0.000199
-27.800000 0.000153
-27.700000 0.000251
-27.600000 0.000148
-27.500000 0.000191
-27.400000 0.000036
-27.300000 0.000048
-27.200000 -0.000122
-27.100000 -0.000099
-27.000000 -0.000241
-26.900000 -0.000169
-26.800000 -0.000259
-26.700000 -0.000128
-26.600000 -0.000169
-26.500000 0.000005
-26.400000 -0.000014
-26.300000 0.000166
-26.200000 0.000128
-26.100000 0.000272
-26.000000 0.000180
-25.900000 0.000265
-25.800000 0.000112
-25.700000 0.000150
-25.600000 -0.000039
-25.500000 -0.000015
-25.400000 -0.000199
-25.300000 -0.000148
-25.200000 -0.000292
-25.100000 -0.000186
-25.000000 -0.000271
-24.900000 -0.000106
-24.800000 -0.000142
-24.700000 0.000057
-24.600000 0.000033
-24.500000 0.000222
-24.400000 0.000166
-24.300000 0.000308
-24.200000 0.000195
-24.100000 0.000278
-24.000000 0.000108
-23.900000 0.000145
-23.800000 -0.000058
-23.700000 -0.000034
-23.600000 -0.000230
-23.500000 -0.000177
-23.400000 -0.000325
-23.300000 -0.000212
-23.200000 -0.000297
-23.100000 -0.000124
-23.000000 -0.000160
-22.900000 0.000045
-22.800000 0.000022
-22.700000 0.000222
-22.600000 0.000175
-22.500000 0.000333
-22.400000 0.000230
-22.300000 0.000325
-22.200000 0.000159
-22.100000 0.000198
-22.000000 -0.000009
-21.900000 0.000007
-21.800000 -0.000199
-21.700000 -0.000162
-21.600000 -0.000330
-21.500000 -0.000243
-21.400000 -0.000352
-21.300000 -0.000203
-21.200000 -0.000252
-21.100000 -0.000054
-21.000000 -0.000066
-20.900000 0.000146
-20.800000 0.000129
-20.700000 0.000312
-20.600000 0.000250
-20.500000 0.000374
-20.400000 0.000250
-20.300000 0.000311
-20.200000 0.000134
-20.100000 0.000149
-20.000000 -0.000057
-19.900000 -0.000057
-19.800000 -0.000253
-19.700000 -0.000228
-19.600000 -0.000376
-19.500000 -0.000293
-19.400000 -0.000373
-19.300000 -0.000226
-19.200000 -0.000247
-19.100000 -0.000059
-19.000000 -0.000050
-18.900000 0.000148
-18.800000 0.000153
-18.700000 0.000324
-18.600000 0.000290
-18.500000 0.000406
-18.400000 0.000310
-18.300000 0.000356
-18.200000 0.000199
-18.100000 0.000192
-18.000000 0.000002
-17.900000 -0.000024
-17.800000 -0.000209
-17.700000 -0.000218
-17.600000 -0.000366
-17.500000 -0.000331
-17.400000 -0.000420
-17.300000 -0.000324
-17.200000 -0.000345
-17.100000 -0.000192
-17.000000 -0.000162
-16.900000 0.000020
-16.800000 0.000065
-16.700000 0.000236
-16.600000 0.000258
-16.500000 0.000387
-16.400000 0.000363
-16.300000 0.000431
-16.200000 0.000350
-16.100000 0.000354
-16.000000 0.000219
-15.900000 0.000171
-15.800000 0.000004
-15.700000 -0.000063
-15.600000 -0.000221
-15.500000 -0.000269
-15.400000 -0.000386
-15.300000 -0.000388
-15.200000 -0.000446
-15.100000 -0.000393
-15.000000 -0.000388
-14.900000 -0.000282
-14.800000 -0.000224
-14.700000 -0.000081
-14.600000 0.000006
-14.500000 0.000154
-14.400000 0.000234
-14.300000 0.000350
-14.200000 0.000390
-14.100000 0.000451
-14.000000 0.000439
-13.900000 0.000440
-13.800000 0.000375
-13.700000 0.000319
-13.600000 0.000211
-13.500000 0.000113
-13.400000 -0.000017
-13.300000 -0.000128
-13.200000 -0.000247
-13.100000 -0.000335
-13.000000 -0.000411
-12.900000 -0.000454
-12.800000 -0.000474
-12.700000 -0.000466
-12.600000 -0.000428
-12.500000 -0.000374
-12.400000 -0.000284
-12.300000 -0.000192
-12.200000 -0.000066
-12.100000 0.000042
-12.000000 0.000175
-11.900000 0.000265
-11.800000 0.000373
-11.700000 0.000421
-11.600000 0.000487
-11.500000 0.000483
-11.400000 0.000504
-11.300000 0.000447
-11.200000 0.000422
-11.100000 0.000315
-11.000000 0.000251
-10.900000 0.000107
-10.800000 0.000025
-10.700000 -0.000129
-10.600000 -0.000199
-10.500000 -0.000336
-10.400000 -0.000373
-10.300000 -0.000477
-10.200000 -0.000473
-10.100000 -0.000539
-10.000000 -0.000488
-9.900000 -0.000511
-9.800000 -0.000409
-9.700000 -0.000389
-9.600000 -0.000243
-9.500000 -0.000197
-9.400000 -0.000031
-9.300000 0.000018
-9.200000 0.000181
-9.100000 0.000214
-9.000000 0.000364
-8.900000 0.000372
-8.800000 0.000498
-8.700000 0.000472
-8.600000 0.000563
-8.500000 0.000490
-8.400000 0.000538
-8.300000 0.000419
-8.200000 0.000433
-8.100000 0.000282
-8.000000 0.000279
-7.900000 0.000112
-7.800000 0.000103
-7.700000 -0.000071
-7.600000 -0.000081
-7.500000 -0.000255
-7.400000 -0.000253
-7.300000 -0.000411
-7.200000 -0.000380
-7.100000 -0.000508
-7.000000 -0.000440
-6.900000 -0.000538
-6.800000 -0.000440
-6.700000 -0.000516
-6.600000 -0.000396
-6.500000 -0.000452
-6.400000 -0.000310
-6.300000 -0.000346
-6.200000 -0.000182
-6.100000 -0.000206
-6.000000 -0.000034
-5.900000 -0.000060
-5.800000 0.000104
-5.700000 0.000064
-5.600000 0.000217
-5.500000 0.000163
-5.400000 0.000309
-5.300000 0.000246
-5.200000 0.000382
-5.100000 0.000304
-5.000000 0.000422
-4.900000 0.000320
-4.800000 0.000419
-4.700000 0.000300
-4.600000 0.000390
-4.500000 0.000268
-4.400000 0.000359
-4.300000 0.000237
-4.200000 0.000327
-4.100000 0.000200
-4.000000 0.000285
-3.900000 0.000153
-3.800000 0.000238
-3.700000 0.000112
-3.600000 0.000209
-3.500000 0.000097
-3.400000 0.000205
-3.300000 0.000100
-3.200000 0.000209
-3.100000 0.000101
-3.000000 0.000204
-2.900000 0.000093
-2.800000 0.000196
-2.700000 0.000088
-2.600000 0.000191
-2.500000 0.000079
-2.400000 0.000168
-2.300000 0.000033
-2.200000 0.000089
-2.100000 -0.000084
-2.000000 -0.000073
-1.900000 -0.000294
-1.800000 -0.000337
-1.700000 -0.000620
-1.600000 -0.000744
-1.500000 -0.001128
-1.400000 -0.001384
-1.300000 -0.001929
-1.200000 -0.002383
-1.100000 -0.003161
-1.000000 -0.003893
-0.900000 -0.004999
-0.800000 -0.006131
-0.700000 -0.007722
-0.600000 -0.009452
-0.500000 -0.011773
-0.400000 -0.014400
-0.300000 -0.017806
-0.200000 -0.021754
-0.100000 -0.026754
0.000000 -0.032633
0.100000 -0.039967
0.200000 -0.048680
0.300000 -0.059441
0.400000 -0.072303
0.500000 -0.088066
0.600000 -0.106948
0.700000 -0.129912
0.800000 -0.157383
0.900000 -0.190527
1.000000 -0.230003
1.100000 -0.277187
1.200000 -0.332943
1.300000 -0.398769
1.400000 -0.475561
1.500000 -0.564655
1.600000 -0.666557
1.700000 -0.781848
1.800000 -0.909869
1.900000 -1.049511
2.000000 -1.197920
2.100000 -1.351298
2.200000 -1.503842
2.300000 -1.648854
2.400000 -1.778219
2.500000 -1.884051
2.600000 -1.958752
2.700000 -1.996906
2.800000 -1.995314
2.900000 -1.954292
3.000000 -1.876876
3.100000 -1.769043
3.200000 -1.638095
3.300000 -1.492325
3.400000 -1.339409
3.500000 -1.186340
3.600000 -1.038418
3.700000 -0.899705
3.800000 -0.772570
3.900000 -0.658412
4.000000 -0.557451
4.100000 -0.469436
4.200000 -0.393465
4.300000 -0.328561
4.400000 -0.273454
4.500000 -0.227013
4.600000 -0.188013
4.700000 -0.155447
4.800000 -0.128299
4.900000 -0.105772
5.000000 -0.087093
5.100000 -0.071664
5.200000 -0.058923
5.300000 -0.048431
5.400000 -0.039791
5.500000 -0.032681
5.600000 -0.026835
5.700000 -0.022017
5.800000 -0.018064
5.900000 -0.014800
6.000000 -0.012137
6.100000 -0.009935
6.200000 -0.008159
6.300000 -0.006680
6.400000 -0.005503
6.500000 -0.004504
6.600000 -0.003719
6.700000 -0.003028
6.800000 -0.002499
6.900000 -0.002013
7.000000 -0.001665
7.100000 -0.001329
7.200000 -0.001118
7.300000 -0.000890
7.400000 -0.000774
7.500000 -0.000611
7.600000 -0.000545
7.700000 -0.000411
7.800000 -0.000371
7.900000 -0.000252
8.000000 -0.000237
8.100000 -0.000141
8.200000 -0.000158
8.300000 -0.000088
8.400000 -0.000131
8.500000 -0.000070
8.600000 -0.000119
8.700000 -0.000049
8.800000 -0.000090
8.900000 -0.000008
9.000000 -0.000050
9.100000 0.000028
9.200000 -0.000031
9.300000 0.000032
9.400000 -0.000045
9.500000 0.000013
9.600000 -0.000066
9.700000 0.000004
9.800000 -0.000062
9.900000 0.000026
10.000000 -0.000034
10.100000 0.000056
10.200000 -0.000017
10.300000 0.000059
10.400000 -0.000033
10.500000 0.000034
10.600000 -0.000062
10.700000 0.000015
10.800000 -0.000068
10.900000 0.000028
11.000000 -0.000043
11.100000 0.000060
11.200000 -0.000019
11.300000 0.000071
11.400000 -0.000027
11.500000 0.000049
11.600000 -0.000058
11.700000 0.000021
11.800000 -0.000075
11.900000 0.000024
12.000000 -0.000057
12.100000 0.000055
12.200000 -0.000026
12.300000 0.000077
12.400000 -0.000021
12.500000 0.000064
12.600000 -0.000050
12.700000 0.000031
12.800000 -0.000078
12.900000 0.000019
13.000000 -0.000071
13.100000 0.000043
13.200000 -0.000038
13.300000 0.000076
13.400000 -0.000017
13.500000 0.000078
13.600000 -0.000035
13.700000 0.000046
13.800000 -0.000071
13.900000 0.000017
14.000000 -0.000082
14.100000 0.000026
14.200000 -0.000055
14.300000 0.000063
14.400000 -0.000020
14.500000 0.000084
14.600000 -0.000018
14.700000 0.000064
14.800000 -0.000052
14.900000 0.000025
15.000000 -0.000083
15.100000 0.000011
15.200000 -0.000073
15.300000 0.000040
15.400000 -0.000033
15.500000 0.000077
15.600000 -0.000007
15.700000 0.000080
15.800000 -0.000025
15.900000 0.000044
16.000000 -0.000067
16.100000 0.000007
16.200000 -0.000084
16.300000 0.000011
16.400000 -0.000056
16.500000 0.000051
16.600000 -0.000012
16.700000 0.000082
16.800000 -0.000000
16.900000 0.000068
17.000000 -0.000033
17.100000 0.000022
17.200000 -0.000074
17.300000 -0.000007
17.400000 -0.000076
17.500000 0.000013
17.600000 -0.000035
17.700000 0.000058
17.800000 0.000007
17.900000 0.000080
18.000000 0.000006
18.100000 0.000051
18.200000 -0.000037
18.300000 0.000001
18.400000 -0.000075
18.500000 -0.000019
18.600000 -0.000065
18.700000 0.000012
18.800000 -0.000016
18.900000 0.000060
19.000000 0.000024
19.100000 0.000073
19.200000 0.000013
19.300000 0.000035
19.400000 -0.000036
19.500000 -0.000018
19.600000 -0.000071
19.700000 -0.000032
19.800000 -0.000053
19.900000 0.000007
20.000000 0.000002
20.100000 0.000057
20.200000 0.000041
20.300000 0.000066
20.400000 0.000024
20.500000 0.000021
20.600000 -0.000030
20.700000 -0.000035
20.800000 -0.000066
20.900000 -0.000048
21.000000 -0.000045
21.100000 -0.000005
21.200000 0.000016
21.300000 0.000050
21.400000 0.000057
21.500000 0.000060
21.600000 0.000040
21.700000 0.000013
21.800000 -0.000018
21.900000 -0.000049
22.000000 -0.000059
22.100000 -0.000066
22.200000 -0.000041
22.300000 -0.000023
22.400000 0.000023
22.500000 0.000038
22.600000 0.000073
22.700000 0.000056
22.800000 0.000063
22.900000 0.000012
23.000000 0.000002
23.100000 -0.000056
23.200000 -0.000050
23.300000 -0.000086
23.400000 -0.000043
23.500000 -0.000050
23.600000 0.000020
23.700000 0.000018
23.800000 0.000083
23.900000 0.000054
24.000000 0.000089
24.100000 0.000021
24.200000 0.000032
24.300000 -0.000052
24.400000 -0.000035
24.500000 -0.000102
24.600000 -0.000049
24.700000 -0.000083
24.800000 0.000005
24.900000 -0.000013
25.000000 0.000081
25.100000 0.000045
25.200000 0.000113
25.300000 0.000038
25.400000 0.000072
25.500000 -0.000032
25.600000 -0.000005
25.700000 -0.000104
25.800000 -0.000051
25.900000 -0.000117
26.000000 -0.000022
26.100000 -0.000058
26.200000 0.000058
26.300000 0.000021
26.400000 0.000122
26.500000 0.000052
26.600000 0.000116
26.700000 0.000006
26.800000 0.000043
26.900000 -0.000081
27.000000 -0.000034
27.100000 -0.000136
27.200000 -0.000050
27.300000 -0.000112
27.400000 0.000011
27.500000 -0.000029
27.600000 0.000100
27.700000 0.000045
27.800000 0.000145
27.900000 0.000048
28.000000 0.000107
28.100000 -0.000024
28.200000 0.000017
28.300000 -0.000115
28.400000 -0.000054
28.500000 -0.000151
28.600000 -0.000047
28.700000 -0.000103
28.800000 0.000034
28.900000 -0.000007
29.000000 0.000125
29.100000 0.000059
29.200000 0.000152
29.300000 0.000041
29.400000 0.000092
29.500000 -0.000049
29.600000 -0.000009
29.700000 -0.000138
29.800000 -0.000065
29.900000 -0.000140
