-30.000000 0.000000
-29.900000 0.000000
-29.800000 0.000000
-29.700000 0.000000
-29.600000 -0.000000
-29.500000 -0.000000
-29.400000 -0.000000
-29.300000 0.000000
-29.200000 0.000000
-29.100000 -0.000000
-29.000000 -0.000000
-28.900000 -0.000000
-28.800000 0.000000
-28.700000 0.000000
-28.600000 0.000000
-28.500000 -0.000000
-28.400000 -0.000000
-28.300000 -0.000000
-28.200000 0.000000
-28.100000 0.000000
-28.000000 0.000000
-27.900000 0.000000
-27.800000 -0.000000
-27.700000 -0.000001
-27.600000 -0.000000
-27.500000 0.000000
-27.400000 0.000001
-27.300000 0.000000
-27.200000 -0.000000
-27.100000 -0.000001
-27.000000 -0.000001
-26.900000 0.000000
-26.800000 0.000001
-26.700000 0.000001
-26.600000 0.000000
-26.500000 -0.000001
-26.400000 -0.000001
-26.300000 -0.000000
-26.200000 0.000000
-26.100000 0.000001
-26.000000 0.000001
-25.900000 -0.000000
-25.800000 -0.000001
-25.700000 -0.000001
-25.600000 -0.000000
-25.500000 0.000001
-25.400000 0.000001
-25.300000 0.000000
-25.200000 -0.000001
-25.100000 -0.000001
-25.000000 -0.000001
-24.900000 0.000000
-24.800000 0.000001
-24.700000 0.000001
-24.600000 0.000000
-24.500000 -0.000001
-24.400000 -0.000002
-24.300000 -0.000001
-24.200000 0.000000
-24.100000 0.000001
-24.000000 0.000002
-23.900000 0.000001
-23.800000 -0.000001
-23.700000 -0.000002
-23.600000 -0.000001
-23.500000 -0.000000
-23.400000 0.000002
-23.300000 0.000002
-23.200000 0.000001
-23.100000 -0.000001
-23.000000 -0.000002
-22.900000 -0.000002
-22.800000 -0.000001
-22.700000 0.000002
-22.600000 0.000003
-22.500000 0.000002
-22.400000 -0.000000
-22.300000 -0.000002
-22.200000 -0.000003
-22.100000 -0.000002
-22.000000 0.000001
-21.900000 0.000003
-21.800000 0.000003
-21.700000 0.000001
-21.600000 -0.000001
-21.500000 -0.000004
-21.400000 -0.000004
-21.300000 -0.000001
-21.200000 0.000002
-21.100000 0.000004
-21.000000 0.000004
-20.900000 0.000001
-20.800000 -0.000003
-20.700000 -0.000005
-20.600000 -0.000004
-20.500000 -0.000001
-20.400000 0.000003
-20.300000 0.000006
-20.200000 0.000005
-20.100000 0.000001
-20.000000 -0.000004
-19.900000 -0.000006
-19.800000 -0.000005
-19.700000 -0.000001
-19.600000 0.000004
-19.500000 0.000007
-19.400000 0.000006
-19.300000 0.000002
-19.200000 -0.000004
-19.100000 -0.000008
-19.000000 -0.000007
-18.900000 -0.000003
-18.800000 0.000004
-18.700000 0.000008
-18.600000 0.000009
-18.500000 0.000005
-18.400000 -0.000003
-18.300000 -0.000009
-18.200000 -0.000011
-18.100000 -0.000007
-18.000000 0.000001
-17.900000 0.000008
-17.800000 0.000012
-17.700000 0.000010
-17.600000 0.000003
-17.500000 -0.000007
-17.400000 -0.000013
-17.300000 -0.000013
-17.200000 -0.000007
-17.100000 0.000003
-17.000000 0.000012
-16.900000 0.000016
-16.800000 0.000012
-16.700000 0.000002
-16.600000 -0.000009
-16.500000 -0.000017
-16.400000 -0.000017
-16.300000 -0.000009
-16.200000 0.000003
-16.100000 0.000015
-16.000000 0.000021
-15.900000 0.000017
-15.800000 0.000006
-15.700000 -0.000009
-15.600000 -0.000021
-15.500000 -0.000024
-15.400000 -0.000017
-15.300000 -0.000002
-15.200000 0.000015
-15.100000 0.000026
-15.000000 0.000027
-14.900000 0.000017
-14.800000 -0.000001
-14.700000 -0.000020
-14.600000 -0.000031
-14.500000 -0.000030
-14.400000 -0.000018
-14.300000 0.000003
-14.200000 0.000024
-14.100000 0.000036
-14.000000 0.000035
-13.900000 0.000021
-13.800000 -0.000003
-13.700000 -0.000027
-13.600000 -0.000042
-13.500000 -0.000042
-13.400000 -0.000027
-13.300000 -0.000001
-13.200000 0.000027
-13.100000 0.000047
-13.000000 0.000051
-12.900000 0.000037
-12.800000 0.000009
-12.700000 -0.000023
-12.600000 -0.000049
-12.500000 -0.000060
-12.400000 -0.000051
-12.300000 -0.000024
-12.200000 0.000012
-12.100000 0.000047
-12.000000 0.000068
-11.900000 0.000068
-11.800000 0.000047
-11.700000 0.000009
-11.600000 -0.000034
-11.500000 -0.000068
-11.400000 -0.000084
-11.300000 -0.000075
-11.200000 -0.000042
-11.100000 0.000005
-11.000000 0.000053
-10.900000 0.000089
-10.800000 0.000101
-10.700000 0.000084
-10.600000 0.000043
-10.500000 -0.000013
-10.400000 -0.000068
-10.300000 -0.000108
-10.200000 -0.000121
-10.100000 -0.000102
-10.000000 -0.000054
-9.900000 0.000010
-9.800000 0.000075
-9.700000 0.000125
-9.600000 0.000146
-9.500000 0.000131
-9.400000 0.000083
-9.300000 0.000011
-9.200000 -0.000067
-9.100000 -0.000134
-9.000000 -0.000172
-8.900000 -0.000173
-8.800000 -0.000134
-8.700000 -0.000062
-8.600000 0.000028
-8.500000 0.000117
-8.400000 0.000185
-8.300000 0.000217
-8.200000 0.000205
-8.100000 0.000148
-8.000000 0.000058
-7.900000 -0.000050
-7.800000 -0.000154
-7.700000 -0.000233
-7.600000 -0.000271
-7.500000 -0.000259
-7.400000 -0.000197
-7.300000 -0.000095
-7.200000 0.000031
-7.100000 0.000157
-7.000000 0.000263
-6.900000 0.000327
-6.800000 0.000338
-6.700000 0.000292
-6.600000 0.000193
-6.500000 0.000055
-6.400000 -0.000100
-6.300000 -0.000249
-6.200000 -0.000370
-6.100000 -0.000442
-6.000000 -0.000455
-5.900000 -0.000403
-5.800000 -0.000294
-5.700000 -0.000141
-5.600000 0.000035
-5.500000 0.000210
-5.400000 0.000360
-5.300000 0.000463
-5.200000 0.000503
-5.100000 0.000469
-5.000000 0.000363
-4.900000 0.000189
-4.800000 -0.000036
-4.700000 -0.000295
-4.600000 -0.000565
-4.500000 -0.000824
-4.400000 -0.001055
-4.300000 -0.001241
-4.200000 -0.001376
-4.100000 -0.001460
-4.000000 -0.001500
-3.900000 -0.001511
-3.800000 -0.001516
-3.700000 -0.001542
-3.600000 -0.001621
-3.500000 -0.001786
-3.400000 -0.002073
-3.300000 -0.002521
-3.200000 -0.003165
-3.100000 -0.004046
-3.000000 -0.005204
-2.900000 -0.006684
-2.800000 -0.008538
-2.700000 -0.010825
-2.600000 -0.013619
-2.500000 -0.017009
-2.400000 -0.021107
-2.300000 -0.026050
-2.200000 -0.032009
-2.100000 -0.039195
-2.000000 -0.047864
-1.900000 -0.058329
-1.800000 -0.070966
-1.700000 -0.086226
-1.600000 -0.104645
-1.500000 -0.126854
-1.400000 -0.153588
-1.300000 -0.185693
-1.200000 -0.224130
-1.100000 -0.269966
-1.000000 -0.324355
-0.900000 -0.388507
-0.800000 -0.463615
-0.700000 -0.550766
-0.600000 -0.650794
-0.500000 -0.764101
-0.400000 -0.890417
-0.300000 -1.028535
-0.200000 -1.176045
-0.100000 -1.329113
0.000000 -1.482378
0.100000 -1.629067
0.200000 -1.761373
0.300000 -1.871146
0.400000 -1.950820
0.500000 -1.994451
0.600000 -1.998622
0.700000 -1.962999
0.800000 -1.890391
0.900000 -1.786285
1.000000 -1.657991
1.100000 -1.513621
1.200000 -1.361116
1.300000 -1.207507
1.400000 -1.058460
1.500000 -0.918125
1.600000 -0.789190
1.700000 -0.673089
1.800000 -0.570265
1.900000 -0.480436
2.000000 -0.402843
2.100000 -0.336441
2.200000 -0.280052
2.300000 -0.232468
2.400000 -0.192526
2.500000 -0.159142
2.600000 -0.131338
2.700000 -0.108249
2.800000 -0.089122
2.900000 -0.073308
3.000000 -0.060255
3.100000 -0.049496
3.200000 -0.040637
3.300000 -0.033349
3.400000 -0.027358
3.500000 -0.022437
3.600000 -0.018397
3.700000 -0.015081
3.800000 -0.012360
3.900000 -0.010129
4.000000 -0.008299
4.100000 -0.006799
4.200000 -0.005570
4.300000 -0.004563
4.400000 -0.003737
4.500000 -0.003061
4.600000 -0.002507
4.700000 -0.002053
4.800000 -0.001682
4.900000 -0.001377
5.000000 -0.001128
5.100000 -0.000923
5.200000 -0.000756
5.300000 -0.000619
5.400000 -0.000507
5.500000 -0.000415
5.600000 -0.000340
5.700000 -0.000278
5.800000 -0.000228
5.900000 -0.000187
6.000000 -0.000153
6.100000 -0.000125
6.200000 -0.000102
6.300000 -0.000084
6.400000 -0.000069
6.500000 -0.000056
6.600000 -0.000046
6.700000 -0.000038
6.800000 -0.000031
6.900000 -0.000025
7.000000 -0.000021
7.100000 -0.000017
7.200000 -0.000014
7.300000 -0.000011
7.400000 -0.000009
7.500000 -0.000008
7.600000 -0.000006
7.700000 -0.000005
7.800000 -0.000004
7.900000 -0.000003
8.000000 -0.000003
8.100000 -0.000002
8.200000 -0.000002
8.300000 -0.000002
8.400000 -0.000001
8.500000 -0.000001
8.600000 -0.000001
8.700000 -0.000001
8.800000 -0.000001
8.900000 -0.000000
9.000000 -0.000000
9.100000 -0.000000
9.200000 -0.000000
9.300000 -0.000000
9.400000 -0.000000
9.500000 -0.000000
9.600000 -0.000000
9.700000 -0.000000
9.800000 -0.000000
9.900000 -0.000000
10.000000 -0.000000
10.100000 -0.000000
10.200000 -0.000000
10.300000 -0.000000
10.400000 -0.000000
10.500000 -0.000000
10.600000 0.000000
10.700000 0.000000
10.800000 0.000000
10.900000 0.000000
11.000000 0.000000
11.100000 -0.000000
11.200000 -0.000000
11.300000 -0.000000
11.400000 -0.000000
11.500000 -0.000000
11.600000 -0.000000
11.700000 0.000000
11.800000 0.000000
11.900000 0.000000
12.000000 0.000000
12.100000 0.000000
12.200000 -0.000000
12.300000 -0.000000
12.400000 -0.000000
12.500000 -0.000000
12.600000 -0.000000
12.700000 -0.000000
12.800000 0.000000
12.900000 0.000000
13.000000 0.000000
13.100000 0.000000
13.200000 0.000000
13.300000 -0.000000
13.400000 -0.000000
13.500000 -0.000000
13.600000 -0.000000
13.700000 -0.000000
13.800000 0.000000
13.900000 0.000000
14.000000 0.000000
14.100000 0.000000
14.200000 0.000000
14.300000 -0.000000
14.400000 -0.000000
14.500000 -0.000000
14.600000 -0.000000
14.700000 -0.000000
14.800000 0.000000
14.900000 0.000000
15.000000 0.000000
15.100000 0.000000
15.200000 0.000000
15.300000 -0.000000
15.400000 -0.000000
15.500000 -0.000000
15.600000 -0.000000
15.700000 -0.000000
15.800000 0.000000
15.900000 0.000000
16.000000 0.000000
16.100000 0.000000
16.200000 -0.000000
16.300000 -0.000000
16.400000 -0.000000
16.500000 -0.000000
16.600000 -0.000000
16.700000 0.000000
16.800000 0.000000
16.900000 0.000000
17.000000 0.000000
17.100000 -0.000000
17.200000 -0.000000
17.300000 -0.000000
17.400000 -0.000000
17.500000 -0.000000
17.600000 0.000000
17.700000 0.000000
17.800000 0.000000
17.900000 0.000000
18.000000 -0.000000
18.100000 -0.000000
18.200000 -0.000000
18.300000 -0.000000
18.400000 -0.000000
18.500000 0.000000
18.600000 0.000000
18.700000 0.000000
18.800000 0.000000
18.900000 -0.000000
19.000000 -0.000000
19.100000 -0.000000
19.200000 -0.000000
19.300000 0.000000
19.400000 0.000000
19.500000 0.000000
19.600000 0.000000
19.700000 -0.000000
19.800000 -0.000000
19.900000 -0.000000
20.000000 -0.000000
20.100000 0.000000
20.200000 0.000000
20.300000 0.000000
20.400000 0.000000
20.500000 -0.000000
20.600000 -0.000000
20.700000 -0.000000
20.800000 -0.000000
20.900000 0.000000
21.000000 0.000000
21.100000 0.000000
21.200000 0.000000
21.300000 -0.000000
21.400000 -0.000000
21.500000 -0.000000
21.600000 -0.000000
21.700000 0.000000
21.800000 0.000000
21.900000 0.000000
22.000000 0.000000
22.100000 -0.000000
22.200000 -0.000000
22.300000 -0.000000
22.400000 0.000000
22.500000 0.000000
22.600000 0.000000
22.700000 0.000000
22.800000 -0.000000
22.900000 -0.000000
23.000000 -0.000000
23.100000 -0.000000
23.200000 0.000000
23.300000 0.000000
23.400000 0.000000
23.500000 -0.000000
23.600000 -0.000000
23.700000 -0.000000
23.800000 -0.000000
23.900000 0.000000
24.000000 0.000000
24.100000 0.000000
24.200000 0.000000
24.300000 -0.000000
24.400000 -0.000000
24.500000 -0.000000
24.600000 0.000000
24.700000 0.000000
24.800000 0.000000
24.900000 -0.000000
25.000000 -0.000000
25.100000 -0.000000
25.200000 -0.000000
25.300000 0.000000
25.400000 0.000000
25.500000 0.000000
25.600000 -0.000000
25.700000 -0.000000
25.800000 -0.000000
25.900000 -0.000000
26.000000 0.000000
26.100000 0.000000
26.200000 0.000000
26.300000 -0.000000
26.400000 -0.000000
26.500000 -0.000000
26.600000 0.000000
26.700000 0.000000
26.800000 0.000000
26.900000 -0.000000
27.000000 -0.000000
27.100000 -0.000000
27.200000 -0.000000
27.300000 0.000000
27.400000 0.000000
27.500000 0.000000
27.600000 -0.000000
27.700000 -0.000000
27.800000 -0.000000
27.900000 0.000000
28.000000 0.000000
28.100000 0.000000
28.200000 -0.000000
28.300000 -0.000000
28.400000 -0.000000
28.500000 -0.000000
28.600000 0.000000
28.700000 0.000000
28.800000 0.000000
28.900000 -0.000000
29.000000 -0.000000
29.100000 -0.000000
29.200000 0.000000
29.300000 0.000000
29.400000 0.000000
29.500000 -0.000000
29.600000 -0.000000
29.700000 -0.000000
29.800000 0.000000
29.900000 0.000000
