-30.000000 -0.000133
-29.900000 -0.000071
-29.800000 -0.000143
-29.700000 -0.000029
-29.600000 -0.000061
-29.500000 0.000071
-29.400000 0.000037
-29.300000 0.000145
-29.200000 0.000073
-29.100000 0.000133
-29.000000 0.000018
-28.900000 0.000044
-28.800000 -0.000084
-28.700000 -0.000054
-28.600000 -0.000154
-28.500000 -0.000084
-28.400000 -0.000135
-28.300000 -0.000022
-28.200000 -0.000039
-28.100000 0.000086
-28.000000 0.000064
-27.900000 0.000158
-27.800000 0.000095
-27.700000 0.000138
-27.600000 0.000031
-27.500000 0.000037
-27.400000 -0.000081
-27.300000 -0.000071
-27.200000 -0.000159
-27.100000 -0.000109
-27.000000 -0.000143
-26.900000 -0.000047
-26.800000 -0.000041
-26.700000 0.000070
-26.600000 0.000075
-26.500000 0.000158
-26.400000 0.000124
-26.300000 0.000152
-26.200000 0.000069
-26.100000 0.000052
-26.000000 -0.000051
-25.900000 -0.000073
-25.800000 -0.000152
-25.700000 -0.000139
-25.600000 -0.000162
-25.500000 -0.000098
-25.400000 -0.000071
-25.300000 0.000021
-25.200000 0.000063
-25.100000 0.000138
-25.000000 0.000150
-24.900000 0.000172
-24.800000 0.000132
-24.700000 0.000097
-24.600000 0.000020
-24.500000 -0.000041
-24.400000 -0.000113
-24.300000 -0.000153
-24.200000 -0.000178
-24.100000 -0.000166
-24.000000 -0.000129
-23.900000 -0.000071
-23.800000 0.000004
-23.700000 0.000072
-23.600000 0.000141
-23.500000 0.000171
-23.400000 0.000194
-23.300000 0.000162
-23.200000 0.000130
-23.100000 0.000046
-23.000000 -0.000012
-22.900000 -0.000108
-22.800000 -0.000145
-22.700000 -0.000206
-22.600000 -0.000186
-22.500000 -0.000189
-22.400000 -0.000107
-22.300000 -0.000066
-22.200000 0.000049
-22.100000 0.000091
-22.000000 0.000190
-21.900000 0.000188
-21.800000 0.000234
-21.700000 0.000165
-21.600000 0.000154
-21.500000 0.000033
-21.400000 -0.000006
-21.300000 -0.000136
-21.200000 -0.000153
-21.100000 -0.000246
-21.000000 -0.000203
-20.900000 -0.000234
-20.800000 -0.000125
-20.700000 -0.000106
-20.600000 0.000040
-20.500000 0.000069
-20.400000 0.000205
-20.300000 0.000195
-20.200000 0.000278
-20.100000 0.000202
-20.000000 0.000220
-19.900000 0.000082
-19.800000 0.000059
-19.700000 -0.000102
-19.600000 -0.000120
-19.500000 -0.000256
-19.400000 -0.000224
-19.300000 -0.000298
-19.200000 -0.000196
-19.100000 -0.000205
-19.000000 -0.000048
-18.900000 -0.000023
-18.800000 0.000147
-18.700000 0.000158
-18.600000 0.000292
-18.500000 0.000247
-18.400000 0.000314
-18.300000 0.000198
-18.200000 0.000201
-18.100000 0.000033
-18.000000 0.000004
-17.900000 -0.000171
-17.800000 -0.000182
-17.700000 -0.000316
-17.600000 -0.000269
-17.500000 -0.000334
-17.400000 -0.000215
-17.300000 -0.000213
-17.200000 -0.000043
-17.100000 -0.000008
-17.000000 0.000170
-16.900000 0.000191
-16.800000 0.000329
-16.700000 0.000293
-16.600000 0.000360
-16.500000 0.000252
-16.400000 0.000248
-16.300000 0.000085
-16.200000 0.000040
-16.100000 -0.000138
-16.000000 -0.000178
-15.900000 -0.000322
-15.800000 -0.000312
-15.700000 -0.000388
-15.600000 -0.000306
-15.500000 -0.000306
-15.400000 -0.000161
-15.300000 -0.000109
-15.200000 0.000064
-15.100000 0.000127
-15.000000 0.000281
-14.900000 0.000308
-14.800000 0.000402
-14.700000 0.000362
-14.600000 0.000378
-14.500000 0.000268
-14.400000 0.000216
-14.300000 0.000060
-14.200000 -0.000024
-14.100000 -0.000183
-14.000000 -0.000254
-13.900000 -0.000371
-13.800000 -0.000389
-13.700000 -0.000434
-13.600000 -0.000381
-13.500000 -0.000348
-13.400000 -0.000231
-13.300000 -0.000140
-13.200000 0.000008
-13.100000 0.000117
-13.000000 0.000253
-12.900000 0.000337
-12.800000 0.000421
-12.700000 0.000445
-12.600000 0.000454
-12.500000 0.000406
-12.400000 0.000338
-12.300000 0.000233
-12.200000 0.000112
-12.100000 -0.000020
-12.000000 -0.000154
-11.900000 -0.000271
-11.800000 -0.000378
-11.700000 -0.000444
-11.600000 -0.000492
-11.500000 -0.000483
-11.400000 -0.000461
-11.300000 -0.000377
-11.200000 -0.000296
-11.100000 -0.000157
-11.000000 -0.000044
-10.900000 0.000116
-10.800000 0.000222
-10.700000 0.000364
-10.600000 0.000427
-10.500000 0.000519
-10.400000 0.000515
-10.300000 0.000541
-10.200000 0.000463
-10.100000 0.000425
-10.000000 0.000285
-9.900000 0.000202
-9.800000 0.000026
-9.700000 -0.000070
-9.600000 -0.000248
-9.500000 -0.000322
-9.400000 -0.000470
-9.300000 -0.000495
-9.200000 -0.000589
-9.100000 -0.000547
-9.000000 -0.000577
-8.900000 -0.000468
-8.800000 -0.000440
-8.700000 -0.000278
-8.600000 -0.000212
-8.500000 -0.000021
-8.400000 0.000057
-8.300000 0.000250
-8.200000 0.000310
-8.100000 0.000475
-8.000000 0.000494
-7.900000 0.000612
-7.800000 0.000575
-7.700000 0.000636
-7.600000 0.000540
-7.500000 0.000547
-7.400000 0.000399
-7.300000 0.000363
-7.200000 0.000181
-7.100000 0.000123
-7.000000 -0.000071
-6.900000 -0.000129
-6.800000 -0.000314
-6.700000 -0.000354
-6.600000 -0.000510
-6.500000 -0.000513
-6.400000 -0.000627
-6.300000 -0.000586
-6.200000 -0.000654
-6.100000 -0.000568
-6.000000 -0.000593
-5.900000 -0.000469
-5.800000 -0.000457
-5.700000 -0.000305
-5.600000 -0.000271
-5.500000 -0.000107
-5.400000 -0.000066
-5.300000 0.000097
-5.200000 0.000133
-5.100000 0.000282
-5.000000 0.000303
-4.900000 0.000428
-4.800000 0.000425
-4.700000 0.000520
-4.600000 0.000491
-4.500000 0.000557
-4.400000 0.000505
-4.300000 0.000543
-4.200000 0.000470
-4.100000 0.000485
-4.000000 0.000397
-3.900000 0.000394
-3.800000 0.000299
-3.700000 0.000286
-3.600000 0.000187
-3.500000 0.000167
-3.400000 0.000067
-3.300000 0.000039
-3.200000 -0.000061
-3.100000 -0.000097
-3.000000 -0.000202
-2.900000 -0.000255
-2.800000 -0.000376
-2.700000 -0.000460
-2.600000 -0.000614
-2.500000 -0.000750
-2.400000 -0.000962
-2.300000 -0.001179
-2.200000 -0.001489
-2.100000 -0.001837
-2.000000 -0.002300
-1.900000 -0.002847
-1.800000 -0.003543
-1.700000 -0.004382
-1.600000 -0.005429
-1.500000 -0.006707
-1.400000 -0.008279
-1.300000 -0.010205
-1.200000 -0.012557
-1.100000 -0.015438
-1.000000 -0.018942
-0.900000 -0.023231
-0.800000 -0.028436
-0.700000 -0.034800
-0.600000 -0.042510
-0.500000 -0.051913
-0.400000 -0.063287
-0.300000 -0.077117
-0.200000 -0.093814
-0.100000 -0.114041
0.000000 -0.138381
0.100000 -0.167716
0.200000 -0.202834
0.300000 -0.244853
0.400000 -0.294760
0.500000 -0.353862
0.600000 -0.423231
0.700000 -0.504156
0.800000 -0.597473
0.900000 -0.703978
1.000000 -0.823619
1.100000 -0.955870
1.200000 -1.098807
1.300000 -1.249534
1.400000 -1.403307
1.500000 -1.554252
1.600000 -1.694852
1.700000 -1.817240
1.800000 -1.913237
1.900000 -1.976151
2.000000 -2.000959
2.100000 -1.985905
2.200000 -1.931975
2.300000 -1.843563
2.400000 -1.726919
2.500000 -1.590080
2.600000 -1.440943
2.700000 -1.287308
2.800000 -1.135344
2.900000 -0.990223
3.000000 -0.855135
3.100000 -0.732372
3.200000 -0.622620
3.300000 -0.526184
3.400000 -0.442290
3.500000 -0.370263
3.600000 -0.308743
3.700000 -0.256766
3.800000 -0.212903
3.900000 -0.176263
4.000000 -0.145578
4.100000 -0.120160
4.200000 -0.098966
4.300000 -0.081529
4.400000 -0.067016
4.500000 -0.055143
4.600000 -0.045256
4.700000 -0.037215
4.800000 -0.030500
4.900000 -0.025078
5.000000 -0.020528
5.100000 -0.016888
5.200000 -0.013806
5.300000 -0.011367
5.400000 -0.009276
5.500000 -0.007646
5.600000 -0.006225
5.700000 -0.005143
5.800000 -0.004176
5.900000 -0.003463
6.000000 -0.002803
6.100000 -0.002333
6.200000 -0.001876
6.300000 -0.001569
6.400000 -0.001252
6.500000 -0.001057
6.600000 -0.000838
6.700000 -0.000716
6.800000 -0.000562
6.900000 -0.000485
7.000000 -0.000373
7.100000 -0.000325
7.200000 -0.000245
7.300000 -0.000219
7.400000 -0.000165
7.500000 -0.000152
7.600000 -0.000113
7.700000 -0.000103
7.800000 -0.000073
7.900000 -0.000065
8.000000 -0.000046
8.100000 -0.000043
8.200000 -0.000035
8.300000 -0.000032
8.400000 -0.000028
8.500000 -0.000019
8.600000 -0.000018
8.700000 -0.000006
8.800000 -0.000012
8.900000 -0.000001
9.000000 -0.000014
9.100000 -0.000002
9.200000 -0.000016
9.300000 0.000003
9.400000 -0.000012
9.500000 0.000011
9.600000 -0.000010
9.700000 0.000013
9.800000 -0.000016
9.900000 0.000010
10.000000 -0.000020
10.100000 0.000013
10.200000 -0.000016
10.300000 0.000020
10.400000 -0.000014
10.500000 0.000020
10.600000 -0.000020
10.700000 0.000016
10.800000 -0.000025
10.900000 0.000018
11.000000 -0.000021
11.100000 0.000025
11.200000 -0.000018
11.300000 0.000026
11.400000 -0.000024
11.500000 0.000020
11.600000 -0.000029
11.700000 0.000021
11.800000 -0.000025
11.900000 0.000029
12.000000 -0.000021
12.100000 0.000030
12.200000 -0.000025
12.300000 0.000023
12.400000 -0.000031
12.500000 0.000022
12.600000 -0.000028
12.700000 0.000029
12.800000 -0.000021
12.900000 0.000031
13.000000 -0.000024
13.100000 0.000024
13.200000 -0.000031
13.300000 0.000020
13.400000 -0.000029
13.500000 0.000027
13.600000 -0.000020
13.700000 0.000031
13.800000 -0.000021
13.900000 0.000024
14.000000 -0.000028
14.100000 0.000017
14.200000 -0.000028
14.300000 0.000022
14.400000 -0.000018
14.500000 0.000028
14.600000 -0.000015
14.700000 0.000023
14.800000 -0.000022
14.900000 0.000013
15.000000 -0.000025
15.100000 0.000014
15.200000 -0.000016
15.300000 0.000022
15.400000 -0.000008
15.500000 0.000021
15.600000 -0.000013
15.700000 0.000009
15.800000 -0.000020
15.900000 0.000005
16.000000 -0.000014
16.100000 0.000013
16.200000 -0.000002
16.300000 0.000016
16.400000 -0.000002
16.500000 0.000006
16.600000 -0.000012
16.700000 -0.000004
16.800000 -0.000011
16.900000 0.000001
17.000000 0.000002
17.100000 0.000010
17.200000 0.000009
17.300000 0.000004
17.400000 -0.000000
17.500000 -0.000010
17.600000 -0.000006
17.700000 -0.000012
17.800000 0.000004
17.900000 -0.000001
18.000000 0.000017
18.100000 0.000002
18.200000 0.000014
18.300000 -0.000012
18.400000 0.000002
18.500000 -0.000022
18.600000 0.000003
18.700000 -0.000015
18.800000 0.000019
18.900000 -0.000003
19.000000 0.000026
19.100000 -0.000009
19.200000 0.000015
19.300000 -0.000025
19.400000 0.000005
19.500000 -0.000028
19.600000 0.000015
19.700000 -0.000014
19.800000 0.000031
19.900000 -0.000007
20.000000 0.000029
20.100000 -0.000020
20.200000 0.000013
20.300000 -0.000035
20.400000 0.000009
20.500000 -0.000029
20.600000 0.000025
20.700000 -0.000012
20.800000 0.000037
20.900000 -0.000011
21.000000 0.000027
21.100000 -0.000029
21.200000 0.000010
21.300000 -0.000038
21.400000 0.000012
21.500000 -0.000025
21.600000 0.000031
21.700000 -0.000008
21.800000 0.000038
21.900000 -0.000013
22.000000 0.000022
22.100000 -0.000033
22.200000 0.000005
22.300000 -0.000037
22.400000 0.000013
22.500000 -0.000018
22.600000 0.000033
22.700000 -0.000002
22.800000 0.000035
22.900000 -0.000012
23.000000 0.000013
23.100000 -0.000033
23.200000 -0.000002
23.300000 -0.000032
23.400000 0.000010
23.500000 -0.000009
23.600000 0.000031
23.700000 0.000007
23.800000 0.000029
23.900000 -0.000007
24.000000 0.000004
24.100000 -0.000029
24.200000 -0.000012
24.300000 -0.000026
24.400000 0.000003
24.500000 0.000001
24.600000 0.000026
24.700000 0.000017
24.800000 0.000023
24.900000 0.000001
25.000000 -0.000006
25.100000 -0.000023
25.200000 -0.000023
25.300000 -0.000020
25.400000 -0.000007
25.500000 0.000010
25.600000 0.000019
25.700000 0.000029
25.800000 0.000017
25.900000 0.000013
26.000000 -0.000013
26.100000 -0.000015
26.200000 -0.000035
26.300000 -0.000016
26.400000 -0.000020
26.500000 0.000016
26.600000 0.000011
26.700000 0.000040
26.800000 0.000015
26.900000 0.000027
27.000000 -0.000016
27.100000 -0.000006
27.200000 -0.000044
27.300000 -0.000015
27.400000 -0.000035
27.500000 0.000015
27.600000 0.000000
27.700000 0.000047
27.800000 0.000015
27.900000 0.000042
28.000000 -0.000011
28.100000 0.000006
28.200000 -0.000048
28.300000 -0.000016
28.400000 -0.000050
28.500000 0.000005
28.600000 -0.000014
28.700000 0.000046
28.800000 0.000016
28.900000 0.000056
29.000000 0.000002
29.100000 0.000023
29.200000 -0.000040
29.300000 -0.000014
29.400000 -0.000059
29.500000 -0.000009
29.600000 -0.000030
29.700000 0.000032
29.800000 0.000010
29.900000 0.000053
