-30.000000 0.000055
-29.900000 -0.000012
-29.800000 -0.000002
-29.700000 -0.000098
-29.600000 -0.000084
-29.500000 -0.000160
-29.400000 -0.000104
-29.300000 -0.000137
-29.200000 -0.000034
-29.100000 -0.000038
-29.000000 0.000083
-28.900000 0.000070
-28.800000 0.000166
-28.700000 0.000109
-28.600000 0.000158
-28.500000 0.000048
-28.400000 0.000061
-28.300000 -0.000072
-28.200000 -0.000056
-28.100000 -0.000169
-28.000000 -0.000112
-27.900000 -0.000178
-27.800000 -0.000067
-27.700000 -0.000090
-27.600000 0.000052
-27.500000 0.000036
-27.400000 0.000166
-27.300000 0.000113
-27.200000 0.000197
-27.100000 0.000090
-27.000000 0.000125
-26.900000 -0.000022
-26.800000 -0.000005
-26.700000 -0.000151
-26.600000 -0.000107
-26.500000 -0.000212
-26.400000 -0.000114
-26.300000 -0.000164
-26.200000 -0.000018
-26.100000 -0.000038
-26.000000 0.000120
-25.900000 0.000088
-25.800000 0.000214
-25.700000 0.000133
-25.600000 0.000203
-25.500000 0.000066
-25.400000 0.000092
-25.300000 -0.000072
-25.200000 -0.000052
-25.100000 -0.000198
-25.000000 -0.000139
-24.900000 -0.000233
-24.800000 -0.000115
-24.700000 -0.000153
-24.600000 0.000007
-24.500000 -0.000006
-24.400000 0.000156
-24.300000 0.000122
-24.200000 0.000241
-24.100000 0.000154
-24.000000 0.000213
-23.900000 0.000070
-23.800000 0.000083
-23.700000 -0.000083
-23.600000 -0.000073
-23.500000 -0.000217
-23.400000 -0.000167
-23.300000 -0.000254
-23.200000 -0.000143
-23.100000 -0.000170
-23.000000 -0.000014
-22.900000 -0.000011
-22.800000 0.000150
-22.700000 0.000137
-22.600000 0.000256
-22.500000 0.000190
-22.400000 0.000244
-22.300000 0.000119
-22.200000 0.000119
-22.100000 -0.000039
-22.000000 -0.000055
-21.900000 -0.000200
-21.800000 -0.000185
-21.700000 -0.000276
-21.600000 -0.000202
-21.500000 -0.000225
-21.400000 -0.000095
-21.300000 -0.000071
-21.200000 0.000080
-21.100000 0.000108
-21.000000 0.000234
-20.900000 0.000222
-20.800000 0.000286
-20.700000 0.000211
-20.600000 0.000207
-20.500000 0.000080
-20.400000 0.000035
-20.300000 -0.000106
-20.200000 -0.000148
-20.100000 -0.000256
-20.000000 -0.000253
-19.900000 -0.000294
-19.800000 -0.000227
-19.700000 -0.000199
-19.600000 -0.000081
-19.500000 -0.000015
-19.400000 0.000114
-19.300000 0.000174
-19.200000 0.000266
-19.100000 0.000280
-19.000000 0.000305
-18.900000 0.000253
-18.800000 0.000208
-18.700000 0.000104
-18.600000 0.000017
-18.500000 -0.000099
-18.400000 -0.000183
-18.300000 -0.000265
-18.200000 -0.000305
-18.100000 -0.000320
-18.000000 -0.000293
-17.900000 -0.000236
-17.800000 -0.000153
-17.700000 -0.000046
-17.600000 0.000057
-17.500000 0.000168
-17.400000 0.000245
-17.300000 0.000318
-17.200000 0.000333
-17.100000 0.000341
-17.000000 0.000281
-16.900000 0.000227
-16.800000 0.000108
-16.700000 0.000020
-16.600000 -0.000118
-16.500000 -0.000194
-16.400000 -0.000306
-16.300000 -0.000330
-16.200000 -0.000384
-16.100000 -0.000335
-16.000000 -0.000320
-15.900000 -0.000201
-15.800000 -0.000137
-15.700000 0.000020
-15.600000 0.000094
-15.500000 0.000246
-15.400000 0.000287
-15.300000 0.000393
-15.200000 0.000369
-15.100000 0.000409
-15.000000 0.000310
-14.900000 0.000285
-14.800000 0.000126
-14.700000 0.000065
-14.600000 -0.000115
-14.500000 -0.000171
-14.400000 -0.000331
-14.300000 -0.000343
-14.200000 -0.000449
-14.100000 -0.000391
-14.000000 -0.000427
-13.900000 -0.000296
-13.800000 -0.000271
-13.700000 -0.000089
-13.600000 -0.000035
-13.500000 0.000161
-13.400000 0.000205
-13.300000 0.000376
-13.200000 0.000374
-13.100000 0.000489
-13.000000 0.000417
-12.900000 0.000461
-12.800000 0.000319
-12.700000 0.000303
-12.600000 0.000111
-12.500000 0.000063
-12.400000 -0.000145
-12.300000 -0.000188
-12.200000 -0.000375
-12.100000 -0.000378
-12.000000 -0.000513
-11.900000 -0.000451
-11.800000 -0.000517
-11.700000 -0.000386
-11.600000 -0.000389
-11.500000 -0.000203
-11.400000 -0.000165
-11.300000 0.000048
-11.200000 0.000096
-11.100000 0.000302
-11.000000 0.000326
-10.900000 0.000491
-10.800000 0.000463
-10.700000 0.000566
-10.600000 0.000474
-10.500000 0.000512
-10.400000 0.000360
-10.300000 0.000343
-10.200000 0.000147
-10.100000 0.000097
-10.000000 -0.000114
-9.900000 -0.000164
-9.800000 -0.000358
-9.700000 -0.000380
-9.600000 -0.000531
-9.500000 -0.000504
-9.400000 -0.000597
-9.300000 -0.000513
-9.200000 -0.000543
-9.100000 -0.000402
-9.000000 -0.000380
-8.900000 -0.000200
-8.800000 -0.000146
-8.700000 0.000048
-8.600000 0.000109
-8.500000 0.000293
-8.400000 0.000338
-8.300000 0.000490
-8.200000 0.000498
-8.100000 0.000600
-8.000000 0.000558
-7.900000 0.000604
-7.800000 0.000513
-7.700000 0.000508
-7.600000 0.000377
-7.500000 0.000333
-7.400000 0.000175
-7.300000 0.000106
-7.200000 -0.000059
-7.100000 -0.000131
-7.000000 -0.000282
-6.900000 -0.000338
-6.800000 -0.000459
-6.700000 -0.000488
-6.600000 -0.000571
-6.500000 -0.000565
-6.400000 -0.000604
-6.300000 -0.000560
-6.200000 -0.000554
-6.100000 -0.000477
-6.000000 -0.000437
-5.900000 -0.000339
-5.800000 -0.000276
-5.700000 -0.000168
-5.600000 -0.000092
-5.500000 0.000017
-5.400000 0.000094
-5.300000 0.000189
-5.200000 0.000256
-5.100000 0.000328
-5.000000 0.000377
-4.900000 0.000424
-4.800000 0.000455
-4.700000 0.000476
-4.600000 0.000488
-4.500000 0.000481
-4.400000 0.000476
-4.300000 0.000445
-4.200000 0.000428
-4.100000 0.000383
-4.000000 0.000361
-3.900000 0.000305
-3.800000 0.000282
-3.700000 0.000219
-3.600000 0.000197
-3.500000 0.000130
-3.400000 0.000114
-3.300000 0.000047
-3.200000 0.000037
-3.100000 -0.000035
-3.000000 -0.000045
-2.900000 -0.000129
-2.800000 -0.000149
-2.700000 -0.000253
-2.600000 -0.000291
-2.500000 -0.000428
-2.400000 -0.000504
-2.300000 -0.000699
-2.200000 -0.000843
-2.100000 -0.001131
-2.000000 -0.001381
-1.900000 -0.001804
-1.800000 -0.002212
-1.700000 -0.002836
-1.600000 -0.003486
-1.500000 -0.004413
-1.400000 -0.005427
-1.300000 -0.006801
-1.200000 -0.008351
-1.100000 -0.010379
-1.000000 -0.012720
-0.900000 -0.015716
-0.800000 -0.019229
-0.700000 -0.023655
-0.600000 -0.028901
-0.500000 -0.035431
-0.400000 -0.043219
-0.300000 -0.052829
-0.200000 -0.064336
-0.100000 -0.078437
0.000000 -0.095348
0.100000 -0.115938
0.200000 -0.140605
0.300000 -0.170427
0.400000 -0.206016
0.500000 -0.248680
0.600000 -0.299238
0.700000 -0.359170
0.800000 -0.429385
0.900000 -0.511321
1.000000 -0.605641
1.100000 -0.713251
1.200000 -0.833903
1.300000 -0.967129
1.400000 -1.110780
1.500000 -1.261968
1.600000 -1.415709
1.700000 -1.566126
1.800000 -1.705512
1.900000 -1.826076
2.000000 -1.919591
2.100000 -1.979589
2.200000 -2.001171
2.300000 -1.982911
2.400000 -1.925979
2.500000 -1.835051
2.600000 -1.716461
2.700000 -1.578360
2.800000 -1.428580
2.900000 -1.274885
3.000000 -1.123300
3.100000 -0.978904
3.200000 -0.844744
3.300000 -0.723032
3.400000 -0.614357
3.500000 -0.518975
3.600000 -0.436068
3.700000 -0.364939
3.800000 -0.304224
3.900000 -0.252951
4.000000 -0.209709
4.100000 -0.173593
4.200000 -0.143366
4.300000 -0.118318
4.400000 -0.097450
4.500000 -0.080263
4.600000 -0.065978
4.700000 -0.054275
4.800000 -0.044556
4.900000 -0.036630
5.000000 -0.030038
5.100000 -0.024687
5.200000 -0.020221
5.300000 -0.016615
5.400000 -0.013595
5.500000 -0.011175
5.600000 -0.009138
5.700000 -0.007519
5.800000 -0.006145
5.900000 -0.005060
6.000000 -0.004128
6.100000 -0.003397
6.200000 -0.002766
6.300000 -0.002278
6.400000 -0.001856
6.500000 -0.001534
6.600000 -0.001252
6.700000 -0.001035
6.800000 -0.000844
6.900000 -0.000692
7.000000 -0.000562
7.100000 -0.000457
7.200000 -0.000376
7.300000 -0.000306
7.400000 -0.000260
7.500000 -0.000209
7.600000 -0.000182
7.700000 -0.000137
7.800000 -0.000121
7.900000 -0.000081
8.000000 -0.000080
8.100000 -0.000048
8.200000 -0.000063
8.300000 -0.000034
8.400000 -0.000054
8.500000 -0.000020
8.600000 -0.000040
8.700000 -0.000000
8.800000 -0.000026
8.900000 0.000011
9.000000 -0.000026
9.100000 0.000009
9.200000 -0.000033
9.300000 0.000008
9.400000 -0.000031
9.500000 0.000019
9.600000 -0.000021
9.700000 0.000028
9.800000 -0.000020
9.900000 0.000025
10.000000 -0.000031
10.100000 0.000018
10.200000 -0.000035
10.300000 0.000023
10.400000 -0.000027
10.500000 0.000034
10.600000 -0.000021
10.700000 0.000035
10.800000 -0.000029
10.900000 0.000025
11.000000 -0.000039
11.100000 0.000023
11.200000 -0.000035
11.300000 0.000034
11.400000 -0.000024
11.500000 0.000041
11.600000 -0.000027
11.700000 0.000033
11.800000 -0.000039
11.900000 0.000024
12.000000 -0.000041
12.100000 0.000030
12.200000 -0.000030
12.300000 0.000042
12.400000 -0.000024
12.500000 0.000040
12.600000 -0.000033
12.700000 0.000027
12.800000 -0.000043
12.900000 0.000024
13.000000 -0.000037
13.100000 0.000036
13.200000 -0.000023
13.300000 0.000043
13.400000 -0.000025
13.500000 0.000032
13.600000 -0.000038
13.700000 0.000020
13.800000 -0.000041
13.900000 0.000025
14.000000 -0.000027
14.100000 0.000039
14.200000 -0.000017
14.300000 0.000038
14.400000 -0.000025
14.500000 0.000022
14.600000 -0.000038
14.700000 0.000014
14.800000 -0.000033
14.900000 0.000025
15.000000 -0.000016
15.100000 0.000036
15.200000 -0.000011
15.300000 0.000028
15.400000 -0.000025
15.500000 0.000010
15.600000 -0.000034
15.700000 0.000008
15.800000 -0.000021
15.900000 0.000023
16.000000 -0.000004
16.100000 0.000030
16.200000 -0.000005
16.300000 0.000015
16.400000 -0.000022
16.500000 -0.000002
16.600000 -0.000025
16.700000 0.000002
16.800000 -0.000008
16.900000 0.000019
17.000000 0.000008
17.100000 0.000021
17.200000 0.000001
17.300000 0.000001
17.400000 -0.000016
17.500000 -0.000014
17.600000 -0.000016
17.700000 -0.000005
17.800000 0.000006
17.900000 0.000013
18.000000 0.000020
18.100000 0.000010
18.200000 0.000008
18.300000 -0.000012
18.400000 -0.000010
18.500000 -0.000025
18.600000 -0.000006
18.700000 -0.000012
18.800000 0.000019
18.900000 0.000007
19.000000 0.000031
19.100000 0.000001
19.200000 0.000016
19.300000 -0.000024
19.400000 -0.000004
19.500000 -0.000036
19.600000 0.000002
19.700000 -0.000020
19.800000 0.000029
19.900000 0.000001
20.000000 0.000041
20.100000 -0.000005
20.200000 0.000024
20.300000 -0.000033
20.400000 0.000002
20.500000 -0.000046
20.600000 0.000007
20.700000 -0.000028
20.800000 0.000035
20.900000 -0.000004
21.000000 0.000050
21.100000 -0.000008
21.200000 0.000032
21.300000 -0.000037
21.400000 0.000006
21.500000 -0.000053
21.600000 0.000008
21.700000 -0.000036
21.800000 0.000037
21.900000 -0.000007
22.000000 0.000056
22.100000 -0.000007
22.200000 0.000040
22.300000 -0.000036
22.400000 0.000009
22.500000 -0.000058
22.600000 0.000004
22.700000 -0.000044
22.800000 0.000032
22.900000 -0.000011
23.000000 0.000058
23.100000 -0.000001
23.200000 0.000048
23.300000 -0.000027
23.400000 0.000013
23.500000 -0.000057
23.600000 -0.000003
23.700000 -0.000052
23.800000 0.000020
23.900000 -0.000016
24.000000 0.000054
24.100000 0.000007
24.200000 0.000055
24.300000 -0.000011
24.400000 0.000020
24.500000 -0.000048
24.600000 -0.000010
24.700000 -0.000057
24.800000 0.000001
24.900000 -0.000025
25.000000 0.000039
25.100000 0.000012
25.200000 0.000058
25.300000 0.000011
25.400000 0.000032
25.500000 -0.000027
25.600000 -0.000011
25.700000 -0.000056
25.800000 -0.000021
25.900000 -0.000038
26.000000 0.000012
26.100000 0.000007
26.200000 0.000050
26.300000 0.000031
26.400000 0.000045
26.500000 0.000005
26.600000 -0.000000
26.700000 -0.000039
26.800000 -0.000036
26.900000 -0.000049
27.000000 -0.000024
27.100000 -0.000010
27.200000 0.000023
27.300000 0.000037
27.400000 0.000049
27.500000 0.000041
27.600000 0.000022
27.700000 -0.000002
27.800000 -0.000031
27.900000 -0.000043
28.000000 -0.000054
28.100000 -0.000034
28.200000 -0.000023
28.300000 0.000019
28.400000 0.000029
28.500000 0.000060
28.600000 0.000042
28.700000 0.000047
28.800000 -0.000001
28.900000 -0.000007
29.000000 -0.000056
29.100000 -0.000042
29.200000 -0.000067
29.300000 -0.000017
29.400000 -0.000019
29.500000 0.000047
29.600000 0.000040
29.700000 0.000090
29.800000 0.000051
29.900000 0.000071
