-30.000000 0.000044
-29.900000 -0.000024
-29.800000 -0.000025
-29.700000 -0.000125
-29.600000 -0.000129
-29.500000 -0.000218
-29.400000 -0.000186
-29.300000 -0.000234
-29.200000 -0.000147
-29.100000 -0.000148
-29.000000 -0.000017
-28.900000 0.000003
-28.800000 0.000140
-28.700000 0.000138
-28.600000 0.000240
-28.500000 0.000185
-28.400000 0.000235
-28.300000 0.000123
-28.200000 0.000130
-28.100000 -0.000017
-28.000000 -0.000024
-27.900000 -0.000171
-27.800000 -0.000153
-27.700000 -0.000264
-27.600000 -0.000190
-27.500000 -0.000243
-27.400000 -0.000110
-27.300000 -0.000118
-27.200000 0.000047
-27.100000 0.000045
-27.000000 0.000200
-26.900000 0.000166
-26.800000 0.000279
-26.700000 0.000191
-26.600000 0.000249
-26.500000 0.000106
-26.400000 0.000121
-26.300000 -0.000054
-26.200000 -0.000049
-26.100000 -0.000217
-26.000000 -0.000179
-25.900000 -0.000299
-25.800000 -0.000201
-25.700000 -0.000263
-25.600000 -0.000108
-25.500000 -0.000129
-25.400000 0.000055
-25.300000 0.000041
-25.200000 0.000217
-25.100000 0.000175
-25.000000 0.000312
-24.900000 0.000214
-24.800000 0.000292
-24.700000 0.000131
-24.600000 0.000159
-24.500000 -0.000038
-24.400000 -0.000022
-24.300000 -0.000215
-24.200000 -0.000169
-24.100000 -0.000321
-24.000000 -0.000221
-23.900000 -0.000317
-23.800000 -0.000159
-23.700000 -0.000206
-23.600000 -0.000004
-23.500000 -0.000026
-23.400000 0.000184
-23.300000 0.000147
-23.200000 0.000324
-23.100000 0.000234
-23.000000 0.000352
-22.900000 0.000197
-22.800000 0.000258
-22.700000 0.000057
-22.600000 0.000087
-22.500000 -0.000129
-22.400000 -0.000096
-22.300000 -0.000294
-22.200000 -0.000224
-22.100000 -0.000373
-22.000000 -0.000244
-21.900000 -0.000328
-21.800000 -0.000138
-21.700000 -0.000173
-21.600000 0.000050
-21.500000 0.000027
-21.400000 0.000240
-21.300000 0.000190
-21.200000 0.000362
-21.100000 0.000262
-21.000000 0.000377
-20.900000 0.000219
-20.800000 0.000277
-20.700000 0.000070
-20.600000 0.000091
-20.500000 -0.000135
-20.400000 -0.000113
-20.300000 -0.000317
-20.200000 -0.000254
-20.100000 -0.000403
-20.000000 -0.000279
-19.900000 -0.000366
-19.800000 -0.000187
-19.700000 -0.000227
-19.600000 -0.000012
-19.500000 -0.000029
-19.400000 0.000194
-19.300000 0.000168
-19.200000 0.000363
-19.100000 0.000292
-19.000000 0.000428
-18.900000 0.000293
-18.800000 0.000364
-18.700000 0.000172
-18.600000 0.000198
-18.500000 -0.000022
-18.400000 -0.000009
-18.300000 -0.000226
-18.200000 -0.000197
-18.100000 -0.000384
-18.000000 -0.000313
-17.900000 -0.000444
-17.800000 -0.000313
-17.700000 -0.000380
-17.600000 -0.000190
-17.500000 -0.000206
-17.400000 0.000015
-17.300000 0.000014
-17.200000 0.000228
-17.100000 0.000208
-17.000000 0.000387
-16.900000 0.000327
-16.800000 0.000454
-16.700000 0.000342
-16.600000 0.000409
-16.500000 0.000241
-16.400000 0.000253
-16.300000 0.000046
-16.200000 0.000031
-16.100000 -0.000181
-16.000000 -0.000186
-15.900000 -0.000365
-15.800000 -0.000331
-15.700000 -0.000459
-15.600000 -0.000375
-15.500000 -0.000447
-15.400000 -0.000312
-15.300000 -0.000331
-15.200000 -0.000153
-15.100000 -0.000132
-15.000000 0.000069
-14.900000 0.000101
-14.800000 0.000289
-14.700000 0.000295
-14.600000 0.000438
-14.500000 0.000395
-14.400000 0.000482
-14.300000 0.000388
-14.200000 0.000423
-14.100000 0.000284
-14.000000 0.000274
-13.900000 0.000102
-13.800000 0.000061
-13.700000 -0.000125
-13.600000 -0.000168
-13.500000 -0.000336
-13.400000 -0.000349
-13.300000 -0.000468
-13.200000 -0.000432
-13.100000 -0.000494
-13.000000 -0.000409
-12.900000 -0.000422
-12.800000 -0.000299
-12.700000 -0.000271
-12.600000 -0.000118
-12.500000 -0.000061
-12.400000 0.000104
-12.300000 0.000167
-12.200000 0.000316
-12.100000 0.000354
-12.000000 0.000460
-11.900000 0.000453
-11.800000 0.000504
-11.700000 0.000453
-11.600000 0.000456
-11.500000 0.000368
-11.400000 0.000332
-11.300000 0.000214
-11.200000 0.000145
-11.100000 0.000008
-11.000000 -0.000078
-10.900000 -0.000211
-10.800000 -0.000286
-10.700000 -0.000387
-10.600000 -0.000428
-10.500000 -0.000483
-10.400000 -0.000484
-10.300000 -0.000496
-10.200000 -0.000463
-10.100000 -0.000436
-10.000000 -0.000371
-9.900000 -0.000307
-9.800000 -0.000213
-9.700000 -0.000118
-9.600000 -0.000008
-9.500000 0.000096
-9.400000 0.000194
-9.300000 0.000283
-9.200000 0.000351
-9.100000 0.000412
-9.000000 0.000448
-8.900000 0.000483
-8.800000 0.000487
-8.700000 0.000496
-8.600000 0.000464
-8.500000 0.000440
-8.400000 0.000368
-8.300000 0.000313
-8.200000 0.000211
-8.100000 0.000142
-8.000000 0.000031
-7.900000 -0.000030
-7.800000 -0.000135
-7.700000 -0.000180
-7.600000 -0.000276
-7.500000 -0.000307
-7.400000 -0.000394
-7.300000 -0.000405
-7.200000 -0.000473
-7.100000 -0.000451
-7.000000 -0.000490
-6.900000 -0.000430
-6.800000 -0.000442
-6.700000 -0.000355
-6.600000 -0.000356
-6.500000 -0.000258
-6.400000 -0.000259
-6.300000 -0.000153
-6.200000 -0.000151
-6.100000 -0.000034
-6.000000 -0.000027
-5.900000 0.000096
-5.800000 0.000097
-5.700000 0.000211
-5.600000 0.000190
-5.500000 0.000285
-5.400000 0.000240
-5.300000 0.000322
-5.200000 0.000265
-5.100000 0.000345
-5.000000 0.000283
-4.900000 0.000360
-4.800000 0.000286
-4.700000 0.000351
-4.600000 0.000259
-4.500000 0.000313
-4.400000 0.000210
-4.300000 0.000266
-4.200000 0.000168
-4.100000 0.000238
-4.000000 0.000150
-3.900000 0.000230
-3.800000 0.000143
-3.700000 0.000224
-3.600000 0.000130
-3.500000 0.000210
-3.400000 0.000116
-3.300000 0.000208
-3.200000 0.000126
-3.100000 0.000235
-3.000000 0.000162
-2.900000 0.000276
-2.800000 0.000196
-2.700000 0.000300
-2.600000 0.000202
-2.500000 0.000294
-2.400000 0.000183
-2.300000 0.000270
-2.200000 0.000150
-2.100000 0.000229
-2.000000 0.000089
-1.900000 0.000138
-1.800000 -0.000048
-1.700000 -0.000055
-1.600000 -0.000310
-1.500000 -0.000390
-1.400000 -0.000728
-1.300000 -0.000897
-1.200000 -0.001343
-1.100000 -0.001643
-1.000000 -0.002258
-0.900000 -0.002768
-0.800000 -0.003646
-0.700000 -0.004476
-0.600000 -0.005742
-0.500000 -0.007035
-0.400000 -0.008855
-0.300000 -0.010813
-0.200000 -0.013442
-0.100000 -0.016386
0.000000 -0.020222
0.100000 -0.024641
0.200000 -0.030274
0.300000 -0.036877
0.400000 -0.045155
0.500000 -0.054950
0.600000 -0.067078
0.700000 -0.081509
0.800000 -0.099212
0.900000 -0.120333
1.000000 -0.146038
1.100000 -0.176683
1.200000 -0.213657
1.300000 -0.257536
1.400000 -0.309907
1.500000 -0.371497
1.600000 -0.443961
1.700000 -0.527954
1.800000 -0.624842
1.900000 -0.734692
2.000000 -0.857887
2.100000 -0.993027
2.200000 -1.138491
2.300000 -1.290365
2.400000 -1.444138
2.500000 -1.592915
2.600000 -1.729567
2.700000 -1.845507
2.800000 -1.933401
2.900000 -1.986366
3.000000 -2.000747
3.100000 -1.974962
3.200000 -1.911495
3.300000 -1.814766
3.400000 -1.692139
3.500000 -1.551155
3.600000 -1.400296
3.700000 -1.246429
3.800000 -1.096014
3.900000 -0.953162
4.000000 -0.821342
4.100000 -0.701870
4.200000 -0.595829
4.300000 -0.502691
4.400000 -0.422198
4.500000 -0.352962
4.600000 -0.294223
4.700000 -0.244383
4.800000 -0.202653
4.900000 -0.167552
5.000000 -0.138459
5.100000 -0.114111
5.200000 -0.094099
5.300000 -0.077382
5.400000 -0.063742
5.500000 -0.052329
5.600000 -0.043081
5.700000 -0.035303
5.800000 -0.029053
5.900000 -0.023754
6.000000 -0.019551
6.100000 -0.015952
6.200000 -0.013153
6.300000 -0.010719
6.400000 -0.008872
6.500000 -0.007220
6.600000 -0.006002
6.700000 -0.004860
6.800000 -0.004050
6.900000 -0.003245
7.000000 -0.002709
7.100000 -0.002143
7.200000 -0.001807
7.300000 -0.001419
7.400000 -0.001228
7.500000 -0.000963
7.600000 -0.000861
7.700000 -0.000665
7.800000 -0.000604
7.900000 -0.000441
8.000000 -0.000399
8.100000 -0.000263
8.200000 -0.000246
8.300000 -0.000147
8.400000 -0.000162
8.500000 -0.000100
8.600000 -0.000137
8.700000 -0.000091
8.800000 -0.000125
8.900000 -0.000073
9.000000 -0.000089
9.100000 -0.000028
9.200000 -0.000036
9.300000 0.000016
9.400000 -0.000004
9.500000 0.000024
9.600000 -0.000014
9.700000 -0.000005
9.800000 -0.000044
9.900000 -0.000031
10.000000 -0.000051
10.100000 -0.000020
10.200000 -0.000019
10.300000 0.000017
10.400000 0.000020
10.500000 0.000039
10.600000 0.000025
10.700000 0.000020
10.800000 -0.000006
10.900000 -0.000021
11.000000 -0.000037
11.100000 -0.000038
11.200000 -0.000028
11.300000 -0.000013
11.400000 0.000012
11.500000 0.000024
11.600000 0.000043
11.700000 0.000031
11.800000 0.000031
11.900000 -0.000003
12.000000 -0.000009
12.100000 -0.000044
12.200000 -0.000031
12.300000 -0.000047
12.400000 -0.000008
12.500000 -0.000011
12.600000 0.000038
12.700000 0.000024
12.800000 0.000058
12.900000 0.000017
13.000000 0.000032
13.100000 -0.000027
13.200000 -0.000011
13.300000 -0.000062
13.400000 -0.000023
13.500000 -0.000053
13.600000 0.000012
13.700000 -0.000009
13.800000 0.000058
13.900000 0.000021
14.000000 0.000069
14.100000 0.000003
14.200000 0.000033
14.300000 -0.000046
14.400000 -0.000011
14.500000 -0.000077
14.600000 -0.000014
14.700000 -0.000058
14.800000 0.000028
14.900000 -0.000009
15.000000 0.000075
15.100000 0.000017
15.200000 0.000079
15.300000 -0.000009
15.400000 0.000036
15.500000 -0.000062
15.600000 -0.000008
15.700000 -0.000090
15.800000 -0.000007
15.900000 -0.000065
16.000000 0.000040
16.100000 -0.000013
16.200000 0.000089
16.300000 0.000013
16.400000 0.000090
16.500000 -0.000016
16.600000 0.000043
16.700000 -0.000072
16.800000 -0.000005
16.900000 -0.000102
17.000000 -0.000005
17.100000 -0.000075
17.200000 0.000045
17.300000 -0.000018
17.400000 0.000097
17.500000 0.000012
17.600000 0.000101
17.700000 -0.000015
17.800000 0.000052
17.900000 -0.000075
18.000000 -0.000001
18.100000 -0.000111
18.200000 -0.000007
18.300000 -0.000088
18.400000 0.000042
18.500000 -0.000028
18.600000 0.000101
18.700000 0.000012
18.800000 0.000114
18.900000 -0.000008
19.000000 0.000068
19.100000 -0.000070
19.200000 0.000006
19.300000 -0.000118
19.400000 -0.000014
19.500000 -0.000105
19.600000 0.000029
19.700000 -0.000044
19.800000 0.000096
19.900000 0.000010
20.000000 0.000125
20.100000 0.000007
20.200000 0.000089
20.300000 -0.000053
20.400000 0.000020
20.500000 -0.000115
20.600000 -0.000020
20.700000 -0.000123
20.800000 0.000006
20.900000 -0.000068
21.000000 0.000076
21.100000 0.000001
21.200000 0.000127
21.300000 0.000024
21.400000 0.000113
21.500000 -0.000022
21.600000 0.000045
21.700000 -0.000096
21.800000 -0.000019
21.900000 -0.000133
22.000000 -0.000022
22.100000 -0.000100
22.200000 0.000039
22.300000 -0.000023
22.400000 0.000112
22.500000 0.000032
22.600000 0.000133
22.700000 0.000017
22.800000 0.000083
22.900000 -0.000055
23.000000 0.000002
23.100000 -0.000124
23.200000 -0.000042
23.300000 -0.000130
23.400000 -0.000011
23.500000 -0.000065
23.600000 0.000069
23.700000 0.000017
23.800000 0.000132
23.900000 0.000049
24.000000 0.000123
24.100000 0.000005
24.200000 0.000048
24.300000 -0.000080
24.400000 -0.000034
24.500000 -0.000136
24.600000 -0.000056
24.700000 -0.000115
24.800000 -0.000001
24.900000 -0.000032
25.000000 0.000088
25.100000 0.000049
25.200000 0.000138
25.300000 0.000063
25.400000 0.000107
25.500000 -0.000001
25.600000 0.000018
25.700000 -0.000093
25.800000 -0.000062
25.900000 -0.000139
26.000000 -0.000070
26.100000 -0.000101
26.200000 -0.000000
26.300000 -0.000007
26.400000 0.000094
26.500000 0.000074
26.600000 0.000139
26.700000 0.000080
26.800000 0.000097
26.900000 0.000006
27.000000 -0.000002
27.100000 -0.000092
27.200000 -0.000085
27.300000 -0.000138
27.400000 -0.000092
27.500000 -0.000096
27.600000 -0.000016
27.700000 0.000006
27.800000 0.000086
27.900000 0.000095
28.000000 0.000138
28.100000 0.000106
28.200000 0.000098
28.300000 0.000031
28.400000 -0.000006
28.500000 -0.000076
28.600000 -0.000103
28.700000 -0.000138
28.800000 -0.000123
28.900000 -0.000106
29.000000 -0.000051
29.100000 0.000000
29.200000 0.000063
29.300000 0.000110
29.400000 0.000144
29.500000 0.000156
29.600000 0.000141
29.700000 0.000117
29.800000 0.000071
29.900000 0.000040
