-30.000000 0.000049
-29.900000 0.000071
-29.800000 0.000117
-29.700000 0.000126
-29.600000 0.000135
-29.500000 0.000106
-29.400000 0.000071
-29.300000 0.000014
-29.200000 -0.000040
-29.100000 -0.000088
-29.000000 -0.000121
-28.900000 -0.000124
-28.800000 -0.000113
-28.700000 -0.000066
-28.600000 -0.000022
-28.500000 0.000047
-28.400000 0.000084
-28.300000 0.000133
-28.200000 0.000125
-28.100000 0.000129
-28.000000 0.000069
-27.900000 0.000038
-27.800000 -0.000048
-27.700000 -0.000075
-27.600000 -0.000143
-27.500000 -0.000127
-27.400000 -0.000149
-27.300000 -0.000078
-27.200000 -0.000061
-27.100000 0.000040
-27.000000 0.000060
-26.900000 0.000147
-26.800000 0.000128
-26.700000 0.000169
-26.600000 0.000093
-26.500000 0.000090
-26.400000 -0.000023
-26.300000 -0.000037
-26.200000 -0.000144
-26.100000 -0.000125
-26.000000 -0.000189
-25.900000 -0.000112
-25.800000 -0.000126
-25.700000 -0.000004
-25.600000 0.000004
-25.500000 0.000130
-25.400000 0.000114
-25.300000 0.000202
-25.200000 0.000131
-25.100000 0.000165
-25.000000 0.000041
-24.900000 0.000041
-24.800000 -0.000100
-24.700000 -0.000091
-24.600000 -0.000204
-24.500000 -0.000145
-24.400000 -0.000204
-24.300000 -0.000086
-24.200000 -0.000098
-24.100000 0.000053
-24.000000 0.000049
-23.900000 0.000187
-23.800000 0.000146
-23.700000 0.000233
-23.600000 0.000131
-23.500000 0.000161
-23.400000 0.000011
-23.300000 0.000014
-23.200000 -0.000143
-23.100000 -0.000122
-23.000000 -0.000240
-22.900000 -0.000165
-22.800000 -0.000221
-22.700000 -0.000086
-22.600000 -0.000095
-22.500000 0.000069
-22.400000 0.000066
-22.300000 0.000213
-22.200000 0.000170
-22.100000 0.000261
-22.000000 0.000156
-21.900000 0.000185
-21.800000 0.000029
-21.700000 0.000025
-21.600000 -0.000140
-21.500000 -0.000131
-21.400000 -0.000259
-21.300000 -0.000197
-21.200000 -0.000259
-21.100000 -0.000134
-21.000000 -0.000139
-20.900000 0.000024
-20.800000 0.000039
-20.700000 0.000195
-20.600000 0.000181
-20.500000 0.000286
-20.400000 0.000212
-20.300000 0.000248
-20.200000 0.000113
-20.100000 0.000097
-20.000000 -0.000066
-19.900000 -0.000090
-19.800000 -0.000232
-19.700000 -0.000220
-19.600000 -0.000302
-19.500000 -0.000225
-19.400000 -0.000237
-19.300000 -0.000102
-19.200000 -0.000066
-19.100000 0.000089
-19.000000 0.000128
-18.900000 0.000256
-18.800000 0.000251
-18.700000 0.000315
-18.600000 0.000245
-18.500000 0.000237
-18.400000 0.000110
-18.300000 0.000055
-18.200000 -0.000092
-18.100000 -0.000148
-18.000000 -0.000265
-17.900000 -0.000278
-17.800000 -0.000330
-17.700000 -0.000276
-17.600000 -0.000253
-17.500000 -0.000141
-17.400000 -0.000067
-17.300000 0.000067
-17.200000 0.000147
-17.100000 0.000257
-17.000000 0.000298
-16.900000 0.000344
-16.800000 0.000319
-16.700000 0.000288
-16.600000 0.000200
-16.500000 0.000111
-16.400000 -0.000010
-16.300000 -0.000116
-16.200000 -0.000221
-16.100000 -0.000298
-16.000000 -0.000348
-15.900000 -0.000363
-15.800000 -0.000336
-15.700000 -0.000283
-15.600000 -0.000187
-15.500000 -0.000088
-15.400000 0.000041
-15.300000 0.000144
-15.200000 0.000261
-15.100000 0.000323
-15.000000 0.000389
-14.900000 0.000379
-14.800000 0.000375
-14.700000 0.000289
-14.600000 0.000224
-14.500000 0.000084
-14.400000 -0.000008
-14.300000 -0.000161
-14.200000 -0.000237
-14.100000 -0.000360
-14.000000 -0.000381
-13.900000 -0.000442
-13.800000 -0.000386
-13.700000 -0.000376
-13.600000 -0.000249
-13.500000 -0.000186
-13.400000 -0.000017
-13.300000 0.000063
-13.200000 0.000234
-13.100000 0.000289
-13.000000 0.000422
-12.900000 0.000416
-12.800000 0.000483
-12.700000 0.000402
-12.600000 0.000399
-12.500000 0.000250
-12.400000 0.000197
-12.300000 0.000008
-12.200000 -0.000061
-12.100000 -0.000251
-12.000000 -0.000297
-11.900000 -0.000449
-11.800000 -0.000438
-11.700000 -0.000526
-11.600000 -0.000443
-11.500000 -0.000461
-11.400000 -0.000311
-11.300000 -0.000274
-11.200000 -0.000078
-11.100000 -0.000015
-11.000000 0.000191
-10.900000 0.000242
-10.800000 0.000420
-10.700000 0.000427
-10.600000 0.000551
-10.500000 0.000494
-10.400000 0.000550
-10.300000 0.000424
-10.200000 0.000416
-10.100000 0.000235
-10.000000 0.000186
-9.900000 -0.000022
-9.800000 -0.000083
-9.700000 -0.000286
-9.600000 -0.000326
-9.500000 -0.000494
-9.400000 -0.000488
-9.300000 -0.000598
-9.200000 -0.000530
-9.100000 -0.000576
-9.000000 -0.000447
-8.900000 -0.000435
-8.800000 -0.000259
-8.700000 -0.000208
-8.600000 -0.000008
-8.500000 0.000057
-8.400000 0.000254
-8.300000 0.000305
-8.200000 0.000471
-8.100000 0.000484
-8.000000 0.000602
-7.900000 0.000566
-7.800000 0.000626
-7.700000 0.000537
-7.600000 0.000541
-7.500000 0.000404
-7.400000 0.000364
-7.300000 0.000197
-7.200000 0.000133
-7.100000 -0.000044
-7.000000 -0.000114
-6.900000 -0.000280
-6.800000 -0.000336
-6.700000 -0.000473
-6.600000 -0.000498
-6.500000 -0.000593
-6.400000 -0.000579
-6.300000 -0.000627
-6.200000 -0.000574
-6.100000 -0.000578
-6.000000 -0.000490
-5.900000 -0.000455
-5.800000 -0.000341
-5.700000 -0.000281
-5.600000 -0.000155
-5.500000 -0.000084
-5.400000 0.000039
-5.300000 0.000110
-5.200000 0.000219
-5.100000 0.000279
-5.000000 0.000366
-4.900000 0.000408
-4.800000 0.000465
-4.700000 0.000483
-4.600000 0.000511
-4.500000 0.000509
-4.400000 0.000509
-4.300000 0.000489
-4.200000 0.000466
-4.100000 0.000432
-4.000000 0.000389
-3.900000 0.000348
-3.800000 0.000294
-3.700000 0.000253
-3.600000 0.000193
-3.500000 0.000152
-3.400000 0.000086
-3.300000 0.000047
-3.200000 -0.000025
-3.100000 -0.000062
-3.000000 -0.000143
-2.900000 -0.000185
-2.800000 -0.000285
-2.700000 -0.000348
-2.600000 -0.000483
-2.500000 -0.000583
-2.400000 -0.000774
-2.300000 -0.000937
-2.200000 -0.001216
-2.100000 -0.001484
-2.000000 -0.001902
-1.900000 -0.002334
-1.800000 -0.002959
-1.700000 -0.003636
-1.600000 -0.004567
-1.500000 -0.005611
-1.400000 -0.006997
-1.300000 -0.008590
-1.200000 -0.010650
-1.100000 -0.013056
-1.000000 -0.016109
-0.900000 -0.019714
-0.800000 -0.024228
-0.700000 -0.029604
-0.600000 -0.036271
-0.500000 -0.044252
-0.400000 -0.054076
-0.300000 -0.065864
-0.200000 -0.080283
-0.100000 -0.097595
0.000000 -0.118643
0.100000 -0.143876
0.200000 -0.174350
0.300000 -0.210729
0.400000 -0.254296
0.500000 -0.305916
0.600000 -0.367037
0.700000 -0.438600
0.800000 -0.521996
0.900000 -0.617887
1.000000 -0.727096
1.100000 -0.849322
1.200000 -0.983948
1.300000 -1.128705
1.400000 -1.280497
1.500000 -1.434187
1.600000 -1.583701
1.700000 -1.721244
1.800000 -1.838966
1.900000 -1.928755
2.000000 -1.984322
2.100000 -2.001113
2.200000 -1.978051
2.300000 -1.916713
2.400000 -1.822062
2.500000 -1.700669
2.600000 -1.560738
2.700000 -1.410094
2.800000 -1.256353
2.900000 -1.105398
3.000000 -0.962095
3.100000 -0.829347
3.200000 -0.709189
3.300000 -0.602124
3.400000 -0.508296
3.500000 -0.426861
3.600000 -0.357060
3.700000 -0.297544
3.800000 -0.247310
3.900000 -0.204980
4.000000 -0.169633
4.100000 -0.140073
4.200000 -0.115577
4.300000 -0.095185
4.400000 -0.078384
4.500000 -0.064434
4.600000 -0.052996
4.700000 -0.043507
4.800000 -0.035760
4.900000 -0.029328
5.000000 -0.024095
5.100000 -0.019741
5.200000 -0.016215
5.300000 -0.013275
5.400000 -0.010906
5.500000 -0.008925
5.600000 -0.007337
5.700000 -0.006000
5.800000 -0.004932
5.900000 -0.004029
6.000000 -0.003310
6.100000 -0.002703
6.200000 -0.002222
6.300000 -0.001818
6.400000 -0.001495
6.500000 -0.001226
6.600000 -0.001004
6.700000 -0.000823
6.800000 -0.000668
6.900000 -0.000551
7.000000 -0.000444
7.100000 -0.000375
7.200000 -0.000299
7.300000 -0.000259
7.400000 -0.000198
7.500000 -0.000176
7.600000 -0.000124
7.700000 -0.000119
7.800000 -0.000077
7.900000 -0.000087
8.000000 -0.000050
8.100000 -0.000069
8.200000 -0.000030
8.300000 -0.000051
8.400000 -0.000009
8.500000 -0.000036
8.600000 0.000004
8.700000 -0.000033
8.800000 0.000005
8.900000 -0.000035
9.000000 0.000009
9.100000 -0.000030
9.200000 0.000019
9.300000 -0.000023
9.400000 0.000025
9.500000 -0.000025
9.600000 0.000021
9.700000 -0.000032
9.800000 0.000019
9.900000 -0.000031
10.000000 0.000026
10.100000 -0.000024
10.200000 0.000032
10.300000 -0.000025
10.400000 0.000027
10.500000 -0.000033
10.600000 0.000023
10.700000 -0.000034
10.800000 0.000028
10.900000 -0.000026
11.000000 0.000035
11.100000 -0.000025
11.200000 0.000031
11.300000 -0.000032
11.400000 0.000024
11.500000 -0.000036
11.600000 0.000027
11.700000 -0.000028
11.800000 0.000035
11.900000 -0.000023
12.000000 0.000033
12.100000 -0.000029
12.200000 0.000024
12.300000 -0.000035
12.400000 0.000023
12.500000 -0.000029
12.600000 0.000031
12.700000 -0.000020
12.800000 0.000033
12.900000 -0.000024
13.000000 0.000024
13.100000 -0.000032
13.200000 0.000018
13.300000 -0.000029
13.400000 0.000024
13.500000 -0.000018
13.600000 0.000031
13.700000 -0.000016
13.800000 0.000023
13.900000 -0.000025
14.000000 0.000012
14.100000 -0.000027
14.200000 0.000015
14.300000 -0.000016
14.400000 0.000024
14.500000 -0.000008
14.600000 0.000022
14.700000 -0.000014
14.800000 0.000009
14.900000 -0.000022
15.000000 0.000004
15.100000 -0.000015
15.200000 0.000013
15.300000 -0.000001
15.400000 0.000018
15.500000 -0.000001
15.600000 0.000007
15.700000 -0.000012
15.800000 -0.000005
15.900000 -0.000013
16.000000 -0.000001
16.100000 0.000001
16.200000 0.000010
16.300000 0.000011
16.400000 0.000007
16.500000 0.000003
16.600000 -0.000009
16.700000 -0.000007
16.800000 -0.000015
16.900000 -0.000000
17.000000 -0.000004
17.100000 0.000016
17.200000 0.000004
17.300000 0.000019
17.400000 -0.000007
17.500000 0.000005
17.600000 -0.000023
17.700000 0.000000
17.800000 -0.000021
17.900000 0.000014
18.000000 -0.000006
18.100000 0.000029
18.200000 -0.000004
18.300000 0.000023
18.400000 -0.000021
18.500000 0.000007
18.600000 -0.000033
18.700000 0.000009
18.800000 -0.000024
18.900000 0.000027
19.000000 -0.000008
19.100000 0.000037
19.200000 -0.000013
19.300000 0.000024
19.400000 -0.000032
19.500000 0.000009
19.600000 -0.000039
19.700000 0.000016
19.800000 -0.000023
19.900000 0.000036
20.000000 -0.000009
20.100000 0.000040
20.200000 -0.000019
20.300000 0.000022
20.400000 -0.000040
20.500000 0.000009
20.600000 -0.000041
20.700000 0.000021
20.800000 -0.000021
20.900000 0.000042
21.000000 -0.000008
21.100000 0.000041
21.200000 -0.000022
21.300000 0.000018
21.400000 -0.000042
21.500000 0.000006
21.600000 -0.000040
21.700000 0.000021
21.800000 -0.000016
21.900000 0.000042
22.000000 -0.000003
22.100000 0.000038
22.200000 -0.000020
22.300000 0.000012
22.400000 -0.000042
22.500000 -0.000000
22.600000 -0.000036
22.700000 0.000017
22.800000 -0.000009
22.900000 0.000040
23.000000 0.000004
23.100000 0.000034
23.200000 -0.000014
23.300000 0.000006
23.400000 -0.000037
23.500000 -0.000009
23.600000 -0.000032
23.700000 0.000009
23.800000 -0.000002
23.900000 0.000034
24.000000 0.000015
24.100000 0.000030
24.200000 -0.000002
24.300000 -0.000001
24.400000 -0.000030
24.500000 -0.000021
24.600000 -0.000028
24.700000 -0.000005
24.800000 0.000003
24.900000 0.000025
25.000000 0.000027
25.100000 0.000027
25.200000 0.000013
25.300000 -0.000005
25.400000 -0.000019
25.500000 -0.000032
25.600000 -0.000026
25.700000 -0.000023
25.800000 0.000005
25.900000 0.000011
26.000000 0.000037
26.100000 0.000024
26.200000 0.000032
26.300000 -0.000003
26.400000 -0.000003
26.500000 -0.000040
26.600000 -0.000023
26.700000 -0.000042
26.800000 -0.000000
26.900000 -0.000007
27.000000 0.000040
27.100000 0.000020
27.200000 0.000051
27.300000 0.000005
27.400000 0.000019
27.500000 -0.000038
27.600000 -0.000016
27.700000 -0.000058
27.800000 -0.000011
27.900000 -0.000032
28.000000 0.000032
28.100000 0.000010
28.200000 0.000063
28.300000 0.000017
28.400000 0.000045
28.500000 -0.000022
28.600000 -0.000000
28.700000 -0.000062
28.800000 -0.000021
28.900000 -0.000058
29.000000 0.000008
29.100000 -0.000013
29.200000 0.000056
29.300000 0.000021
29.400000 0.000066
29.500000 0.000004
29.600000 0.000026
29.700000 -0.000046
29.800000 -0.000018
29.900000 -0.000065
