-30.000000 0.000000
-29.900000 -0.000000
-29.800000 -0.000000
-29.700000 0.000000
-29.600000 0.000000
-29.500000 -0.000000
-29.400000 -0.000000
-29.300000 0.000000
-29.200000 0.000000
-29.100000 -0.000000
-29.000000 -0.000000
-28.900000 -0.000000
-28.800000 0.000000
-28.700000 0.000000
-28.600000 -0.000000
-28.500000 -0.000000
-28.400000 0.000000
-28.300000 0.000000
-28.200000 -0.000000
-28.100000 -0.000000
-28.000000 0.000000
-27.900000 0.000000
-27.800000 -0.000000
-27.700000 -0.000000
-27.600000 -0.000000
-27.500000 0.000000
-27.400000 0.000000
-27.300000 -0.000000
-27.200000 -0.000000
-27.100000 0.000000
-27.000000 0.000000
-26.900000 0.000000
-26.800000 -0.000000
-26.700000 -0.000000
-26.600000 0.000000
-26.500000 0.000000
-26.400000 -0.000000
-26.300000 -0.000000
-26.200000 -0.000000
-26.100000 0.000000
-26.000000 0.000000
-25.900000 -0.000000
-25.800000 -0.000000
-25.700000 0.000000
-25.600000 0.000000
-25.500000 0.000000
-25.400000 -0.000000
-25.300000 -0.000000
-25.200000 0.000000
-25.100000 0.000000
-25.000000 0.000000
-24.900000 -0.000000
-24.800000 -0.000000
-24.700000 0.000000
-24.600000 0.000000
-24.500000 0.000000
-24.400000 -0.000000
-24.300000 -0.000000
-24.200000 0.000000
-24.100000 0.000000
-24.000000 0.000000
-23.900000 -0.000000
-23.800000 -0.000000
-23.700000 -0.000000
-23.600000 0.000000
-23.500000 0.000000
-23.400000 -0.000000
-23.300000 -0.000000
-23.200000 -0.000000
-23.100000 0.000000
-23.000000 0.000000
-22.900000 0.000000
-22.800000 -0.000000
-22.700000 -0.000000
-22.600000 0.000000
-22.500000 0.000000
-22.400000 0.000000
-22.300000 -0.000000
-22.200000 -0.000000
-22.100000 -0.000000
-22.000000 0.000000
-21.900000 0.000000
-21.800000 0.000000
-21.700000 -0.000000
-21.600000 -0.000000
-21.500000 -0.000000
-21.400000 0.000000
-21.300000 0.000000
-21.200000 -0.000000
-21.100000 -0.000000
-21.000000 -0.000000
-20.900000 0.000000
-20.800000 0.000000
-20.700000 0.000000
-20.600000 -0.000000
-20.500000 -0.000000
-20.400000 -0.000000
-20.300000 0.000000
-20.200000 0.000000
-20.100000 0.000000
-20.000000 -0.000000
-19.900000 -0.000000
-19.800000 -0.000000
-19.700000 0.000000
-19.600000 0.000000
-19.500000 0.000000
-19.400000 0.000000
-19.300000 -0.000000
-19.200000 -0.000000
-19.100000 -0.000000
-19.000000 0.000000
-18.900000 0.000001
-18.800000 0.000000
-18.700000 -0.000000
-18.600000 -0.000001
-18.500000 -0.000000
-18.400000 0.000000
-18.300000 0.000001
-18.200000 0.000001
-18.100000 -0.000000
-18.000000 -0.000001
-17.900000 -0.000001
-17.800000 -0.000000
-17.700000 0.000001
-17.600000 0.000001
-17.500000 0.000001
-17.400000 -0.000000
-17.300000 -0.000001
-17.200000 -0.000001
-17.100000 -0.000000
-17.000000 0.000001
-16.900000 0.000002
-16.800000 0.000001
-16.700000 -0.000001
-16.600000 -0.000002
-16.500000 -0.000002
-16.400000 -0.000000
-16.300000 0.000002
-16.200000 0.000002
-16.100000 0.000001
-16.000000 -0.000001
-15.900000 -0.000002
-15.800000 -0.000003
-15.700000 -0.000001
-15.600000 0.000002
-15.500000 0.000003
-15.400000 0.000003
-15.300000 -0.000000
-15.200000 -0.000003
-15.100000 -0.000004
-15.000000 -0.000002
-14.900000 0.000001
-14.800000 0.000004
-14.700000 0.000005
-14.600000 0.000002
-14.500000 -0.000002
-14.400000 -0.000005
-14.300000 -0.000005
-14.200000 -0.000002
-14.100000 0.000002
-14.000000 0.000006
-13.900000 0.000006
-13.800000 0.000003
-13.700000 -0.000003
-13.600000 -0.000007
-13.500000 -0.000008
-13.400000 -0.000003
-13.300000 0.000003
-13.200000 0.000008
-13.100000 0.000009
-13.000000 0.000005
-12.900000 -0.000003
-12.800000 -0.000009
-12.700000 -0.000012
-12.600000 -0.000008
-12.500000 0.000001
-12.400000 0.000010
-12.300000 0.000014
-12.200000 0.000011
-12.100000 0.000003
-12.000000 -0.000008
-11.900000 -0.000016
-11.800000 -0.000016
-11.700000 -0.000008
-11.600000 0.000005
-11.500000 0.000016
-11.400000 0.000021
-11.300000 0.000016
-11.200000 0.000003
-11.100000 -0.000013
-11.000000 -0.000024
-10.900000 -0.000025
-10.800000 -0.000015
-10.700000 0.000003
-10.600000 0.000021
-10.500000 0.000031
-10.400000 0.000029
-10.300000 0.000014
-10.200000 -0.000008
-10.100000 -0.000029
-10.000000 -0.000039
-9.900000 -0.000034
-9.800000 -0.000015
-9.700000 0.000012
-9.600000 0.000037
-9.500000 0.000049
-9.400000 0.000043
-9.300000 0.000020
-9.200000 -0.000012
-9.100000 -0.000043
-9.000000 -0.000060
-8.900000 -0.000058
-8.800000 -0.000034
-8.700000 0.000004
-8.600000 0.000044
-8.500000 0.000072
-8.400000 0.000077
-8.300000 0.000058
-8.200000 0.000017
-8.100000 -0.000033
-8.000000 -0.000076
-7.900000 -0.000100
-7.800000 -0.000094
-7.700000 -0.000059
-7.600000 -0.000003
-7.500000 0.000058
-7.400000 0.000107
-7.300000 0.000129
-7.200000 0.000115
-7.100000 0.000067
-7.000000 -0.000004
-6.900000 -0.000082
-6.800000 -0.000145
-6.700000 -0.000177
-6.600000 -0.000167
-6.500000 -0.000116
-6.400000 -0.000034
-6.300000 0.000061
-6.200000 0.000146
-6.100000 0.000200
-6.000000 0.000207
-5.900000 0.000161
-5.800000 0.000069
-5.700000 -0.000055
-5.600000 -0.000187
-5.500000 -0.000304
-5.400000 -0.000382
-5.300000 -0.000406
-5.200000 -0.000373
-5.100000 -0.000289
-5.000000 -0.000172
-4.900000 -0.000048
-4.800000 0.000053
-4.700000 0.000104
-4.600000 0.000081
-4.500000 -0.000028
-4.400000 -0.000228
-4.300000 -0.000510
-4.200000 -0.000860
-4.100000 -0.001255
-4.000000 -0.001673
-3.900000 -0.002095
-3.800000 -0.002510
-3.700000 -0.002917
-3.600000 -0.003327
-3.500000 -0.003767
-3.400000 -0.004277
-3.300000 -0.004909
-3.200000 -0.005727
-3.100000 -0.006803
-3.000000 -0.008218
-2.900000 -0.010062
-2.800000 -0.012430
-2.700000 -0.015429
-2.600000 -0.019179
-2.500000 -0.023818
-2.400000 -0.029507
-2.300000 -0.036441
-2.200000 -0.044853
-2.100000 -0.055027
-2.000000 -0.067307
-1.900000 -0.082110
-1.800000 -0.099935
-1.700000 -0.121377
-1.600000 -0.147135
-1.500000 -0.178022
-1.400000 -0.214968
-1.300000 -0.259014
-1.200000 -0.311298
-1.100000 -0.373025
-1.000000 -0.445402
-0.900000 -0.529559
-0.800000 -0.626411
-0.700000 -0.736488
-0.600000 -0.859706
-0.500000 -0.995113
-0.400000 -1.140610
-0.300000 -1.292719
-0.200000 -1.446444
-0.100000 -1.595323
0.000000 -1.731743
0.100000 -1.847557
0.200000 -1.934967
0.300000 -1.987550
0.400000 -2.001217
0.500000 -1.974878
0.600000 -1.910618
0.700000 -1.813352
0.800000 -1.690051
0.900000 -1.548731
1.000000 -1.397452
1.100000 -1.243514
1.200000 -1.092934
1.300000 -0.950221
1.400000 -0.818399
1.500000 -0.699177
1.600000 -0.593205
1.700000 -0.500351
1.800000 -0.419949
1.900000 -0.351006
2.000000 -0.292362
2.100000 -0.242812
2.200000 -0.201173
2.300000 -0.166340
2.400000 -0.137310
2.500000 -0.113190
2.600000 -0.093200
2.700000 -0.076668
2.800000 -0.063019
2.900000 -0.051766
3.000000 -0.042499
3.100000 -0.034876
3.200000 -0.028609
3.300000 -0.023461
3.400000 -0.019235
3.500000 -0.015766
3.600000 -0.012921
3.700000 -0.010587
3.800000 -0.008674
3.900000 -0.007106
4.000000 -0.005821
4.100000 -0.004768
4.200000 -0.003905
4.300000 -0.003198
4.400000 -0.002619
4.500000 -0.002145
4.600000 -0.001756
4.700000 -0.001438
4.800000 -0.001178
4.900000 -0.000964
5.000000 -0.000789
5.100000 -0.000646
5.200000 -0.000529
5.300000 -0.000433
5.400000 -0.000355
5.500000 -0.000291
5.600000 -0.000238
5.700000 -0.000195
5.800000 -0.000159
5.900000 -0.000131
6.000000 -0.000107
6.100000 -0.000088
6.200000 -0.000072
6.300000 -0.000059
6.400000 -0.000048
6.500000 -0.000039
6.600000 -0.000032
6.700000 -0.000026
6.800000 -0.000022
6.900000 -0.000018
7.000000 -0.000014
7.100000 -0.000012
7.200000 -0.000010
7.300000 -0.000008
7.400000 -0.000007
7.500000 -0.000005
7.600000 -0.000004
7.700000 -0.000004
7.800000 -0.000003
7.900000 -0.000002
8.000000 -0.000002
8.100000 -0.000002
8.200000 -0.000001
8.300000 -0.000001
8.400000 -0.000001
8.500000 -0.000001
8.600000 -0.000001
8.700000 -0.000000
8.800000 -0.000000
8.900000 -0.000000
9.000000 -0.000000
9.100000 -0.000000
9.200000 -0.000000
9.300000 -0.000000
9.400000 -0.000000
9.500000 -0.000000
9.600000 -0.000000
9.700000 -0.000000
9.800000 -0.000000
9.900000 0.000000
10.000000 0.000000
10.100000 0.000000
10.200000 -0.000000
10.300000 -0.000000
10.400000 -0.000000
10.500000 -0.000000
10.600000 -0.000000
10.700000 0.000000
10.800000 0.000000
10.900000 0.000000
11.000000 0.000000
11.100000 0.000000
11.200000 -0.000000
11.300000 -0.000000
11.400000 -0.000000
11.500000 -0.000000
11.600000 0.000000
11.700000 0.000000
11.800000 0.000000
11.900000 0.000000
12.000000 0.000000
12.100000 -0.000000
12.200000 -0.000000
12.300000 -0.000000
12.400000 -0.000000
12.500000 0.000000
12.600000 0.000000
12.700000 0.000000
12.800000 0.000000
12.900000 -0.000000
13.000000 -0.000000
13.100000 -0.000000
13.200000 -0.000000
13.300000 -0.000000
13.400000 0.000000
13.500000 0.000000
13.600000 0.000000
13.700000 0.000000
13.800000 -0.000000
13.900000 -0.000000
14.000000 -0.000000
14.100000 -0.000000
14.200000 0.000000
14.300000 0.000000
14.400000 0.000000
14.500000 0.000000
14.600000 -0.000000
14.700000 -0.000000
14.800000 -0.000000
14.900000 0.000000
15.000000 0.000000
15.100000 0.000000
15.200000 0.000000
15.300000 -0.000000
15.400000 -0.000000
15.500000 -0.000000
15.600000 -0.000000
15.700000 0.000000
15.800000 0.000000
15.900000 0.000000
16.000000 0.000000
16.100000 -0.000000
16.200000 -0.000000
16.300000 -0.000000
16.400000 0.000000
16.500000 0.000000
16.600000 0.000000
16.700000 0.000000
16.800000 -0.000000
16.900000 -0.000000
17.000000 -0.000000
17.100000 0.000000
17.200000 0.000000
17.300000 0.000000
17.400000 0.000000
17.500000 -0.000000
17.600000 -0.000000
17.700000 -0.000000
17.800000 0.000000
17.900000 0.000000
18.000000 0.000000
18.100000 -0.000000
18.200000 -0.000000
18.300000 -0.000000
18.400000 -0.000000
18.500000 0.000000
18.600000 0.000000
18.700000 0.000000
18.800000 -0.000000
18.900000 -0.000000
19.000000 -0.000000
19.100000 0.000000
19.200000 0.000000
19.300000 0.000000
19.400000 -0.000000
19.500000 -0.000000
19.600000 -0.000000
19.700000 0.000000
19.800000 0.000000
19.900000 0.000000
20.000000 -0.000000
20.100000 -0.000000
20.200000 -0.000000
20.300000 0.000000
20.400000 0.000000
20.500000 0.000000
20.600000 -0.000000
20.700000 -0.000000
20.800000 -0.000000
20.900000 0.000000
21.000000 0.000000
21.100000 0.000000
21.200000 -0.000000
21.300000 -0.000000
21.400000 -0.000000
21.500000 0.000000
21.600000 0.000000
21.700000 0.000000
21.800000 -0.000000
21.900000 -0.000000
22.000000 -0.000000
22.100000 0.000000
22.200000 0.000000
22.300000 0.000000
22.400000 -0.000000
22.500000 -0.000000
22.600000 0.000000
22.700000 0.000000
22.800000 0.000000
22.900000 -0.000000
23.000000 -0.000000
23.100000 -0.000000
23.200000 0.000000
23.300000 0.000000
23.400000 0.000000
23.500000 -0.000000
23.600000 -0.000000
23.700000 0.000000
23.800000 0.000000
23.900000 0.000000
24.000000 -0.000000
24.100000 -0.000000
24.200000 0.000000
24.300000 0.000000
24.400000 0.000000
24.500000 -0.000000
24.600000 -0.000000
24.700000 -0.000000
24.800000 0.000000
24.900000 0.000000
25.000000 -0.000000
25.100000 -0.000000
25.200000 -0.000000
25.300000 0.000000
25.400000 0.000000
25.500000 -0.000000
25.600000 -0.000000
25.700000 0.000000
25.800000 0.000000
25.900000 0.000000
26.000000 -0.000000
26.100000 -0.000000
26.200000 0.000000
26.300000 0.000000
26.400000 0.000000
26.500000 -0.000000
26.600000 -0.000000
26.700000 0.000000
26.800000 0.000000
26.900000 -0.000000
27.000000 -0.000000
27.100000 -0.000000
27.200000 0.000000
27.300000 0.000000
27.400000 -0.000000
27.500000 -0.000000
27.600000 0.000000
27.700000 0.000000
27.800000 -0.000000
27.900000 -0.000000
28.000000 -0.000000
28.100000 0.000000
28.200000 0.000000
28.300000 -0.000000
28.400000 -0.000000
28.500000 0.000000
28.600000 0.000000
28.700000 -0.000000
28.800000 -0.000000
28.900000 0.000000
29.000000 0.000000
29.100000 -0.000000
29.200000 -0.000000
29.300000 0.000000
29.400000 0.000000
29.500000 0.000000
29.600000 -0.000000
29.700000 -0.000000
29.800000 0.000000
29.900000 -0.000000
