-30.000000 -0.000000
-29.900000 0.000000
-29.800000 -0.000000
-29.700000 -0.000000
-29.600000 -0.000000
-29.500000 -0.000000
-29.400000 -0.000000
-29.300000 -0.000000
-29.200000 -0.000000
-29.100000 -0.000000
-29.000000 -0.000000
-28.900000 -0.000000
-28.800000 -0.000000
-28.700000 -0.000000
-28.600000 -0.000000
-28.500000 -0.000000
-28.400000 -0.000000
-28.300000 -0.000000
-28.200000 -0.000000
-28.100000 0.000000
-28.000000 -0.000000
-27.900000 -0.000000
-27.800000 -0.000000
-27.700000 -0.000000
-27.600000 0.000000
-27.500000 -0.000000
-27.400000 -0.000000
-27.300000 -0.000000
-27.200000 -0.000000
-27.100000 0.000000
-27.000000 -0.000000
-26.900000 -0.000000
-26.800000 -0.000000
-26.700000 -0.000000
-26.600000 -0.000000
-26.500000 -0.000000
-26.400000 -0.000000
-26.300000 -0.000000
-26.200000 -0.000000
-26.100000 0.000000
-26.000000 -0.000000
-25.900000 -0.000000
-25.800000 -0.000000
-25.700000 -0.000000
-25.600000 0.000000
-25.500000 -0.000000
-25.400000 -0.000000
-25.300000 -0.000000
-25.200000 -0.000000
-25.100000 0.000000
-25.000000 -0.000000
-24.900000 -0.000000
-24.800000 -0.000000
-24.700000 -0.000000
-24.600000 0.000000
-24.500000 -0.000000
-24.400000 -0.000000
-24.300000 -0.000000
-24.200000 -0.000000
-24.100000 0.000000
-24.000000 -0.000000
-23.900000 -0.000000
-23.800000 -0.000000
-23.700000 -0.000000
-23.600000 0.000000
-23.500000 -0.000000
-23.400000 -0.000000
-23.300000 -0.000000
-23.200000 -0.000000
-23.100000 0.000000
-23.000000 -0.000000
-22.900000 -0.000000
-22.800000 -0.000000
-22.700000 -0.000000
-22.600000 0.000000
-22.500000 -0.000000
-22.400000 -0.000000
-22.300000 -0.000000
-22.200000 -0.000000
-22.100000 0.000000
-22.000000 -0.000000
-21.900000 -0.000000
-21.800000 -0.000000
-21.700000 -0.000000
-21.600000 0.000000
-21.500000 -0.000000
-21.400000 -0.000000
-21.300000 -0.000000
-21.200000 -0.000000
-21.100000 0.000000
-21.000000 -0.000000
-20.900000 -0.000000
-20.800000 -0.000000
-20.700000 -0.000000
-20.600000 0.000000
-20.500000 -0.000000
-20.400000 -0.000000
-20.300000 -0.000000
-20.200000 -0.000000
-20.100000 0.000000
-20.000000 -0.000000
-19.900000 -0.000000
-19.800000 -0.000000
-19.700000 -0.000000
-19.600000 0.000000
-19.500000 -0.000000
-19.400000 -0.000000
-19.300000 -0.000000
-19.200000 -0.000000
-19.100000 0.000000
-19.000000 -0.000000
-18.900000 -0.000000
-18.800000 -0.000000
-18.700000 -0.000000
-18.600000 -0.000000
-18.500000 -0.000000
-18.400000 -0.000000
-18.300000 -0.000000
-18.200000 -0.000000
-18.100000 -0.000000
-18.000000 -0.000000
-17.900000 -0.000000
-17.800000 -0.000000
-17.700000 -0.000000
-17.600000 -0.000000
-17.500000 -0.000000
-17.400000 -0.000000
-17.300000 -0.000000
-17.200000 0.000000
-17.100000 -0.000000
-17.000000 -0.000000
-16.900000 0.000000
-16.800000 -0.000000
-16.700000 -0.000000
-16.600000 0.000000
-16.500000 -0.000000
-16.400000 -0.000000
-16.300000 0.000000
-16.200000 -0.000000
-16.100000 -0.000000
-16.000000 0.000000
-15.900000 -0.000000
-15.800000 -0.000000
-15.700000 0.000000
-15.600000 0.000000
-15.500000 -0.000000
-15.400000 -0.000000
-15.300000 0.000000
-15.200000 -0.000000
-15.100000 -0.000000
-15.000000 0.000000
-14.900000 0.000000
-14.800000 -0.000000
-14.700000 -0.000000
-14.600000 0.000000
-14.500000 0.000000
-14.400000 -0.000000
-14.300000 -0.000000
-14.200000 0.000000
-14.100000 0.000000
-14.000000 -0.000000
-13.900000 -0.000000
-13.800000 0.000000
-13.700000 0.000000
-13.600000 -0.000000
-13.500000 -0.000000
-13.400000 0.000000
-13.300000 0.000000
-13.200000 -0.000000
-13.100000 -0.000000
-13.000000 -0.000000
-12.900000 0.000000
-12.800000 0.000000
-12.700000 -0.000000
-12.600000 -0.000000
-12.500000 0.000000
-12.400000 0.000000
-12.300000 -0.000000
-12.200000 -0.000000
-12.100000 -0.000000
-12.000000 0.000000
-11.900000 0.000000
-11.800000 -0.000000
-11.700000 -0.000000
-11.600000 -0.000000
-11.500000 0.000000
-11.400000 0.000000
-11.300000 -0.000000
-11.200000 -0.000000
-11.100000 -0.000000
-11.000000 0.000000
-10.900000 0.000000
-10.800000 -0.000000
-10.700000 -0.000000
-10.600000 -0.000000
-10.500000 0.000000
-10.400000 0.000000
-10.300000 0.000000
-10.200000 -0.000000
-10.100000 -0.000000
-10.000000 -0.000000
-9.900000 0.000000
-9.800000 0.000000
-9.700000 0.000000
-9.600000 -0.000000
-9.500000 -0.000000
-9.400000 -0.000000
-9.300000 0.000000
-9.200000 0.000000
-9.100000 0.000000
-9.000000 -0.000001
-8.900000 -0.000001
-8.800000 -0.000000
-8.700000 0.000000
-8.600000 0.000001
-8.500000 0.000000
-8.400000 -0.000001
-8.300000 -0.000002
-8.200000 -0.000002
-8.100000 -0.000001
-8.000000 0.000001
-7.900000 0.000001
-7.800000 0.000000
-7.700000 -0.000002
-7.600000 -0.000004
-7.500000 -0.000004
-7.400000 -0.000002
-7.300000 0.000000
-7.200000 0.000002
-7.100000 -0.000001
-7.000000 -0.000006
-6.900000 -0.000011
-6.800000 -0.000014
-6.700000 -0.000012
-6.600000 -0.000008
-6.500000 -0.000004
-6.400000 -0.000006
-6.300000 -0.000014
-6.200000 -0.000027
-6.100000 -0.000041
-6.000000 -0.000049
-5.900000 -0.000051
-5.800000 -0.000048
-5.700000 -0.000046
-5.600000 -0.000053
-5.500000 -0.000075
-5.400000 -0.000111
-5.300000 -0.000157
-5.200000 -0.000203
-5.100000 -0.000243
-5.000000 -0.000274
-4.900000 -0.000303
-4.800000 -0.000342
-4.700000 -0.000407
-4.600000 -0.000512
-4.500000 -0.000662
-4.400000 -0.000858
-4.300000 -0.001090
-4.200000 -0.001349
-4.100000 -0.001628
-4.000000 -0.001935
-3.900000 -0.002289
-3.800000 -0.002723
-3.700000 -0.003280
-3.600000 -0.004008
-3.500000 -0.004950
-3.400000 -0.006147
-3.300000 -0.007630
-3.200000 -0.009429
-3.100000 -0.011580
-3.000000 -0.014133
-2.900000 -0.017165
-2.800000 -0.020788
-2.700000 -0.025156
-2.600000 -0.030469
-2.500000 -0.036977
-2.400000 -0.044979
-2.300000 -0.054823
-2.200000 -0.066909
-2.100000 -0.081697
-2.000000 -0.099709
-1.900000 -0.121544
-1.800000 -0.147889
-1.700000 -0.179532
-1.600000 -0.217367
-1.500000 -0.262400
-1.400000 -0.315732
-1.300000 -0.378532
-1.200000 -0.451980
-1.100000 -0.537178
-1.000000 -0.635015
-0.900000 -0.745988
-0.800000 -0.869975
-0.700000 -1.005970
-0.600000 -1.151808
-0.500000 -1.303934
-0.400000 -1.457272
-0.300000 -1.605291
-0.200000 -1.740339
-0.100000 -1.854276
0.000000 -1.939371
0.100000 -1.989332
0.200000 -2.000252
0.300000 -1.971244
0.400000 -1.904588
0.500000 -1.805356
0.600000 -1.680608
0.700000 -1.538388
0.800000 -1.386724
0.900000 -1.232842
1.000000 -1.082662
1.100000 -0.940595
1.200000 -0.809571
1.300000 -0.691222
1.400000 -0.586140
1.500000 -0.494150
1.600000 -0.414559
1.700000 -0.346356
1.800000 -0.288379
1.900000 -0.239416
2.000000 -0.198291
2.100000 -0.163904
2.200000 -0.135257
2.300000 -0.111464
2.400000 -0.091752
2.500000 -0.075456
2.600000 -0.062006
2.700000 -0.050921
2.800000 -0.041795
2.900000 -0.034290
3.000000 -0.028122
3.100000 -0.023057
3.200000 -0.018899
3.300000 -0.015488
3.400000 -0.012691
3.500000 -0.010397
3.600000 -0.008517
3.700000 -0.006976
3.800000 -0.005714
3.900000 -0.004680
4.000000 -0.003832
4.100000 -0.003138
4.200000 -0.002570
4.300000 -0.002104
4.400000 -0.001723
4.500000 -0.001411
4.600000 -0.001155
4.700000 -0.000946
4.800000 -0.000774
4.900000 -0.000634
5.000000 -0.000519
5.100000 -0.000425
5.200000 -0.000348
5.300000 -0.000285
5.400000 -0.000233
5.500000 -0.000191
5.600000 -0.000156
5.700000 -0.000128
5.800000 -0.000105
5.900000 -0.000086
6.000000 -0.000070
6.100000 -0.000058
6.200000 -0.000047
6.300000 -0.000039
6.400000 -0.000032
6.500000 -0.000026
6.600000 -0.000021
6.700000 -0.000017
6.800000 -0.000014
6.900000 -0.000012
7.000000 -0.000009
7.100000 -0.000008
7.200000 -0.000006
7.300000 -0.000005
7.400000 -0.000004
7.500000 -0.000004
7.600000 -0.000003
7.700000 -0.000002
7.800000 -0.000002
7.900000 -0.000002
8.000000 -0.000001
8.100000 -0.000001
8.200000 -0.000001
8.300000 -0.000001
8.400000 -0.000001
8.500000 -0.000000
8.600000 -0.000000
8.700000 -0.000000
8.800000 -0.000000
8.900000 -0.000000
9.000000 -0.000000
9.100000 -0.000000
9.200000 -0.000000
9.300000 -0.000000
9.400000 -0.000000
9.500000 -0.000000
9.600000 -0.000000
9.700000 -0.000000
9.800000 -0.000000
9.900000 -0.000000
10.000000 -0.000000
10.100000 -0.000000
10.200000 -0.000000
10.300000 -0.000000
10.400000 -0.000000
10.500000 -0.000000
10.600000 -0.000000
10.700000 -0.000000
10.800000 -0.000000
10.900000 -0.000000
11.000000 -0.000000
11.100000 -0.000000
11.200000 -0.000000
11.300000 -0.000000
11.400000 0.000000
11.500000 -0.000000
11.600000 -0.000000
11.700000 -0.000000
11.800000 -0.000000
11.900000 0.000000
12.000000 -0.000000
12.100000 -0.000000
12.200000 -0.000000
12.300000 0.000000
12.400000 0.000000
12.500000 -0.000000
12.600000 -0.000000
12.700000 -0.000000
12.800000 0.000000
12.900000 0.000000
13.000000 -0.000000
13.100000 -0.000000
13.200000 0.000000
13.300000 0.000000
13.400000 -0.000000
13.500000 -0.000000
13.600000 -0.000000
13.700000 0.000000
13.800000 -0.000000
13.900000 -0.000000
14.000000 -0.000000
14.100000 0.000000
14.200000 0.000000
14.300000 -0.000000
14.400000 -0.000000
14.500000 0.000000
14.600000 -0.000000
14.700000 -0.000000
14.800000 -0.000000
14.900000 0.000000
15.000000 -0.000000
15.100000 -0.000000
15.200000 0.000000
15.300000 0.000000
15.400000 -0.000000
15.500000 -0.000000
15.600000 0.000000
15.700000 0.000000
15.800000 -0.000000
15.900000 -0.000000
16.000000 0.000000
16.100000 -0.000000
16.200000 -0.000000
16.300000 0.000000
16.400000 -0.000000
16.500000 -0.000000
16.600000 0.000000
16.700000 -0.000000
16.800000 -0.000000
16.900000 0.000000
17.000000 -0.000000
17.100000 0.000000
17.200000 -0.000000
17.300000 -0.000000
17.400000 -0.000000
17.500000 -0.000000
17.600000 -0.000000
17.700000 -0.000000
17.800000 -0.000000
17.900000 -0.000000
18.000000 -0.000000
18.100000 -0.000000
18.200000 -0.000000
18.300000 0.000000
18.400000 -0.000000
18.500000 -0.000000
18.600000 -0.000000
18.700000 -0.000000
18.800000 0.000000
18.900000 -0.000000
19.000000 -0.000000
19.100000 -0.000000
19.200000 -0.000000
19.300000 -0.000000
19.400000 -0.000000
19.500000 0.000000
19.600000 -0.000000
19.700000 0.000000
19.800000 -0.000000
19.900000 0.000000
20.000000 -0.000000
20.100000 0.000000
20.200000 -0.000000
20.300000 -0.000000
20.400000 0.000000
20.500000 -0.000000
20.600000 -0.000000
20.700000 -0.000000
20.800000 -0.000000
20.900000 0.000000
21.000000 -0.000000
21.100000 -0.000000
21.200000 -0.000000
21.300000 -0.000000
21.400000 0.000000
21.500000 -0.000000
21.600000 -0.000000
21.700000 -0.000000
21.800000 -0.000000
21.900000 0.000000
22.000000 -0.000000
22.100000 -0.000000
22.200000 -0.000000
22.300000 -0.000000
22.400000 0.000000
22.500000 -0.000000
22.600000 -0.000000
22.700000 -0.000000
22.800000 -0.000000
22.900000 0.000000
23.000000 -0.000000
23.100000 -0.000000
23.200000 -0.000000
23.300000 -0.000000
23.400000 0.000000
23.500000 -0.000000
23.600000 -0.000000
23.700000 -0.000000
23.800000 -0.000000
23.900000 0.000000
24.000000 -0.000000
24.100000 -0.000000
24.200000 -0.000000
24.300000 -0.000000
24.400000 0.000000
24.500000 -0.000000
24.600000 -0.000000
24.700000 0.000000
24.800000 -0.000000
24.900000 0.000000
25.000000 -0.000000
25.100000 -0.000000
25.200000 -0.000000
25.300000 -0.000000
25.400000 -0.000000
25.500000 -0.000000
25.600000 0.000000
25.700000 -0.000000
25.800000 0.000000
25.900000 -0.000000
26.000000 0.000000
26.100000 -0.000000
26.200000 0.000000
26.300000 -0.000000
26.400000 -0.000000
26.500000 0.000000
26.600000 -0.000000
26.700000 -0.000000
26.800000 -0.000000
26.900000 -0.000000
27.000000 0.000000
27.100000 -0.000000
27.200000 -0.000000
27.300000 -0.000000
27.400000 -0.000000
27.500000 0.000000
27.600000 -0.000000
27.700000 -0.000000
27.800000 -0.000000
27.900000 -0.000000
28.000000 0.000000
28.100000 -0.000000
28.200000 -0.000000
28.300000 -0.000000
28.400000 -0.000000
28.500000 0.000000
28.600000 -0.000000
28.700000 -0.000000
28.800000 -0.000000
28.900000 -0.000000
29.000000 0.000000
29.100000 -0.000000
29.200000 -0.000000
29.300000 -0.000000
29.400000 -0.000000
29.500000 0.000000
29.600000 -0.000000
29.700000 0.000000
29.800000 0.000000
29.900000 -0.000000
