-30.000000 -0.000118
-29.900000 -0.000122
-29.800000 -0.000235
-29.700000 -0.000226
-29.600000 -0.000309
-29.500000 -0.000261
-29.400000 -0.000293
-29.300000 -0.000191
-29.200000 -0.000171
-29.100000 -0.000033
-29.000000 0.000008
-28.900000 0.000143
-28.800000 0.000163
-28.700000 0.000258
-28.600000 0.000231
-28.500000 0.000271
-28.400000 0.000195
-28.300000 0.000188
-28.200000 0.000077
-28.100000 0.000039
-28.000000 -0.000085
-27.900000 -0.000126
-27.800000 -0.000232
-27.700000 -0.000242
-27.600000 -0.000296
-27.500000 -0.000249
-27.400000 -0.000239
-27.300000 -0.000139
-27.200000 -0.000084
-27.100000 0.000035
-27.000000 0.000095
-26.900000 0.000193
-26.800000 0.000224
-26.700000 0.000277
-26.600000 0.000265
-26.500000 0.000266
-26.400000 0.000209
-26.300000 0.000161
-26.200000 0.000069
-26.100000 -0.000010
-26.000000 -0.000110
-25.900000 -0.000187
-25.800000 -0.000258
-25.700000 -0.000294
-25.600000 -0.000303
-25.500000 -0.000280
-25.400000 -0.000225
-25.300000 -0.000157
-25.200000 -0.000065
-25.100000 0.000017
-25.000000 0.000112
-24.900000 0.000176
-24.800000 0.000251
-24.700000 0.000277
-24.600000 0.000312
-24.500000 0.000286
-24.400000 0.000272
-24.300000 0.000189
-24.200000 0.000129
-24.100000 0.000007
-24.000000 -0.000068
-23.900000 -0.000189
-23.800000 -0.000235
-23.700000 -0.000316
-23.600000 -0.000305
-23.500000 -0.000331
-23.400000 -0.000263
-23.300000 -0.000243
-23.200000 -0.000134
-23.100000 -0.000089
-23.000000 0.000040
-22.900000 0.000090
-22.800000 0.000217
-22.700000 0.000247
-22.600000 0.000342
-22.500000 0.000323
-22.400000 0.000360
-22.300000 0.000276
-22.200000 0.000256
-22.100000 0.000121
-22.000000 0.000069
-21.900000 -0.000080
-21.800000 -0.000123
-21.700000 -0.000251
-21.600000 -0.000260
-21.500000 -0.000350
-21.400000 -0.000314
-21.300000 -0.000360
-21.200000 -0.000276
-21.100000 -0.000276
-21.000000 -0.000145
-20.900000 -0.000107
-20.800000 0.000054
-20.700000 0.000102
-20.600000 0.000256
-20.500000 0.000273
-20.400000 0.000382
-20.300000 0.000341
-20.200000 0.000392
-20.100000 0.000292
-20.000000 0.000298
-19.900000 0.000159
-19.800000 0.000140
-19.700000 -0.000018
-19.600000 -0.000044
-19.500000 -0.000206
-19.400000 -0.000219
-19.300000 -0.000361
-19.200000 -0.000337
-19.100000 -0.000432
-19.000000 -0.000346
-18.900000 -0.000382
-18.800000 -0.000234
-18.700000 -0.000224
-18.600000 -0.000042
-18.500000 -0.000022
-18.400000 0.000160
-18.300000 0.000161
-18.200000 0.000321
-18.100000 0.000288
-18.000000 0.000417
-17.900000 0.000343
-17.800000 0.000433
-17.700000 0.000310
-17.600000 0.000352
-17.500000 0.000176
-17.400000 0.000178
-17.300000 -0.000032
-17.200000 -0.000041
-17.100000 -0.000248
-17.000000 -0.000230
-16.900000 -0.000401
-16.800000 -0.000334
-16.700000 -0.000459
-16.600000 -0.000343
-16.500000 -0.000429
-16.400000 -0.000274
-16.300000 -0.000327
-16.200000 -0.000137
-16.100000 -0.000163
-16.000000 0.000055
-15.900000 0.000043
-15.800000 0.000265
-15.700000 0.000239
-15.600000 0.000432
-15.500000 0.000359
-15.400000 0.000499
-15.300000 0.000368
-15.200000 0.000456
-15.100000 0.000281
-15.000000 0.000338
-14.900000 0.000138
-14.800000 0.000178
-14.700000 -0.000035
-14.600000 -0.000004
-14.500000 -0.000223
-14.400000 -0.000191
-14.300000 -0.000398
-14.200000 -0.000339
-14.100000 -0.000507
-14.000000 -0.000398
-13.900000 -0.000510
-13.800000 -0.000345
-13.700000 -0.000409
-13.600000 -0.000209
-13.500000 -0.000249
-13.400000 -0.000037
-13.300000 -0.000075
-13.200000 0.000137
-13.100000 0.000096
-13.000000 0.000303
-12.900000 0.000254
-12.800000 0.000446
-12.700000 0.000372
-12.600000 0.000527
-12.500000 0.000405
-12.400000 0.000508
-12.300000 0.000335
-12.200000 0.000394
-12.100000 0.000187
-12.000000 0.000228
-11.900000 0.000014
-11.800000 0.000057
-11.700000 -0.000151
-11.600000 -0.000100
-11.500000 -0.000302
-11.400000 -0.000242
-11.300000 -0.000434
-11.200000 -0.000356
-11.100000 -0.000522
-11.000000 -0.000405
-10.900000 -0.000526
-10.800000 -0.000360
-10.700000 -0.000438
-10.600000 -0.000236
-10.500000 -0.000293
-10.400000 -0.000080
-10.300000 -0.000138
-10.200000 0.000071
-10.100000 0.000005
-10.000000 0.000210
-9.900000 0.000142
-9.800000 0.000346
-9.700000 0.000271
-9.600000 0.000464
-9.500000 0.000365
-9.400000 0.000525
-9.300000 0.000385
-9.200000 0.000502
-9.100000 0.000323
-9.000000 0.000412
-8.900000 0.000215
-8.800000 0.000296
-8.700000 0.000099
-8.600000 0.000184
-8.500000 -0.000011
-8.400000 0.000070
-8.300000 -0.000133
-8.200000 -0.000061
-8.100000 -0.000269
-8.000000 -0.000195
-7.900000 -0.000389
-7.800000 -0.000292
-7.700000 -0.000453
-7.600000 -0.000322
-7.500000 -0.000449
-7.400000 -0.000296
-7.300000 -0.000408
-7.200000 -0.000251
-7.100000 -0.000363
-7.000000 -0.000209
-6.900000 -0.000317
-6.800000 -0.000156
-6.700000 -0.000246
-6.600000 -0.000069
-6.500000 -0.000140
-6.400000 0.000046
-6.300000 -0.000023
-6.200000 0.000150
-6.100000 0.000063
-6.000000 0.000210
-5.900000 0.000101
-5.800000 0.000229
-5.700000 0.000115
-5.600000 0.000243
-5.500000 0.000139
-5.400000 0.000273
-5.300000 0.000174
-5.200000 0.000301
-5.100000 0.000190
-5.000000 0.000296
-4.900000 0.000166
-4.800000 0.000254
-4.700000 0.000117
-4.600000 0.000206
-4.500000 0.000084
-4.400000 0.000191
-4.300000 0.000091
-4.200000 0.000213
-4.100000 0.000121
-4.000000 0.000238
-3.900000 0.000137
-3.800000 0.000240
-3.700000 0.000131
-3.600000 0.000230
-3.500000 0.000129
-3.400000 0.000244
-3.300000 0.000165
-3.200000 0.000301
-3.100000 0.000239
-3.000000 0.000379
-2.900000 0.000312
-2.800000 0.000435
-2.700000 0.000348
-2.600000 0.000451
-2.500000 0.000353
-2.400000 0.000451
-2.300000 0.000359
-2.200000 0.000466
-2.100000 0.000387
-2.000000 0.000497
-1.900000 0.000413
-1.800000 0.000504
-1.700000 0.000391
-1.600000 0.000442
-1.500000 0.000289
-1.400000 0.000298
-1.300000 0.000114
-1.200000 0.000094
-1.100000 -0.000114
-1.000000 -0.000168
-0.900000 -0.000418
-0.800000 -0.000539
-0.700000 -0.000876
-0.600000 -0.001120
-0.500000 -0.001604
-0.400000 -0.002029
-0.300000 -0.002719
-0.200000 -0.003389
-0.100000 -0.004355
0.000000 -0.005358
0.100000 -0.006720
0.200000 -0.008217
0.300000 -0.010184
0.400000 -0.012439
0.500000 -0.015332
0.600000 -0.018729
0.700000 -0.023005
0.800000 -0.028084
0.900000 -0.034383
1.000000 -0.041909
1.100000 -0.051153
1.200000 -0.062243
1.300000 -0.075780
1.400000 -0.092056
1.500000 -0.111828
1.600000 -0.135587
1.700000 -0.164279
1.800000 -0.198624
1.900000 -0.239771
2.000000 -0.288661
2.100000 -0.346606
2.200000 -0.414663
2.300000 -0.494124
2.400000 -0.585865
2.500000 -0.690707
2.600000 -0.808720
2.700000 -0.939444
2.800000 -1.081168
2.900000 -1.231099
3.000000 -1.384763
3.100000 -1.536364
3.200000 -1.678616
3.300000 -1.803587
3.400000 -1.903155
3.500000 -1.970312
3.600000 -1.999881
3.700000 -1.989594
3.800000 -1.940219
3.900000 -1.855661
4.000000 -1.742110
4.100000 -1.607313
4.200000 -1.459353
4.300000 -1.305928
4.400000 -1.153559
4.500000 -1.007390
4.600000 -0.871003
4.700000 -0.746631
4.800000 -0.635316
4.900000 -0.537230
5.000000 -0.451900
5.100000 -0.378450
5.200000 -0.315780
5.300000 -0.262683
5.400000 -0.217969
5.500000 -0.180474
5.600000 -0.149175
5.700000 -0.123100
5.800000 -0.101465
5.900000 -0.083517
6.000000 -0.068701
6.100000 -0.056447
6.200000 -0.046384
6.300000 -0.038076
6.400000 -0.031290
6.500000 -0.025682
6.600000 -0.021123
6.700000 -0.017332
6.800000 -0.014262
6.900000 -0.011678
7.000000 -0.009599
7.100000 -0.007822
7.200000 -0.006418
7.300000 -0.005202
7.400000 -0.004279
7.500000 -0.003461
7.600000 -0.002881
7.700000 -0.002339
7.800000 -0.001984
7.900000 -0.001611
8.000000 -0.001389
8.100000 -0.001105
8.200000 -0.000953
8.300000 -0.000716
8.400000 -0.000613
8.500000 -0.000420
8.600000 -0.000372
8.700000 -0.000233
8.800000 -0.000245
8.900000 -0.000156
9.000000 -0.000211
9.100000 -0.000142
9.200000 -0.000206
9.300000 -0.000127
9.400000 -0.000174
9.500000 -0.000071
9.600000 -0.000102
9.700000 0.000012
9.800000 -0.000026
9.900000 0.000071
10.000000 0.000002
10.100000 0.000068
10.200000 -0.000033
10.300000 0.000016
10.400000 -0.000091
10.500000 -0.000030
10.600000 -0.000115
10.700000 -0.000024
10.800000 -0.000082
10.900000 0.000033
11.000000 -0.000017
11.100000 0.000095
11.200000 0.000025
11.300000 0.000109
11.400000 0.000004
11.500000 0.000062
11.600000 -0.000061
11.700000 -0.000003
11.800000 -0.000113
11.900000 -0.000027
12.000000 -0.000108
12.100000 0.000011
12.200000 -0.000050
12.300000 0.000080
12.400000 0.000012
12.500000 0.000123
12.600000 0.000023
12.700000 0.000103
12.800000 -0.000028
12.900000 0.000036
13.000000 -0.000100
13.100000 -0.000020
13.200000 -0.000131
13.300000 -0.000015
13.400000 -0.000096
13.500000 0.000047
13.600000 -0.000026
13.700000 0.000116
13.800000 0.000022
13.900000 0.000136
14.000000 0.000006
14.100000 0.000091
14.200000 -0.000064
14.300000 0.000015
14.400000 -0.000131
14.500000 -0.000025
14.600000 -0.000139
14.700000 0.000005
14.800000 -0.000082
14.900000 0.000080
15.000000 -0.000008
15.100000 0.000141
15.200000 0.000025
15.300000 0.000141
15.400000 -0.000012
15.500000 0.000077
15.600000 -0.000092
15.700000 -0.000000
15.800000 -0.000151
15.900000 -0.000027
16.000000 -0.000140
16.100000 0.000019
16.200000 -0.000069
16.300000 0.000101
16.400000 0.000007
16.500000 0.000155
16.600000 0.000028
16.700000 0.000140
16.800000 -0.000022
16.900000 0.000065
17.000000 -0.000107
17.100000 -0.000013
17.200000 -0.000161
17.300000 -0.000033
17.400000 -0.000140
17.500000 0.000024
17.600000 -0.000060
17.700000 0.000111
17.800000 0.000018
17.900000 0.000163
18.000000 0.000035
18.100000 0.000142
18.200000 -0.000021
18.300000 0.000061
18.400000 -0.000111
18.500000 -0.000021
18.600000 -0.000168
18.700000 -0.000042
18.800000 -0.000147
18.900000 0.000018
19.000000 -0.000062
19.100000 0.000111
19.200000 0.000022
19.300000 0.000170
19.400000 0.000045
19.500000 0.000153
19.600000 -0.000010
19.700000 0.000070
19.800000 -0.000106
19.900000 -0.000020
20.000000 -0.000174
20.100000 -0.000052
20.200000 -0.000163
20.300000 0.000000
20.400000 -0.000079
20.500000 0.000099
20.600000 0.000017
20.700000 0.000173
20.800000 0.000056
20.900000 0.000171
21.000000 0.000014
21.100000 0.000094
21.200000 -0.000083
21.300000 -0.000007
21.400000 -0.000169
21.500000 -0.000064
21.600000 -0.000182
21.700000 -0.000032
21.800000 -0.000110
21.900000 0.000065
22.000000 -0.000003
22.100000 0.000160
22.200000 0.000066
22.300000 0.000187
22.400000 0.000051
22.500000 0.000129
22.600000 -0.000036
22.700000 0.000022
22.800000 -0.000141
22.900000 -0.000066
23.000000 -0.000192
23.100000 -0.000074
23.200000 -0.000150
23.300000 0.000005
23.400000 -0.000043
23.500000 0.000117
23.600000 0.000058
23.700000 0.000186
23.800000 0.000089
23.900000 0.000170
24.000000 0.000032
24.100000 0.000076
24.200000 -0.000079
24.300000 -0.000040
24.400000 -0.000175
24.500000 -0.000103
24.600000 -0.000189
24.700000 -0.000069
24.800000 -0.000110
24.900000 0.000038
25.000000 0.000011
25.100000 0.000149
25.200000 0.000098
25.300000 0.000196
25.400000 0.000101
25.500000 0.000150
25.600000 0.000016
25.700000 0.000035
25.800000 -0.000108
25.900000 -0.000081
26.000000 -0.000193
26.100000 -0.000125
26.200000 -0.000183
26.300000 -0.000067
26.400000 -0.000084
26.500000 0.000054
26.600000 0.000043
26.700000 0.000164
26.800000 0.000125
26.900000 0.000201
27.000000 0.000116
27.100000 0.000141
27.200000 0.000018
27.300000 0.000014
27.400000 -0.000115
27.500000 -0.000108
27.600000 -0.000200
27.700000 -0.000149
27.800000 -0.000184
27.900000 -0.000086
28.000000 -0.000078
28.100000 0.000041
28.200000 0.000057
28.300000 0.000161
28.400000 0.000151
28.500000 0.000208
28.600000 0.000151
28.700000 0.000152
28.800000 0.000052
28.900000 0.000018
29.000000 -0.000091
29.100000 -0.000121
29.200000 -0.000197
29.300000 -0.000188
29.400000 -0.000212
29.500000 -0.000160
29.600000 -0.000143
29.700000 -0.000072
29.800000 -0.000047
29.900000 0.000006
