-30.000000 0.000001
-29.900000 0.000002
-29.800000 0.000001
-29.700000 0.000000
-29.600000 -0.000002
-29.500000 -0.000001
-29.400000 -0.000001
-29.300000 0.000002
-29.200000 0.000001
-29.100000 0.000002
-29.000000 -0.000001
-28.900000 -0.000001
-28.800000 -0.000003
-28.700000 -0.000000
-28.600000 -0.000000
-28.500000 0.000003
-28.400000 0.000002
-28.300000 0.000001
-28.200000 -0.000002
-28.100000 -0.000002
-28.000000 -0.000002
-27.900000 -0.000000
-27.800000 0.000002
-27.700000 0.000003
-27.600000 0.000002
-27.500000 -0.000001
-27.400000 -0.000002
-27.300000 -0.000004
-27.200000 -0.000001
-27.100000 0.000000
-27.000000 0.000004
-26.900000 0.000003
-26.800000 0.000002
-26.700000 -0.000002
-26.600000 -0.000003
-26.500000 -0.000004
-26.400000 -0.000001
-26.300000 0.000001
-26.200000 0.000004
-26.100000 0.000003
-26.000000 0.000001
-25.900000 -0.000002
-25.800000 -0.000004
-25.700000 -0.000004
-25.600000 -0.000001
-25.500000 0.000003
-25.400000 0.000005
-25.300000 0.000005
-25.200000 0.000001
-25.100000 -0.000002
-25.000000 -0.000006
-24.900000 -0.000004
-24.800000 -0.000002
-24.700000 0.000004
-24.600000 0.000005
-24.500000 0.000006
-24.400000 0.000001
-24.300000 -0.000003
-24.200000 -0.000007
-24.100000 -0.000006
-24.000000 -0.000003
-23.900000 0.000003
-23.800000 0.000007
-23.700000 0.000007
-23.600000 0.000004
-23.500000 -0.000002
-23.400000 -0.000007
-23.300000 -0.000009
-23.200000 -0.000005
-23.100000 0.000000
-23.000000 0.000007
-22.900000 0.000009
-22.800000 0.000008
-22.700000 0.000001
-22.600000 -0.000005
-22.500000 -0.000010
-22.400000 -0.000009
-22.300000 -0.000004
-22.200000 0.000004
-22.100000 0.000010
-22.000000 0.000011
-21.900000 0.000007
-21.800000 -0.000001
-21.700000 -0.000009
-21.600000 -0.000013
-21.500000 -0.000010
-21.400000 -0.000003
-21.300000 0.000007
-21.200000 0.000013
-21.100000 0.000014
-21.000000 0.000007
-20.900000 -0.000002
-20.800000 -0.000012
-20.700000 -0.000016
-20.600000 -0.000013
-20.500000 -0.000004
-20.400000 0.000008
-20.300000 0.000016
-20.200000 0.000018
-20.100000 0.000011
-20.000000 -0.000000
-19.900000 -0.000013
-19.800000 -0.000019
-19.700000 -0.000018
-19.600000 -0.000008
-19.500000 0.000005
-19.400000 0.000017
-19.300000 0.000022
-19.200000 0.000018
-19.100000 0.000006
-19.000000 -0.000009
-18.900000 -0.000021
-18.800000 -0.000025
-18.700000 -0.000018
-18.600000 -0.000004
-18.500000 0.000013
-18.400000 0.000025
-18.300000 0.000028
-18.200000 0.000019
-18.100000 0.000003
-18.000000 -0.000016
-17.900000 -0.000029
-17.800000 -0.000031
-17.700000 -0.000021
-17.600000 -0.000002
-17.500000 0.000018
-17.400000 0.000033
-17.300000 0.000035
-17.200000 0.000025
-17.100000 0.000004
-17.000000 -0.000018
-16.900000 -0.000036
-16.800000 -0.000040
-16.700000 -0.000031
-16.600000 -0.000009
-16.500000 0.000016
-16.400000 0.000038
-16.300000 0.000046
-16.200000 0.000039
-16.100000 0.000017
-16.000000 -0.000011
-15.900000 -0.000037
-15.800000 -0.000051
-15.700000 -0.000049
-15.600000 -0.000030
-15.500000 0.000000
-15.400000 0.000031
-15.300000 0.000054
-15.200000 0.000059
-15.100000 0.000046
-15.000000 0.000017
-14.900000 -0.000019
-14.800000 -0.000050
-14.700000 -0.000067
-14.600000 -0.000063
-14.500000 -0.000040
-14.400000 -0.000003
-14.300000 0.000036
-14.200000 0.000067
-14.100000 0.000078
-14.000000 0.000067
-13.900000 0.000035
-13.800000 -0.000008
-13.700000 -0.000052
-13.600000 -0.000081
-13.500000 -0.000090
-13.400000 -0.000072
-13.300000 -0.000034
-13.200000 0.000016
-13.100000 0.000063
-13.000000 0.000096
-12.900000 0.000103
-12.800000 0.000083
-12.700000 0.000040
-12.600000 -0.000016
-12.500000 -0.000070
-12.400000 -0.000109
-12.300000 -0.000120
-12.200000 -0.000102
-12.100000 -0.000056
-12.000000 0.000005
-11.900000 0.000068
-11.800000 0.000117
-11.700000 0.000140
-11.600000 0.000129
-11.500000 0.000087
-11.400000 0.000023
-11.300000 -0.000051
-11.200000 -0.000115
-11.100000 -0.000156
-11.000000 -0.000163
-10.900000 -0.000133
-10.800000 -0.000072
-10.700000 0.000007
-10.600000 0.000089
-10.500000 0.000155
-10.400000 0.000191
-10.300000 0.000187
-10.200000 0.000144
-10.100000 0.000069
-10.000000 -0.000023
-9.900000 -0.000115
-9.800000 -0.000188
-9.700000 -0.000227
-9.600000 -0.000223
-9.500000 -0.000175
-9.400000 -0.000091
-9.300000 0.000014
-9.200000 0.000120
-9.100000 0.000210
-9.000000 0.000264
-8.900000 0.000274
-8.800000 0.000234
-8.700000 0.000152
-8.600000 0.000039
-8.500000 -0.000085
-8.400000 -0.000201
-8.300000 -0.000288
-8.200000 -0.000331
-8.100000 -0.000322
-8.000000 -0.000261
-7.900000 -0.000156
-7.800000 -0.000022
-7.700000 0.000121
-7.600000 0.000252
-7.500000 0.000351
-7.400000 0.000403
-7.300000 0.000397
-7.200000 0.000335
-7.100000 0.000222
-7.000000 0.000074
-6.900000 -0.000091
-6.800000 -0.000252
-6.700000 -0.000386
-6.600000 -0.000477
-6.500000 -0.000511
-6.400000 -0.000483
-6.300000 -0.000396
-6.200000 -0.000258
-6.100000 -0.000085
-6.000000 0.000104
-5.900000 0.000287
-5.800000 0.000443
-5.700000 0.000555
-5.600000 0.000608
-5.500000 0.000597
-5.400000 0.000519
-5.300000 0.000380
-5.200000 0.000193
-5.100000 -0.000028
-5.000000 -0.000264
-4.900000 -0.000496
-4.800000 -0.000705
-4.700000 -0.000877
-4.600000 -0.001000
-4.500000 -0.001068
-4.400000 -0.001080
-4.300000 -0.001041
-4.200000 -0.000961
-4.100000 -0.000856
-4.000000 -0.000741
-3.900000 -0.000639
-3.800000 -0.000571
-3.700000 -0.000558
-3.600000 -0.000624
-3.500000 -0.000788
-3.400000 -0.001072
-3.300000 -0.001495
-3.200000 -0.002077
-3.100000 -0.002840
-3.000000 -0.003808
-2.900000 -0.005009
-2.800000 -0.006476
-2.700000 -0.008254
-2.600000 -0.010396
-2.500000 -0.012971
-2.400000 -0.016064
-2.300000 -0.019782
-2.200000 -0.024260
-2.100000 -0.029660
-2.000000 -0.036182
-1.900000 -0.044071
-1.800000 -0.053619
-1.700000 -0.065181
-1.600000 -0.079178
-1.500000 -0.096111
-1.400000 -0.116571
-1.300000 -0.141247
-1.200000 -0.170936
-1.100000 -0.206550
-1.000000 -0.249107
-0.900000 -0.299729
-0.800000 -0.359602
-0.700000 -0.429935
-0.600000 -0.511870
-0.500000 -0.606370
-0.400000 -0.714042
-0.300000 -0.834932
-0.200000 -0.968265
-0.100000 -1.112176
0.000000 -1.263456
0.100000 -1.417397
0.200000 -1.567800
0.300000 -1.707232
0.400000 -1.827591
0.500000 -1.920938
0.600000 -1.980517
0.700000 -2.001742
0.800000 -1.982928
0.900000 -1.925571
1.000000 -1.834101
1.100000 -1.715172
1.200000 -1.576677
1.300000 -1.426737
1.400000 -1.272839
1.500000 -1.121268
1.600000 -0.976821
1.700000 -0.842792
1.800000 -0.721120
1.900000 -0.612635
2.000000 -0.517335
2.100000 -0.434637
2.200000 -0.363598
2.300000 -0.303080
2.400000 -0.251881
2.500000 -0.208811
2.600000 -0.172747
2.700000 -0.142668
2.800000 -0.117658
2.900000 -0.096919
3.000000 -0.079757
3.100000 -0.065582
3.200000 -0.053890
3.300000 -0.044257
3.400000 -0.036330
3.500000 -0.029811
3.600000 -0.024454
3.700000 -0.020054
3.800000 -0.016442
3.900000 -0.013479
4.000000 -0.011047
4.100000 -0.009053
4.200000 -0.007418
4.300000 -0.006078
4.400000 -0.004979
4.500000 -0.004079
4.600000 -0.003341
4.700000 -0.002737
4.800000 -0.002242
4.900000 -0.001836
5.000000 -0.001504
5.100000 -0.001231
5.200000 -0.001008
5.300000 -0.000826
5.400000 -0.000676
5.500000 -0.000554
5.600000 -0.000453
5.700000 -0.000371
5.800000 -0.000304
5.900000 -0.000249
6.000000 -0.000204
6.100000 -0.000167
6.200000 -0.000137
6.300000 -0.000112
6.400000 -0.000092
6.500000 -0.000075
6.600000 -0.000061
6.700000 -0.000050
6.800000 -0.000041
6.900000 -0.000034
7.000000 -0.000028
7.100000 -0.000023
7.200000 -0.000018
7.300000 -0.000015
7.400000 -0.000012
7.500000 -0.000010
7.600000 -0.000008
7.700000 -0.000007
7.800000 -0.000006
7.900000 -0.000005
8.000000 -0.000004
8.100000 -0.000003
8.200000 -0.000003
8.300000 -0.000002
8.400000 -0.000002
8.500000 -0.000001
8.600000 -0.000001
8.700000 -0.000001
8.800000 -0.000001
8.900000 -0.000001
9.000000 -0.000001
9.100000 -0.000000
9.200000 -0.000000
9.300000 -0.000000
9.400000 -0.000000
9.500000 -0.000000
9.600000 -0.000000
9.700000 -0.000000
9.800000 -0.000000
9.900000 -0.000000
10.000000 -0.000000
10.100000 -0.000000
10.200000 -0.000000
10.300000 -0.000000
10.400000 -0.000000
10.500000 -0.000000
10.600000 -0.000000
10.700000 -0.000000
10.800000 0.000000
10.900000 0.000000
11.000000 0.000000
11.100000 0.000000
11.200000 0.000000
11.300000 -0.000000
11.400000 -0.000000
11.500000 -0.000000
11.600000 -0.000000
11.700000 -0.000000
11.800000 -0.000000
11.900000 -0.000000
12.000000 0.000000
12.100000 0.000000
12.200000 0.000000
12.300000 0.000000
12.400000 0.000000
12.500000 0.000000
12.600000 -0.000000
12.700000 -0.000000
12.800000 -0.000000
12.900000 -0.000000
13.000000 -0.000000
13.100000 -0.000000
13.200000 0.000000
13.300000 0.000000
13.400000 0.000000
13.500000 0.000000
13.600000 0.000000
13.700000 0.000000
13.800000 -0.000000
13.900000 -0.000000
14.000000 -0.000000
14.100000 -0.000000
14.200000 -0.000000
14.300000 -0.000000
14.400000 0.000000
14.500000 0.000000
14.600000 0.000000
14.700000 0.000000
14.800000 0.000000
14.900000 0.000000
15.000000 -0.000000
15.100000 -0.000000
15.200000 -0.000000
15.300000 -0.000000
15.400000 -0.000000
15.500000 0.000000
15.600000 0.000000
15.700000 0.000000
15.800000 0.000000
15.900000 0.000000
16.000000 0.000000
16.100000 -0.000000
16.200000 -0.000000
16.300000 -0.000000
16.400000 -0.000000
16.500000 -0.000000
16.600000 0.000000
16.700000 0.000000
16.800000 0.000000
16.900000 0.000000
17.000000 0.000000
17.100000 -0.000000
17.200000 -0.000000
17.300000 -0.000000
17.400000 -0.000000
17.500000 -0.000000
17.600000 0.000000
17.700000 0.000000
17.800000 0.000000
17.900000 0.000000
18.000000 0.000000
18.100000 -0.000000
18.200000 -0.000000
18.300000 -0.000000
18.400000 -0.000000
18.500000 -0.000000
18.600000 0.000000
18.700000 0.000000
18.800000 0.000000
18.900000 0.000000
19.000000 0.000000
19.100000 -0.000000
19.200000 -0.000000
19.300000 -0.000000
19.400000 -0.000000
19.500000 -0.000000
19.600000 0.000000
19.700000 0.000000
19.800000 0.000000
19.900000 0.000000
20.000000 -0.000000
20.100000 -0.000000
20.200000 -0.000000
20.300000 -0.000000
20.400000 -0.000000
20.500000 0.000000
20.600000 0.000000
20.700000 0.000000
20.800000 0.000000
20.900000 0.000000
21.000000 -0.000000
21.100000 -0.000000
21.200000 -0.000000
21.300000 -0.000000
21.400000 0.000000
21.500000 0.000000
21.600000 0.000000
21.700000 0.000000
21.800000 -0.000000
21.900000 -0.000000
22.000000 -0.000000
22.100000 -0.000000
22.200000 -0.000000
22.300000 0.000000
22.400000 0.000000
22.500000 0.000000
22.600000 0.000000
22.700000 -0.000000
22.800000 -0.000000
22.900000 -0.000000
23.000000 -0.000000
23.100000 0.000000
23.200000 0.000000
23.300000 0.000000
23.400000 0.000000
23.500000 0.000000
23.600000 -0.000000
23.700000 -0.000000
23.800000 -0.000000
23.900000 -0.000000
24.000000 0.000000
24.100000 0.000000
24.200000 0.000000
24.300000 0.000000
24.400000 -0.000000
24.500000 -0.000000
24.600000 -0.000000
24.700000 -0.000000
24.800000 0.000000
24.900000 0.000000
25.000000 0.000000
25.100000 0.000000
25.200000 -0.000000
25.300000 -0.000000
25.400000 -0.000000
25.500000 -0.000000
25.600000 0.000000
25.700000 0.000000
25.800000 0.000000
25.900000 0.000000
26.000000 -0.000000
26.100000 -0.000000
26.200000 -0.000000
26.300000 -0.000000
26.400000 0.000000
26.500000 0.000000
26.600000 0.000000
26.700000 -0.000000
26.800000 -0.000000
26.900000 -0.000000
27.000000 -0.000000
27.100000 -0.000000
27.200000 0.000000
27.300000 0.000000
27.400000 0.000000
27.500000 0.000000
27.600000 -0.000000
27.700000 -0.000000
27.800000 -0.000000
27.900000 0.000000
28.000000 0.000000
28.100000 0.000000
28.200000 -0.000000
28.300000 -0.000000
28.400000 -0.000000
28.500000 -0.000000
28.600000 -0.000000
28.700000 0.000000
28.800000 0.000000
28.900000 0.000000
29.000000 -0.000000
29.100000 -0.000000
29.200000 -0.000000
29.300000 -0.000000
29.400000 0.000000
29.500000 0.000000
29.600000 0.000000
29.700000 -0.000000
29.800000 -0.000000
29.900000 -0.000000
