-30.000000 0.000020
-29.900000 0.000065
-29.800000 0.000108
-29.700000 0.000162
-29.600000 0.000188
-29.500000 0.000211
-29.400000 0.000186
-29.300000 0.000161
-29.200000 0.000086
-29.100000 0.000031
-29.000000 -0.000061
-28.900000 -0.000108
-28.800000 -0.000180
-28.700000 -0.000184
-28.600000 -0.000209
-28.500000 -0.000153
-28.400000 -0.000130
-28.300000 -0.000029
-28.200000 0.000017
-28.100000 0.000124
-28.000000 0.000147
-27.900000 0.000220
-27.800000 0.000188
-27.700000 0.000208
-27.600000 0.000118
-27.500000 0.000097
-27.400000 -0.000026
-27.300000 -0.000055
-27.200000 -0.000174
-27.100000 -0.000171
-27.000000 -0.000248
-26.900000 -0.000186
-26.800000 -0.000206
-26.700000 -0.000087
-26.600000 -0.000069
-26.500000 0.000074
-26.400000 0.000088
-26.300000 0.000213
-26.200000 0.000187
-26.100000 0.000264
-26.000000 0.000178
-25.900000 0.000202
-25.800000 0.000063
-25.700000 0.000052
-25.600000 -0.000106
-25.500000 -0.000110
-25.400000 -0.000245
-25.300000 -0.000201
-25.200000 -0.000281
-25.100000 -0.000175
-25.000000 -0.000201
-24.900000 -0.000047
-24.800000 -0.000044
-24.700000 0.000126
-24.600000 0.000119
-24.500000 0.000264
-24.400000 0.000211
-24.300000 0.000301
-24.200000 0.000183
-24.100000 0.000215
-24.000000 0.000046
-23.900000 0.000048
-23.800000 -0.000135
-23.700000 -0.000120
-23.600000 -0.000276
-23.500000 -0.000215
-23.400000 -0.000319
-23.300000 -0.000196
-23.200000 -0.000242
-23.100000 -0.000065
-23.000000 -0.000075
-22.900000 0.000124
-22.800000 0.000108
-22.700000 0.000282
-22.600000 0.000221
-22.500000 0.000340
-22.400000 0.000216
-22.300000 0.000277
-22.200000 0.000097
-22.100000 0.000119
-22.000000 -0.000087
-21.900000 -0.000072
-21.800000 -0.000265
-21.700000 -0.000215
-21.600000 -0.000359
-21.500000 -0.000246
-21.400000 -0.000324
-21.300000 -0.000150
-21.200000 -0.000179
-21.100000 0.000030
-21.000000 0.000016
-20.900000 0.000221
-20.800000 0.000185
-20.700000 0.000353
-20.600000 0.000265
-20.500000 0.000372
-20.400000 0.000218
-20.300000 0.000263
-20.200000 0.000059
-20.100000 0.000070
-20.000000 -0.000148
-19.900000 -0.000128
-19.800000 -0.000319
-19.700000 -0.000256
-19.600000 -0.000395
-19.500000 -0.000273
-19.400000 -0.000350
-19.300000 -0.000168
-19.200000 -0.000194
-19.100000 0.000026
-19.000000 0.000020
-18.900000 0.000237
-18.800000 0.000207
-18.700000 0.000382
-18.600000 0.000298
-18.500000 0.000412
-18.400000 0.000266
-18.300000 0.000321
-18.200000 0.000125
-18.100000 0.000138
-18.000000 -0.000084
-17.900000 -0.000081
-17.800000 -0.000291
-17.700000 -0.000259
-17.600000 -0.000420
-17.500000 -0.000329
-17.400000 -0.000423
-17.300000 -0.000270
-17.200000 -0.000306
-17.100000 -0.000108
-17.000000 -0.000110
-16.900000 0.000106
-16.800000 0.000110
-16.700000 0.000311
-16.600000 0.000287
-16.500000 0.000439
-16.400000 0.000358
-16.300000 0.000443
-16.200000 0.000298
-16.100000 0.000322
-16.000000 0.000131
-15.900000 0.000120
-15.800000 -0.000086
-15.700000 -0.000103
-15.600000 -0.000296
-15.500000 -0.000289
-15.400000 -0.000441
-15.300000 -0.000384
-15.200000 -0.000472
-15.100000 -0.000351
-15.000000 -0.000374
-14.900000 -0.000201
-14.800000 -0.000181
-14.700000 0.000015
-14.600000 0.000046
-14.500000 0.000235
-14.400000 0.000252
-14.300000 0.000410
-14.200000 0.000388
-14.100000 0.000491
-14.000000 0.000413
-13.900000 0.000450
-13.800000 0.000313
-13.700000 0.000294
-13.600000 0.000120
-13.500000 0.000074
-13.400000 -0.000107
-13.300000 -0.000153
-13.200000 -0.000315
-13.100000 -0.000339
-13.000000 -0.000461
-12.900000 -0.000442
-12.800000 -0.000507
-12.700000 -0.000432
-12.600000 -0.000433
-12.500000 -0.000306
-12.400000 -0.000258
-12.300000 -0.000103
-12.200000 -0.000034
-12.100000 0.000123
-12.000000 0.000189
-11.900000 0.000326
-11.800000 0.000371
-11.700000 0.000471
-11.600000 0.000475
-11.500000 0.000520
-11.400000 0.000471
-11.300000 0.000455
-11.200000 0.000357
-11.100000 0.000296
-11.000000 0.000169
-10.900000 0.000085
-10.800000 -0.000047
-10.700000 -0.000135
-10.600000 -0.000257
-10.500000 -0.000334
-10.400000 -0.000428
-10.300000 -0.000473
-10.200000 -0.000519
-10.100000 -0.000516
-10.000000 -0.000506
-9.900000 -0.000457
-9.800000 -0.000400
-9.700000 -0.000320
-9.600000 -0.000233
-9.500000 -0.000137
-9.400000 -0.000031
-9.300000 0.000071
-9.200000 0.000182
-9.100000 0.000273
-9.000000 0.000370
-8.900000 0.000428
-8.800000 0.000491
-8.700000 0.000503
-8.600000 0.000527
-8.500000 0.000495
-8.400000 0.000489
-8.300000 0.000422
-8.200000 0.000391
-8.100000 0.000293
-8.000000 0.000239
-7.900000 0.000115
-7.800000 0.000049
-7.700000 -0.000083
-7.600000 -0.000140
-7.500000 -0.000260
-7.400000 -0.000293
-7.300000 -0.000392
-7.200000 -0.000398
-7.100000 -0.000478
-7.000000 -0.000457
-6.900000 -0.000516
-6.800000 -0.000466
-6.700000 -0.000497
-6.600000 -0.000411
-6.500000 -0.000416
-6.400000 -0.000304
-6.300000 -0.000296
-6.200000 -0.000174
-6.100000 -0.000168
-6.000000 -0.000044
-5.900000 -0.000042
-5.800000 0.000085
-5.700000 0.000083
-5.600000 0.000210
-5.500000 0.000196
-5.400000 0.000311
-5.300000 0.000274
-5.200000 0.000368
-5.100000 0.000307
-5.000000 0.000388
-4.900000 0.000314
-4.800000 0.000391
-4.700000 0.000309
-4.600000 0.000382
-4.500000 0.000288
-4.400000 0.000351
-4.300000 0.000243
-4.200000 0.000301
-4.100000 0.000189
-4.000000 0.000254
-3.900000 0.000150
-3.800000 0.000229
-3.700000 0.000132
-3.600000 0.000217
-3.500000 0.000119
-3.400000 0.000204
-3.300000 0.000103
-3.200000 0.000192
-3.100000 0.000097
-3.000000 0.000198
-2.900000 0.000110
-2.800000 0.000216
-2.700000 0.000123
-2.600000 0.000218
-2.500000 0.000105
-2.400000 0.000181
-2.300000 0.000044
-2.200000 0.000100
-2.100000 -0.000060
-2.000000 -0.000032
-1.900000 -0.000233
-1.800000 -0.000258
-1.700000 -0.000532
-1.600000 -0.000646
-1.500000 -0.001029
-1.400000 -0.001268
-1.300000 -0.001796
-1.200000 -0.002204
-1.100000 -0.002938
-1.000000 -0.003596
-0.900000 -0.004642
-0.800000 -0.005686
-0.700000 -0.007204
-0.600000 -0.008820
-0.500000 -0.011031
-0.400000 -0.013482
-0.300000 -0.016701
-0.200000 -0.020375
-0.100000 -0.025080
0.000000 -0.030564
0.100000 -0.037473
0.200000 -0.045634
0.300000 -0.055783
0.400000 -0.067858
0.500000 -0.082720
0.600000 -0.100457
0.700000 -0.122101
0.800000 -0.147940
0.900000 -0.179217
1.000000 -0.216451
1.100000 -0.261102
1.200000 -0.313894
1.300000 -0.376433
1.400000 -0.449502
1.500000 -0.534614
1.600000 -0.632245
1.700000 -0.743289
1.800000 -0.867207
1.900000 -1.003386
2.000000 -1.149255
2.100000 -1.301650
2.200000 -1.455097
2.300000 -1.603459
2.400000 -1.738694
2.500000 -1.853052
2.600000 -1.938418
2.700000 -1.988883
2.800000 -2.000155
2.900000 -1.971708
3.000000 -1.905435
3.100000 -1.806745
3.200000 -1.682315
3.300000 -1.540521
3.400000 -1.389027
3.500000 -1.235400
3.600000 -1.085226
3.700000 -0.943263
3.800000 -0.812126
3.900000 -0.693786
4.000000 -0.588528
4.100000 -0.496496
4.200000 -0.416694
4.300000 -0.348417
4.400000 -0.290207
4.500000 -0.241151
4.600000 -0.199791
4.700000 -0.165314
4.800000 -0.136454
4.900000 -0.112596
5.000000 -0.092706
5.100000 -0.076370
5.200000 -0.062766
5.300000 -0.051653
5.400000 -0.042383
5.500000 -0.034851
5.600000 -0.028550
5.700000 -0.023468
5.800000 -0.019200
5.900000 -0.015794
6.000000 -0.012915
6.100000 -0.010644
6.200000 -0.008698
6.300000 -0.007179
6.400000 -0.005851
6.500000 -0.004827
6.600000 -0.003913
6.700000 -0.003228
6.800000 -0.002606
6.900000 -0.002163
7.000000 -0.001750
7.100000 -0.001470
7.200000 -0.001193
7.300000 -0.001010
7.400000 -0.000810
7.500000 -0.000679
7.600000 -0.000529
7.700000 -0.000437
7.800000 -0.000333
7.900000 -0.000281
8.000000 -0.000223
8.100000 -0.000201
8.200000 -0.000170
8.300000 -0.000157
8.400000 -0.000130
8.500000 -0.000107
8.600000 -0.000078
8.700000 -0.000050
8.800000 -0.000031
8.900000 -0.000014
9.000000 -0.000017
9.100000 -0.000015
9.200000 -0.000035
9.300000 -0.000031
9.400000 -0.000047
9.500000 -0.000026
9.600000 -0.000031
9.700000 0.000006
9.800000 -0.000000
9.900000 0.000032
10.000000 0.000007
10.100000 0.000026
10.200000 -0.000017
10.300000 -0.000001
10.400000 -0.000044
10.500000 -0.000011
10.600000 -0.000039
10.700000 0.000013
10.800000 -0.000010
10.900000 0.000044
11.000000 0.000006
11.100000 0.000046
11.200000 -0.000013
11.300000 0.000018
11.400000 -0.000046
11.500000 -0.000003
11.600000 -0.000054
11.700000 0.000010
11.800000 -0.000029
11.900000 0.000045
12.000000 -0.000002
12.100000 0.000061
12.200000 -0.000008
12.300000 0.000040
12.400000 -0.000043
12.500000 0.000008
12.600000 -0.000066
12.700000 0.000006
12.800000 -0.000051
12.900000 0.000039
13.000000 -0.000017
13.100000 0.000069
13.200000 -0.000005
13.300000 0.000062
13.400000 -0.000033
13.500000 0.000027
13.600000 -0.000068
13.700000 0.000006
13.800000 -0.000072
13.900000 0.000025
14.000000 -0.000040
14.100000 0.000065
14.200000 -0.000009
14.300000 0.000080
14.400000 -0.000018
14.500000 0.000053
14.600000 -0.000057
14.700000 0.000016
14.800000 -0.000084
14.900000 0.000012
15.000000 -0.000067
15.100000 0.000047
15.200000 -0.000026
15.300000 0.000083
15.400000 -0.000008
15.500000 0.000079
15.600000 -0.000034
15.700000 0.000040
15.800000 -0.000077
15.900000 0.000009
16.000000 -0.000089
16.100000 0.000021
16.200000 -0.000056
16.300000 0.000065
16.400000 -0.000015
16.500000 0.000093
16.600000 -0.000011
16.700000 0.000073
16.800000 -0.000049
16.900000 0.000027
17.000000 -0.000089
17.100000 0.000004
17.200000 -0.000087
17.300000 0.000031
17.400000 -0.000044
17.500000 0.000078
17.600000 -0.000005
17.700000 0.000096
17.800000 -0.000013
17.900000 0.000063
18.000000 -0.000059
18.100000 0.000014
18.200000 -0.000095
18.300000 -0.000000
18.400000 -0.000082
18.500000 0.000036
18.600000 -0.000031
18.700000 0.000085
18.800000 0.000005
18.900000 0.000095
19.000000 -0.000011
19.100000 0.000054
19.200000 -0.000063
19.300000 0.000002
19.400000 -0.000097
19.500000 -0.000008
19.600000 -0.000077
19.700000 0.000034
19.800000 -0.000021
19.900000 0.000086
20.000000 0.000016
20.100000 0.000093
20.200000 -0.000004
20.300000 0.000047
20.400000 -0.000060
20.500000 -0.000009
20.600000 -0.000096
20.700000 -0.000020
20.800000 -0.000073
20.900000 0.000025
21.000000 -0.000013
21.100000 0.000081
21.200000 0.000028
21.300000 0.000091
21.400000 0.000010
21.500000 0.000044
21.600000 -0.000049
21.700000 -0.000018
21.800000 -0.000092
21.900000 -0.000036
22.000000 -0.000074
22.100000 0.000007
22.200000 -0.000010
22.300000 0.000070
22.400000 0.000041
22.500000 0.000091
22.600000 0.000033
22.700000 0.000047
22.800000 -0.000028
22.900000 -0.000022
23.000000 -0.000083
23.100000 -0.000055
23.200000 -0.000078
23.300000 -0.000021
23.400000 -0.000016
23.500000 0.000048
23.600000 0.000050
23.700000 0.000087
23.800000 0.000060
23.900000 0.000058
24.000000 0.000006
24.100000 -0.000016
24.200000 -0.000063
24.300000 -0.000070
24.400000 -0.000083
24.500000 -0.000057
24.600000 -0.000033
24.700000 0.000011
24.800000 0.000045
24.900000 0.000074
25.000000 0.000085
25.100000 0.000073
25.200000 0.000050
25.300000 0.000006
25.400000 -0.000027
25.500000 -0.000071
25.600000 -0.000079
25.700000 -0.000093
25.800000 -0.000058
25.900000 -0.000041
26.000000 0.000021
26.100000 0.000040
26.200000 0.000093
26.300000 0.000079
26.400000 0.000098
26.500000 0.000041
26.600000 0.000032
26.700000 -0.000046
26.800000 -0.000050
26.900000 -0.000111
27.000000 -0.000077
27.100000 -0.000100
27.200000 -0.000025
27.300000 -0.000023
27.400000 0.000067
27.500000 0.000058
27.600000 0.000125
27.700000 0.000074
27.800000 0.000102
27.900000 0.000010
28.000000 0.000016
28.100000 -0.000086
28.200000 -0.000063
28.300000 -0.000138
28.400000 -0.000070
28.500000 -0.000105
28.600000 0.000002
28.700000 -0.000012
28.800000 0.000101
28.900000 0.000066
29.000000 0.000147
29.100000 0.000066
29.200000 0.000104
29.300000 -0.000017
29.400000 0.000000
29.500000 -0.000126
29.600000 -0.000089
29.700000 -0.000182
29.800000 -0.000096
29.900000 -0.000139
