-30.000000 0.000172
-29.900000 0.000140
-29.800000 0.000265
-29.700000 0.000182
-29.600000 0.000248
-29.500000 0.000113
-29.400000 0.000132
-29.300000 -0.000030
-29.200000 -0.000022
-29.100000 -0.000170
-29.000000 -0.000136
-28.900000 -0.000238
-28.800000 -0.000153
-28.700000 -0.000198
-28.600000 -0.000064
-28.500000 -0.000067
-28.400000 0.000086
-28.300000 0.000085
-28.200000 0.000212
-28.100000 0.000172
-28.000000 0.000244
-27.900000 0.000150
-27.800000 0.000166
-27.700000 0.000032
-27.600000 0.000019
-27.500000 -0.000122
-27.400000 -0.000126
-27.300000 -0.000234
-27.200000 -0.000195
-27.100000 -0.000243
-27.000000 -0.000148
-26.900000 -0.000139
-26.800000 -0.000008
-26.700000 0.000024
-26.600000 0.000150
-26.500000 0.000162
-26.400000 0.000246
-26.300000 0.000211
-26.200000 0.000235
-26.100000 0.000148
-26.000000 0.000119
-25.900000 -0.000001
-25.800000 -0.000052
-25.700000 -0.000164
-25.600000 -0.000193
-25.500000 -0.000257
-25.400000 -0.000232
-25.300000 -0.000232
-25.200000 -0.000154
-25.100000 -0.000104
-25.000000 0.000001
-24.900000 0.000068
-24.800000 0.000164
-24.700000 0.000210
-24.600000 0.000261
-24.500000 0.000255
-24.400000 0.000241
-24.300000 0.000177
-24.200000 0.000108
-24.100000 0.000013
-24.000000 -0.000074
-23.900000 -0.000159
-23.800000 -0.000222
-23.700000 -0.000261
-23.600000 -0.000274
-23.500000 -0.000252
-23.400000 -0.000209
-23.300000 -0.000131
-23.200000 -0.000050
-23.100000 0.000055
-23.000000 0.000135
-22.900000 0.000224
-22.800000 0.000261
-22.700000 0.000298
-22.600000 0.000270
-22.500000 0.000249
-22.400000 0.000163
-22.300000 0.000102
-22.200000 -0.000016
-22.100000 -0.000085
-22.000000 -0.000200
-21.900000 -0.000239
-21.800000 -0.000314
-21.700000 -0.000292
-21.600000 -0.000305
-21.500000 -0.000215
-21.400000 -0.000176
-21.300000 -0.000042
-21.200000 0.000015
-21.100000 0.000155
-21.000000 0.000192
-20.900000 0.000302
-20.800000 0.000290
-20.700000 0.000348
-20.600000 0.000271
-20.500000 0.000269
-20.400000 0.000132
-20.300000 0.000091
-20.200000 -0.000073
-20.100000 -0.000114
-20.000000 -0.000262
-19.900000 -0.000263
-19.800000 -0.000364
-19.700000 -0.000305
-19.600000 -0.000349
-19.500000 -0.000228
-19.400000 -0.000221
-19.300000 -0.000054
-19.200000 -0.000020
-19.100000 0.000160
-19.000000 0.000182
-18.900000 0.000334
-18.800000 0.000307
-18.700000 0.000401
-18.600000 0.000307
-18.500000 0.000343
-18.400000 0.000191
-18.300000 0.000184
-18.200000 -0.000002
-18.100000 -0.000025
-18.000000 -0.000215
-17.900000 -0.000221
-17.800000 -0.000379
-17.700000 -0.000332
-17.600000 -0.000431
-17.500000 -0.000315
-17.400000 -0.000352
-17.300000 -0.000179
-17.200000 -0.000176
-17.100000 0.000026
-17.000000 0.000038
-16.900000 0.000240
-16.800000 0.000231
-16.700000 0.000402
-16.600000 0.000345
-16.500000 0.000460
-16.400000 0.000336
-16.300000 0.000388
-16.200000 0.000204
-16.100000 0.000210
-16.000000 -0.000006
-15.900000 -0.000011
-15.800000 -0.000226
-15.700000 -0.000213
-15.600000 -0.000399
-15.500000 -0.000344
-15.400000 -0.000482
-15.300000 -0.000368
-15.200000 -0.000444
-15.100000 -0.000268
-15.000000 -0.000290
-14.900000 -0.000071
-14.800000 -0.000069
-14.700000 0.000159
-14.600000 0.000152
-14.500000 0.000357
-14.400000 0.000317
-14.300000 0.000481
-14.200000 0.000392
-14.100000 0.000502
-14.000000 0.000354
-13.900000 0.000405
-13.800000 0.000203
-13.700000 0.000212
-13.600000 -0.000019
-13.500000 -0.000021
-13.400000 -0.000246
-13.300000 -0.000229
-13.200000 -0.000424
-13.100000 -0.000369
-13.000000 -0.000520
-12.900000 -0.000415
-12.800000 -0.000513
-12.700000 -0.000354
-12.600000 -0.000397
-12.500000 -0.000189
-12.400000 -0.000194
-12.300000 0.000037
-12.200000 0.000038
-12.100000 0.000260
-12.000000 0.000242
-11.900000 0.000435
-11.800000 0.000382
-11.700000 0.000535
-11.600000 0.000439
-11.500000 0.000542
-11.400000 0.000394
-11.300000 0.000443
-11.200000 0.000248
-11.100000 0.000257
-11.000000 0.000038
-10.900000 0.000034
-10.800000 -0.000183
-10.700000 -0.000176
-10.600000 -0.000372
-10.500000 -0.000342
-10.400000 -0.000507
-10.300000 -0.000445
-10.200000 -0.000566
-10.100000 -0.000458
-10.000000 -0.000526
-9.900000 -0.000370
-9.800000 -0.000394
-9.700000 -0.000206
-9.600000 -0.000206
-9.500000 -0.000008
-9.400000 -0.000003
-9.300000 0.000190
-9.200000 0.000190
-9.100000 0.000369
-9.000000 0.000354
-8.900000 0.000504
-8.800000 0.000456
-8.700000 0.000563
-8.600000 0.000471
-8.500000 0.000532
-8.400000 0.000404
-8.300000 0.000431
-8.200000 0.000282
-8.100000 0.000289
-8.000000 0.000128
-7.900000 0.000119
-7.800000 -0.000050
-7.700000 -0.000067
-7.600000 -0.000233
-7.500000 -0.000241
-7.400000 -0.000383
-7.300000 -0.000366
-7.200000 -0.000473
-7.100000 -0.000428
-7.000000 -0.000506
-6.900000 -0.000441
-6.800000 -0.000495
-6.700000 -0.000412
-6.600000 -0.000440
-6.500000 -0.000337
-6.400000 -0.000337
-6.300000 -0.000216
-6.200000 -0.000200
-6.100000 -0.000077
-6.000000 -0.000061
-5.900000 0.000049
-5.800000 0.000058
-5.700000 0.000154
-5.600000 0.000160
-5.500000 0.000248
-5.400000 0.000250
-5.300000 0.000325
-5.200000 0.000315
-5.100000 0.000365
-5.000000 0.000336
-4.900000 0.000363
-4.800000 0.000323
-4.700000 0.000338
-4.600000 0.000300
-4.500000 0.000313
-4.400000 0.000278
-4.300000 0.000285
-4.200000 0.000247
-4.100000 0.000243
-4.000000 0.000203
-3.900000 0.000196
-3.800000 0.000165
-3.700000 0.000166
-3.600000 0.000154
-3.500000 0.000164
-3.400000 0.000163
-3.300000 0.000171
-3.200000 0.000171
-3.100000 0.000171
-3.000000 0.000172
-2.900000 0.000169
-2.800000 0.000178
-2.700000 0.000178
-2.600000 0.000193
-2.500000 0.000183
-2.400000 0.000188
-2.300000 0.000151
-2.200000 0.000129
-2.100000 0.000054
-2.000000 -0.000000
-1.900000 -0.000116
-1.800000 -0.000207
-1.700000 -0.000377
-1.600000 -0.000530
-1.500000 -0.000791
-1.400000 -0.001054
-1.300000 -0.001456
-1.200000 -0.001880
-1.100000 -0.002480
-1.000000 -0.003129
-0.900000 -0.004002
-0.800000 -0.004974
-0.700000 -0.006251
-0.600000 -0.007713
-0.500000 -0.009599
-0.400000 -0.011801
-0.300000 -0.014594
-0.200000 -0.017887
-0.100000 -0.022004
0.000000 -0.026892
0.100000 -0.032948
0.200000 -0.040181
0.300000 -0.049090
0.400000 -0.059774
0.500000 -0.072866
0.600000 -0.088586
0.700000 -0.107735
0.800000 -0.130696
0.900000 -0.158478
1.000000 -0.191669
1.100000 -0.231516
1.200000 -0.278816
1.300000 -0.335021
1.400000 -0.401045
1.500000 -0.478368
1.600000 -0.567732
1.700000 -0.670213
1.800000 -0.785789
1.900000 -0.914357
2.000000 -1.054188
2.100000 -1.202969
2.200000 -1.356269
2.300000 -1.508821
2.400000 -1.653306
2.500000 -1.782169
2.600000 -1.886951
2.700000 -1.960672
2.800000 -1.997416
2.900000 -1.994649
3.000000 -1.952229
3.100000 -1.873850
3.200000 -1.764999
3.300000 -1.633573
3.400000 -1.487318
3.500000 -1.334432
3.600000 -1.181325
3.700000 -1.033784
3.800000 -0.895290
3.900000 -0.768694
4.000000 -0.654840
4.100000 -0.554436
4.200000 -0.466704
4.300000 -0.391236
4.400000 -0.326549
4.500000 -0.271867
4.600000 -0.225570
4.700000 -0.186918
4.800000 -0.154428
4.900000 -0.127561
5.000000 -0.105054
5.100000 -0.086602
5.200000 -0.071153
5.300000 -0.058600
5.400000 -0.048063
5.500000 -0.039586
5.600000 -0.032418
5.700000 -0.026718
5.800000 -0.021832
5.900000 -0.018007
6.000000 -0.014664
6.100000 -0.012112
6.200000 -0.009824
6.300000 -0.008147
6.400000 -0.006583
6.500000 -0.005503
6.600000 -0.004426
6.700000 -0.003738
6.800000 -0.002974
6.900000 -0.002534
7.000000 -0.001973
7.100000 -0.001701
7.200000 -0.001286
7.300000 -0.001140
7.400000 -0.000838
7.500000 -0.000788
7.600000 -0.000564
7.700000 -0.000569
7.800000 -0.000384
7.900000 -0.000411
8.000000 -0.000239
8.100000 -0.000276
8.200000 -0.000121
8.300000 -0.000178
8.400000 -0.000050
8.500000 -0.000134
8.600000 -0.000031
8.700000 -0.000128
8.800000 -0.000031
8.900000 -0.000120
9.000000 -0.000012
9.100000 -0.000086
9.200000 0.000028
9.300000 -0.000045
9.400000 0.000056
9.500000 -0.000034
9.600000 0.000046
9.700000 -0.000055
9.800000 0.000017
9.900000 -0.000076
10.000000 0.000009
10.100000 -0.000064
10.200000 0.000033
10.300000 -0.000029
10.400000 0.000062
10.500000 -0.000010
10.600000 0.000060
10.700000 -0.000028
10.800000 0.000028
10.900000 -0.000059
11.000000 0.000004
11.100000 -0.000064
11.200000 0.000015
11.300000 -0.000034
11.400000 0.000049
11.500000 -0.000002
11.600000 0.000063
11.700000 -0.000005
11.800000 0.000038
11.900000 -0.000038
12.000000 0.000002
12.100000 -0.000060
12.200000 -0.000005
12.300000 -0.000044
12.400000 0.000024
12.500000 -0.000005
12.600000 0.000055
12.700000 0.000013
12.800000 0.000048
12.900000 -0.000009
13.000000 0.000009
13.100000 -0.000045
13.200000 -0.000019
13.300000 -0.000051
13.400000 -0.000006
13.500000 -0.000016
13.600000 0.000032
13.700000 0.000021
13.800000 0.000050
13.900000 0.000021
14.000000 0.000025
14.100000 -0.000015
14.200000 -0.000018
14.300000 -0.000045
14.400000 -0.000033
14.500000 -0.000033
14.600000 -0.000004
14.700000 0.000011
14.800000 0.000035
14.900000 0.000040
15.000000 0.000039
15.100000 0.000024
15.200000 0.000000
15.300000 -0.000019
15.400000 -0.000041
15.500000 -0.000040
15.600000 -0.000041
15.700000 -0.000013
15.800000 -0.000002
15.900000 0.000035
16.000000 0.000034
16.100000 0.000055
16.200000 0.000024
16.300000 0.000026
16.400000 -0.000023
16.500000 -0.000020
16.600000 -0.000060
16.700000 -0.000031
16.800000 -0.000049
16.900000 0.000007
17.000000 -0.000002
17.100000 0.000056
17.200000 0.000029
17.300000 0.000067
17.400000 0.000010
17.500000 0.000029
17.600000 -0.000043
17.700000 -0.000017
17.800000 -0.000076
17.900000 -0.000022
18.000000 -0.000057
18.100000 0.000022
18.200000 -0.000005
18.300000 0.000073
18.400000 0.000025
18.500000 0.000079
18.600000 0.000000
18.700000 0.000035
18.800000 -0.000057
18.900000 -0.000014
19.000000 -0.000090
19.100000 -0.000017
19.200000 -0.000067
19.300000 0.000032
19.400000 -0.000011
19.500000 0.000086
19.600000 0.000022
19.700000 0.000093
19.800000 -0.000004
19.900000 0.000046
20.000000 -0.000065
20.100000 -0.000009
20.200000 -0.000103
20.300000 -0.000016
20.400000 -0.000081
20.500000 0.000033
20.600000 -0.000021
20.700000 0.000093
20.800000 0.000020
20.900000 0.000107
21.000000 0.000000
21.100000 0.000061
21.200000 -0.000063
21.300000 -0.000001
21.400000 -0.000111
21.500000 -0.000021
21.600000 -0.000099
21.700000 0.000023
21.800000 -0.000037
21.900000 0.000091
22.000000 0.000017
22.100000 0.000120
22.200000 0.000012
22.300000 0.000083
22.400000 -0.000050
22.500000 0.000013
22.600000 -0.000112
22.700000 -0.000026
22.800000 -0.000118
22.900000 0.000004
23.000000 -0.000061
23.100000 0.000075
23.200000 0.000008
23.300000 0.000126
23.400000 0.000027
23.500000 0.000109
23.600000 -0.000022
23.700000 0.000038
23.800000 -0.000097
23.900000 -0.000025
24.000000 -0.000132
24.100000 -0.000023
24.200000 -0.000094
24.300000 0.000042
24.400000 -0.000015
24.500000 0.000115
24.600000 0.000037
24.700000 0.000132
24.800000 0.000017
24.900000 0.000076
25.000000 -0.000060
25.100000 -0.000006
25.200000 -0.000127
25.300000 -0.000045
25.400000 -0.000127
25.500000 -0.000008
25.600000 -0.000058
25.700000 0.000075
25.800000 0.000024
25.900000 0.000135
26.000000 0.000052
26.100000 0.000120
26.200000 0.000001
26.300000 0.000040
26.400000 -0.000087
26.500000 -0.000041
26.600000 -0.000139
26.700000 -0.000057
26.800000 -0.000111
26.900000 0.000005
27.000000 -0.000023
27.100000 0.000096
27.200000 0.000056
27.300000 0.000141
27.400000 0.000063
27.500000 0.000103
27.600000 -0.000008
27.700000 0.000009
27.800000 -0.000101
27.900000 -0.000070
28.000000 -0.000142
28.100000 -0.000071
28.200000 -0.000097
28.300000 0.000007
28.400000 0.000003
28.500000 0.000103
28.600000 0.000083
28.700000 0.000144
28.800000 0.000082
28.900000 0.000095
29.000000 0.000001
29.100000 -0.000010
29.200000 -0.000100
29.300000 -0.000095
29.400000 -0.000147
29.500000 -0.000103
29.600000 -0.000111
29.700000 -0.000040
29.800000 -0.000032
29.900000 0.000023
