-30.000000 0.000321
-29.950000 0.000371
-29.900000 0.000719
-29.850000 0.000781
-29.800000 0.001108
-29.750000 0.001128
-29.700000 0.001381
-29.650000 0.001311
-29.600000 0.001450
-29.550000 0.001261
-29.500000 0.001272
-29.450000 0.000965
-29.400000 0.000863
-29.350000 0.000467
-29.300000 0.000294
-29.250000 -0.000138
-29.200000 -0.000322
-29.150000 -0.000728
-29.100000 -0.000860
-29.050000 -0.001177
-29.000000 -0.001202
-28.950000 -0.001387
-28.900000 -0.001273
-28.850000 -0.001308
-28.800000 -0.001054
-28.750000 -0.000953
-28.700000 -0.000588
-28.650000 -0.000393
-28.600000 0.000029
-28.550000 0.000253
-28.500000 0.000664
-28.450000 0.000848
-28.400000 0.001180
-28.350000 0.001264
-28.300000 0.001465
-28.250000 0.001408
-28.200000 0.001453
-28.150000 0.001245
-28.100000 0.001140
-28.050000 0.000803
-28.000000 0.000586
-27.950000 0.000173
-27.900000 -0.000096
-27.850000 -0.000519
-27.800000 -0.000766
-27.750000 -0.001126
-27.700000 -0.001283
-27.650000 -0.001519
-27.600000 -0.001537
-27.550000 -0.001611
-27.500000 -0.001467
-27.450000 -0.001376
-27.400000 -0.001083
-27.350000 -0.000856
-27.300000 -0.000459
-27.250000 -0.000153
-27.200000 0.000280
-27.150000 0.000592
-27.100000 0.000985
-27.050000 0.001227
-27.000000 0.001510
-26.950000 0.001621
-26.900000 0.001745
-26.850000 0.001689
-26.800000 0.001636
-26.750000 0.001412
-26.700000 0.001198
-26.650000 0.000839
-26.600000 0.000511
-26.550000 0.000078
-26.500000 -0.000293
-26.450000 -0.000721
-26.400000 -0.001053
-26.350000 -0.001398
-26.300000 -0.001619
-26.250000 -0.001816
-26.200000 -0.001873
-26.150000 -0.001886
-26.100000 -0.001760
-26.050000 -0.001587
-26.000000 -0.001294
-25.950000 -0.000970
-25.900000 -0.000561
-25.850000 -0.000150
-25.800000 0.000300
-25.750000 0.000718
-25.700000 0.001125
-25.650000 0.001466
-25.600000 0.001753
-25.550000 0.001948
-25.500000 0.002059
-25.450000 0.002066
-25.400000 0.001975
-25.350000 0.001790
-25.300000 0.001511
-25.250000 0.001164
-25.200000 0.000745
-25.150000 0.000300
-25.100000 -0.000182
-25.050000 -0.000641
-25.000000 -0.001099
-24.950000 -0.001483
-24.900000 -0.001832
-24.850000 -0.002065
-24.800000 -0.002239
-24.750000 -0.002271
-24.700000 -0.002239
-24.650000 -0.002056
-24.600000 -0.001823
-24.550000 -0.001451
-24.500000 -0.001062
-24.450000 -0.000560
-24.400000 -0.000088
-24.350000 0.000459
-24.300000 0.000924
-24.250000 0.001423
-24.200000 0.001789
-24.150000 0.002155
-24.100000 0.002346
-24.050000 0.002516
-24.000000 0.002486
-23.950000 0.002433
-23.900000 0.002175
-23.850000 0.001912
-23.800000 0.001459
-23.750000 0.001037
-23.700000 0.000458
-23.650000 -0.000040
-23.600000 -0.000655
-23.550000 -0.001132
-23.500000 -0.001683
-23.450000 -0.002045
-23.400000 -0.002445
-23.350000 -0.002614
-23.300000 -0.002800
-23.250000 -0.002732
-23.200000 -0.002679
-23.150000 -0.002368
-23.100000 -0.002092
-23.050000 -0.001575
-23.000000 -0.001131
-22.950000 -0.000481
-22.900000 0.000044
-22.850000 0.000732
-22.800000 0.001236
-22.750000 0.001857
-22.700000 0.002238
-22.650000 0.002699
-22.600000 0.002876
-22.550000 0.003108
-22.500000 0.003031
-22.450000 0.003007
-22.400000 0.002669
-22.350000 0.002403
-22.300000 0.001840
-22.250000 0.001387
-22.200000 0.000672
-22.150000 0.000121
-22.100000 -0.000646
-22.050000 -0.001190
-22.000000 -0.001901
-21.950000 -0.002329
-21.900000 -0.002883
-21.850000 -0.003105
-21.800000 -0.003424
-21.750000 -0.003380
-21.700000 -0.003426
-21.650000 -0.003099
-21.600000 -0.002876
-21.550000 -0.002295
-21.500000 -0.001853
-21.450000 -0.001087
-21.400000 -0.000513
-21.350000 0.000339
-21.300000 0.000935
-21.250000 0.001756
-21.200000 0.002259
-21.150000 0.002940
-21.100000 0.003248
-21.050000 0.003698
-21.000000 0.003737
-20.950000 0.003902
-20.900000 0.003638
-20.850000 0.003508
-20.800000 0.002954
-20.750000 0.002564
-20.700000 0.001779
-20.650000 0.001205
-20.600000 0.000282
-20.550000 -0.000366
-20.500000 -0.001311
-20.450000 -0.001913
-20.400000 -0.002756
-20.350000 -0.003194
-20.300000 -0.003829
-20.250000 -0.004009
-20.200000 -0.004356
-20.150000 -0.004221
-20.100000 -0.004248
-20.050000 -0.003787
-20.000000 -0.003507
-19.950000 -0.002758
-19.900000 -0.002232
-19.850000 -0.001276
-19.800000 -0.000601
-19.750000 0.000449
-19.700000 0.001150
-19.650000 0.002168
-19.600000 0.002767
-19.550000 0.003628
-19.500000 0.004008
-19.450000 0.004609
-19.400000 0.004683
-19.350000 0.004956
-19.300000 0.004681
-19.250000 0.004606
-19.200000 0.003986
-19.150000 0.003593
-19.100000 0.002683
-19.050000 0.002048
-19.000000 0.000945
-18.950000 0.000183
-18.900000 -0.000989
-18.850000 -0.001746
-18.800000 -0.002850
-18.750000 -0.003467
-18.700000 -0.004374
-18.650000 -0.004734
-18.600000 -0.005342
-18.550000 -0.005360
-18.500000 -0.005606
-18.450000 -0.005243
-18.400000 -0.005114
-18.350000 -0.004382
-18.300000 -0.003915
-18.250000 -0.002877
-18.200000 -0.002158
-18.150000 -0.000921
-18.100000 -0.000072
-18.050000 0.001231
-18.000000 0.002068
-17.950000 0.003292
-17.900000 0.003973
-17.850000 0.004982
-17.800000 0.005384
-17.750000 0.006068
-17.700000 0.006101
-17.650000 0.006394
-17.600000 0.006015
-17.550000 0.005901
-17.500000 0.005121
-17.450000 0.004634
-17.400000 0.003514
-17.350000 0.002741
-17.300000 0.001387
-17.250000 0.000452
-17.200000 -0.000998
-17.150000 -0.001948
-17.100000 -0.003340
-17.050000 -0.004152
-17.000000 -0.005339
-16.950000 -0.005874
-16.900000 -0.006730
-16.850000 -0.006883
-16.800000 -0.007325
-16.750000 -0.007035
-16.700000 -0.007031
-16.650000 -0.006294
-16.600000 -0.005866
-16.550000 -0.004731
-16.500000 -0.003954
-16.450000 -0.002521
-16.400000 -0.001516
-16.350000 0.000079
-16.300000 0.001164
-16.250000 0.002763
-16.200000 0.003766
-16.150000 0.005208
-16.100000 0.005973
-16.050000 0.007113
-16.000000 0.007512
-15.950000 0.008240
-15.900000 0.008183
-15.850000 0.008435
-15.800000 0.007886
-15.750000 0.007653
-15.700000 0.006633
-15.650000 0.005965
-15.600000 0.004549
-15.550000 0.003547
-15.500000 0.001858
-15.450000 0.000662
-15.400000 -0.001146
-15.350000 -0.002371
-15.300000 -0.004126
-15.250000 -0.005208
-15.200000 -0.006743
-15.150000 -0.007524
-15.100000 -0.008693
-15.050000 -0.009045
-15.000000 -0.009740
-14.950000 -0.009579
-14.900000 -0.009744
-14.850000 -0.009042
-14.800000 -0.008680
-14.750000 -0.007469
-14.700000 -0.006641
-14.650000 -0.005009
-14.600000 -0.003827
-14.550000 -0.001910
-14.500000 -0.000528
-14.450000 0.001506
-14.400000 0.002911
-14.350000 0.004881
-14.300000 0.006127
-14.250000 0.007856
-14.200000 0.008776
-14.150000 0.010109
-14.100000 0.010567
-14.050000 0.011390
-14.000000 0.011293
-13.950000 0.011540
-13.900000 0.010853
-13.850000 0.010518
-13.800000 0.009263
-13.750000 0.008397
-13.700000 0.006655
-13.650000 0.005367
-13.600000 0.003271
-13.550000 0.001713
-13.500000 -0.000570
-13.450000 -0.002215
-13.400000 -0.004492
-13.350000 -0.006032
-13.300000 -0.008111
-13.250000 -0.009357
-13.200000 -0.011061
-13.150000 -0.011853
-13.100000 -0.013040
-13.050000 -0.013257
-13.000000 -0.013832
-12.950000 -0.013406
-12.900000 -0.013331
-12.850000 -0.012254
-12.800000 -0.011552
-12.750000 -0.009879
-12.700000 -0.008633
-12.650000 -0.006474
-12.600000 -0.004821
-12.550000 -0.002336
-12.500000 -0.000452
-12.450000 0.002170
-12.400000 0.004085
-12.350000 0.006638
-12.300000 0.008378
-12.250000 0.010662
-12.200000 0.012036
-12.150000 0.013872
-12.100000 0.014719
-12.050000 0.015966
-12.000000 0.016167
-11.950000 0.016732
-11.900000 0.016223
-11.850000 0.016071
-11.800000 0.014847
-11.750000 0.014004
-11.700000 0.012120
-11.650000 0.010670
-11.600000 0.008239
-11.550000 0.006320
-11.500000 0.003504
-11.450000 0.001297
-11.400000 -0.001709
-11.350000 -0.003994
-11.300000 -0.006974
-11.250000 -0.009121
-11.200000 -0.011857
-11.150000 -0.013655
-11.100000 -0.015948
-11.050000 -0.017211
-11.000000 -0.018894
-10.950000 -0.019476
-10.900000 -0.020426
-10.850000 -0.020234
-10.800000 -0.020387
-10.750000 -0.019385
-10.700000 -0.018739
-10.650000 -0.016956
-10.600000 -0.015570
-10.550000 -0.013097
-10.500000 -0.011090
-10.450000 -0.008072
-10.400000 -0.005614
-10.350000 -0.002240
-10.300000 0.000466
-10.250000 0.003980
-10.200000 0.006709
-10.150000 0.010133
-10.100000 0.012657
-10.050000 0.015770
-10.000000 0.017874
-9.950000 0.020472
-9.900000 0.021969
-9.850000 0.023883
-9.800000 0.024626
-9.750000 0.025732
-9.700000 0.025621
-9.650000 0.025849
-9.600000 0.024844
-9.550000 0.024181
-9.500000 0.022299
-9.450000 0.020793
-9.400000 0.018112
-9.350000 0.015869
-9.300000 0.012521
-9.250000 0.009697
-9.200000 0.005859
-9.150000 0.002651
-9.100000 -0.001463
-9.050000 -0.004831
-9.000000 -0.008988
-8.950000 -0.012275
-8.900000 -0.016235
-8.850000 -0.019204
-8.800000 -0.022732
-8.750000 -0.025158
-8.700000 -0.028044
-8.650000 -0.029733
-8.600000 -0.031802
-8.550000 -0.032603
-8.500000 -0.033728
-8.450000 -0.033541
-8.400000 -0.033654
-8.350000 -0.032440
-8.300000 -0.031534
-8.250000 -0.029318
-8.200000 -0.027446
-8.150000 -0.024312
-8.100000 -0.021587
-8.050000 -0.017673
-8.000000 -0.014256
-7.950000 -0.009744
-7.900000 -0.005835
-7.850000 -0.000941
-7.800000 0.003231
-7.750000 0.008270
-7.700000 0.012463
-7.650000 0.017402
-7.600000 0.021370
-7.550000 0.025967
-7.500000 0.029477
-7.450000 0.033507
-7.400000 0.036346
-7.350000 0.039614
-7.300000 0.041605
-7.250000 0.043952
-7.200000 0.044957
-7.150000 0.046267
-7.100000 0.046194
-7.050000 0.046400
-7.000000 0.045205
-6.950000 0.044287
-6.900000 0.041976
-6.850000 0.039965
-6.800000 0.036591
-6.750000 0.033563
-6.700000 0.029229
-6.650000 0.025309
-6.600000 0.020159
-6.550000 0.015512
-6.500000 0.009731
-6.450000 0.004558
-6.400000 -0.001639
-6.350000 -0.007109
-6.300000 -0.013482
-6.250000 -0.019004
-6.200000 -0.025304
-6.150000 -0.030624
-6.100000 -0.036598
-6.050000 -0.041467
-6.000000 -0.046871
-5.950000 -0.051054
-5.900000 -0.055664
-5.850000 -0.058950
-5.800000 -0.062569
-5.750000 -0.064778
-5.700000 -0.067248
-5.650000 -0.068243
-5.600000 -0.069448
-5.550000 -0.069141
-5.500000 -0.069019
-5.450000 -0.067372
-5.400000 -0.065913
-5.350000 -0.062942
-5.300000 -0.060187
-5.250000 -0.055959
-5.200000 -0.051998
-5.150000 -0.046623
-5.100000 -0.041585
-5.050000 -0.035212
-5.000000 -0.029263
-4.950000 -0.022069
-4.900000 -0.015396
-4.850000 -0.007580
-4.800000 -0.000391
-4.750000 0.007834
-4.700000 0.015324
-4.650000 0.023742
-4.600000 0.031316
-4.550000 0.039713
-4.500000 0.047161
-4.450000 0.055333
-4.400000 0.062460
-4.350000 0.070218
-4.300000 0.076845
-4.250000 0.084022
-4.200000 0.089990
-4.150000 0.096437
-4.100000 0.101609
-4.050000 0.107199
-4.000000 0.111457
-3.950000 0.116080
-3.900000 0.119324
-3.850000 0.122890
-3.800000 0.125038
-3.750000 0.127472
-3.700000 0.128458
-3.650000 0.129704
-3.600000 0.129477
-3.550000 0.129488
-3.500000 0.128010
-3.450000 0.126754
-3.400000 0.123995
-3.350000 0.121448
-3.300000 0.117388
-3.250000 0.113529
-3.200000 0.108150
-3.150000 0.102966
-3.100000 0.096254
-3.050000 0.089733
-3.000000 0.081681
-2.950000 0.073816
-2.900000 0.064420
-2.850000 0.055212
-2.800000 0.044475
-2.750000 0.033929
-2.700000 0.021863
-2.650000 0.009996
-2.600000 -0.003380
-2.550000 -0.016544
-2.500000 -0.031199
-2.450000 -0.045621
-2.400000 -0.061510
-2.350000 -0.077138
-2.300000 -0.094197
-2.250000 -0.110955
-2.200000 -0.129097
-2.150000 -0.146884
-2.100000 -0.165992
-2.050000 -0.184674
-2.000000 -0.204598
-1.950000 -0.224008
-1.900000 -0.244560
-1.850000 -0.264492
-1.800000 -0.285449
-1.750000 -0.305661
-1.700000 -0.326762
-1.650000 -0.346974
-1.600000 -0.367922
-1.550000 -0.387822
-1.500000 -0.408288
-1.450000 -0.427534
-1.400000 -0.447165
-1.350000 -0.465392
-1.300000 -0.483817
-1.250000 -0.500654
-1.200000 -0.517503
-1.150000 -0.532583
-1.100000 -0.547501
-1.050000 -0.560483
-1.000000 -0.573146
-0.950000 -0.583732
-0.900000 -0.593868
-0.850000 -0.601817
-0.800000 -0.609221
-0.750000 -0.614362
-0.700000 -0.618903
-0.650000 -0.621148
-0.600000 -0.622778
-0.550000 -0.622123
-0.500000 -0.620881
-0.450000 -0.617406
-0.400000 -0.613414
-0.350000 -0.607282
-0.300000 -0.600740
-0.250000 -0.592186
-0.200000 -0.583359
-0.150000 -0.572674
-0.100000 -0.561878
-0.050000 -0.549396
0.000000 -0.536979
0.050000 -0.523056
0.100000 -0.509378
0.150000 -0.494376
0.200000 -0.479794
0.250000 -0.464063
0.300000 -0.448918
0.350000 -0.432788
0.400000 -0.417395
0.450000 -0.401163
0.500000 -0.385804
0.550000 -0.369735
0.600000 -0.354654
0.650000 -0.338974
0.700000 -0.324378
0.750000 -0.309272
0.800000 -0.295326
0.850000 -0.280941
0.900000 -0.267773
0.950000 -0.254219
1.000000 -0.241924
1.050000 -0.229280
1.100000 -0.217923
1.150000 -0.206245
1.200000 -0.195873
1.250000 -0.185200
1.300000 -0.175846
1.350000 -0.166208
1.400000 -0.157901
1.450000 -0.149325
1.500000 -0.142095
1.550000 -0.134616
1.600000 -0.128501
1.650000 -0.122165
1.700000 -0.117221
1.750000 -0.112097
1.800000 -0.108410
1.850000 -0.104604
1.900000 -0.102304
1.950000 -0.099976
2.000000 -0.099259
2.050000 -0.098644
2.100000 -0.099790
2.150000 -0.101223
2.200000 -0.104630
2.250000 -0.108578
2.300000 -0.114793
2.350000 -0.121896
2.400000 -0.131663
2.450000 -0.142785
2.500000 -0.157105
2.550000 -0.173398
2.600000 -0.193595
2.650000 -0.216580
2.700000 -0.244392
2.750000 -0.276046
2.800000 -0.313713
2.850000 -0.356561
2.900000 -0.406910
2.950000 -0.464093
3.000000 -0.530586
3.050000 -0.605879
3.100000 -0.692578
3.150000 -0.790281
3.200000 -0.901643
3.250000 -1.026255
3.300000 -1.166651
3.350000 -1.322186
3.400000 -1.494982
3.450000 -1.683787
3.500000 -1.889868
3.550000 -2.110859
3.600000 -2.346617
3.650000 -2.593095
3.700000 -2.848216
3.750000 -3.105846
3.800000 -3.361775
3.850000 -3.607891
3.900000 -3.838347
3.950000 -4.044001
4.000000 -4.218787
4.050000 -4.354347
4.100000 -4.446462
4.150000 -4.489666
4.200000 -4.483472
4.250000 -4.426703
4.300000 -4.323301
4.350000 -4.176277
4.400000 -3.993115
4.450000 -3.779470
4.500000 -3.544401
4.550000 -3.294089
4.600000 -3.037142
4.650000 -2.778543
4.700000 -2.525153
4.750000 -2.279919
4.800000 -2.047561
4.850000 -1.828973
4.900000 -1.626994
4.950000 -1.440907
5.000000 -1.272210
5.050000 -1.119144
5.100000 -0.982412
5.150000 -0.859708
5.200000 -0.751362
5.250000 -0.654870
5.300000 -0.570469
5.350000 -0.495667
5.400000 -0.430761
5.450000 -0.373378
5.500000 -0.323949
5.550000 -0.280262
5.600000 -0.242898
5.650000 -0.209813
5.700000 -0.181732
5.750000 -0.156764
5.800000 -0.135760
5.850000 -0.116956
5.900000 -0.101309
5.950000 -0.087163
6.000000 -0.075553
6.050000 -0.064911
6.100000 -0.056332
6.150000 -0.048317
6.200000 -0.042007
6.250000 -0.035957
6.300000 -0.031341
6.350000 -0.026755
6.400000 -0.023398
6.450000 -0.019903
6.500000 -0.017481
6.550000 -0.014796
6.600000 -0.013069
6.650000 -0.010987
6.700000 -0.009778
6.750000 -0.008148
6.800000 -0.007326
6.850000 -0.006035
6.900000 -0.005503
6.950000 -0.004467
7.000000 -0.004152
7.050000 -0.003307
7.100000 -0.003151
7.150000 -0.002446
7.200000 -0.002406
7.250000 -0.001803
7.300000 -0.001845
7.350000 -0.001317
7.400000 -0.001419
7.450000 -0.000947
7.500000 -0.001094
7.550000 -0.000665
7.600000 -0.000848
7.650000 -0.000456
7.700000 -0.000668
7.750000 -0.000306
7.800000 -0.000540
7.850000 -0.000202
7.900000 -0.000451
7.950000 -0.000129
8.000000 -0.000385
8.050000 -0.000073
8.100000 -0.000332
8.150000 -0.000025
8.200000 -0.000284
8.250000 0.000018
8.300000 -0.000241
8.350000 0.000057
8.400000 -0.000205
8.450000 0.000085
8.500000 -0.000180
8.550000 0.000100
8.600000 -0.000170
8.650000 0.000102
8.700000 -0.000169
8.750000 0.000098
8.800000 -0.000171
8.850000 0.000095
8.900000 -0.000170
8.950000 0.000098
9.000000 -0.000160
9.050000 0.000109
9.100000 -0.000144
9.150000 0.000123
9.200000 -0.000128
9.250000 0.000134
9.300000 -0.000118
9.350000 0.000137
9.400000 -0.000118
9.450000 0.000130
9.500000 -0.000127
9.550000 0.000117
9.600000 -0.000137
9.650000 0.000105
9.700000 -0.000143
9.750000 0.000102
9.800000 -0.000139
9.850000 0.000108
9.900000 -0.000127
9.950000 0.000120
10.000000 -0.000112
10.050000 0.000131
10.100000 -0.000101
10.150000 0.000134
10.200000 -0.000100
10.250000 0.000128
10.300000 -0.000109
10.350000 0.000114
10.400000 -0.000121
10.450000 0.000099
10.500000 -0.000130
10.550000 0.000092
10.600000 -0.000130
10.650000 0.000095
10.700000 -0.000119
10.750000 0.000107
10.800000 -0.000103
10.850000 0.000120
10.900000 -0.000090
10.950000 0.000126
11.000000 -0.000086
11.050000 0.000122
11.100000 -0.000093
11.150000 0.000108
11.200000 -0.000107
11.250000 0.000092
11.300000 -0.000118
11.350000 0.000081
11.400000 -0.000121
11.450000 0.000081
11.500000 -0.000113
11.550000 0.000091
11.600000 -0.000098
11.650000 0.000105
11.700000 -0.000082
11.750000 0.000116
11.800000 -0.000074
11.850000 0.000115
11.900000 -0.000077
11.950000 0.000104
12.000000 -0.000090
12.050000 0.000086
12.100000 -0.000104
12.150000 0.000072
12.200000 -0.000112
12.250000 0.000067
12.300000 -0.000108
12.350000 0.000074
12.400000 -0.000093
12.450000 0.000089
12.500000 -0.000075
12.550000 0.000102
12.600000 -0.000062
12.650000 0.000107
12.700000 -0.000061
12.750000 0.000099
12.800000 -0.000071
12.850000 0.000082
12.900000 -0.000087
12.950000 0.000064
13.000000 -0.000100
13.050000 0.000054
13.100000 -0.000101
13.150000 0.000056
13.200000 -0.000090
13.250000 0.000069
13.300000 -0.000071
13.350000 0.000086
13.400000 -0.000054
13.450000 0.000096
13.500000 -0.000046
13.550000 0.000094
13.600000 -0.000052
13.650000 0.000080
13.700000 -0.000068
13.750000 0.000060
13.800000 -0.000084
13.850000 0.000044
13.900000 -0.000092
13.950000 0.000039
14.000000 -0.000087
14.050000 0.000048
14.100000 -0.000069
14.150000 0.000066
14.200000 -0.000049
14.250000 0.000082
14.300000 -0.000034
14.350000 0.000087
14.400000 -0.000033
14.450000 0.000078
14.500000 -0.000045
14.550000 0.000059
14.600000 -0.000064
14.650000 0.000038
14.700000 -0.000079
14.750000 0.000025
14.800000 -0.000081
14.850000 0.000027
14.900000 -0.000069
14.950000 0.000042
15.000000 -0.000048
15.050000 0.000062
15.100000 -0.000027
15.150000 0.000075
15.200000 -0.000017
15.250000 0.000075
15.300000 -0.000022
15.350000 0.000060
15.400000 -0.000039
15.450000 0.000037
15.500000 -0.000059
15.550000 0.000017
15.600000 -0.000071
15.650000 0.000009
15.700000 -0.000068
15.750000 0.000017
15.800000 -0.000050
15.850000 0.000036
15.900000 -0.000026
15.950000 0.000056
16.000000 -0.000007
16.050000 0.000067
16.100000 -0.000001
16.150000 0.000061
16.200000 -0.000012
16.250000 0.000041
16.300000 -0.000033
16.350000 0.000016
16.400000 -0.000053
16.450000 -0.000003
16.500000 -0.000062
16.550000 -0.000006
16.600000 -0.000053
16.650000 0.000007
16.700000 -0.000031
16.750000 0.000030
16.800000 -0.000005
16.850000 0.000050
16.900000 0.000012
16.950000 0.000056
17.000000 0.000013
17.050000 0.000046
17.100000 -0.000003
17.150000 0.000021
17.200000 -0.000026
17.250000 -0.000005
17.300000 -0.000046
17.350000 -0.000021
17.400000 -0.000051
17.450000 -0.000020
17.500000 -0.000038
17.550000 -0.000002
17.600000 -0.000012
17.650000 0.000023
17.700000 0.000015
17.750000 0.000042
17.800000 0.000030
17.850000 0.000046
17.900000 0.000027
17.950000 0.000031
18.000000 0.000008
18.050000 0.000003
18.100000 -0.000019
18.150000 -0.000024
18.200000 -0.000038
18.250000 -0.000039
18.300000 -0.000040
18.350000 -0.000034
18.400000 -0.000023
18.450000 -0.000013
18.500000 0.000006
18.550000 0.000014
18.600000 0.000033
18.650000 0.000034
18.700000 0.000048
18.750000 0.000035
18.800000 0.000042
18.850000 0.000017
18.900000 0.000019
18.950000 -0.000014
19.000000 -0.000010
19.050000 -0.000042
19.100000 -0.000029
19.150000 -0.000056
19.200000 -0.000030
19.250000 -0.000049
19.300000 -0.000010
19.350000 -0.000025
19.400000 0.000021
19.450000 0.000005
19.500000 0.000051
19.550000 0.000025
19.600000 0.000065
19.650000 0.000025
19.700000 0.000057
19.750000 0.000004
19.800000 0.000032
19.850000 -0.000029
19.900000 0.000001
19.950000 -0.000059
20.000000 -0.000020
20.050000 -0.000074
20.100000 -0.000021
20.150000 -0.000065
20.200000 0.000001
20.250000 -0.000039
20.300000 0.000035
20.350000 -0.000007
20.400000 0.000067
20.450000 0.000016
20.500000 0.000082
20.550000 0.000017
20.600000 0.000074
20.650000 -0.000005
20.700000 0.000047
20.750000 -0.000041
20.800000 0.000013
20.850000 -0.000074
20.900000 -0.000011
20.950000 -0.000091
21.000000 -0.000013
21.050000 -0.000084
21.100000 0.000009
21.150000 -0.000056
21.200000 0.000045
21.250000 -0.000020
21.300000 0.000081
21.350000 0.000006
21.400000 0.000100
21.450000 0.000009
21.500000 0.000093
21.550000 -0.000012
21.600000 0.000065
21.650000 -0.000049
21.700000 0.000028
21.750000 -0.000087
21.800000 -0.000000
21.850000 -0.000108
21.900000 -0.000006
21.950000 -0.000104
22.000000 0.000014
22.050000 -0.000076
22.100000 0.000052
22.150000 -0.000037
22.200000 0.000092
22.250000 -0.000006
22.300000 0.000116
22.350000 0.000003
22.400000 0.000114
22.450000 -0.000015
22.500000 0.000087
22.550000 -0.000053
22.600000 0.000047
22.650000 -0.000095
22.700000 0.000013
22.750000 -0.000123
22.800000 -0.000000
22.850000 -0.000125
22.900000 0.000015
22.950000 -0.000100
23.000000 0.000053
23.050000 -0.000059
23.100000 0.000098
23.150000 -0.000021
23.200000 0.000130
23.250000 -0.000003
23.300000 0.000136
23.350000 -0.000015
23.400000 0.000113
23.450000 -0.000051
23.500000 0.000072
23.550000 -0.000098
23.600000 0.000030
23.650000 -0.000135
23.700000 0.000007
23.750000 -0.000147
23.800000 0.000014
23.850000 -0.000127
23.900000 0.000048
23.950000 -0.000086
24.000000 0.000097
24.050000 -0.000041
24.100000 0.000139
24.150000 -0.000012
24.200000 0.000157
24.250000 -0.000013
24.300000 0.000142
24.350000 -0.000044
24.400000 0.000102
24.450000 -0.000093
24.500000 0.000054
24.550000 -0.000140
24.600000 0.000019
24.650000 -0.000165
24.700000 0.000012
24.750000 -0.000157
24.800000 0.000039
24.850000 -0.000120
24.900000 0.000088
24.950000 -0.000069
25.000000 0.000139
25.050000 -0.000027
25.100000 0.000172
25.150000 -0.000013
25.200000 0.000172
25.250000 -0.000032
25.300000 0.000139
25.350000 -0.000079
25.400000 0.000087
25.450000 -0.000135
25.500000 0.000039
25.550000 -0.000176
25.600000 0.000015
25.650000 -0.000185
25.700000 0.000026
25.750000 -0.000159
25.800000 0.000069
25.850000 -0.000108
25.900000 0.000127
25.950000 -0.000054
26.000000 0.000176
26.050000 -0.000020
26.100000 0.000196
26.150000 -0.000021
26.200000 0.000179
26.250000 -0.000057
26.300000 0.000131
26.350000 -0.000116
26.400000 0.000073
26.450000 -0.000172
26.500000 0.000029
26.550000 -0.000204
26.600000 0.000017
26.650000 -0.000198
26.700000 0.000045
26.750000 -0.000156
26.800000 0.000101
26.850000 -0.000096
26.900000 0.000164
26.950000 -0.000042
27.000000 0.000208
27.050000 -0.000017
27.100000 0.000215
27.150000 -0.000033
27.200000 0.000182
27.250000 -0.000083
27.300000 0.000123
27.350000 -0.000150
27.400000 0.000061
27.450000 -0.000205
27.500000 0.000022
27.550000 -0.000228
27.600000 0.000023
27.650000 -0.000208
27.700000 0.000064
27.750000 -0.000153
27.800000 0.000130
27.850000 -0.000086
27.900000 0.000196
27.950000 -0.000033
28.000000 0.000234
28.050000 -0.000017
28.100000 0.000231
28.150000 -0.000044
28.200000 0.000186
28.250000 -0.000106
28.300000 0.000117
28.350000 -0.000179
28.400000 0.000052
28.450000 -0.000233
28.500000 0.000017
28.550000 -0.000249
28.600000 0.000027
28.650000 -0.000218
28.700000 0.000079
28.750000 -0.000153
28.800000 0.000154
28.850000 -0.000080
28.900000 0.000223
28.950000 -0.000027
29.000000 0.000259
29.050000 -0.000015
29.100000 0.000247
29.150000 -0.000052
29.200000 0.000193
29.250000 -0.000123
29.300000 0.000116
29.350000 -0.000202
29.400000 0.000046
29.450000 -0.000258
29.500000 0.000012
29.550000 -0.000270
29.600000 0.000028
29.650000 -0.000232
29.700000 0.000088
29.750000 -0.000159
29.800000 0.000170
29.850000 -0.000078
29.900000 0.000245
29.950000 -0.000021
30.000000 0.000282
30.050000 -0.000011
30.100000 0.000268
30.150000 -0.000052
30.200000 0.000207
30.250000 -0.000130
30.300000 0.000122
30.350000 -0.000217
30.400000 0.000045
30.450000 -0.000279
30.500000 0.000006
30.550000 -0.000294
30.600000 0.000021
30.650000 -0.000254
30.700000 0.000086
30.750000 -0.000174
30.800000 0.000176
30.850000 -0.000084
30.900000 0.000260
30.950000 -0.000018
31.000000 0.000305
31.050000 -0.000002
31.100000 0.000294
31.150000 -0.000042
31.200000 0.000230
31.250000 -0.000126
31.300000 0.000137
31.350000 -0.000222
31.400000 0.000049
31.450000 -0.000296
31.500000 -0.000001
31.550000 -0.000320
31.600000 0.000007
31.650000 -0.000284
31.700000 0.000071
31.750000 -0.000201
31.800000 0.000168
31.850000 -0.000100
31.900000 0.000265
31.950000 -0.000020
32.000000 0.000325
32.050000 0.000011
32.100000 0.000325
32.150000 -0.000021
32.200000 0.000266
32.250000 -0.000105
32.300000 0.000167
32.350000 -0.000212
32.400000 0.000065
32.450000 -0.000303
32.500000 -0.000004
32.550000 -0.000345
32.600000 -0.000014
32.650000 -0.000323
32.700000 0.000041
32.750000 -0.000243
32.800000 0.000142
32.850000 -0.000133
32.900000 0.000253
32.950000 -0.000033
33.000000 0.000336
33.050000 0.000022
33.100000 0.000359
33.150000 0.000010
33.200000 0.000315
33.250000 -0.000066
33.300000 0.000216
33.350000 -0.000179
33.400000 0.000099
33.450000 -0.000292
33.500000 0.000004
33.550000 -0.000363
33.600000 -0.000035
33.650000 -0.000367
33.700000 -0.000002
33.750000 -0.000302
33.800000 0.000092
33.850000 -0.000189
33.900000 0.000216
33.950000 -0.000067
34.000000 0.000327
34.050000 0.000021
34.100000 0.000386
34.150000 0.000043
34.200000 0.000371
34.250000 -0.000009
34.300000 0.000287
34.350000 -0.000119
34.400000 0.000162
34.450000 -0.000251
34.500000 0.000037
34.550000 -0.000358
34.600000 -0.000042
34.650000 -0.000404
34.700000 -0.000049
34.750000 -0.000372
34.800000 0.000021
34.850000 -0.000272
34.900000 0.000145
34.950000 -0.000136
35.000000 0.000282
35.050000 -0.000010
35.100000 0.000386
35.150000 0.000062
35.200000 0.000421
35.250000 0.000054
35.300000 0.000373
35.350000 -0.000032
35.400000 0.000257
35.450000 -0.000169
35.500000 0.000112
35.550000 -0.000311
35.600000 -0.000015
35.650000 -0.000412
35.700000 -0.000079
35.750000 -0.000436
35.800000 -0.000059
35.850000 -0.000374
35.900000 0.000041
35.950000 -0.000246
36.000000 0.000188
36.050000 -0.000092
36.100000 0.000336
36.150000 0.000037
36.200000 0.000435
36.250000 0.000097
36.300000 0.000452
36.350000 0.000067
36.400000 0.000378
36.450000 -0.000045
36.500000 0.000238
36.550000 -0.000204
36.600000 0.000075
36.650000 -0.000358
36.700000 -0.000057
36.750000 -0.000457
36.800000 -0.000115
36.850000 -0.000468
36.900000 -0.000077
36.950000 -0.000385
37.000000 0.000045
37.050000 -0.000234
37.100000 0.000213
37.150000 -0.000062
37.200000 0.000375
37.250000 0.000075
37.300000 0.000478
37.350000 0.000134
37.400000 0.000487
37.450000 0.000093
37.500000 0.000398
37.550000 -0.000037
37.600000 0.000238
37.650000 -0.000216
37.700000 0.000056
37.750000 -0.000387
37.800000 -0.000091
37.850000 -0.000497
37.900000 -0.000155
37.950000 -0.000509
38.000000 -0.000113
38.050000 -0.000417
38.100000 0.000022
38.150000 -0.000249
38.200000 0.000210
38.250000 -0.000056
38.300000 0.000393
38.350000 0.000103
38.400000 0.000514
38.450000 0.000176
38.500000 0.000534
38.550000 0.000140
38.600000 0.000444
38.650000 0.000004
38.700000 0.000271
38.750000 -0.000193
38.800000 0.000065
38.850000 -0.000391
38.900000 -0.000110
38.950000 -0.000528
39.000000 -0.000199
39.050000 -0.000561
39.100000 -0.000174
39.150000 -0.000478
39.200000 -0.000039
39.250000 -0.000303
39.300000 0.000165
39.350000 -0.000085
39.400000 0.000378
39.450000 0.000108
39.500000 0.000536
39.550000 0.000219
39.600000 0.000590
39.650000 0.000212
39.700000 0.000521
39.750000 0.000087
39.800000 0.000348
39.850000 -0.000121
39.900000 0.000120
39.950000 -0.000351
40.000000 -0.000096
40.050000 -0.000535
40.100000 -0.000235
40.150000 -0.000617
40.200000 -0.000254
40.250000 -0.000570
40.300000 -0.000145
40.350000 -0.000406
40.400000 0.000062
40.450000 -0.000170
40.500000 0.000308
40.550000 0.000068
40.600000 0.000520
40.650000 0.000241
40.700000 0.000638
40.750000 0.000295
40.800000 0.000623
40.850000 0.000212
40.900000 0.000477
40.950000 0.000015
41.000000 0.000241
41.050000 -0.000242
41.100000 -0.000020
41.150000 -0.000486
41.200000 -0.000231
41.250000 -0.000646
41.300000 -0.000329
41.350000 -0.000674
41.400000 -0.000285
41.450000 -0.000560
41.500000 -0.000109
41.550000 -0.000332
41.600000 0.000153
41.650000 -0.000054
41.700000 0.000426
41.750000 0.000197
41.800000 0.000634
41.850000 0.000349
41.900000 0.000717
41.950000 0.000357
42.000000 0.000647
42.050000 0.000216
42.100000 0.000443
42.150000 -0.000036
42.200000 0.000157
42.250000 -0.000333
42.300000 -0.000132
42.350000 -0.000592
42.400000 -0.000343
42.450000 -0.000739
42.500000 -0.000417
42.550000 -0.000732
42.600000 -0.000330
42.650000 -0.000568
42.700000 -0.000103
42.750000 -0.000291
42.800000 0.000204
42.850000 0.000026
42.900000 0.000508
42.950000 0.000298
43.000000 0.000726
43.050000 0.000450
43.100000 0.000798
43.150000 0.000437
43.200000 0.000699
43.250000 0.000261
43.300000 0.000454
43.350000 -0.000035
43.400000 0.000124
43.450000 -0.000374
43.500000 -0.000203
43.550000 -0.000664
43.600000 -0.000439
43.650000 -0.000828
43.700000 -0.000521
43.750000 -0.000819
43.800000 -0.000423
43.850000 -0.000636
43.900000 -0.000169
43.950000 -0.000325
44.000000 0.000175
44.050000 0.000033
44.100000 0.000521
44.150000 0.000344
44.200000 0.000774
44.250000 0.000525
44.300000 0.000867
44.350000 0.000526
44.400000 0.000772
44.450000 0.000344
44.500000 0.000512
44.550000 0.000028
44.600000 0.000160
44.650000 -0.000331
44.700000 -0.000178
44.750000 -0.000617
44.800000 -0.000385
44.850000 -0.000713
44.900000 -0.000351
44.950000 -0.000527
