-30.000000 -0.000042
-29.950000 0.000020
-29.900000 0.000028
-29.850000 0.000130
-29.800000 0.000158
-29.750000 0.000266
-29.700000 0.000280
-29.650000 0.000363
-29.600000 0.000335
-29.550000 0.000371
-29.500000 0.000290
-29.450000 0.000278
-29.400000 0.000150
-29.350000 0.000105
-29.300000 -0.000047
-29.250000 -0.000097
-29.200000 -0.000242
-29.150000 -0.000265
-29.100000 -0.000373
-29.050000 -0.000345
-29.000000 -0.000397
-28.950000 -0.000308
-28.900000 -0.000305
-28.850000 -0.000164
-28.800000 -0.000122
-28.750000 0.000046
-28.700000 0.000095
-28.650000 0.000256
-28.600000 0.000278
-28.550000 0.000402
-28.500000 0.000370
-28.450000 0.000435
-28.400000 0.000339
-28.350000 0.000344
-28.300000 0.000190
-28.250000 0.000153
-28.200000 -0.000032
-28.150000 -0.000081
-28.100000 -0.000262
-28.050000 -0.000286
-28.000000 -0.000428
-27.950000 -0.000398
-27.900000 -0.000479
-27.850000 -0.000379
-27.800000 -0.000396
-27.750000 -0.000233
-27.700000 -0.000200
-27.650000 -0.000000
-27.600000 0.000050
-27.550000 0.000252
-27.500000 0.000281
-27.450000 0.000447
-27.400000 0.000422
-27.350000 0.000525
-27.300000 0.000428
-27.250000 0.000460
-27.200000 0.000293
-27.150000 0.000268
-27.100000 0.000054
-27.050000 0.000003
-27.000000 -0.000221
-26.950000 -0.000259
-26.900000 -0.000451
-26.850000 -0.000438
-26.800000 -0.000569
-26.750000 -0.000481
-26.700000 -0.000535
-26.650000 -0.000370
-26.600000 -0.000357
-26.550000 -0.000134
-26.500000 -0.000083
-26.450000 0.000161
-26.400000 0.000210
-26.350000 0.000433
-26.300000 0.000437
-26.250000 0.000601
-26.200000 0.000531
-26.150000 0.000616
-26.100000 0.000461
-26.050000 0.000468
-26.000000 0.000242
-25.950000 0.000196
-25.900000 -0.000067
-25.850000 -0.000126
-25.800000 -0.000381
-25.750000 -0.000407
-25.700000 -0.000611
-25.650000 -0.000567
-25.600000 -0.000691
-25.550000 -0.000557
-25.500000 -0.000594
-25.450000 -0.000376
-25.400000 -0.000342
-25.350000 -0.000069
-25.300000 -0.000003
-25.250000 0.000281
-25.200000 0.000332
-25.150000 0.000580
-25.100000 0.000571
-25.050000 0.000744
-25.000000 0.000644
-24.950000 0.000723
-24.900000 0.000528
-24.850000 0.000519
-24.800000 0.000247
-24.750000 0.000183
-24.700000 -0.000124
-24.650000 -0.000197
-24.600000 -0.000490
-24.550000 -0.000521
-24.500000 -0.000750
-24.450000 -0.000698
-24.400000 -0.000833
-24.350000 -0.000677
-24.300000 -0.000712
-24.250000 -0.000459
-24.200000 -0.000413
-24.150000 -0.000096
-24.100000 -0.000011
-24.050000 0.000320
-24.000000 0.000391
-23.950000 0.000681
-23.900000 0.000685
-23.850000 0.000891
-23.800000 0.000794
-23.750000 0.000891
-23.700000 0.000682
-23.650000 0.000675
-23.600000 0.000373
-23.550000 0.000294
-23.500000 -0.000059
-23.450000 -0.000159
-23.400000 -0.000506
-23.350000 -0.000569
-23.300000 -0.000854
-23.250000 -0.000830
-23.200000 -0.001011
-23.150000 -0.000871
-23.100000 -0.000933
-23.050000 -0.000675
-23.000000 -0.000632
-22.950000 -0.000286
-22.900000 -0.000179
-22.850000 0.000204
-22.800000 0.000316
-22.750000 0.000676
-22.700000 0.000732
-22.650000 0.001011
-22.600000 0.000963
-22.550000 0.001122
-22.500000 0.000946
-22.450000 0.000977
-22.400000 0.000678
-22.350000 0.000603
-22.300000 0.000219
-22.250000 0.000086
-22.200000 -0.000326
-22.150000 -0.000452
-22.100000 -0.000826
-22.050000 -0.000881
-22.000000 -0.001159
-21.950000 -0.001095
-21.900000 -0.001240
-21.850000 -0.001036
-21.800000 -0.001043
-21.750000 -0.000710
-21.700000 -0.000607
-21.650000 -0.000188
-21.600000 -0.000029
-21.550000 0.000413
-21.500000 0.000558
-21.450000 0.000952
-21.400000 0.001016
-21.350000 0.001303
-21.300000 0.001235
-21.250000 0.001376
-21.200000 0.001157
-21.150000 0.001149
-21.100000 0.000791
-21.050000 0.000664
-21.000000 0.000213
-20.950000 0.000027
-20.900000 -0.000449
-20.850000 -0.000622
-20.800000 -0.001047
-20.750000 -0.001134
-20.700000 -0.001443
-20.650000 -0.001389
-20.600000 -0.001542
-20.550000 -0.001323
-20.500000 -0.001312
-20.450000 -0.000940
-20.400000 -0.000797
-20.350000 -0.000319
-20.300000 -0.000102
-20.250000 0.000411
-20.200000 0.000622
-20.150000 0.001091
-20.100000 0.001218
-20.050000 0.001569
-20.000000 0.001550
-19.950000 0.001735
-19.900000 0.001539
-19.850000 0.001544
-19.800000 0.001176
-19.750000 0.001027
-19.700000 0.000531
-19.650000 0.000287
-19.600000 -0.000267
-19.550000 -0.000525
-19.500000 -0.001050
-19.450000 -0.001238
-19.400000 -0.001652
-19.350000 -0.001695
-19.300000 -0.001939
-19.250000 -0.001795
-19.200000 -0.001843
-19.150000 -0.001505
-19.100000 -0.001372
-19.050000 -0.000875
-19.000000 -0.000613
-18.950000 -0.000025
-18.900000 0.000285
-18.850000 0.000874
-18.800000 0.001140
-18.750000 0.001640
-18.700000 0.001776
-18.650000 0.002111
-18.600000 0.002056
-18.550000 0.002183
-18.500000 0.001914
-18.450000 0.001831
-18.400000 0.001366
-18.350000 0.001111
-18.300000 0.000509
-18.250000 0.000158
-18.200000 -0.000494
-18.150000 -0.000846
-18.100000 -0.001449
-18.050000 -0.001704
-18.000000 -0.002165
-17.950000 -0.002242
-17.900000 -0.002496
-17.850000 -0.002346
-17.800000 -0.002364
-17.750000 -0.001983
-17.700000 -0.001782
-17.650000 -0.001208
-17.600000 -0.000849
-17.550000 -0.000160
-17.500000 0.000267
-17.450000 0.000971
-17.400000 0.001359
-17.350000 0.001970
-17.300000 0.002219
-17.250000 0.002647
-17.200000 0.002678
-17.150000 0.002863
-17.100000 0.002638
-17.050000 0.002564
-17.000000 0.002092
-16.950000 0.001791
-16.900000 0.001126
-16.850000 0.000672
-16.800000 -0.000097
-16.750000 -0.000600
-16.700000 -0.001358
-16.650000 -0.001796
-16.600000 -0.002432
-16.550000 -0.002697
-16.500000 -0.003117
-16.450000 -0.003133
-16.400000 -0.003280
-16.350000 -0.003012
-16.300000 -0.002874
-16.250000 -0.002337
-16.200000 -0.001954
-16.150000 -0.001211
-16.100000 -0.000667
-16.050000 0.000181
-16.000000 0.000773
-15.950000 0.001606
-15.900000 0.002120
-15.850000 0.002816
-15.800000 0.003140
-15.750000 0.003597
-15.700000 0.003647
-15.650000 0.003802
-15.600000 0.003539
-15.550000 0.003379
-15.500000 0.002815
-15.450000 0.002379
-15.400000 0.001578
-15.350000 0.000952
-15.300000 0.000019
-15.250000 -0.000678
-15.200000 -0.001613
-15.150000 -0.002247
-15.100000 -0.003052
-15.050000 -0.003496
-15.000000 -0.004054
-14.950000 -0.004210
-14.900000 -0.004445
-14.850000 -0.004257
-14.800000 -0.004140
-14.750000 -0.003609
-14.700000 -0.003167
-14.650000 -0.002347
-14.600000 -0.001659
-14.550000 -0.000653
-14.500000 0.000160
-14.450000 0.001220
-14.400000 0.002015
-14.350000 0.002984
-14.300000 0.003619
-14.250000 0.004361
-14.200000 0.004715
-14.150000 0.005126
-14.100000 0.005118
-14.050000 0.005145
-14.000000 0.004746
-13.950000 0.004388
-13.900000 0.003630
-13.850000 0.002947
-13.800000 0.001914
-13.750000 0.001013
-13.700000 -0.000166
-13.650000 -0.001140
-13.600000 -0.002313
-13.550000 -0.003204
-13.500000 -0.004213
-13.450000 -0.004871
-13.400000 -0.005581
-13.350000 -0.005888
-13.300000 -0.006201
-13.250000 -0.006086
-13.200000 -0.005960
-13.150000 -0.005410
-13.100000 -0.004864
-13.050000 -0.003928
-13.000000 -0.003040
-12.950000 -0.001823
-12.900000 -0.000721
-12.850000 0.000630
-12.800000 0.001786
-12.750000 0.003103
-12.700000 0.004142
-12.650000 0.005257
-12.600000 0.006020
-12.550000 0.006788
-12.500000 0.007149
-12.450000 0.007469
-12.400000 0.007354
-12.350000 0.007181
-12.300000 0.006577
-12.250000 0.005929
-12.200000 0.004887
-12.150000 0.003847
-12.100000 0.002477
-12.050000 0.001178
-12.000000 -0.000366
-11.950000 -0.001752
-11.900000 -0.003288
-11.850000 -0.004575
-11.800000 -0.005918
-11.750000 -0.006928
-11.700000 -0.007912
-11.650000 -0.008498
-11.600000 -0.008998
-11.550000 -0.009061
-11.500000 -0.009010
-11.450000 -0.008514
-11.400000 -0.007909
-11.350000 -0.006886
-11.300000 -0.005792
-11.250000 -0.004341
-11.200000 -0.002884
-11.150000 -0.001154
-11.100000 0.000494
-11.050000 0.002315
-11.000000 0.003955
-10.950000 0.005664
-10.900000 0.007097
-10.850000 0.008499
-10.800000 0.009541
-10.750000 0.010474
-10.700000 0.010985
-10.650000 0.011334
-10.600000 0.011229
-10.550000 0.010942
-10.500000 0.010204
-10.450000 0.009299
-10.400000 0.007982
-10.350000 0.006544
-10.300000 0.004764
-10.250000 0.002942
-10.200000 0.000871
-10.150000 -0.001146
-10.100000 -0.003301
-10.050000 -0.005294
-10.000000 -0.007311
-9.950000 -0.009060
-9.900000 -0.010726
-9.850000 -0.012031
-9.800000 -0.013164
-9.750000 -0.013867
-9.700000 -0.014336
-9.650000 -0.014336
-9.600000 -0.014075
-9.550000 -0.013342
-9.500000 -0.012357
-9.450000 -0.010934
-9.400000 -0.009305
-9.350000 -0.007306
-9.300000 -0.005178
-9.250000 -0.002776
-9.200000 -0.000345
-9.150000 0.002243
-9.100000 0.004748
-9.050000 0.007285
-9.000000 0.009621
-8.950000 0.011869
-8.900000 0.013807
-8.850000 0.015549
-8.800000 0.016889
-8.750000 0.017951
-8.700000 0.018547
-8.650000 0.018810
-8.600000 0.018578
-8.550000 0.017993
-8.500000 0.016919
-8.450000 0.015511
-8.400000 0.013657
-8.350000 0.011522
-8.300000 0.009017
-8.250000 0.006315
-8.200000 0.003347
-8.150000 0.000292
-8.100000 -0.002904
-8.050000 -0.006064
-8.000000 -0.009230
-7.950000 -0.012231
-7.900000 -0.015103
-7.850000 -0.017687
-7.800000 -0.020019
-7.750000 -0.021955
-7.700000 -0.023538
-7.650000 -0.024643
-7.600000 -0.025322
-7.550000 -0.025475
-7.500000 -0.025164
-7.450000 -0.024316
-7.400000 -0.023005
-7.350000 -0.021183
-7.300000 -0.018937
-7.250000 -0.016244
-7.200000 -0.013201
-7.150000 -0.009807
-7.100000 -0.006166
-7.050000 -0.002295
-7.000000 0.001699
-6.950000 0.005785
-6.900000 0.009859
-6.850000 0.013881
-6.800000 0.017752
-6.750000 0.021429
-6.700000 0.024824
-6.650000 0.027895
-6.600000 0.030570
-6.550000 0.032809
-6.500000 0.034561
-6.450000 0.035793
-6.400000 0.036474
-6.350000 0.036580
-6.300000 0.036106
-6.250000 0.035037
-6.200000 0.033392
-6.150000 0.031166
-6.100000 0.028402
-6.050000 0.025106
-6.000000 0.021343
-5.950000 0.017128
-5.900000 0.012547
-5.850000 0.007620
-5.800000 0.002452
-5.750000 -0.002933
-5.700000 -0.008415
-5.650000 -0.013972
-5.600000 -0.019471
-5.550000 -0.024894
-5.500000 -0.030104
-5.450000 -0.035088
-5.400000 -0.039707
-5.350000 -0.043961
-5.300000 -0.047713
-5.250000 -0.050979
-5.200000 -0.053625
-5.150000 -0.055690
-5.100000 -0.057047
-5.050000 -0.057755
-5.000000 -0.057699
-4.950000 -0.056962
-4.900000 -0.055440
-4.850000 -0.053239
-4.800000 -0.050268
-4.750000 -0.046656
-4.700000 -0.042320
-4.650000 -0.037414
-4.600000 -0.031861
-4.550000 -0.025835
-4.500000 -0.019265
-4.450000 -0.012340
-4.400000 -0.004993
-4.350000 0.002575
-4.300000 0.010432
-4.250000 0.018366
-4.200000 0.026450
-4.150000 0.034465
-4.100000 0.042490
-4.050000 0.050302
-4.000000 0.057991
-3.950000 0.065331
-3.900000 0.072422
-3.850000 0.079038
-3.800000 0.085291
-3.750000 0.090956
-3.700000 0.096158
-3.650000 0.100672
-3.600000 0.104637
-3.550000 0.107828
-3.500000 0.110398
-3.450000 0.112123
-3.400000 0.113168
-3.350000 0.113310
-3.300000 0.112724
-3.250000 0.111189
-3.200000 0.108891
-3.150000 0.105607
-3.100000 0.101535
-3.050000 0.096451
-3.000000 0.090563
-2.950000 0.083644
-2.900000 0.075915
-2.850000 0.067147
-2.800000 0.057569
-2.750000 0.046952
-2.700000 0.035536
-2.650000 0.023089
-2.600000 0.009863
-2.550000 -0.004373
-2.500000 -0.019357
-2.450000 -0.035320
-2.400000 -0.051987
-2.350000 -0.069587
-2.300000 -0.087830
-2.250000 -0.106944
-2.200000 -0.126623
-2.150000 -0.147090
-2.100000 -0.168025
-2.050000 -0.189643
-2.000000 -0.211609
-1.950000 -0.234131
-1.900000 -0.256855
-1.850000 -0.279985
-1.800000 -0.303147
-1.750000 -0.326538
-1.700000 -0.349770
-1.650000 -0.373033
-1.600000 -0.395923
-1.550000 -0.418627
-1.500000 -0.440729
-1.450000 -0.462417
-1.400000 -0.483267
-1.350000 -0.503470
-1.300000 -0.522599
-1.250000 -0.540854
-1.200000 -0.557811
-1.150000 -0.573686
-1.100000 -0.588062
-1.050000 -0.601175
-1.000000 -0.612623
-0.950000 -0.622666
-0.900000 -0.630921
-0.850000 -0.637680
-0.800000 -0.642580
-0.750000 -0.645945
-0.700000 -0.647438
-0.650000 -0.647415
-0.600000 -0.645562
-0.550000 -0.642268
-0.500000 -0.637241
-0.450000 -0.630899
-0.400000 -0.622967
-0.350000 -0.613889
-0.300000 -0.603403
-0.250000 -0.591973
-0.200000 -0.579346
-0.150000 -0.565997
-0.100000 -0.551678
-0.050000 -0.536874
0.000000 -0.521331
0.050000 -0.505540
0.100000 -0.489241
0.150000 -0.472924
0.200000 -0.456320
0.250000 -0.439917
0.300000 -0.423437
0.350000 -0.407363
0.400000 -0.391406
0.450000 -0.376049
0.500000 -0.360993
0.550000 -0.346721
0.600000 -0.332927
0.650000 -0.320098
0.700000 -0.307927
0.750000 -0.296909
0.800000 -0.286743
0.850000 -0.277938
0.900000 -0.270206
0.950000 -0.264082
1.000000 -0.259298
1.050000 -0.256425
1.100000 -0.255231
1.150000 -0.256335
1.200000 -0.259556
1.250000 -0.265576
1.300000 -0.274283
1.350000 -0.286445
1.400000 -0.302036
1.450000 -0.321930
1.500000 -0.346215
1.550000 -0.375893
1.600000 -0.411185
1.650000 -0.453242
1.700000 -0.502433
1.750000 -0.560068
1.800000 -0.626664
1.850000 -0.703670
1.900000 -0.791717
1.950000 -0.892334
2.000000 -1.006166
2.050000 -1.134681
2.100000 -1.278348
2.150000 -1.438320
2.200000 -1.614567
2.250000 -1.807533
2.300000 -2.016226
2.350000 -2.239866
2.400000 -2.475951
2.450000 -2.721943
2.500000 -2.973378
2.550000 -3.225660
2.600000 -3.472309
2.650000 -3.706951
2.700000 -3.921780
2.750000 -4.109786
2.800000 -4.263397
2.850000 -4.376850
2.900000 -4.444849
2.950000 -4.464840
3.000000 -4.435429
3.050000 -4.358326
3.100000 -4.236370
3.150000 -4.075092
3.200000 -3.880405
3.250000 -3.659966
3.300000 -3.420774
3.350000 -3.170583
3.400000 -2.915631
3.450000 -2.662265
3.500000 -2.414896
3.550000 -2.177837
3.600000 -1.953443
3.650000 -1.744092
3.700000 -1.550414
3.750000 -1.373322
3.800000 -1.212257
3.850000 -1.067214
3.900000 -0.936954
3.950000 -0.821005
4.000000 -0.717833
4.050000 -0.626812
4.100000 -0.546356
4.150000 -0.475868
4.200000 -0.413845
4.250000 -0.359809
4.300000 -0.312397
4.350000 -0.271283
4.400000 -0.235260
4.450000 -0.204152
4.500000 -0.176898
4.550000 -0.153458
4.600000 -0.132896
4.650000 -0.115290
4.700000 -0.099804
4.750000 -0.086609
4.800000 -0.074955
4.850000 -0.065086
4.900000 -0.056315
4.950000 -0.048945
5.000000 -0.042339
5.050000 -0.036844
5.100000 -0.031860
5.150000 -0.027769
5.200000 -0.024000
5.250000 -0.020960
5.300000 -0.018101
5.350000 -0.015848
5.400000 -0.013670
5.450000 -0.012007
5.500000 -0.010339
5.550000 -0.009117
5.600000 -0.007832
5.650000 -0.006941
5.700000 -0.005943
5.750000 -0.005299
5.800000 -0.004516
5.850000 -0.004058
5.900000 -0.003436
5.950000 -0.003118
6.000000 -0.002617
6.050000 -0.002404
6.100000 -0.001996
6.150000 -0.001863
6.200000 -0.001523
6.250000 -0.001450
6.300000 -0.001163
6.350000 -0.001135
6.400000 -0.000888
6.450000 -0.000894
6.500000 -0.000676
6.550000 -0.000708
6.600000 -0.000513
6.650000 -0.000564
6.700000 -0.000388
6.750000 -0.000454
6.800000 -0.000291
6.850000 -0.000369
6.900000 -0.000217
6.950000 -0.000303
7.000000 -0.000159
7.050000 -0.000252
7.100000 -0.000114
7.150000 -0.000211
7.200000 -0.000078
7.250000 -0.000178
7.300000 -0.000049
7.350000 -0.000153
7.400000 -0.000028
7.450000 -0.000133
7.500000 -0.000011
7.550000 -0.000119
7.600000 0.000002
7.650000 -0.000107
7.700000 0.000012
7.750000 -0.000096
7.800000 0.000021
7.850000 -0.000088
7.900000 0.000028
7.950000 -0.000080
8.000000 0.000034
8.050000 -0.000075
8.100000 0.000038
8.150000 -0.000072
8.200000 0.000040
8.250000 -0.000069
8.300000 0.000042
8.350000 -0.000066
8.400000 0.000044
8.450000 -0.000063
8.500000 0.000046
8.550000 -0.000060
8.600000 0.000048
8.650000 -0.000058
8.700000 0.000049
8.750000 -0.000057
8.800000 0.000049
8.850000 -0.000057
8.900000 0.000048
8.950000 -0.000057
9.000000 0.000049
9.050000 -0.000055
9.100000 0.000049
9.150000 -0.000054
9.200000 0.000050
9.250000 -0.000052
9.300000 0.000051
9.350000 -0.000051
9.400000 0.000050
9.450000 -0.000052
9.500000 0.000049
9.550000 -0.000052
9.600000 0.000048
9.650000 -0.000051
9.700000 0.000048
9.750000 -0.000050
9.800000 0.000049
9.850000 -0.000048
9.900000 0.000049
9.950000 -0.000047
10.000000 0.000049
10.050000 -0.000047
10.100000 0.000047
10.150000 -0.000048
10.200000 0.000046
10.250000 -0.000048
10.300000 0.000045
10.350000 -0.000047
10.400000 0.000045
10.450000 -0.000046
10.500000 0.000046
10.550000 -0.000044
10.600000 0.000046
10.650000 -0.000044
10.700000 0.000045
10.750000 -0.000044
10.800000 0.000043
10.850000 -0.000045
10.900000 0.000042
10.950000 -0.000044
11.000000 0.000042
11.050000 -0.000043
11.100000 0.000042
11.150000 -0.000041
11.200000 0.000043
11.250000 -0.000040
11.300000 0.000042
11.350000 -0.000040
11.400000 0.000041
11.450000 -0.000040
11.500000 0.000039
11.550000 -0.000041
11.600000 0.000038
11.650000 -0.000040
11.700000 0.000038
11.750000 -0.000039
11.800000 0.000038
11.850000 -0.000037
11.900000 0.000039
11.950000 -0.000036
12.000000 0.000038
12.050000 -0.000036
12.100000 0.000036
12.150000 -0.000037
12.200000 0.000034
12.250000 -0.000037
12.300000 0.000033
12.350000 -0.000036
12.400000 0.000034
12.450000 -0.000034
12.500000 0.000035
12.550000 -0.000032
12.600000 0.000035
12.650000 -0.000031
12.700000 0.000033
12.750000 -0.000032
12.800000 0.000031
12.850000 -0.000032
12.900000 0.000029
12.950000 -0.000032
13.000000 0.000029
13.050000 -0.000031
13.100000 0.000029
13.150000 -0.000029
13.200000 0.000030
13.250000 -0.000027
13.300000 0.000030
13.350000 -0.000026
13.400000 0.000028
13.450000 -0.000027
13.500000 0.000026
13.550000 -0.000028
13.600000 0.000024
13.650000 -0.000028
13.700000 0.000024
13.750000 -0.000026
13.800000 0.000025
13.850000 -0.000023
13.900000 0.000026
13.950000 -0.000022
14.000000 0.000025
14.050000 -0.000022
14.100000 0.000023
14.150000 -0.000023
14.200000 0.000021
14.250000 -0.000023
14.300000 0.000019
14.350000 -0.000023
14.400000 0.000019
14.450000 -0.000020
14.500000 0.000020
14.550000 -0.000018
14.600000 0.000021
14.650000 -0.000016
14.700000 0.000020
14.750000 -0.000017
14.800000 0.000018
14.850000 -0.000018
14.900000 0.000015
14.950000 -0.000018
15.000000 0.000014
15.050000 -0.000017
15.100000 0.000014
15.150000 -0.000015
15.200000 0.000015
15.250000 -0.000012
15.300000 0.000016
15.350000 -0.000011
15.400000 0.000015
15.450000 -0.000012
15.500000 0.000012
15.550000 -0.000013
15.600000 0.000010
15.650000 -0.000013
15.700000 0.000008
15.750000 -0.000012
15.800000 0.000009
15.850000 -0.000009
15.900000 0.000010
15.950000 -0.000007
16.000000 0.000011
16.050000 -0.000006
16.100000 0.000010
16.150000 -0.000006
16.200000 0.000007
16.250000 -0.000008
16.300000 0.000004
16.350000 -0.000008
16.400000 0.000003
16.450000 -0.000007
16.500000 0.000004
16.550000 -0.000004
16.600000 0.000005
16.650000 -0.000001
16.700000 0.000006
16.750000 -0.000000
16.800000 0.000004
16.850000 -0.000001
16.900000 0.000001
16.950000 -0.000003
17.000000 -0.000002
17.050000 -0.000003
17.100000 -0.000003
17.150000 -0.000002
17.200000 -0.000002
17.250000 0.000001
17.300000 0.000000
17.350000 0.000004
17.400000 0.000001
17.450000 0.000005
17.500000 -0.000001
17.550000 0.000004
17.600000 -0.000004
17.650000 0.000002
17.700000 -0.000007
17.750000 0.000002
17.800000 -0.000008
17.850000 0.000003
17.900000 -0.000007
17.950000 0.000007
18.000000 -0.000005
18.050000 0.000010
18.100000 -0.000004
18.150000 0.000011
18.200000 -0.000006
18.250000 0.000010
18.300000 -0.000009
18.350000 0.000008
18.400000 -0.000012
18.450000 0.000007
18.500000 -0.000014
18.550000 0.000008
18.600000 -0.000013
18.650000 0.000011
18.700000 -0.000010
18.750000 0.000015
18.800000 -0.000009
18.850000 0.000016
18.900000 -0.000010
18.950000 0.000015
19.000000 -0.000014
19.050000 0.000013
19.100000 -0.000017
19.150000 0.000011
19.200000 -0.000019
19.250000 0.000013
19.300000 -0.000018
19.350000 0.000016
19.400000 -0.000016
19.450000 0.000020
19.500000 -0.000014
19.550000 0.000022
19.600000 -0.000015
19.650000 0.000021
19.700000 -0.000018
19.750000 0.000018
19.800000 -0.000022
19.850000 0.000016
19.900000 -0.000024
19.950000 0.000017
20.000000 -0.000024
20.050000 0.000020
20.100000 -0.000021
20.150000 0.000024
20.200000 -0.000019
20.250000 0.000027
20.300000 -0.000019
20.350000 0.000026
20.400000 -0.000022
20.450000 0.000024
20.500000 -0.000026
20.550000 0.000021
20.600000 -0.000029
20.650000 0.000021
20.700000 -0.000029
20.750000 0.000024
20.800000 -0.000026
20.850000 0.000028
20.900000 -0.000023
20.950000 0.000032
21.000000 -0.000023
21.050000 0.000032
21.100000 -0.000025
21.150000 0.000029
21.200000 -0.000030
21.250000 0.000026
21.300000 -0.000034
21.350000 0.000024
21.400000 -0.000034
21.450000 0.000027
21.500000 -0.000032
21.550000 0.000031
21.600000 -0.000028
21.650000 0.000036
21.700000 -0.000026
21.750000 0.000037
21.800000 -0.000028
21.850000 0.000035
21.900000 -0.000033
21.950000 0.000031
22.000000 -0.000037
22.050000 0.000028
22.100000 -0.000039
22.150000 0.000029
22.200000 -0.000037
22.250000 0.000034
22.300000 -0.000033
22.350000 0.000039
22.400000 -0.000030
22.450000 0.000041
22.500000 -0.000030
22.550000 0.000040
22.600000 -0.000034
22.650000 0.000036
22.700000 -0.000040
22.750000 0.000032
22.800000 -0.000043
22.850000 0.000031
22.900000 -0.000043
22.950000 0.000035
23.000000 -0.000039
23.050000 0.000041
23.100000 -0.000034
23.150000 0.000045
23.200000 -0.000033
23.250000 0.000045
23.300000 -0.000035
23.350000 0.000041
23.400000 -0.000041
23.450000 0.000036
23.500000 -0.000046
23.550000 0.000034
23.600000 -0.000047
23.650000 0.000036
23.700000 -0.000044
23.750000 0.000041
23.800000 -0.000039
23.850000 0.000047
23.900000 -0.000035
23.950000 0.000049
24.000000 -0.000036
24.050000 0.000047
24.100000 -0.000041
24.150000 0.000042
24.200000 -0.000047
24.250000 0.000037
24.300000 -0.000051
24.350000 0.000036
24.400000 -0.000050
24.450000 0.000041
24.500000 -0.000045
24.550000 0.000047
24.600000 -0.000039
24.650000 0.000052
24.700000 -0.000037
24.750000 0.000052
24.800000 -0.000040
24.850000 0.000047
24.900000 -0.000047
24.950000 0.000041
25.000000 -0.000053
25.050000 0.000038
25.100000 -0.000054
25.150000 0.000039
25.200000 -0.000050
25.250000 0.000046
25.300000 -0.000044
25.350000 0.000052
25.400000 -0.000039
25.450000 0.000056
25.500000 -0.000039
25.550000 0.000053
25.600000 -0.000044
25.650000 0.000047
25.700000 -0.000052
25.750000 0.000041
25.800000 -0.000057
25.850000 0.000039
25.900000 -0.000056
25.950000 0.000043
26.000000 -0.000050
26.050000 0.000050
26.100000 -0.000043
26.150000 0.000057
26.200000 -0.000039
26.250000 0.000058
26.300000 -0.000041
26.350000 0.000053
26.400000 -0.000048
26.450000 0.000046
26.500000 -0.000056
26.550000 0.000040
26.600000 -0.000059
26.650000 0.000040
26.700000 -0.000056
26.750000 0.000045
26.800000 -0.000049
26.850000 0.000054
26.900000 -0.000041
26.950000 0.000060
27.000000 -0.000039
27.050000 0.000059
27.100000 -0.000043
27.150000 0.000053
27.200000 -0.000051
27.250000 0.000044
27.300000 -0.000059
27.350000 0.000039
27.400000 -0.000061
27.450000 0.000040
27.500000 -0.000056
27.550000 0.000048
27.600000 -0.000047
27.650000 0.000057
27.700000 -0.000040
27.750000 0.000062
27.800000 -0.000038
27.850000 0.000059
27.900000 -0.000044
27.950000 0.000051
28.000000 -0.000053
28.050000 0.000042
28.100000 -0.000061
28.150000 0.000037
28.200000 -0.000062
28.250000 0.000040
28.300000 -0.000055
28.350000 0.000049
28.400000 -0.000045
28.450000 0.000058
28.500000 -0.000037
28.550000 0.000063
28.600000 -0.000037
28.650000 0.000059
28.700000 -0.000044
28.750000 0.000050
28.800000 -0.000054
28.850000 0.000039
28.900000 -0.000062
28.950000 0.000035
29.000000 -0.000062
29.050000 0.000039
29.100000 -0.000054
29.150000 0.000049
29.200000 -0.000043
29.250000 0.000059
29.300000 -0.000035
29.350000 0.000064
29.400000 -0.000035
29.450000 0.000059
29.500000 -0.000043
29.550000 0.000048
29.600000 -0.000054
29.650000 0.000037
29.700000 -0.000063
29.750000 0.000032
29.800000 -0.000062
29.850000 0.000037
29.900000 -0.000053
29.950000 0.000048
30.000000 -0.000041
30.050000 0.000059
30.100000 -0.000032
30.150000 0.000064
30.200000 -0.000031
30.250000 0.000059
30.300000 -0.000040
30.350000 0.000046
30.400000 -0.000053
30.450000 0.000034
30.500000 -0.000062
30.550000 0.000028
30.600000 -0.000062
30.650000 0.000033
30.700000 -0.000053
30.750000 0.000045
30.800000 -0.000039
30.850000 0.000058
30.900000 -0.000028
30.950000 0.000064
31.000000 -0.000027
31.050000 0.000059
31.100000 -0.000036
31.150000 0.000046
31.200000 -0.000050
31.250000 0.000031
31.300000 -0.000061
31.350000 0.000024
31.400000 -0.000062
31.450000 0.000027
31.500000 -0.000053
31.550000 0.000040
31.600000 -0.000037
31.650000 0.000055
31.700000 -0.000024
31.750000 0.000063
31.800000 -0.000021
31.850000 0.000059
31.900000 -0.000030
31.950000 0.000046
32.000000 -0.000045
32.050000 0.000029
32.100000 -0.000058
32.150000 0.000019
32.200000 -0.000062
32.250000 0.000020
32.300000 -0.000054
32.350000 0.000033
32.400000 -0.000038
32.450000 0.000050
32.500000 -0.000022
32.550000 0.000061
32.600000 -0.000015
32.650000 0.000060
32.700000 -0.000021
32.750000 0.000047
32.800000 -0.000037
32.850000 0.000029
32.900000 -0.000054
32.950000 0.000015
33.000000 -0.000062
33.050000 0.000012
33.100000 -0.000056
33.150000 0.000023
33.200000 -0.000040
33.250000 0.000041
33.300000 -0.000020
33.350000 0.000057
33.400000 -0.000009
33.450000 0.000061
33.500000 -0.000011
33.550000 0.000051
33.600000 -0.000026
33.650000 0.000031
33.700000 -0.000045
33.750000 0.000012
33.800000 -0.000059
33.850000 0.000004
33.900000 -0.000059
33.950000 0.000011
34.000000 -0.000044
34.050000 0.000029
34.100000 -0.000022
34.150000 0.000049
34.200000 -0.000005
34.250000 0.000060
34.300000 -0.000000
34.350000 0.000055
34.400000 -0.000012
34.450000 0.000037
34.500000 -0.000033
34.550000 0.000014
34.600000 -0.000052
34.650000 -0.000002
34.700000 -0.000060
34.750000 -0.000003
34.800000 -0.000050
34.850000 0.000013
34.900000 -0.000029
34.950000 0.000036
35.000000 -0.000005
35.050000 0.000055
35.100000 0.000008
35.150000 0.000059
35.200000 0.000005
35.250000 0.000045
35.300000 -0.000015
35.350000 0.000020
35.400000 -0.000039
35.450000 -0.000003
35.500000 -0.000056
35.550000 -0.000014
35.600000 -0.000057
35.650000 -0.000006
35.700000 -0.000039
35.750000 0.000016
35.800000 -0.000012
35.850000 0.000042
35.900000 0.000011
35.950000 0.000057
36.000000 0.000019
36.050000 0.000054
36.100000 0.000007
36.150000 0.000033
36.200000 -0.000018
36.250000 0.000004
36.300000 -0.000045
36.350000 -0.000019
36.400000 -0.000058
36.450000 -0.000024
36.500000 -0.000051
36.550000 -0.000008
36.600000 -0.000027
36.650000 0.000020
36.700000 0.000004
36.750000 0.000047
36.800000 0.000026
36.850000 0.000058
36.900000 0.000028
36.950000 0.000048
37.000000 0.000010
37.050000 0.000021
37.100000 -0.000021
37.150000 -0.000012
37.200000 -0.000048
37.250000 -0.000033
37.300000 -0.000058
37.350000 -0.000033
37.400000 -0.000045
37.450000 -0.000012
37.500000 -0.000015
37.550000 0.000021
37.600000 0.000019
37.650000 0.000049
37.700000 0.000040
37.750000 0.000058
37.800000 0.000038
37.850000 0.000043
37.900000 0.000014
37.950000 0.000010
38.000000 -0.000021
38.050000 -0.000026
38.100000 -0.000050
38.150000 -0.000047
38.200000 -0.000059
38.250000 -0.000044
38.300000 -0.000041
38.350000 -0.000017
38.400000 -0.000006
38.450000 0.000020
38.500000 0.000032
38.550000 0.000051
38.600000 0.000054
38.650000 0.000059
38.700000 0.000050
38.750000 0.000041
38.800000 0.000021
38.850000 0.000003
38.900000 -0.000019
38.950000 -0.000037
39.000000 -0.000051
39.050000 -0.000061
39.100000 -0.000060
39.150000 -0.000057
39.200000 -0.000041
39.250000 -0.000027
39.300000 -0.000001
39.350000 0.000016
39.400000 0.000042
39.450000 0.000051
39.500000 0.000068
39.550000 0.000062
39.600000 0.000065
39.650000 0.000043
39.700000 0.000034
39.750000 0.000001
39.800000 -0.000012
39.850000 -0.000045
39.900000 -0.000050
39.950000 -0.000075
40.000000 -0.000064
40.050000 -0.000074
40.100000 -0.000046
40.150000 -0.000042
40.200000 -0.000002
40.250000 0.000005
40.300000 0.000047
40.350000 0.000048
40.400000 0.000081
40.450000 0.000066
40.500000 0.000083
40.550000 0.000051
40.600000 0.000053
40.650000 0.000007
40.700000 0.000003
40.750000 -0.000047
40.800000 -0.000045
40.850000 -0.000086
40.900000 -0.000069
40.950000 -0.000094
41.000000 -0.000057
41.050000 -0.000066
41.100000 -0.000013
41.150000 -0.000014
41.200000 0.000044
41.250000 0.000040
41.300000 0.000090
41.350000 0.000070
41.400000 0.000104
41.450000 0.000064
41.500000 0.000080
41.550000 0.000023
41.600000 0.000028
41.650000 -0.000038
41.700000 -0.000031
41.750000 -0.000091
41.800000 -0.000070
41.850000 -0.000114
41.900000 -0.000072
41.950000 -0.000097
42.000000 -0.000035
42.050000 -0.000045
42.100000 0.000027
42.150000 0.000019
42.200000 0.000088
42.250000 0.000068
42.300000 0.000122
42.350000 0.000081
42.400000 0.000114
42.450000 0.000050
42.500000 0.000066
42.550000 -0.000012
42.600000 -0.000002
42.650000 -0.000081
42.700000 -0.000061
42.750000 -0.000127
42.800000 -0.000087
42.850000 -0.000131
42.900000 -0.000067
42.950000 -0.000090
43.000000 -0.000008
43.050000 -0.000021
43.100000 0.000067
43.150000 0.000049
43.200000 0.000127
43.250000 0.000090
43.300000 0.000146
43.350000 0.000084
43.400000 0.000117
43.450000 0.000032
43.500000 0.000050
43.550000 -0.000046
43.600000 -0.000029
43.650000 -0.000119
43.700000 -0.000087
43.750000 -0.000157
43.800000 -0.000099
43.850000 -0.000143
43.900000 -0.000059
43.950000 -0.000083
44.000000 0.000017
44.050000 0.000001
44.100000 0.000102
44.150000 0.000075
44.200000 0.000159
44.250000 0.000108
44.300000 0.000166
44.350000 0.000085
44.400000 0.000117
44.450000 0.000012
44.500000 0.000028
44.550000 -0.000086
44.600000 -0.000068
44.650000 -0.000172
44.700000 -0.000136
44.750000 -0.000216
44.800000 -0.000150
44.850000 -0.000201
44.900000 -0.000102
44.950000 -0.000125
