-30.000000 -0.000047
-29.950000 -0.000044
-29.900000 -0.000087
-29.850000 -0.000080
-29.800000 -0.000118
-29.750000 -0.000104
-29.700000 -0.000134
-29.650000 -0.000113
-29.600000 -0.000134
-29.550000 -0.000104
-29.500000 -0.000116
-29.450000 -0.000079
-29.400000 -0.000085
-29.350000 -0.000042
-29.300000 -0.000044
-29.250000 0.000001
-29.200000 0.000000
-29.150000 0.000044
-29.100000 0.000040
-29.050000 0.000080
-29.000000 0.000072
-28.950000 0.000106
-28.900000 0.000091
-28.850000 0.000117
-28.800000 0.000094
-28.750000 0.000112
-28.700000 0.000081
-28.650000 0.000092
-28.600000 0.000055
-28.550000 0.000059
-28.500000 0.000017
-28.450000 0.000017
-28.400000 -0.000027
-28.350000 -0.000027
-28.300000 -0.000069
-28.250000 -0.000066
-28.200000 -0.000103
-28.150000 -0.000094
-28.100000 -0.000124
-28.050000 -0.000106
-28.000000 -0.000127
-27.950000 -0.000100
-27.900000 -0.000111
-27.850000 -0.000076
-27.800000 -0.000079
-27.750000 -0.000037
-27.700000 -0.000036
-27.650000 0.000008
-27.600000 0.000011
-27.550000 0.000054
-27.500000 0.000054
-27.450000 0.000092
-27.400000 0.000087
-27.350000 0.000118
-27.300000 0.000105
-27.250000 0.000129
-27.200000 0.000108
-27.150000 0.000122
-27.100000 0.000093
-27.050000 0.000100
-27.000000 0.000065
-26.950000 0.000066
-26.900000 0.000025
-26.850000 0.000023
-26.800000 -0.000020
-26.750000 -0.000023
-26.700000 -0.000065
-26.650000 -0.000066
-26.600000 -0.000104
-26.550000 -0.000100
-26.500000 -0.000130
-26.450000 -0.000118
-26.400000 -0.000139
-26.350000 -0.000118
-26.300000 -0.000129
-26.250000 -0.000098
-26.200000 -0.000101
-26.150000 -0.000062
-26.100000 -0.000058
-26.050000 -0.000015
-26.000000 -0.000008
-25.950000 0.000036
-25.900000 0.000042
-25.850000 0.000083
-25.800000 0.000084
-25.750000 0.000119
-25.700000 0.000113
-25.650000 0.000139
-25.600000 0.000125
-25.550000 0.000142
-25.500000 0.000118
-25.450000 0.000126
-25.400000 0.000095
-25.350000 0.000096
-25.300000 0.000058
-25.250000 0.000054
-25.200000 0.000013
-25.150000 0.000005
-25.100000 -0.000036
-25.050000 -0.000043
-25.000000 -0.000083
-24.950000 -0.000086
-24.900000 -0.000121
-24.850000 -0.000119
-24.800000 -0.000146
-24.750000 -0.000135
-24.700000 -0.000152
-24.650000 -0.000132
-24.600000 -0.000139
-24.550000 -0.000109
-24.500000 -0.000107
-24.450000 -0.000069
-24.400000 -0.000061
-24.350000 -0.000018
-24.300000 -0.000006
-24.250000 0.000038
-24.200000 0.000049
-24.150000 0.000089
-24.100000 0.000095
-24.050000 0.000130
-24.000000 0.000128
-23.950000 0.000153
-23.900000 0.000143
-23.850000 0.000158
-23.800000 0.000138
-23.750000 0.000144
-23.700000 0.000115
-23.650000 0.000113
-23.600000 0.000078
-23.550000 0.000070
-23.500000 0.000030
-23.450000 0.000019
-23.400000 -0.000023
-23.350000 -0.000034
-23.300000 -0.000075
-23.250000 -0.000084
-23.200000 -0.000120
-23.150000 -0.000123
-23.100000 -0.000152
-23.050000 -0.000148
-23.000000 -0.000168
-22.950000 -0.000154
-22.900000 -0.000164
-22.850000 -0.000140
-22.800000 -0.000140
-22.750000 -0.000106
-22.700000 -0.000097
-22.650000 -0.000057
-22.600000 -0.000042
-22.550000 0.000002
-22.500000 0.000018
-22.450000 0.000062
-22.400000 0.000075
-22.350000 0.000114
-22.300000 0.000122
-22.250000 0.000153
-22.200000 0.000152
-22.150000 0.000174
-22.100000 0.000163
-22.050000 0.000174
-22.000000 0.000154
-21.950000 0.000156
-21.900000 0.000128
-21.850000 0.000121
-21.800000 0.000086
-21.750000 0.000074
-21.700000 0.000034
-21.650000 0.000019
-21.600000 -0.000023
-21.550000 -0.000039
-21.500000 -0.000080
-21.450000 -0.000094
-21.400000 -0.000130
-21.350000 -0.000138
-21.300000 -0.000168
-21.250000 -0.000168
-21.200000 -0.000188
-21.150000 -0.000178
-21.100000 -0.000187
-21.050000 -0.000166
-21.000000 -0.000165
-20.950000 -0.000134
-20.900000 -0.000123
-20.850000 -0.000084
-20.800000 -0.000066
-20.750000 -0.000022
-20.700000 -0.000002
-20.650000 0.000042
-20.600000 0.000062
-20.550000 0.000102
-20.500000 0.000117
-20.450000 0.000151
-20.400000 0.000158
-20.350000 0.000183
-20.300000 0.000181
-20.250000 0.000196
-20.200000 0.000184
-20.150000 0.000190
-20.100000 0.000168
-20.050000 0.000165
-20.000000 0.000135
-19.950000 0.000124
-19.900000 0.000088
-19.850000 0.000070
-19.800000 0.000029
-19.750000 0.000009
-19.700000 -0.000034
-19.650000 -0.000055
-19.600000 -0.000097
-19.550000 -0.000115
-19.500000 -0.000152
-19.450000 -0.000164
-19.400000 -0.000193
-19.350000 -0.000196
-19.300000 -0.000214
-19.250000 -0.000206
-19.200000 -0.000213
-19.150000 -0.000193
-19.100000 -0.000188
-19.050000 -0.000158
-19.000000 -0.000144
-18.950000 -0.000106
-18.900000 -0.000085
-18.850000 -0.000042
-18.800000 -0.000018
-18.750000 0.000026
-18.700000 0.000049
-18.650000 0.000090
-18.600000 0.000110
-18.550000 0.000146
-18.500000 0.000160
-18.450000 0.000188
-18.400000 0.000194
-18.350000 0.000214
-18.300000 0.000211
-18.250000 0.000221
-18.200000 0.000208
-18.150000 0.000209
-18.100000 0.000186
-18.050000 0.000178
-18.000000 0.000146
-17.950000 0.000128
-17.900000 0.000089
-17.850000 0.000066
-17.800000 0.000022
-17.750000 -0.000006
-17.700000 -0.000051
-17.650000 -0.000078
-17.600000 -0.000120
-17.550000 -0.000143
-17.500000 -0.000179
-17.450000 -0.000194
-17.400000 -0.000221
-17.350000 -0.000226
-17.300000 -0.000241
-17.250000 -0.000235
-17.200000 -0.000239
-17.150000 -0.000221
-17.100000 -0.000215
-17.050000 -0.000187
-17.000000 -0.000172
-16.950000 -0.000137
-16.900000 -0.000116
-16.850000 -0.000076
-16.800000 -0.000050
-16.750000 -0.000008
-16.700000 0.000019
-16.650000 0.000062
-16.600000 0.000088
-16.550000 0.000127
-16.500000 0.000150
-16.450000 0.000184
-16.400000 0.000201
-16.350000 0.000228
-16.300000 0.000236
-16.250000 0.000254
-16.200000 0.000252
-16.150000 0.000259
-16.100000 0.000245
-16.050000 0.000240
-16.000000 0.000216
-15.950000 0.000200
-15.900000 0.000165
-15.850000 0.000140
-15.800000 0.000098
-15.750000 0.000068
-15.700000 0.000023
-15.650000 -0.000009
-15.600000 -0.000054
-15.550000 -0.000085
-15.500000 -0.000126
-15.450000 -0.000152
-15.400000 -0.000187
-15.350000 -0.000205
-15.300000 -0.000232
-15.250000 -0.000243
-15.200000 -0.000260
-15.150000 -0.000262
-15.100000 -0.000270
-15.050000 -0.000262
-15.000000 -0.000260
-14.950000 -0.000242
-14.900000 -0.000231
-14.850000 -0.000205
-14.800000 -0.000185
-14.750000 -0.000150
-14.700000 -0.000123
-14.650000 -0.000082
-14.600000 -0.000049
-14.550000 -0.000004
-14.500000 0.000031
-14.450000 0.000076
-14.400000 0.000110
-14.350000 0.000152
-14.300000 0.000182
-14.250000 0.000217
-14.200000 0.000239
-14.150000 0.000265
-14.100000 0.000276
-14.050000 0.000291
-14.000000 0.000292
-13.950000 0.000295
-13.900000 0.000285
-13.850000 0.000278
-13.800000 0.000257
-13.750000 0.000241
-13.700000 0.000213
-13.650000 0.000189
-13.600000 0.000155
-13.550000 0.000126
-13.500000 0.000087
-13.450000 0.000055
-13.400000 0.000013
-13.350000 -0.000021
-13.300000 -0.000064
-13.250000 -0.000098
-13.200000 -0.000139
-13.150000 -0.000171
-13.100000 -0.000208
-13.050000 -0.000235
-13.000000 -0.000264
-12.950000 -0.000283
-12.900000 -0.000303
-12.850000 -0.000312
-12.800000 -0.000321
-12.750000 -0.000319
-12.700000 -0.000316
-12.650000 -0.000302
-12.600000 -0.000288
-12.550000 -0.000264
-12.500000 -0.000240
-12.450000 -0.000208
-12.400000 -0.000177
-12.350000 -0.000139
-12.300000 -0.000103
-12.250000 -0.000063
-12.200000 -0.000025
-12.150000 0.000016
-12.100000 0.000053
-12.050000 0.000093
-12.000000 0.000128
-11.950000 0.000164
-11.900000 0.000196
-11.850000 0.000227
-11.800000 0.000254
-11.750000 0.000280
-11.700000 0.000300
-11.650000 0.000318
-11.600000 0.000330
-11.550000 0.000339
-11.500000 0.000341
-11.450000 0.000339
-11.400000 0.000331
-11.350000 0.000318
-11.300000 0.000299
-11.250000 0.000276
-11.200000 0.000247
-11.150000 0.000215
-11.100000 0.000179
-11.050000 0.000141
-11.000000 0.000101
-10.950000 0.000060
-10.900000 0.000019
-10.850000 -0.000023
-10.800000 -0.000063
-10.750000 -0.000102
-10.700000 -0.000139
-10.650000 -0.000175
-10.600000 -0.000207
-10.550000 -0.000238
-10.500000 -0.000264
-10.450000 -0.000290
-10.400000 -0.000310
-10.350000 -0.000329
-10.300000 -0.000342
-10.250000 -0.000353
-10.200000 -0.000358
-10.150000 -0.000362
-10.100000 -0.000358
-10.050000 -0.000352
-10.000000 -0.000338
-9.950000 -0.000323
-9.900000 -0.000300
-9.850000 -0.000276
-9.800000 -0.000244
-9.750000 -0.000212
-9.700000 -0.000174
-9.650000 -0.000137
-9.600000 -0.000094
-9.550000 -0.000054
-9.500000 -0.000010
-9.450000 0.000029
-9.400000 0.000072
-9.350000 0.000109
-9.300000 0.000148
-9.250000 0.000180
-9.200000 0.000215
-9.150000 0.000242
-9.100000 0.000273
-9.050000 0.000294
-9.000000 0.000319
-8.950000 0.000335
-8.900000 0.000354
-8.850000 0.000364
-8.800000 0.000377
-8.750000 0.000379
-8.700000 0.000385
-8.650000 0.000380
-8.600000 0.000378
-8.550000 0.000363
-8.500000 0.000353
-8.450000 0.000330
-8.400000 0.000311
-8.350000 0.000280
-8.300000 0.000254
-8.250000 0.000217
-8.200000 0.000186
-8.150000 0.000144
-8.100000 0.000110
-8.050000 0.000066
-8.000000 0.000031
-7.950000 -0.000012
-7.900000 -0.000045
-7.850000 -0.000087
-7.800000 -0.000116
-7.750000 -0.000155
-7.700000 -0.000181
-7.650000 -0.000216
-7.600000 -0.000239
-7.550000 -0.000271
-7.500000 -0.000290
-7.450000 -0.000318
-7.400000 -0.000333
-7.350000 -0.000357
-7.300000 -0.000367
-7.250000 -0.000387
-7.200000 -0.000391
-7.150000 -0.000404
-7.100000 -0.000400
-7.050000 -0.000406
-7.000000 -0.000395
-6.950000 -0.000393
-6.900000 -0.000373
-6.850000 -0.000364
-6.800000 -0.000338
-6.750000 -0.000322
-6.700000 -0.000290
-6.650000 -0.000270
-6.600000 -0.000235
-6.550000 -0.000213
-6.500000 -0.000176
-6.450000 -0.000153
-6.400000 -0.000115
-6.350000 -0.000093
-6.300000 -0.000055
-6.250000 -0.000033
-6.200000 0.000004
-6.150000 0.000025
-6.100000 0.000062
-6.050000 0.000083
-6.000000 0.000120
-5.950000 0.000140
-5.900000 0.000177
-5.850000 0.000196
-5.800000 0.000231
-5.750000 0.000247
-5.700000 0.000280
-5.650000 0.000292
-5.600000 0.000321
-5.550000 0.000328
-5.500000 0.000351
-5.450000 0.000352
-5.400000 0.000369
-5.350000 0.000363
-5.300000 0.000374
-5.250000 0.000363
-5.200000 0.000370
-5.150000 0.000355
-5.100000 0.000358
-5.050000 0.000340
-5.000000 0.000342
-4.950000 0.000323
-4.900000 0.000323
-4.850000 0.000303
-4.800000 0.000302
-4.750000 0.000280
-4.700000 0.000278
-4.650000 0.000254
-4.600000 0.000249
-4.550000 0.000222
-4.500000 0.000215
-4.450000 0.000184
-4.400000 0.000174
-4.350000 0.000140
-4.300000 0.000129
-4.250000 0.000093
-4.200000 0.000081
-4.150000 0.000045
-4.100000 0.000033
-4.050000 -0.000001
-4.000000 -0.000011
-3.950000 -0.000045
-3.900000 -0.000052
-3.850000 -0.000084
-3.800000 -0.000090
-3.750000 -0.000120
-3.700000 -0.000125
-3.650000 -0.000155
-3.600000 -0.000161
-3.550000 -0.000193
-3.500000 -0.000202
-3.450000 -0.000237
-3.400000 -0.000249
-3.350000 -0.000289
-3.300000 -0.000305
-3.250000 -0.000349
-3.200000 -0.000370
-3.150000 -0.000419
-3.100000 -0.000444
-3.050000 -0.000498
-3.000000 -0.000528
-2.950000 -0.000588
-2.900000 -0.000624
-2.850000 -0.000691
-2.800000 -0.000736
-2.750000 -0.000815
-2.700000 -0.000872
-2.650000 -0.000966
-2.600000 -0.001042
-2.550000 -0.001156
-2.500000 -0.001254
-2.450000 -0.001395
-2.400000 -0.001522
-2.350000 -0.001695
-2.300000 -0.001856
-2.250000 -0.002067
-2.200000 -0.002269
-2.150000 -0.002525
-2.100000 -0.002777
-2.050000 -0.003087
-2.000000 -0.003397
-1.950000 -0.003772
-1.900000 -0.004154
-1.850000 -0.004609
-1.800000 -0.005078
-1.750000 -0.005630
-1.700000 -0.006208
-1.650000 -0.006880
-1.600000 -0.007590
-1.550000 -0.008410
-1.500000 -0.009284
-1.450000 -0.010285
-1.400000 -0.011359
-1.350000 -0.012580
-1.300000 -0.013897
-1.250000 -0.015386
-1.200000 -0.016997
-1.150000 -0.018810
-1.100000 -0.020778
-1.050000 -0.022984
-1.000000 -0.025382
-0.950000 -0.028064
-0.900000 -0.030986
-0.850000 -0.034243
-0.800000 -0.037800
-0.750000 -0.041757
-0.700000 -0.046084
-0.650000 -0.050889
-0.600000 -0.056149
-0.550000 -0.061980
-0.500000 -0.068368
-0.450000 -0.075438
-0.400000 -0.083185
-0.350000 -0.091745
-0.300000 -0.101123
-0.250000 -0.111468
-0.200000 -0.122797
-0.150000 -0.135271
-0.100000 -0.148921
-0.050000 -0.163923
0.000000 -0.180319
0.050000 -0.198302
0.100000 -0.217928
0.150000 -0.239401
0.200000 -0.262791
0.250000 -0.288314
0.300000 -0.316047
0.350000 -0.346212
0.400000 -0.378888
0.450000 -0.414296
0.500000 -0.452504
0.550000 -0.493719
0.600000 -0.537986
0.650000 -0.585478
0.700000 -0.636192
0.750000 -0.690245
0.800000 -0.747562
0.850000 -0.808172
0.900000 -0.871896
0.950000 -0.938642
1.000000 -1.008093
1.050000 -1.080003
1.100000 -1.153886
1.150000 -1.229318
1.200000 -1.305627
1.250000 -1.382199
1.300000 -1.458179
1.350000 -1.532783
1.400000 -1.605005
1.450000 -1.673945
1.500000 -1.738516
1.550000 -1.797788
1.600000 -1.850704
1.650000 -1.896421
1.700000 -1.934031
1.750000 -1.962909
1.800000 -1.982418
1.850000 -1.992255
1.900000 -1.992145
1.950000 -1.982169
2.000000 -1.962445
2.050000 -1.933440
2.100000 -1.895632
2.150000 -1.849809
2.200000 -1.796721
2.250000 -1.737373
2.300000 -1.672663
2.350000 -1.603685
2.400000 -1.531362
2.450000 -1.456757
2.500000 -1.380715
2.550000 -1.304179
2.600000 -1.227844
2.650000 -1.152482
2.700000 -1.078601
2.750000 -1.006786
2.800000 -0.937358
2.850000 -0.870722
2.900000 -0.807032
2.950000 -0.746537
3.000000 -0.689255
3.050000 -0.635316
3.100000 -0.584632
3.150000 -0.537247
3.200000 -0.493002
3.250000 -0.451884
3.300000 -0.413690
3.350000 -0.378371
3.400000 -0.345702
3.450000 -0.315621
3.500000 -0.287891
3.550000 -0.262449
3.600000 -0.239061
3.650000 -0.217667
3.700000 -0.198043
3.750000 -0.180140
3.800000 -0.163743
3.850000 -0.148820
3.900000 -0.135168
3.950000 -0.122768
4.000000 -0.111432
4.050000 -0.101154
4.100000 -0.091762
4.150000 -0.083262
4.200000 -0.075492
4.250000 -0.068474
4.300000 -0.062056
4.350000 -0.056270
4.400000 -0.050974
4.450000 -0.046210
4.500000 -0.041845
4.550000 -0.037928
4.600000 -0.034334
4.650000 -0.031118
4.700000 -0.028161
4.750000 -0.025525
4.800000 -0.023095
4.850000 -0.020937
4.900000 -0.018940
4.950000 -0.017176
5.000000 -0.015535
5.050000 -0.014093
5.100000 -0.012743
5.150000 -0.011564
5.200000 -0.010452
5.250000 -0.009488
5.300000 -0.008569
5.350000 -0.007780
5.400000 -0.007020
5.450000 -0.006374
5.500000 -0.005744
5.550000 -0.005217
5.600000 -0.004695
5.650000 -0.004267
5.700000 -0.003835
5.750000 -0.003490
5.800000 -0.003134
5.850000 -0.002858
5.900000 -0.002565
5.950000 -0.002346
6.000000 -0.002105
6.050000 -0.001933
6.100000 -0.001733
6.150000 -0.001598
6.200000 -0.001432
6.250000 -0.001326
6.300000 -0.001186
6.350000 -0.001103
6.400000 -0.000983
6.450000 -0.000919
6.500000 -0.000816
6.550000 -0.000769
6.600000 -0.000681
6.650000 -0.000648
6.700000 -0.000575
6.750000 -0.000559
6.800000 -0.000502
6.850000 -0.000504
6.900000 -0.000467
6.950000 -0.000489
7.000000 -0.000475
7.050000 -0.000522
7.100000 -0.000535
7.150000 -0.000613
7.200000 -0.000661
7.250000 -0.000779
7.300000 -0.000873
7.350000 -0.001046
7.400000 -0.001204
7.450000 -0.001453
7.500000 -0.001705
7.550000 -0.002068
7.600000 -0.002458
7.650000 -0.002991
7.700000 -0.003588
7.750000 -0.004375
7.800000 -0.005282
7.850000 -0.006448
7.900000 -0.007818
7.950000 -0.009549
8.000000 -0.011608
8.050000 -0.014179
8.100000 -0.017262
8.150000 -0.021079
8.200000 -0.025680
8.250000 -0.031346
8.300000 -0.038199
8.350000 -0.046607
8.400000 -0.056796
8.450000 -0.069264
8.500000 -0.084393
8.550000 -0.102865
8.600000 -0.125287
8.650000 -0.152611
8.700000 -0.185764
8.750000 -0.226080
8.800000 -0.274934
8.850000 -0.334185
8.900000 -0.405816
8.950000 -0.492379
9.000000 -0.596630
9.050000 -0.721969
9.100000 -0.872041
9.150000 -1.051130
9.200000 -1.263688
9.250000 -1.514602
9.300000 -1.808555
9.350000 -2.150066
9.400000 -2.542548
9.450000 -2.988003
9.500000 -3.485703
9.550000 -4.031551
9.600000 -4.616588
9.650000 -5.226481
9.700000 -5.840620
9.750000 -6.432825
9.800000 -6.972285
9.850000 -7.426537
9.900000 -7.764661
9.950000 -7.961797
10.000000 -8.002495
10.050000 -7.883616
10.100000 -7.614457
10.150000 -7.215614
10.200000 -6.715341
10.250000 -6.145920
10.300000 -5.539291
10.350000 -4.924333
10.400000 -4.324477
10.450000 -3.757326
10.500000 -3.234367
10.550000 -2.762139
10.600000 -2.342837
10.650000 -1.975828
10.700000 -1.658208
10.750000 -1.386046
10.800000 -1.154583
10.850000 -0.959104
10.900000 -0.794810
10.950000 -0.657426
11.000000 -0.542871
11.050000 -0.447729
11.100000 -0.368814
11.150000 -0.303582
11.200000 -0.249660
11.250000 -0.205237
11.300000 -0.168592
11.350000 -0.138481
11.400000 -0.113666
11.450000 -0.093319
11.500000 -0.076553
11.550000 -0.062834
11.600000 -0.051520
11.650000 -0.042282
11.700000 -0.034651
11.750000 -0.028437
11.800000 -0.023289
11.850000 -0.019115
11.900000 -0.015639
11.950000 -0.012839
12.000000 -0.010492
12.050000 -0.008617
12.100000 -0.007031
12.150000 -0.005782
12.200000 -0.004709
12.250000 -0.003882
12.300000 -0.003155
12.350000 -0.002613
12.400000 -0.002119
12.450000 -0.001767
12.500000 -0.001430
12.550000 -0.001205
12.600000 -0.000970
12.650000 -0.000829
12.700000 -0.000662
12.750000 -0.000575
12.800000 -0.000451
12.850000 -0.000399
12.900000 -0.000302
12.950000 -0.000273
13.000000 -0.000195
13.050000 -0.000180
13.100000 -0.000115
13.150000 -0.000112
13.200000 -0.000057
13.250000 -0.000064
13.300000 -0.000018
13.350000 -0.000033
13.400000 0.000004
13.450000 -0.000019
13.500000 0.000011
13.550000 -0.000019
13.600000 0.000007
13.650000 -0.000027
13.700000 -0.000003
13.750000 -0.000038
13.800000 -0.000014
13.850000 -0.000047
13.900000 -0.000021
13.950000 -0.000050
14.000000 -0.000020
14.050000 -0.000046
14.100000 -0.000011
14.150000 -0.000034
14.200000 0.000003
14.250000 -0.000018
14.300000 0.000020
14.350000 -0.000002
14.400000 0.000035
14.450000 0.000011
14.500000 0.000044
14.550000 0.000016
14.600000 0.000046
14.650000 0.000014
14.700000 0.000039
14.750000 0.000004
14.800000 0.000026
14.850000 -0.000011
14.900000 0.000010
14.950000 -0.000028
15.000000 -0.000005
15.050000 -0.000042
15.100000 -0.000016
15.150000 -0.000049
15.200000 -0.000019
15.250000 -0.000047
15.300000 -0.000012
15.350000 -0.000036
15.400000 0.000002
15.450000 -0.000020
15.500000 0.000020
15.550000 -0.000002
15.600000 0.000037
15.650000 0.000013
15.700000 0.000048
15.750000 0.000020
15.800000 0.000051
15.850000 0.000018
15.900000 0.000044
15.950000 0.000007
16.000000 0.000030
16.050000 -0.000010
16.100000 0.000012
16.150000 -0.000028
16.200000 -0.000005
16.250000 -0.000042
16.300000 -0.000016
16.350000 -0.000050
16.400000 -0.000020
16.450000 -0.000050
16.500000 -0.000015
16.550000 -0.000041
16.600000 -0.000002
16.650000 -0.000025
16.700000 0.000015
16.750000 -0.000007
16.800000 0.000033
16.850000 0.000009
16.900000 0.000047
16.950000 0.000020
17.000000 0.000054
17.050000 0.000022
17.100000 0.000051
17.150000 0.000014
17.200000 0.000039
17.250000 -0.000002
17.300000 0.000021
17.350000 -0.000021
17.400000 0.000001
17.450000 -0.000040
17.500000 -0.000015
17.550000 -0.000053
17.600000 -0.000024
17.650000 -0.000056
17.700000 -0.000022
17.750000 -0.000049
17.800000 -0.000010
17.850000 -0.000034
17.900000 0.000008
17.950000 -0.000014
18.000000 0.000028
18.050000 0.000005
18.100000 0.000045
18.150000 0.000019
18.200000 0.000055
18.250000 0.000024
18.300000 0.000056
18.350000 0.000020
18.400000 0.000047
18.450000 0.000007
18.500000 0.000031
18.550000 -0.000011
18.600000 0.000012
18.650000 -0.000031
18.700000 -0.000007
18.750000 -0.000048
18.800000 -0.000021
18.850000 -0.000058
18.900000 -0.000026
18.950000 -0.000058
19.000000 -0.000021
19.050000 -0.000048
19.100000 -0.000007
19.150000 -0.000030
19.200000 0.000014
19.250000 -0.000008
19.300000 0.000035
19.350000 0.000012
19.400000 0.000053
19.450000 0.000025
19.500000 0.000062
19.550000 0.000029
19.600000 0.000059
19.650000 0.000021
19.700000 0.000047
19.750000 0.000004
19.800000 0.000027
19.850000 -0.000018
19.900000 0.000005
19.950000 -0.000039
20.000000 -0.000014
20.050000 -0.000055
20.100000 -0.000026
20.150000 -0.000062
20.200000 -0.000029
20.250000 -0.000059
20.300000 -0.000020
20.350000 -0.000047
20.400000 -0.000004
20.450000 -0.000027
20.500000 0.000017
20.550000 -0.000005
20.600000 0.000039
20.650000 0.000015
20.700000 0.000056
20.750000 0.000028
20.800000 0.000065
20.850000 0.000031
20.900000 0.000063
20.950000 0.000024
21.000000 0.000050
21.050000 0.000006
21.100000 0.000029
21.150000 -0.000017
21.200000 0.000004
21.250000 -0.000041
21.300000 -0.000018
21.350000 -0.000060
21.400000 -0.000032
21.450000 -0.000068
21.500000 -0.000034
21.550000 -0.000065
21.600000 -0.000025
21.650000 -0.000051
21.700000 -0.000006
21.750000 -0.000029
21.800000 0.000018
21.850000 -0.000004
21.900000 0.000041
21.950000 0.000017
22.000000 0.000060
22.050000 0.000031
22.100000 0.000069
22.150000 0.000035
22.200000 0.000067
22.250000 0.000027
22.300000 0.000054
22.350000 0.000010
22.400000 0.000034
22.450000 -0.000013
22.500000 0.000009
22.550000 -0.000037
22.600000 -0.000014
22.650000 -0.000058
22.700000 -0.000032
22.750000 -0.000071
22.800000 -0.000039
22.850000 -0.000072
22.900000 -0.000034
22.950000 -0.000061
23.000000 -0.000017
23.050000 -0.000039
23.100000 0.000008
23.150000 -0.000013
23.200000 0.000035
23.250000 0.000013
23.300000 0.000059
23.350000 0.000033
23.400000 0.000073
23.450000 0.000042
23.500000 0.000075
23.550000 0.000037
23.600000 0.000065
23.650000 0.000021
23.700000 0.000044
23.750000 -0.000003
23.800000 0.000018
23.850000 -0.000030
23.900000 -0.000008
23.950000 -0.000054
24.000000 -0.000029
24.050000 -0.000070
24.100000 -0.000041
24.150000 -0.000077
24.200000 -0.000041
24.250000 -0.000071
24.300000 -0.000029
24.350000 -0.000054
24.400000 -0.000008
24.450000 -0.000029
24.500000 0.000019
24.550000 -0.000001
24.600000 0.000046
24.650000 0.000024
24.700000 0.000069
24.750000 0.000042
24.800000 0.000081
24.850000 0.000048
24.900000 0.000079
24.950000 0.000039
25.000000 0.000065
25.050000 0.000019
25.100000 0.000040
25.150000 -0.000009
25.200000 0.000010
25.250000 -0.000039
25.300000 -0.000019
25.350000 -0.000065
25.400000 -0.000040
25.450000 -0.000080
25.500000 -0.000050
25.550000 -0.000083
25.600000 -0.000045
25.650000 -0.000072
25.700000 -0.000029
25.750000 -0.000051
25.800000 -0.000004
25.850000 -0.000023
25.900000 0.000025
25.950000 0.000006
26.000000 0.000053
26.050000 0.000031
26.100000 0.000075
26.150000 0.000048
26.200000 0.000085
26.250000 0.000052
26.300000 0.000083
26.350000 0.000043
26.400000 0.000068
26.450000 0.000022
26.500000 0.000042
26.550000 -0.000007
26.600000 0.000010
26.650000 -0.000039
26.700000 -0.000021
26.750000 -0.000068
26.800000 -0.000045
26.850000 -0.000087
26.900000 -0.000058
26.950000 -0.000091
27.000000 -0.000055
27.050000 -0.000081
27.100000 -0.000038
27.150000 -0.000058
27.200000 -0.000010
27.250000 -0.000027
27.300000 0.000023
27.350000 0.000006
27.400000 0.000054
27.450000 0.000034
27.500000 0.000078
27.550000 0.000053
27.600000 0.000091
27.650000 0.000059
27.700000 0.000090
27.750000 0.000052
27.800000 0.000076
27.850000 0.000032
27.900000 0.000051
27.950000 0.000003
28.000000 0.000019
28.050000 -0.000030
28.100000 -0.000014
28.150000 -0.000062
28.200000 -0.000043
28.250000 -0.000086
28.300000 -0.000061
28.350000 -0.000098
28.400000 -0.000065
28.450000 -0.000094
28.500000 -0.000055
28.550000 -0.000076
28.600000 -0.000030
28.650000 -0.000046
28.700000 0.000004
28.750000 -0.000010
28.800000 0.000040
28.850000 0.000025
28.900000 0.000071
28.950000 0.000052
29.000000 0.000092
29.050000 0.000065
29.100000 0.000098
29.150000 0.000064
29.200000 0.000089
29.250000 0.000047
29.300000 0.000066
29.350000 0.000019
29.400000 0.000034
29.450000 -0.000015
29.500000 -0.000001
29.550000 -0.000049
29.600000 -0.000033
29.650000 -0.000076
29.700000 -0.000054
29.750000 -0.000090
29.800000 -0.000059
29.850000 -0.000085
29.900000 -0.000042
29.950000 -0.000055
