-30.000000 0.000044
-29.950000 0.000031
-29.900000 0.000062
-29.850000 0.000038
-29.800000 0.000059
-29.750000 0.000024
-29.700000 0.000037
-29.650000 -0.000004
-29.600000 0.000004
-29.550000 -0.000039
-29.500000 -0.000032
-29.450000 -0.000074
-29.400000 -0.000063
-29.350000 -0.000100
-29.300000 -0.000083
-29.250000 -0.000113
-29.200000 -0.000087
-29.150000 -0.000108
-29.100000 -0.000073
-29.050000 -0.000087
-29.000000 -0.000045
-28.950000 -0.000053
-28.900000 -0.000007
-28.850000 -0.000012
-28.800000 0.000035
-28.750000 0.000029
-28.700000 0.000073
-28.650000 0.000062
-28.600000 0.000101
-28.550000 0.000084
-28.500000 0.000115
-28.450000 0.000091
-28.400000 0.000114
-28.350000 0.000081
-28.300000 0.000098
-28.250000 0.000058
-28.200000 0.000068
-28.150000 0.000023
-28.100000 0.000029
-28.050000 -0.000018
-28.000000 -0.000013
-27.950000 -0.000060
-27.900000 -0.000053
-27.850000 -0.000096
-27.800000 -0.000083
-27.750000 -0.000119
-27.700000 -0.000098
-27.650000 -0.000126
-27.600000 -0.000096
-27.550000 -0.000115
-27.500000 -0.000076
-27.450000 -0.000087
-27.400000 -0.000041
-27.350000 -0.000046
-27.300000 0.000004
-27.250000 -0.000000
-27.200000 0.000049
-27.150000 0.000044
-27.100000 0.000090
-27.050000 0.000078
-27.000000 0.000118
-26.950000 0.000099
-26.900000 0.000130
-26.850000 0.000102
-26.800000 0.000125
-26.750000 0.000089
-26.700000 0.000103
-26.650000 0.000060
-26.600000 0.000069
-26.550000 0.000021
-26.500000 0.000027
-26.450000 -0.000023
-26.400000 -0.000018
-26.350000 -0.000067
-26.300000 -0.000060
-26.250000 -0.000105
-26.200000 -0.000092
-26.150000 -0.000130
-26.100000 -0.000109
-26.050000 -0.000139
-26.000000 -0.000109
-25.950000 -0.000129
-25.900000 -0.000089
-25.850000 -0.000101
-25.800000 -0.000054
-25.750000 -0.000060
-25.700000 -0.000007
-25.650000 -0.000010
-25.600000 0.000043
-25.550000 0.000039
-25.500000 0.000090
-25.450000 0.000081
-25.400000 0.000125
-25.350000 0.000108
-25.300000 0.000144
-25.250000 0.000118
-25.200000 0.000144
-25.150000 0.000108
-25.100000 0.000126
-25.050000 0.000082
-25.000000 0.000093
-24.950000 0.000043
-24.900000 0.000049
-24.850000 -0.000004
-24.800000 0.000001
-24.750000 -0.000052
-24.700000 -0.000047
-24.650000 -0.000097
-24.600000 -0.000087
-24.550000 -0.000131
-24.500000 -0.000114
-24.450000 -0.000151
-24.400000 -0.000125
-24.350000 -0.000153
-24.300000 -0.000117
-24.250000 -0.000135
-24.200000 -0.000090
-24.150000 -0.000100
-24.100000 -0.000047
-24.050000 -0.000051
-24.000000 0.000005
-23.950000 0.000003
-23.900000 0.000060
-23.850000 0.000056
-23.800000 0.000109
-23.750000 0.000099
-23.700000 0.000144
-23.650000 0.000126
-23.600000 0.000162
-23.550000 0.000133
-23.500000 0.000160
-23.450000 0.000122
-23.400000 0.000139
-23.350000 0.000092
-23.300000 0.000103
-23.250000 0.000050
-23.200000 0.000055
-23.150000 -0.000001
-23.100000 0.000003
-23.050000 -0.000054
-23.000000 -0.000049
-22.950000 -0.000103
-22.900000 -0.000094
-22.850000 -0.000142
-22.800000 -0.000126
-22.750000 -0.000167
-22.700000 -0.000142
-22.650000 -0.000173
-22.600000 -0.000137
-22.550000 -0.000158
-22.500000 -0.000113
-22.450000 -0.000125
-22.400000 -0.000071
-22.350000 -0.000076
-22.300000 -0.000017
-22.250000 -0.000018
-22.200000 0.000043
-22.150000 0.000041
-22.100000 0.000099
-22.050000 0.000093
-22.000000 0.000145
-21.950000 0.000131
-21.900000 0.000174
-21.850000 0.000150
-21.800000 0.000183
-21.750000 0.000149
-21.700000 0.000172
-21.650000 0.000128
-21.600000 0.000143
-21.550000 0.000091
-21.500000 0.000099
-21.450000 0.000042
-21.400000 0.000046
-21.350000 -0.000015
-21.300000 -0.000012
-21.250000 -0.000072
-21.200000 -0.000068
-21.150000 -0.000125
-21.100000 -0.000115
-21.050000 -0.000166
-21.000000 -0.000149
-20.950000 -0.000191
-20.900000 -0.000164
-20.850000 -0.000195
-20.800000 -0.000158
-20.750000 -0.000178
-20.700000 -0.000130
-20.650000 -0.000141
-20.600000 -0.000084
-20.550000 -0.000088
-20.500000 -0.000025
-20.450000 -0.000025
-20.400000 0.000039
-20.350000 0.000038
-20.300000 0.000101
-20.250000 0.000096
-20.200000 0.000152
-20.150000 0.000140
-20.100000 0.000188
-20.050000 0.000166
-20.000000 0.000204
-19.950000 0.000172
-19.900000 0.000200
-19.850000 0.000158
-19.800000 0.000177
-19.750000 0.000126
-19.700000 0.000137
-19.650000 0.000079
-19.600000 0.000084
-19.550000 0.000022
-19.500000 0.000023
-19.450000 -0.000042
-19.400000 -0.000041
-19.350000 -0.000105
-19.300000 -0.000101
-19.250000 -0.000160
-19.200000 -0.000149
-19.150000 -0.000201
-19.100000 -0.000181
-19.050000 -0.000222
-19.000000 -0.000191
-18.950000 -0.000221
-18.900000 -0.000178
-18.850000 -0.000196
-18.800000 -0.000143
-18.750000 -0.000152
-18.700000 -0.000090
-18.650000 -0.000093
-18.600000 -0.000027
-18.550000 -0.000026
-18.500000 0.000041
-18.450000 0.000041
-18.400000 0.000106
-18.350000 0.000102
-18.300000 0.000161
-18.250000 0.000150
-18.200000 0.000203
-18.150000 0.000183
-18.100000 0.000226
-18.050000 0.000198
-18.000000 0.000231
-17.950000 0.000192
-17.900000 0.000215
-17.850000 0.000167
-17.800000 0.000181
-17.750000 0.000123
-17.700000 0.000128
-17.650000 0.000063
-17.600000 0.000063
-17.550000 -0.000006
-17.500000 -0.000009
-17.450000 -0.000079
-17.400000 -0.000080
-17.350000 -0.000147
-17.300000 -0.000142
-17.250000 -0.000202
-17.200000 -0.000189
-17.150000 -0.000239
-17.100000 -0.000215
-17.050000 -0.000253
-17.000000 -0.000218
-16.950000 -0.000245
-16.900000 -0.000198
-16.850000 -0.000215
-16.800000 -0.000159
-16.750000 -0.000168
-16.700000 -0.000105
-16.650000 -0.000108
-16.600000 -0.000040
-16.550000 -0.000040
-16.500000 0.000030
-16.450000 0.000031
-16.400000 0.000099
-16.350000 0.000098
-16.300000 0.000163
-16.250000 0.000157
-16.200000 0.000216
-16.150000 0.000203
-16.100000 0.000254
-16.050000 0.000231
-16.000000 0.000271
-15.950000 0.000237
-15.900000 0.000265
-15.850000 0.000219
-15.800000 0.000236
-15.750000 0.000179
-15.700000 0.000186
-15.650000 0.000120
-15.600000 0.000119
-15.550000 0.000048
-15.500000 0.000044
-15.450000 -0.000029
-15.400000 -0.000033
-15.350000 -0.000105
-15.300000 -0.000105
-15.250000 -0.000172
-15.200000 -0.000166
-15.150000 -0.000226
-15.100000 -0.000212
-15.050000 -0.000263
-15.000000 -0.000240
-14.950000 -0.000282
-14.900000 -0.000249
-14.850000 -0.000281
-14.800000 -0.000238
-14.750000 -0.000260
-14.700000 -0.000207
-14.650000 -0.000219
-14.600000 -0.000158
-14.550000 -0.000161
-14.500000 -0.000093
-14.450000 -0.000090
-14.400000 -0.000017
-14.350000 -0.000011
-14.300000 0.000064
-14.250000 0.000070
-14.200000 0.000143
-14.150000 0.000145
-14.100000 0.000212
-14.050000 0.000207
-14.000000 0.000266
-13.950000 0.000251
-13.900000 0.000299
-13.850000 0.000273
-13.800000 0.000309
-13.750000 0.000272
-13.700000 0.000298
-13.650000 0.000250
-13.600000 0.000267
-13.550000 0.000210
-13.500000 0.000219
-13.450000 0.000155
-13.400000 0.000157
-13.350000 0.000089
-13.300000 0.000086
-13.250000 0.000014
-13.200000 0.000009
-13.150000 -0.000065
-13.100000 -0.000071
-13.050000 -0.000143
-13.000000 -0.000146
-12.950000 -0.000215
-12.900000 -0.000213
-12.850000 -0.000274
-12.800000 -0.000264
-12.750000 -0.000316
-12.700000 -0.000295
-12.650000 -0.000336
-12.600000 -0.000303
-12.550000 -0.000332
-12.500000 -0.000288
-12.450000 -0.000305
-12.400000 -0.000251
-12.350000 -0.000259
-12.300000 -0.000196
-12.250000 -0.000196
-12.200000 -0.000127
-12.150000 -0.000124
-12.100000 -0.000051
-12.050000 -0.000045
-12.000000 0.000028
-11.950000 0.000034
-11.900000 0.000107
-11.850000 0.000111
-11.800000 0.000181
-11.750000 0.000181
-11.700000 0.000247
-11.650000 0.000242
-11.600000 0.000301
-11.550000 0.000289
-11.500000 0.000339
-11.450000 0.000319
-11.400000 0.000359
-11.350000 0.000327
-11.300000 0.000357
-11.250000 0.000314
-11.200000 0.000332
-11.150000 0.000278
-11.100000 0.000286
-11.050000 0.000223
-11.000000 0.000222
-10.950000 0.000153
-10.900000 0.000147
-10.850000 0.000073
-10.800000 0.000065
-10.750000 -0.000010
-10.700000 -0.000018
-10.650000 -0.000091
-10.600000 -0.000097
-10.550000 -0.000167
-10.500000 -0.000170
-10.450000 -0.000236
-10.400000 -0.000234
-10.350000 -0.000294
-10.300000 -0.000286
-10.250000 -0.000339
-10.200000 -0.000324
-10.150000 -0.000370
-10.100000 -0.000346
-10.050000 -0.000383
-10.000000 -0.000350
-9.950000 -0.000376
-9.900000 -0.000333
-9.850000 -0.000349
-9.800000 -0.000296
-9.750000 -0.000303
-9.700000 -0.000241
-9.650000 -0.000240
-9.600000 -0.000171
-9.550000 -0.000164
-9.500000 -0.000091
-9.450000 -0.000082
-9.400000 -0.000008
-9.350000 0.000002
-9.300000 0.000075
-9.250000 0.000082
-9.200000 0.000152
-9.150000 0.000156
-9.100000 0.000222
-9.050000 0.000222
-9.000000 0.000283
-8.950000 0.000279
-8.900000 0.000334
-8.850000 0.000324
-8.800000 0.000374
-8.750000 0.000357
-8.700000 0.000399
-8.650000 0.000374
-8.600000 0.000408
-8.550000 0.000375
-8.500000 0.000399
-8.450000 0.000356
-8.400000 0.000371
-8.350000 0.000320
-8.300000 0.000326
-8.250000 0.000267
-8.200000 0.000266
-8.150000 0.000201
-8.100000 0.000196
-8.050000 0.000127
-8.000000 0.000119
-7.950000 0.000049
-7.900000 0.000041
-7.850000 -0.000028
-7.800000 -0.000035
-7.750000 -0.000103
-7.700000 -0.000108
-7.650000 -0.000173
-7.600000 -0.000175
-7.550000 -0.000237
-7.500000 -0.000236
-7.450000 -0.000295
-7.400000 -0.000291
-7.350000 -0.000346
-7.300000 -0.000337
-7.250000 -0.000387
-7.200000 -0.000372
-7.150000 -0.000415
-7.100000 -0.000393
-7.050000 -0.000428
-7.000000 -0.000398
-6.950000 -0.000425
-6.900000 -0.000387
-6.850000 -0.000405
-6.800000 -0.000359
-6.750000 -0.000370
-6.700000 -0.000319
-6.650000 -0.000325
-6.600000 -0.000269
-6.550000 -0.000272
-6.500000 -0.000214
-6.450000 -0.000214
-6.400000 -0.000155
-6.350000 -0.000155
-6.300000 -0.000094
-6.250000 -0.000093
-6.200000 -0.000033
-6.150000 -0.000031
-6.100000 0.000030
-6.050000 0.000033
-6.000000 0.000094
-5.950000 0.000097
-5.900000 0.000157
-5.850000 0.000159
-5.800000 0.000218
-5.750000 0.000217
-5.700000 0.000273
-5.650000 0.000268
-5.600000 0.000319
-5.550000 0.000309
-5.500000 0.000354
-5.450000 0.000338
-5.400000 0.000376
-5.350000 0.000354
-5.300000 0.000387
-5.250000 0.000360
-5.200000 0.000388
-5.150000 0.000357
-5.100000 0.000382
-5.050000 0.000349
-5.000000 0.000371
-4.950000 0.000336
-4.900000 0.000356
-4.850000 0.000319
-4.800000 0.000337
-4.750000 0.000297
-4.700000 0.000312
-4.650000 0.000269
-4.600000 0.000281
-4.550000 0.000234
-4.500000 0.000242
-4.450000 0.000192
-4.400000 0.000197
-4.350000 0.000144
-4.300000 0.000147
-4.250000 0.000094
-4.200000 0.000096
-4.150000 0.000043
-4.100000 0.000046
-4.050000 -0.000006
-4.000000 -0.000001
-3.950000 -0.000052
-3.900000 -0.000046
-3.850000 -0.000095
-3.800000 -0.000089
-3.750000 -0.000138
-3.700000 -0.000133
-3.650000 -0.000183
-3.600000 -0.000180
-3.550000 -0.000233
-3.500000 -0.000233
-3.450000 -0.000290
-3.400000 -0.000294
-3.350000 -0.000355
-3.300000 -0.000364
-3.250000 -0.000429
-3.200000 -0.000442
-3.150000 -0.000512
-3.100000 -0.000530
-3.050000 -0.000605
-3.000000 -0.000629
-2.950000 -0.000711
-2.900000 -0.000744
-2.850000 -0.000837
-2.800000 -0.000882
-2.750000 -0.000990
-2.700000 -0.001053
-2.650000 -0.001180
-2.600000 -0.001266
-2.550000 -0.001418
-2.500000 -0.001532
-2.450000 -0.001715
-2.400000 -0.001863
-2.350000 -0.002083
-2.300000 -0.002271
-2.250000 -0.002536
-2.200000 -0.002772
-2.150000 -0.003090
-2.100000 -0.003385
-2.050000 -0.003766
-2.000000 -0.004132
-1.950000 -0.004592
-1.900000 -0.005045
-1.850000 -0.005602
-1.800000 -0.006162
-1.750000 -0.006838
-1.700000 -0.007532
-1.650000 -0.008354
-1.600000 -0.009210
-1.550000 -0.010212
-1.500000 -0.011265
-1.450000 -0.012486
-1.400000 -0.013780
-1.350000 -0.015265
-1.300000 -0.016851
-1.250000 -0.018656
-1.200000 -0.020595
-1.150000 -0.022789
-1.100000 -0.025156
-1.050000 -0.027821
-1.000000 -0.030706
-0.950000 -0.033943
-0.900000 -0.037458
-0.850000 -0.041389
-0.800000 -0.045669
-0.750000 -0.050441
-0.700000 -0.055648
-0.650000 -0.061438
-0.600000 -0.067764
-0.550000 -0.074783
-0.500000 -0.082457
-0.450000 -0.090955
-0.400000 -0.100247
-0.350000 -0.110514
-0.300000 -0.121741
-0.250000 -0.134121
-0.200000 -0.147651
-0.150000 -0.162537
-0.100000 -0.178794
-0.050000 -0.196640
0.000000 -0.216103
0.050000 -0.237416
0.100000 -0.260619
0.150000 -0.285956
0.200000 -0.313476
0.250000 -0.343430
0.300000 -0.375869
0.350000 -0.411040
0.400000 -0.448987
0.450000 -0.489943
0.500000 -0.533929
0.550000 -0.581144
0.600000 -0.631564
0.650000 -0.685332
0.700000 -0.742354
0.750000 -0.802686
0.800000 -0.866132
0.850000 -0.932628
0.900000 -1.001841
0.950000 -1.073556
1.000000 -1.147273
1.050000 -1.222598
1.100000 -1.298846
1.150000 -1.375433
1.200000 -1.451491
1.250000 -1.526263
1.300000 -1.598728
1.350000 -1.668009
1.400000 -1.733003
1.450000 -1.792796
1.500000 -1.846308
1.550000 -1.892708
1.600000 -1.931062
1.650000 -1.960746
1.700000 -1.981095
1.750000 -1.991806
1.800000 -1.992569
1.850000 -1.983466
1.900000 -1.964581
1.950000 -1.936379
2.000000 -1.899312
2.050000 -1.854169
2.100000 -1.801678
2.150000 -1.742849
2.200000 -1.678565
2.250000 -1.609929
2.300000 -1.537856
2.350000 -1.463422
2.400000 -1.387467
2.450000 -1.310951
2.500000 -1.234566
2.550000 -1.159100
2.600000 -1.085063
2.650000 -1.013054
2.700000 -0.943395
2.750000 -0.876506
2.800000 -0.812539
2.850000 -0.751759
2.900000 -0.694181
2.950000 -0.639947
3.000000 -0.588967
3.050000 -0.541295
3.100000 -0.496768
3.150000 -0.455382
3.200000 -0.416928
3.250000 -0.381367
3.300000 -0.348466
3.350000 -0.318170
3.400000 -0.290238
3.450000 -0.264609
3.500000 -0.241044
3.550000 -0.219489
3.600000 -0.199712
3.650000 -0.181669
3.700000 -0.165141
3.750000 -0.150097
3.800000 -0.136331
3.850000 -0.123826
3.900000 -0.112393
3.950000 -0.102026
4.000000 -0.092550
4.050000 -0.083974
4.100000 -0.076135
4.150000 -0.069054
4.200000 -0.062580
4.250000 -0.056742
4.300000 -0.051403
4.350000 -0.046598
4.400000 -0.042199
4.450000 -0.038251
4.500000 -0.034632
4.550000 -0.031392
4.600000 -0.028415
4.650000 -0.025759
4.700000 -0.023312
4.750000 -0.021136
4.800000 -0.019125
4.850000 -0.017342
4.900000 -0.015687
4.950000 -0.014226
5.000000 -0.012863
5.050000 -0.011666
5.100000 -0.010541
5.150000 -0.009560
5.200000 -0.008632
5.250000 -0.007830
5.300000 -0.007064
5.350000 -0.006410
5.400000 -0.005778
5.450000 -0.005247
5.500000 -0.004728
5.550000 -0.004298
5.600000 -0.003872
5.650000 -0.003527
5.700000 -0.003177
5.750000 -0.002901
5.800000 -0.002613
5.850000 -0.002392
5.900000 -0.002154
5.950000 -0.001976
6.000000 -0.001778
6.050000 -0.001637
6.100000 -0.001471
6.150000 -0.001359
6.200000 -0.001221
6.250000 -0.001134
6.300000 -0.001020
6.350000 -0.000956
6.400000 -0.000866
6.450000 -0.000826
6.500000 -0.000760
6.550000 -0.000745
6.600000 -0.000706
6.650000 -0.000720
6.700000 -0.000712
6.750000 -0.000760
6.800000 -0.000789
6.850000 -0.000879
6.900000 -0.000956
6.950000 -0.001099
7.000000 -0.001240
7.050000 -0.001460
7.100000 -0.001691
7.150000 -0.002019
7.200000 -0.002382
7.250000 -0.002869
7.300000 -0.003427
7.350000 -0.004153
7.400000 -0.005002
7.450000 -0.006082
7.500000 -0.007365
7.550000 -0.008974
7.600000 -0.010901
7.650000 -0.013296
7.700000 -0.016182
7.750000 -0.019744
7.800000 -0.024051
7.850000 -0.029344
7.900000 -0.035760
7.950000 -0.043620
8.000000 -0.053161
8.050000 -0.064824
8.100000 -0.078991
8.150000 -0.096277
8.200000 -0.117279
8.250000 -0.142863
8.300000 -0.173927
8.350000 -0.211698
8.400000 -0.257501
8.450000 -0.313061
8.500000 -0.380281
8.550000 -0.461550
8.600000 -0.559521
8.650000 -0.677405
8.700000 -0.818735
8.750000 -0.987616
8.800000 -1.188424
8.850000 -1.425951
8.900000 -1.704952
8.950000 -2.030081
9.000000 -2.405163
9.050000 -2.832794
9.100000 -3.313243
9.150000 -3.843693
9.200000 -4.416903
9.250000 -5.020451
9.300000 -5.635817
9.350000 -6.238622
9.400000 -6.799354
9.450000 -7.285774
9.500000 -7.665969
9.550000 -7.912620
9.600000 -8.006739
9.650000 -7.940918
9.700000 -7.720336
9.750000 -7.362116
9.800000 -6.892351
9.850000 -6.342460
9.900000 -5.744875
9.950000 -5.129804
10.000000 -4.522626
10.050000 -3.942944
10.100000 -3.404214
10.150000 -2.914548
10.200000 -2.477455
10.250000 -2.093152
10.300000 -1.759377
10.350000 -1.472483
10.400000 -1.227912
10.450000 -1.020912
10.500000 -0.846669
10.550000 -0.700736
10.600000 -0.578942
10.650000 -0.477665
10.700000 -0.393625
10.750000 -0.324083
10.800000 -0.266596
10.850000 -0.219188
10.900000 -0.180095
10.950000 -0.147933
11.000000 -0.121451
11.050000 -0.099703
11.100000 -0.081809
11.150000 -0.067133
11.200000 -0.055060
11.250000 -0.045171
11.300000 -0.037033
11.350000 -0.030375
11.400000 -0.024891
11.450000 -0.020413
11.500000 -0.016718
11.550000 -0.013709
11.600000 -0.011221
11.650000 -0.009202
11.700000 -0.007528
11.750000 -0.006177
11.800000 -0.005051
11.850000 -0.004150
11.900000 -0.003393
11.950000 -0.002795
12.000000 -0.002286
12.050000 -0.001890
12.100000 -0.001547
12.150000 -0.001285
12.200000 -0.001051
12.250000 -0.000877
12.300000 -0.000715
12.350000 -0.000599
12.400000 -0.000484
12.450000 -0.000405
12.500000 -0.000321
12.550000 -0.000268
12.600000 -0.000205
12.650000 -0.000169
12.700000 -0.000122
12.750000 -0.000101
12.800000 -0.000067
12.850000 -0.000057
12.900000 -0.000033
12.950000 -0.000033
13.000000 -0.000018
13.050000 -0.000024
13.100000 -0.000015
13.150000 -0.000026
13.200000 -0.000021
13.250000 -0.000033
13.300000 -0.000027
13.350000 -0.000038
13.400000 -0.000031
13.450000 -0.000038
13.500000 -0.000028
13.550000 -0.000032
13.600000 -0.000019
13.650000 -0.000020
13.700000 -0.000005
13.750000 -0.000005
13.800000 0.000010
13.850000 0.000010
13.900000 0.000023
13.950000 0.000020
14.000000 0.000030
14.050000 0.000023
14.100000 0.000029
14.150000 0.000019
14.200000 0.000021
14.250000 0.000008
14.300000 0.000008
14.350000 -0.000006
14.400000 -0.000007
14.450000 -0.000020
14.500000 -0.000019
14.550000 -0.000030
14.600000 -0.000026
14.650000 -0.000032
14.700000 -0.000025
14.750000 -0.000027
14.800000 -0.000015
14.850000 -0.000014
14.900000 -0.000001
14.950000 0.000002
15.000000 0.000015
15.050000 0.000017
15.100000 0.000028
15.150000 0.000026
15.200000 0.000033
15.250000 0.000028
15.300000 0.000030
15.350000 0.000021
15.400000 0.000019
15.450000 0.000007
15.500000 0.000004
15.550000 -0.000009
15.600000 -0.000012
15.650000 -0.000023
15.700000 -0.000024
15.750000 -0.000032
15.800000 -0.000029
15.850000 -0.000033
15.900000 -0.000026
15.950000 -0.000026
16.000000 -0.000016
16.050000 -0.000012
16.100000 -0.000001
16.150000 0.000004
16.200000 0.000016
16.250000 0.000019
16.300000 0.000028
16.350000 0.000029
16.400000 0.000034
16.450000 0.000031
16.500000 0.000032
16.550000 0.000024
16.600000 0.000021
16.650000 0.000010
16.700000 0.000004
16.750000 -0.000007
16.800000 -0.000013
16.850000 -0.000024
16.900000 -0.000027
16.950000 -0.000034
17.000000 -0.000034
17.050000 -0.000035
17.100000 -0.000031
17.150000 -0.000028
17.200000 -0.000019
17.250000 -0.000013
17.300000 -0.000002
17.350000 0.000005
17.400000 0.000015
17.450000 0.000021
17.500000 0.000029
17.550000 0.000032
17.600000 0.000035
17.650000 0.000034
17.700000 0.000033
17.750000 0.000028
17.800000 0.000023
17.850000 0.000014
17.900000 0.000006
17.950000 -0.000003
18.000000 -0.000012
18.050000 -0.000021
18.100000 -0.000027
18.150000 -0.000033
18.200000 -0.000036
18.250000 -0.000037
18.300000 -0.000036
18.350000 -0.000032
18.400000 -0.000026
18.450000 -0.000019
18.500000 -0.000010
18.550000 0.000000
18.600000 0.000010
18.650000 0.000019
18.700000 0.000027
18.750000 0.000034
18.800000 0.000038
18.850000 0.000040
18.900000 0.000038
18.950000 0.000035
19.000000 0.000029
19.050000 0.000022
19.100000 0.000012
19.150000 0.000003
19.200000 -0.000008
19.250000 -0.000016
19.300000 -0.000026
19.350000 -0.000031
19.400000 -0.000038
19.450000 -0.000039
19.500000 -0.000040
19.550000 -0.000037
19.600000 -0.000034
19.650000 -0.000025
19.700000 -0.000019
19.750000 -0.000008
19.800000 0.000000
19.850000 0.000012
19.900000 0.000019
19.950000 0.000030
20.000000 0.000034
20.050000 0.000041
20.100000 0.000041
20.150000 0.000043
20.200000 0.000037
20.250000 0.000034
20.300000 0.000024
20.350000 0.000017
20.400000 0.000004
20.450000 -0.000004
20.500000 -0.000018
20.550000 -0.000024
20.600000 -0.000036
20.650000 -0.000039
20.700000 -0.000045
20.750000 -0.000043
20.800000 -0.000044
20.850000 -0.000037
20.900000 -0.000033
20.950000 -0.000021
21.000000 -0.000014
21.050000 0.000001
21.100000 0.000008
21.150000 0.000022
21.200000 0.000028
21.250000 0.000039
21.300000 0.000040
21.350000 0.000047
21.400000 0.000043
21.450000 0.000045
21.500000 0.000036
21.550000 0.000033
21.600000 0.000020
21.650000 0.000014
21.700000 -0.000002
21.750000 -0.000008
21.800000 -0.000024
21.850000 -0.000029
21.900000 -0.000041
21.950000 -0.000042
22.000000 -0.000050
22.050000 -0.000046
22.100000 -0.000048
22.150000 -0.000038
22.200000 -0.000035
22.250000 -0.000020
22.300000 -0.000014
22.350000 0.000003
22.400000 0.000010
22.450000 0.000027
22.500000 0.000032
22.550000 0.000045
22.600000 0.000045
22.650000 0.000054
22.700000 0.000048
22.750000 0.000050
22.800000 0.000038
22.850000 0.000036
22.900000 0.000020
22.950000 0.000014
23.000000 -0.000004
23.050000 -0.000010
23.100000 -0.000027
23.150000 -0.000031
23.200000 -0.000046
23.250000 -0.000045
23.300000 -0.000054
23.350000 -0.000048
23.400000 -0.000052
23.450000 -0.000041
23.500000 -0.000040
23.550000 -0.000023
23.600000 -0.000019
23.650000 0.000000
23.700000 0.000006
23.750000 0.000025
23.800000 0.000030
23.850000 0.000046
23.900000 0.000046
23.950000 0.000058
24.000000 0.000052
24.050000 0.000058
24.100000 0.000046
24.150000 0.000045
24.200000 0.000028
24.250000 0.000023
24.300000 0.000002
24.350000 -0.000004
24.400000 -0.000025
24.450000 -0.000029
24.500000 -0.000047
24.550000 -0.000047
24.600000 -0.000060
24.650000 -0.000054
24.700000 -0.000061
24.750000 -0.000048
24.800000 -0.000049
24.850000 -0.000031
24.900000 -0.000028
24.950000 -0.000007
25.000000 -0.000002
25.050000 0.000020
25.100000 0.000024
25.150000 0.000043
25.200000 0.000044
25.250000 0.000059
25.300000 0.000054
25.350000 0.000064
25.400000 0.000053
25.450000 0.000057
25.500000 0.000040
25.550000 0.000039
25.600000 0.000017
25.650000 0.000012
25.700000 -0.000011
25.750000 -0.000016
25.800000 -0.000039
25.850000 -0.000041
25.900000 -0.000060
25.950000 -0.000057
26.000000 -0.000069
26.050000 -0.000059
26.100000 -0.000065
26.150000 -0.000048
26.200000 -0.000048
26.250000 -0.000025
26.300000 -0.000021
26.350000 0.000004
26.400000 0.000008
26.450000 0.000033
26.500000 0.000035
26.550000 0.000056
26.600000 0.000054
26.650000 0.000070
26.700000 0.000061
26.750000 0.000070
26.800000 0.000055
26.850000 0.000058
26.900000 0.000037
26.950000 0.000035
27.000000 0.000010
27.050000 0.000006
27.100000 -0.000020
27.150000 -0.000023
27.200000 -0.000048
27.250000 -0.000048
27.300000 -0.000068
27.350000 -0.000062
27.400000 -0.000076
27.450000 -0.000064
27.500000 -0.000071
27.550000 -0.000051
27.600000 -0.000052
27.650000 -0.000026
27.700000 -0.000023
27.750000 0.000005
27.800000 0.000010
27.850000 0.000038
27.900000 0.000040
27.950000 0.000064
28.000000 0.000061
28.050000 0.000079
28.100000 0.000068
28.150000 0.000079
28.200000 0.000061
28.250000 0.000065
28.300000 0.000041
28.350000 0.000040
28.400000 0.000012
28.450000 0.000008
28.500000 -0.000021
28.550000 -0.000024
28.600000 -0.000051
28.650000 -0.000050
28.700000 -0.000073
28.750000 -0.000067
28.800000 -0.000083
28.850000 -0.000070
28.900000 -0.000079
28.950000 -0.000058
29.000000 -0.000061
29.050000 -0.000034
29.100000 -0.000032
29.150000 -0.000001
29.200000 0.000003
29.250000 0.000035
29.300000 0.000039
29.350000 0.000069
29.400000 0.000069
29.450000 0.000094
29.500000 0.000087
29.550000 0.000105
29.600000 0.000091
29.650000 0.000102
29.700000 0.000081
29.750000 0.000086
29.800000 0.000059
29.850000 0.000060
29.900000 0.000030
29.950000 0.000030
