-30.000000 0.000074
-29.950000 -0.000105
-29.900000 -0.000191
-29.850000 -0.000514
-29.800000 -0.000714
-29.750000 -0.001126
-29.700000 -0.001377
-29.650000 -0.001811
-29.600000 -0.002043
-29.550000 -0.002429
-29.500000 -0.002578
-29.450000 -0.002857
-29.400000 -0.002870
-29.350000 -0.002999
-29.300000 -0.002844
-29.250000 -0.002804
-29.200000 -0.002475
-29.150000 -0.002272
-29.100000 -0.001788
-29.050000 -0.001454
-29.000000 -0.000859
-28.950000 -0.000448
-28.900000 0.000197
-28.850000 0.000618
-28.800000 0.001243
-28.750000 0.001605
-28.700000 0.002144
-28.650000 0.002384
-28.600000 0.002780
-28.550000 0.002852
-28.500000 0.003070
-28.450000 0.002949
-28.400000 0.002975
-28.350000 0.002660
-28.300000 0.002506
-28.250000 0.002021
-28.200000 0.001721
-28.150000 0.001109
-28.100000 0.000715
-28.050000 0.000033
-28.000000 -0.000392
-27.950000 -0.001075
-27.900000 -0.001462
-27.850000 -0.002078
-27.800000 -0.002361
-27.750000 -0.002848
-27.700000 -0.002972
-27.650000 -0.003283
-27.600000 -0.003210
-27.550000 -0.003319
-27.500000 -0.003036
-27.450000 -0.002944
-27.400000 -0.002464
-27.350000 -0.002197
-27.300000 -0.001559
-27.250000 -0.001168
-27.200000 -0.000432
-27.150000 0.000016
-27.100000 0.000776
-27.050000 0.001205
-27.000000 0.001914
-26.950000 0.002251
-26.900000 0.002840
-26.850000 0.003024
-26.800000 0.003440
-26.750000 0.003427
-26.700000 0.003640
-26.650000 0.003412
-26.600000 0.003414
-26.550000 0.002977
-26.500000 0.002787
-26.450000 0.002171
-26.400000 0.001829
-26.350000 0.001082
-26.300000 0.000646
-26.250000 -0.000166
-26.200000 -0.000627
-26.150000 -0.001432
-26.100000 -0.001843
-26.050000 -0.002567
-26.000000 -0.002857
-25.950000 -0.003433
-25.900000 -0.003543
-25.850000 -0.003921
-25.800000 -0.003810
-25.750000 -0.003963
-25.700000 -0.003618
-25.650000 -0.003545
-25.600000 -0.002981
-25.550000 -0.002711
-25.500000 -0.001969
-25.450000 -0.001556
-25.400000 -0.000698
-25.350000 -0.000213
-25.300000 0.000683
-25.250000 0.001161
-25.200000 0.002016
-25.150000 0.002409
-25.100000 0.003147
-25.050000 0.003386
-25.000000 0.003948
-24.950000 0.003983
-24.900000 0.004329
-24.850000 0.004131
-24.800000 0.004244
-24.750000 0.003809
-24.700000 0.003697
-24.650000 0.003046
-24.600000 0.002742
-24.550000 0.001918
-24.500000 0.001475
-24.450000 0.000540
-24.400000 0.000028
-24.350000 -0.000942
-24.300000 -0.001443
-24.250000 -0.002366
-24.200000 -0.002774
-24.150000 -0.003572
-24.100000 -0.003813
-24.050000 -0.004419
-24.000000 -0.004437
-23.950000 -0.004804
-23.900000 -0.004567
-23.850000 -0.004679
-23.800000 -0.004183
-23.750000 -0.004051
-23.700000 -0.003323
-23.650000 -0.002986
-23.600000 -0.002076
-23.550000 -0.001598
-23.500000 -0.000577
-23.450000 -0.000033
-23.400000 0.001017
-23.350000 0.001543
-23.300000 0.002540
-23.250000 0.002969
-23.200000 0.003835
-23.150000 0.004095
-23.100000 0.004768
-23.050000 0.004803
-23.000000 0.005238
-22.950000 0.005016
-22.900000 0.005190
-22.850000 0.004701
-22.800000 0.004619
-22.750000 0.003880
-22.700000 0.003571
-22.650000 0.002625
-22.600000 0.002143
-22.550000 0.001054
-22.500000 0.000475
-22.450000 -0.000675
-22.400000 -0.001265
-22.350000 -0.002385
-22.300000 -0.002895
-22.250000 -0.003897
-22.200000 -0.004243
-22.150000 -0.005051
-22.100000 -0.005167
-22.050000 -0.005724
-22.000000 -0.005567
-21.950000 -0.005846
-21.900000 -0.005401
-21.850000 -0.005401
-21.800000 -0.004683
-21.750000 -0.004432
-21.700000 -0.003481
-21.650000 -0.003030
-21.600000 -0.001906
-21.550000 -0.001325
-21.500000 -0.000105
-21.450000 0.000525
-21.400000 0.001755
-21.350000 0.002347
-21.300000 0.003500
-21.250000 0.003969
-21.200000 0.004964
-21.150000 0.005232
-21.100000 0.006000
-21.050000 0.006008
-21.000000 0.006500
-20.950000 0.006211
-20.900000 0.006403
-20.850000 0.005808
-20.800000 0.005706
-20.750000 0.004826
-20.700000 0.004464
-20.650000 0.003349
-20.600000 0.002790
-20.550000 0.001512
-20.500000 0.000839
-20.450000 -0.000514
-20.400000 -0.001208
-20.350000 -0.002539
-20.300000 -0.003159
-20.250000 -0.004376
-20.200000 -0.004836
-20.150000 -0.005858
-20.100000 -0.006084
-20.050000 -0.006849
-20.000000 -0.006789
-19.950000 -0.007258
-19.900000 -0.006886
-19.850000 -0.007043
-19.800000 -0.006357
-19.750000 -0.006213
-19.700000 -0.005236
-19.650000 -0.004829
-19.600000 -0.003611
-19.550000 -0.002999
-19.500000 -0.001611
-19.450000 -0.000876
-19.400000 0.000595
-19.350000 0.001359
-19.300000 0.002815
-19.250000 0.003509
-19.200000 0.004851
-19.150000 0.005380
-19.100000 0.006519
-19.050000 0.006800
-19.000000 0.007664
-18.950000 0.007639
-18.900000 0.008182
-18.850000 0.007818
-18.800000 0.008022
-18.750000 0.007317
-18.700000 0.007194
-18.650000 0.006174
-18.600000 0.005764
-18.550000 0.004480
-18.500000 0.003845
-18.450000 0.002371
-18.400000 0.001591
-18.350000 0.000011
-18.300000 -0.000822
-18.250000 -0.002413
-18.200000 -0.003204
-18.150000 -0.004710
-18.100000 -0.005364
-18.050000 -0.006693
-18.000000 -0.007124
-17.950000 -0.008196
-17.900000 -0.008331
-17.850000 -0.009084
-17.800000 -0.008873
-17.750000 -0.009269
-17.700000 -0.008690
-17.650000 -0.008722
-17.600000 -0.007782
-17.550000 -0.007473
-17.500000 -0.006211
-17.450000 -0.005615
-17.400000 -0.004096
-17.350000 -0.003291
-17.300000 -0.001604
-17.250000 -0.000684
-17.200000 0.001071
-17.150000 0.002003
-17.100000 0.003723
-17.050000 0.004565
-17.000000 0.006151
-16.950000 0.006809
-16.900000 0.008173
-16.850000 0.008566
-16.800000 0.009638
-16.750000 0.009704
-16.700000 0.010431
-16.650000 0.010131
-16.600000 0.010484
-16.550000 0.009801
-16.500000 0.009778
-16.450000 0.008723
-16.400000 0.008348
-16.350000 0.006958
-16.300000 0.006280
-16.250000 0.004618
-16.200000 0.003713
-16.150000 0.001864
-16.100000 0.000826
-16.050000 -0.001108
-16.000000 -0.002171
-15.950000 -0.004079
-15.900000 -0.005058
-15.850000 -0.006831
-15.800000 -0.007619
-15.750000 -0.009159
-15.700000 -0.009667
-15.650000 -0.010894
-15.600000 -0.011052
-15.550000 -0.011909
-15.500000 -0.011675
-15.450000 -0.012132
-15.400000 -0.011487
-15.350000 -0.011540
-15.300000 -0.010495
-15.250000 -0.010165
-15.200000 -0.008754
-15.150000 -0.008088
-15.100000 -0.006367
-15.050000 -0.005432
-15.000000 -0.003478
-14.950000 -0.002360
-14.900000 -0.000269
-14.850000 0.000931
-14.800000 0.003054
-14.750000 0.004227
-14.700000 0.006271
-14.650000 0.007305
-14.600000 0.009163
-14.550000 0.009956
-14.500000 0.011530
-14.450000 0.011994
-14.400000 0.013208
-14.350000 0.013278
-14.300000 0.014079
-14.250000 0.013716
-14.200000 0.014080
-14.150000 0.013274
-14.100000 0.013205
-14.050000 0.011975
-14.000000 0.011504
-13.950000 0.009893
-13.900000 0.009074
-13.850000 0.007145
-13.800000 0.006052
-13.750000 0.003887
-13.700000 0.002609
-13.650000 0.000302
-13.600000 -0.001063
-13.550000 -0.003407
-13.500000 -0.004752
-13.450000 -0.007024
-13.400000 -0.008239
-13.350000 -0.010331
-13.300000 -0.011309
-13.250000 -0.013119
-13.200000 -0.013765
-13.150000 -0.015207
-13.100000 -0.015444
-13.050000 -0.016452
-13.000000 -0.016230
-12.950000 -0.016766
-12.900000 -0.016061
-12.850000 -0.016119
-12.800000 -0.014939
-12.750000 -0.014541
-12.700000 -0.012923
-12.650000 -0.012117
-12.600000 -0.010121
-12.550000 -0.008979
-12.500000 -0.006685
-12.450000 -0.005295
-12.400000 -0.002797
-12.350000 -0.001258
-12.300000 0.001341
-12.250000 0.002924
-12.200000 0.005517
-12.150000 0.007036
-12.100000 0.009515
-12.050000 0.010864
-12.000000 0.013125
-11.950000 0.014203
-11.900000 0.016150
-11.850000 0.016868
-11.800000 0.018419
-11.750000 0.018703
-11.700000 0.019795
-11.650000 0.019594
-11.600000 0.020189
-11.550000 0.019477
-11.500000 0.019563
-11.450000 0.018343
-11.400000 0.017937
-11.350000 0.016240
-11.300000 0.015385
-11.250000 0.013266
-11.200000 0.012027
-11.150000 0.009560
-11.100000 0.008020
-11.050000 0.005293
-11.000000 0.003545
-10.950000 0.000658
-10.900000 -0.001194
-10.850000 -0.004137
-10.800000 -0.005987
-10.750000 -0.008876
-10.700000 -0.010616
-10.650000 -0.013343
-10.600000 -0.014864
-10.550000 -0.017325
-10.500000 -0.018526
-10.450000 -0.020623
-10.400000 -0.021414
-10.350000 -0.023065
-10.300000 -0.023373
-10.250000 -0.024517
-10.200000 -0.024292
-10.150000 -0.024891
-10.100000 -0.024110
-10.050000 -0.024154
-10.000000 -0.022820
-9.950000 -0.022327
-9.900000 -0.020472
-9.850000 -0.019487
-9.800000 -0.017166
-9.750000 -0.015752
-9.700000 -0.013039
-9.650000 -0.011279
-9.600000 -0.008260
-9.550000 -0.006245
-9.500000 -0.003017
-9.450000 -0.000846
-9.400000 0.002489
-9.350000 0.004712
-9.300000 0.008051
-9.250000 0.010220
-9.200000 0.013455
-9.150000 0.015464
-9.100000 0.018490
-9.050000 0.020236
-9.000000 0.022953
-8.950000 0.024340
-8.900000 0.026658
-8.850000 0.027605
-8.800000 0.029450
-8.750000 0.029891
-8.700000 0.031208
-8.650000 0.031098
-8.600000 0.031855
-8.550000 0.031175
-8.500000 0.031361
-8.450000 0.030109
-8.400000 0.029736
-8.350000 0.027933
-8.300000 0.027029
-8.250000 0.024712
-8.200000 0.023320
-8.150000 0.020541
-8.100000 0.018719
-8.050000 0.015539
-8.000000 0.013356
-7.950000 0.009850
-7.900000 0.007385
-7.850000 0.003638
-7.800000 0.000982
-7.750000 -0.002909
-7.700000 -0.005656
-7.650000 -0.009587
-7.600000 -0.012316
-7.550000 -0.016176
-7.500000 -0.018774
-7.450000 -0.022452
-7.400000 -0.024810
-7.350000 -0.028197
-7.300000 -0.030213
-7.250000 -0.033214
-7.200000 -0.034799
-7.150000 -0.037334
-7.100000 -0.038415
-7.050000 -0.040422
-7.000000 -0.040947
-6.950000 -0.042380
-6.900000 -0.042313
-6.850000 -0.043146
-6.800000 -0.042468
-6.750000 -0.042687
-6.700000 -0.041393
-6.650000 -0.041002
-6.600000 -0.039101
-6.550000 -0.038117
-6.500000 -0.035634
-6.450000 -0.034090
-6.400000 -0.031066
-6.350000 -0.029010
-6.300000 -0.025502
-6.250000 -0.022999
-6.200000 -0.019079
-6.150000 -0.016208
-6.100000 -0.011961
-6.050000 -0.008811
-6.000000 -0.004331
-5.950000 -0.000999
-5.900000 0.003619
-5.850000 0.007037
-5.800000 0.011697
-5.750000 0.015108
-5.700000 0.019721
-5.650000 0.023041
-5.600000 0.027526
-5.550000 0.030678
-5.500000 0.034962
-5.450000 0.037876
-5.400000 0.041892
-5.350000 0.044506
-5.300000 0.048194
-5.250000 0.050447
-5.200000 0.053750
-5.150000 0.055589
-5.100000 0.058454
-5.050000 0.059829
-5.000000 0.062210
-4.950000 0.063078
-4.900000 0.064939
-4.850000 0.065270
-4.800000 0.066585
-4.750000 0.066359
-4.700000 0.067115
-4.650000 0.066324
-4.600000 0.066519
-4.550000 0.065168
-4.500000 0.064809
-4.450000 0.062908
-4.400000 0.062009
-4.350000 0.059571
-4.300000 0.058147
-4.250000 0.055191
-4.200000 0.053260
-4.150000 0.049802
-4.100000 0.047382
-4.050000 0.043444
-4.000000 0.040556
-3.950000 0.036159
-3.900000 0.032830
-3.850000 0.028004
-3.800000 0.024267
-3.750000 0.019050
-3.700000 0.014946
-3.650000 0.009384
-3.600000 0.004962
-3.550000 -0.000893
-3.500000 -0.005577
-3.450000 -0.011669
-3.400000 -0.016557
-3.350000 -0.022827
-3.300000 -0.027862
-3.250000 -0.034254
-3.200000 -0.039383
-3.150000 -0.045844
-3.100000 -0.051013
-3.050000 -0.057493
-3.000000 -0.062653
-2.950000 -0.069100
-2.900000 -0.074199
-2.850000 -0.080560
-2.800000 -0.085542
-2.750000 -0.091761
-2.700000 -0.096567
-2.650000 -0.102582
-2.600000 -0.107152
-2.550000 -0.112903
-2.500000 -0.117175
-2.450000 -0.122602
-2.400000 -0.126522
-2.350000 -0.131573
-2.300000 -0.135093
-2.250000 -0.139727
-2.200000 -0.142808
-2.150000 -0.146992
-2.100000 -0.149609
-2.050000 -0.153322
-2.000000 -0.155457
-1.950000 -0.158684
-1.900000 -0.160325
-1.850000 -0.163057
-1.800000 -0.164199
-1.750000 -0.166430
-1.700000 -0.167067
-1.650000 -0.168795
-1.600000 -0.168925
-1.550000 -0.170151
-1.500000 -0.169778
-1.450000 -0.170507
-1.400000 -0.169642
-1.350000 -0.169890
-1.300000 -0.168552
-1.250000 -0.168344
-1.200000 -0.166565
-1.150000 -0.165937
-1.100000 -0.163756
-1.050000 -0.162752
-1.000000 -0.160216
-0.950000 -0.158883
-0.900000 -0.156040
-0.850000 -0.154426
-0.800000 -0.151321
-0.750000 -0.149468
-0.700000 -0.146143
-0.650000 -0.144090
-0.600000 -0.140579
-0.550000 -0.138361
-0.500000 -0.134698
-0.450000 -0.132346
-0.400000 -0.128563
-0.350000 -0.126110
-0.300000 -0.122241
-0.250000 -0.119723
-0.200000 -0.115806
-0.150000 -0.113261
-0.100000 -0.109333
-0.050000 -0.106800
0.000000 -0.102901
0.050000 -0.100417
0.100000 -0.096583
0.150000 -0.094182
0.200000 -0.090441
0.250000 -0.088148
0.300000 -0.084524
0.350000 -0.082359
0.400000 -0.078866
0.450000 -0.076840
0.500000 -0.073489
0.550000 -0.071611
0.600000 -0.068412
0.650000 -0.066694
0.700000 -0.063658
0.750000 -0.062114
0.800000 -0.059260
0.850000 -0.057912
0.900000 -0.055265
0.950000 -0.054142
1.000000 -0.051734
1.050000 -0.050869
1.100000 -0.048736
1.150000 -0.048168
1.200000 -0.046349
1.250000 -0.046117
1.300000 -0.044654
1.350000 -0.044802
1.400000 -0.043741
1.450000 -0.044321
1.500000 -0.043719
1.550000 -0.044797
1.600000 -0.044731
1.650000 -0.046394
1.700000 -0.046965
1.750000 -0.049330
1.800000 -0.050675
1.850000 -0.053900
1.900000 -0.056197
1.950000 -0.060483
2.000000 -0.063961
2.050000 -0.069566
2.100000 -0.074512
2.150000 -0.081757
2.200000 -0.088528
2.250000 -0.097807
2.300000 -0.106841
2.350000 -0.118640
2.400000 -0.130473
2.450000 -0.145384
2.500000 -0.160669
2.550000 -0.179414
2.600000 -0.198947
2.650000 -0.222397
2.700000 -0.247131
2.750000 -0.276326
2.800000 -0.307387
2.850000 -0.343540
2.900000 -0.382224
2.950000 -0.426707
3.000000 -0.474450
3.050000 -0.528742
3.100000 -0.587046
3.150000 -0.652639
3.200000 -0.722940
3.250000 -0.801164
3.300000 -0.884622
3.350000 -0.976390
3.400000 -1.073583
3.450000 -1.179036
3.500000 -1.289558
3.550000 -1.407626
3.600000 -1.529620
3.650000 -1.657546
3.700000 -1.787256
3.750000 -1.920204
3.800000 -2.051675
3.850000 -2.182590
3.900000 -2.307740
3.950000 -2.427660
4.000000 -2.536879
4.050000 -2.635851
4.100000 -2.719220
4.150000 -2.787785
4.200000 -2.836755
4.250000 -2.867716
4.300000 -2.876838
4.350000 -2.866806
4.400000 -2.834949
4.450000 -2.785122
4.500000 -2.715744
4.550000 -2.631631
4.600000 -2.531978
4.650000 -2.422170
4.700000 -2.301733
4.750000 -2.176167
4.800000 -2.044906
4.850000 -1.913189
4.900000 -1.780051
4.950000 -1.650244
5.000000 -1.522253
5.050000 -1.400269
5.100000 -1.282219
5.150000 -1.171771
5.200000 -1.066370
5.250000 -0.969264
5.300000 -0.877536
5.350000 -0.794136
5.400000 -0.715900
5.450000 -0.645595
5.500000 -0.579913
5.550000 -0.521523
5.600000 -0.467053
5.650000 -0.419138
5.700000 -0.374391
5.750000 -0.335456
5.800000 -0.298961
5.850000 -0.267583
5.900000 -0.237981
5.950000 -0.212875
6.000000 -0.188962
6.050000 -0.169007
6.100000 -0.149745
6.150000 -0.133985
6.200000 -0.118497
6.250000 -0.106128
6.300000 -0.093679
6.350000 -0.084031
6.400000 -0.074013
6.450000 -0.066536
6.500000 -0.058450
6.550000 -0.052692
6.600000 -0.046131
6.650000 -0.041729
6.700000 -0.036369
6.750000 -0.033034
6.800000 -0.028621
6.850000 -0.026128
6.900000 -0.022464
6.950000 -0.020643
7.000000 -0.017578
7.050000 -0.016297
7.100000 -0.013717
7.150000 -0.012874
7.200000 -0.010688
7.250000 -0.010201
7.300000 -0.008333
7.350000 -0.008131
7.400000 -0.006515
7.450000 -0.006536
7.500000 -0.005114
7.550000 -0.005303
7.600000 -0.004023
7.650000 -0.004333
7.700000 -0.003153
7.750000 -0.003549
7.800000 -0.002439
7.850000 -0.002896
7.900000 -0.001837
7.950000 -0.002341
8.000000 -0.001325
8.050000 -0.001872
8.100000 -0.000899
8.150000 -0.001489
8.200000 -0.000560
8.250000 -0.001197
8.300000 -0.000314
8.350000 -0.000996
8.400000 -0.000156
8.450000 -0.000879
8.500000 -0.000072
8.550000 -0.000824
8.600000 -0.000038
8.650000 -0.000804
8.700000 -0.000024
8.750000 -0.000789
8.800000 0.000000
8.850000 -0.000753
8.900000 0.000052
8.950000 -0.000685
9.000000 0.000136
9.050000 -0.000588
9.100000 0.000242
9.150000 -0.000480
9.200000 0.000348
9.250000 -0.000384
9.300000 0.000429
9.350000 -0.000323
9.400000 0.000467
9.450000 -0.000310
9.500000 0.000455
9.550000 -0.000344
9.600000 0.000404
9.650000 -0.000409
9.700000 0.000332
9.750000 -0.000482
9.800000 0.000266
9.850000 -0.000536
9.900000 0.000229
9.950000 -0.000553
10.000000 0.000235
10.050000 -0.000524
10.100000 0.000284
10.150000 -0.000459
10.200000 0.000363
10.250000 -0.000374
10.300000 0.000447
10.350000 -0.000297
10.400000 0.000512
10.450000 -0.000250
10.500000 0.000537
10.550000 -0.000250
10.600000 0.000514
10.650000 -0.000296
10.700000 0.000449
10.750000 -0.000374
10.800000 0.000363
10.850000 -0.000461
10.900000 0.000284
10.950000 -0.000527
11.000000 0.000236
11.050000 -0.000552
11.100000 0.000237
11.150000 -0.000526
11.200000 0.000287
11.250000 -0.000457
11.300000 0.000369
11.350000 -0.000368
11.400000 0.000459
11.450000 -0.000285
11.500000 0.000528
11.550000 -0.000236
11.600000 0.000554
11.650000 -0.000235
11.700000 0.000530
11.750000 -0.000282
11.800000 0.000463
11.850000 -0.000364
11.900000 0.000374
11.950000 -0.000455
12.000000 0.000288
12.050000 -0.000528
12.100000 0.000233
12.150000 -0.000560
12.200000 0.000226
12.250000 -0.000541
12.300000 0.000270
12.350000 -0.000476
12.400000 0.000352
12.450000 -0.000384
12.500000 0.000448
12.550000 -0.000292
12.600000 0.000528
12.650000 -0.000229
12.700000 0.000568
12.750000 -0.000216
12.800000 0.000554
12.850000 -0.000257
12.900000 0.000489
12.950000 -0.000340
13.000000 0.000393
13.050000 -0.000441
13.100000 0.000296
13.150000 -0.000527
13.200000 0.000227
13.250000 -0.000573
13.300000 0.000208
13.350000 -0.000563
13.400000 0.000245
13.450000 -0.000502
13.500000 0.000327
13.550000 -0.000407
13.600000 0.000428
13.650000 -0.000306
13.700000 0.000519
13.750000 -0.000231
13.800000 0.000573
13.850000 -0.000202
13.900000 0.000574
13.950000 -0.000230
14.000000 0.000520
14.050000 -0.000306
14.100000 0.000427
14.150000 -0.000408
14.200000 0.000322
14.250000 -0.000508
14.300000 0.000235
14.350000 -0.000574
14.400000 0.000194
14.450000 -0.000587
14.500000 0.000210
14.550000 -0.000541
14.600000 0.000282
14.650000 -0.000450
14.700000 0.000387
14.750000 -0.000338
14.800000 0.000495
14.850000 -0.000241
14.900000 0.000573
14.950000 -0.000187
15.000000 0.000598
15.050000 -0.000194
15.100000 0.000561
15.150000 -0.000258
15.200000 0.000472
15.250000 -0.000363
15.300000 0.000359
15.350000 -0.000476
15.400000 0.000254
15.450000 -0.000564
15.500000 0.000188
15.550000 -0.000602
15.600000 0.000180
15.650000 -0.000579
15.700000 0.000232
15.750000 -0.000501
15.800000 0.000330
15.850000 -0.000389
15.900000 0.000446
15.950000 -0.000276
16.000000 0.000548
16.050000 -0.000194
16.100000 0.000605
16.150000 -0.000166
16.200000 0.000600
16.250000 -0.000202
16.300000 0.000534
16.350000 -0.000292
16.400000 0.000425
16.450000 -0.000412
16.500000 0.000302
16.550000 -0.000528
16.600000 0.000202
16.650000 -0.000604
16.700000 0.000154
16.750000 -0.000619
16.800000 0.000173
16.850000 -0.000566
16.900000 0.000255
16.950000 -0.000461
17.000000 0.000375
17.050000 -0.000333
17.100000 0.000500
17.150000 -0.000220
17.200000 0.000593
17.250000 -0.000153
17.300000 0.000628
17.350000 -0.000151
17.400000 0.000594
17.450000 -0.000216
17.500000 0.000502
17.550000 -0.000329
17.600000 0.000376
17.650000 -0.000458
17.700000 0.000251
17.750000 -0.000568
17.800000 0.000162
17.850000 -0.000629
17.900000 0.000134
17.950000 -0.000622
18.000000 0.000174
18.050000 -0.000549
18.100000 0.000274
18.150000 -0.000428
18.200000 0.000407
18.250000 -0.000292
18.300000 0.000535
18.350000 -0.000179
18.400000 0.000624
18.450000 -0.000121
18.500000 0.000646
18.550000 -0.000135
18.600000 0.000594
18.650000 -0.000219
18.700000 0.000482
18.750000 -0.000350
18.800000 0.000341
18.850000 -0.000492
18.900000 0.000209
18.950000 -0.000604
19.000000 0.000123
19.050000 -0.000655
19.100000 0.000109
19.150000 -0.000631
19.200000 0.000169
19.250000 -0.000537
19.300000 0.000287
19.350000 -0.000401
19.400000 0.000432
19.450000 -0.000257
19.500000 0.000563
19.550000 -0.000145
19.600000 0.000646
19.650000 -0.000095
19.700000 0.000659
19.750000 -0.000121
19.800000 0.000596
19.850000 -0.000216
19.900000 0.000473
19.950000 -0.000356
20.000000 0.000323
20.050000 -0.000505
20.100000 0.000184
20.150000 -0.000623
20.200000 0.000095
20.250000 -0.000676
20.300000 0.000081
20.350000 -0.000648
20.400000 0.000146
20.450000 -0.000547
20.500000 0.000276
20.550000 -0.000397
20.600000 0.000435
20.650000 -0.000239
20.700000 0.000579
20.750000 -0.000116
20.800000 0.000671
20.850000 -0.000061
20.900000 0.000683
20.950000 -0.000090
21.000000 0.000613
21.050000 -0.000195
21.100000 0.000479
21.150000 -0.000348
21.200000 0.000316
21.250000 -0.000509
21.300000 0.000167
21.350000 -0.000635
21.400000 0.000070
21.450000 -0.000694
21.500000 0.000051
21.550000 -0.000670
21.600000 0.000115
21.650000 -0.000569
21.700000 0.000247
21.750000 -0.000414
21.800000 0.000413
21.850000 -0.000245
21.900000 0.000572
21.950000 -0.000106
22.000000 0.000681
22.050000 -0.000033
22.100000 0.000711
22.150000 -0.000047
22.200000 0.000652
22.250000 -0.000146
22.300000 0.000518
22.350000 -0.000305
22.400000 0.000342
22.450000 -0.000483
22.500000 0.000171
22.550000 -0.000634
22.600000 0.000049
22.650000 -0.000718
22.700000 0.000009
22.750000 -0.000711
22.800000 0.000061
22.850000 -0.000615
22.900000 0.000192
22.950000 -0.000455
23.000000 0.000369
23.050000 -0.000271
23.100000 0.000547
23.150000 -0.000109
23.200000 0.000680
23.250000 -0.000011
23.300000 0.000736
23.350000 -0.000001
23.400000 0.000698
23.450000 -0.000082
23.500000 0.000577
23.550000 -0.000235
23.600000 0.000400
23.650000 -0.000423
23.700000 0.000211
23.750000 -0.000599
23.800000 0.000057
23.850000 -0.000720
23.900000 -0.000024
23.950000 -0.000753
24.000000 -0.000008
24.050000 -0.000688
24.100000 0.000101
24.150000 -0.000539
24.200000 0.000279
24.250000 -0.000342
24.300000 0.000480
24.350000 -0.000148
24.400000 0.000654
24.450000 -0.000004
24.500000 0.000756
24.550000 0.000052
24.600000 0.000761
24.650000 0.000006
24.700000 0.000665
24.750000 -0.000132
24.800000 0.000492
24.850000 -0.000327
24.900000 0.000286
24.950000 -0.000531
25.000000 0.000095
25.050000 -0.000694
25.100000 -0.000034
25.150000 -0.000778
25.200000 -0.000068
25.250000 -0.000760
25.300000 -0.000001
25.350000 -0.000645
25.400000 0.000154
25.450000 -0.000458
25.500000 0.000360
25.550000 -0.000243
25.600000 0.000569
25.650000 -0.000051
25.700000 0.000730
25.750000 0.000071
25.800000 0.000803
25.850000 0.000092
25.900000 0.000769
25.950000 0.000005
26.000000 0.000632
26.050000 -0.000171
26.100000 0.000425
26.150000 -0.000395
26.200000 0.000197
26.250000 -0.000611
26.300000 0.000003
26.350000 -0.000768
26.400000 -0.000108
26.450000 -0.000826
26.500000 -0.000110
26.550000 -0.000770
26.600000 -0.000002
26.650000 -0.000614
26.700000 0.000191
26.750000 -0.000394
26.800000 0.000423
26.850000 -0.000161
26.900000 0.000640
26.950000 0.000029
27.000000 0.000791
27.050000 0.000134
27.100000 0.000840
27.150000 0.000127
27.200000 0.000776
27.250000 0.000010
27.300000 0.000611
27.350000 -0.000192
27.400000 0.000381
27.450000 -0.000434
27.500000 0.000139
27.550000 -0.000660
27.600000 -0.000060
27.650000 -0.000817
27.700000 -0.000168
27.750000 -0.000867
27.800000 -0.000158
27.850000 -0.000795
27.900000 -0.000030
27.950000 -0.000616
28.000000 0.000188
28.050000 -0.000370
28.100000 0.000445
28.150000 -0.000114
28.200000 0.000682
28.250000 0.000092
28.300000 0.000843
28.350000 0.000199
28.400000 0.000889
28.450000 0.000184
28.500000 0.000810
28.550000 0.000049
28.600000 0.000624
28.650000 -0.000176
28.700000 0.000371
28.750000 -0.000440
28.800000 0.000109
28.850000 -0.000684
28.900000 -0.000105
28.950000 -0.000854
29.000000 -0.000223
29.050000 -0.000910
29.100000 -0.000217
29.150000 -0.000839
29.200000 -0.000087
29.250000 -0.000655
29.300000 0.000140
29.350000 -0.000395
29.400000 0.000416
29.450000 -0.000116
29.500000 0.000679
29.550000 0.000119
29.600000 0.000870
29.650000 0.000256
29.700000 0.000944
29.750000 0.000263
29.800000 0.000881
29.850000 0.000136
29.900000 0.000694
29.950000 -0.000098
30.000000 0.000423
30.050000 -0.000388
30.100000 0.000129
30.150000 -0.000668
30.200000 -0.000124
30.250000 -0.000876
30.300000 -0.000279
30.350000 -0.000966
30.400000 -0.000302
30.450000 -0.000918
30.500000 -0.000187
30.550000 -0.000741
30.600000 0.000040
30.650000 -0.000474
30.700000 0.000332
30.750000 -0.000171
30.800000 0.000627
30.850000 0.000103
30.900000 0.000862
30.950000 0.000289
31.000000 0.000986
31.050000 0.000347
31.100000 0.000970
31.150000 0.000260
31.200000 0.000815
31.250000 0.000047
31.300000 0.000551
31.350000 -0.000252
31.400000 0.000232
31.450000 -0.000571
31.500000 -0.000074
31.550000 -0.000843
31.600000 -0.000299
31.650000 -0.001007
31.700000 -0.000394
31.750000 -0.001025
31.800000 -0.000337
31.850000 -0.000892
31.900000 -0.000138
31.950000 -0.000635
32.000000 0.000160
32.050000 -0.000309
32.100000 0.000495
32.150000 0.000019
32.200000 0.000795
32.250000 0.000279
32.300000 0.000999
32.350000 0.000418
32.400000 0.001062
32.450000 0.000406
32.500000 0.000972
32.550000 0.000245
32.600000 0.000746
32.650000 -0.000034
32.700000 0.000426
32.750000 -0.000375
32.800000 0.000078
32.850000 -0.000710
32.900000 -0.000229
32.950000 -0.000969
33.000000 -0.000430
33.050000 -0.001098
33.100000 -0.000482
33.150000 -0.001066
33.200000 -0.000371
33.250000 -0.000877
33.300000 -0.000116
33.350000 -0.000567
33.400000 0.000231
33.450000 -0.000197
33.500000 0.000600
33.550000 0.000155
33.600000 0.000914
33.650000 0.000417
33.700000 0.001107
33.750000 0.000534
33.800000 0.001138
33.850000 0.000481
33.900000 0.001001
33.950000 0.000270
34.000000 0.000723
34.050000 -0.000059
34.100000 0.000357
34.150000 -0.000440
34.200000 -0.000023
34.250000 -0.000798
34.300000 -0.000344
34.350000 -0.001063
34.400000 -0.000542
34.450000 -0.001181
34.500000 -0.000578
34.550000 -0.001128
34.600000 -0.000441
34.650000 -0.000910
34.700000 -0.000155
34.750000 -0.000566
34.800000 0.000226
34.850000 -0.000162
34.900000 0.000630
34.950000 0.000224
35.000000 0.000975
35.050000 0.000514
35.100000 0.001192
35.150000 0.000649
35.200000 0.001234
35.250000 0.000600
35.300000 0.001091
35.350000 0.000373
35.400000 0.000789
35.450000 0.000013
35.500000 0.000385
35.550000 -0.000410
35.600000 -0.000041
35.650000 -0.000815
35.700000 -0.000408
35.750000 -0.001123
35.800000 -0.000645
35.850000 -0.001274
35.900000 -0.000706
35.950000 -0.001238
36.000000 -0.000579
36.050000 -0.001022
36.100000 -0.000287
36.150000 -0.000664
36.200000 0.000118
36.250000 -0.000228
36.300000 0.000561
36.350000 0.000206
36.400000 0.000961
36.450000 0.000556
36.500000 0.001240
36.550000 0.000755
36.600000 0.001344
36.650000 0.000761
36.700000 0.001248
36.750000 0.000570
36.800000 0.000966
36.850000 0.000214
36.900000 0.000549
36.950000 -0.000241
37.000000 0.000073
37.050000 -0.000711
37.100000 -0.000372
37.150000 -0.001105
37.200000 -0.000701
37.250000 -0.001349
37.300000 -0.000852
37.350000 -0.001396
37.400000 -0.000796
37.450000 -0.001235
37.500000 -0.000542
37.550000 -0.000897
37.600000 -0.000137
37.650000 -0.000440
37.700000 0.000347
37.750000 0.000054
37.800000 0.000823
37.850000 0.000496
37.900000 0.001207
37.950000 0.000807
38.000000 0.001428
38.050000 0.000931
38.100000 0.001443
38.150000 0.000841
38.200000 0.001247
38.250000 0.000550
38.300000 0.000869
38.350000 0.000106
38.400000 0.000374
38.450000 -0.000415
38.500000 -0.000152
38.550000 -0.000918
38.600000 -0.000613
38.650000 -0.001312
38.700000 -0.000925
38.750000 -0.001522
38.800000 -0.001028
38.850000 -0.001508
38.900000 -0.000901
38.950000 -0.001270
39.000000 -0.000567
39.050000 -0.000849
39.100000 -0.000083
39.150000 -0.000319
39.200000 0.000466
39.250000 0.000229
39.300000 0.000985
39.350000 0.000699
39.400000 0.001382
39.450000 0.001010
39.500000 0.001589
39.550000 0.001108
39.600000 0.001569
39.650000 0.000975
39.700000 0.001322
39.750000 0.000628
39.800000 0.000886
39.850000 0.000125
39.900000 0.000332
39.950000 -0.000453
40.000000 -0.000249
40.050000 -0.001007
40.100000 -0.000757
40.150000 -0.001442
40.200000 -0.001103
40.250000 -0.001679
40.300000 -0.001224
40.350000 -0.001673
40.400000 -0.001094
40.450000 -0.001420
40.500000 -0.000733
40.550000 -0.000961
40.600000 -0.000200
40.650000 -0.000373
40.700000 0.000415
40.750000 0.000246
40.800000 0.001007
40.850000 0.000791
40.900000 0.001477
40.950000 0.001171
41.000000 0.001745
41.050000 0.001322
41.100000 0.001768
41.150000 0.001218
41.200000 0.001538
41.250000 0.000875
41.300000 0.001091
41.350000 0.000346
41.400000 0.000495
41.450000 -0.000288
41.500000 -0.000155
41.550000 -0.000924
41.600000 -0.000756
41.650000 -0.001460
41.700000 -0.001208
41.750000 -0.001805
41.800000 -0.001436
41.850000 -0.001899
41.900000 -0.001395
41.950000 -0.001720
42.000000 -0.001088
42.050000 -0.001292
42.100000 -0.000561
42.150000 -0.000681
42.200000 0.000104
42.250000 0.000014
42.300000 0.000797
42.350000 0.000681
42.400000 0.001406
42.450000 0.001213
42.500000 0.001833
42.550000 0.001522
42.600000 0.002007
42.650000 0.001559
42.700000 0.001901
42.750000 0.001317
42.800000 0.001528
42.850000 0.000832
42.900000 0.000944
42.950000 0.000176
43.000000 0.000237
43.050000 -0.000551
43.100000 -0.000488
43.150000 -0.001240
43.200000 -0.001119
43.250000 -0.001785
43.300000 -0.001559
43.350000 -0.002098
43.400000 -0.001736
43.450000 -0.002126
43.500000 -0.001617
43.550000 -0.001858
43.600000 -0.001215
43.650000 -0.001332
43.700000 -0.000589
43.750000 -0.000625
43.800000 0.000168
43.850000 0.000157
43.900000 0.000939
43.950000 0.000892
44.000000 0.001606
44.050000 0.001470
44.100000 0.002067
44.150000 0.001803
44.200000 0.002257
44.250000 0.001848
44.300000 0.002154
44.350000 0.001610
44.400000 0.001788
44.450000 0.001140
44.500000 0.001234
44.550000 0.000534
44.600000 0.000602
44.650000 -0.000084
44.700000 0.000029
44.750000 -0.000573
44.800000 -0.000345
44.850000 -0.000794
44.900000 -0.000388
44.950000 -0.000629
