-30.000000 -0.000132
-29.950000 -0.000128
-29.900000 -0.000248
-29.850000 -0.000229
-29.800000 -0.000324
-29.750000 -0.000274
-29.700000 -0.000333
-29.650000 -0.000247
-29.600000 -0.000268
-29.550000 -0.000149
-29.500000 -0.000140
-29.450000 -0.000003
-29.400000 0.000016
-29.350000 0.000150
-29.300000 0.000157
-29.250000 0.000267
-29.200000 0.000244
-29.150000 0.000313
-29.100000 0.000249
-29.050000 0.000274
-29.000000 0.000170
-28.950000 0.000159
-28.900000 0.000030
-28.850000 0.000002
-28.800000 -0.000131
-28.750000 -0.000153
-28.700000 -0.000265
-28.650000 -0.000259
-28.600000 -0.000332
-28.550000 -0.000283
-28.500000 -0.000310
-28.450000 -0.000218
-28.400000 -0.000203
-28.350000 -0.000080
-28.300000 -0.000041
-28.250000 0.000093
-28.200000 0.000131
-28.150000 0.000250
-28.100000 0.000264
-28.050000 0.000345
-28.000000 0.000317
-27.950000 0.000349
-27.900000 0.000274
-27.850000 0.000259
-27.800000 0.000144
-27.750000 0.000097
-27.700000 -0.000036
-27.650000 -0.000091
-27.600000 -0.000216
-27.550000 -0.000253
-27.500000 -0.000346
-27.450000 -0.000342
-27.400000 -0.000386
-27.350000 -0.000332
-27.300000 -0.000323
-27.250000 -0.000223
-27.200000 -0.000172
-27.150000 -0.000044
-27.100000 0.000026
-27.050000 0.000158
-27.000000 0.000219
-26.950000 0.000325
-26.900000 0.000352
-26.850000 0.000411
-26.800000 0.000387
-26.750000 0.000390
-26.700000 0.000312
-26.650000 0.000264
-26.600000 0.000145
-26.550000 0.000065
-26.500000 -0.000070
-26.450000 -0.000154
-26.400000 -0.000275
-26.350000 -0.000334
-26.300000 -0.000414
-26.250000 -0.000425
-26.200000 -0.000448
-26.150000 -0.000401
-26.100000 -0.000365
-26.050000 -0.000266
-26.000000 -0.000183
-25.950000 -0.000052
-25.900000 0.000050
-25.850000 0.000183
-25.800000 0.000275
-25.750000 0.000379
-25.700000 0.000431
-25.650000 0.000482
-25.600000 0.000475
-25.550000 0.000462
-25.500000 0.000394
-25.450000 0.000321
-25.400000 0.000205
-25.350000 0.000093
-25.300000 -0.000045
-25.250000 -0.000164
-25.200000 -0.000291
-25.150000 -0.000385
-25.100000 -0.000470
-25.050000 -0.000512
-25.000000 -0.000533
-24.950000 -0.000510
-24.900000 -0.000461
-24.850000 -0.000375
-24.800000 -0.000270
-24.750000 -0.000141
-24.700000 -0.000004
-24.650000 0.000137
-24.600000 0.000271
-24.550000 0.000389
-24.500000 0.000485
-24.450000 0.000549
-24.400000 0.000583
-24.350000 0.000575
-24.300000 0.000538
-24.250000 0.000458
-24.200000 0.000357
-24.150000 0.000222
-24.100000 0.000082
-24.050000 -0.000077
-24.000000 -0.000220
-23.950000 -0.000367
-23.900000 -0.000476
-23.850000 -0.000576
-23.800000 -0.000622
-23.750000 -0.000650
-23.700000 -0.000618
-23.650000 -0.000569
-23.600000 -0.000461
-23.550000 -0.000348
-23.500000 -0.000186
-23.450000 -0.000038
-23.400000 0.000144
-23.350000 0.000289
-23.300000 0.000451
-23.250000 0.000555
-23.200000 0.000661
-23.150000 0.000694
-23.100000 0.000722
-23.050000 0.000669
-23.000000 0.000614
-22.950000 0.000482
-22.900000 0.000361
-22.850000 0.000174
-22.800000 0.000017
-22.750000 -0.000188
-22.700000 -0.000339
-22.650000 -0.000519
-22.600000 -0.000623
-22.550000 -0.000743
-22.500000 -0.000769
-22.450000 -0.000803
-22.400000 -0.000737
-22.350000 -0.000683
-22.300000 -0.000532
-22.250000 -0.000405
-22.200000 -0.000194
-22.150000 -0.000029
-22.100000 0.000201
-22.050000 0.000362
-22.000000 0.000567
-21.950000 0.000679
-21.900000 0.000819
-21.850000 0.000849
-21.800000 0.000898
-21.750000 0.000829
-21.700000 0.000782
-21.650000 0.000619
-21.600000 0.000491
-21.550000 0.000260
-21.500000 0.000086
-21.450000 -0.000171
-21.400000 -0.000346
-21.350000 -0.000583
-21.300000 -0.000711
-21.250000 -0.000883
-21.200000 -0.000928
-21.150000 -0.001005
-21.100000 -0.000944
-21.050000 -0.000916
-21.000000 -0.000751
-20.950000 -0.000630
-20.900000 -0.000385
-20.850000 -0.000205
-20.800000 0.000080
-20.750000 0.000274
-20.700000 0.000548
-20.650000 0.000704
-20.600000 0.000919
-20.550000 0.000993
-20.500000 0.001112
-20.450000 0.001076
-20.400000 0.001082
-20.350000 0.000930
-20.300000 0.000829
-20.250000 0.000580
-20.200000 0.000400
-20.150000 0.000092
-20.100000 -0.000120
-20.050000 -0.000436
-20.000000 -0.000627
-19.950000 -0.000897
-19.900000 -0.001015
-19.850000 -0.001195
-19.800000 -0.001203
-19.750000 -0.001263
-19.700000 -0.001146
-19.650000 -0.001083
-19.600000 -0.000849
-19.550000 -0.000685
-19.500000 -0.000365
-19.450000 -0.000141
-19.400000 0.000214
-19.350000 0.000442
-19.300000 0.000775
-19.250000 0.000950
-19.200000 0.001206
-19.150000 0.001281
-19.100000 0.001420
-19.050000 0.001364
-19.000000 0.001369
-18.950000 0.001177
-18.900000 0.001055
-18.850000 0.000748
-18.800000 0.000531
-18.750000 0.000153
-18.700000 -0.000105
-18.650000 -0.000497
-18.600000 -0.000736
-18.550000 -0.001081
-18.500000 -0.001241
-18.450000 -0.001484
-18.400000 -0.001520
-18.350000 -0.001626
-18.300000 -0.001514
-18.250000 -0.001472
-18.200000 -0.001217
-18.150000 -0.001045
-18.100000 -0.000675
-18.050000 -0.000415
-18.000000 0.000017
-17.950000 0.000307
-17.900000 0.000736
-17.850000 0.000989
-17.800000 0.001351
-17.750000 0.001506
-17.700000 0.001747
-17.650000 0.001759
-17.600000 0.001846
-17.550000 0.001695
-17.500000 0.001622
-17.450000 0.001317
-17.400000 0.001105
-17.350000 0.000682
-17.300000 0.000381
-17.250000 -0.000102
-17.200000 -0.000429
-17.150000 -0.000903
-17.100000 -0.001184
-17.050000 -0.001580
-17.000000 -0.001749
-16.950000 -0.002010
-16.900000 -0.002022
-16.850000 -0.002113
-16.800000 -0.001947
-16.750000 -0.001861
-16.700000 -0.001526
-16.650000 -0.001288
-16.600000 -0.000822
-16.550000 -0.000482
-16.500000 0.000054
-16.450000 0.000426
-16.400000 0.000959
-16.350000 0.001288
-16.300000 0.001742
-16.250000 0.001956
-16.200000 0.002268
-16.150000 0.002314
-16.100000 0.002443
-16.050000 0.002295
-16.000000 0.002229
-15.950000 0.001890
-15.900000 0.001649
-15.850000 0.001155
-15.800000 0.000787
-15.750000 0.000199
-15.700000 -0.000226
-15.650000 -0.000832
-15.600000 -0.001231
-15.550000 -0.001773
-15.500000 -0.002069
-15.450000 -0.002472
-15.400000 -0.002600
-15.350000 -0.002813
-15.300000 -0.002733
-15.250000 -0.002731
-15.200000 -0.002435
-15.150000 -0.002226
-15.100000 -0.001739
-15.050000 -0.001366
-15.000000 -0.000742
-14.950000 -0.000270
-14.900000 0.000412
-14.850000 0.000899
-14.800000 0.001553
-14.750000 0.001967
-14.700000 0.002508
-14.650000 0.002770
-14.600000 0.003128
-14.550000 0.003180
-14.500000 0.003311
-14.450000 0.003125
-14.400000 0.003017
-14.350000 0.002599
-14.300000 0.002275
-14.250000 0.001664
-14.200000 0.001180
-14.150000 0.000445
-14.100000 -0.000120
-14.050000 -0.000891
-14.000000 -0.001444
-13.950000 -0.002156
-13.900000 -0.002604
-13.850000 -0.003169
-13.800000 -0.003431
-13.750000 -0.003778
-13.700000 -0.003797
-13.650000 -0.003886
-13.600000 -0.003639
-13.550000 -0.003463
-13.500000 -0.002961
-13.450000 -0.002552
-13.400000 -0.001843
-13.350000 -0.001262
-13.300000 -0.000422
-13.250000 0.000242
-13.200000 0.001117
-13.150000 0.001765
-13.100000 0.002571
-13.050000 0.003102
-13.000000 0.003745
-12.950000 0.004071
-12.900000 0.004475
-12.850000 0.004533
-12.800000 0.004651
-12.750000 0.004412
-12.700000 0.004234
-12.650000 0.003707
-12.600000 0.003259
-12.550000 0.002489
-12.500000 0.001834
-12.450000 0.000898
-12.400000 0.000126
-12.350000 -0.000876
-12.300000 -0.001660
-12.250000 -0.002617
-12.200000 -0.003302
-12.150000 -0.004108
-12.100000 -0.004592
-12.050000 -0.005155
-12.000000 -0.005361
-11.950000 -0.005619
-11.900000 -0.005499
-11.850000 -0.005422
-11.800000 -0.004969
-11.750000 -0.004570
-11.700000 -0.003815
-11.650000 -0.003143
-11.600000 -0.002153
-11.550000 -0.001292
-11.500000 -0.000164
-11.450000 0.000780
-11.400000 0.001932
-11.350000 0.002839
-11.300000 0.003895
-11.250000 0.004650
-11.200000 0.005499
-11.150000 0.005997
-11.100000 0.006549
-11.050000 0.006716
-11.000000 0.006912
-10.950000 0.006706
-10.900000 0.006524
-10.850000 0.005946
-10.800000 0.005405
-10.750000 0.004493
-10.700000 0.003652
-10.650000 0.002484
-10.600000 0.001436
-10.550000 0.000115
-10.500000 -0.001024
-10.450000 -0.002373
-10.400000 -0.003475
-10.350000 -0.004721
-10.300000 -0.005659
-10.250000 -0.006681
-10.200000 -0.007340
-10.150000 -0.008036
-10.100000 -0.008329
-10.050000 -0.008628
-10.000000 -0.008503
-9.950000 -0.008372
-9.900000 -0.007817
-9.850000 -0.007266
-9.800000 -0.006313
-9.750000 -0.005393
-9.700000 -0.004112
-9.650000 -0.002912
-9.600000 -0.001406
-9.550000 -0.000043
-9.500000 0.001561
-9.450000 0.002952
-9.400000 0.004513
-9.350000 0.005794
-9.300000 0.007175
-9.250000 0.008211
-9.200000 0.009288
-9.150000 0.009967
-9.100000 0.010641
-9.050000 0.010881
-9.000000 0.011087
-8.950000 0.010842
-8.900000 0.010556
-8.850000 0.009823
-8.800000 0.009062
-8.750000 0.007880
-8.700000 0.006703
-8.650000 0.005149
-8.600000 0.003652
-8.550000 0.001838
-8.500000 0.000147
-8.450000 -0.001790
-8.400000 -0.003532
-8.350000 -0.005443
-8.300000 -0.007083
-8.250000 -0.008817
-8.200000 -0.010208
-8.150000 -0.011625
-8.100000 -0.012638
-8.050000 -0.013620
-8.000000 -0.014152
-7.950000 -0.014615
-7.900000 -0.014599
-7.850000 -0.014494
-7.800000 -0.013906
-7.750000 -0.013231
-7.700000 -0.012088
-7.650000 -0.010883
-7.600000 -0.009246
-7.550000 -0.007592
-7.500000 -0.005560
-7.450000 -0.003572
-7.400000 -0.001275
-7.350000 0.000907
-7.300000 0.003320
-7.250000 0.005538
-7.200000 0.007904
-7.150000 0.009997
-7.100000 0.012158
-7.050000 0.013969
-7.000000 0.015776
-6.950000 0.017167
-6.900000 0.018491
-6.850000 0.019348
-6.800000 0.020092
-6.750000 0.020334
-6.700000 0.020436
-6.650000 0.020020
-6.600000 0.019456
-6.550000 0.018379
-6.500000 0.017166
-6.450000 0.015465
-6.400000 0.013661
-6.350000 0.011412
-6.300000 0.009110
-6.250000 0.006424
-6.200000 0.003748
-6.150000 0.000762
-6.100000 -0.002136
-6.050000 -0.005263
-6.000000 -0.008219
-5.950000 -0.011316
-5.900000 -0.014157
-5.850000 -0.017051
-5.800000 -0.019607
-5.750000 -0.022134
-5.700000 -0.024247
-5.650000 -0.026259
-5.600000 -0.027793
-5.550000 -0.029165
-5.500000 -0.030011
-5.450000 -0.030652
-5.400000 -0.030735
-5.350000 -0.030589
-5.300000 -0.029874
-5.250000 -0.028925
-5.200000 -0.027415
-5.150000 -0.025686
-5.100000 -0.023424
-5.050000 -0.020976
-5.000000 -0.018040
-4.950000 -0.014968
-4.900000 -0.011468
-4.850000 -0.007895
-4.800000 -0.003965
-4.750000 -0.000037
-4.700000 0.004169
-4.650000 0.008293
-4.600000 0.012610
-4.550000 0.016762
-4.500000 0.021021
-4.450000 0.025035
-4.400000 0.029071
-4.350000 0.032783
-4.300000 0.036439
-4.250000 0.039699
-4.200000 0.042832
-4.150000 0.045507
-4.100000 0.047992
-4.050000 0.049965
-4.000000 0.051698
-3.950000 0.052875
-3.900000 0.053772
-3.850000 0.054082
-3.800000 0.054083
-3.750000 0.053480
-3.700000 0.052549
-3.650000 0.051006
-3.600000 0.049132
-3.550000 0.046648
-3.500000 0.043838
-3.450000 0.040433
-3.400000 0.036717
-3.350000 0.032430
-3.300000 0.027858
-3.250000 0.022748
-3.200000 0.017387
-3.150000 0.011530
-3.100000 0.005463
-3.050000 -0.001050
-3.000000 -0.007724
-2.950000 -0.014790
-2.900000 -0.021962
-2.850000 -0.029464
-2.800000 -0.037014
-2.750000 -0.044829
-2.700000 -0.052630
-2.650000 -0.060629
-2.600000 -0.068549
-2.550000 -0.076598
-2.500000 -0.084502
-2.450000 -0.092468
-2.400000 -0.100225
-2.350000 -0.107976
-2.300000 -0.115457
-2.250000 -0.122869
-2.200000 -0.129953
-2.150000 -0.136910
-2.100000 -0.143488
-2.050000 -0.149887
-2.000000 -0.155863
-1.950000 -0.161615
-1.900000 -0.166909
-1.850000 -0.171944
-1.800000 -0.176496
-1.750000 -0.180764
-1.700000 -0.184533
-1.650000 -0.188005
-1.600000 -0.190974
-1.550000 -0.193643
-1.500000 -0.195817
-1.450000 -0.197700
-1.400000 -0.199108
-1.350000 -0.200245
-1.300000 -0.200938
-1.250000 -0.201392
-1.200000 -0.201443
-1.150000 -0.201300
-1.100000 -0.200805
-1.050000 -0.200170
-1.000000 -0.199247
-0.950000 -0.198247
-0.900000 -0.197034
-0.850000 -0.195819
-0.800000 -0.194475
-0.750000 -0.193216
-0.700000 -0.191925
-0.650000 -0.190816
-0.600000 -0.189785
-0.550000 -0.189050
-0.500000 -0.188516
-0.450000 -0.188406
-0.400000 -0.188641
-0.350000 -0.189450
-0.300000 -0.190769
-0.250000 -0.192837
-0.200000 -0.195608
-0.150000 -0.199332
-0.100000 -0.203989
-0.050000 -0.209843
0.000000 -0.216898
0.050000 -0.225441
0.100000 -0.235507
0.150000 -0.247404
0.200000 -0.261205
0.250000 -0.277249
0.300000 -0.295645
0.350000 -0.316765
0.400000 -0.340763
0.450000 -0.368042
0.500000 -0.398799
0.550000 -0.433468
0.600000 -0.472281
0.650000 -0.515695
0.700000 -0.563963
0.750000 -0.617542
0.800000 -0.676680
0.850000 -0.741799
0.900000 -0.813097
0.950000 -0.890904
1.000000 -0.975300
1.050000 -1.066446
1.100000 -1.164212
1.150000 -1.268489
1.200000 -1.378827
1.250000 -1.494734
1.300000 -1.615333
1.350000 -1.739642
1.400000 -1.866276
1.450000 -1.993716
1.500000 -2.120057
1.550000 -2.243290
1.600000 -2.361100
1.650000 -2.471174
1.700000 -2.571044
1.750000 -2.658417
1.800000 -2.731059
1.850000 -2.787111
1.900000 -2.824991
1.950000 -2.843674
2.000000 -2.842565
2.050000 -2.821711
2.100000 -2.781632
2.150000 -2.723444
2.200000 -2.648654
2.250000 -2.559204
2.300000 -2.457250
2.350000 -2.345163
2.400000 -2.225326
2.450000 -2.100126
2.500000 -1.971789
2.550000 -1.842392
2.600000 -1.713752
2.650000 -1.587453
2.700000 -1.464793
2.750000 -1.346819
2.800000 -1.234318
2.850000 -1.127854
2.900000 -1.027787
2.950000 -0.934298
3.000000 -0.847431
3.050000 -0.767098
3.100000 -0.693135
3.150000 -0.625287
3.200000 -0.563273
3.250000 -0.506749
3.300000 -0.455383
3.350000 -0.408800
3.400000 -0.366663
3.450000 -0.328599
3.500000 -0.294295
3.550000 -0.263400
3.600000 -0.235640
3.650000 -0.210695
3.700000 -0.188334
3.750000 -0.168274
3.800000 -0.150328
3.850000 -0.134246
3.900000 -0.119883
3.950000 -0.107019
4.000000 -0.095548
4.050000 -0.085276
4.100000 -0.076129
4.150000 -0.067935
4.200000 -0.060651
4.250000 -0.054121
4.300000 -0.048325
4.350000 -0.043122
4.400000 -0.038513
4.450000 -0.034369
4.500000 -0.030706
4.550000 -0.027403
4.600000 -0.024493
4.650000 -0.021859
4.700000 -0.019547
4.750000 -0.017445
4.800000 -0.015610
4.850000 -0.013930
4.900000 -0.012474
4.950000 -0.011131
5.000000 -0.009977
5.050000 -0.008901
5.100000 -0.007987
5.150000 -0.007122
5.200000 -0.006399
5.250000 -0.005703
5.300000 -0.005131
5.350000 -0.004569
5.400000 -0.004118
5.450000 -0.003662
5.500000 -0.003309
5.550000 -0.002937
5.600000 -0.002661
5.650000 -0.002357
5.700000 -0.002144
5.750000 -0.001893
5.800000 -0.001729
5.850000 -0.001521
5.900000 -0.001397
5.950000 -0.001222
6.000000 -0.001130
6.050000 -0.000981
6.100000 -0.000914
6.150000 -0.000787
6.200000 -0.000742
6.250000 -0.000631
6.300000 -0.000603
6.350000 -0.000506
6.400000 -0.000492
6.450000 -0.000406
6.500000 -0.000403
6.550000 -0.000325
6.600000 -0.000331
6.650000 -0.000259
6.700000 -0.000272
6.750000 -0.000205
6.800000 -0.000224
6.850000 -0.000161
6.900000 -0.000186
6.950000 -0.000126
7.000000 -0.000156
7.050000 -0.000098
7.100000 -0.000132
7.150000 -0.000076
7.200000 -0.000113
7.250000 -0.000057
7.300000 -0.000097
7.350000 -0.000041
7.400000 -0.000083
7.450000 -0.000028
7.500000 -0.000072
7.550000 -0.000017
7.600000 -0.000063
7.650000 -0.000009
7.700000 -0.000057
7.750000 -0.000003
7.800000 -0.000053
7.850000 0.000002
7.900000 -0.000049
7.950000 0.000007
8.000000 -0.000045
8.050000 0.000012
8.100000 -0.000041
8.150000 0.000016
8.200000 -0.000038
8.250000 0.000019
8.300000 -0.000037
8.350000 0.000021
8.400000 -0.000036
8.450000 0.000022
8.500000 -0.000036
8.550000 0.000023
8.600000 -0.000036
8.650000 0.000024
8.700000 -0.000035
8.750000 0.000026
8.800000 -0.000033
8.850000 0.000029
8.900000 -0.000032
8.950000 0.000030
9.000000 -0.000033
9.050000 0.000030
9.100000 -0.000034
9.150000 0.000029
9.200000 -0.000035
9.250000 0.000029
9.300000 -0.000035
9.350000 0.000031
9.400000 -0.000034
9.450000 0.000032
9.500000 -0.000033
9.550000 0.000034
9.600000 -0.000033
9.650000 0.000034
9.700000 -0.000034
9.750000 0.000034
9.800000 -0.000035
9.850000 0.000033
9.900000 -0.000036
9.950000 0.000033
10.000000 -0.000036
10.050000 0.000034
10.100000 -0.000035
10.150000 0.000036
10.200000 -0.000035
10.250000 0.000037
10.300000 -0.000035
10.350000 0.000037
10.400000 -0.000036
10.450000 0.000036
10.500000 -0.000037
10.550000 0.000035
10.600000 -0.000038
10.650000 0.000035
10.700000 -0.000038
10.750000 0.000037
10.800000 -0.000037
10.850000 0.000038
10.900000 -0.000036
10.950000 0.000039
11.000000 -0.000036
11.050000 0.000039
11.100000 -0.000038
11.150000 0.000038
11.200000 -0.000039
11.250000 0.000037
11.300000 -0.000040
11.350000 0.000037
11.400000 -0.000040
11.450000 0.000039
11.500000 -0.000039
11.550000 0.000040
11.600000 -0.000038
11.650000 0.000041
11.700000 -0.000038
11.750000 0.000041
11.800000 -0.000040
11.850000 0.000040
11.900000 -0.000041
11.950000 0.000039
12.000000 -0.000042
12.050000 0.000039
12.100000 -0.000042
12.150000 0.000040
12.200000 -0.000041
12.250000 0.000042
12.300000 -0.000039
12.350000 0.000043
12.400000 -0.000040
12.450000 0.000043
12.500000 -0.000041
12.550000 0.000041
12.600000 -0.000043
12.650000 0.000040
12.700000 -0.000044
12.750000 0.000040
12.800000 -0.000043
12.850000 0.000042
12.900000 -0.000042
12.950000 0.000043
13.000000 -0.000041
13.050000 0.000044
13.100000 -0.000041
13.150000 0.000044
13.200000 -0.000042
13.250000 0.000042
13.300000 -0.000044
13.350000 0.000041
13.400000 -0.000045
13.450000 0.000041
13.500000 -0.000044
13.550000 0.000042
13.600000 -0.000043
13.650000 0.000044
13.700000 -0.000041
13.750000 0.000045
13.800000 -0.000041
13.850000 0.000045
13.900000 -0.000043
13.950000 0.000043
14.000000 -0.000045
14.050000 0.000042
14.100000 -0.000046
14.150000 0.000041
14.200000 -0.000045
14.250000 0.000043
14.300000 -0.000044
14.350000 0.000045
14.400000 -0.000042
14.450000 0.000046
14.500000 -0.000042
14.550000 0.000046
14.600000 -0.000043
14.650000 0.000044
14.700000 -0.000045
14.750000 0.000042
14.800000 -0.000046
14.850000 0.000042
14.900000 -0.000046
14.950000 0.000043
15.000000 -0.000044
15.050000 0.000045
15.100000 -0.000042
15.150000 0.000046
15.200000 -0.000042
15.250000 0.000046
15.300000 -0.000043
15.350000 0.000044
15.400000 -0.000045
15.450000 0.000042
15.500000 -0.000046
15.550000 0.000041
15.600000 -0.000046
15.650000 0.000042
15.700000 -0.000044
15.750000 0.000045
15.800000 -0.000042
15.850000 0.000046
15.900000 -0.000041
15.950000 0.000046
16.000000 -0.000042
16.050000 0.000045
16.100000 -0.000044
16.150000 0.000042
16.200000 -0.000046
16.250000 0.000041
16.300000 -0.000046
16.350000 0.000042
16.400000 -0.000045
16.450000 0.000044
16.500000 -0.000042
16.550000 0.000046
16.600000 -0.000041
16.650000 0.000046
16.700000 -0.000041
16.750000 0.000045
16.800000 -0.000043
16.850000 0.000042
16.900000 -0.000045
16.950000 0.000040
17.000000 -0.000046
17.050000 0.000040
17.100000 -0.000045
17.150000 0.000042
17.200000 -0.000042
17.250000 0.000045
17.300000 -0.000040
17.350000 0.000046
17.400000 -0.000040
17.450000 0.000045
17.500000 -0.000041
17.550000 0.000042
17.600000 -0.000044
17.650000 0.000039
17.700000 -0.000045
17.750000 0.000039
17.800000 -0.000045
17.850000 0.000040
17.900000 -0.000042
17.950000 0.000043
18.000000 -0.000039
18.050000 0.000045
18.100000 -0.000038
18.150000 0.000044
18.200000 -0.000039
18.250000 0.000042
18.300000 -0.000042
18.350000 0.000039
18.400000 -0.000044
18.450000 0.000037
18.500000 -0.000044
18.550000 0.000038
18.600000 -0.000042
18.650000 0.000041
18.700000 -0.000038
18.750000 0.000043
18.800000 -0.000036
18.850000 0.000044
18.900000 -0.000037
18.950000 0.000042
19.000000 -0.000039
19.050000 0.000038
19.100000 -0.000042
19.150000 0.000035
19.200000 -0.000043
19.250000 0.000035
19.300000 -0.000041
19.350000 0.000037
19.400000 -0.000038
19.450000 0.000041
19.500000 -0.000035
19.550000 0.000042
19.600000 -0.000034
19.650000 0.000041
19.700000 -0.000036
19.750000 0.000038
19.800000 -0.000039
19.850000 0.000034
19.900000 -0.000041
19.950000 0.000032
20.000000 -0.000041
20.050000 0.000034
20.100000 -0.000038
20.150000 0.000037
20.200000 -0.000034
20.250000 0.000040
20.300000 -0.000031
20.350000 0.000040
20.400000 -0.000032
20.450000 0.000038
20.500000 -0.000035
20.550000 0.000033
20.600000 -0.000038
20.650000 0.000030
20.700000 -0.000039
20.750000 0.000030
20.800000 -0.000037
20.850000 0.000033
20.900000 -0.000033
20.950000 0.000036
21.000000 -0.000029
21.050000 0.000038
21.100000 -0.000028
21.150000 0.000037
21.200000 -0.000030
21.250000 0.000033
21.300000 -0.000034
21.350000 0.000029
21.400000 -0.000037
21.450000 0.000026
21.500000 -0.000037
21.550000 0.000028
21.600000 -0.000033
21.650000 0.000031
21.700000 -0.000028
21.750000 0.000035
21.800000 -0.000025
21.850000 0.000036
21.900000 -0.000025
21.950000 0.000033
22.000000 -0.000029
22.050000 0.000028
22.100000 -0.000033
22.150000 0.000024
22.200000 -0.000035
22.250000 0.000023
22.300000 -0.000033
22.350000 0.000026
22.400000 -0.000028
22.450000 0.000030
22.500000 -0.000023
22.550000 0.000033
22.600000 -0.000021
22.650000 0.000033
22.700000 -0.000023
22.750000 0.000029
22.800000 -0.000027
22.850000 0.000023
22.900000 -0.000031
22.950000 0.000020
23.000000 -0.000032
23.050000 0.000020
23.100000 -0.000029
23.150000 0.000023
23.200000 -0.000023
23.250000 0.000028
23.300000 -0.000019
23.350000 0.000031
23.400000 -0.000017
23.450000 0.000029
23.500000 -0.000020
23.550000 0.000024
23.600000 -0.000025
23.650000 0.000018
23.700000 -0.000029
23.750000 0.000015
23.800000 -0.000029
23.850000 0.000016
23.900000 -0.000025
23.950000 0.000021
24.000000 -0.000018
24.050000 0.000026
24.100000 -0.000014
24.150000 0.000028
24.200000 -0.000013
24.250000 0.000025
24.300000 -0.000017
24.350000 0.000019
24.400000 -0.000022
24.450000 0.000013
24.500000 -0.000026
24.550000 0.000010
24.600000 -0.000025
24.650000 0.000013
24.700000 -0.000020
24.750000 0.000018
24.800000 -0.000013
24.850000 0.000023
24.900000 -0.000009
24.950000 0.000025
25.000000 -0.000009
25.050000 0.000021
25.100000 -0.000013
25.150000 0.000014
25.200000 -0.000020
25.250000 0.000008
25.300000 -0.000023
25.350000 0.000006
25.400000 -0.000022
25.450000 0.000009
25.500000 -0.000016
25.550000 0.000015
25.600000 -0.000008
25.650000 0.000020
25.700000 -0.000004
25.750000 0.000022
25.800000 -0.000004
25.850000 0.000017
25.900000 -0.000010
25.950000 0.000010
26.000000 -0.000016
26.050000 0.000003
26.100000 -0.000020
26.150000 0.000001
26.200000 -0.000018
26.250000 0.000004
26.300000 -0.000012
26.350000 0.000011
26.400000 -0.000004
26.450000 0.000017
26.500000 0.000001
26.550000 0.000018
26.600000 0.000001
26.650000 0.000014
26.700000 -0.000005
26.750000 0.000005
26.800000 -0.000013
26.850000 -0.000002
26.900000 -0.000017
26.950000 -0.000004
27.000000 -0.000015
27.050000 -0.000001
27.100000 -0.000008
27.150000 0.000007
27.200000 0.000001
27.250000 0.000014
27.300000 0.000007
27.350000 0.000015
27.400000 0.000006
27.450000 0.000011
27.500000 -0.000000
27.550000 0.000002
27.600000 -0.000009
27.650000 -0.000007
27.700000 -0.000014
27.750000 -0.000010
27.800000 -0.000012
27.850000 -0.000006
27.900000 -0.000005
27.950000 0.000002
28.000000 0.000005
28.050000 0.000010
28.100000 0.000011
28.150000 0.000013
28.200000 0.000012
28.250000 0.000008
28.300000 0.000006
28.350000 -0.000001
28.400000 -0.000004
28.450000 -0.000011
28.500000 -0.000010
28.550000 -0.000015
28.600000 -0.000010
28.650000 -0.000013
28.700000 -0.000003
28.750000 -0.000004
28.800000 0.000007
28.850000 0.000005
28.900000 0.000016
28.950000 0.000010
29.000000 0.000018
29.050000 0.000007
29.100000 0.000012
29.150000 -0.000003
29.200000 0.000002
29.250000 -0.000014
29.300000 -0.000006
29.350000 -0.000021
29.400000 -0.000008
29.450000 -0.000019
29.500000 -0.000002
29.550000 -0.000011
29.600000 0.000009
29.650000 -0.000001
29.700000 0.000020
29.750000 0.000006
29.800000 0.000024
29.850000 0.000006
29.900000 0.000020
29.950000 -0.000003
30.000000 0.000010
30.050000 -0.000015
30.100000 -0.000001
30.150000 -0.000025
30.200000 -0.000006
30.250000 -0.000027
30.300000 -0.000002
30.350000 -0.000020
30.400000 0.000009
30.450000 -0.000008
30.500000 0.000021
30.550000 0.000002
30.600000 0.000029
30.650000 0.000005
30.700000 0.000028
30.750000 -0.000002
30.800000 0.000019
30.850000 -0.000015
30.900000 0.000006
30.950000 -0.000027
31.000000 -0.000003
31.050000 -0.000033
31.100000 -0.000003
31.150000 -0.000029
31.200000 0.000006
31.250000 -0.000017
31.300000 0.000021
31.350000 -0.000004
31.400000 0.000032
31.450000 0.000003
31.500000 0.000036
31.550000 0.000000
31.600000 0.000029
31.650000 -0.000011
31.700000 0.000016
31.750000 -0.000026
31.800000 0.000003
31.850000 -0.000037
31.900000 -0.000002
31.950000 -0.000038
32.000000 0.000003
32.050000 -0.000029
32.100000 0.000017
32.150000 -0.000014
32.200000 0.000032
32.250000 -0.000002
32.300000 0.000041
32.350000 0.000002
32.400000 0.000040
32.450000 -0.000006
32.500000 0.000028
32.550000 -0.000022
32.600000 0.000012
32.650000 -0.000037
32.700000 0.000001
32.750000 -0.000045
32.800000 -0.000000
32.850000 -0.000041
32.900000 0.000010
32.950000 -0.000027
33.000000 0.000027
33.050000 -0.000011
33.100000 0.000042
33.150000 -0.000000
33.200000 0.000048
33.250000 -0.000001
33.300000 0.000042
33.350000 -0.000013
33.400000 0.000026
33.450000 -0.000032
33.500000 0.000009
33.550000 -0.000047
33.600000 -0.000000
33.650000 -0.000051
33.700000 0.000003
33.750000 -0.000043
33.800000 0.000017
33.850000 -0.000026
33.900000 0.000036
33.950000 -0.000008
34.000000 0.000051
34.050000 0.000001
34.100000 0.000054
34.150000 -0.000004
34.200000 0.000043
34.250000 -0.000020
34.300000 0.000025
34.350000 -0.000040
34.400000 0.000007
34.450000 -0.000055
34.500000 -0.000001
34.550000 -0.000056
34.600000 0.000005
34.650000 -0.000044
34.700000 0.000023
34.750000 -0.000024
34.800000 0.000044
34.850000 -0.000006
34.900000 0.000059
34.950000 0.000002
35.000000 0.000059
35.050000 -0.000006
35.100000 0.000045
35.150000 -0.000025
35.200000 0.000024
35.250000 -0.000047
35.300000 0.000005
35.350000 -0.000062
35.400000 -0.000002
35.450000 -0.000062
35.500000 0.000006
35.550000 -0.000047
35.600000 0.000027
35.650000 -0.000024
35.700000 0.000050
35.750000 -0.000004
35.800000 0.000065
35.850000 0.000003
35.900000 0.000065
35.950000 -0.000006
36.000000 0.000049
36.050000 -0.000028
36.100000 0.000024
36.150000 -0.000053
36.200000 0.000003
36.250000 -0.000069
36.300000 -0.000005
36.350000 -0.000068
36.400000 0.000005
36.450000 -0.000051
36.500000 0.000028
36.550000 -0.000025
36.600000 0.000054
36.650000 -0.000003
36.700000 0.000072
36.750000 0.000006
36.800000 0.000072
36.850000 -0.000003
36.900000 0.000054
36.950000 -0.000027
37.000000 0.000027
37.050000 -0.000055
37.100000 0.000002
37.150000 -0.000074
37.200000 -0.000008
37.250000 -0.000076
37.300000 0.000001
37.350000 -0.000058
37.400000 0.000025
37.450000 -0.000030
37.500000 0.000055
37.550000 -0.000003
37.600000 0.000076
37.650000 0.000010
37.700000 0.000080
37.750000 0.000003
37.800000 0.000063
37.850000 -0.000022
37.900000 0.000033
37.950000 -0.000054
38.000000 0.000004
38.050000 -0.000078
38.100000 -0.000012
38.150000 -0.000084
38.200000 -0.000007
38.250000 -0.000069
38.300000 0.000017
38.350000 -0.000038
38.400000 0.000051
38.450000 -0.000006
38.500000 0.000079
38.550000 0.000014
38.600000 0.000088
38.650000 0.000012
38.700000 0.000075
38.750000 -0.000011
38.800000 0.000045
38.850000 -0.000046
38.900000 0.000010
38.950000 -0.000078
39.000000 -0.000015
39.050000 -0.000092
39.100000 -0.000017
39.150000 -0.000083
39.200000 0.000003
39.250000 -0.000053
39.300000 0.000039
39.350000 -0.000015
39.400000 0.000075
39.450000 0.000014
39.500000 0.000095
39.550000 0.000023
39.600000 0.000090
39.650000 0.000006
39.700000 0.000063
39.750000 -0.000030
39.800000 0.000023
39.850000 -0.000069
39.900000 -0.000012
39.950000 -0.000096
40.000000 -0.000027
40.050000 -0.000098
40.100000 -0.000016
40.150000 -0.000074
40.200000 0.000018
40.250000 -0.000034
40.300000 0.000061
40.350000 0.000007
40.400000 0.000094
40.450000 0.000030
40.500000 0.000105
40.550000 0.000026
40.600000 0.000087
40.650000 -0.000004
40.700000 0.000047
40.750000 -0.000048
40.800000 0.000002
40.850000 -0.000089
40.900000 -0.000030
40.950000 -0.000109
41.000000 -0.000036
41.050000 -0.000099
41.100000 -0.000012
41.150000 -0.000063
41.200000 0.000032
41.250000 -0.000015
41.300000 0.000079
41.350000 0.000026
41.400000 0.000110
41.450000 0.000044
41.500000 0.000111
41.550000 0.000029
41.600000 0.000081
41.650000 -0.000012
41.700000 0.000032
41.750000 -0.000064
41.800000 -0.000017
41.850000 -0.000105
41.900000 -0.000047
41.950000 -0.000120
42.000000 -0.000045
42.050000 -0.000100
42.100000 -0.000011
42.150000 -0.000054
42.200000 0.000042
42.250000 0.000001
42.300000 0.000094
42.350000 0.000044
42.400000 0.000123
42.450000 0.000057
42.500000 0.000118
42.550000 0.000035
42.600000 0.000080
42.650000 -0.000015
42.700000 0.000022
42.750000 -0.000074
42.800000 -0.000033
42.850000 -0.000119
42.900000 -0.000063
42.950000 -0.000131
43.000000 -0.000057
43.050000 -0.000106
43.100000 -0.000016
43.150000 -0.000051
43.200000 0.000046
43.250000 0.000012
43.300000 0.000104
43.350000 0.000060
43.400000 0.000136
43.450000 0.000074
43.500000 0.000129
43.550000 0.000048
43.600000 0.000085
43.650000 -0.000009
43.700000 0.000019
43.750000 -0.000077
43.800000 -0.000044
43.850000 -0.000129
43.900000 -0.000081
43.950000 -0.000146
44.000000 -0.000077
44.050000 -0.000120
44.100000 -0.000033
44.150000 -0.000061
44.200000 0.000035
44.250000 0.000011
44.300000 0.000103
44.350000 0.000069
44.400000 0.000144
44.450000 0.000091
44.500000 0.000143
44.550000 0.000069
44.600000 0.000101
44.650000 0.000011
44.700000 0.000034
44.750000 -0.000056
44.800000 -0.000027
44.850000 -0.000101
44.900000 -0.000048
44.950000 -0.000089
