-30.000000 0.000000
-29.950000 0.000000
-29.900000 0.000000
-29.850000 0.000000
-29.800000 0.000000
-29.750000 -0.000000
-29.700000 -0.000000
-29.650000 -0.000000
-29.600000 -0.000000
-29.550000 -0.000000
-29.500000 -0.000000
-29.450000 0.000000
-29.400000 0.000000
-29.350000 0.000000
-29.300000 0.000000
-29.250000 0.000000
-29.200000 0.000000
-29.150000 -0.000000
-29.100000 -0.000000
-29.050000 -0.000000
-29.000000 -0.000000
-28.950000 -0.000000
-28.900000 -0.000000
-28.850000 0.000000
-28.800000 0.000000
-28.750000 0.000000
-28.700000 0.000000
-28.650000 0.000000
-28.600000 -0.000000
-28.550000 -0.000000
-28.500000 -0.000000
-28.450000 -0.000000
-28.400000 -0.000000
-28.350000 0.000000
-28.300000 0.000000
-28.250000 0.000000
-28.200000 0.000000
-28.150000 0.000000
-28.100000 0.000000
-28.050000 0.000000
-28.000000 -0.000000
-27.950000 -0.000000
-27.900000 -0.000000
-27.850000 -0.000000
-27.800000 -0.000000
-27.750000 0.000000
-27.700000 0.000000
-27.650000 0.000000
-27.600000 0.000000
-27.550000 0.000000
-27.500000 0.000000
-27.450000 -0.000000
-27.400000 -0.000000
-27.350000 -0.000000
-27.300000 -0.000000
-27.250000 -0.000000
-27.200000 -0.000000
-27.150000 0.000000
-27.100000 0.000000
-27.050000 0.000000
-27.000000 0.000000
-26.950000 0.000000
-26.900000 -0.000000
-26.850000 -0.000000
-26.800000 -0.000000
-26.750000 -0.000000
-26.700000 -0.000000
-26.650000 -0.000000
-26.600000 0.000000
-26.550000 0.000000
-26.500000 0.000000
-26.450000 0.000000
-26.400000 0.000000
-26.350000 0.000000
-26.300000 -0.000000
-26.250000 -0.000000
-26.200000 -0.000000
-26.150000 -0.000000
-26.100000 -0.000000
-26.050000 -0.000000
-26.000000 0.000000
-25.950000 0.000000
-25.900000 0.000000
-25.850000 0.000000
-25.800000 0.000000
-25.750000 0.000000
-25.700000 -0.000000
-25.650000 -0.000000
-25.600000 -0.000000
-25.550000 -0.000000
-25.500000 -0.000000
-25.450000 -0.000000
-25.400000 0.000000
-25.350000 0.000000
-25.300000 0.000000
-25.250000 0.000000
-25.200000 0.000000
-25.150000 0.000000
-25.100000 -0.000000
-25.050000 -0.000000
-25.000000 -0.000000
-24.950000 -0.000001
-24.900000 -0.000000
-24.850000 -0.000000
-24.800000 0.000000
-24.750000 0.000000
-24.700000 0.000000
-24.650000 0.000001
-24.600000 0.000001
-24.550000 0.000000
-24.500000 0.000000
-24.450000 -0.000000
-24.400000 -0.000000
-24.350000 -0.000001
-24.300000 -0.000001
-24.250000 -0.000000
-24.200000 -0.000000
-24.150000 0.000000
-24.100000 0.000001
-24.050000 0.000001
-24.000000 0.000001
-23.950000 0.000000
-23.900000 0.000000
-23.850000 -0.000000
-23.800000 -0.000000
-23.750000 -0.000001
-23.700000 -0.000001
-23.650000 -0.000001
-23.600000 -0.000000
-23.550000 0.000000
-23.500000 0.000000
-23.450000 0.000001
-23.400000 0.000001
-23.350000 0.000001
-23.300000 0.000001
-23.250000 0.000000
-23.200000 -0.000000
-23.150000 -0.000001
-23.100000 -0.000001
-23.050000 -0.000001
-23.000000 -0.000001
-22.950000 -0.000000
-22.900000 0.000000
-22.850000 0.000001
-22.800000 0.000001
-22.750000 0.000001
-22.700000 0.000001
-22.650000 0.000001
-22.600000 0.000000
-22.550000 -0.000000
-22.500000 -0.000001
-22.450000 -0.000001
-22.400000 -0.000001
-22.350000 -0.000001
-22.300000 -0.000000
-22.250000 0.000000
-22.200000 0.000001
-22.150000 0.000001
-22.100000 0.000001
-22.050000 0.000001
-22.000000 0.000001
-21.950000 0.000000
-21.900000 -0.000001
-21.850000 -0.000001
-21.800000 -0.000001
-21.750000 -0.000001
-21.700000 -0.000001
-21.650000 -0.000001
-21.600000 0.000000
-21.550000 0.000001
-21.500000 0.000001
-21.450000 0.000002
-21.400000 0.000002
-21.350000 0.000001
-21.300000 0.000000
-21.250000 -0.000000
-21.200000 -0.000001
-21.150000 -0.000002
-21.100000 -0.000002
-21.050000 -0.000002
-21.000000 -0.000001
-20.950000 -0.000000
-20.900000 0.000001
-20.850000 0.000002
-20.800000 0.000002
-20.750000 0.000002
-20.700000 0.000002
-20.650000 0.000001
-20.600000 -0.000000
-20.550000 -0.000001
-20.500000 -0.000002
-20.450000 -0.000002
-20.400000 -0.000002
-20.350000 -0.000002
-20.300000 -0.000001
-20.250000 0.000000
-20.200000 0.000001
-20.150000 0.000002
-20.100000 0.000003
-20.050000 0.000003
-20.000000 0.000002
-19.950000 0.000001
-19.900000 -0.000000
-19.850000 -0.000002
-19.800000 -0.000003
-19.750000 -0.000003
-19.700000 -0.000003
-19.650000 -0.000002
-19.600000 -0.000001
-19.550000 0.000001
-19.500000 0.000002
-19.450000 0.000003
-19.400000 0.000004
-19.350000 0.000003
-19.300000 0.000003
-19.250000 0.000001
-19.200000 -0.000001
-19.150000 -0.000002
-19.100000 -0.000003
-19.050000 -0.000004
-19.000000 -0.000004
-18.950000 -0.000003
-18.900000 -0.000001
-18.850000 0.000000
-18.800000 0.000002
-18.750000 0.000004
-18.700000 0.000005
-18.650000 0.000005
-18.600000 0.000004
-18.550000 0.000002
-18.500000 -0.000000
-18.450000 -0.000002
-18.400000 -0.000004
-18.350000 -0.000005
-18.300000 -0.000005
-18.250000 -0.000005
-18.200000 -0.000003
-18.150000 -0.000001
-18.100000 0.000002
-18.050000 0.000004
-18.000000 0.000006
-17.950000 0.000006
-17.900000 0.000006
-17.850000 0.000004
-17.800000 0.000002
-17.750000 -0.000001
-17.700000 -0.000004
-17.650000 -0.000006
-17.600000 -0.000007
-17.550000 -0.000007
-17.500000 -0.000005
-17.450000 -0.000003
-17.400000 0.000000
-17.350000 0.000003
-17.300000 0.000006
-17.250000 0.000008
-17.200000 0.000008
-17.150000 0.000007
-17.100000 0.000005
-17.050000 0.000002
-17.000000 -0.000002
-16.950000 -0.000005
-16.900000 -0.000008
-16.850000 -0.000010
-16.800000 -0.000009
-16.750000 -0.000008
-16.700000 -0.000004
-16.650000 -0.000000
-16.600000 0.000004
-16.550000 0.000008
-16.500000 0.000010
-16.450000 0.000011
-16.400000 0.000010
-16.350000 0.000008
-16.300000 0.000004
-16.250000 -0.000001
-16.200000 -0.000006
-16.150000 -0.000010
-16.100000 -0.000013
-16.050000 -0.000013
-16.000000 -0.000012
-15.950000 -0.000008
-15.900000 -0.000003
-15.850000 0.000002
-15.800000 0.000008
-15.750000 0.000012
-15.700000 0.000015
-15.650000 0.000015
-15.600000 0.000013
-15.550000 0.000009
-15.500000 0.000003
-15.450000 -0.000003
-15.400000 -0.000010
-15.350000 -0.000015
-15.300000 -0.000018
-15.250000 -0.000018
-15.200000 -0.000015
-15.150000 -0.000010
-15.100000 -0.000004
-15.050000 0.000004
-15.000000 0.000011
-14.950000 0.000017
-14.900000 0.000021
-14.850000 0.000021
-14.800000 0.000019
-14.750000 0.000013
-14.700000 0.000005
-14.650000 -0.000003
-14.600000 -0.000012
-14.550000 -0.000019
-14.500000 -0.000024
-14.450000 -0.000025
-14.400000 -0.000023
-14.350000 -0.000017
-14.300000 -0.000009
-14.250000 0.000001
-14.200000 0.000012
-14.150000 0.000021
-14.100000 0.000027
-14.050000 0.000030
-14.000000 0.000029
-13.950000 0.000023
-13.900000 0.000014
-13.850000 0.000003
-13.800000 -0.000009
-13.750000 -0.000021
-13.700000 -0.000030
-13.650000 -0.000035
-13.600000 -0.000036
-13.550000 -0.000032
-13.500000 -0.000023
-13.450000 -0.000011
-13.400000 0.000003
-13.350000 0.000018
-13.300000 0.000030
-13.250000 0.000039
-13.200000 0.000043
-13.150000 0.000042
-13.100000 0.000035
-13.050000 0.000023
-13.000000 0.000007
-12.950000 -0.000010
-12.900000 -0.000026
-12.850000 -0.000040
-12.800000 -0.000050
-12.750000 -0.000053
-12.700000 -0.000050
-12.650000 -0.000040
-12.600000 -0.000024
-12.550000 -0.000005
-12.500000 0.000015
-12.450000 0.000035
-12.400000 0.000051
-12.350000 0.000061
-12.300000 0.000064
-12.250000 0.000060
-12.200000 0.000048
-12.150000 0.000029
-12.100000 0.000006
-12.050000 -0.000018
-12.000000 -0.000042
-11.950000 -0.000062
-11.900000 -0.000074
-11.850000 -0.000079
-11.800000 -0.000075
-11.750000 -0.000061
-11.700000 -0.000039
-11.650000 -0.000013
-11.600000 0.000017
-11.550000 0.000046
-11.500000 0.000071
-11.450000 0.000089
-11.400000 0.000097
-11.350000 0.000095
-11.300000 0.000082
-11.250000 0.000059
-11.200000 0.000028
-11.150000 -0.000007
-11.100000 -0.000044
-11.050000 -0.000076
-11.000000 -0.000102
-10.950000 -0.000118
-10.900000 -0.000122
-10.850000 -0.000112
-10.800000 -0.000090
-10.750000 -0.000057
-10.700000 -0.000016
-10.650000 0.000028
-10.600000 0.000071
-10.550000 0.000109
-10.500000 0.000137
-10.450000 0.000152
-10.400000 0.000152
-10.350000 0.000136
-10.300000 0.000105
-10.250000 0.000062
-10.200000 0.000010
-10.150000 -0.000044
-10.100000 -0.000097
-10.050000 -0.000143
-10.000000 -0.000176
-9.950000 -0.000194
-9.900000 -0.000193
-9.850000 -0.000173
-9.800000 -0.000135
-9.750000 -0.000081
-9.700000 -0.000018
-9.650000 0.000051
-9.600000 0.000117
-9.550000 0.000176
-9.500000 0.000221
-9.450000 0.000247
-9.400000 0.000251
-9.350000 0.000232
-9.300000 0.000190
-9.250000 0.000128
-9.200000 0.000052
-9.150000 -0.000033
-9.100000 -0.000119
-9.050000 -0.000199
-9.000000 -0.000264
-8.950000 -0.000309
-8.900000 -0.000329
-8.850000 -0.000321
-8.800000 -0.000284
-8.750000 -0.000220
-8.700000 -0.000134
-8.650000 -0.000032
-8.600000 0.000078
-8.550000 0.000187
-8.500000 0.000285
-8.450000 0.000364
-8.400000 0.000417
-8.350000 0.000438
-8.300000 0.000423
-8.250000 0.000372
-8.200000 0.000289
-8.150000 0.000177
-8.100000 0.000045
-8.050000 -0.000097
-8.000000 -0.000239
-7.950000 -0.000369
-7.900000 -0.000478
-7.850000 -0.000554
-7.800000 -0.000591
-7.750000 -0.000585
-7.700000 -0.000533
-7.650000 -0.000438
-7.600000 -0.000305
-7.550000 -0.000142
-7.500000 0.000041
-7.450000 0.000230
-7.400000 0.000413
-7.350000 0.000574
-7.300000 0.000703
-7.250000 0.000787
-7.200000 0.000820
-7.150000 0.000795
-7.100000 0.000712
-7.050000 0.000575
-7.000000 0.000389
-6.950000 0.000166
-6.900000 -0.000082
-6.850000 -0.000338
-6.800000 -0.000586
-6.750000 -0.000809
-6.700000 -0.000991
-6.650000 -0.001118
-6.600000 -0.001179
-6.550000 -0.001168
-6.500000 -0.001080
-6.450000 -0.000919
-6.400000 -0.000691
-6.350000 -0.000407
-6.300000 -0.000082
-6.250000 0.000266
-6.200000 0.000616
-6.150000 0.000948
-6.100000 0.001241
-6.050000 0.001474
-6.000000 0.001631
-5.950000 0.001698
-5.900000 0.001668
-5.850000 0.001536
-5.800000 0.001304
-5.750000 0.000981
-5.700000 0.000579
-5.650000 0.000116
-5.600000 -0.000386
-5.550000 -0.000901
-5.500000 -0.001403
-5.450000 -0.001866
-5.400000 -0.002263
-5.350000 -0.002570
-5.300000 -0.002767
-5.250000 -0.002839
-5.200000 -0.002776
-5.150000 -0.002575
-5.100000 -0.002240
-5.050000 -0.001782
-5.000000 -0.001216
-4.950000 -0.000565
-4.900000 0.000142
-4.850000 0.000873
-4.800000 0.001595
-4.750000 0.002271
-4.700000 0.002866
-4.650000 0.003347
-4.600000 0.003683
-4.550000 0.003848
-4.500000 0.003824
-4.450000 0.003597
-4.400000 0.003163
-4.350000 0.002524
-4.300000 0.001692
-4.250000 0.000685
-4.200000 -0.000471
-4.150000 -0.001742
-4.100000 -0.003090
-4.050000 -0.004472
-4.000000 -0.005845
-3.950000 -0.007160
-3.900000 -0.008374
-3.850000 -0.009443
-3.800000 -0.010328
-3.750000 -0.010996
-3.700000 -0.011420
-3.650000 -0.011581
-3.600000 -0.011472
-3.550000 -0.011093
-3.500000 -0.010455
-3.450000 -0.009579
-3.400000 -0.008498
-3.350000 -0.007252
-3.300000 -0.005892
-3.250000 -0.004476
-3.200000 -0.003070
-3.150000 -0.001745
-3.100000 -0.000574
-3.050000 0.000364
-3.000000 0.000992
-2.950000 0.001232
-2.900000 0.001009
-2.850000 0.000250
-2.800000 -0.001111
-2.750000 -0.003135
-2.700000 -0.005876
-2.650000 -0.009380
-2.600000 -0.013685
-2.550000 -0.018821
-2.500000 -0.024805
-2.450000 -0.031650
-2.400000 -0.039356
-2.350000 -0.047916
-2.300000 -0.057315
-2.250000 -0.067530
-2.200000 -0.078532
-2.150000 -0.090286
-2.100000 -0.102753
-2.050000 -0.115892
-2.000000 -0.129658
-1.950000 -0.144008
-1.900000 -0.158899
-1.850000 -0.174293
-1.800000 -0.190156
-1.750000 -0.206459
-1.700000 -0.223185
-1.650000 -0.240325
-1.600000 -0.257881
-1.550000 -0.275872
-1.500000 -0.294329
-1.450000 -0.313302
-1.400000 -0.332859
-1.350000 -0.353086
-1.300000 -0.374093
-1.250000 -0.396010
-1.200000 -0.418989
-1.150000 -0.443207
-1.100000 -0.468863
-1.050000 -0.496180
-1.000000 -0.525402
-0.950000 -0.556797
-0.900000 -0.590651
-0.850000 -0.627267
-0.800000 -0.666962
-0.750000 -0.710064
-0.700000 -0.756901
-0.650000 -0.807801
-0.600000 -0.863076
-0.550000 -0.923018
-0.500000 -0.987881
-0.450000 -1.057869
-0.400000 -1.133120
-0.350000 -1.213686
-0.300000 -1.299510
-0.250000 -1.390413
-0.200000 -1.486062
-0.150000 -1.585958
-0.100000 -1.689414
-0.050000 -1.795540
0.000000 -1.903237
0.050000 -2.011201
0.100000 -2.117924
0.150000 -2.221729
0.200000 -2.320799
0.250000 -2.413226
0.300000 -2.497079
0.350000 -2.570471
0.400000 -2.631641
0.450000 -2.679030
0.500000 -2.711362
0.550000 -2.727704
0.600000 -2.727521
0.650000 -2.710701
0.700000 -2.677561
0.750000 -2.628834
0.800000 -2.565627
0.850000 -2.489360
0.900000 -2.401705
0.950000 -2.304496
1.000000 -2.199659
1.050000 -2.089130
1.100000 -1.974789
1.150000 -1.858406
1.200000 -1.741597
1.250000 -1.625790
1.300000 -1.512216
1.350000 -1.401896
1.400000 -1.295648
1.450000 -1.194100
1.500000 -1.097702
1.550000 -1.006747
1.600000 -0.921393
1.650000 -0.841683
1.700000 -0.767566
1.750000 -0.698915
1.800000 -0.635546
1.850000 -0.577231
1.900000 -0.523714
1.950000 -0.474718
2.000000 -0.429957
2.050000 -0.389142
2.100000 -0.351987
2.150000 -0.318213
2.200000 -0.287552
2.250000 -0.259749
2.300000 -0.234560
2.350000 -0.211760
2.400000 -0.191137
2.450000 -0.172495
2.500000 -0.155651
2.550000 -0.140440
2.600000 -0.126708
2.650000 -0.114315
2.700000 -0.103133
2.750000 -0.093046
2.800000 -0.083947
2.850000 -0.075742
2.900000 -0.068342
2.950000 -0.061669
3.000000 -0.055652
3.050000 -0.050225
3.100000 -0.045332
3.150000 -0.040919
3.200000 -0.036938
3.250000 -0.033348
3.300000 -0.030110
3.350000 -0.027189
3.400000 -0.024553
3.450000 -0.022175
3.500000 -0.020029
3.550000 -0.018093
3.600000 -0.016345
3.650000 -0.014767
3.700000 -0.013343
3.750000 -0.012057
3.800000 -0.010895
3.850000 -0.009847
3.900000 -0.008900
3.950000 -0.008044
4.000000 -0.007271
4.050000 -0.006573
4.100000 -0.005942
4.150000 -0.005373
4.200000 -0.004858
4.250000 -0.004392
4.300000 -0.003972
4.350000 -0.003591
4.400000 -0.003248
4.450000 -0.002937
4.500000 -0.002656
4.550000 -0.002402
4.600000 -0.002173
4.650000 -0.001965
4.700000 -0.001778
4.750000 -0.001608
4.800000 -0.001454
4.850000 -0.001316
4.900000 -0.001190
4.950000 -0.001077
5.000000 -0.000974
5.050000 -0.000881
5.100000 -0.000797
5.150000 -0.000721
5.200000 -0.000652
5.250000 -0.000590
5.300000 -0.000534
5.350000 -0.000483
5.400000 -0.000437
5.450000 -0.000395
5.500000 -0.000358
5.550000 -0.000324
5.600000 -0.000293
5.650000 -0.000265
5.700000 -0.000240
5.750000 -0.000217
5.800000 -0.000196
5.850000 -0.000178
5.900000 -0.000161
5.950000 -0.000145
6.000000 -0.000131
6.050000 -0.000119
6.100000 -0.000108
6.150000 -0.000097
6.200000 -0.000088
6.250000 -0.000080
6.300000 -0.000072
6.350000 -0.000065
6.400000 -0.000059
6.450000 -0.000053
6.500000 -0.000048
6.550000 -0.000044
6.600000 -0.000040
6.650000 -0.000036
6.700000 -0.000032
6.750000 -0.000029
6.800000 -0.000027
6.850000 -0.000024
6.900000 -0.000022
6.950000 -0.000020
7.000000 -0.000018
7.050000 -0.000016
7.100000 -0.000015
7.150000 -0.000013
7.200000 -0.000012
7.250000 -0.000011
7.300000 -0.000010
7.350000 -0.000009
7.400000 -0.000008
7.450000 -0.000007
7.500000 -0.000007
7.550000 -0.000006
7.600000 -0.000005
7.650000 -0.000005
7.700000 -0.000004
7.750000 -0.000004
7.800000 -0.000004
7.850000 -0.000003
7.900000 -0.000003
7.950000 -0.000003
8.000000 -0.000002
8.050000 -0.000002
8.100000 -0.000002
8.150000 -0.000002
8.200000 -0.000002
8.250000 -0.000001
8.300000 -0.000001
8.350000 -0.000001
8.400000 -0.000001
8.450000 -0.000001
8.500000 -0.000001
8.550000 -0.000001
8.600000 -0.000001
8.650000 -0.000001
8.700000 -0.000001
8.750000 -0.000001
8.800000 -0.000000
8.850000 -0.000000
8.900000 -0.000000
8.950000 -0.000000
9.000000 -0.000000
9.050000 -0.000000
9.100000 -0.000000
9.150000 -0.000000
9.200000 -0.000000
9.250000 -0.000000
9.300000 -0.000000
9.350000 -0.000000
9.400000 -0.000000
9.450000 -0.000000
9.500000 -0.000000
9.550000 -0.000000
9.600000 -0.000000
9.650000 -0.000000
9.700000 -0.000000
9.750000 -0.000000
9.800000 -0.000000
9.850000 -0.000000
9.900000 -0.000000
9.950000 -0.000000
10.000000 -0.000000
10.050000 -0.000000
10.100000 -0.000000
10.150000 -0.000000
10.200000 -0.000000
10.250000 -0.000000
10.300000 -0.000000
10.350000 -0.000000
10.400000 -0.000000
10.450000 -0.000000
10.500000 -0.000000
10.550000 -0.000000
10.600000 -0.000000
10.650000 -0.000000
10.700000 -0.000000
10.750000 -0.000000
10.800000 -0.000000
10.850000 -0.000000
10.900000 -0.000000
10.950000 -0.000000
11.000000 -0.000000
11.050000 -0.000000
11.100000 -0.000000
11.150000 -0.000000
11.200000 -0.000000
11.250000 0.000000
11.300000 0.000000
11.350000 0.000000
11.400000 0.000000
11.450000 0.000000
11.500000 -0.000000
11.550000 -0.000000
11.600000 -0.000000
11.650000 -0.000000
11.700000 -0.000000
11.750000 -0.000000
11.800000 -0.000000
11.850000 -0.000000
11.900000 -0.000000
11.950000 -0.000000
12.000000 -0.000000
12.050000 -0.000000
12.100000 0.000000
12.150000 0.000000
12.200000 0.000000
12.250000 0.000000
12.300000 0.000000
12.350000 0.000000
12.400000 0.000000
12.450000 -0.000000
12.500000 0.000000
12.550000 -0.000000
12.600000 -0.000000
12.650000 -0.000000
12.700000 -0.000000
12.750000 -0.000000
12.800000 -0.000000
12.850000 -0.000000
12.900000 -0.000000
12.950000 -0.000000
13.000000 0.000000
13.050000 0.000000
13.100000 0.000000
13.150000 0.000000
13.200000 0.000000
13.250000 0.000000
13.300000 0.000000
13.350000 0.000000
13.400000 -0.000000
13.450000 -0.000000
13.500000 -0.000000
13.550000 -0.000000
13.600000 -0.000000
13.650000 -0.000000
13.700000 -0.000000
13.750000 -0.000000
13.800000 -0.000000
13.850000 0.000000
13.900000 0.000000
13.950000 0.000000
14.000000 0.000000
14.050000 0.000000
14.100000 0.000000
14.150000 0.000000
14.200000 -0.000000
14.250000 0.000000
14.300000 -0.000000
14.350000 -0.000000
14.400000 -0.000000
14.450000 -0.000000
14.500000 -0.000000
14.550000 -0.000000
14.600000 -0.000000
14.650000 0.000000
14.700000 0.000000
14.750000 0.000000
14.800000 0.000000
14.850000 0.000000
14.900000 0.000000
14.950000 0.000000
15.000000 0.000000
15.050000 0.000000
15.100000 -0.000000
15.150000 -0.000000
15.200000 -0.000000
15.250000 -0.000000
15.300000 -0.000000
15.350000 -0.000000
15.400000 -0.000000
15.450000 0.000000
15.500000 0.000000
15.550000 0.000000
15.600000 0.000000
15.650000 0.000000
15.700000 0.000000
15.750000 0.000000
15.800000 0.000000
15.850000 -0.000000
15.900000 -0.000000
15.950000 -0.000000
16.000000 -0.000000
16.050000 -0.000000
16.100000 -0.000000
16.150000 -0.000000
16.200000 0.000000
16.250000 -0.000000
16.300000 0.000000
16.350000 0.000000
16.400000 0.000000
16.450000 0.000000
16.500000 0.000000
16.550000 0.000000
16.600000 0.000000
16.650000 -0.000000
16.700000 -0.000000
16.750000 -0.000000
16.800000 -0.000000
16.850000 -0.000000
16.900000 -0.000000
16.950000 -0.000000
17.000000 0.000000
17.050000 0.000000
17.100000 0.000000
17.150000 0.000000
17.200000 0.000000
17.250000 0.000000
17.300000 0.000000
17.350000 0.000000
17.400000 -0.000000
17.450000 -0.000000
17.500000 -0.000000
17.550000 -0.000000
17.600000 -0.000000
17.650000 -0.000000
17.700000 -0.000000
17.750000 0.000000
17.800000 0.000000
17.850000 0.000000
17.900000 0.000000
17.950000 0.000000
18.000000 0.000000
18.050000 0.000000
18.100000 -0.000000
18.150000 0.000000
18.200000 -0.000000
18.250000 -0.000000
18.300000 -0.000000
18.350000 -0.000000
18.400000 -0.000000
18.450000 0.000000
18.500000 -0.000000
18.550000 0.000000
18.600000 0.000000
18.650000 0.000000
18.700000 0.000000
18.750000 0.000000
18.800000 0.000000
18.850000 0.000000
18.900000 -0.000000
18.950000 -0.000000
19.000000 -0.000000
19.050000 -0.000000
19.100000 -0.000000
19.150000 -0.000000
19.200000 0.000000
19.250000 0.000000
19.300000 0.000000
19.350000 0.000000
19.400000 0.000000
19.450000 0.000000
19.500000 0.000000
19.550000 -0.000000
19.600000 -0.000000
19.650000 -0.000000
19.700000 -0.000000
19.750000 -0.000000
19.800000 -0.000000
19.850000 -0.000000
19.900000 0.000000
19.950000 0.000000
20.000000 0.000000
20.050000 0.000000
20.100000 0.000000
20.150000 0.000000
20.200000 0.000000
20.250000 -0.000000
20.300000 -0.000000
20.350000 -0.000000
20.400000 -0.000000
20.450000 -0.000000
20.500000 -0.000000
20.550000 -0.000000
20.600000 0.000000
20.650000 0.000000
20.700000 0.000000
20.750000 0.000000
20.800000 0.000000
20.850000 0.000000
20.900000 0.000000
20.950000 -0.000000
21.000000 -0.000000
21.050000 -0.000000
21.100000 -0.000000
21.150000 -0.000000
21.200000 -0.000000
21.250000 0.000000
21.300000 0.000000
21.350000 0.000000
21.400000 0.000000
21.450000 0.000000
21.500000 0.000000
21.550000 0.000000
21.600000 -0.000000
21.650000 -0.000000
21.700000 -0.000000
21.750000 -0.000000
21.800000 -0.000000
21.850000 -0.000000
21.900000 -0.000000
21.950000 0.000000
22.000000 0.000000
22.050000 0.000000
22.100000 0.000000
22.150000 0.000000
22.200000 0.000000
22.250000 0.000000
22.300000 -0.000000
22.350000 -0.000000
22.400000 -0.000000
22.450000 -0.000000
22.500000 -0.000000
22.550000 -0.000000
22.600000 0.000000
22.650000 0.000000
22.700000 0.000000
22.750000 0.000000
22.800000 0.000000
22.850000 0.000000
22.900000 0.000000
22.950000 -0.000000
23.000000 -0.000000
23.050000 -0.000000
23.100000 -0.000000
23.150000 -0.000000
23.200000 0.000000
23.250000 -0.000000
23.300000 0.000000
23.350000 0.000000
23.400000 0.000000
23.450000 0.000000
23.500000 0.000000
23.550000 -0.000000
23.600000 -0.000000
23.650000 -0.000000
23.700000 -0.000000
23.750000 -0.000000
23.800000 -0.000000
23.850000 -0.000000
23.900000 0.000000
23.950000 0.000000
24.000000 0.000000
24.050000 0.000000
24.100000 0.000000
24.150000 0.000000
24.200000 -0.000000
24.250000 -0.000000
24.300000 -0.000000
24.350000 -0.000000
24.400000 -0.000000
24.450000 0.000000
24.500000 -0.000000
24.550000 0.000000
24.600000 0.000000
24.650000 0.000000
24.700000 0.000000
24.750000 0.000000
24.800000 -0.000000
24.850000 -0.000000
24.900000 -0.000000
24.950000 -0.000000
25.000000 -0.000000
25.050000 0.000000
25.100000 -0.000000
25.150000 0.000000
25.200000 0.000000
25.250000 0.000000
25.300000 0.000000
25.350000 0.000000
25.400000 -0.000000
25.450000 -0.000000
25.500000 -0.000000
25.550000 -0.000000
25.600000 -0.000000
25.650000 -0.000000
25.700000 0.000000
25.750000 0.000000
25.800000 0.000000
25.850000 0.000000
25.900000 0.000000
25.950000 0.000000
26.000000 0.000000
26.050000 -0.000000
26.100000 -0.000000
26.150000 -0.000000
26.200000 -0.000000
26.250000 -0.000000
26.300000 0.000000
26.350000 -0.000000
26.400000 0.000000
26.450000 0.000000
26.500000 0.000000
26.550000 -0.000000
26.600000 0.000000
26.650000 -0.000000
26.700000 -0.000000
26.750000 -0.000000
26.800000 -0.000000
26.850000 -0.000000
26.900000 0.000000
26.950000 0.000000
27.000000 0.000000
27.050000 0.000000
27.100000 0.000000
27.150000 0.000000
27.200000 -0.000000
27.250000 -0.000000
27.300000 -0.000000
27.350000 -0.000000
27.400000 -0.000000
27.450000 0.000000
27.500000 -0.000000
27.550000 0.000000
27.600000 0.000000
27.650000 0.000000
27.700000 0.000000
27.750000 0.000000
27.800000 -0.000000
27.850000 -0.000000
27.900000 -0.000000
27.950000 -0.000000
28.000000 -0.000000
28.050000 0.000000
28.100000 -0.000000
28.150000 0.000000
28.200000 0.000000
28.250000 0.000000
28.300000 -0.000000
28.350000 0.000000
28.400000 -0.000000
28.450000 -0.000000
28.500000 -0.000000
28.550000 -0.000000
28.600000 -0.000000
28.650000 0.000000
28.700000 0.000000
28.750000 0.000000
28.800000 0.000000
28.850000 0.000000
28.900000 0.000000
28.950000 -0.000000
29.000000 -0.000000
29.050000 -0.000000
29.100000 -0.000000
29.150000 -0.000000
29.200000 0.000000
29.250000 0.000000
29.300000 0.000000
29.350000 0.000000
29.400000 0.000000
29.450000 -0.000000
29.500000 0.000000
29.550000 -0.000000
29.600000 -0.000000
29.650000 -0.000000
29.700000 0.000000
29.750000 -0.000000
29.800000 0.000000
29.850000 0.000000
29.900000 0.000000
29.950000 0.000000
30.000000 0.000000
30.050000 -0.000000
30.100000 -0.000000
30.150000 -0.000000
30.200000 -0.000000
30.250000 -0.000000
30.300000 -0.000000
30.350000 0.000000
30.400000 0.000000
30.450000 0.000000
30.500000 0.000000
30.550000 0.000000
30.600000 -0.000000
30.650000 -0.000000
30.700000 -0.000000
30.750000 -0.000000
30.800000 -0.000000
30.850000 0.000000
30.900000 0.000000
30.950000 0.000000
31.000000 0.000000
31.050000 0.000000
31.100000 -0.000000
31.150000 -0.000000
31.200000 -0.000000
31.250000 -0.000000
31.300000 -0.000000
31.350000 0.000000
31.400000 0.000000
31.450000 0.000000
31.500000 0.000000
31.550000 0.000000
31.600000 0.000000
31.650000 -0.000000
31.700000 -0.000000
31.750000 -0.000000
31.800000 -0.000000
31.850000 -0.000000
31.900000 0.000000
31.950000 -0.000000
32.000000 0.000000
32.050000 0.000000
32.100000 0.000000
32.150000 -0.000000
32.200000 0.000000
32.250000 -0.000000
32.300000 -0.000000
32.350000 -0.000000
32.400000 0.000000
32.450000 -0.000000
32.500000 0.000000
32.550000 0.000000
32.600000 0.000000
32.650000 0.000000
32.700000 0.000000
32.750000 -0.000000
32.800000 -0.000000
32.850000 -0.000000
32.900000 -0.000000
32.950000 0.000000
33.000000 0.000000
33.050000 0.000000
33.100000 0.000000
33.150000 0.000000
33.200000 -0.000000
33.250000 0.000000
33.300000 -0.000000
33.350000 -0.000000
33.400000 -0.000000
33.450000 0.000000
33.500000 -0.000000
33.550000 0.000000
33.600000 0.000000
33.650000 0.000000
33.700000 -0.000000
33.750000 0.000000
33.800000 -0.000000
33.850000 -0.000000
33.900000 -0.000000
33.950000 -0.000000
34.000000 -0.000000
34.050000 0.000000
34.100000 0.000000
34.150000 0.000000
34.200000 0.000000
34.250000 -0.000000
34.300000 -0.000000
34.350000 -0.000000
34.400000 -0.000000
34.450000 -0.000000
34.500000 0.000000
34.550000 -0.000000
34.600000 0.000000
34.650000 0.000000
34.700000 0.000000
34.750000 -0.000000
34.800000 0.000000
34.850000 -0.000000
34.900000 -0.000000
34.950000 -0.000000
35.000000 0.000000
35.050000 -0.000000
35.100000 0.000000
35.150000 0.000000
35.200000 0.000000
35.250000 -0.000000
35.300000 -0.000000
35.350000 -0.000000
35.400000 -0.000000
35.450000 -0.000000
35.500000 -0.000000
35.550000 0.000000
35.600000 0.000000
35.650000 0.000000
35.700000 0.000000
35.750000 0.000000
35.800000 -0.000000
35.850000 -0.000000
35.900000 -0.000000
35.950000 0.000000
36.000000 -0.000000
36.050000 0.000000
36.100000 0.000000
36.150000 0.000000
36.200000 -0.000000
36.250000 0.000000
36.300000 -0.000000
36.350000 -0.000000
36.400000 -0.000000
36.450000 -0.000000
36.500000 -0.000000
36.550000 0.000000
36.600000 0.000000
36.650000 0.000000
36.700000 0.000000
36.750000 -0.000000
36.800000 -0.000000
36.850000 -0.000000
36.900000 -0.000000
36.950000 -0.000000
37.000000 0.000000
37.050000 0.000000
37.100000 0.000000
37.150000 0.000000
37.200000 0.000000
37.250000 -0.000000
37.300000 -0.000000
37.350000 -0.000000
37.400000 -0.000000
37.450000 -0.000000
37.500000 0.000000
37.550000 0.000000
37.600000 0.000000
37.650000 0.000000
37.700000 0.000000
37.750000 -0.000000
37.800000 -0.000000
37.850000 -0.000000
37.900000 -0.000000
37.950000 0.000000
38.000000 0.000000
38.050000 0.000000
38.100000 0.000000
38.150000 0.000000
38.200000 -0.000000
38.250000 0.000000
38.300000 -0.000000
38.350000 -0.000000
38.400000 -0.000000
38.450000 0.000000
38.500000 0.000000
38.550000 0.000000
38.600000 0.000000
38.650000 0.000000
38.700000 -0.000000
38.750000 -0.000000
38.800000 -0.000000
38.850000 -0.000000
38.900000 -0.000000
38.950000 0.000000
39.000000 0.000000
39.050000 0.000000
39.100000 0.000000
39.150000 -0.000000
39.200000 -0.000000
39.250000 -0.000000
39.300000 -0.000000
39.350000 -0.000000
39.400000 0.000000
39.450000 0.000000
39.500000 0.000000
39.550000 -0.000000
39.600000 0.000000
39.650000 -0.000000
39.700000 -0.000000
39.750000 -0.000000
39.800000 0.000000
39.850000 -0.000000
39.900000 0.000000
39.950000 0.000000
40.000000 0.000000
40.050000 0.000000
40.100000 -0.000000
40.150000 -0.000000
40.200000 -0.000000
40.250000 -0.000000
40.300000 -0.000000
40.350000 0.000000
40.400000 0.000000
40.450000 0.000000
40.500000 -0.000000
40.550000 0.000000
40.600000 -0.000000
40.650000 -0.000000
40.700000 -0.000000
40.750000 0.000000
40.800000 -0.000000
40.850000 0.000000
40.900000 0.000000
40.950000 0.000000
41.000000 -0.000000
41.050000 -0.000000
41.100000 -0.000000
41.150000 -0.000000
41.200000 -0.000000
41.250000 0.000000
41.300000 0.000000
41.350000 0.000000
41.400000 0.000000
41.450000 -0.000000
41.500000 -0.000000
41.550000 -0.000000
41.600000 -0.000000
41.650000 -0.000000
41.700000 0.000000
41.750000 0.000000
41.800000 0.000000
41.850000 0.000000
41.900000 0.000000
41.950000 -0.000000
42.000000 -0.000000
42.050000 -0.000000
42.100000 -0.000000
42.150000 0.000000
42.200000 0.000000
42.250000 0.000000
42.300000 0.000000
42.350000 0.000000
42.400000 -0.000000
42.450000 -0.000000
42.500000 -0.000000
42.550000 0.000000
42.600000 -0.000000
42.650000 0.000000
42.700000 0.000000
42.750000 0.000000
42.800000 -0.000000
42.850000 -0.000000
42.900000 -0.000000
42.950000 -0.000000
43.000000 -0.000000
43.050000 0.000000
43.100000 0.000000
43.150000 0.000000
43.200000 0.000000
43.250000 -0.000000
43.300000 -0.000000
43.350000 -0.000000
43.400000 -0.000000
43.450000 -0.000000
43.500000 0.000000
43.550000 -0.000000
43.600000 0.000000
43.650000 -0.000000
43.700000 0.000000
43.750000 -0.000000
43.800000 -0.000000
43.850000 -0.000000
43.900000 0.000000
43.950000 -0.000000
44.000000 0.000000
44.050000 0.000000
44.100000 0.000000
44.150000 -0.000000
44.200000 -0.000000
44.250000 -0.000000
44.300000 -0.000000
44.350000 0.000000
44.400000 0.000000
44.450000 0.000000
44.500000 -0.000000
44.550000 -0.000000
44.600000 -0.000000
44.650000 -0.000000
44.700000 -0.000000
44.750000 0.000000
44.800000 -0.000000
44.850000 0.000000
44.900000 0.000000
44.950000 0.000000
