-30.000000 0.000280
-29.950000 0.000254
-29.900000 0.000499
-29.850000 0.000433
-29.800000 0.000628
-29.750000 0.000508
-29.700000 0.000641
-29.650000 0.000461
-29.600000 0.000533
-29.550000 0.000299
-29.500000 0.000324
-29.450000 0.000056
-29.400000 0.000060
-29.350000 -0.000212
-29.300000 -0.000198
-29.250000 -0.000441
-29.200000 -0.000389
-29.150000 -0.000578
-29.100000 -0.000465
-29.050000 -0.000586
-29.000000 -0.000407
-28.950000 -0.000463
-28.900000 -0.000228
-28.850000 -0.000237
-28.800000 0.000028
-28.750000 0.000038
-28.700000 0.000301
-28.650000 0.000294
-28.600000 0.000522
-28.550000 0.000468
-28.500000 0.000636
-28.450000 0.000516
-28.400000 0.000612
-28.350000 0.000423
-28.300000 0.000452
-28.250000 0.000210
-28.200000 0.000194
-28.150000 -0.000075
-28.100000 -0.000103
-28.050000 -0.000364
-28.000000 -0.000368
-27.950000 -0.000586
-27.900000 -0.000537
-27.850000 -0.000687
-27.800000 -0.000567
-27.750000 -0.000641
-27.700000 -0.000448
-27.650000 -0.000453
-27.600000 -0.000206
-27.550000 -0.000167
-27.500000 0.000105
-27.450000 0.000153
-27.400000 0.000412
-27.350000 0.000432
-27.300000 0.000643
-27.250000 0.000603
-27.200000 0.000741
-27.150000 0.000625
-27.100000 0.000681
-27.050000 0.000488
-27.000000 0.000473
-26.950000 0.000222
-26.900000 0.000162
-26.850000 -0.000114
-26.800000 -0.000183
-26.750000 -0.000444
-26.700000 -0.000482
-26.650000 -0.000692
-26.600000 -0.000667
-26.550000 -0.000799
-26.500000 -0.000693
-26.450000 -0.000738
-26.400000 -0.000550
-26.350000 -0.000518
-26.300000 -0.000268
-26.250000 -0.000186
-26.200000 0.000093
-26.150000 0.000187
-26.100000 0.000453
-26.050000 0.000516
-26.000000 0.000730
-25.950000 0.000729
-25.900000 0.000862
-25.850000 0.000774
-25.800000 0.000814
-25.750000 0.000639
-25.700000 0.000595
-25.650000 0.000349
-25.600000 0.000247
-25.550000 -0.000034
-25.500000 -0.000154
-25.450000 -0.000429
-25.400000 -0.000524
-25.350000 -0.000750
-25.300000 -0.000780
-25.250000 -0.000924
-25.200000 -0.000865
-25.150000 -0.000910
-25.100000 -0.000755
-25.050000 -0.000707
-25.000000 -0.000472
-24.950000 -0.000355
-24.900000 -0.000072
-24.850000 0.000075
-24.800000 0.000362
-24.750000 0.000493
-24.700000 0.000737
-24.650000 0.000809
-24.600000 0.000973
-24.550000 0.000955
-24.500000 0.001017
-24.450000 0.000896
-24.400000 0.000855
-24.350000 0.000641
-24.300000 0.000516
-24.250000 0.000238
-24.200000 0.000067
-24.150000 -0.000231
-24.100000 -0.000402
-24.050000 -0.000672
-24.000000 -0.000795
-23.950000 -0.000992
-23.900000 -0.001028
-23.850000 -0.001121
-23.800000 -0.001050
-23.750000 -0.001030
-23.700000 -0.000852
-23.650000 -0.000732
-23.600000 -0.000470
-23.550000 -0.000282
-23.500000 0.000022
-23.450000 0.000231
-23.400000 0.000528
-23.350000 0.000708
-23.300000 0.000947
-23.250000 0.001050
-23.200000 0.001192
-23.150000 0.001188
-23.100000 0.001211
-23.050000 0.001089
-23.000000 0.000994
-22.950000 0.000767
-22.900000 0.000579
-22.850000 0.000281
-22.800000 0.000042
-22.750000 -0.000277
-22.700000 -0.000513
-22.650000 -0.000800
-22.600000 -0.000981
-22.550000 -0.001184
-22.500000 -0.001267
-22.450000 -0.001354
-22.400000 -0.001313
-22.350000 -0.001270
-22.300000 -0.001105
-22.250000 -0.000944
-22.200000 -0.000677
-22.150000 -0.000430
-22.100000 -0.000106
-22.050000 0.000177
-22.000000 0.000505
-21.950000 0.000765
-21.900000 0.001039
-21.850000 0.001223
-21.800000 0.001395
-21.750000 0.001462
-21.700000 0.001502
-21.650000 0.001433
-21.600000 0.001333
-21.550000 0.001135
-21.500000 0.000915
-21.450000 0.000618
-21.400000 0.000318
-21.350000 -0.000029
-21.300000 -0.000353
-21.250000 -0.000690
-21.200000 -0.000977
-21.150000 -0.001246
-21.100000 -0.001440
-21.050000 -0.001592
-21.000000 -0.001655
-20.950000 -0.001661
-20.900000 -0.001577
-20.850000 -0.001434
-20.800000 -0.001213
-20.750000 -0.000944
-20.700000 -0.000622
-20.650000 -0.000273
-20.600000 0.000097
-20.550000 0.000465
-20.500000 0.000819
-20.450000 0.001143
-20.400000 0.001418
-20.350000 0.001639
-20.300000 0.001785
-20.250000 0.001863
-20.200000 0.001853
-20.150000 0.001772
-20.100000 0.001601
-20.050000 0.001372
-20.000000 0.001065
-19.950000 0.000726
-19.900000 0.000331
-19.850000 -0.000063
-19.800000 -0.000482
-19.750000 -0.000863
-19.700000 -0.001239
-19.650000 -0.001539
-19.600000 -0.001808
-19.550000 -0.001975
-19.500000 -0.002092
-19.450000 -0.002090
-19.400000 -0.002036
-19.350000 -0.001859
-19.300000 -0.001641
-19.250000 -0.001312
-19.200000 -0.000965
-19.150000 -0.000531
-19.100000 -0.000113
-19.050000 0.000363
-19.000000 0.000782
-18.950000 0.001225
-18.900000 0.001574
-18.850000 0.001917
-18.800000 0.002132
-18.750000 0.002321
-18.700000 0.002362
-18.650000 0.002367
-18.600000 0.002217
-18.550000 0.002039
-18.500000 0.001713
-18.450000 0.001380
-18.400000 0.000920
-18.350000 0.000486
-18.300000 -0.000044
-18.250000 -0.000508
-18.200000 -0.001033
-18.150000 -0.001450
-18.100000 -0.001894
-18.050000 -0.002192
-18.000000 -0.002491
-17.950000 -0.002615
-17.900000 -0.002725
-17.850000 -0.002646
-17.800000 -0.002552
-17.750000 -0.002270
-17.700000 -0.001988
-17.650000 -0.001534
-17.600000 -0.001109
-17.550000 -0.000541
-17.500000 -0.000040
-17.450000 0.000568
-17.400000 0.001064
-17.350000 0.001629
-17.300000 0.002039
-17.250000 0.002484
-17.200000 0.002739
-17.150000 0.003004
-17.100000 0.003054
-17.050000 0.003103
-17.000000 0.002929
-16.950000 0.002758
-16.900000 0.002370
-16.850000 0.002007
-16.800000 0.001448
-16.750000 0.000947
-16.700000 0.000284
-16.650000 -0.000277
-16.600000 -0.000961
-16.550000 -0.001496
-16.500000 -0.002113
-16.450000 -0.002536
-16.400000 -0.003007
-16.350000 -0.003248
-16.300000 -0.003513
-16.250000 -0.003524
-16.200000 -0.003550
-16.150000 -0.003315
-16.100000 -0.003102
-16.050000 -0.002638
-16.000000 -0.002218
-15.950000 -0.001572
-15.900000 -0.001008
-15.850000 -0.000254
-15.800000 0.000372
-15.750000 0.001146
-15.700000 0.001742
-15.650000 0.002442
-15.600000 0.002917
-15.550000 0.003458
-15.500000 0.003736
-15.450000 0.004053
-15.400000 0.004082
-15.350000 0.004139
-15.300000 0.003898
-15.250000 0.003691
-15.200000 0.003195
-15.150000 0.002755
-15.100000 0.002050
-15.050000 0.001438
-15.000000 0.000598
-14.950000 -0.000101
-14.900000 -0.000983
-14.850000 -0.001672
-14.800000 -0.002497
-14.750000 -0.003078
-14.700000 -0.003752
-14.650000 -0.004137
-14.600000 -0.004583
-14.550000 -0.004709
-14.500000 -0.004877
-14.450000 -0.004710
-14.400000 -0.004584
-14.350000 -0.004125
-14.300000 -0.003724
-14.250000 -0.003010
-14.200000 -0.002388
-14.150000 -0.001488
-14.100000 -0.000726
-14.050000 0.000270
-14.000000 0.001074
-13.950000 0.002060
-13.900000 0.002799
-13.850000 0.003672
-13.800000 0.004247
-13.750000 0.004913
-13.700000 0.005239
-13.650000 0.005628
-13.600000 0.005649
-13.550000 0.005720
-13.500000 0.005414
-13.450000 0.005162
-13.400000 0.004544
-13.350000 0.004003
-13.300000 0.003121
-13.250000 0.002356
-13.200000 0.001291
-13.150000 0.000393
-13.100000 -0.000754
-13.050000 -0.001675
-13.000000 -0.002791
-12.950000 -0.003623
-12.900000 -0.004598
-12.850000 -0.005235
-12.800000 -0.005971
-12.750000 -0.006326
-12.700000 -0.006749
-12.650000 -0.006763
-12.600000 -0.006832
-12.550000 -0.006483
-12.500000 -0.006193
-12.450000 -0.005495
-12.400000 -0.004881
-12.350000 -0.003886
-12.300000 -0.003016
-12.250000 -0.001807
-12.200000 -0.000777
-12.150000 0.000538
-12.100000 0.001615
-12.050000 0.002918
-12.000000 0.003920
-11.950000 0.005092
-11.900000 0.005904
-11.850000 0.006836
-11.800000 0.007359
-11.750000 0.007964
-11.700000 0.008126
-11.650000 0.008349
-11.600000 0.008112
-11.550000 0.007933
-11.500000 0.007296
-11.450000 0.006734
-11.400000 0.005736
-11.350000 0.004847
-11.300000 0.003560
-11.250000 0.002433
-11.200000 0.000958
-11.150000 -0.000296
-11.100000 -0.001837
-11.050000 -0.003093
-11.000000 -0.004572
-10.950000 -0.005699
-10.900000 -0.006992
-10.850000 -0.007871
-10.800000 -0.008865
-10.750000 -0.009397
-10.700000 -0.010006
-10.650000 -0.010121
-10.600000 -0.010292
-10.550000 -0.009954
-10.500000 -0.009673
-10.450000 -0.008889
-10.400000 -0.008181
-10.350000 -0.006994
-10.300000 -0.005921
-10.250000 -0.004412
-10.200000 -0.003069
-10.150000 -0.001345
-10.100000 0.000149
-10.050000 0.001960
-10.000000 0.003472
-9.950000 0.005234
-9.900000 0.006625
-9.850000 0.008203
-9.800000 0.009346
-9.750000 0.010617
-9.700000 0.011399
-9.650000 0.012265
-9.600000 0.012602
-9.550000 0.012995
-9.500000 0.012835
-9.450000 0.012722
-9.400000 0.012053
-9.350000 0.011441
-9.300000 0.010289
-9.250000 0.009222
-9.200000 0.007649
-9.150000 0.006207
-9.100000 0.004308
-9.050000 0.002600
-9.000000 0.000497
-8.950000 -0.001347
-8.900000 -0.003516
-8.850000 -0.005351
-8.800000 -0.007439
-8.750000 -0.009119
-8.700000 -0.010984
-8.650000 -0.012371
-8.600000 -0.013882
-8.550000 -0.014858
-8.500000 -0.015909
-8.450000 -0.016380
-8.400000 -0.016895
-8.350000 -0.016805
-8.300000 -0.016744
-8.250000 -0.016070
-8.200000 -0.015432
-8.150000 -0.014193
-8.100000 -0.013015
-8.050000 -0.011269
-8.000000 -0.009625
-7.950000 -0.007460
-7.900000 -0.005456
-7.850000 -0.002993
-7.800000 -0.000759
-7.750000 0.001864
-7.700000 0.004182
-7.650000 0.006814
-7.600000 0.009063
-7.550000 0.011553
-7.500000 0.013583
-7.450000 0.015785
-7.400000 0.017460
-7.350000 0.019245
-7.300000 0.020445
-7.250000 0.021707
-7.200000 0.022340
-7.150000 0.023000
-7.100000 0.023003
-7.050000 0.023016
-7.000000 0.022361
-6.950000 0.021716
-6.900000 0.020410
-6.850000 0.019132
-6.800000 0.017217
-6.750000 0.015366
-6.700000 0.012917
-6.650000 0.010582
-6.600000 0.007705
-6.550000 0.005002
-6.500000 0.001823
-6.450000 -0.001110
-6.400000 -0.004445
-6.350000 -0.007457
-6.300000 -0.010793
-6.250000 -0.013725
-6.200000 -0.016904
-6.150000 -0.019598
-6.100000 -0.022465
-6.050000 -0.024774
-6.000000 -0.027187
-5.950000 -0.028977
-5.900000 -0.030814
-5.850000 -0.031976
-5.800000 -0.033142
-5.750000 -0.033594
-5.700000 -0.034023
-5.650000 -0.033717
-5.600000 -0.033374
-5.550000 -0.032293
-5.500000 -0.031182
-5.450000 -0.029343
-5.400000 -0.027496
-5.350000 -0.024950
-5.300000 -0.022433
-5.250000 -0.019259
-5.200000 -0.016164
-5.150000 -0.012468
-5.100000 -0.008912
-5.050000 -0.004818
-5.000000 -0.000933
-4.950000 0.003419
-4.900000 0.007489
-4.850000 0.011952
-4.800000 0.016059
-4.750000 0.020485
-4.700000 0.024481
-4.650000 0.028726
-4.600000 0.032469
-4.550000 0.036393
-4.500000 0.039751
-4.450000 0.043229
-4.400000 0.046082
-4.350000 0.049001
-4.300000 0.051246
-4.250000 0.053511
-4.200000 0.055060
-4.150000 0.056596
-4.100000 0.057383
-4.050000 0.058130
-4.000000 0.058106
-3.950000 0.058026
-3.900000 0.057164
-3.850000 0.056236
-3.800000 0.054521
-3.750000 0.052743
-3.700000 0.050183
-3.650000 0.047567
-3.600000 0.044183
-3.550000 0.040760
-3.500000 0.036589
-3.450000 0.032404
-3.400000 0.027498
-3.350000 0.022609
-3.300000 0.017034
-3.250000 0.011514
-3.200000 0.005346
-3.150000 -0.000724
-3.100000 -0.007398
-3.050000 -0.013928
-3.000000 -0.021012
-2.950000 -0.027901
-2.900000 -0.035294
-2.850000 -0.042438
-2.800000 -0.050031
-2.750000 -0.057319
-2.700000 -0.064999
-2.650000 -0.072319
-2.600000 -0.079973
-2.550000 -0.087209
-2.500000 -0.094724
-2.450000 -0.101765
-2.400000 -0.109031
-2.350000 -0.115771
-2.300000 -0.122684
-2.250000 -0.129022
-2.200000 -0.135486
-2.150000 -0.141331
-2.100000 -0.147259
-2.050000 -0.152530
-2.000000 -0.157849
-1.950000 -0.162477
-1.900000 -0.167125
-1.850000 -0.171058
-1.800000 -0.174989
-1.750000 -0.178190
-1.700000 -0.181377
-1.650000 -0.183826
-1.600000 -0.186258
-1.550000 -0.187954
-1.500000 -0.189637
-1.450000 -0.190595
-1.400000 -0.191552
-1.350000 -0.191803
-1.300000 -0.192074
-1.250000 -0.191663
-1.200000 -0.191302
-1.150000 -0.190291
-1.100000 -0.189366
-1.050000 -0.187831
-1.000000 -0.186424
-0.950000 -0.184453
-0.900000 -0.182656
-0.850000 -0.180348
-0.800000 -0.178267
-0.750000 -0.175732
-0.700000 -0.173482
-0.650000 -0.170838
-0.600000 -0.168543
-0.550000 -0.165922
-0.500000 -0.163719
-0.450000 -0.161263
-0.400000 -0.159302
-0.350000 -0.157169
-0.300000 -0.155617
-0.250000 -0.153986
-0.200000 -0.153032
-0.150000 -0.152105
-0.100000 -0.151966
-0.050000 -0.151976
0.000000 -0.152904
0.050000 -0.154123
0.100000 -0.156414
0.150000 -0.159166
0.200000 -0.163175
0.250000 -0.167847
0.300000 -0.173998
0.350000 -0.181060
0.400000 -0.189869
0.450000 -0.199886
0.500000 -0.211974
0.550000 -0.225629
0.600000 -0.241746
0.650000 -0.259856
0.700000 -0.280891
0.750000 -0.304424
0.800000 -0.331424
0.850000 -0.361504
0.900000 -0.395671
0.950000 -0.433574
1.000000 -0.476249
1.050000 -0.523372
1.100000 -0.575985
1.150000 -0.633766
1.200000 -0.697736
1.250000 -0.767530
1.300000 -0.844094
1.350000 -0.926956
1.400000 -1.016914
1.450000 -1.113300
1.500000 -1.216662
1.550000 -1.326032
1.600000 -1.441590
1.650000 -1.561952
1.700000 -1.686824
1.750000 -1.814311
1.800000 -1.943579
1.850000 -2.072191
1.900000 -2.198796
1.950000 -2.320505
2.000000 -2.435606
2.050000 -2.540989
2.100000 -2.634890
2.150000 -2.714353
2.200000 -2.777976
2.250000 -2.823389
2.300000 -2.849972
2.350000 -2.856312
2.400000 -2.842859
2.450000 -2.809330
2.500000 -2.757291
2.550000 -2.687504
2.600000 -2.602440
2.650000 -2.503591
2.700000 -2.393945
2.750000 -2.275300
2.800000 -2.150725
2.850000 -2.021917
2.900000 -1.891676
2.950000 -1.761313
3.000000 -1.633145
3.050000 -1.507959
3.100000 -1.387528
3.150000 -1.272106
3.200000 -1.162961
3.250000 -1.059895
3.300000 -0.963768
3.350000 -0.874041
3.400000 -0.791284
3.450000 -0.714728
3.500000 -0.644758
3.550000 -0.580475
3.600000 -0.522164
3.650000 -0.468864
3.700000 -0.420822
3.750000 -0.377067
3.800000 -0.337845
3.850000 -0.302204
3.900000 -0.270414
3.950000 -0.241559
4.000000 -0.215941
4.050000 -0.192690
4.100000 -0.172142
4.150000 -0.153472
4.200000 -0.137053
4.250000 -0.122100
4.300000 -0.109019
4.350000 -0.097064
4.400000 -0.086668
4.450000 -0.077119
4.500000 -0.068875
4.550000 -0.061251
4.600000 -0.054726
4.650000 -0.048639
4.700000 -0.043485
4.750000 -0.038623
4.800000 -0.034560
4.850000 -0.030673
4.900000 -0.027477
4.950000 -0.024366
5.000000 -0.021858
5.050000 -0.019361
5.100000 -0.017399
5.150000 -0.015388
5.200000 -0.013857
5.250000 -0.012233
5.300000 -0.011043
5.350000 -0.009726
5.400000 -0.008807
5.450000 -0.007733
5.500000 -0.007030
5.550000 -0.006151
5.600000 -0.005620
5.650000 -0.004895
5.700000 -0.004499
5.750000 -0.003898
5.800000 -0.003609
5.850000 -0.003104
5.900000 -0.002899
5.950000 -0.002470
6.000000 -0.002331
6.050000 -0.001963
6.100000 -0.001876
6.150000 -0.001557
6.200000 -0.001512
6.250000 -0.001234
6.300000 -0.001223
6.350000 -0.000977
6.400000 -0.000994
6.450000 -0.000775
6.500000 -0.000813
6.550000 -0.000614
6.600000 -0.000667
6.650000 -0.000484
6.700000 -0.000548
6.750000 -0.000378
6.800000 -0.000451
6.850000 -0.000290
6.900000 -0.000371
6.950000 -0.000220
7.000000 -0.000308
7.050000 -0.000166
7.100000 -0.000259
7.150000 -0.000124
7.200000 -0.000222
7.250000 -0.000093
7.300000 -0.000193
7.350000 -0.000067
7.400000 -0.000168
7.450000 -0.000045
7.500000 -0.000145
7.550000 -0.000025
7.600000 -0.000125
7.650000 -0.000007
7.700000 -0.000108
7.750000 0.000006
7.800000 -0.000096
7.850000 0.000015
7.900000 -0.000089
7.950000 0.000019
8.000000 -0.000084
8.050000 0.000021
8.100000 -0.000080
8.150000 0.000025
8.200000 -0.000075
8.250000 0.000030
8.300000 -0.000068
8.350000 0.000036
8.400000 -0.000061
8.450000 0.000041
8.500000 -0.000055
8.550000 0.000043
8.600000 -0.000053
8.650000 0.000042
8.700000 -0.000054
8.750000 0.000039
8.800000 -0.000056
8.850000 0.000037
8.900000 -0.000056
8.950000 0.000037
9.000000 -0.000053
9.050000 0.000040
9.100000 -0.000048
9.150000 0.000044
9.200000 -0.000043
9.250000 0.000046
9.300000 -0.000041
9.350000 0.000046
9.400000 -0.000042
9.450000 0.000042
9.500000 -0.000045
9.550000 0.000038
9.600000 -0.000047
9.650000 0.000035
9.700000 -0.000047
9.750000 0.000036
9.800000 -0.000043
9.850000 0.000039
9.900000 -0.000038
9.950000 0.000042
10.000000 -0.000034
10.050000 0.000043
10.100000 -0.000034
10.150000 0.000041
10.200000 -0.000036
10.250000 0.000036
10.300000 -0.000040
10.350000 0.000032
10.400000 -0.000041
10.450000 0.000030
10.500000 -0.000040
10.550000 0.000032
10.600000 -0.000036
10.650000 0.000035
10.700000 -0.000031
10.750000 0.000038
10.800000 -0.000027
10.850000 0.000038
10.900000 -0.000028
10.950000 0.000034
11.000000 -0.000031
11.050000 0.000029
11.100000 -0.000035
11.150000 0.000025
11.200000 -0.000036
11.250000 0.000024
11.300000 -0.000034
11.350000 0.000027
11.400000 -0.000028
11.450000 0.000031
11.500000 -0.000023
11.550000 0.000033
11.600000 -0.000021
11.650000 0.000032
11.700000 -0.000023
11.750000 0.000028
11.800000 -0.000027
11.850000 0.000022
11.900000 -0.000030
11.950000 0.000018
12.000000 -0.000030
12.050000 0.000018
12.100000 -0.000027
12.150000 0.000022
12.200000 -0.000021
12.250000 0.000026
12.300000 -0.000016
12.350000 0.000028
12.400000 -0.000015
12.450000 0.000026
12.500000 -0.000017
12.550000 0.000021
12.600000 -0.000022
12.650000 0.000015
12.700000 -0.000025
12.750000 0.000012
12.800000 -0.000025
12.850000 0.000013
12.900000 -0.000020
12.950000 0.000017
13.000000 -0.000014
13.050000 0.000021
13.100000 -0.000009
13.150000 0.000023
13.200000 -0.000008
13.250000 0.000020
13.300000 -0.000012
13.350000 0.000014
13.400000 -0.000017
13.450000 0.000008
13.500000 -0.000020
13.550000 0.000005
13.600000 -0.000019
13.650000 0.000007
13.700000 -0.000014
13.750000 0.000012
13.800000 -0.000007
13.850000 0.000016
13.900000 -0.000002
13.950000 0.000017
14.000000 -0.000002
14.050000 0.000014
14.100000 -0.000006
14.150000 0.000007
14.200000 -0.000011
14.250000 0.000001
14.300000 -0.000015
14.350000 -0.000002
14.400000 -0.000013
14.450000 0.000001
14.500000 -0.000007
14.550000 0.000006
14.600000 -0.000000
14.650000 0.000011
14.700000 0.000005
14.750000 0.000012
14.800000 0.000004
14.850000 0.000008
14.900000 -0.000000
14.950000 0.000000
15.000000 -0.000006
15.050000 -0.000006
15.100000 -0.000009
15.150000 -0.000009
15.200000 -0.000007
15.250000 -0.000006
15.300000 -0.000001
15.350000 0.000000
15.400000 0.000006
15.450000 0.000005
15.500000 0.000011
15.550000 0.000006
15.600000 0.000011
15.650000 0.000002
15.700000 0.000006
15.750000 -0.000006
15.800000 -0.000000
15.850000 -0.000013
15.900000 -0.000004
15.950000 -0.000015
16.000000 -0.000002
16.050000 -0.000013
16.100000 0.000004
16.150000 -0.000006
16.200000 0.000013
16.250000 -0.000000
16.300000 0.000018
16.350000 0.000001
16.400000 0.000018
16.450000 -0.000003
16.500000 0.000013
16.550000 -0.000011
16.600000 0.000006
16.650000 -0.000019
16.700000 0.000002
16.750000 -0.000022
16.800000 0.000003
16.850000 -0.000020
16.900000 0.000009
16.950000 -0.000013
17.000000 0.000018
17.050000 -0.000006
17.100000 0.000025
17.150000 -0.000004
17.200000 0.000025
17.250000 -0.000008
17.300000 0.000020
17.350000 -0.000016
17.400000 0.000013
17.450000 -0.000025
17.500000 0.000007
17.550000 -0.000029
17.600000 0.000007
17.650000 -0.000027
17.700000 0.000014
17.750000 -0.000020
17.800000 0.000023
17.850000 -0.000012
17.900000 0.000031
17.950000 -0.000009
18.000000 0.000033
18.050000 -0.000012
18.100000 0.000028
18.150000 -0.000020
18.200000 0.000020
18.250000 -0.000030
18.300000 0.000013
18.350000 -0.000036
18.400000 0.000012
18.450000 -0.000035
18.500000 0.000017
18.550000 -0.000028
18.600000 0.000027
18.650000 -0.000019
18.700000 0.000036
18.750000 -0.000014
18.800000 0.000040
18.850000 -0.000015
18.900000 0.000036
18.950000 -0.000023
19.000000 0.000028
19.050000 -0.000034
19.100000 0.000019
19.150000 -0.000042
19.200000 0.000016
19.250000 -0.000043
19.300000 0.000020
19.350000 -0.000037
19.400000 0.000030
19.450000 -0.000027
19.500000 0.000040
19.550000 -0.000020
19.600000 0.000046
19.650000 -0.000019
19.700000 0.000045
19.750000 -0.000025
19.800000 0.000037
19.850000 -0.000036
19.900000 0.000027
19.950000 -0.000046
20.000000 0.000021
20.050000 -0.000050
20.100000 0.000022
20.150000 -0.000046
20.200000 0.000031
20.250000 -0.000036
20.300000 0.000043
20.350000 -0.000026
20.400000 0.000052
20.450000 -0.000022
20.500000 0.000053
20.550000 -0.000026
20.600000 0.000046
20.650000 -0.000037
20.700000 0.000035
20.750000 -0.000049
20.800000 0.000026
20.850000 -0.000056
20.900000 0.000025
20.950000 -0.000055
21.000000 0.000031
21.050000 -0.000046
21.100000 0.000043
21.150000 -0.000035
21.200000 0.000055
21.250000 -0.000027
21.300000 0.000060
21.350000 -0.000027
21.400000 0.000057
21.450000 -0.000036
21.500000 0.000046
21.550000 -0.000049
21.600000 0.000034
21.650000 -0.000060
21.700000 0.000028
21.750000 -0.000063
21.800000 0.000031
21.850000 -0.000057
21.900000 0.000042
21.950000 -0.000045
22.000000 0.000055
22.050000 -0.000034
22.100000 0.000065
22.150000 -0.000029
22.200000 0.000066
22.250000 -0.000035
22.300000 0.000058
22.350000 -0.000047
22.400000 0.000045
22.450000 -0.000061
22.500000 0.000034
22.550000 -0.000070
22.600000 0.000031
22.650000 -0.000068
22.700000 0.000039
22.750000 -0.000058
22.800000 0.000053
22.850000 -0.000044
22.900000 0.000066
22.950000 -0.000034
23.000000 0.000073
23.050000 -0.000033
23.100000 0.000070
23.150000 -0.000043
23.200000 0.000058
23.250000 -0.000058
23.300000 0.000043
23.350000 -0.000071
23.400000 0.000034
23.450000 -0.000077
23.500000 0.000036
23.550000 -0.000071
23.600000 0.000047
23.650000 -0.000058
23.700000 0.000063
23.750000 -0.000043
23.800000 0.000076
23.850000 -0.000035
23.900000 0.000080
23.950000 -0.000038
24.000000 0.000072
24.050000 -0.000051
24.100000 0.000057
24.150000 -0.000068
24.200000 0.000042
24.250000 -0.000080
24.300000 0.000036
24.350000 -0.000082
24.400000 0.000040
24.450000 -0.000073
24.500000 0.000055
24.550000 -0.000057
24.600000 0.000072
24.650000 -0.000042
24.700000 0.000084
24.750000 -0.000036
24.800000 0.000085
24.850000 -0.000043
24.900000 0.000074
24.950000 -0.000059
25.000000 0.000057
25.050000 -0.000077
25.100000 0.000042
25.150000 -0.000088
25.200000 0.000037
25.250000 -0.000087
25.300000 0.000045
25.350000 -0.000075
25.400000 0.000062
25.450000 -0.000057
25.500000 0.000080
25.550000 -0.000042
25.600000 0.000091
25.650000 -0.000038
25.700000 0.000090
25.750000 -0.000047
25.800000 0.000076
25.850000 -0.000065
25.900000 0.000057
25.950000 -0.000084
26.000000 0.000041
26.050000 -0.000095
26.100000 0.000038
26.150000 -0.000092
26.200000 0.000048
26.250000 -0.000077
26.300000 0.000068
26.350000 -0.000057
26.400000 0.000087
26.450000 -0.000041
26.500000 0.000098
26.550000 -0.000038
26.600000 0.000094
26.650000 -0.000049
26.700000 0.000078
26.750000 -0.000070
26.800000 0.000057
26.850000 -0.000090
26.900000 0.000041
26.950000 -0.000101
27.000000 0.000038
27.050000 -0.000097
27.100000 0.000050
27.150000 -0.000080
27.200000 0.000071
27.250000 -0.000058
27.300000 0.000092
27.350000 -0.000041
27.400000 0.000104
27.450000 -0.000038
27.500000 0.000100
27.550000 -0.000050
27.600000 0.000082
27.650000 -0.000072
27.700000 0.000059
27.750000 -0.000094
27.800000 0.000041
27.850000 -0.000107
27.900000 0.000037
27.950000 -0.000103
28.000000 0.000049
28.050000 -0.000085
28.100000 0.000072
28.150000 -0.000060
28.200000 0.000096
28.250000 -0.000041
28.300000 0.000109
28.350000 -0.000036
28.400000 0.000106
28.450000 -0.000048
28.500000 0.000088
28.550000 -0.000071
28.600000 0.000062
28.650000 -0.000096
28.700000 0.000041
28.750000 -0.000112
28.800000 0.000034
28.850000 -0.000110
28.900000 0.000045
28.950000 -0.000092
29.000000 0.000070
29.050000 -0.000065
29.100000 0.000096
29.150000 -0.000042
29.200000 0.000114
29.250000 -0.000033
29.300000 0.000114
29.350000 -0.000042
29.400000 0.000096
29.450000 -0.000067
29.500000 0.000068
29.550000 -0.000095
29.600000 0.000043
29.650000 -0.000115
29.700000 0.000031
29.750000 -0.000117
29.800000 0.000039
29.850000 -0.000101
29.900000 0.000063
29.950000 -0.000072
30.000000 0.000093
30.050000 -0.000045
30.100000 0.000116
30.150000 -0.000030
30.200000 0.000121
30.250000 -0.000035
30.300000 0.000107
30.350000 -0.000058
30.400000 0.000078
30.450000 -0.000089
30.500000 0.000048
30.550000 -0.000115
30.600000 0.000029
30.650000 -0.000125
30.700000 0.000030
30.750000 -0.000113
30.800000 0.000052
30.850000 -0.000084
30.900000 0.000084
30.950000 -0.000052
31.000000 0.000113
31.050000 -0.000029
31.100000 0.000127
31.150000 -0.000026
31.200000 0.000119
31.250000 -0.000044
31.300000 0.000092
31.350000 -0.000077
31.400000 0.000057
31.450000 -0.000110
31.500000 0.000030
31.550000 -0.000129
31.600000 0.000021
31.650000 -0.000126
31.700000 0.000036
31.750000 -0.000101
31.800000 0.000068
31.850000 -0.000065
31.900000 0.000104
31.950000 -0.000033
32.000000 0.000129
32.050000 -0.000018
32.100000 0.000132
32.150000 -0.000027
32.200000 0.000111
32.250000 -0.000057
32.300000 0.000075
32.350000 -0.000095
32.400000 0.000038
32.450000 -0.000126
32.500000 0.000016
32.550000 -0.000136
32.600000 0.000019
32.650000 -0.000121
32.700000 0.000045
32.750000 -0.000086
32.800000 0.000084
32.850000 -0.000046
32.900000 0.000121
32.950000 -0.000017
33.000000 0.000139
33.050000 -0.000011
33.100000 0.000131
33.150000 -0.000031
33.200000 0.000100
33.250000 -0.000070
33.300000 0.000057
33.350000 -0.000111
33.400000 0.000021
33.450000 -0.000139
33.500000 0.000005
33.550000 -0.000140
33.600000 0.000018
33.650000 -0.000114
33.700000 0.000053
33.750000 -0.000072
33.800000 0.000098
33.850000 -0.000029
33.900000 0.000134
33.950000 -0.000003
34.000000 0.000146
34.050000 -0.000005
34.100000 0.000129
34.150000 -0.000035
34.200000 0.000089
34.250000 -0.000080
34.300000 0.000042
34.350000 -0.000124
34.400000 0.000006
34.450000 -0.000148
34.500000 -0.000005
34.550000 -0.000142
34.600000 0.000016
34.650000 -0.000108
34.700000 0.000059
34.750000 -0.000059
34.800000 0.000108
34.850000 -0.000014
34.900000 0.000144
34.950000 0.000010
35.000000 0.000152
35.050000 0.000002
35.100000 0.000128
35.150000 -0.000035
35.200000 0.000081
35.250000 -0.000086
35.300000 0.000029
35.350000 -0.000133
35.400000 -0.000008
35.450000 -0.000156
35.500000 -0.000016
35.550000 -0.000146
35.600000 0.000009
35.650000 -0.000106
35.700000 0.000059
35.750000 -0.000051
35.800000 0.000113
35.850000 -0.000001
35.900000 0.000152
35.950000 0.000024
36.000000 0.000159
36.050000 0.000014
36.100000 0.000132
36.150000 -0.000028
36.200000 0.000079
36.250000 -0.000086
36.300000 0.000021
36.350000 -0.000138
36.400000 -0.000021
36.450000 -0.000164
36.500000 -0.000031
36.550000 -0.000154
36.600000 -0.000004
36.650000 -0.000111
36.700000 0.000051
36.750000 -0.000049
36.800000 0.000112
36.850000 0.000008
36.900000 0.000157
36.950000 0.000038
37.000000 0.000169
37.050000 0.000031
37.100000 0.000142
37.150000 -0.000012
37.200000 0.000085
37.250000 -0.000076
37.300000 0.000019
37.350000 -0.000136
37.400000 -0.000032
37.450000 -0.000171
37.500000 -0.000049
37.550000 -0.000167
37.600000 -0.000025
37.650000 -0.000124
37.700000 0.000031
37.750000 -0.000057
37.800000 0.000101
37.850000 0.000010
37.900000 0.000157
37.950000 0.000052
38.000000 0.000180
38.050000 0.000055
38.100000 0.000160
38.150000 0.000015
38.200000 0.000103
38.250000 -0.000052
38.300000 0.000029
38.350000 -0.000124
38.400000 -0.000036
38.450000 -0.000174
38.500000 -0.000068
38.550000 -0.000184
38.600000 -0.000056
38.650000 -0.000149
38.700000 -0.000002
38.750000 -0.000080
38.800000 0.000074
38.850000 -0.000001
38.900000 0.000146
38.950000 0.000060
39.000000 0.000188
39.050000 0.000081
39.100000 0.000184
39.150000 0.000054
39.200000 0.000135
39.250000 -0.000012
39.300000 0.000056
39.350000 -0.000094
39.400000 -0.000025
39.450000 -0.000165
39.500000 -0.000081
39.550000 -0.000198
39.600000 -0.000090
39.650000 -0.000182
39.700000 -0.000051
39.750000 -0.000120
39.800000 0.000026
39.850000 -0.000033
39.900000 0.000114
39.950000 0.000050
40.000000 0.000182
40.050000 0.000100
40.100000 0.000207
40.150000 0.000099
40.200000 0.000178
40.250000 0.000047
40.300000 0.000105
40.350000 -0.000039
40.400000 0.000011
40.450000 -0.000131
40.500000 -0.000072
40.550000 -0.000197
40.600000 -0.000117
40.650000 -0.000214
40.700000 -0.000107
40.750000 -0.000175
40.800000 -0.000045
40.850000 -0.000092
40.900000 0.000050
40.950000 0.000009
41.000000 0.000145
41.050000 0.000093
41.100000 0.000210
41.150000 0.000134
41.200000 0.000221
41.250000 0.000116
41.300000 0.000173
41.350000 0.000045
41.400000 0.000081
41.450000 -0.000058
41.500000 -0.000025
41.550000 -0.000158
41.600000 -0.000113
41.650000 -0.000222
41.700000 -0.000151
41.750000 -0.000229
41.800000 -0.000128
41.850000 -0.000175
41.900000 -0.000049
41.950000 -0.000075
42.000000 0.000061
42.050000 0.000039
42.100000 0.000167
42.150000 0.000131
42.200000 0.000234
42.250000 0.000169
42.300000 0.000239
42.350000 0.000143
42.400000 0.000180
42.450000 0.000057
42.500000 0.000073
42.550000 -0.000060
42.600000 -0.000049
42.650000 -0.000173
42.700000 -0.000146
42.750000 -0.000245
42.800000 -0.000189
42.850000 -0.000252
42.900000 -0.000162
42.950000 -0.000190
43.000000 -0.000072
43.050000 -0.000077
43.100000 0.000053
43.150000 0.000053
43.200000 0.000175
43.250000 0.000159
43.300000 0.000255
43.350000 0.000209
43.400000 0.000267
43.450000 0.000185
43.500000 0.000206
43.550000 0.000094
43.600000 0.000089
43.650000 -0.000038
43.700000 -0.000050
43.750000 -0.000171
43.800000 -0.000169
43.850000 -0.000264
43.900000 -0.000231
43.950000 -0.000287
44.000000 -0.000216
44.050000 -0.000232
44.100000 -0.000127
44.150000 -0.000113
44.200000 0.000010
44.250000 0.000035
44.300000 0.000155
44.350000 0.000169
44.400000 0.000266
44.450000 0.000252
44.500000 0.000312
44.550000 0.000260
44.600000 0.000282
44.650000 0.000198
44.700000 0.000192
44.750000 0.000094
44.800000 0.000081
44.850000 -0.000007
44.900000 0.000001
44.950000 -0.000052
