-30.000000 0.000115
-29.950000 0.000248
-29.900000 0.000477
-29.850000 0.000709
-29.800000 0.001006
-29.750000 0.001282
-29.700000 0.001586
-29.650000 0.001844
-29.600000 0.002095
-29.550000 0.002277
-29.500000 0.002422
-29.450000 0.002484
-29.400000 0.002488
-29.350000 0.002405
-29.300000 0.002255
-29.250000 0.002024
-29.200000 0.001730
-29.150000 0.001375
-29.100000 0.000970
-29.050000 0.000533
-29.000000 0.000069
-28.950000 -0.000392
-28.900000 -0.000852
-28.850000 -0.001271
-28.800000 -0.001664
-28.750000 -0.001980
-28.700000 -0.002249
-28.650000 -0.002414
-28.600000 -0.002521
-28.550000 -0.002509
-28.500000 -0.002439
-28.450000 -0.002248
-28.400000 -0.002013
-28.350000 -0.001665
-28.300000 -0.001300
-28.250000 -0.000841
-28.200000 -0.000398
-28.150000 0.000113
-28.100000 0.000569
-28.050000 0.001066
-28.000000 0.001471
-27.950000 0.001891
-27.900000 0.002185
-27.850000 0.002473
-27.800000 0.002611
-27.750000 0.002732
-27.700000 0.002687
-27.650000 0.002626
-27.600000 0.002395
-27.550000 0.002162
-27.500000 0.001767
-27.450000 0.001396
-27.400000 0.000881
-27.350000 0.000425
-27.300000 -0.000147
-27.250000 -0.000621
-27.200000 -0.001180
-27.150000 -0.001600
-27.100000 -0.002076
-27.050000 -0.002376
-27.000000 -0.002711
-26.950000 -0.002841
-26.900000 -0.002995
-26.850000 -0.002928
-26.800000 -0.002887
-26.750000 -0.002623
-26.700000 -0.002399
-26.650000 -0.001962
-26.600000 -0.001593
-26.550000 -0.001031
-26.500000 -0.000571
-26.450000 0.000053
-26.400000 0.000536
-26.350000 0.001153
-26.300000 0.001588
-26.250000 0.002129
-26.200000 0.002452
-26.150000 0.002857
-26.100000 0.003013
-26.050000 0.003238
-26.000000 0.003195
-25.950000 0.003218
-25.900000 0.002965
-25.850000 0.002789
-25.800000 0.002344
-25.750000 0.001999
-25.700000 0.001403
-25.650000 0.000941
-25.600000 0.000256
-25.550000 -0.000253
-25.500000 -0.000952
-25.450000 -0.001431
-25.400000 -0.002067
-25.350000 -0.002441
-25.300000 -0.002945
-25.250000 -0.003154
-25.200000 -0.003475
-25.150000 -0.003477
-25.100000 -0.003586
-25.050000 -0.003367
-25.000000 -0.003263
-24.950000 -0.002835
-24.900000 -0.002542
-24.850000 -0.001941
-24.800000 -0.001506
-24.750000 -0.000789
-24.700000 -0.000277
-24.650000 0.000487
-24.600000 0.001003
-24.550000 0.001738
-24.500000 0.002182
-24.450000 0.002814
-24.400000 0.003117
-24.350000 0.003583
-24.300000 0.003690
-24.250000 0.003946
-24.200000 0.003824
-24.150000 0.003850
-24.100000 0.003493
-24.050000 0.003297
-24.000000 0.002727
-23.950000 0.002346
-23.900000 0.001613
-23.850000 0.001105
-23.800000 0.000277
-23.750000 -0.000280
-23.700000 -0.001122
-23.650000 -0.001646
-23.600000 -0.002420
-23.550000 -0.002833
-23.500000 -0.003466
-23.450000 -0.003703
-23.400000 -0.004138
-23.350000 -0.004152
-23.300000 -0.004357
-23.250000 -0.004126
-23.200000 -0.004092
-23.150000 -0.003623
-23.100000 -0.003368
-23.050000 -0.002692
-23.000000 -0.002258
-22.950000 -0.001427
-22.900000 -0.000878
-22.850000 0.000035
-22.800000 0.000622
-22.750000 0.001537
-22.700000 0.002077
-22.650000 0.002910
-22.600000 0.003323
-22.550000 0.003996
-22.500000 0.004213
-22.450000 0.004667
-22.400000 0.004640
-22.350000 0.004841
-22.300000 0.004548
-22.250000 0.004490
-22.200000 0.003941
-22.150000 0.003648
-22.100000 0.002881
-22.050000 0.002404
-22.000000 0.001480
-21.950000 0.000889
-21.900000 -0.000114
-21.850000 -0.000737
-21.800000 -0.001733
-21.750000 -0.002302
-21.700000 -0.003208
-21.650000 -0.003642
-21.600000 -0.004382
-21.550000 -0.004614
-21.500000 -0.005129
-21.450000 -0.005111
-21.400000 -0.005365
-21.350000 -0.005071
-21.300000 -0.005053
-21.250000 -0.004487
-21.200000 -0.004214
-21.150000 -0.003408
-21.100000 -0.002925
-21.050000 -0.001936
-21.000000 -0.001312
-20.950000 -0.000218
-20.900000 0.000462
-20.850000 0.001571
-20.800000 0.002213
-20.750000 0.003243
-20.700000 0.003757
-20.650000 0.004624
-20.600000 0.004934
-20.550000 0.005569
-20.500000 0.005618
-20.450000 0.005980
-20.400000 0.005739
-20.350000 0.005811
-20.300000 0.005279
-20.250000 0.005075
-20.200000 0.004278
-20.150000 0.003837
-20.100000 0.002826
-20.050000 0.002210
-20.000000 0.001056
-19.950000 0.000343
-19.900000 -0.000868
-19.850000 -0.001589
-19.800000 -0.002765
-19.750000 -0.003400
-19.700000 -0.004451
-19.650000 -0.004912
-19.600000 -0.005756
-19.550000 -0.005972
-19.500000 -0.006545
-19.450000 -0.006464
-19.400000 -0.006731
-19.350000 -0.006331
-19.300000 -0.006284
-19.250000 -0.005575
-19.200000 -0.005239
-19.150000 -0.004261
-19.100000 -0.003690
-19.050000 -0.002507
-19.000000 -0.001778
-18.950000 -0.000476
-18.900000 0.000320
-18.850000 0.001647
-18.800000 0.002415
-18.750000 0.003669
-18.700000 0.004315
-18.650000 0.005409
-18.600000 0.005850
-18.550000 0.006709
-18.500000 0.006879
-18.450000 0.007446
-18.400000 0.007301
-18.350000 0.007544
-18.300000 0.007066
-18.250000 0.006982
-18.200000 0.006181
-18.150000 0.005794
-18.100000 0.004708
-18.050000 0.004071
-18.000000 0.002767
-17.950000 0.001957
-17.900000 0.000521
-17.850000 -0.000366
-17.800000 -0.001832
-17.750000 -0.002693
-17.700000 -0.004086
-17.650000 -0.004819
-17.600000 -0.006040
-17.550000 -0.006554
-17.500000 -0.007523
-17.450000 -0.007746
-17.400000 -0.008402
-17.350000 -0.008288
-17.300000 -0.008598
-17.250000 -0.008128
-17.200000 -0.008088
-17.150000 -0.007272
-17.100000 -0.006906
-17.050000 -0.005781
-17.000000 -0.005138
-16.950000 -0.003765
-16.900000 -0.002916
-16.850000 -0.001377
-16.800000 -0.000413
-16.750000 0.001196
-16.700000 0.002173
-16.650000 0.003747
-16.600000 0.004632
-16.550000 0.006067
-16.500000 0.006759
-16.450000 0.007960
-16.400000 0.008373
-16.350000 0.009264
-16.300000 0.009334
-16.250000 0.009864
-16.200000 0.009555
-16.150000 0.009703
-16.100000 0.009010
-16.050000 0.008787
-16.000000 0.007735
-15.950000 0.007181
-15.900000 0.005822
-15.850000 0.005001
-15.800000 0.003410
-15.750000 0.002405
-15.700000 0.000673
-15.650000 -0.000419
-15.600000 -0.002190
-15.550000 -0.003265
-15.500000 -0.004970
-15.450000 -0.005923
-15.400000 -0.007460
-15.350000 -0.008192
-15.300000 -0.009466
-15.250000 -0.009891
-15.200000 -0.010828
-15.150000 -0.010881
-15.100000 -0.011428
-15.050000 -0.011072
-15.000000 -0.011205
-14.950000 -0.010432
-14.900000 -0.010161
-14.850000 -0.008996
-14.800000 -0.008362
-14.750000 -0.006860
-14.700000 -0.005930
-14.650000 -0.004173
-14.600000 -0.003038
-14.550000 -0.001121
-14.500000 0.000116
-14.450000 0.002083
-14.400000 0.003313
-14.350000 0.005222
-14.300000 0.006336
-14.250000 0.008083
-14.200000 0.008982
-14.150000 0.010471
-14.100000 0.011067
-14.050000 0.012220
-14.000000 0.012442
-13.950000 0.013199
-13.900000 0.013001
-13.850000 0.013327
-13.800000 0.012687
-13.750000 0.012576
-13.700000 0.011502
-13.650000 0.010975
-13.600000 0.009505
-13.550000 0.008615
-13.500000 0.006814
-13.450000 0.005640
-13.400000 0.003598
-13.350000 0.002238
-13.300000 0.000061
-13.250000 -0.001374
-13.200000 -0.003572
-13.150000 -0.004966
-13.100000 -0.007070
-13.050000 -0.008310
-13.000000 -0.010212
-12.950000 -0.011197
-12.900000 -0.012802
-12.850000 -0.013443
-12.800000 -0.014672
-12.750000 -0.014904
-12.700000 -0.015700
-12.650000 -0.015475
-12.600000 -0.015806
-12.550000 -0.015105
-12.500000 -0.014964
-12.450000 -0.013793
-12.400000 -0.013202
-12.350000 -0.011599
-12.300000 -0.010607
-12.250000 -0.008635
-12.200000 -0.007320
-12.150000 -0.005069
-12.100000 -0.003528
-12.050000 -0.001103
-12.000000 0.000549
-11.950000 0.003030
-11.900000 0.004675
-11.850000 0.007093
-11.800000 0.008614
-11.750000 0.010856
-11.700000 0.012143
-11.650000 0.014106
-11.600000 0.015066
-11.550000 0.016666
-11.500000 0.017222
-11.450000 0.018390
-11.400000 0.018485
-11.350000 0.019176
-11.300000 0.018776
-11.250000 0.018966
-11.200000 0.018059
-11.150000 0.017750
-11.100000 0.016349
-11.050000 0.015566
-11.000000 0.013711
-10.950000 0.012507
-10.900000 0.010262
-10.850000 0.008713
-10.800000 0.006166
-10.750000 0.004370
-10.700000 0.001626
-10.650000 -0.000305
-10.600000 -0.003128
-10.550000 -0.005075
-10.500000 -0.007855
-10.450000 -0.009696
-10.400000 -0.012317
-10.350000 -0.013938
-10.300000 -0.016291
-10.250000 -0.017590
-10.200000 -0.019579
-10.150000 -0.020470
-10.100000 -0.022017
-10.050000 -0.022430
-10.000000 -0.023475
-9.950000 -0.023362
-9.900000 -0.023867
-9.850000 -0.023200
-9.800000 -0.023152
-9.750000 -0.021929
-9.700000 -0.021338
-9.650000 -0.019584
-9.600000 -0.018486
-9.550000 -0.016251
-9.500000 -0.014711
-9.450000 -0.012069
-9.400000 -0.010171
-9.350000 -0.007218
-9.300000 -0.005066
-9.250000 -0.001911
-9.200000 0.000382
-9.150000 0.003622
-9.100000 0.005937
-9.050000 0.009145
-9.000000 0.011366
-8.950000 0.014428
-8.900000 0.016447
-8.850000 0.019260
-8.800000 0.020977
-8.750000 0.023446
-8.700000 0.024774
-8.650000 0.026818
-8.600000 0.027682
-8.550000 0.029233
-8.500000 0.029573
-8.450000 0.030580
-8.400000 0.030353
-8.350000 0.030784
-8.300000 0.029968
-8.250000 0.029810
-8.200000 0.028405
-8.150000 0.027672
-8.100000 0.025703
-8.050000 0.024429
-8.000000 0.021942
-7.950000 0.020185
-7.900000 0.017248
-7.850000 0.015083
-7.800000 0.011777
-7.750000 0.009293
-7.700000 0.005712
-7.650000 0.003008
-7.600000 -0.000746
-7.550000 -0.003569
-7.500000 -0.007390
-7.450000 -0.010222
-7.400000 -0.014002
-7.350000 -0.016735
-7.300000 -0.020366
-7.250000 -0.022891
-7.200000 -0.026264
-7.150000 -0.028476
-7.100000 -0.031488
-7.050000 -0.033288
-7.000000 -0.035846
-6.950000 -0.037146
-6.900000 -0.039171
-6.850000 -0.039901
-6.800000 -0.041330
-6.750000 -0.041440
-6.700000 -0.042237
-6.650000 -0.041700
-6.600000 -0.041850
-6.550000 -0.040662
-6.500000 -0.040171
-6.450000 -0.038351
-6.400000 -0.037246
-6.350000 -0.034827
-6.300000 -0.033150
-6.250000 -0.030183
-6.200000 -0.027989
-6.150000 -0.024534
-6.100000 -0.021891
-6.050000 -0.018020
-6.000000 -0.015005
-5.950000 -0.010800
-5.900000 -0.007499
-5.850000 -0.003051
-5.800000 0.000443
-5.750000 0.005036
-5.700000 0.008622
-5.650000 0.013260
-5.600000 0.016837
-5.550000 0.021419
-5.500000 0.024889
-5.450000 0.029321
-5.400000 0.032592
-5.350000 0.036787
-5.300000 0.039778
-5.250000 0.043660
-5.200000 0.046302
-5.150000 0.049808
-5.100000 0.052042
-5.050000 0.055119
-5.000000 0.056896
-4.950000 0.059497
-4.900000 0.060776
-4.850000 0.062863
-4.800000 0.063607
-4.750000 0.065147
-4.700000 0.065328
-4.650000 0.066294
-4.600000 0.065888
-4.550000 0.066264
-4.500000 0.065258
-4.450000 0.065035
-4.400000 0.063428
-4.350000 0.062611
-4.300000 0.060412
-4.250000 0.059014
-4.200000 0.056242
-4.150000 0.054286
-4.100000 0.050967
-4.050000 0.048481
-4.000000 0.044645
-3.950000 0.041662
-3.900000 0.037341
-3.850000 0.033893
-3.800000 0.029121
-3.750000 0.025244
-3.700000 0.020059
-3.650000 0.015790
-3.600000 0.010231
-3.550000 0.005615
-3.500000 -0.000272
-3.450000 -0.005186
-3.400000 -0.011346
-3.350000 -0.016501
-3.300000 -0.022874
-3.250000 -0.028207
-3.200000 -0.034728
-3.150000 -0.040172
-3.100000 -0.046772
-3.050000 -0.052259
-3.000000 -0.058873
-2.950000 -0.064339
-2.900000 -0.070903
-2.850000 -0.076285
-2.800000 -0.082740
-2.750000 -0.087981
-2.700000 -0.094269
-2.650000 -0.099313
-2.600000 -0.105378
-2.550000 -0.110168
-2.500000 -0.115955
-2.450000 -0.120434
-2.400000 -0.125885
-2.350000 -0.129998
-2.300000 -0.135059
-2.250000 -0.138753
-2.200000 -0.143373
-2.150000 -0.146602
-2.100000 -0.150740
-2.050000 -0.153467
-2.000000 -0.157092
-1.950000 -0.159293
-1.900000 -0.162386
-1.850000 -0.164047
-1.800000 -0.166601
-1.750000 -0.167719
-1.700000 -0.169734
-1.650000 -0.170314
-1.600000 -0.171799
-1.550000 -0.171851
-1.500000 -0.172817
-1.450000 -0.172355
-1.400000 -0.172817
-1.350000 -0.171857
-1.300000 -0.171835
-1.250000 -0.170400
-1.200000 -0.169918
-1.150000 -0.168036
-1.100000 -0.167128
-1.050000 -0.164836
-1.000000 -0.163541
-0.950000 -0.160884
-0.900000 -0.159251
-0.850000 -0.156278
-0.800000 -0.154359
-0.750000 -0.151124
-0.700000 -0.148971
-0.650000 -0.145524
-0.600000 -0.143186
-0.550000 -0.139574
-0.500000 -0.137094
-0.450000 -0.133358
-0.400000 -0.130775
-0.350000 -0.126951
-0.300000 -0.124301
-0.250000 -0.120424
-0.200000 -0.117739
-0.150000 -0.113842
-0.100000 -0.111158
-0.050000 -0.107278
0.000000 -0.104631
0.050000 -0.100804
0.100000 -0.098231
0.150000 -0.094495
0.200000 -0.092033
0.250000 -0.088423
0.300000 -0.086107
0.350000 -0.082654
0.400000 -0.080512
0.450000 -0.077244
0.500000 -0.075300
0.550000 -0.072240
0.600000 -0.070517
0.650000 -0.067685
0.700000 -0.066205
0.750000 -0.063628
0.800000 -0.062419
0.850000 -0.060128
0.900000 -0.059229
0.950000 -0.057268
1.000000 -0.056728
1.050000 -0.055156
1.100000 -0.055040
1.150000 -0.053928
1.200000 -0.054316
1.250000 -0.053752
1.300000 -0.054740
1.350000 -0.054829
1.400000 -0.056533
1.450000 -0.057403
1.500000 -0.059966
1.550000 -0.061775
1.600000 -0.065372
1.650000 -0.068320
1.700000 -0.073179
1.750000 -0.077520
1.800000 -0.083927
1.850000 -0.089987
1.900000 -0.098308
1.950000 -0.106497
2.000000 -0.117192
2.050000 -0.128023
2.100000 -0.141663
2.150000 -0.155770
2.200000 -0.173052
2.250000 -0.191202
2.300000 -0.212969
2.350000 -0.236080
2.400000 -0.263330
2.450000 -0.292482
2.500000 -0.326375
2.550000 -0.362810
2.600000 -0.404663
2.650000 -0.449763
2.700000 -0.501014
2.750000 -0.556252
2.800000 -0.618382
2.850000 -0.685213
2.900000 -0.759605
2.950000 -0.839283
3.000000 -0.926995
3.050000 -1.020299
3.100000 -1.121733
3.150000 -1.228586
3.200000 -1.343070
3.250000 -1.462080
3.300000 -1.587384
3.350000 -1.715371
3.400000 -1.847271
3.450000 -1.978907
3.500000 -2.110955
3.550000 -2.238709
3.600000 -2.362402
3.650000 -2.476985
3.700000 -2.582511
3.750000 -2.673933
3.800000 -2.751525
3.850000 -2.810685
3.900000 -2.852359
3.950000 -2.872812
4.000000 -2.874027
4.050000 -2.853399
4.100000 -2.814085
4.150000 -2.754618
4.200000 -2.679192
4.250000 -2.587219
4.300000 -2.483576
4.350000 -2.368129
4.400000 -2.245990
4.450000 -2.117039
4.500000 -1.986216
4.550000 -1.853070
4.600000 -1.722103
4.650000 -1.592346
4.700000 -1.467746
4.750000 -1.346774
4.800000 -1.232837
4.850000 -1.123904
4.900000 -1.022931
4.950000 -0.927493
5.000000 -0.840218
5.050000 -0.758401
5.100000 -0.684456
5.150000 -0.615511
5.200000 -0.553856
5.250000 -0.496532
5.300000 -0.445778
5.350000 -0.398609
5.400000 -0.357258
5.450000 -0.318747
5.500000 -0.285337
5.550000 -0.254077
5.600000 -0.227267
5.650000 -0.201997
5.700000 -0.180612
5.750000 -0.160242
5.800000 -0.143278
5.850000 -0.126889
5.900000 -0.113506
5.950000 -0.100334
6.000000 -0.089839
6.050000 -0.079254
6.100000 -0.071077
6.150000 -0.062564
6.200000 -0.056238
6.250000 -0.049376
6.300000 -0.044519
6.350000 -0.038963
6.400000 -0.035267
6.450000 -0.030738
6.500000 -0.027952
6.550000 -0.024228
6.600000 -0.022155
6.650000 -0.019062
6.700000 -0.017550
6.750000 -0.014955
6.800000 -0.013888
6.850000 -0.011692
6.900000 -0.010984
6.950000 -0.009110
7.000000 -0.008694
7.050000 -0.007084
7.100000 -0.006907
7.150000 -0.005511
7.200000 -0.005526
7.250000 -0.004299
7.300000 -0.004464
7.350000 -0.003367
7.400000 -0.003643
7.450000 -0.002640
7.500000 -0.002996
7.550000 -0.002058
7.600000 -0.002468
7.650000 -0.001575
7.700000 -0.002023
7.750000 -0.001163
7.800000 -0.001642
7.850000 -0.000812
7.900000 -0.001321
7.950000 -0.000521
8.000000 -0.001064
8.050000 -0.000297
8.100000 -0.000875
8.150000 -0.000142
8.200000 -0.000753
8.250000 -0.000051
8.300000 -0.000689
8.350000 -0.000008
8.400000 -0.000662
8.450000 0.000010
8.500000 -0.000647
8.550000 0.000026
8.600000 -0.000624
8.650000 0.000060
8.700000 -0.000578
8.750000 0.000119
8.800000 -0.000509
8.850000 0.000196
8.900000 -0.000428
8.950000 0.000277
9.000000 -0.000353
9.050000 0.000342
9.100000 -0.000302
9.150000 0.000375
9.200000 -0.000288
9.250000 0.000371
9.300000 -0.000309
9.350000 0.000336
9.400000 -0.000355
9.450000 0.000284
9.500000 -0.000407
9.550000 0.000238
9.600000 -0.000443
9.650000 0.000215
9.700000 -0.000450
9.750000 0.000225
9.800000 -0.000423
9.850000 0.000268
9.900000 -0.000369
9.950000 0.000329
10.000000 -0.000305
10.050000 0.000390
10.100000 -0.000254
10.150000 0.000428
10.200000 -0.000232
10.250000 0.000432
10.300000 -0.000247
10.350000 0.000399
10.400000 -0.000295
10.450000 0.000341
10.500000 -0.000358
10.550000 0.000278
10.600000 -0.000414
10.650000 0.000233
10.700000 -0.000444
10.750000 0.000222
10.800000 -0.000436
10.850000 0.000248
10.900000 -0.000394
10.950000 0.000304
11.000000 -0.000330
11.050000 0.000369
11.100000 -0.000268
11.150000 0.000423
11.200000 -0.000228
11.250000 0.000447
11.300000 -0.000223
11.350000 0.000432
11.400000 -0.000256
11.450000 0.000384
11.500000 -0.000316
11.550000 0.000317
11.600000 -0.000383
11.650000 0.000255
11.700000 -0.000434
11.750000 0.000219
11.800000 -0.000453
11.850000 0.000220
11.900000 -0.000431
11.950000 0.000260
12.000000 -0.000375
12.050000 0.000326
12.100000 -0.000305
12.150000 0.000396
12.200000 -0.000243
12.250000 0.000445
12.300000 -0.000211
12.350000 0.000457
12.400000 -0.000220
12.450000 0.000427
12.500000 -0.000268
12.550000 0.000365
12.600000 -0.000338
12.650000 0.000292
12.700000 -0.000407
12.750000 0.000232
12.800000 -0.000453
12.850000 0.000206
12.900000 -0.000458
12.950000 0.000221
13.000000 -0.000423
13.050000 0.000273
13.100000 -0.000357
13.150000 0.000346
13.200000 -0.000283
13.250000 0.000416
13.300000 -0.000224
13.350000 0.000459
13.400000 -0.000200
13.450000 0.000462
13.500000 -0.000219
13.550000 0.000422
13.600000 -0.000276
13.650000 0.000352
13.700000 -0.000353
13.750000 0.000274
13.800000 -0.000425
13.850000 0.000214
13.900000 -0.000467
13.950000 0.000193
14.000000 -0.000466
14.050000 0.000217
14.100000 -0.000420
14.150000 0.000280
14.200000 -0.000345
14.250000 0.000361
14.300000 -0.000265
14.350000 0.000433
14.400000 -0.000206
14.450000 0.000473
14.500000 -0.000188
14.550000 0.000468
14.600000 -0.000216
14.650000 0.000418
14.700000 -0.000282
14.750000 0.000341
14.800000 -0.000365
14.850000 0.000259
14.900000 -0.000438
14.950000 0.000200
15.000000 -0.000478
15.050000 0.000183
15.100000 -0.000471
15.150000 0.000212
15.200000 -0.000420
15.250000 0.000280
15.300000 -0.000340
15.350000 0.000366
15.400000 -0.000255
15.450000 0.000442
15.500000 -0.000193
15.550000 0.000484
15.600000 -0.000174
15.650000 0.000478
15.700000 -0.000205
15.750000 0.000424
15.800000 -0.000277
15.850000 0.000340
15.900000 -0.000367
15.950000 0.000251
16.000000 -0.000447
16.050000 0.000186
16.100000 -0.000490
16.150000 0.000167
16.200000 -0.000483
16.250000 0.000199
16.300000 -0.000428
16.350000 0.000273
16.400000 -0.000341
16.450000 0.000365
16.500000 -0.000250
16.550000 0.000447
16.600000 -0.000183
16.650000 0.000493
16.700000 -0.000161
16.750000 0.000489
16.800000 -0.000191
16.850000 0.000435
16.900000 -0.000264
16.950000 0.000348
17.000000 -0.000358
17.050000 0.000253
17.100000 -0.000445
17.150000 0.000180
17.200000 -0.000498
17.250000 0.000151
17.300000 -0.000498
17.350000 0.000178
17.400000 -0.000446
17.450000 0.000251
17.500000 -0.000356
17.550000 0.000350
17.600000 -0.000256
17.650000 0.000443
17.700000 -0.000176
17.750000 0.000502
17.800000 -0.000142
17.850000 0.000507
17.900000 -0.000165
17.950000 0.000457
18.000000 -0.000238
18.050000 0.000366
18.100000 -0.000339
18.150000 0.000262
18.200000 -0.000437
18.250000 0.000177
18.300000 -0.000502
18.350000 0.000136
18.400000 -0.000515
18.450000 0.000152
18.500000 -0.000471
18.550000 0.000220
18.600000 -0.000382
18.650000 0.000321
18.700000 -0.000276
18.750000 0.000424
18.800000 -0.000182
18.850000 0.000500
18.900000 -0.000130
18.950000 0.000524
19.000000 -0.000135
19.050000 0.000489
19.100000 -0.000197
19.150000 0.000403
19.200000 -0.000299
19.250000 0.000292
19.300000 -0.000410
19.350000 0.000188
19.400000 -0.000497
19.450000 0.000123
19.500000 -0.000533
19.550000 0.000118
19.600000 -0.000506
19.650000 0.000174
19.700000 -0.000424
19.750000 0.000274
19.800000 -0.000311
19.850000 0.000391
19.900000 -0.000199
19.950000 0.000487
20.000000 -0.000123
20.050000 0.000536
20.100000 -0.000104
20.150000 0.000522
20.200000 -0.000149
20.250000 0.000449
20.300000 -0.000244
20.350000 0.000338
20.400000 -0.000362
20.450000 0.000220
20.500000 -0.000470
20.550000 0.000129
20.600000 -0.000536
20.650000 0.000092
20.700000 -0.000540
20.750000 0.000120
20.800000 -0.000480
20.850000 0.000206
20.900000 -0.000371
20.950000 0.000327
21.000000 -0.000245
21.050000 0.000447
21.100000 -0.000138
21.150000 0.000532
21.200000 -0.000081
21.250000 0.000555
21.300000 -0.000092
21.350000 0.000509
21.400000 -0.000168
21.450000 0.000407
21.500000 -0.000288
21.550000 0.000277
21.600000 -0.000417
21.650000 0.000156
21.700000 -0.000518
21.750000 0.000080
21.800000 -0.000562
21.850000 0.000070
21.900000 -0.000536
21.950000 0.000129
22.000000 -0.000447
22.050000 0.000241
22.100000 -0.000319
22.150000 0.000374
22.200000 -0.000188
22.250000 0.000492
22.300000 -0.000089
22.350000 0.000562
22.400000 -0.000052
22.450000 0.000562
22.500000 -0.000087
22.550000 0.000492
22.600000 -0.000186
22.650000 0.000370
22.700000 -0.000322
22.750000 0.000228
22.800000 -0.000457
22.850000 0.000107
22.900000 -0.000553
22.950000 0.000041
23.000000 -0.000582
23.050000 0.000049
23.100000 -0.000535
23.150000 0.000131
23.200000 -0.000423
23.250000 0.000263
23.300000 -0.000278
23.350000 0.000409
23.400000 -0.000139
23.450000 0.000528
23.500000 -0.000045
23.550000 0.000587
23.600000 -0.000023
23.650000 0.000570
23.700000 -0.000077
23.750000 0.000480
23.800000 -0.000195
23.850000 0.000341
23.900000 -0.000343
23.950000 0.000190
24.000000 -0.000484
24.050000 0.000068
24.100000 -0.000577
24.150000 0.000007
24.200000 -0.000598
24.250000 0.000026
24.300000 -0.000539
24.350000 0.000120
24.400000 -0.000414
24.450000 0.000265
24.500000 -0.000256
24.550000 0.000423
24.600000 -0.000107
24.650000 0.000550
24.700000 -0.000008
24.750000 0.000611
24.800000 0.000013
24.850000 0.000588
24.900000 -0.000050
24.950000 0.000486
25.000000 -0.000181
25.050000 0.000332
25.100000 -0.000345
25.150000 0.000167
25.200000 -0.000498
25.250000 0.000034
25.300000 -0.000599
25.350000 -0.000030
25.400000 -0.000620
25.450000 -0.000009
25.500000 -0.000555
25.550000 0.000093
25.600000 -0.000421
25.650000 0.000248
25.700000 -0.000252
25.750000 0.000418
25.800000 -0.000090
25.850000 0.000557
25.900000 0.000021
25.950000 0.000630
26.000000 0.000052
26.050000 0.000615
26.100000 -0.000006
26.150000 0.000514
26.200000 -0.000140
26.250000 0.000353
26.300000 -0.000316
26.350000 0.000171
26.400000 -0.000488
26.450000 0.000017
26.500000 -0.000610
26.550000 -0.000068
26.600000 -0.000650
26.650000 -0.000062
26.700000 -0.000595
26.750000 0.000036
26.800000 -0.000459
26.850000 0.000199
26.900000 -0.000276
26.950000 0.000386
27.000000 -0.000093
27.050000 0.000549
27.100000 0.000042
27.150000 0.000646
27.200000 0.000096
27.250000 0.000651
27.300000 0.000055
27.350000 0.000562
27.400000 -0.000072
27.450000 0.000401
27.500000 -0.000254
27.550000 0.000207
27.600000 -0.000446
27.650000 0.000028
27.700000 -0.000598
27.750000 -0.000091
27.800000 -0.000673
27.850000 -0.000119
27.900000 -0.000649
27.950000 -0.000047
28.000000 -0.000530
28.050000 0.000108
28.100000 -0.000344
28.150000 0.000309
28.200000 -0.000138
28.250000 0.000505
28.300000 0.000038
28.350000 0.000645
28.400000 0.000137
28.450000 0.000694
28.500000 0.000135
28.550000 0.000637
28.600000 0.000030
28.650000 0.000489
28.700000 -0.000150
28.750000 0.000284
28.800000 -0.000362
28.850000 0.000074
28.900000 -0.000554
28.950000 -0.000090
29.000000 -0.000678
29.050000 -0.000169
29.100000 -0.000703
29.150000 -0.000142
29.200000 -0.000623
29.250000 -0.000016
29.300000 -0.000454
29.350000 0.000182
29.400000 -0.000236
29.450000 0.000403
29.500000 -0.000021
29.550000 0.000595
29.600000 0.000139
29.650000 0.000710
29.700000 0.000204
29.750000 0.000718
29.800000 0.000157
29.850000 0.000614
29.900000 0.000006
29.950000 0.000422
30.000000 -0.000212
30.050000 0.000188
30.100000 -0.000445
30.150000 -0.000033
30.200000 -0.000636
30.250000 -0.000186
30.300000 -0.000738
30.350000 -0.000234
30.400000 -0.000726
30.450000 -0.000166
30.500000 -0.000601
30.550000 0.000004
30.600000 -0.000393
30.650000 0.000235
30.700000 -0.000150
30.750000 0.000473
30.800000 0.000072
30.850000 0.000663
30.900000 0.000222
30.950000 0.000759
31.000000 0.000263
31.050000 0.000738
31.100000 0.000184
31.150000 0.000603
31.200000 0.000002
31.250000 0.000381
31.300000 -0.000242
31.350000 0.000124
31.400000 -0.000493
31.450000 -0.000109
31.500000 -0.000691
31.550000 -0.000263
31.600000 -0.000788
31.650000 -0.000300
31.700000 -0.000759
31.750000 -0.000210
31.800000 -0.000610
31.850000 -0.000013
31.900000 -0.000372
31.950000 0.000246
32.000000 -0.000102
32.050000 0.000508
32.100000 0.000139
32.150000 0.000711
32.200000 0.000296
32.250000 0.000809
32.300000 0.000333
32.350000 0.000778
32.400000 0.000240
32.450000 0.000625
32.500000 0.000037
32.550000 0.000381
32.600000 -0.000230
32.650000 0.000102
32.700000 -0.000503
32.750000 -0.000153
32.800000 -0.000721
32.850000 -0.000325
32.900000 -0.000833
32.950000 -0.000375
33.000000 -0.000813
33.050000 -0.000288
33.100000 -0.000660
33.150000 -0.000082
33.200000 -0.000408
33.250000 0.000199
33.300000 -0.000111
33.350000 0.000491
33.400000 0.000164
33.450000 0.000730
33.500000 0.000356
33.550000 0.000859
33.600000 0.000419
33.650000 0.000849
33.700000 0.000340
33.750000 0.000701
33.800000 0.000134
33.850000 0.000446
33.900000 -0.000153
33.950000 0.000139
34.000000 -0.000459
34.050000 -0.000154
34.100000 -0.000718
34.150000 -0.000368
34.200000 -0.000873
34.250000 -0.000458
34.300000 -0.000888
34.350000 -0.000402
34.400000 -0.000760
34.450000 -0.000211
34.500000 -0.000512
34.550000 0.000077
34.600000 -0.000196
34.650000 0.000401
34.700000 0.000123
34.750000 0.000692
34.800000 0.000374
34.850000 0.000885
34.900000 0.000502
34.950000 0.000937
35.000000 0.000478
35.050000 0.000833
35.100000 0.000304
35.150000 0.000594
35.200000 0.000015
35.250000 0.000269
35.300000 -0.000325
35.350000 -0.000073
35.400000 -0.000646
35.450000 -0.000359
35.500000 -0.000878
35.550000 -0.000528
35.600000 -0.000972
35.650000 -0.000545
35.700000 -0.000906
35.750000 -0.000405
35.800000 -0.000694
35.850000 -0.000135
35.900000 -0.000377
35.950000 0.000210
36.000000 -0.000018
36.050000 0.000559
36.100000 0.000308
36.150000 0.000842
36.200000 0.000535
36.250000 0.000997
36.300000 0.000613
36.350000 0.000990
36.400000 0.000524
36.450000 0.000819
36.500000 0.000283
36.550000 0.000516
36.600000 -0.000063
36.650000 0.000141
36.700000 -0.000443
36.750000 -0.000229
36.800000 -0.000779
36.850000 -0.000517
36.900000 -0.000999
36.950000 -0.000662
37.000000 -0.001058
37.050000 -0.000635
37.100000 -0.000941
37.150000 -0.000439
37.200000 -0.000672
37.250000 -0.000113
37.300000 -0.000302
37.350000 0.000279
37.400000 0.000096
37.450000 0.000658
37.500000 0.000442
37.550000 0.000950
37.600000 0.000668
37.650000 0.001095
37.700000 0.000728
37.750000 0.001063
37.800000 0.000608
37.850000 0.000856
37.900000 0.000328
37.950000 0.000511
38.000000 -0.000060
38.050000 0.000095
38.100000 -0.000481
38.150000 -0.000313
38.200000 -0.000851
38.250000 -0.000630
38.300000 -0.001095
38.350000 -0.000792
38.400000 -0.001162
38.450000 -0.000764
38.500000 -0.001036
38.550000 -0.000550
38.600000 -0.000740
38.650000 -0.000190
38.700000 -0.000330
38.750000 0.000246
38.800000 0.000116
38.850000 0.000674
38.900000 0.000510
38.950000 0.001012
39.000000 0.000779
39.050000 0.001195
39.100000 0.000870
39.150000 0.001185
39.200000 0.000763
39.250000 0.000982
39.300000 0.000477
39.350000 0.000622
39.400000 0.000063
39.450000 0.000168
39.500000 -0.000404
39.550000 -0.000294
39.600000 -0.000836
39.650000 -0.000679
39.700000 -0.001149
39.750000 -0.000910
39.800000 -0.001283
39.850000 -0.000942
39.900000 -0.001207
39.950000 -0.000765
40.000000 -0.000932
40.050000 -0.000409
40.100000 -0.000507
40.150000 0.000061
40.200000 -0.000010
40.250000 0.000556
40.300000 0.000465
40.350000 0.000985
40.400000 0.000831
40.450000 0.001266
40.500000 0.001018
40.550000 0.001347
40.600000 0.000993
40.650000 0.001212
40.700000 0.000757
40.750000 0.000882
40.800000 0.000352
40.850000 0.000414
40.900000 -0.000153
40.950000 -0.000109
41.000000 -0.000667
41.050000 -0.000595
41.100000 -0.001098
41.150000 -0.000956
41.200000 -0.001367
41.250000 -0.001124
41.300000 -0.001421
41.350000 -0.001064
41.400000 -0.001245
41.450000 -0.000784
41.500000 -0.000867
41.550000 -0.000329
41.600000 -0.000352
41.650000 0.000219
41.700000 0.000209
41.750000 0.000763
41.800000 0.000716
41.850000 0.001205
41.900000 0.001077
41.950000 0.001465
42.000000 0.001227
42.050000 0.001494
42.100000 0.001138
42.150000 0.001286
42.200000 0.000824
42.250000 0.000875
42.300000 0.000338
42.350000 0.000330
42.400000 -0.000239
42.450000 -0.000258
42.500000 -0.000808
42.550000 -0.000789
42.600000 -0.001272
42.650000 -0.001171
42.700000 -0.001550
42.750000 -0.001335
42.800000 -0.001589
42.850000 -0.001250
42.900000 -0.001376
42.950000 -0.000924
43.000000 -0.000945
43.050000 -0.000409
43.100000 -0.000363
43.150000 0.000210
43.200000 0.000270
43.250000 0.000826
43.300000 0.000848
43.350000 0.001335
43.400000 0.001270
43.450000 0.001648
43.500000 0.001464
43.550000 0.001710
43.600000 0.001395
43.650000 0.001509
43.700000 0.001074
43.750000 0.001076
43.800000 0.000552
43.850000 0.000480
43.900000 -0.000088
43.950000 -0.000183
44.000000 -0.000743
44.050000 -0.000808
44.100000 -0.001309
44.150000 -0.001298
44.200000 -0.001699
44.250000 -0.001577
44.300000 -0.001853
44.350000 -0.001606
44.400000 -0.001753
44.450000 -0.001391
44.500000 -0.001431
44.550000 -0.000985
44.600000 -0.000962
44.650000 -0.000485
44.700000 -0.000456
44.750000 -0.000013
44.800000 -0.000046
44.850000 0.000298
44.900000 0.000140
44.950000 0.000329
