-30.000000 -0.000258
-29.950000 -0.000314
-29.900000 -0.000611
-29.850000 -0.000693
-29.800000 -0.000992
-29.750000 -0.001058
-29.700000 -0.001314
-29.650000 -0.001322
-29.600000 -0.001497
-29.550000 -0.001413
-29.500000 -0.001482
-29.450000 -0.001293
-29.400000 -0.001252
-29.350000 -0.000963
-29.300000 -0.000829
-29.250000 -0.000467
-29.200000 -0.000275
-29.150000 0.000117
-29.100000 0.000319
-29.050000 0.000692
-29.000000 0.000852
-28.950000 0.001155
-28.900000 0.001230
-28.850000 0.001424
-28.800000 0.001383
-28.750000 0.001449
-28.700000 0.001282
-28.650000 0.001222
-28.600000 0.000942
-28.550000 0.000780
-28.500000 0.000422
-28.450000 0.000199
-28.400000 -0.000189
-28.350000 -0.000420
-28.300000 -0.000785
-28.250000 -0.000971
-28.200000 -0.001262
-28.150000 -0.001357
-28.100000 -0.001535
-28.050000 -0.001509
-28.000000 -0.001552
-27.950000 -0.001395
-27.900000 -0.001306
-27.850000 -0.001030
-27.800000 -0.000833
-27.750000 -0.000473
-27.700000 -0.000210
-27.650000 0.000184
-27.600000 0.000457
-27.550000 0.000828
-27.500000 0.001055
-27.450000 0.001348
-27.400000 0.001479
-27.350000 0.001653
-27.300000 0.001655
-27.250000 0.001687
-27.200000 0.001549
-27.150000 0.001440
-27.100000 0.001175
-27.050000 0.000950
-27.000000 0.000593
-26.950000 0.000295
-26.900000 -0.000103
-26.850000 -0.000418
-26.800000 -0.000800
-26.750000 -0.001074
-26.700000 -0.001382
-26.650000 -0.001563
-26.600000 -0.001752
-26.550000 -0.001802
-26.500000 -0.001844
-26.450000 -0.001747
-26.400000 -0.001637
-26.350000 -0.001400
-26.300000 -0.001159
-26.250000 -0.000813
-26.200000 -0.000482
-26.150000 -0.000078
-26.100000 0.000286
-26.050000 0.000687
-26.000000 0.001022
-25.950000 0.001358
-25.900000 0.001605
-25.850000 0.001825
-25.800000 0.001941
-25.750000 0.002010
-25.700000 0.001971
-25.650000 0.001879
-25.600000 0.001687
-25.550000 0.001448
-25.500000 0.001130
-25.450000 0.000781
-25.400000 0.000382
-25.350000 -0.000023
-25.300000 -0.000442
-25.250000 -0.000842
-25.200000 -0.001217
-25.150000 -0.001547
-25.100000 -0.001819
-25.050000 -0.002027
-25.000000 -0.002152
-24.950000 -0.002202
-24.900000 -0.002158
-24.850000 -0.002040
-24.800000 -0.001828
-24.750000 -0.001559
-24.700000 -0.001208
-24.650000 -0.000828
-24.600000 -0.000388
-24.550000 0.000045
-24.500000 0.000509
-24.450000 0.000927
-24.400000 0.001347
-24.350000 0.001685
-24.300000 0.002001
-24.250000 0.002204
-24.200000 0.002368
-24.150000 0.002401
-24.100000 0.002392
-24.050000 0.002244
-24.000000 0.002062
-23.950000 0.001747
-23.900000 0.001421
-23.850000 0.000979
-23.800000 0.000556
-23.750000 0.000045
-23.700000 -0.000408
-23.650000 -0.000920
-23.600000 -0.001333
-23.550000 -0.001775
-23.500000 -0.002081
-23.450000 -0.002392
-23.400000 -0.002539
-23.350000 -0.002677
-23.300000 -0.002635
-23.250000 -0.002582
-23.200000 -0.002347
-23.150000 -0.002116
-23.100000 -0.001713
-23.050000 -0.001339
-23.000000 -0.000816
-22.950000 -0.000359
-22.900000 0.000218
-22.850000 0.000689
-22.800000 0.001247
-22.750000 0.001659
-22.700000 0.002128
-22.650000 0.002414
-22.600000 0.002734
-22.550000 0.002845
-22.500000 0.002978
-22.450000 0.002886
-22.400000 0.002817
-22.350000 0.002522
-22.300000 0.002265
-22.250000 0.001795
-22.200000 0.001391
-22.150000 0.000798
-22.100000 0.000309
-22.050000 -0.000337
-22.000000 -0.000835
-21.950000 -0.001456
-21.900000 -0.001886
-21.850000 -0.002406
-21.800000 -0.002699
-21.750000 -0.003056
-21.700000 -0.003159
-21.650000 -0.003314
-21.600000 -0.003200
-21.550000 -0.003140
-21.500000 -0.002810
-21.450000 -0.002550
-21.400000 -0.002033
-21.350000 -0.001615
-21.300000 -0.000965
-21.250000 -0.000451
-21.200000 0.000261
-21.150000 0.000794
-21.100000 0.001489
-21.050000 0.001960
-21.000000 0.002559
-20.950000 0.002893
-20.900000 0.003328
-20.850000 0.003467
-20.800000 0.003691
-20.750000 0.003600
-20.700000 0.003592
-20.650000 0.003266
-20.600000 0.003036
-20.550000 0.002499
-20.500000 0.002086
-20.450000 0.001391
-20.400000 0.000858
-20.350000 0.000077
-20.300000 -0.000499
-20.250000 -0.001284
-20.200000 -0.001817
-20.150000 -0.002522
-20.100000 -0.002932
-20.050000 -0.003484
-20.000000 -0.003704
-19.950000 -0.004045
-19.900000 -0.004031
-19.850000 -0.004129
-19.800000 -0.003864
-19.750000 -0.003717
-19.700000 -0.003212
-19.650000 -0.002848
-19.600000 -0.002145
-19.550000 -0.001617
-19.500000 -0.000782
-19.450000 -0.000168
-19.400000 0.000715
-19.350000 0.001329
-19.300000 0.002169
-19.250000 0.002693
-19.200000 0.003406
-19.150000 0.003760
-19.100000 0.004275
-19.050000 0.004399
-19.000000 0.004669
-18.950000 0.004529
-18.900000 0.004534
-18.850000 0.004127
-18.800000 0.003877
-18.750000 0.003229
-18.700000 0.002765
-18.650000 0.001929
-18.600000 0.001316
-18.550000 0.000366
-18.500000 -0.000313
-18.450000 -0.001288
-18.400000 -0.001940
-18.350000 -0.002846
-18.300000 -0.003381
-18.250000 -0.004130
-18.200000 -0.004466
-18.150000 -0.004989
-18.100000 -0.005067
-18.050000 -0.005316
-18.000000 -0.005105
-17.950000 -0.005066
-17.900000 -0.004567
-17.850000 -0.004257
-17.800000 -0.003504
-17.750000 -0.002970
-17.700000 -0.002022
-17.650000 -0.001337
-17.600000 -0.000277
-17.550000 0.000471
-17.500000 0.001550
-17.450000 0.002263
-17.400000 0.003265
-17.350000 0.003850
-17.300000 0.004684
-17.250000 0.005058
-17.200000 0.005651
-17.150000 0.005753
-17.100000 0.006056
-17.050000 0.005850
-17.000000 0.005842
-16.950000 0.005324
-16.900000 0.005019
-16.850000 0.004218
-16.800000 0.003661
-16.750000 0.002636
-16.700000 0.001898
-16.650000 0.000733
-16.600000 -0.000094
-16.550000 -0.001302
-16.500000 -0.002116
-16.450000 -0.003263
-16.400000 -0.003963
-16.350000 -0.004954
-16.300000 -0.005449
-16.250000 -0.006199
-16.200000 -0.006418
-16.150000 -0.006870
-16.100000 -0.006766
-16.050000 -0.006887
-16.000000 -0.006444
-15.950000 -0.006235
-15.900000 -0.005471
-15.850000 -0.004964
-15.800000 -0.003925
-15.750000 -0.003183
-15.700000 -0.001946
-15.650000 -0.001056
-15.600000 0.000283
-15.550000 0.001220
-15.500000 0.002554
-15.450000 0.003427
-15.400000 0.004648
-15.350000 0.005354
-15.300000 0.006366
-15.250000 0.006817
-15.200000 0.007541
-15.150000 0.007670
-15.100000 0.008055
-15.050000 0.007826
-15.000000 0.007850
-14.950000 0.007258
-14.900000 0.006932
-14.850000 0.006004
-14.800000 0.005369
-14.750000 0.004160
-14.700000 0.003286
-14.650000 0.001879
-14.600000 0.000859
-14.550000 -0.000646
-14.500000 -0.001704
-14.450000 -0.003195
-14.400000 -0.004177
-14.350000 -0.005541
-14.300000 -0.006339
-14.250000 -0.007472
-14.200000 -0.007991
-14.150000 -0.008810
-14.100000 -0.008979
-14.050000 -0.009428
-14.000000 -0.009208
-13.950000 -0.009262
-13.900000 -0.008643
-13.850000 -0.008312
-13.800000 -0.007320
-13.750000 -0.006644
-13.700000 -0.005335
-13.650000 -0.004383
-13.600000 -0.002839
-13.550000 -0.001705
-13.500000 -0.000028
-13.450000 0.001180
-13.400000 0.002876
-13.350000 0.004041
-13.300000 0.005639
-13.250000 0.006643
-13.200000 0.008032
-13.150000 0.008772
-13.100000 0.009854
-13.050000 0.010246
-13.000000 0.010950
-12.950000 0.010935
-12.900000 0.011218
-12.850000 0.010770
-12.800000 0.010624
-12.750000 0.009750
-12.700000 0.009197
-12.650000 0.007937
-12.600000 0.007033
-12.550000 0.005456
-12.500000 0.004281
-12.450000 0.002477
-12.400000 0.001134
-12.350000 -0.000786
-12.300000 -0.002183
-12.250000 -0.004099
-12.200000 -0.005428
-12.150000 -0.007218
-12.100000 -0.008358
-12.050000 -0.009906
-12.000000 -0.010748
-11.950000 -0.011955
-11.900000 -0.012411
-11.850000 -0.013201
-11.800000 -0.013210
-11.750000 -0.013537
-11.700000 -0.013069
-11.650000 -0.012922
-11.600000 -0.011983
-11.550000 -0.011384
-11.500000 -0.010012
-11.450000 -0.009014
-11.400000 -0.007277
-11.350000 -0.005961
-11.300000 -0.003952
-11.250000 -0.002419
-11.200000 -0.000248
-11.150000 0.001382
-11.100000 0.003593
-11.050000 0.005197
-11.000000 0.007320
-10.950000 0.008772
-10.900000 0.010686
-10.850000 0.011868
-10.800000 0.013462
-10.750000 0.014271
-10.700000 0.015454
-10.650000 0.015813
-10.600000 0.016520
-10.550000 0.016377
-10.500000 0.016573
-10.450000 0.015911
-10.400000 0.015593
-10.350000 0.014425
-10.300000 0.013622
-10.250000 0.011990
-10.200000 0.010760
-10.150000 0.008736
-10.100000 0.007160
-10.050000 0.004837
-10.000000 0.003020
-9.950000 0.000511
-9.900000 -0.001428
-9.850000 -0.003998
-9.800000 -0.005930
-9.750000 -0.008430
-9.700000 -0.010223
-9.650000 -0.012524
-9.600000 -0.014051
-9.550000 -0.016030
-9.500000 -0.017179
-9.450000 -0.018734
-9.400000 -0.019412
-9.350000 -0.020463
-9.300000 -0.020606
-9.250000 -0.021102
-9.200000 -0.020674
-9.150000 -0.020596
-9.100000 -0.019593
-9.050000 -0.018953
-9.000000 -0.017401
-8.950000 -0.016239
-8.900000 -0.014193
-8.850000 -0.012578
-8.800000 -0.010118
-8.750000 -0.008140
-8.700000 -0.005369
-8.650000 -0.003139
-8.600000 -0.000174
-8.550000 0.002182
-8.500000 0.005210
-8.450000 0.007560
-8.400000 0.010518
-8.350000 0.012729
-8.300000 0.015486
-8.250000 0.017431
-8.200000 0.019866
-8.150000 0.021432
-8.100000 0.023443
-8.050000 0.024535
-8.000000 0.026036
-7.950000 0.026583
-7.900000 0.027513
-7.850000 0.027466
-7.800000 0.027788
-7.750000 0.027121
-7.700000 0.026823
-7.650000 0.025536
-7.600000 0.024632
-7.550000 0.022751
-7.500000 0.021278
-7.450000 0.018855
-7.400000 0.016875
-7.350000 0.013984
-7.300000 0.011585
-7.250000 0.008322
-7.200000 0.005608
-7.150000 0.002086
-7.100000 -0.000822
-7.050000 -0.004477
-7.000000 -0.007452
-6.950000 -0.011110
-6.900000 -0.014018
-6.850000 -0.017548
-6.800000 -0.020261
-6.750000 -0.023535
-6.700000 -0.025931
-6.650000 -0.028831
-6.600000 -0.030796
-6.550000 -0.033217
-6.500000 -0.034652
-6.450000 -0.036503
-6.400000 -0.037328
-6.350000 -0.038540
-6.300000 -0.038696
-6.250000 -0.039222
-6.200000 -0.038676
-6.150000 -0.038495
-6.100000 -0.037240
-6.050000 -0.036359
-6.000000 -0.034416
-5.950000 -0.032867
-5.900000 -0.030279
-5.850000 -0.028119
-5.800000 -0.024953
-5.750000 -0.022256
-5.700000 -0.018594
-5.650000 -0.015449
-5.600000 -0.011387
-5.550000 -0.007896
-5.500000 -0.003539
-5.450000 0.000188
-5.400000 0.004728
-5.350000 0.008578
-5.300000 0.013183
-5.250000 0.017039
-5.200000 0.021593
-5.150000 0.025338
-5.100000 0.029729
-5.050000 0.033253
-5.000000 0.037373
-4.950000 0.040575
-4.900000 0.044329
-4.850000 0.047119
-4.800000 0.050422
-4.750000 0.052725
-4.700000 0.055508
-4.650000 0.057258
-4.600000 0.059465
-4.550000 0.060612
-4.500000 0.062196
-4.450000 0.062699
-4.400000 0.063626
-4.350000 0.063456
-4.300000 0.063701
-4.250000 0.062841
-4.200000 0.062392
-4.150000 0.060834
-4.100000 0.059691
-4.050000 0.057441
-4.000000 0.055615
-3.950000 0.052691
-3.900000 0.050205
-3.850000 0.046634
-3.800000 0.043521
-3.750000 0.039341
-3.700000 0.035640
-3.650000 0.030894
-3.600000 0.026653
-3.550000 0.021389
-3.500000 0.016659
-3.450000 0.010932
-3.400000 0.005770
-3.350000 -0.000359
-3.300000 -0.005890
-3.250000 -0.012355
-3.200000 -0.018184
-3.150000 -0.024912
-3.100000 -0.030963
-3.050000 -0.037874
-3.000000 -0.044067
-2.950000 -0.051081
-2.900000 -0.057332
-2.850000 -0.064365
-2.800000 -0.070592
-2.750000 -0.077562
-2.700000 -0.083685
-2.650000 -0.090512
-2.600000 -0.096452
-2.550000 -0.103059
-2.500000 -0.108742
-2.450000 -0.115056
-2.400000 -0.120407
-2.350000 -0.126357
-2.300000 -0.131308
-2.250000 -0.136827
-2.200000 -0.141315
-2.150000 -0.146342
-2.100000 -0.150310
-2.050000 -0.154795
-2.000000 -0.158197
-1.950000 -0.162099
-1.900000 -0.164902
-1.850000 -0.168194
-1.800000 -0.170377
-1.750000 -0.173044
-1.700000 -0.174598
-1.650000 -0.176636
-1.600000 -0.177561
-1.550000 -0.178976
-1.500000 -0.179282
-1.450000 -0.180088
-1.400000 -0.179793
-1.350000 -0.180012
-1.300000 -0.179143
-1.250000 -0.178806
-1.200000 -0.177399
-1.150000 -0.176545
-1.100000 -0.174643
-1.050000 -0.173322
-1.000000 -0.170979
-0.950000 -0.169245
-0.900000 -0.166519
-0.850000 -0.164434
-0.800000 -0.161385
-0.750000 -0.159010
-0.700000 -0.155701
-0.650000 -0.153097
-0.600000 -0.149590
-0.550000 -0.146818
-0.500000 -0.143171
-0.450000 -0.140291
-0.400000 -0.136564
-0.350000 -0.133635
-0.300000 -0.129888
-0.250000 -0.126971
-0.200000 -0.123268
-0.150000 -0.120427
-0.100000 -0.116831
-0.050000 -0.114132
0.000000 -0.110710
0.050000 -0.108221
0.100000 -0.105042
0.150000 -0.102832
0.200000 -0.099969
0.250000 -0.098112
0.300000 -0.095639
0.350000 -0.094216
0.400000 -0.092222
0.450000 -0.091327
0.500000 -0.089912
0.550000 -0.089657
0.600000 -0.088947
0.650000 -0.089470
0.700000 -0.089618
0.750000 -0.091088
0.800000 -0.092283
0.850000 -0.094913
0.900000 -0.097388
0.950000 -0.101436
1.000000 -0.105480
1.050000 -0.111264
1.100000 -0.117232
1.150000 -0.125148
1.200000 -0.133476
1.250000 -0.144010
1.300000 -0.155240
1.350000 -0.168992
1.400000 -0.183786
1.450000 -0.201487
1.500000 -0.220653
1.550000 -0.243187
1.600000 -0.267689
1.650000 -0.296106
1.700000 -0.327077
1.750000 -0.362590
1.800000 -0.401321
1.850000 -0.445290
1.900000 -0.493196
1.950000 -0.547077
2.000000 -0.605629
2.050000 -0.670873
2.100000 -0.741464
2.150000 -0.819354
2.200000 -0.903090
2.250000 -0.994481
2.300000 -1.091879
2.350000 -1.196847
2.400000 -1.307431
2.450000 -1.424831
2.500000 -1.546667
2.550000 -1.673661
2.600000 -1.802910
2.650000 -1.934585
2.700000 -2.065223
2.750000 -2.194464
2.800000 -2.318369
2.850000 -2.436203
2.900000 -2.543787
2.950000 -2.640322
3.000000 -2.721769
3.050000 -2.787692
3.100000 -2.834641
3.150000 -2.862976
3.200000 -2.870218
3.250000 -2.857825
3.300000 -2.824472
3.350000 -2.772767
3.400000 -2.702455
3.450000 -2.617080
3.500000 -2.517135
3.550000 -2.406699
3.600000 -2.286576
3.650000 -2.160934
3.700000 -2.030471
3.750000 -1.899081
3.800000 -1.767060
3.850000 -1.637814
3.900000 -1.511097
3.950000 -1.389757
4.000000 -1.273004
4.050000 -1.163172
4.100000 -1.059005
4.150000 -0.962424
4.200000 -0.871822
4.250000 -0.788829
4.300000 -0.711600
4.350000 -0.641582
4.400000 -0.576794
4.450000 -0.518585
4.500000 -0.464910
4.550000 -0.417082
4.600000 -0.373044
4.650000 -0.334114
4.700000 -0.298253
4.750000 -0.266806
4.800000 -0.237770
4.850000 -0.212527
4.900000 -0.189116
4.950000 -0.168962
5.000000 -0.150146
5.050000 -0.134133
5.100000 -0.119042
5.150000 -0.106375
5.200000 -0.094286
5.250000 -0.084308
5.300000 -0.074625
5.350000 -0.066797
5.400000 -0.059034
5.450000 -0.052917
5.500000 -0.046678
5.550000 -0.041918
5.600000 -0.036888
5.650000 -0.033203
5.700000 -0.029130
5.750000 -0.026297
5.800000 -0.022984
5.850000 -0.020829
5.900000 -0.018121
5.950000 -0.016505
6.000000 -0.014280
6.050000 -0.013095
6.100000 -0.011253
6.150000 -0.010410
6.200000 -0.008872
6.250000 -0.008298
6.300000 -0.006998
6.350000 -0.006632
6.400000 -0.005515
6.450000 -0.005310
6.500000 -0.004335
6.550000 -0.004254
6.600000 -0.003389
6.650000 -0.003406
6.700000 -0.002631
6.750000 -0.002728
6.800000 -0.002026
6.850000 -0.002191
6.900000 -0.001552
6.950000 -0.001774
7.000000 -0.001187
7.050000 -0.001455
7.100000 -0.000910
7.150000 -0.001213
7.200000 -0.000699
7.250000 -0.001026
7.300000 -0.000531
7.350000 -0.000872
7.400000 -0.000389
7.450000 -0.000740
7.500000 -0.000265
7.550000 -0.000622
7.600000 -0.000155
7.650000 -0.000520
7.700000 -0.000063
7.750000 -0.000438
7.800000 0.000006
7.850000 -0.000381
7.900000 0.000050
7.950000 -0.000349
8.000000 0.000072
8.050000 -0.000335
8.100000 0.000080
8.150000 -0.000328
8.200000 0.000086
8.250000 -0.000319
8.300000 0.000099
8.350000 -0.000301
8.400000 0.000122
8.450000 -0.000273
8.500000 0.000153
8.550000 -0.000240
8.600000 0.000183
8.650000 -0.000213
8.700000 0.000204
8.750000 -0.000200
8.800000 0.000209
8.850000 -0.000201
8.900000 0.000199
8.950000 -0.000216
9.000000 0.000181
9.050000 -0.000234
9.100000 0.000165
9.150000 -0.000246
9.200000 0.000158
9.250000 -0.000244
9.300000 0.000167
9.350000 -0.000228
9.400000 0.000187
9.450000 -0.000204
9.500000 0.000211
9.550000 -0.000182
9.600000 0.000228
9.650000 -0.000170
9.700000 0.000231
9.750000 -0.000175
9.800000 0.000219
9.850000 -0.000192
9.900000 0.000197
9.950000 -0.000215
10.000000 0.000174
10.050000 -0.000232
10.100000 0.000162
10.150000 -0.000236
10.200000 0.000166
10.250000 -0.000224
10.300000 0.000183
10.350000 -0.000202
10.400000 0.000208
10.450000 -0.000177
10.500000 0.000228
10.550000 -0.000162
10.600000 0.000234
10.650000 -0.000163
10.700000 0.000225
10.750000 -0.000179
10.800000 0.000202
10.850000 -0.000204
10.900000 0.000177
10.950000 -0.000225
11.000000 0.000159
11.050000 -0.000235
11.100000 0.000157
11.150000 -0.000227
11.200000 0.000172
11.250000 -0.000205
11.300000 0.000197
11.350000 -0.000179
11.400000 0.000221
11.450000 -0.000158
11.500000 0.000233
11.550000 -0.000153
11.600000 0.000229
11.650000 -0.000166
11.700000 0.000208
11.750000 -0.000190
11.800000 0.000181
11.850000 -0.000216
11.900000 0.000158
11.950000 -0.000232
12.000000 0.000149
12.050000 -0.000230
12.100000 0.000158
12.150000 -0.000212
12.200000 0.000182
12.250000 -0.000184
12.300000 0.000209
12.350000 -0.000158
12.400000 0.000229
12.450000 -0.000145
12.500000 0.000232
12.550000 -0.000151
12.600000 0.000216
12.650000 -0.000173
12.700000 0.000188
12.750000 -0.000202
12.800000 0.000159
12.850000 -0.000225
12.900000 0.000143
12.950000 -0.000232
13.000000 0.000144
13.050000 -0.000220
13.100000 0.000164
13.150000 -0.000193
13.200000 0.000193
13.250000 -0.000162
13.300000 0.000219
13.350000 -0.000141
13.400000 0.000231
13.450000 -0.000138
13.500000 0.000223
13.550000 -0.000153
13.600000 0.000199
13.650000 -0.000182
13.700000 0.000167
13.750000 -0.000212
13.800000 0.000141
13.850000 -0.000229
13.900000 0.000132
13.950000 -0.000227
14.000000 0.000143
14.050000 -0.000205
14.100000 0.000171
14.150000 -0.000173
14.200000 0.000202
14.250000 -0.000143
14.300000 0.000225
14.350000 -0.000128
14.400000 0.000229
14.450000 -0.000133
14.500000 0.000211
14.550000 -0.000158
14.600000 0.000180
14.650000 -0.000191
14.700000 0.000147
14.750000 -0.000218
14.800000 0.000125
14.850000 -0.000229
14.900000 0.000125
14.950000 -0.000218
15.000000 0.000145
15.050000 -0.000188
15.100000 0.000177
15.150000 -0.000153
15.200000 0.000209
15.250000 -0.000125
15.300000 0.000227
15.350000 -0.000117
15.400000 0.000223
15.450000 -0.000131
15.500000 0.000198
15.550000 -0.000162
15.600000 0.000161
15.650000 -0.000198
15.700000 0.000128
15.750000 -0.000222
15.800000 0.000112
15.850000 -0.000226
15.900000 0.000119
15.950000 -0.000207
16.000000 0.000146
16.050000 -0.000172
16.100000 0.000183
16.150000 -0.000134
16.200000 0.000214
16.250000 -0.000110
16.300000 0.000226
16.350000 -0.000108
16.400000 0.000215
16.450000 -0.000129
16.500000 0.000184
16.550000 -0.000165
16.600000 0.000144
16.650000 -0.000202
16.700000 0.000112
16.750000 -0.000224
16.800000 0.000100
16.850000 -0.000222
16.900000 0.000113
16.950000 -0.000196
17.000000 0.000146
17.050000 -0.000156
17.100000 0.000186
17.150000 -0.000118
17.200000 0.000216
17.250000 -0.000096
17.300000 0.000225
17.350000 -0.000099
17.400000 0.000208
17.450000 -0.000126
17.500000 0.000171
17.550000 -0.000166
17.600000 0.000128
17.650000 -0.000203
17.700000 0.000097
17.750000 -0.000223
17.800000 0.000088
17.850000 -0.000217
17.900000 0.000106
17.950000 -0.000186
18.000000 0.000143
18.050000 -0.000143
18.100000 0.000185
18.150000 -0.000103
18.200000 0.000216
18.250000 -0.000082
18.300000 0.000223
18.350000 -0.000088
18.400000 0.000202
18.450000 -0.000119
18.500000 0.000161
18.550000 -0.000163
18.600000 0.000115
18.650000 -0.000203
18.700000 0.000082
18.750000 -0.000222
18.800000 0.000075
18.850000 -0.000214
18.900000 0.000095
18.950000 -0.000180
19.000000 0.000137
19.050000 -0.000132
19.100000 0.000182
19.150000 -0.000090
19.200000 0.000215
19.250000 -0.000068
19.300000 0.000221
19.350000 -0.000075
19.400000 0.000198
19.450000 -0.000108
19.500000 0.000154
19.550000 -0.000156
19.600000 0.000105
19.650000 -0.000199
19.700000 0.000069
19.750000 -0.000221
19.800000 0.000060
19.850000 -0.000213
19.900000 0.000081
19.950000 -0.000177
20.000000 0.000125
20.050000 -0.000126
20.100000 0.000175
20.150000 -0.000079
20.200000 0.000211
20.250000 -0.000053
20.300000 0.000220
20.350000 -0.000058
20.400000 0.000198
20.450000 -0.000092
20.500000 0.000152
20.550000 -0.000143
20.600000 0.000098
20.650000 -0.000191
20.700000 0.000057
20.750000 -0.000218
20.800000 0.000043
20.850000 -0.000214
20.900000 0.000062
20.950000 -0.000179
21.000000 0.000107
21.050000 -0.000125
21.100000 0.000161
21.150000 -0.000072
21.200000 0.000204
21.250000 -0.000039
21.300000 0.000220
21.350000 -0.000038
21.400000 0.000202
21.450000 -0.000070
21.500000 0.000156
21.550000 -0.000123
21.600000 0.000097
21.650000 -0.000178
21.700000 0.000048
21.750000 -0.000214
21.800000 0.000026
21.850000 -0.000217
21.900000 0.000039
21.950000 -0.000185
22.000000 0.000082
22.050000 -0.000130
22.100000 0.000140
22.150000 -0.000071
22.200000 0.000192
22.250000 -0.000028
22.300000 0.000218
22.350000 -0.000017
22.400000 0.000209
22.450000 -0.000042
22.500000 0.000166
22.550000 -0.000095
22.600000 0.000105
22.650000 -0.000156
22.700000 0.000046
22.750000 -0.000203
22.800000 0.000011
22.850000 -0.000219
22.900000 0.000012
22.950000 -0.000198
23.000000 0.000049
23.050000 -0.000145
23.100000 0.000109
23.150000 -0.000079
23.200000 0.000171
23.250000 -0.000023
23.300000 0.000212
23.350000 0.000003
23.400000 0.000217
23.450000 -0.000010
23.500000 0.000183
23.550000 -0.000058
23.600000 0.000122
23.650000 -0.000123
23.700000 0.000054
23.750000 -0.000183
23.800000 0.000003
23.850000 -0.000217
23.900000 -0.000014
23.950000 -0.000211
24.000000 0.000010
24.050000 -0.000167
24.100000 0.000066
24.150000 -0.000099
24.200000 0.000136
24.250000 -0.000031
24.300000 0.000194
24.350000 0.000016
24.400000 0.000220
24.450000 0.000023
24.500000 0.000204
24.550000 -0.000012
24.600000 0.000150
24.650000 -0.000076
24.700000 0.000077
24.750000 -0.000148
24.800000 0.000008
24.850000 -0.000203
24.900000 -0.000032
24.950000 -0.000220
25.000000 -0.000030
25.050000 -0.000194
25.100000 0.000014
25.150000 -0.000133
25.200000 0.000085
25.250000 -0.000055
25.300000 0.000158
25.350000 0.000012
25.400000 0.000209
25.450000 0.000046
25.500000 0.000220
25.550000 0.000036
25.600000 0.000185
25.650000 -0.000016
25.700000 0.000116
25.750000 -0.000092
25.800000 0.000035
25.850000 -0.000167
25.900000 -0.000031
25.950000 -0.000215
26.000000 -0.000060
26.050000 -0.000219
26.100000 -0.000042
26.150000 -0.000176
26.200000 0.000017
26.250000 -0.000100
26.300000 0.000099
26.350000 -0.000016
26.400000 0.000174
26.450000 0.000049
26.500000 0.000219
26.550000 0.000073
26.600000 0.000216
26.650000 0.000048
26.700000 0.000167
26.750000 -0.000017
26.800000 0.000086
26.850000 -0.000102
26.900000 -0.000000
26.950000 -0.000179
27.000000 -0.000065
27.050000 -0.000222
27.100000 -0.000086
27.150000 -0.000216
27.200000 -0.000057
27.250000 -0.000161
27.300000 0.000015
27.350000 -0.000074
27.400000 0.000105
27.450000 0.000016
27.500000 0.000184
27.550000 0.000081
27.600000 0.000226
27.650000 0.000100
27.700000 0.000215
27.750000 0.000066
27.800000 0.000155
27.850000 -0.000011
27.900000 0.000064
27.950000 -0.000105
28.000000 -0.000029
28.050000 -0.000186
28.100000 -0.000096
28.150000 -0.000228
28.200000 -0.000114
28.250000 -0.000216
28.300000 -0.000077
28.350000 -0.000154
28.400000 0.000003
28.450000 -0.000058
28.500000 0.000102
28.550000 0.000040
28.600000 0.000187
28.650000 0.000110
28.700000 0.000232
28.750000 0.000129
28.800000 0.000220
28.850000 0.000091
28.900000 0.000154
28.950000 0.000007
29.000000 0.000055
29.050000 -0.000096
29.100000 -0.000048
29.150000 -0.000186
29.200000 -0.000123
29.250000 -0.000234
29.300000 -0.000145
29.350000 -0.000224
29.400000 -0.000108
29.450000 -0.000158
29.500000 -0.000022
29.550000 -0.000056
29.600000 0.000085
29.650000 0.000052
29.700000 0.000182
29.750000 0.000133
29.800000 0.000236
29.850000 0.000162
29.900000 0.000231
29.950000 0.000128
30.000000 0.000167
30.050000 0.000042
30.100000 0.000062
30.150000 -0.000071
30.200000 -0.000053
30.250000 -0.000175
30.300000 -0.000143
30.350000 -0.000238
30.400000 -0.000179
30.450000 -0.000240
30.500000 -0.000150
30.550000 -0.000179
30.600000 -0.000065
30.650000 -0.000072
30.700000 0.000051
30.750000 0.000049
30.800000 0.000163
30.850000 0.000148
30.900000 0.000237
30.950000 0.000195
31.000000 0.000249
31.050000 0.000175
31.100000 0.000195
31.150000 0.000095
31.200000 0.000089
31.250000 -0.000024
31.300000 -0.000037
31.350000 -0.000145
31.400000 -0.000148
31.450000 -0.000233
31.500000 -0.000210
31.550000 -0.000259
31.600000 -0.000203
31.650000 -0.000215
31.700000 -0.000129
31.750000 -0.000112
31.800000 -0.000009
31.850000 0.000020
31.900000 0.000121
31.950000 0.000143
32.000000 0.000223
32.050000 0.000220
32.100000 0.000266
32.150000 0.000230
32.200000 0.000236
32.250000 0.000167
32.300000 0.000141
32.350000 0.000050
32.400000 0.000007
32.450000 -0.000087
32.500000 -0.000128
32.550000 -0.000205
32.600000 -0.000225
32.650000 -0.000269
32.700000 -0.000255
32.750000 -0.000259
32.800000 -0.000209
32.850000 -0.000177
32.900000 -0.000100
32.950000 -0.000043
33.000000 0.000043
33.050000 0.000103
33.100000 0.000178
33.150000 0.000221
33.200000 0.000266
33.250000 0.000276
33.300000 0.000280
33.350000 0.000252
33.400000 0.000215
33.450000 0.000155
33.500000 0.000088
33.550000 0.000011
33.600000 -0.000066
33.650000 -0.000138
33.700000 -0.000204
33.750000 -0.000250
33.800000 -0.000287
33.850000 -0.000294
33.900000 -0.000291
33.950000 -0.000254
34.000000 -0.000215
34.050000 -0.000142
34.100000 -0.000078
34.150000 0.000014
34.200000 0.000082
34.250000 0.000171
34.300000 0.000221
34.350000 0.000286
34.400000 0.000298
34.450000 0.000325
34.500000 0.000291
34.550000 0.000276
34.600000 0.000200
34.650000 0.000153
34.700000 0.000049
34.750000 -0.000011
34.800000 -0.000122
34.850000 -0.000172
34.900000 -0.000266
34.950000 -0.000285
35.000000 -0.000343
35.050000 -0.000317
35.100000 -0.000332
35.150000 -0.000259
35.200000 -0.000235
35.250000 -0.000125
35.300000 -0.000077
35.350000 0.000051
35.400000 0.000100
35.450000 0.000221
35.500000 0.000248
35.550000 0.000341
35.600000 0.000326
35.650000 0.000376
35.700000 0.000312
35.750000 0.000317
35.800000 0.000207
35.850000 0.000177
35.900000 0.000037
35.950000 -0.000007
36.000000 -0.000152
36.050000 -0.000185
36.100000 -0.000311
36.150000 -0.000310
36.200000 -0.000398
36.250000 -0.000347
36.300000 -0.000387
36.350000 -0.000285
36.400000 -0.000282
36.450000 -0.000139
36.500000 -0.000108
36.550000 0.000055
36.600000 0.000089
36.650000 0.000247
36.700000 0.000258
36.750000 0.000386
36.800000 0.000354
36.850000 0.000436
36.900000 0.000350
36.950000 0.000382
37.000000 0.000245
37.050000 0.000237
37.100000 0.000065
37.150000 0.000037
37.200000 -0.000146
37.250000 -0.000167
37.300000 -0.000333
37.350000 -0.000321
37.400000 -0.000448
37.450000 -0.000385
37.500000 -0.000460
37.550000 -0.000340
37.600000 -0.000365
37.650000 -0.000195
37.700000 -0.000185
37.750000 0.000013
37.800000 0.000034
37.850000 0.000233
37.900000 0.000236
37.950000 0.000409
38.000000 0.000371
38.050000 0.000497
38.100000 0.000403
38.150000 0.000474
38.200000 0.000321
38.250000 0.000343
38.300000 0.000144
38.350000 0.000135
38.400000 -0.000085
38.450000 -0.000098
38.500000 -0.000311
38.550000 -0.000298
38.600000 -0.000477
38.650000 -0.000414
38.700000 -0.000540
38.750000 -0.000416
38.800000 -0.000484
38.850000 -0.000300
38.900000 -0.000320
38.950000 -0.000094
39.000000 -0.000088
39.050000 0.000154
39.100000 0.000156
39.150000 0.000383
39.200000 0.000351
39.250000 0.000536
39.300000 0.000450
39.350000 0.000577
39.400000 0.000425
39.450000 0.000492
39.500000 0.000281
39.550000 0.000302
39.600000 0.000051
39.650000 0.000050
39.700000 -0.000211
39.750000 -0.000204
39.800000 -0.000445
39.850000 -0.000398
39.900000 -0.000591
39.950000 -0.000484
40.000000 -0.000615
40.050000 -0.000439
40.100000 -0.000507
40.150000 -0.000271
40.200000 -0.000293
40.250000 -0.000018
40.300000 -0.000021
40.350000 0.000261
40.400000 0.000245
40.450000 0.000500
40.500000 0.000439
40.550000 0.000643
40.600000 0.000517
40.650000 0.000654
40.700000 0.000457
40.750000 0.000529
40.800000 0.000271
40.850000 0.000296
40.900000 0.000000
40.950000 0.000007
41.000000 -0.000294
41.050000 -0.000271
41.100000 -0.000544
41.150000 -0.000475
41.200000 -0.000692
41.250000 -0.000554
41.300000 -0.000701
41.350000 -0.000488
41.400000 -0.000567
41.450000 -0.000289
41.500000 -0.000318
41.550000 0.000000
41.600000 -0.000010
41.650000 0.000314
41.700000 0.000287
41.750000 0.000581
41.800000 0.000505
41.850000 0.000740
41.900000 0.000593
41.950000 0.000755
42.000000 0.000529
42.050000 0.000618
42.100000 0.000324
42.150000 0.000360
42.200000 0.000023
42.250000 0.000036
42.300000 -0.000310
42.350000 -0.000283
42.400000 -0.000601
42.450000 -0.000526
42.500000 -0.000784
42.550000 -0.000636
42.600000 -0.000818
42.650000 -0.000586
42.700000 -0.000691
42.750000 -0.000384
42.800000 -0.000429
42.850000 -0.000072
42.900000 -0.000087
42.950000 0.000283
43.000000 0.000259
43.050000 0.000604
43.100000 0.000534
43.150000 0.000821
43.200000 0.000676
43.250000 0.000883
43.300000 0.000652
43.350000 0.000777
43.400000 0.000464
43.450000 0.000522
43.500000 0.000151
43.550000 0.000170
43.600000 -0.000223
43.650000 -0.000204
43.700000 -0.000580
43.750000 -0.000520
43.800000 -0.000842
43.850000 -0.000709
43.900000 -0.000951
43.950000 -0.000728
44.000000 -0.000879
44.050000 -0.000565
44.100000 -0.000637
44.150000 -0.000250
44.200000 -0.000268
44.250000 0.000158
44.300000 0.000156
44.350000 0.000580
44.400000 0.000553
44.450000 0.000936
44.500000 0.000848
44.550000 0.001159
44.600000 0.000987
44.650000 0.001213
44.700000 0.000950
44.750000 0.001091
44.800000 0.000747
44.850000 0.000820
44.900000 0.000416
44.950000 0.000443
