-30.000000 -0.001971
-29.950000 -0.001529
-29.900000 -0.003071
-29.850000 -0.002211
-29.800000 -0.003361
-29.750000 -0.002135
-29.700000 -0.002954
-29.650000 -0.001433
-29.600000 -0.002005
-29.550000 -0.000282
-29.500000 -0.000705
-29.450000 0.001117
-29.400000 0.000733
-29.350000 0.002544
-29.300000 0.002094
-29.250000 0.003791
-29.200000 0.003178
-29.150000 0.004676
-29.100000 0.003828
-29.050000 0.005069
-29.000000 0.003946
-28.950000 0.004909
-28.900000 0.003506
-28.850000 0.004205
-28.800000 0.002555
-28.750000 0.003038
-28.700000 0.001205
-28.650000 0.001549
-28.600000 -0.000380
-28.550000 -0.000082
-28.500000 -0.002011
-28.450000 -0.001661
-28.400000 -0.003494
-28.350000 -0.003001
-28.300000 -0.004656
-28.250000 -0.003946
-28.200000 -0.005360
-28.150000 -0.004385
-28.100000 -0.005522
-28.050000 -0.004262
-28.000000 -0.005118
-27.950000 -0.003582
-27.900000 -0.004183
-27.850000 -0.002413
-27.800000 -0.002813
-27.750000 -0.000875
-27.700000 -0.001154
-27.650000 0.000863
-27.600000 0.000611
-27.550000 0.002605
-27.500000 0.002277
-27.450000 0.004149
-27.400000 0.003649
-27.350000 0.005310
-27.300000 0.004559
-27.250000 0.005944
-27.200000 0.004893
-27.150000 0.005968
-27.100000 0.004604
-27.050000 0.005375
-27.000000 0.003719
-26.950000 0.004228
-26.900000 0.002338
-26.850000 0.002654
-26.800000 0.000613
-26.750000 0.000829
-26.700000 -0.001264
-26.650000 -0.001045
-26.600000 -0.003087
-26.550000 -0.002764
-26.500000 -0.004658
-26.450000 -0.004142
-26.400000 -0.005808
-26.350000 -0.005029
-26.300000 -0.006411
-26.250000 -0.005326
-26.200000 -0.006395
-26.150000 -0.004992
-26.100000 -0.005753
-26.050000 -0.004052
-26.000000 -0.004539
-25.950000 -0.002592
-25.900000 -0.002871
-25.850000 -0.000756
-25.800000 -0.000918
-25.750000 0.001266
-25.700000 0.001116
-25.650000 0.003258
-25.600000 0.003008
-25.550000 0.005002
-25.500000 0.004550
-25.450000 0.006300
-25.400000 0.005565
-25.350000 0.007006
-25.300000 0.005938
-25.250000 0.007038
-25.200000 0.005623
-25.150000 0.006387
-25.100000 0.004650
-25.050000 0.005120
-25.000000 0.003120
-24.950000 0.003368
-24.900000 0.001188
-24.850000 0.001308
-24.800000 -0.000950
-24.750000 -0.000852
-24.700000 -0.003082
-24.650000 -0.002899
-24.600000 -0.004996
-24.550000 -0.004628
-24.500000 -0.006500
-24.450000 -0.005866
-24.400000 -0.007440
-24.350000 -0.006480
-24.300000 -0.007712
-24.250000 -0.006396
-24.200000 -0.007274
-24.150000 -0.005608
-24.100000 -0.006154
-24.050000 -0.004178
-24.000000 -0.004449
-23.950000 -0.002235
-23.900000 -0.002317
-23.850000 0.000035
-23.800000 0.000032
-23.750000 0.002406
-23.700000 0.002362
-23.650000 0.004639
-23.600000 0.004437
-23.550000 0.006505
-23.500000 0.006044
-23.450000 0.007815
-23.400000 0.007021
-23.350000 0.008437
-23.300000 0.007270
-23.250000 0.008309
-23.200000 0.006766
-23.150000 0.007442
-23.100000 0.005554
-23.050000 0.005916
-23.000000 0.003744
-22.950000 0.003867
-22.900000 0.001499
-22.850000 0.001479
-22.800000 -0.000981
-22.750000 -0.001036
-22.700000 -0.003475
-22.650000 -0.003450
-22.600000 -0.005756
-22.550000 -0.005541
-22.500000 -0.007609
-22.450000 -0.007107
-22.400000 -0.008850
-22.350000 -0.007989
-22.300000 -0.009350
-22.250000 -0.008087
-22.200000 -0.009043
-22.150000 -0.007376
-22.100000 -0.007942
-22.050000 -0.005905
-22.000000 -0.006136
-21.950000 -0.003803
-21.900000 -0.003787
-21.850000 -0.001258
-21.800000 -0.001108
-21.750000 0.001496
-21.700000 0.001655
-21.650000 0.004208
-21.600000 0.004252
-21.550000 0.006633
-21.500000 0.006450
-21.450000 0.008557
-21.400000 0.008056
-21.350000 0.009812
-21.300000 0.008930
-21.250000 0.010287
-21.200000 0.008993
-21.150000 0.009938
-21.100000 0.008233
-21.050000 0.008782
-21.000000 0.006700
-20.950000 0.006902
-20.900000 0.004508
-20.850000 0.004442
-20.800000 0.001825
-20.750000 0.001594
-20.700000 -0.001131
-20.650000 -0.001407
-20.600000 -0.004114
-20.550000 -0.004305
-20.500000 -0.006865
-20.450000 -0.006844
-20.400000 -0.009137
-20.350000 -0.008796
-20.300000 -0.010725
-20.250000 -0.009980
-20.200000 -0.011479
-20.150000 -0.010284
-20.100000 -0.011327
-20.050000 -0.009676
-20.000000 -0.010275
-19.950000 -0.008201
-19.900000 -0.008410
-19.850000 -0.005980
-19.800000 -0.005880
-19.750000 -0.003191
-19.700000 -0.002888
-19.650000 -0.000054
-19.600000 0.000331
-19.550000 0.003187
-19.500000 0.003530
-19.450000 0.006283
-19.400000 0.006460
-19.350000 0.008993
-19.300000 0.008895
-19.250000 0.011104
-19.200000 0.010637
-19.150000 0.012441
-19.100000 0.011537
-19.050000 0.012883
-19.000000 0.011504
-18.950000 0.012373
-18.900000 0.010518
-18.850000 0.010927
-18.800000 0.008634
-18.750000 0.008639
-18.700000 0.005983
-18.650000 0.005675
-18.600000 0.002762
-18.550000 0.002260
-18.500000 -0.000781
-18.450000 -0.001341
-18.400000 -0.004372
-18.350000 -0.004850
-18.300000 -0.007735
-18.250000 -0.008000
-18.200000 -0.010614
-18.150000 -0.010553
-18.100000 -0.012794
-18.050000 -0.012319
-18.000000 -0.014114
-17.950000 -0.013167
-17.900000 -0.014473
-17.850000 -0.013027
-17.800000 -0.013836
-17.750000 -0.011898
-17.700000 -0.012232
-17.650000 -0.009842
-17.600000 -0.009757
-17.550000 -0.006987
-17.500000 -0.006569
-17.450000 -0.003517
-17.400000 -0.002878
-17.350000 0.000333
-17.300000 0.001062
-17.250000 0.004294
-17.200000 0.004972
-17.150000 0.008083
-17.100000 0.008569
-17.050000 0.011423
-17.000000 0.011588
-16.950000 0.014065
-16.900000 0.013805
-16.850000 0.015815
-16.800000 0.015054
-16.750000 0.016542
-16.700000 0.015243
-16.650000 0.016191
-16.600000 0.014356
-16.550000 0.014782
-16.500000 0.012448
-16.450000 0.012406
-16.400000 0.009640
-16.350000 0.009211
-16.300000 0.006106
-16.250000 0.005392
-16.200000 0.002060
-16.150000 0.001182
-16.100000 -0.002249
-16.050000 -0.003160
-16.000000 -0.006557
-15.950000 -0.007362
-15.900000 -0.010587
-15.850000 -0.011152
-15.800000 -0.014072
-15.750000 -0.014272
-15.700000 -0.016771
-15.650000 -0.016499
-15.600000 -0.018486
-15.550000 -0.017667
-15.500000 -0.019082
-15.450000 -0.017677
-15.400000 -0.018501
-15.350000 -0.016511
-15.300000 -0.016766
-15.250000 -0.014231
-15.200000 -0.013978
-15.150000 -0.010978
-15.100000 -0.010310
-15.050000 -0.006951
-15.000000 -0.005986
-14.950000 -0.002395
-14.900000 -0.001267
-14.850000 0.002418
-14.800000 0.003570
-14.750000 0.007209
-14.700000 0.008246
-14.650000 0.011705
-14.600000 0.012497
-14.550000 0.015650
-14.500000 0.016079
-14.450000 0.018816
-14.400000 0.018781
-14.350000 0.021011
-14.300000 0.020432
-14.250000 0.022088
-14.200000 0.020913
-14.150000 0.021960
-14.100000 0.020168
-14.050000 0.020601
-14.000000 0.018210
-13.950000 0.018065
-13.900000 0.015126
-13.850000 0.014474
-13.800000 0.011076
-13.750000 0.010021
-13.700000 0.006281
-13.650000 0.004950
-13.600000 0.001005
-13.550000 -0.000459
-13.500000 -0.004463
-13.450000 -0.005912
-13.400000 -0.009826
-13.350000 -0.011114
-13.300000 -0.014799
-13.250000 -0.015792
-13.200000 -0.019120
-13.150000 -0.019699
-13.100000 -0.022561
-13.050000 -0.022626
-13.000000 -0.024933
-12.950000 -0.024409
-12.900000 -0.026098
-12.850000 -0.024935
-12.800000 -0.025971
-12.750000 -0.024149
-12.700000 -0.024527
-12.650000 -0.022060
-12.600000 -0.021812
-12.550000 -0.018747
-12.500000 -0.017938
-12.450000 -0.014357
-12.400000 -0.013085
-12.350000 -0.009102
-12.300000 -0.007492
-12.250000 -0.003241
-12.200000 -0.001438
-12.150000 0.002930
-12.100000 0.004773
-12.050000 0.009103
-12.000000 0.010835
-11.950000 0.014980
-11.900000 0.016458
-11.850000 0.020285
-11.800000 0.021386
-11.750000 0.024779
-11.700000 0.025397
-11.650000 0.028263
-11.600000 0.028314
-11.550000 0.030579
-11.500000 0.030002
-11.450000 0.031615
-11.400000 0.030370
-11.350000 0.031303
-11.300000 0.029375
-11.250000 0.029626
-11.200000 0.027026
-11.150000 0.026621
-11.100000 0.023389
-11.050000 0.022384
-11.000000 0.018593
-10.950000 0.017073
-10.900000 0.012821
-10.850000 0.010899
-10.800000 0.006311
-10.750000 0.004122
-10.700000 -0.000660
-10.650000 -0.002969
-10.600000 -0.007794
-10.550000 -0.010070
-10.500000 -0.014786
-10.450000 -0.016881
-10.400000 -0.021342
-10.350000 -0.023116
-10.300000 -0.027193
-10.250000 -0.028523
-10.200000 -0.032100
-10.150000 -0.032882
-10.100000 -0.035864
-10.050000 -0.036012
-10.000000 -0.038325
-9.950000 -0.037775
-9.900000 -0.039366
-9.850000 -0.038078
-9.800000 -0.038917
-9.750000 -0.036875
-9.700000 -0.036962
-9.650000 -0.034179
-9.600000 -0.033542
-9.550000 -0.030063
-9.500000 -0.028762
-9.450000 -0.024662
-9.400000 -0.022789
-9.350000 -0.018173
-9.300000 -0.015843
-9.250000 -0.010837
-9.200000 -0.008185
-9.150000 -0.002929
-9.100000 -0.000097
-9.050000 0.005263
-9.000000 0.008130
-8.950000 0.013455
-8.900000 0.016218
-8.850000 0.021373
-8.800000 0.023907
-8.750000 0.028770
-8.700000 0.030957
-8.650000 0.035420
-8.600000 0.037157
-8.550000 0.041121
-8.500000 0.042317
-8.450000 0.045697
-8.400000 0.046272
-8.350000 0.048995
-8.300000 0.048884
-8.250000 0.050893
-8.200000 0.050047
-8.150000 0.051303
-8.100000 0.049694
-8.050000 0.050179
-8.000000 0.047803
-7.950000 0.047526
-7.900000 0.044402
-7.850000 0.043397
-7.800000 0.039574
-7.750000 0.037898
-7.700000 0.033443
-7.650000 0.031176
-7.600000 0.026176
-7.550000 0.023410
-7.500000 0.017963
-7.450000 0.014801
-7.400000 0.009014
-7.350000 0.005564
-7.300000 -0.000454
-7.250000 -0.004080
-7.200000 -0.010214
-7.150000 -0.013898
-7.100000 -0.020030
-7.050000 -0.023652
-7.000000 -0.029657
-6.950000 -0.033091
-6.900000 -0.038841
-6.850000 -0.041958
-6.800000 -0.047325
-6.750000 -0.049998
-6.700000 -0.054858
-6.650000 -0.056968
-6.600000 -0.061210
-6.550000 -0.062654
-6.500000 -0.066185
-6.450000 -0.066881
-6.400000 -0.069632
-6.350000 -0.069525
-6.300000 -0.071452
-6.250000 -0.070513
-6.200000 -0.071600
-6.150000 -0.069824
-6.100000 -0.070079
-6.050000 -0.067483
-6.000000 -0.066931
-5.950000 -0.063550
-5.900000 -0.062234
-5.850000 -0.058114
-5.800000 -0.056085
-5.750000 -0.051286
-5.700000 -0.048607
-5.650000 -0.043195
-5.600000 -0.039939
-5.550000 -0.033992
-5.500000 -0.030243
-5.450000 -0.023850
-5.400000 -0.019702
-5.350000 -0.012963
-5.300000 -0.008518
-5.250000 -0.001540
-5.200000 0.003090
-5.150000 0.010197
-5.100000 0.014904
-5.050000 0.022034
-5.000000 0.026717
-4.950000 0.033773
-4.900000 0.038340
-4.850000 0.045240
-4.800000 0.049618
-4.750000 0.056294
-4.700000 0.060423
-4.650000 0.066824
-4.600000 0.070657
-4.550000 0.076739
-4.500000 0.080238
-4.450000 0.085967
-4.400000 0.089097
-4.350000 0.094440
-4.300000 0.097172
-4.250000 0.102099
-4.200000 0.104402
-4.150000 0.108886
-4.100000 0.110736
-4.050000 0.114752
-4.000000 0.116128
-3.950000 0.119661
-3.900000 0.120552
-3.850000 0.123595
-3.800000 0.123999
-3.750000 0.126556
-3.700000 0.126481
-3.650000 0.128564
-3.600000 0.128026
-3.550000 0.129653
-3.500000 0.128670
-3.450000 0.129860
-3.400000 0.128451
-3.350000 0.129218
-3.300000 0.127392
-3.250000 0.127743
-3.200000 0.125504
-3.150000 0.125438
-3.100000 0.122781
-3.050000 0.122290
-3.000000 0.119203
-2.950000 0.118275
-2.900000 0.114748
-2.850000 0.113371
-2.800000 0.109392
-2.750000 0.107557
-2.700000 0.103119
-2.650000 0.100819
-2.600000 0.095914
-2.550000 0.093141
-2.500000 0.087760
-2.450000 0.084501
-2.400000 0.078627
-2.350000 0.074859
-2.300000 0.068462
-2.250000 0.064149
-2.200000 0.057186
-2.150000 0.052276
-2.100000 0.044686
-2.050000 0.039112
-2.000000 0.030823
-1.950000 0.024506
-1.900000 0.015434
-1.850000 0.008287
-1.800000 -0.001660
-1.750000 -0.009729
-1.700000 -0.020644
-1.650000 -0.029731
-1.600000 -0.041708
-1.550000 -0.051909
-1.500000 -0.065046
-1.450000 -0.076458
-1.400000 -0.090854
-1.350000 -0.103579
-1.300000 -0.119338
-1.250000 -0.133481
-1.200000 -0.150709
-1.150000 -0.166378
-1.100000 -0.185184
-1.050000 -0.202484
-1.000000 -0.222967
-0.950000 -0.241989
-0.900000 -0.264228
-0.850000 -0.285035
-0.800000 -0.309072
-0.750000 -0.331681
-0.700000 -0.357504
-0.650000 -0.381871
-0.600000 -0.409397
-0.550000 -0.435395
-0.500000 -0.464456
-0.450000 -0.491871
-0.400000 -0.522200
-0.350000 -0.550716
-0.300000 -0.581947
-0.250000 -0.611144
-0.200000 -0.642804
-0.150000 -0.672158
-0.100000 -0.703674
-0.050000 -0.732564
0.000000 -0.763269
0.050000 -0.790988
0.100000 -0.820142
0.150000 -0.845921
0.200000 -0.872733
0.250000 -0.895771
0.300000 -0.919439
0.350000 -0.938945
0.400000 -0.958703
0.450000 -0.973947
0.500000 -0.989116
0.550000 -0.999484
0.600000 -1.009529
0.650000 -1.014574
0.700000 -1.019148
0.750000 -1.018635
0.800000 -1.017617
0.850000 -1.011546
0.900000 -1.005056
0.950000 -0.993664
1.000000 -0.982054
1.050000 -0.965796
1.100000 -0.949615
1.150000 -0.929124
1.200000 -0.909071
1.250000 -0.885098
1.300000 -0.861964
1.350000 -0.835324
1.400000 -0.809929
1.450000 -0.781438
1.500000 -0.754584
1.550000 -0.725017
1.600000 -0.697446
1.650000 -0.667504
1.700000 -0.639872
1.750000 -0.610163
1.800000 -0.583028
1.850000 -0.554058
1.900000 -0.527875
1.950000 -0.500050
2.000000 -0.475174
2.050000 -0.448801
2.100000 -0.425491
2.150000 -0.400784
2.200000 -0.379213
2.250000 -0.356302
2.300000 -0.336561
2.350000 -0.315504
2.400000 -0.297617
2.450000 -0.278405
2.500000 -0.262338
2.550000 -0.244915
2.600000 -0.230589
2.650000 -0.214857
2.700000 -0.202163
2.750000 -0.188005
2.800000 -0.176817
2.850000 -0.164102
2.900000 -0.154290
2.950000 -0.142890
3.000000 -0.134329
3.050000 -0.124123
3.100000 -0.116697
3.150000 -0.107576
3.200000 -0.101182
3.250000 -0.093049
3.300000 -0.087593
3.350000 -0.080356
3.400000 -0.075749
3.450000 -0.069319
3.500000 -0.065473
3.550000 -0.059763
3.600000 -0.056589
3.650000 -0.051509
3.700000 -0.048917
3.750000 -0.044379
3.800000 -0.042283
3.850000 -0.038203
3.900000 -0.036526
3.950000 -0.032833
4.000000 -0.031508
4.050000 -0.028142
4.100000 -0.027120
4.150000 -0.024039
4.200000 -0.023283
4.250000 -0.020458
4.300000 -0.019944
4.350000 -0.017355
4.400000 -0.017065
4.450000 -0.014696
4.500000 -0.014614
4.550000 -0.012448
4.600000 -0.012556
4.650000 -0.010571
4.700000 -0.010844
4.750000 -0.009012
4.800000 -0.009421
4.850000 -0.007712
4.900000 -0.008224
4.950000 -0.006606
5.000000 -0.007191
5.050000 -0.005635
5.100000 -0.006269
5.150000 -0.004756
5.200000 -0.005425
5.250000 -0.003948
5.300000 -0.004649
5.350000 -0.003210
5.400000 -0.003950
5.450000 -0.002558
5.500000 -0.003348
5.550000 -0.002014
5.600000 -0.002865
5.650000 -0.001598
5.700000 -0.002513
5.750000 -0.001312
5.800000 -0.002287
5.850000 -0.001142
5.900000 -0.002163
5.950000 -0.001060
6.000000 -0.002110
6.050000 -0.001030
6.100000 -0.002092
6.150000 -0.001023
6.200000 -0.002089
6.250000 -0.001025
6.300000 -0.002097
6.350000 -0.001048
6.400000 -0.002141
6.450000 -0.001129
6.500000 -0.002271
6.550000 -0.001328
6.600000 -0.002555
6.650000 -0.001723
6.700000 -0.003081
6.750000 -0.002408
6.800000 -0.003947
6.850000 -0.003487
6.900000 -0.005268
6.950000 -0.005087
7.000000 -0.007183
7.050000 -0.007366
7.100000 -0.009876
7.150000 -0.010543
7.200000 -0.013613
7.250000 -0.014938
7.300000 -0.018780
7.350000 -0.021022
7.400000 -0.025947
7.450000 -0.029479
7.500000 -0.035936
7.550000 -0.041293
7.600000 -0.049915
7.650000 -0.057846
7.700000 -0.069516
7.750000 -0.081057
7.800000 -0.096990
7.850000 -0.113563
7.900000 -0.135418
7.950000 -0.158959
8.000000 -0.188991
8.050000 -0.222120
8.100000 -0.263364
8.150000 -0.309585
8.200000 -0.366072
8.250000 -0.429997
8.300000 -0.506968
8.350000 -0.594502
8.400000 -0.698541
8.450000 -0.816925
8.500000 -0.955860
8.550000 -1.113372
8.600000 -1.295691
8.650000 -1.500670
8.700000 -1.734053
8.750000 -1.992820
8.800000 -2.281337
8.850000 -2.594613
8.900000 -2.934364
8.950000 -3.292266
9.000000 -3.666063
9.050000 -4.043017
9.100000 -4.416327
9.150000 -4.769076
9.200000 -5.091232
9.250000 -5.364261
9.300000 -5.578689
9.350000 -5.719092
9.400000 -5.781656
9.450000 -5.758773
9.500000 -5.655778
9.550000 -5.474497
9.600000 -5.228831
9.650000 -4.927384
9.700000 -4.588395
9.750000 -4.222234
9.800000 -3.846489
9.850000 -3.468998
9.900000 -3.103532
9.950000 -2.753503
10.000000 -2.428141
10.050000 -2.126657
10.100000 -1.854614
10.150000 -1.608256
10.200000 -1.390848
10.250000 -1.196994
10.300000 -1.028847
10.350000 -0.880365
10.400000 -0.753379
10.450000 -0.641796
10.500000 -0.547556
10.550000 -0.464807
10.600000 -0.395780
10.650000 -0.334963
10.700000 -0.284921
10.750000 -0.240485
10.800000 -0.204523
10.850000 -0.172165
10.900000 -0.146535
10.950000 -0.123006
11.000000 -0.104899
11.050000 -0.087778
11.100000 -0.075113
11.150000 -0.062614
11.200000 -0.053862
11.250000 -0.044676
11.300000 -0.038718
11.350000 -0.031891
11.400000 -0.027912
11.450000 -0.022752
11.500000 -0.020169
11.550000 -0.016182
11.600000 -0.014578
11.650000 -0.011418
11.700000 -0.010507
11.750000 -0.007938
11.800000 -0.007527
11.850000 -0.005392
11.900000 -0.005353
11.950000 -0.003548
12.000000 -0.003796
12.050000 -0.002250
12.100000 -0.002725
12.150000 -0.001384
12.200000 -0.002034
12.250000 -0.000849
12.300000 -0.001628
12.350000 -0.000552
12.400000 -0.001412
12.450000 -0.000401
12.500000 -0.001300
12.550000 -0.000314
12.600000 -0.001218
12.650000 -0.000228
12.700000 -0.001113
12.750000 -0.000103
12.800000 -0.000961
12.850000 0.000070
12.900000 -0.000766
12.950000 0.000275
13.000000 -0.000555
13.050000 0.000478
13.100000 -0.000365
13.150000 0.000640
13.200000 -0.000235
13.250000 0.000727
13.300000 -0.000190
13.350000 0.000723
13.400000 -0.000237
13.450000 0.000633
13.500000 -0.000359
13.550000 0.000483
13.600000 -0.000521
13.650000 0.000316
13.700000 -0.000676
13.750000 0.000180
13.800000 -0.000778
13.850000 0.000115
13.900000 -0.000796
13.950000 0.000141
14.000000 -0.000722
14.050000 0.000253
14.100000 -0.000575
14.150000 0.000421
14.200000 -0.000393
14.250000 0.000599
14.300000 -0.000226
14.350000 0.000738
14.400000 -0.000121
14.450000 0.000798
14.500000 -0.000105
14.550000 0.000763
14.600000 -0.000184
14.650000 0.000642
14.700000 -0.000334
14.750000 0.000467
14.800000 -0.000516
14.850000 0.000286
14.900000 -0.000679
14.950000 0.000145
15.000000 -0.000782
15.050000 0.000083
15.100000 -0.000795
15.150000 0.000115
15.200000 -0.000714
15.250000 0.000234
15.300000 -0.000559
15.350000 0.000409
15.400000 -0.000370
15.450000 0.000594
15.500000 -0.000196
15.550000 0.000741
15.600000 -0.000081
15.650000 0.000809
15.700000 -0.000059
15.750000 0.000778
15.800000 -0.000137
15.850000 0.000654
15.900000 -0.000295
15.950000 0.000467
16.000000 -0.000492
16.050000 0.000267
16.100000 -0.000676
16.150000 0.000107
16.200000 -0.000796
16.250000 0.000030
16.300000 -0.000818
16.350000 0.000059
16.400000 -0.000735
16.450000 0.000185
16.500000 -0.000569
16.550000 0.000375
16.600000 -0.000363
16.650000 0.000578
16.700000 -0.000171
16.750000 0.000741
16.800000 -0.000042
16.850000 0.000821
16.900000 -0.000010
16.950000 0.000797
17.000000 -0.000083
17.050000 0.000675
17.100000 -0.000241
17.150000 0.000484
17.200000 -0.000446
17.250000 0.000273
17.300000 -0.000644
17.350000 0.000095
17.400000 -0.000786
17.450000 -0.000006
17.500000 -0.000833
17.550000 -0.000002
17.600000 -0.000772
17.650000 0.000107
17.700000 -0.000616
17.750000 0.000295
17.800000 -0.000402
17.850000 0.000516
17.900000 -0.000184
17.950000 0.000711
18.000000 -0.000018
18.050000 0.000830
18.100000 0.000051
18.150000 0.000839
18.200000 0.000005
18.250000 0.000734
18.300000 -0.000146
18.350000 0.000540
18.400000 -0.000363
18.450000 0.000308
18.500000 -0.000591
18.550000 0.000095
18.600000 -0.000769
18.650000 -0.000043
18.700000 -0.000852
18.750000 -0.000073
18.800000 -0.000820
18.850000 0.000014
18.900000 -0.000679
18.950000 0.000194
19.000000 -0.000464
19.050000 0.000424
19.100000 -0.000228
19.150000 0.000646
19.200000 -0.000028
19.250000 0.000805
19.300000 0.000087
19.350000 0.000862
19.400000 0.000088
19.450000 0.000801
19.500000 -0.000026
19.550000 0.000634
19.600000 -0.000230
19.650000 0.000400
19.700000 -0.000474
19.750000 0.000156
19.800000 -0.000698
19.850000 -0.000040
19.900000 -0.000845
19.950000 -0.000136
20.000000 -0.000878
20.050000 -0.000108
20.100000 -0.000783
20.150000 0.000041
20.200000 -0.000584
20.250000 0.000273
20.300000 -0.000327
20.350000 0.000531
20.400000 -0.000077
20.450000 0.000751
20.500000 0.000105
20.550000 0.000877
20.600000 0.000173
20.650000 0.000877
20.700000 0.000111
20.750000 0.000750
20.800000 -0.000066
20.850000 0.000528
20.900000 -0.000314
20.950000 0.000263
21.000000 -0.000574
21.050000 0.000018
21.100000 -0.000783
21.150000 -0.000149
21.200000 -0.000892
21.250000 -0.000199
21.300000 -0.000873
21.350000 -0.000119
21.400000 -0.000730
21.450000 0.000073
21.500000 -0.000493
21.550000 0.000335
21.600000 -0.000216
21.650000 0.000604
21.700000 0.000035
21.750000 0.000816
21.800000 0.000201
21.850000 0.000918
21.900000 0.000240
21.950000 0.000884
22.000000 0.000140
22.050000 0.000718
22.100000 -0.000077
22.150000 0.000457
22.200000 -0.000360
22.250000 0.000163
22.300000 -0.000641
22.350000 -0.000094
22.400000 -0.000851
22.450000 -0.000252
22.500000 -0.000940
22.550000 -0.000273
22.600000 -0.000885
22.650000 -0.000151
22.700000 -0.000697
22.750000 0.000084
22.800000 -0.000422
22.850000 0.000377
22.900000 -0.000123
22.950000 0.000659
23.000000 0.000133
23.050000 0.000866
23.100000 0.000286
23.150000 0.000950
23.200000 0.000302
23.250000 0.000890
23.300000 0.000175
23.350000 0.000698
23.400000 -0.000065
23.450000 0.000415
23.500000 -0.000367
23.550000 0.000104
23.600000 -0.000663
23.650000 -0.000165
23.700000 -0.000883
23.750000 -0.000330
23.800000 -0.000976
23.850000 -0.000351
23.900000 -0.000916
23.950000 -0.000219
24.000000 -0.000714
24.050000 0.000036
24.100000 -0.000413
24.150000 0.000358
24.200000 -0.000082
24.250000 0.000672
24.300000 0.000203
24.350000 0.000905
24.400000 0.000375
24.450000 0.001000
24.500000 0.000395
24.550000 0.000936
24.600000 0.000257
24.650000 0.000726
24.700000 -0.000007
24.750000 0.000417
24.800000 -0.000337
24.850000 0.000078
24.900000 -0.000659
24.950000 -0.000217
25.000000 -0.000902
25.050000 -0.000401
25.100000 -0.001011
25.150000 -0.000435
25.200000 -0.000962
25.250000 -0.000311
25.300000 -0.000763
25.350000 -0.000054
25.400000 -0.000455
25.450000 0.000282
25.500000 -0.000103
25.550000 0.000623
25.600000 0.000216
25.650000 0.000896
25.700000 0.000432
25.750000 0.001037
25.800000 0.000496
25.850000 0.001011
25.900000 0.000389
25.950000 0.000821
26.000000 0.000132
26.050000 0.000506
26.100000 -0.000219
26.150000 0.000132
26.200000 -0.000587
26.250000 -0.000216
26.300000 -0.000889
26.350000 -0.000461
26.400000 -0.001057
26.450000 -0.000549
26.500000 -0.001053
26.550000 -0.000459
26.600000 -0.000876
26.650000 -0.000212
26.700000 -0.000565
26.750000 0.000140
26.800000 -0.000185
26.850000 0.000520
26.900000 0.000181
26.950000 0.000847
27.000000 0.000458
27.050000 0.001052
27.100000 0.000586
27.150000 0.001089
27.200000 0.000537
27.250000 0.000951
27.300000 0.000322
27.350000 0.000662
27.400000 -0.000019
27.450000 0.000281
27.500000 -0.000414
27.550000 -0.000114
27.600000 -0.000782
27.650000 -0.000441
27.700000 -0.001044
27.750000 -0.000629
27.800000 -0.001140
27.850000 -0.000634
27.900000 -0.001046
27.950000 -0.000452
28.000000 -0.000778
28.050000 -0.000118
28.100000 -0.000391
28.150000 0.000296
28.200000 0.000035
28.250000 0.000704
28.300000 0.000409
28.350000 0.001016
28.400000 0.000650
28.450000 0.001167
28.500000 0.000709
28.550000 0.001123
28.600000 0.000571
28.650000 0.000893
28.700000 0.000267
28.750000 0.000524
28.800000 -0.000142
28.850000 0.000090
28.900000 -0.000572
28.950000 -0.000320
29.000000 -0.000935
29.050000 -0.000624
29.100000 -0.001157
29.150000 -0.000760
29.200000 -0.001193
29.250000 -0.000699
29.300000 -0.001032
29.350000 -0.000451
29.400000 -0.000703
29.450000 -0.000063
29.500000 -0.000268
29.550000 0.000390
29.600000 0.000186
29.650000 0.000816
29.700000 0.000569
29.750000 0.001128
29.800000 0.000799
29.850000 0.001258
29.900000 0.000827
29.950000 0.001175
30.000000 0.000644
30.050000 0.000893
30.100000 0.000283
30.150000 0.000466
30.200000 -0.000182
30.250000 -0.000019
30.300000 -0.000656
30.350000 -0.000465
30.400000 -0.001044
30.450000 -0.000780
30.500000 -0.001265
30.550000 -0.000903
30.600000 -0.001277
30.650000 -0.000808
30.700000 -0.001074
30.750000 -0.000515
30.800000 -0.000697
30.850000 -0.000079
30.900000 -0.000218
30.950000 0.000414
31.000000 0.000272
31.050000 0.000871
31.100000 0.000679
31.150000 0.001202
31.200000 0.000924
31.250000 0.001342
31.300000 0.000957
31.350000 0.001260
31.400000 0.000769
31.450000 0.000966
31.500000 0.000391
31.550000 0.000514
31.600000 -0.000108
31.650000 -0.000012
31.700000 -0.000631
31.750000 -0.000512
31.800000 -0.001075
31.850000 -0.000885
31.900000 -0.001352
31.950000 -0.001057
32.000000 -0.001403
32.050000 -0.000990
32.100000 -0.001214
32.150000 -0.000695
32.200000 -0.000821
32.250000 -0.000229
32.300000 -0.000298
32.350000 0.000318
32.400000 0.000254
32.450000 0.000842
32.500000 0.000730
32.550000 0.001242
32.600000 0.001040
32.650000 0.001442
32.700000 0.001127
32.750000 0.001405
32.800000 0.000974
32.850000 0.001135
32.900000 0.000607
32.950000 0.000681
33.000000 0.000092
33.050000 0.000123
33.100000 -0.000478
33.150000 -0.000439
33.200000 -0.000999
33.250000 -0.000900
33.300000 -0.001373
33.350000 -0.001174
33.400000 -0.001527
33.450000 -0.001206
33.500000 -0.001427
33.550000 -0.000984
33.600000 -0.001086
33.650000 -0.000546
33.700000 -0.000563
33.750000 0.000031
33.800000 0.000048
33.850000 0.000640
33.900000 0.000632
33.950000 0.001165
34.000000 0.001079
34.050000 0.001507
34.100000 0.001305
34.150000 0.001600
34.200000 0.001267
34.250000 0.001426
34.300000 0.000971
34.350000 0.001015
34.400000 0.000470
34.450000 0.000441
34.500000 -0.000144
34.550000 -0.000192
34.600000 -0.000762
34.650000 -0.000774
34.700000 -0.001276
34.750000 -0.001202
34.800000 -0.001592
34.850000 -0.001399
34.900000 -0.001654
34.950000 -0.001328
35.000000 -0.001446
35.050000 -0.000998
35.100000 -0.001000
35.150000 -0.000461
35.200000 -0.000389
35.250000 0.000191
35.300000 0.000281
35.350000 0.000844
35.400000 0.000894
35.450000 0.001381
35.500000 0.001337
35.550000 0.001704
35.600000 0.001529
35.650000 0.001748
35.700000 0.001430
35.750000 0.001503
35.800000 0.001054
35.850000 0.001006
35.900000 0.000466
35.950000 0.000345
36.000000 -0.000232
36.050000 -0.000364
36.100000 -0.000916
36.150000 -0.000998
36.200000 -0.001465
36.250000 -0.001446
36.300000 -0.001785
36.350000 -0.001630
36.400000 -0.001819
36.450000 -0.001519
36.500000 -0.001561
36.550000 -0.001130
36.600000 -0.001052
36.650000 -0.000528
36.700000 -0.000375
36.750000 0.000190
36.800000 0.000360
36.850000 0.000904
36.900000 0.001031
36.950000 0.001496
37.000000 0.001524
37.050000 0.001862
37.100000 0.001753
37.150000 0.001936
37.200000 0.001673
37.250000 0.001698
37.300000 0.001292
37.350000 0.001181
37.400000 0.000667
37.450000 0.000468
37.500000 -0.000098
37.550000 -0.000322
37.600000 -0.000873
37.650000 -0.001056
37.700000 -0.001527
37.750000 -0.001608
37.800000 -0.001946
37.850000 -0.001882
37.900000 -0.002057
37.950000 -0.001831
38.000000 -0.001840
38.050000 -0.001463
38.100000 -0.001329
38.150000 -0.000838
38.200000 -0.000608
38.250000 -0.000057
38.300000 0.000208
38.350000 0.000754
38.400000 0.000987
38.450000 0.001465
38.500000 0.001607
38.550000 0.001961
38.600000 0.001966
38.650000 0.002162
38.700000 0.002005
38.750000 0.002029
38.800000 0.001712
38.850000 0.001578
38.900000 0.001126
38.950000 0.000873
39.000000 0.000336
39.050000 0.000022
39.100000 -0.000536
39.150000 -0.000841
39.200000 -0.001348
39.250000 -0.001576
39.300000 -0.001967
39.350000 -0.002059
39.400000 -0.002288
39.450000 -0.002209
39.500000 -0.002253
39.550000 -0.001997
39.600000 -0.001865
39.650000 -0.001454
39.700000 -0.001182
39.750000 -0.000666
39.800000 -0.000313
39.850000 0.000244
39.900000 0.000608
39.950000 0.001132
40.000000 0.001436
40.050000 0.001860
40.100000 0.002043
40.150000 0.002316
40.200000 0.002336
40.250000 0.002429
40.300000 0.002269
40.350000 0.002177
40.400000 0.001848
40.450000 0.001594
40.500000 0.001132
40.550000 0.000764
40.600000 0.000224
40.650000 -0.000195
40.700000 -0.000742
40.750000 -0.001139
40.800000 -0.001621
40.850000 -0.001923
40.900000 -0.002274
40.950000 -0.002425
41.000000 -0.002595
41.050000 -0.002559
41.100000 -0.002529
41.150000 -0.002299
41.200000 -0.002076
41.250000 -0.001678
41.300000 -0.001302
41.350000 -0.000787
41.400000 -0.000322
41.450000 0.000238
41.500000 0.000715
41.550000 0.001242
41.600000 0.001655
41.650000 0.002074
41.700000 0.002355
41.750000 0.002609
41.800000 0.002712
41.850000 0.002767
41.900000 0.002673
41.950000 0.002525
42.000000 0.002241
42.050000 0.001913
42.100000 0.001477
42.150000 0.001016
42.200000 0.000486
42.250000 -0.000042
42.300000 -0.000595
42.350000 -0.001113
42.400000 -0.001610
42.450000 -0.002044
42.500000 -0.002414
42.550000 -0.002697
42.600000 -0.002885
42.650000 -0.002973
42.700000 -0.002946
42.750000 -0.002822
42.800000 -0.002579
42.850000 -0.002257
42.900000 -0.001828
42.950000 -0.001353
43.000000 -0.000795
43.050000 -0.000236
43.100000 0.000372
43.150000 0.000932
43.200000 0.001505
43.250000 0.001983
43.300000 0.002442
43.350000 0.002764
43.400000 0.003048
43.450000 0.003164
43.500000 0.003235
43.550000 0.003125
43.600000 0.002977
43.650000 0.002650
43.700000 0.002307
43.750000 0.001799
43.800000 0.001310
43.850000 0.000681
43.900000 0.000115
43.950000 -0.000560
44.000000 -0.001126
44.050000 -0.001769
44.100000 -0.002257
44.150000 -0.002792
44.200000 -0.003135
44.250000 -0.003506
44.300000 -0.003655
44.350000 -0.003827
44.400000 -0.003764
44.450000 -0.003734
44.500000 -0.003472
44.550000 -0.003267
44.600000 -0.002849
44.650000 -0.002529
44.700000 -0.002027
44.750000 -0.001670
44.800000 -0.001168
44.850000 -0.000863
44.900000 -0.000445
44.950000 -0.000268
