-30.000000 0.000001
-29.950000 -0.000000
-29.900000 -0.000000
-29.850000 -0.000001
-29.800000 -0.000001
-29.750000 -0.000002
-29.700000 -0.000001
-29.650000 -0.000001
-29.600000 0.000000
-29.550000 0.000000
-29.500000 0.000001
-29.450000 0.000001
-29.400000 0.000002
-29.350000 0.000001
-29.300000 0.000001
-29.250000 -0.000000
-29.200000 -0.000000
-29.150000 -0.000002
-29.100000 -0.000001
-29.050000 -0.000002
-29.000000 -0.000001
-28.950000 -0.000001
-28.900000 0.000001
-28.850000 0.000001
-28.800000 0.000002
-28.750000 0.000001
-28.700000 0.000002
-28.650000 0.000001
-28.600000 0.000001
-28.550000 -0.000001
-28.500000 -0.000001
-28.450000 -0.000002
-28.400000 -0.000001
-28.350000 -0.000002
-28.300000 -0.000001
-28.250000 -0.000001
-28.200000 0.000001
-28.150000 0.000001
-28.100000 0.000002
-28.050000 0.000002
-28.000000 0.000002
-27.950000 0.000000
-27.900000 0.000000
-27.850000 -0.000002
-27.800000 -0.000001
-27.750000 -0.000003
-27.700000 -0.000002
-27.650000 -0.000002
-27.600000 -0.000000
-27.550000 -0.000000
-27.500000 0.000002
-27.450000 0.000002
-27.400000 0.000003
-27.350000 0.000002
-27.300000 0.000002
-27.250000 0.000000
-27.200000 0.000000
-27.150000 -0.000002
-27.100000 -0.000002
-27.050000 -0.000003
-27.000000 -0.000002
-26.950000 -0.000002
-26.900000 -0.000000
-26.850000 0.000000
-26.800000 0.000002
-26.750000 0.000002
-26.700000 0.000003
-26.650000 0.000003
-26.600000 0.000002
-26.550000 0.000001
-26.500000 -0.000000
-26.450000 -0.000002
-26.400000 -0.000003
-26.350000 -0.000004
-26.300000 -0.000003
-26.250000 -0.000003
-26.200000 -0.000001
-26.150000 0.000000
-26.100000 0.000002
-26.050000 0.000003
-26.000000 0.000004
-25.950000 0.000003
-25.900000 0.000003
-25.850000 0.000001
-25.800000 -0.000000
-25.750000 -0.000002
-25.700000 -0.000003
-25.650000 -0.000004
-25.600000 -0.000004
-25.550000 -0.000003
-25.500000 -0.000002
-25.450000 -0.000000
-25.400000 0.000002
-25.350000 0.000003
-25.300000 0.000005
-25.250000 0.000005
-25.200000 0.000004
-25.150000 0.000002
-25.100000 0.000000
-25.050000 -0.000002
-25.000000 -0.000004
-24.950000 -0.000005
-24.900000 -0.000005
-24.850000 -0.000005
-24.800000 -0.000003
-24.750000 -0.000001
-24.700000 0.000001
-24.650000 0.000003
-24.600000 0.000005
-24.550000 0.000006
-24.500000 0.000005
-24.450000 0.000004
-24.400000 0.000002
-24.350000 -0.000000
-24.300000 -0.000003
-24.250000 -0.000005
-24.200000 -0.000006
-24.150000 -0.000006
-24.100000 -0.000006
-24.050000 -0.000003
-24.000000 -0.000001
-23.950000 0.000002
-23.900000 0.000005
-23.850000 0.000007
-23.800000 0.000007
-23.750000 0.000007
-23.700000 0.000005
-23.650000 0.000002
-23.600000 -0.000001
-23.550000 -0.000004
-23.500000 -0.000007
-23.450000 -0.000008
-23.400000 -0.000008
-23.350000 -0.000006
-23.300000 -0.000004
-23.250000 -0.000000
-23.200000 0.000002
-23.150000 0.000006
-23.100000 0.000008
-23.050000 0.000009
-23.000000 0.000008
-22.950000 0.000007
-22.900000 0.000003
-22.850000 -0.000000
-22.800000 -0.000005
-22.750000 -0.000007
-22.700000 -0.000010
-22.650000 -0.000010
-22.600000 -0.000009
-22.550000 -0.000006
-22.500000 -0.000002
-22.450000 0.000003
-22.400000 0.000006
-22.350000 0.000010
-22.300000 0.000011
-22.250000 0.000011
-22.200000 0.000009
-22.150000 0.000006
-22.100000 0.000001
-22.050000 -0.000004
-22.000000 -0.000009
-21.950000 -0.000011
-21.900000 -0.000013
-21.850000 -0.000012
-21.800000 -0.000010
-21.750000 -0.000005
-21.700000 -0.000000
-21.650000 0.000006
-21.600000 0.000010
-21.550000 0.000014
-21.500000 0.000014
-21.450000 0.000014
-21.400000 0.000010
-21.350000 0.000006
-21.300000 -0.000001
-21.250000 -0.000006
-21.200000 -0.000012
-21.150000 -0.000015
-21.100000 -0.000017
-21.050000 -0.000015
-21.000000 -0.000012
-20.950000 -0.000005
-20.900000 0.000001
-20.850000 0.000008
-20.800000 0.000013
-20.750000 0.000017
-20.700000 0.000018
-20.650000 0.000017
-20.600000 0.000013
-20.550000 0.000007
-20.500000 -0.000001
-20.450000 -0.000008
-20.400000 -0.000015
-20.350000 -0.000019
-20.300000 -0.000021
-20.250000 -0.000019
-20.200000 -0.000015
-20.150000 -0.000008
-20.100000 -0.000000
-20.050000 0.000008
-20.000000 0.000016
-19.950000 0.000021
-19.900000 0.000024
-19.850000 0.000023
-19.800000 0.000019
-19.750000 0.000012
-19.700000 0.000002
-19.650000 -0.000007
-19.600000 -0.000016
-19.550000 -0.000023
-19.500000 -0.000027
-19.450000 -0.000027
-19.400000 -0.000023
-19.350000 -0.000016
-19.300000 -0.000006
-19.250000 0.000005
-19.200000 0.000015
-19.150000 0.000024
-19.100000 0.000030
-19.050000 0.000031
-19.000000 0.000029
-18.950000 0.000022
-18.900000 0.000012
-18.850000 -0.000000
-18.800000 -0.000012
-18.750000 -0.000024
-18.700000 -0.000031
-18.650000 -0.000036
-18.600000 -0.000035
-18.550000 -0.000029
-18.500000 -0.000019
-18.450000 -0.000007
-18.400000 0.000007
-18.350000 0.000020
-18.300000 0.000032
-18.250000 0.000039
-18.200000 0.000041
-18.150000 0.000038
-18.100000 0.000030
-18.050000 0.000017
-18.000000 0.000002
-17.950000 -0.000014
-17.900000 -0.000028
-17.850000 -0.000040
-17.800000 -0.000046
-17.750000 -0.000047
-17.700000 -0.000041
-17.650000 -0.000031
-17.600000 -0.000015
-17.550000 0.000002
-17.500000 0.000021
-17.450000 0.000036
-17.400000 0.000049
-17.350000 0.000054
-17.300000 0.000054
-17.250000 0.000046
-17.200000 0.000033
-17.150000 0.000014
-17.100000 -0.000006
-17.050000 -0.000027
-17.000000 -0.000044
-16.950000 -0.000058
-16.900000 -0.000063
-16.850000 -0.000062
-16.800000 -0.000053
-16.750000 -0.000037
-16.700000 -0.000016
-16.650000 0.000007
-16.600000 0.000031
-16.550000 0.000051
-16.500000 0.000067
-16.450000 0.000074
-16.400000 0.000073
-16.350000 0.000062
-16.300000 0.000045
-16.250000 0.000021
-16.200000 -0.000005
-16.150000 -0.000033
-16.100000 -0.000057
-16.050000 -0.000076
-16.000000 -0.000085
-15.950000 -0.000086
-15.900000 -0.000076
-15.850000 -0.000058
-15.800000 -0.000032
-15.750000 -0.000001
-15.700000 0.000031
-15.650000 0.000060
-15.600000 0.000084
-15.550000 0.000098
-15.500000 0.000103
-15.450000 0.000095
-15.400000 0.000077
-15.350000 0.000049
-15.300000 0.000016
-15.250000 -0.000021
-15.200000 -0.000057
-15.150000 -0.000088
-15.100000 -0.000109
-15.050000 -0.000121
-15.000000 -0.000118
-14.950000 -0.000104
-14.900000 -0.000077
-14.850000 -0.000041
-14.800000 0.000001
-14.750000 0.000044
-14.700000 0.000084
-14.650000 0.000116
-14.600000 0.000137
-14.550000 0.000144
-14.500000 0.000136
-14.450000 0.000114
-14.400000 0.000079
-14.350000 0.000034
-14.300000 -0.000015
-14.250000 -0.000065
-14.200000 -0.000110
-14.150000 -0.000145
-14.100000 -0.000166
-14.050000 -0.000172
-14.000000 -0.000159
-13.950000 -0.000131
-13.900000 -0.000088
-13.850000 -0.000035
-13.800000 0.000024
-13.750000 0.000082
-13.700000 0.000135
-13.650000 0.000175
-13.600000 0.000200
-13.550000 0.000206
-13.500000 0.000192
-13.450000 0.000159
-13.400000 0.000109
-13.350000 0.000047
-13.300000 -0.000022
-13.250000 -0.000092
-13.200000 -0.000155
-13.150000 -0.000205
-13.100000 -0.000238
-13.050000 -0.000250
-13.000000 -0.000239
-12.950000 -0.000204
-12.900000 -0.000149
-12.850000 -0.000079
-12.800000 0.000002
-12.750000 0.000085
-12.700000 0.000163
-12.650000 0.000230
-12.600000 0.000278
-12.550000 0.000302
-12.500000 0.000300
-12.450000 0.000271
-12.400000 0.000216
-12.350000 0.000140
-12.300000 0.000049
-12.250000 -0.000050
-12.200000 -0.000149
-12.150000 -0.000237
-12.100000 -0.000309
-12.050000 -0.000356
-12.000000 -0.000375
-11.950000 -0.000361
-11.900000 -0.000316
-11.850000 -0.000242
-11.800000 -0.000145
-11.750000 -0.000031
-11.700000 0.000088
-11.650000 0.000206
-11.600000 0.000310
-11.550000 0.000393
-11.500000 0.000446
-11.450000 0.000465
-11.400000 0.000445
-11.350000 0.000389
-11.300000 0.000299
-11.250000 0.000181
-11.200000 0.000043
-11.150000 -0.000102
-11.100000 -0.000246
-11.050000 -0.000375
-11.000000 -0.000480
-10.950000 -0.000551
-10.900000 -0.000582
-10.850000 -0.000567
-10.800000 -0.000509
-10.750000 -0.000409
-10.700000 -0.000274
-10.650000 -0.000111
-10.600000 0.000065
-10.550000 0.000244
-10.500000 0.000412
-10.450000 0.000555
-10.400000 0.000662
-10.350000 0.000725
-10.300000 0.000736
-10.250000 0.000694
-10.200000 0.000599
-10.150000 0.000457
-10.100000 0.000275
-10.050000 0.000067
-10.000000 -0.000156
-9.950000 -0.000375
-9.900000 -0.000577
-9.850000 -0.000747
-9.800000 -0.000871
-9.750000 -0.000939
-9.700000 -0.000945
-9.650000 -0.000885
-9.600000 -0.000762
-9.550000 -0.000582
-9.500000 -0.000355
-9.450000 -0.000094
-9.400000 0.000184
-9.350000 0.000461
-9.300000 0.000719
-9.250000 0.000941
-9.200000 0.001110
-9.150000 0.001213
-9.100000 0.001242
-9.050000 0.001191
-9.000000 0.001062
-8.950000 0.000859
-8.900000 0.000593
-8.850000 0.000278
-8.800000 -0.000068
-8.750000 -0.000425
-8.700000 -0.000771
-8.650000 -0.001084
-8.600000 -0.001345
-8.550000 -0.001534
-8.500000 -0.001639
-8.450000 -0.001650
-8.400000 -0.001562
-8.350000 -0.001377
-8.300000 -0.001103
-8.250000 -0.000752
-8.200000 -0.000341
-8.150000 0.000108
-8.100000 0.000570
-8.050000 0.001021
-8.000000 0.001434
-7.950000 0.001784
-7.900000 0.002050
-7.850000 0.002213
-7.800000 0.002261
-7.750000 0.002186
-7.700000 0.001988
-7.650000 0.001673
-7.600000 0.001253
-7.550000 0.000747
-7.500000 0.000177
-7.450000 -0.000429
-7.400000 -0.001041
-7.350000 -0.001628
-7.300000 -0.002157
-7.250000 -0.002602
-7.200000 -0.002934
-7.150000 -0.003134
-7.100000 -0.003185
-7.050000 -0.003081
-7.000000 -0.002818
-6.950000 -0.002405
-6.900000 -0.001855
-6.850000 -0.001189
-6.800000 -0.000433
-6.750000 0.000379
-6.700000 0.001213
-6.650000 0.002030
-6.600000 0.002792
-6.550000 0.003462
-6.500000 0.004007
-6.450000 0.004394
-6.400000 0.004603
-6.350000 0.004614
-6.300000 0.004421
-6.250000 0.004021
-6.200000 0.003425
-6.150000 0.002649
-6.100000 0.001717
-6.050000 0.000662
-6.000000 -0.000476
-5.950000 -0.001657
-5.900000 -0.002832
-5.850000 -0.003956
-5.800000 -0.004980
-5.750000 -0.005860
-5.700000 -0.006555
-5.650000 -0.007031
-5.600000 -0.007259
-5.550000 -0.007222
-5.500000 -0.006909
-5.450000 -0.006319
-5.400000 -0.005464
-5.350000 -0.004364
-5.300000 -0.003047
-5.250000 -0.001553
-5.200000 0.000073
-5.150000 0.001779
-5.100000 0.003508
-5.050000 0.005200
-5.000000 0.006797
-4.950000 0.008238
-4.900000 0.009467
-4.850000 0.010433
-4.800000 0.011091
-4.750000 0.011404
-4.700000 0.011343
-4.650000 0.010892
-4.600000 0.010042
-4.550000 0.008798
-4.500000 0.007176
-4.450000 0.005204
-4.400000 0.002918
-4.350000 0.000366
-4.300000 -0.002395
-4.250000 -0.005302
-4.200000 -0.008286
-4.150000 -0.011273
-4.100000 -0.014186
-4.050000 -0.016950
-4.000000 -0.019490
-3.950000 -0.021735
-3.900000 -0.023619
-3.850000 -0.025083
-3.800000 -0.026079
-3.750000 -0.026566
-3.700000 -0.026518
-3.650000 -0.025917
-3.600000 -0.024762
-3.550000 -0.023064
-3.500000 -0.020846
-3.450000 -0.018147
-3.400000 -0.015017
-3.350000 -0.011520
-3.300000 -0.007728
-3.250000 -0.003728
-3.200000 0.000388
-3.150000 0.004517
-3.100000 0.008552
-3.050000 0.012378
-3.000000 0.015877
-2.950000 0.018932
-2.900000 0.021419
-2.850000 0.023217
-2.800000 0.024206
-2.750000 0.024267
-2.700000 0.023284
-2.650000 0.021145
-2.600000 0.017741
-2.550000 0.012969
-2.500000 0.006731
-2.450000 -0.001066
-2.400000 -0.010509
-2.350000 -0.021676
-2.300000 -0.034641
-2.250000 -0.049467
-2.200000 -0.066213
-2.150000 -0.084925
-2.100000 -0.105643
-2.050000 -0.128391
-2.000000 -0.153189
-1.950000 -0.180036
-1.900000 -0.208924
-1.850000 -0.239824
-1.800000 -0.272694
-1.750000 -0.307469
-1.700000 -0.344068
-1.650000 -0.382384
-1.600000 -0.422290
-1.550000 -0.463631
-1.500000 -0.506227
-1.450000 -0.549872
-1.400000 -0.594332
-1.350000 -0.639347
-1.300000 -0.684631
-1.250000 -0.729875
-1.200000 -0.774750
-1.150000 -0.818905
-1.100000 -0.861983
-1.050000 -0.903614
-1.000000 -0.943433
-0.950000 -0.981077
-0.900000 -1.016200
-0.850000 -1.048479
-0.800000 -1.077620
-0.750000 -1.103371
-0.700000 -1.125527
-0.650000 -1.143935
-0.600000 -1.158507
-0.550000 -1.169218
-0.500000 -1.176114
-0.450000 -1.179314
-0.400000 -1.179009
-0.350000 -1.175465
-0.300000 -1.169021
-0.250000 -1.160082
-0.200000 -1.149126
-0.150000 -1.136693
-0.100000 -1.123385
-0.050000 -1.109864
0.000000 -1.096852
0.050000 -1.085129
0.100000 -1.075535
0.150000 -1.068970
0.200000 -1.066406
0.250000 -1.068882
0.300000 -1.077519
0.350000 -1.093521
0.400000 -1.118188
0.450000 -1.152912
0.500000 -1.199188
0.550000 -1.258601
0.600000 -1.332822
0.650000 -1.423576
0.700000 -1.532609
0.750000 -1.661621
0.800000 -1.812181
0.850000 -1.985611
0.900000 -2.182832
0.950000 -2.404173
1.000000 -2.649158
1.050000 -2.916257
1.100000 -3.202637
1.150000 -3.503950
1.200000 -3.814165
1.250000 -4.125534
1.300000 -4.428713
1.350000 -4.713087
1.400000 -4.967326
1.450000 -5.180143
1.500000 -5.341201
1.550000 -5.442055
1.600000 -5.476990
1.650000 -5.443625
1.700000 -5.343170
1.750000 -5.180289
1.800000 -4.962587
1.850000 -4.699836
1.900000 -4.403044
1.950000 -4.083527
2.000000 -3.752098
2.050000 -3.418448
2.100000 -3.090747
2.150000 -2.775471
2.200000 -2.477395
2.250000 -2.199726
2.300000 -1.944304
2.350000 -1.711857
2.400000 -1.502239
2.450000 -1.314667
2.500000 -1.147920
2.550000 -1.000503
2.600000 -0.870778
2.650000 -0.757064
2.700000 -0.657701
2.750000 -0.571105
2.800000 -0.495795
2.850000 -0.430408
2.900000 -0.373710
2.950000 -0.324592
3.000000 -0.282068
3.050000 -0.245267
3.100000 -0.213424
3.150000 -0.185869
3.200000 -0.162020
3.250000 -0.141371
3.300000 -0.123483
3.350000 -0.107977
3.400000 -0.094525
3.450000 -0.082845
3.500000 -0.072696
3.550000 -0.063866
3.600000 -0.056177
3.650000 -0.049474
3.700000 -0.043624
3.750000 -0.038511
3.800000 -0.034038
3.850000 -0.030120
3.900000 -0.026682
3.950000 -0.023664
4.000000 -0.021010
4.050000 -0.018673
4.100000 -0.016613
4.150000 -0.014795
4.200000 -0.013188
4.250000 -0.011766
4.300000 -0.010507
4.350000 -0.009390
4.400000 -0.008399
4.450000 -0.007518
4.500000 -0.006734
4.550000 -0.006036
4.600000 -0.005414
4.650000 -0.004858
4.700000 -0.004363
4.750000 -0.003920
4.800000 -0.003523
4.850000 -0.003169
4.900000 -0.002851
4.950000 -0.002566
5.000000 -0.002311
5.050000 -0.002081
5.100000 -0.001875
5.150000 -0.001690
5.200000 -0.001524
5.250000 -0.001375
5.300000 -0.001240
5.350000 -0.001119
5.400000 -0.001010
5.450000 -0.000911
5.500000 -0.000823
5.550000 -0.000743
5.600000 -0.000671
5.650000 -0.000606
5.700000 -0.000548
5.750000 -0.000495
5.800000 -0.000447
5.850000 -0.000404
5.900000 -0.000365
5.950000 -0.000330
6.000000 -0.000298
6.050000 -0.000270
6.100000 -0.000244
6.150000 -0.000220
6.200000 -0.000199
6.250000 -0.000180
6.300000 -0.000163
6.350000 -0.000147
6.400000 -0.000133
6.450000 -0.000121
6.500000 -0.000109
6.550000 -0.000099
6.600000 -0.000089
6.650000 -0.000081
6.700000 -0.000073
6.750000 -0.000066
6.800000 -0.000060
6.850000 -0.000054
6.900000 -0.000049
6.950000 -0.000044
7.000000 -0.000040
7.050000 -0.000036
7.100000 -0.000033
7.150000 -0.000030
7.200000 -0.000027
7.250000 -0.000024
7.300000 -0.000022
7.350000 -0.000020
7.400000 -0.000018
7.450000 -0.000016
7.500000 -0.000015
7.550000 -0.000013
7.600000 -0.000012
7.650000 -0.000011
7.700000 -0.000010
7.750000 -0.000009
7.800000 -0.000008
7.850000 -0.000007
7.900000 -0.000007
7.950000 -0.000006
8.000000 -0.000005
8.050000 -0.000005
8.100000 -0.000005
8.150000 -0.000004
8.200000 -0.000004
8.250000 -0.000003
8.300000 -0.000003
8.350000 -0.000003
8.400000 -0.000002
8.450000 -0.000002
8.500000 -0.000002
8.550000 -0.000002
8.600000 -0.000002
8.650000 -0.000001
8.700000 -0.000001
8.750000 -0.000001
8.800000 -0.000001
8.850000 -0.000001
8.900000 -0.000001
8.950000 -0.000001
9.000000 -0.000001
9.050000 -0.000001
9.100000 -0.000001
9.150000 -0.000001
9.200000 -0.000001
9.250000 -0.000000
9.300000 -0.000000
9.350000 -0.000000
9.400000 -0.000000
9.450000 -0.000000
9.500000 -0.000000
9.550000 -0.000000
9.600000 -0.000000
9.650000 -0.000000
9.700000 -0.000000
9.750000 -0.000000
9.800000 -0.000000
9.850000 -0.000000
9.900000 -0.000000
9.950000 -0.000000
10.000000 -0.000000
10.050000 -0.000000
10.100000 -0.000000
10.150000 -0.000000
10.200000 -0.000000
10.250000 -0.000000
10.300000 -0.000000
10.350000 -0.000000
10.400000 0.000000
10.450000 -0.000000
10.500000 0.000000
10.550000 -0.000000
10.600000 0.000000
10.650000 -0.000000
10.700000 0.000000
10.750000 -0.000000
10.800000 0.000000
10.850000 -0.000000
10.900000 0.000000
10.950000 -0.000000
11.000000 0.000000
11.050000 -0.000000
11.100000 0.000000
11.150000 -0.000000
11.200000 0.000000
11.250000 -0.000000
11.300000 0.000000
11.350000 -0.000000
11.400000 0.000000
11.450000 -0.000000
11.500000 0.000000
11.550000 -0.000000
11.600000 0.000000
11.650000 -0.000000
11.700000 0.000000
11.750000 -0.000000
11.800000 0.000000
11.850000 -0.000000
11.900000 0.000000
11.950000 -0.000000
12.000000 0.000000
12.050000 -0.000000
12.100000 0.000000
12.150000 -0.000000
12.200000 0.000000
12.250000 -0.000000
12.300000 0.000000
12.350000 -0.000000
12.400000 0.000000
12.450000 -0.000000
12.500000 0.000000
12.550000 -0.000000
12.600000 0.000000
12.650000 -0.000000
12.700000 0.000000
12.750000 -0.000000
12.800000 0.000000
12.850000 -0.000000
12.900000 0.000000
12.950000 -0.000000
13.000000 0.000000
13.050000 -0.000000
13.100000 0.000000
13.150000 -0.000000
13.200000 0.000000
13.250000 -0.000000
13.300000 0.000000
13.350000 -0.000000
13.400000 0.000000
13.450000 -0.000000
13.500000 0.000000
13.550000 -0.000000
13.600000 -0.000000
13.650000 0.000000
13.700000 -0.000000
13.750000 0.000000
13.800000 -0.000000
13.850000 0.000000
13.900000 -0.000000
13.950000 0.000000
14.000000 -0.000000
14.050000 0.000000
14.100000 -0.000000
14.150000 0.000000
14.200000 -0.000000
14.250000 0.000000
14.300000 -0.000000
14.350000 0.000000
14.400000 -0.000000
14.450000 0.000000
14.500000 -0.000000
14.550000 0.000000
14.600000 -0.000000
14.650000 0.000000
14.700000 -0.000000
14.750000 0.000000
14.800000 -0.000000
14.850000 0.000000
14.900000 -0.000000
14.950000 0.000000
15.000000 -0.000000
15.050000 0.000000
15.100000 -0.000000
15.150000 0.000000
15.200000 -0.000000
15.250000 0.000000
15.300000 -0.000000
15.350000 0.000000
15.400000 -0.000000
15.450000 0.000000
15.500000 -0.000000
15.550000 0.000000
15.600000 -0.000000
15.650000 0.000000
15.700000 -0.000000
15.750000 0.000000
15.800000 -0.000000
15.850000 0.000000
15.900000 -0.000000
15.950000 0.000000
16.000000 -0.000000
16.050000 0.000000
16.100000 -0.000000
16.150000 0.000000
16.200000 -0.000000
16.250000 0.000000
16.300000 -0.000000
16.350000 0.000000
16.400000 -0.000000
16.450000 0.000000
16.500000 -0.000000
16.550000 0.000000
16.600000 -0.000000
16.650000 0.000000
16.700000 -0.000000
16.750000 0.000000
16.800000 -0.000000
16.850000 0.000000
16.900000 -0.000000
16.950000 0.000000
17.000000 -0.000000
17.050000 0.000000
17.100000 -0.000000
17.150000 0.000000
17.200000 -0.000000
17.250000 0.000000
17.300000 -0.000000
17.350000 0.000000
17.400000 -0.000000
17.450000 0.000000
17.500000 0.000000
17.550000 -0.000000
17.600000 0.000000
17.650000 -0.000000
17.700000 0.000000
17.750000 -0.000000
17.800000 0.000000
17.850000 -0.000000
17.900000 0.000000
17.950000 -0.000000
18.000000 0.000000
18.050000 -0.000000
18.100000 0.000000
18.150000 -0.000000
18.200000 0.000000
18.250000 -0.000000
18.300000 0.000000
18.350000 -0.000000
18.400000 0.000000
18.450000 -0.000000
18.500000 0.000000
18.550000 -0.000000
18.600000 0.000000
18.650000 -0.000000
18.700000 0.000000
18.750000 -0.000000
18.800000 0.000000
18.850000 -0.000000
18.900000 0.000000
18.950000 -0.000000
19.000000 0.000000
19.050000 -0.000000
19.100000 0.000000
19.150000 -0.000000
19.200000 0.000000
19.250000 -0.000000
19.300000 0.000000
19.350000 -0.000000
19.400000 0.000000
19.450000 -0.000000
19.500000 0.000000
19.550000 -0.000000
19.600000 0.000000
19.650000 -0.000000
19.700000 0.000000
19.750000 -0.000000
19.800000 0.000000
19.850000 -0.000000
19.900000 0.000000
19.950000 -0.000000
20.000000 0.000000
20.050000 -0.000000
20.100000 0.000000
20.150000 -0.000000
20.200000 0.000000
20.250000 -0.000000
20.300000 0.000000
20.350000 -0.000000
20.400000 0.000000
20.450000 -0.000000
20.500000 0.000000
20.550000 -0.000000
20.600000 0.000000
20.650000 -0.000000
20.700000 0.000000
20.750000 -0.000000
20.800000 0.000000
20.850000 -0.000000
20.900000 0.000000
20.950000 -0.000000
21.000000 0.000000
21.050000 -0.000000
21.100000 0.000000
21.150000 -0.000000
21.200000 0.000000
21.250000 0.000000
21.300000 -0.000000
21.350000 0.000000
21.400000 -0.000000
21.450000 0.000000
21.500000 -0.000000
21.550000 0.000000
21.600000 -0.000000
21.650000 0.000000
21.700000 -0.000000
21.750000 0.000000
21.800000 -0.000000
21.850000 0.000000
21.900000 -0.000000
21.950000 0.000000
22.000000 -0.000000
22.050000 0.000000
22.100000 -0.000000
22.150000 0.000000
22.200000 -0.000000
22.250000 0.000000
22.300000 -0.000000
22.350000 0.000000
22.400000 -0.000000
22.450000 0.000000
22.500000 -0.000000
22.550000 0.000000
22.600000 -0.000000
22.650000 0.000000
22.700000 -0.000000
22.750000 0.000000
22.800000 -0.000000
22.850000 0.000000
22.900000 -0.000000
22.950000 0.000000
23.000000 -0.000000
23.050000 0.000000
23.100000 -0.000000
23.150000 0.000000
23.200000 -0.000000
23.250000 0.000000
23.300000 -0.000000
23.350000 0.000000
23.400000 -0.000000
23.450000 0.000000
23.500000 -0.000000
23.550000 0.000000
23.600000 -0.000000
23.650000 0.000000
23.700000 -0.000000
23.750000 0.000000
23.800000 -0.000000
23.850000 0.000000
23.900000 -0.000000
23.950000 0.000000
24.000000 -0.000000
24.050000 0.000000
24.100000 -0.000000
24.150000 0.000000
24.200000 -0.000000
24.250000 0.000000
24.300000 -0.000000
24.350000 0.000000
24.400000 -0.000000
24.450000 0.000000
24.500000 -0.000000
24.550000 0.000000
24.600000 -0.000000
24.650000 0.000000
24.700000 -0.000000
24.750000 0.000000
24.800000 -0.000000
24.850000 -0.000000
24.900000 0.000000
24.950000 -0.000000
25.000000 0.000000
25.050000 -0.000000
25.100000 0.000000
25.150000 -0.000000
25.200000 0.000000
25.250000 -0.000000
25.300000 0.000000
25.350000 -0.000000
25.400000 0.000000
25.450000 -0.000000
25.500000 0.000000
25.550000 -0.000000
25.600000 0.000000
25.650000 -0.000000
25.700000 0.000000
25.750000 -0.000000
25.800000 0.000000
25.850000 -0.000000
25.900000 0.000000
25.950000 -0.000000
26.000000 0.000000
26.050000 -0.000000
26.100000 0.000000
26.150000 -0.000000
26.200000 0.000000
26.250000 -0.000000
26.300000 0.000000
26.350000 -0.000000
26.400000 0.000000
26.450000 -0.000000
26.500000 0.000000
26.550000 -0.000000
26.600000 0.000000
26.650000 -0.000000
26.700000 0.000000
26.750000 -0.000000
26.800000 0.000000
26.850000 -0.000000
26.900000 0.000000
26.950000 -0.000000
27.000000 0.000000
27.050000 -0.000000
27.100000 0.000000
27.150000 -0.000000
27.200000 0.000000
27.250000 -0.000000
27.300000 0.000000
27.350000 -0.000000
27.400000 0.000000
27.450000 -0.000000
27.500000 0.000000
27.550000 -0.000000
27.600000 0.000000
27.650000 -0.000000
27.700000 0.000000
27.750000 -0.000000
27.800000 0.000000
27.850000 -0.000000
27.900000 0.000000
27.950000 -0.000000
28.000000 0.000000
28.050000 -0.000000
28.100000 0.000000
28.150000 -0.000000
28.200000 0.000000
28.250000 -0.000000
28.300000 -0.000000
28.350000 0.000000
28.400000 -0.000000
28.450000 0.000000
28.500000 -0.000000
28.550000 0.000000
28.600000 -0.000000
28.650000 0.000000
28.700000 -0.000000
28.750000 0.000000
28.800000 -0.000000
28.850000 0.000000
28.900000 -0.000000
28.950000 0.000000
29.000000 -0.000000
29.050000 0.000000
29.100000 -0.000000
29.150000 0.000000
29.200000 -0.000000
29.250000 0.000000
29.300000 -0.000000
29.350000 0.000000
29.400000 -0.000000
29.450000 0.000000
29.500000 -0.000000
29.550000 0.000000
29.600000 -0.000000
29.650000 0.000000
29.700000 -0.000000
29.750000 0.000000
29.800000 -0.000000
29.850000 0.000000
29.900000 -0.000000
29.950000 0.000000
30.000000 -0.000000
30.050000 0.000000
30.100000 -0.000000
30.150000 0.000000
30.200000 -0.000000
30.250000 0.000000
30.300000 -0.000000
30.350000 0.000000
30.400000 -0.000000
30.450000 0.000000
30.500000 -0.000000
30.550000 0.000000
30.600000 -0.000000
30.650000 0.000000
30.700000 -0.000000
30.750000 0.000000
30.800000 -0.000000
30.850000 0.000000
30.900000 -0.000000
30.950000 0.000000
31.000000 -0.000000
31.050000 0.000000
31.100000 -0.000000
31.150000 0.000000
31.200000 -0.000000
31.250000 0.000000
31.300000 -0.000000
31.350000 0.000000
31.400000 -0.000000
31.450000 0.000000
31.500000 -0.000000
31.550000 0.000000
31.600000 0.000000
31.650000 -0.000000
31.700000 0.000000
31.750000 -0.000000
31.800000 0.000000
31.850000 -0.000000
31.900000 0.000000
31.950000 -0.000000
32.000000 0.000000
32.050000 -0.000000
32.100000 0.000000
32.150000 -0.000000
32.200000 0.000000
32.250000 -0.000000
32.300000 0.000000
32.350000 -0.000000
32.400000 0.000000
32.450000 -0.000000
32.500000 0.000000
32.550000 -0.000000
32.600000 0.000000
32.650000 -0.000000
32.700000 0.000000
32.750000 -0.000000
32.800000 0.000000
32.850000 -0.000000
32.900000 0.000000
32.950000 -0.000000
33.000000 0.000000
33.050000 -0.000000
33.100000 0.000000
33.150000 -0.000000
33.200000 0.000000
33.250000 -0.000000
33.300000 0.000000
33.350000 -0.000000
33.400000 0.000000
33.450000 -0.000000
33.500000 0.000000
33.550000 -0.000000
33.600000 0.000000
33.650000 -0.000000
33.700000 0.000000
33.750000 -0.000000
33.800000 0.000000
33.850000 -0.000000
33.900000 0.000000
33.950000 -0.000000
34.000000 0.000000
34.050000 -0.000000
34.100000 0.000000
34.150000 -0.000000
34.200000 0.000000
34.250000 -0.000000
34.300000 0.000000
34.350000 -0.000000
34.400000 0.000000
34.450000 -0.000000
34.500000 0.000000
34.550000 -0.000000
34.600000 0.000000
34.650000 -0.000000
34.700000 0.000000
34.750000 -0.000000
34.800000 -0.000000
34.850000 0.000000
34.900000 -0.000000
34.950000 0.000000
35.000000 -0.000000
35.050000 0.000000
35.100000 -0.000000
35.150000 0.000000
35.200000 -0.000000
35.250000 0.000000
35.300000 -0.000000
35.350000 0.000000
35.400000 -0.000000
35.450000 0.000000
35.500000 -0.000000
35.550000 0.000000
35.600000 -0.000000
35.650000 0.000000
35.700000 -0.000000
35.750000 0.000000
35.800000 -0.000000
35.850000 0.000000
35.900000 -0.000000
35.950000 0.000000
36.000000 -0.000000
36.050000 0.000000
36.100000 -0.000000
36.150000 0.000000
36.200000 -0.000000
36.250000 0.000000
36.300000 -0.000000
36.350000 0.000000
36.400000 -0.000000
36.450000 0.000000
36.500000 -0.000000
36.550000 0.000000
36.600000 -0.000000
36.650000 0.000000
36.700000 -0.000000
36.750000 0.000000
36.800000 -0.000000
36.850000 0.000000
36.900000 -0.000000
36.950000 0.000000
37.000000 -0.000000
37.050000 0.000000
37.100000 -0.000000
37.150000 0.000000
37.200000 -0.000000
37.250000 0.000000
37.300000 -0.000000
37.350000 0.000000
37.400000 -0.000000
37.450000 0.000000
37.500000 -0.000000
37.550000 0.000000
37.600000 -0.000000
37.650000 0.000000
37.700000 -0.000000
37.750000 0.000000
37.800000 0.000000
37.850000 -0.000000
37.900000 0.000000
37.950000 -0.000000
38.000000 0.000000
38.050000 -0.000000
38.100000 0.000000
38.150000 -0.000000
38.200000 0.000000
38.250000 -0.000000
38.300000 0.000000
38.350000 -0.000000
38.400000 0.000000
38.450000 -0.000000
38.500000 0.000000
38.550000 -0.000000
38.600000 0.000000
38.650000 -0.000000
38.700000 0.000000
38.750000 -0.000000
38.800000 0.000000
38.850000 -0.000000
38.900000 0.000000
38.950000 -0.000000
39.000000 0.000000
39.050000 -0.000000
39.100000 0.000000
39.150000 -0.000000
39.200000 0.000000
39.250000 -0.000000
39.300000 0.000000
39.350000 -0.000000
39.400000 0.000000
39.450000 -0.000000
39.500000 0.000000
39.550000 -0.000000
39.600000 0.000000
39.650000 -0.000000
39.700000 0.000000
39.750000 -0.000000
39.800000 0.000000
39.850000 -0.000000
39.900000 0.000000
39.950000 -0.000000
40.000000 0.000000
40.050000 -0.000000
40.100000 0.000000
40.150000 -0.000000
40.200000 0.000000
40.250000 -0.000000
40.300000 0.000000
40.350000 -0.000000
40.400000 0.000000
40.450000 -0.000000
40.500000 0.000000
40.550000 -0.000000
40.600000 0.000000
40.650000 -0.000000
40.700000 -0.000000
40.750000 -0.000000
40.800000 -0.000000
40.850000 0.000000
40.900000 0.000000
40.950000 0.000000
41.000000 -0.000000
41.050000 0.000000
41.100000 -0.000000
41.150000 0.000000
41.200000 -0.000000
41.250000 0.000000
41.300000 -0.000000
41.350000 0.000000
41.400000 -0.000000
41.450000 0.000000
41.500000 -0.000000
41.550000 0.000000
41.600000 -0.000000
41.650000 0.000000
41.700000 -0.000000
41.750000 0.000000
41.800000 -0.000000
41.850000 0.000000
41.900000 -0.000000
41.950000 0.000000
42.000000 -0.000000
42.050000 0.000000
42.100000 -0.000000
42.150000 0.000000
42.200000 -0.000000
42.250000 0.000000
42.300000 -0.000000
42.350000 0.000000
42.400000 -0.000000
42.450000 0.000000
42.500000 -0.000000
42.550000 0.000000
42.600000 -0.000000
42.650000 0.000000
42.700000 -0.000000
42.750000 0.000000
42.800000 -0.000000
42.850000 0.000000
42.900000 -0.000000
42.950000 0.000000
43.000000 -0.000000
43.050000 -0.000000
43.100000 -0.000000
43.150000 0.000000
43.200000 0.000000
43.250000 0.000000
43.300000 0.000000
43.350000 0.000000
43.400000 -0.000000
43.450000 -0.000000
43.500000 -0.000000
43.550000 -0.000000
43.600000 -0.000000
43.650000 0.000000
43.700000 0.000000
43.750000 0.000000
43.800000 0.000000
43.850000 -0.000000
43.900000 -0.000000
43.950000 -0.000000
44.000000 -0.000000
44.050000 -0.000000
44.100000 0.000000
44.150000 0.000000
44.200000 0.000000
44.250000 0.000000
44.300000 0.000000
44.350000 -0.000000
44.400000 -0.000000
44.450000 -0.000000
44.500000 -0.000000
44.550000 -0.000000
44.600000 0.000000
44.650000 0.000000
44.700000 0.000000
44.750000 0.000000
44.800000 0.000000
44.850000 -0.000000
44.900000 -0.000000
44.950000 -0.000000
