-30.000000 0.000461
-29.950000 0.000237
-29.900000 0.000493
-29.850000 0.000083
-29.800000 0.000187
-29.750000 -0.000348
-29.700000 -0.000325
-29.650000 -0.000908
-29.600000 -0.000889
-29.550000 -0.001443
-29.500000 -0.001356
-29.450000 -0.001818
-29.400000 -0.001610
-29.350000 -0.001937
-29.300000 -0.001577
-29.250000 -0.001755
-29.200000 -0.001246
-29.150000 -0.001290
-29.100000 -0.000660
-29.050000 -0.000613
-29.000000 0.000084
-28.950000 0.000160
-28.900000 0.000858
-28.850000 0.000895
-28.800000 0.001525
-28.750000 0.001458
-28.700000 0.001962
-28.650000 0.001745
-28.600000 0.002090
-28.550000 0.001700
-28.500000 0.001880
-28.450000 0.001327
-28.400000 0.001363
-28.350000 0.000685
-28.300000 0.000628
-28.250000 -0.000118
-28.200000 -0.000203
-28.150000 -0.000945
-28.100000 -0.000985
-28.050000 -0.001654
-28.000000 -0.001585
-27.950000 -0.002121
-27.900000 -0.001893
-27.850000 -0.002262
-27.800000 -0.001853
-27.750000 -0.002045
-27.700000 -0.001464
-27.650000 -0.001502
-27.600000 -0.000784
-27.550000 -0.000719
-27.500000 0.000075
-27.450000 0.000175
-27.400000 0.000970
-27.350000 0.001028
-27.300000 0.001749
-27.250000 0.001694
-27.200000 0.002279
-27.150000 0.002058
-27.100000 0.002465
-27.050000 0.002053
-27.000000 0.002272
-26.950000 0.001675
-26.900000 0.001727
-26.850000 0.000980
-26.800000 0.000915
-26.750000 0.000079
-26.700000 -0.000035
-26.650000 -0.000886
-26.600000 -0.000969
-26.550000 -0.001756
-26.500000 -0.001735
-26.450000 -0.002389
-26.400000 -0.002204
-26.350000 -0.002677
-26.300000 -0.002293
-26.250000 -0.002566
-26.200000 -0.001979
-26.150000 -0.002066
-26.100000 -0.001306
-26.050000 -0.001250
-26.000000 -0.000376
-25.950000 -0.000246
-25.900000 0.000667
-25.850000 0.000788
-25.800000 0.001655
-25.750000 0.001687
-25.700000 0.002431
-25.650000 0.002304
-25.600000 0.002868
-25.550000 0.002538
-25.500000 0.002893
-25.450000 0.002347
-25.400000 0.002496
-25.350000 0.001753
-25.300000 0.001731
-25.250000 0.000841
-25.200000 0.000711
-25.150000 -0.000254
-25.100000 -0.000412
-25.050000 -0.001366
-25.000000 -0.001466
-24.950000 -0.002324
-24.900000 -0.002287
-24.850000 -0.002978
-24.800000 -0.002743
-24.750000 -0.003221
-24.700000 -0.002757
-24.650000 -0.003007
-24.600000 -0.002317
-24.550000 -0.002360
-24.500000 -0.001483
-24.450000 -0.001373
-24.400000 -0.000375
-24.350000 -0.000189
-24.300000 0.000845
-24.250000 0.001017
-24.200000 0.001995
-24.150000 0.002064
-24.100000 0.002904
-24.050000 0.002796
-24.000000 0.003434
-23.950000 0.003099
-23.900000 0.003502
-23.850000 0.002922
-23.800000 0.003088
-23.750000 0.002280
-23.700000 0.002243
-23.650000 0.001258
-23.600000 0.001083
-23.550000 -0.000004
-23.500000 -0.000232
-23.450000 -0.001328
-23.400000 -0.001513
-23.350000 -0.002522
-23.300000 -0.002573
-23.250000 -0.003411
-23.200000 -0.003254
-23.150000 -0.003862
-23.100000 -0.003452
-23.050000 -0.003802
-23.000000 -0.003130
-22.950000 -0.003232
-22.900000 -0.002326
-22.850000 -0.002224
-22.800000 -0.001146
-22.750000 -0.000914
-22.700000 0.000253
-22.650000 0.000521
-22.600000 0.001679
-22.550000 0.001886
-22.500000 0.002937
-22.450000 0.002990
-22.400000 0.003851
-22.350000 0.003676
-22.300000 0.004288
-22.250000 0.003843
-22.200000 0.004179
-22.150000 0.003455
-22.100000 0.003526
-22.050000 0.002554
-22.000000 0.002408
-21.950000 0.001252
-21.900000 0.000969
-21.850000 -0.000281
-21.800000 -0.000604
-21.750000 -0.001843
-21.700000 -0.002099
-21.650000 -0.003225
-21.600000 -0.003316
-21.550000 -0.004239
-21.500000 -0.004089
-21.450000 -0.004746
-21.400000 -0.004308
-21.350000 -0.004671
-21.300000 -0.003936
-21.250000 -0.004014
-21.200000 -0.003010
-21.150000 -0.002850
-21.100000 -0.001639
-21.050000 -0.001318
-21.000000 0.000009
-20.950000 0.000391
-20.900000 0.001728
-20.850000 0.002062
-20.800000 0.003299
-20.750000 0.003478
-20.700000 0.004516
-20.650000 0.004453
-20.600000 0.005219
-20.550000 0.004855
-20.500000 0.005307
-20.450000 0.004621
-20.400000 0.004759
-20.350000 0.003770
-20.300000 0.003632
-20.250000 0.002398
-20.200000 0.002059
-20.150000 0.000667
-20.100000 0.000224
-20.050000 -0.001218
-20.000000 -0.001651
-19.950000 -0.003029
-19.900000 -0.003339
-19.850000 -0.004545
-19.800000 -0.004633
-19.750000 -0.005577
-19.700000 -0.005366
-19.650000 -0.005990
-19.600000 -0.005440
-19.550000 -0.005721
-19.500000 -0.004829
-19.450000 -0.004786
-19.400000 -0.003593
-19.350000 -0.003286
-19.300000 -0.001868
-19.250000 -0.001388
-19.200000 0.000151
-19.150000 0.000691
-19.100000 0.002231
-19.050000 0.002707
-19.000000 0.004127
-18.950000 0.004425
-18.900000 0.005619
-18.850000 0.005642
-18.800000 0.006526
-18.750000 0.006210
-18.700000 0.006737
-18.650000 0.006052
-18.600000 0.006215
-18.550000 0.005174
-18.500000 0.005004
-18.450000 0.003657
-18.400000 0.003225
-18.350000 0.001660
-18.300000 0.001064
-18.250000 -0.000606
-18.200000 -0.001243
-18.150000 -0.002894
-18.100000 -0.003443
-18.050000 -0.004947
-18.000000 -0.005289
-17.950000 -0.006533
-17.900000 -0.006567
-17.850000 -0.007469
-17.800000 -0.007128
-17.750000 -0.007638
-17.700000 -0.006896
-17.650000 -0.007011
-17.600000 -0.005885
-17.550000 -0.005642
-17.500000 -0.004188
-17.450000 -0.003663
-17.400000 -0.001975
-17.350000 -0.001273
-17.300000 0.000532
-17.250000 0.001284
-17.200000 0.003076
-17.150000 0.003746
-17.100000 0.005393
-17.050000 0.005855
-17.000000 0.007238
-16.950000 0.007383
-16.900000 0.008409
-16.850000 0.008160
-16.800000 0.008771
-16.750000 0.008091
-16.700000 0.008270
-16.650000 0.007165
-16.600000 0.006940
-16.550000 0.005460
-16.500000 0.004901
-16.450000 0.003133
-16.400000 0.002345
-16.350000 0.000406
-16.300000 -0.000484
-16.250000 -0.002458
-16.200000 -0.003311
-16.150000 -0.005181
-16.100000 -0.005860
-16.050000 -0.007495
-16.000000 -0.007879
-15.950000 -0.009167
-15.900000 -0.009159
-15.850000 -0.010022
-15.800000 -0.009561
-15.750000 -0.009959
-15.700000 -0.009027
-15.650000 -0.008963
-15.600000 -0.007587
-15.550000 -0.007110
-15.500000 -0.005359
-15.450000 -0.004558
-15.400000 -0.002539
-15.350000 -0.001536
-15.300000 0.000619
-15.250000 0.001683
-15.200000 0.003827
-15.150000 0.004804
-15.100000 0.006790
-15.050000 0.007540
-15.000000 0.009236
-14.950000 0.009637
-14.900000 0.010936
-14.850000 0.010897
-14.800000 0.011725
-14.750000 0.011191
-14.700000 0.011514
-14.650000 0.010473
-14.600000 0.010301
-14.550000 0.008783
-14.500000 0.008167
-14.450000 0.006246
-14.400000 0.005280
-14.350000 0.003065
-14.300000 0.001872
-14.250000 -0.000499
-14.200000 -0.001771
-14.150000 -0.004145
-14.100000 -0.005340
-14.050000 -0.007561
-14.000000 -0.008527
-13.950000 -0.010450
-13.900000 -0.011054
-13.850000 -0.012560
-13.800000 -0.012698
-13.750000 -0.013701
-13.700000 -0.013305
-13.650000 -0.013759
-13.600000 -0.012806
-13.550000 -0.012708
-13.500000 -0.011219
-13.450000 -0.010611
-13.400000 -0.008648
-13.350000 -0.007615
-13.300000 -0.005281
-13.250000 -0.003941
-13.200000 -0.001368
-13.150000 0.000133
-13.100000 0.002790
-13.050000 0.004292
-13.000000 0.006868
-12.950000 0.008209
-12.900000 0.010547
-12.850000 0.011575
-12.800000 0.013533
-12.750000 0.014120
-12.700000 0.015587
-12.650000 0.015639
-12.600000 0.016538
-12.550000 0.015998
-12.500000 0.016295
-12.450000 0.015150
-12.400000 0.014852
-12.350000 0.013132
-12.300000 0.012289
-12.250000 0.010064
-12.200000 0.008767
-12.150000 0.006145
-12.100000 0.004517
-12.050000 0.001635
-12.000000 -0.000174
-11.950000 -0.003156
-11.900000 -0.004979
-11.850000 -0.007889
-11.800000 -0.009556
-11.750000 -0.012227
-11.700000 -0.013574
-11.650000 -0.015853
-11.600000 -0.016739
-11.550000 -0.018498
-11.500000 -0.018813
-11.450000 -0.019960
-11.400000 -0.019632
-11.350000 -0.020117
-11.300000 -0.019118
-11.250000 -0.018934
-11.200000 -0.017278
-11.150000 -0.016463
-11.100000 -0.014209
-11.050000 -0.012840
-11.000000 -0.010086
-10.950000 -0.008279
-10.900000 -0.005155
-10.850000 -0.003054
-10.800000 0.000283
-10.750000 0.002512
-10.700000 0.005890
-10.650000 0.008071
-10.600000 0.011314
-10.550000 0.013273
-10.500000 0.016211
-10.450000 0.017788
-10.400000 0.020272
-10.350000 0.021329
-10.300000 0.023235
-10.250000 0.023666
-10.200000 0.024906
-10.150000 0.024640
-10.100000 0.025162
-10.050000 0.024168
-10.000000 0.023962
-9.950000 0.022247
-9.900000 0.021340
-9.850000 0.018954
-9.800000 0.017412
-9.750000 0.014439
-9.700000 0.012366
-9.650000 0.008927
-9.600000 0.006459
-9.550000 0.002701
-9.500000 -0.000001
-9.450000 -0.003907
-9.400000 -0.006667
-9.350000 -0.010539
-9.300000 -0.013174
-9.250000 -0.016830
-9.200000 -0.019163
-9.150000 -0.022433
-9.100000 -0.024300
-9.050000 -0.027030
-9.000000 -0.028293
-8.950000 -0.030360
-8.900000 -0.030909
-8.850000 -0.032221
-8.800000 -0.031983
-8.750000 -0.032485
-8.700000 -0.031425
-8.650000 -0.031102
-8.600000 -0.029226
-8.550000 -0.028106
-8.500000 -0.025462
-8.450000 -0.023612
-8.400000 -0.020287
-8.350000 -0.017812
-8.300000 -0.013928
-8.250000 -0.010966
-8.200000 -0.006672
-8.150000 -0.003382
-8.100000 0.001153
-8.050000 0.004597
-8.000000 0.009195
-7.950000 0.012613
-7.900000 0.017096
-7.850000 0.020314
-7.800000 0.024512
-7.750000 0.027364
-7.700000 0.031117
-7.650000 0.033454
-7.600000 0.036623
-7.550000 0.038314
-7.500000 0.040783
-7.450000 0.041723
-7.400000 0.043398
-7.350000 0.043512
-7.300000 0.044332
-7.250000 0.043573
-7.200000 0.043510
-7.150000 0.041867
-7.100000 0.040926
-7.050000 0.038423
-7.000000 0.036643
-6.950000 0.033332
-6.900000 0.030783
-6.850000 0.026749
-6.800000 0.023527
-6.750000 0.018879
-6.700000 0.015105
-6.650000 0.009974
-6.600000 0.005787
-6.550000 0.000321
-6.500000 -0.004121
-6.450000 -0.009760
-6.400000 -0.014289
-6.350000 -0.019926
-6.300000 -0.024367
-6.250000 -0.029825
-6.200000 -0.033999
-6.150000 -0.039101
-6.100000 -0.042836
-6.050000 -0.047416
-6.000000 -0.050554
-5.950000 -0.054463
-5.900000 -0.056864
-5.850000 -0.059976
-5.800000 -0.061528
-5.750000 -0.063744
-5.700000 -0.064363
-5.650000 -0.065613
-5.600000 -0.065245
-5.550000 -0.065491
-5.500000 -0.064112
-5.450000 -0.063346
-5.400000 -0.060963
-5.350000 -0.059206
-5.300000 -0.055857
-5.250000 -0.053162
-5.200000 -0.048912
-5.150000 -0.045357
-5.100000 -0.040298
-5.050000 -0.035987
-5.000000 -0.030232
-4.950000 -0.025286
-4.900000 -0.018965
-4.850000 -0.013520
-4.800000 -0.006770
-4.750000 -0.000966
-4.700000 0.006071
-4.650000 0.012094
-4.600000 0.019279
-4.550000 0.025384
-4.500000 0.032585
-4.450000 0.038646
-4.400000 0.045738
-4.350000 0.051633
-4.300000 0.058502
-4.250000 0.064122
-4.200000 0.070662
-4.150000 0.075907
-4.100000 0.082025
-4.050000 0.086807
-4.000000 0.092423
-3.950000 0.096670
-3.900000 0.101717
-3.850000 0.105369
-3.800000 0.109795
-3.750000 0.112806
-3.700000 0.116571
-3.650000 0.118908
-3.600000 0.121983
-3.550000 0.123620
-3.500000 0.125982
-3.450000 0.126897
-3.400000 0.128527
-3.350000 0.128704
-3.300000 0.129585
-3.250000 0.129006
-3.200000 0.129122
-3.150000 0.127772
-3.100000 0.127108
-3.050000 0.124972
-3.000000 0.123512
-2.950000 0.120576
-2.900000 0.118305
-2.850000 0.114550
-2.800000 0.111448
-2.750000 0.106852
-2.700000 0.102892
-2.650000 0.097425
-2.600000 0.092572
-2.550000 0.086192
-2.500000 0.080400
-2.450000 0.073054
-2.400000 0.066264
-2.350000 0.057890
-2.300000 0.050033
-2.250000 0.040555
-2.200000 0.031552
-2.150000 0.020889
-2.100000 0.010654
-2.050000 -0.001287
-2.000000 -0.012850
-1.950000 -0.026166
-1.900000 -0.039159
-1.850000 -0.053957
-1.800000 -0.068489
-1.750000 -0.084879
-1.700000 -0.101062
-1.650000 -0.119156
-1.600000 -0.137100
-1.550000 -0.157004
-1.500000 -0.176807
-1.450000 -0.198608
-1.400000 -0.220345
-1.350000 -0.244103
-1.300000 -0.267812
-1.250000 -0.293542
-1.200000 -0.319212
-1.150000 -0.346869
-1.100000 -0.374422
-1.050000 -0.403891
-1.000000 -0.433166
-0.950000 -0.464241
-0.900000 -0.494985
-0.850000 -0.527357
-0.800000 -0.559204
-0.750000 -0.592449
-0.700000 -0.624914
-0.650000 -0.658487
-0.600000 -0.690960
-0.550000 -0.724189
-0.500000 -0.755944
-0.450000 -0.788047
-0.400000 -0.818256
-0.350000 -0.848370
-0.300000 -0.876141
-0.250000 -0.903359
-0.200000 -0.927783
-0.150000 -0.951211
-0.100000 -0.971425
-0.050000 -0.990244
0.000000 -1.005491
0.050000 -1.019021
0.100000 -1.028711
0.150000 -1.036465
0.200000 -1.040226
0.250000 -1.041953
0.300000 -1.039660
0.350000 -1.035366
0.400000 -1.027154
0.450000 -1.017099
0.500000 -1.003348
0.550000 -0.988026
0.600000 -0.969333
0.650000 -0.949430
0.700000 -0.926556
0.750000 -0.902893
0.800000 -0.876706
0.850000 -0.850181
0.900000 -0.821592
0.950000 -0.793115
1.000000 -0.763020
1.050000 -0.733459
1.100000 -0.702688
1.150000 -0.672829
1.200000 -0.642114
1.250000 -0.612627
1.300000 -0.582577
1.350000 -0.554009
1.400000 -0.525106
1.450000 -0.497876
1.500000 -0.470479
1.550000 -0.444888
1.600000 -0.419244
1.650000 -0.395489
1.700000 -0.371748
1.750000 -0.349936
1.800000 -0.328168
1.850000 -0.308335
1.900000 -0.288542
1.950000 -0.270662
2.000000 -0.252796
2.050000 -0.236799
2.100000 -0.220770
2.150000 -0.206552
2.200000 -0.192245
2.250000 -0.179680
2.300000 -0.166964
2.350000 -0.155918
2.400000 -0.144655
2.450000 -0.134991
2.500000 -0.125046
2.550000 -0.116631
2.600000 -0.107875
2.650000 -0.100583
2.700000 -0.092895
2.750000 -0.086610
2.800000 -0.079876
2.850000 -0.074488
2.900000 -0.068602
2.950000 -0.064007
3.000000 -0.058869
3.050000 -0.054973
3.100000 -0.050493
3.150000 -0.047210
3.200000 -0.043307
3.250000 -0.040561
3.300000 -0.037167
3.350000 -0.034898
3.400000 -0.031959
3.450000 -0.030119
3.500000 -0.027595
3.550000 -0.026151
3.600000 -0.024015
3.650000 -0.022946
3.700000 -0.021184
3.750000 -0.020482
3.800000 -0.019093
3.850000 -0.018766
3.900000 -0.017765
3.950000 -0.017838
4.000000 -0.017264
4.050000 -0.017791
4.100000 -0.017715
4.150000 -0.018787
4.200000 -0.019325
4.250000 -0.021089
4.300000 -0.022421
4.350000 -0.025094
4.400000 -0.027483
4.450000 -0.031379
4.500000 -0.035199
4.550000 -0.040764
4.600000 -0.046543
4.650000 -0.054400
4.700000 -0.062873
4.750000 -0.073891
4.800000 -0.086081
4.850000 -0.101463
4.900000 -0.118787
4.950000 -0.140196
5.000000 -0.164602
5.050000 -0.194317
5.100000 -0.228461
5.150000 -0.269566
5.200000 -0.317017
5.250000 -0.373617
5.300000 -0.439069
5.350000 -0.516495
5.400000 -0.605944
5.450000 -0.710868
5.500000 -0.831636
5.550000 -0.971950
5.600000 -1.132348
5.650000 -1.316534
5.700000 -1.524843
5.750000 -1.760450
5.800000 -2.022769
5.850000 -2.313533
5.900000 -2.630122
5.950000 -2.971544
6.000000 -3.331784
6.050000 -3.705819
6.100000 -4.083200
6.150000 -4.454380
6.200000 -4.804813
6.250000 -5.121864
6.300000 -5.389584
6.350000 -5.596150
6.400000 -5.729000
6.450000 -5.782208
6.500000 -5.751207
6.550000 -5.639286
6.600000 -5.451261
6.650000 -5.198826
6.700000 -4.893337
6.750000 -4.550554
6.800000 -4.183332
6.850000 -3.806562
6.900000 -3.430414
6.950000 -3.065874
7.000000 -2.718660
7.050000 -2.395243
7.100000 -2.097191
7.150000 -1.827380
7.200000 -1.584484
7.250000 -1.369151
7.300000 -1.178474
7.350000 -1.012037
7.400000 -0.866327
7.450000 -0.740632
7.500000 -0.631408
7.550000 -0.538064
7.600000 -0.457304
7.650000 -0.388829
7.700000 -0.329687
7.750000 -0.279911
7.800000 -0.236889
7.850000 -0.200956
7.900000 -0.169800
7.950000 -0.144006
8.000000 -0.121504
8.050000 -0.103077
8.100000 -0.086843
8.150000 -0.073735
8.200000 -0.062019
8.250000 -0.052733
8.300000 -0.044258
8.350000 -0.037710
8.400000 -0.031554
8.450000 -0.026962
8.500000 -0.022465
8.550000 -0.019271
8.600000 -0.015962
8.650000 -0.013771
8.700000 -0.011316
8.750000 -0.009845
8.800000 -0.008006
8.850000 -0.007053
8.900000 -0.005658
8.950000 -0.005078
9.000000 -0.004002
9.050000 -0.003684
9.100000 -0.002833
9.150000 -0.002697
9.200000 -0.002002
9.250000 -0.001990
9.300000 -0.001400
9.350000 -0.001472
9.400000 -0.000956
9.450000 -0.001084
9.500000 -0.000622
9.550000 -0.000794
9.600000 -0.000376
9.650000 -0.000583
9.700000 -0.000203
9.750000 -0.000440
9.800000 -0.000092
9.850000 -0.000354
9.900000 -0.000032
9.950000 -0.000310
10.000000 -0.000004
10.050000 -0.000288
10.100000 0.000010
10.150000 -0.000272
10.200000 0.000027
10.250000 -0.000247
10.300000 0.000055
10.350000 -0.000211
10.400000 0.000093
10.450000 -0.000169
10.500000 0.000132
10.550000 -0.000131
10.600000 0.000160
10.650000 -0.000110
10.700000 0.000169
10.750000 -0.000109
10.800000 0.000156
10.850000 -0.000128
10.900000 0.000129
10.950000 -0.000155
11.000000 0.000100
11.050000 -0.000177
11.100000 0.000083
11.150000 -0.000182
11.200000 0.000085
11.250000 -0.000167
11.300000 0.000106
11.350000 -0.000137
11.400000 0.000137
11.450000 -0.000104
11.500000 0.000163
11.550000 -0.000081
11.600000 0.000174
11.650000 -0.000079
11.700000 0.000164
11.750000 -0.000096
11.800000 0.000136
11.850000 -0.000126
11.900000 0.000102
11.950000 -0.000155
12.000000 0.000076
12.050000 -0.000170
12.100000 0.000068
12.150000 -0.000164
12.200000 0.000083
12.250000 -0.000138
12.300000 0.000113
12.350000 -0.000102
12.400000 0.000145
12.450000 -0.000072
12.500000 0.000164
12.550000 -0.000060
12.600000 0.000163
12.650000 -0.000070
12.700000 0.000139
12.750000 -0.000099
12.800000 0.000103
12.850000 -0.000133
12.900000 0.000070
12.950000 -0.000157
13.000000 0.000052
13.050000 -0.000161
13.100000 0.000057
13.150000 -0.000142
13.200000 0.000083
13.250000 -0.000106
13.300000 0.000119
13.350000 -0.000070
13.400000 0.000148
13.450000 -0.000046
13.500000 0.000158
13.550000 -0.000045
13.600000 0.000144
13.650000 -0.000067
13.700000 0.000111
13.750000 -0.000103
13.800000 0.000071
13.850000 -0.000137
13.900000 0.000042
13.950000 -0.000154
14.000000 0.000034
14.050000 -0.000146
14.100000 0.000051
14.150000 -0.000116
14.200000 0.000086
14.250000 -0.000075
14.300000 0.000123
14.350000 -0.000040
14.400000 0.000147
14.450000 -0.000024
14.500000 0.000147
14.550000 -0.000035
14.600000 0.000121
14.650000 -0.000067
14.700000 0.000081
14.750000 -0.000106
14.800000 0.000041
14.850000 -0.000137
14.900000 0.000017
14.950000 -0.000145
15.000000 0.000020
15.050000 -0.000127
15.100000 0.000047
15.150000 -0.000089
15.200000 0.000087
15.250000 -0.000045
15.300000 0.000124
15.350000 -0.000013
15.400000 0.000142
15.450000 -0.000006
15.500000 0.000132
15.550000 -0.000027
15.600000 0.000098
15.650000 -0.000066
15.700000 0.000052
15.750000 -0.000108
15.800000 0.000013
15.850000 -0.000135
15.900000 -0.000004
15.950000 -0.000135
16.000000 0.000007
16.050000 -0.000107
16.100000 0.000043
16.150000 -0.000062
16.200000 0.000087
16.250000 -0.000017
16.300000 0.000123
16.350000 0.000011
16.400000 0.000134
16.450000 0.000010
16.500000 0.000116
16.550000 -0.000019
16.600000 0.000074
16.650000 -0.000063
16.700000 0.000025
16.750000 -0.000106
16.800000 -0.000013
16.850000 -0.000129
16.900000 -0.000024
16.950000 -0.000123
17.000000 -0.000005
17.050000 -0.000088
17.100000 0.000037
17.150000 -0.000037
17.200000 0.000085
17.250000 0.000009
17.300000 0.000119
17.350000 0.000034
17.400000 0.000126
17.450000 0.000027
17.500000 0.000100
17.550000 -0.000009
17.600000 0.000053
17.650000 -0.000058
17.700000 0.000000
17.750000 -0.000102
17.800000 -0.000037
17.850000 -0.000123
17.900000 -0.000044
17.950000 -0.000111
18.000000 -0.000020
18.050000 -0.000070
18.100000 0.000028
18.150000 -0.000016
18.200000 0.000079
18.250000 0.000032
18.300000 0.000114
18.350000 0.000056
18.400000 0.000118
18.450000 0.000045
18.500000 0.000088
18.550000 0.000005
18.600000 0.000035
18.650000 -0.000049
18.700000 -0.000021
18.750000 -0.000096
18.800000 -0.000060
18.850000 -0.000117
18.900000 -0.000066
18.950000 -0.000102
19.000000 -0.000038
19.050000 -0.000057
19.100000 0.000014
19.150000 0.000002
19.200000 0.000070
19.250000 0.000054
19.300000 0.000107
19.350000 0.000078
19.400000 0.000111
19.450000 0.000067
19.500000 0.000079
19.550000 0.000024
19.600000 0.000023
19.650000 -0.000035
19.700000 -0.000038
19.750000 -0.000086
19.800000 -0.000081
19.850000 -0.000110
19.900000 -0.000090
19.950000 -0.000097
20.000000 -0.000061
20.050000 -0.000050
20.100000 -0.000006
20.150000 0.000014
20.200000 0.000055
20.250000 0.000072
20.300000 0.000098
20.350000 0.000102
20.400000 0.000107
20.450000 0.000093
20.500000 0.000076
20.550000 0.000048
20.600000 0.000016
20.650000 -0.000015
20.700000 -0.000050
20.750000 -0.000073
20.800000 -0.000100
20.850000 -0.000104
20.900000 -0.000115
20.950000 -0.000095
21.000000 -0.000089
21.050000 -0.000049
21.100000 -0.000033
21.150000 0.000019
21.200000 0.000034
21.250000 0.000084
21.300000 0.000086
21.350000 0.000123
21.400000 0.000103
21.450000 0.000122
21.500000 0.000078
21.550000 0.000081
21.600000 0.000019
21.650000 0.000014
21.700000 -0.000054
21.750000 -0.000053
21.800000 -0.000115
21.850000 -0.000095
21.900000 -0.000141
21.950000 -0.000097
22.000000 -0.000123
22.050000 -0.000055
22.100000 -0.000068
22.150000 0.000014
22.200000 0.000004
22.250000 0.000089
22.300000 0.000068
22.350000 0.000141
22.400000 0.000099
22.450000 0.000153
22.500000 0.000085
22.550000 0.000120
22.600000 0.000030
22.650000 0.000054
22.700000 -0.000047
22.750000 -0.000022
22.800000 -0.000120
22.850000 -0.000080
22.900000 -0.000163
22.950000 -0.000098
23.000000 -0.000161
23.050000 -0.000069
23.100000 -0.000114
23.150000 -0.000002
23.200000 -0.000038
23.250000 0.000080
23.300000 0.000038
23.350000 0.000150
23.400000 0.000089
23.450000 0.000182
23.500000 0.000093
23.550000 0.000164
23.600000 0.000050
23.650000 0.000104
23.700000 -0.000027
23.750000 0.000023
23.800000 -0.000112
23.850000 -0.000052
23.900000 -0.000176
23.950000 -0.000093
24.000000 -0.000196
24.050000 -0.000086
24.100000 -0.000166
24.150000 -0.000030
24.200000 -0.000095
24.250000 0.000055
24.300000 -0.000008
24.350000 0.000142
24.400000 0.000064
24.450000 0.000199
24.500000 0.000097
24.550000 0.000208
24.600000 0.000076
24.650000 0.000165
24.700000 0.000009
24.750000 0.000085
24.800000 -0.000084
24.850000 -0.000006
24.900000 -0.000170
24.950000 -0.000074
25.000000 -0.000220
25.050000 -0.000097
25.100000 -0.000218
25.150000 -0.000065
25.200000 -0.000164
25.250000 0.000013
25.300000 -0.000075
25.350000 0.000110
25.400000 0.000017
25.450000 0.000195
25.500000 0.000082
25.550000 0.000239
25.600000 0.000096
25.650000 0.000227
25.700000 0.000054
25.750000 0.000163
25.800000 -0.000033
25.850000 0.000067
25.900000 -0.000135
25.950000 -0.000027
26.000000 -0.000219
26.050000 -0.000089
26.100000 -0.000257
26.150000 -0.000095
26.200000 -0.000236
26.250000 -0.000043
26.300000 -0.000162
26.350000 0.000052
26.400000 -0.000060
26.450000 0.000158
26.500000 0.000036
26.550000 0.000241
26.600000 0.000094
26.650000 0.000274
26.700000 0.000093
26.750000 0.000245
26.800000 0.000033
26.850000 0.000164
26.900000 -0.000068
26.950000 0.000057
27.000000 -0.000178
27.050000 -0.000042
27.100000 -0.000262
27.150000 -0.000099
27.200000 -0.000291
27.250000 -0.000093
27.300000 -0.000257
27.350000 -0.000027
27.400000 -0.000168
27.450000 0.000081
27.500000 -0.000055
27.550000 0.000196
27.600000 0.000047
27.650000 0.000281
27.700000 0.000103
27.750000 0.000309
27.800000 0.000094
27.850000 0.000269
27.900000 0.000022
27.950000 0.000175
28.000000 -0.000092
28.050000 0.000056
28.100000 -0.000211
28.150000 -0.000050
28.200000 -0.000299
28.250000 -0.000107
28.300000 -0.000326
28.350000 -0.000097
28.400000 -0.000284
28.450000 -0.000022
28.500000 -0.000186
28.550000 0.000097
28.600000 -0.000061
28.650000 0.000223
28.700000 0.000050
28.750000 0.000315
28.800000 0.000112
28.850000 0.000346
28.900000 0.000103
28.950000 0.000303
29.000000 0.000025
29.050000 0.000200
29.100000 -0.000099
29.150000 0.000069
29.200000 -0.000231
29.250000 -0.000048
29.300000 -0.000330
29.350000 -0.000116
29.400000 -0.000365
29.450000 -0.000110
29.500000 -0.000324
29.550000 -0.000033
29.600000 -0.000220
29.650000 0.000095
29.700000 -0.000084
29.750000 0.000234
29.800000 0.000042
29.850000 0.000341
29.900000 0.000119
29.950000 0.000385
30.000000 0.000121
30.050000 0.000350
30.100000 0.000046
30.150000 0.000246
30.200000 -0.000084
30.250000 0.000104
30.300000 -0.000231
30.350000 -0.000032
30.400000 -0.000350
30.450000 -0.000120
30.500000 -0.000405
30.550000 -0.000133
30.600000 -0.000379
30.650000 -0.000064
30.700000 -0.000277
30.750000 0.000067
30.800000 -0.000131
30.850000 0.000221
30.900000 0.000015
30.950000 0.000353
31.000000 0.000118
31.050000 0.000423
31.100000 0.000145
31.150000 0.000409
31.200000 0.000087
31.250000 0.000315
31.300000 -0.000041
31.350000 0.000167
31.400000 -0.000202
31.450000 0.000010
31.500000 -0.000349
31.550000 -0.000111
31.600000 -0.000438
31.650000 -0.000157
31.700000 -0.000442
31.750000 -0.000114
31.800000 -0.000359
31.850000 0.000008
31.900000 -0.000212
31.950000 0.000174
32.000000 -0.000043
32.050000 0.000336
32.100000 0.000096
32.150000 0.000447
32.200000 0.000165
32.250000 0.000473
32.300000 0.000142
32.350000 0.000407
32.400000 0.000032
32.450000 0.000265
32.500000 -0.000134
32.550000 0.000090
32.600000 -0.000310
32.650000 -0.000070
32.700000 -0.000446
32.750000 -0.000166
32.800000 -0.000500
32.850000 -0.000171
32.900000 -0.000458
32.950000 -0.000080
33.000000 -0.000329
33.050000 0.000082
33.100000 -0.000149
33.150000 0.000271
33.200000 0.000030
33.250000 0.000432
33.300000 0.000158
33.350000 0.000520
33.400000 0.000195
33.450000 0.000508
33.500000 0.000130
33.550000 0.000399
33.600000 -0.000021
33.650000 0.000221
33.700000 -0.000216
33.750000 0.000026
33.800000 -0.000401
33.850000 -0.000132
33.900000 -0.000525
33.950000 -0.000208
34.000000 -0.000552
34.050000 -0.000179
34.100000 -0.000473
34.150000 -0.000052
34.200000 -0.000308
34.250000 0.000142
34.300000 -0.000103
34.350000 0.000348
34.400000 0.000086
34.450000 0.000511
34.500000 0.000206
34.550000 0.000584
34.600000 0.000223
34.650000 0.000545
34.700000 0.000128
34.750000 0.000405
34.800000 -0.000053
34.850000 0.000199
34.900000 -0.000273
34.950000 -0.000015
35.000000 -0.000471
35.050000 -0.000180
35.100000 -0.000594
35.150000 -0.000248
35.200000 -0.000607
35.250000 -0.000201
35.300000 -0.000505
35.350000 -0.000048
35.400000 -0.000314
35.450000 0.000171
35.500000 -0.000085
35.550000 0.000399
35.600000 0.000121
35.650000 0.000573
35.700000 0.000249
35.750000 0.000648
35.800000 0.000261
35.850000 0.000601
35.900000 0.000153
35.950000 0.000442
36.000000 -0.000049
36.050000 0.000213
36.100000 -0.000293
36.150000 -0.000026
36.200000 -0.000516
36.250000 -0.000212
36.300000 -0.000656
36.350000 -0.000294
36.400000 -0.000677
36.450000 -0.000248
36.500000 -0.000570
36.550000 -0.000085
36.600000 -0.000363
36.650000 0.000156
36.700000 -0.000109
36.750000 0.000411
36.800000 0.000128
36.850000 0.000616
36.900000 0.000284
36.950000 0.000716
37.000000 0.000318
37.050000 0.000684
37.100000 0.000218
37.150000 0.000526
37.200000 0.000008
37.250000 0.000280
37.300000 -0.000261
37.350000 0.000009
37.400000 -0.000520
37.450000 -0.000218
37.500000 -0.000703
37.550000 -0.000341
37.600000 -0.000761
37.650000 -0.000326
37.700000 -0.000677
37.750000 -0.000176
37.800000 -0.000471
37.850000 0.000075
37.900000 -0.000194
37.950000 0.000364
38.000000 0.000085
38.050000 0.000618
38.100000 0.000295
38.150000 0.000774
38.200000 0.000383
38.250000 0.000791
38.300000 0.000324
38.350000 0.000662
38.400000 0.000131
38.450000 0.000418
38.500000 -0.000153
38.550000 0.000116
38.600000 -0.000457
38.650000 -0.000168
38.700000 -0.000706
38.750000 -0.000364
38.800000 -0.000838
38.850000 -0.000420
38.900000 -0.000817
38.950000 -0.000321
39.000000 -0.000647
39.050000 -0.000087
39.100000 -0.000367
39.150000 0.000225
39.200000 -0.000044
39.250000 0.000541
39.300000 0.000243
39.350000 0.000784
39.400000 0.000424
39.450000 0.000893
39.500000 0.000452
39.550000 0.000841
39.600000 0.000319
39.650000 0.000637
39.700000 0.000054
39.750000 0.000328
39.800000 -0.000283
39.850000 -0.000014
39.900000 -0.000612
39.950000 -0.000307
40.000000 -0.000854
40.050000 -0.000480
40.100000 -0.000949
40.150000 -0.000489
40.200000 -0.000872
40.250000 -0.000328
40.300000 -0.000639
40.350000 -0.000033
40.400000 -0.000302
40.450000 0.000328
40.500000 0.000060
40.550000 0.000672
40.600000 0.000363
40.650000 0.000917
40.700000 0.000533
40.750000 0.001005
40.800000 0.000530
40.850000 0.000912
40.900000 0.000350
40.950000 0.000657
41.000000 0.000033
41.050000 0.000297
41.100000 -0.000351
41.150000 -0.000087
41.200000 -0.000714
41.250000 -0.000406
41.300000 -0.000973
41.350000 -0.000587
41.400000 -0.001066
41.450000 -0.000584
41.500000 -0.000968
41.550000 -0.000394
41.600000 -0.000699
41.650000 -0.000058
41.700000 -0.000316
41.750000 0.000351
41.800000 0.000094
41.850000 0.000741
41.900000 0.000439
41.950000 0.001022
42.000000 0.000639
42.050000 0.001131
42.100000 0.000648
42.150000 0.001040
42.200000 0.000459
42.250000 0.000766
42.300000 0.000113
42.350000 0.000367
42.400000 -0.000318
42.450000 -0.000071
42.500000 -0.000739
42.550000 -0.000450
42.600000 -0.001057
42.650000 -0.000687
42.700000 -0.001200
42.750000 -0.000726
42.800000 -0.001133
42.850000 -0.000553
42.900000 -0.000866
42.950000 -0.000204
43.000000 -0.000454
43.050000 0.000248
43.100000 0.000013
43.150000 0.000707
43.200000 0.000437
43.250000 0.001073
43.300000 0.000722
43.350000 0.001264
43.400000 0.000807
43.450000 0.001237
43.500000 0.000668
43.550000 0.000995
43.600000 0.000333
43.650000 0.000586
43.700000 -0.000129
43.750000 0.000095
43.800000 -0.000623
43.850000 -0.000373
43.900000 -0.001042
43.950000 -0.000718
44.000000 -0.001294
44.050000 -0.000862
44.100000 -0.001320
44.150000 -0.000765
44.200000 -0.001105
44.250000 -0.000441
44.300000 -0.000687
44.350000 0.000051
44.400000 -0.000146
44.450000 0.000615
44.500000 0.000410
44.550000 0.001134
44.600000 0.000863
44.650000 0.001496
44.700000 0.001109
44.750000 0.001608
44.800000 0.001071
44.850000 0.001411
44.900000 0.000706
44.950000 0.000876
