-30.000000 -0.001594
-29.950000 -0.001242
-29.900000 -0.002491
-29.850000 -0.001802
-29.800000 -0.002732
-29.750000 -0.001745
-29.700000 -0.002406
-29.650000 -0.001180
-29.600000 -0.001641
-29.550000 -0.000257
-29.500000 -0.000608
-29.450000 0.000840
-29.400000 0.000504
-29.350000 0.001922
-29.300000 0.001508
-29.250000 0.002808
-29.200000 0.002239
-29.150000 0.003357
-29.100000 0.002582
-29.050000 0.003481
-29.000000 0.002480
-28.950000 0.003157
-28.900000 0.001944
-28.850000 0.002429
-28.800000 0.001049
-28.750000 0.001399
-28.700000 -0.000082
-28.650000 0.000209
-28.600000 -0.001290
-28.550000 -0.000973
-28.500000 -0.002406
-28.450000 -0.001982
-28.400000 -0.003272
-28.350000 -0.002671
-28.300000 -0.003761
-28.250000 -0.002938
-28.200000 -0.003795
-28.150000 -0.002734
-28.100000 -0.003359
-28.050000 -0.002078
-28.000000 -0.002505
-27.950000 -0.001052
-27.900000 -0.001344
-27.850000 0.000205
-27.800000 -0.000036
-27.750000 0.001520
-27.700000 0.001238
-27.650000 0.002709
-27.600000 0.002299
-27.550000 0.003605
-27.500000 0.002997
-27.450000 0.004082
-27.400000 0.003234
-27.350000 0.004070
-27.300000 0.002972
-27.250000 0.003568
-27.200000 0.002244
-27.150000 0.002638
-27.100000 0.001141
-27.050000 0.001399
-27.000000 -0.000194
-26.950000 0.000012
-26.900000 -0.001590
-26.850000 -0.001345
-26.800000 -0.002863
-26.750000 -0.002490
-26.700000 -0.003843
-26.650000 -0.003270
-26.600000 -0.004395
-26.550000 -0.003572
-26.500000 -0.004436
-26.450000 -0.003346
-26.400000 -0.003949
-26.350000 -0.002612
-26.300000 -0.002990
-26.250000 -0.001456
-26.200000 -0.001676
-26.150000 -0.000026
-26.100000 -0.000178
-26.050000 0.001493
-26.000000 0.001310
-25.950000 0.002902
-25.900000 0.002593
-25.850000 0.004017
-25.800000 0.003504
-25.750000 0.004694
-25.700000 0.003923
-25.650000 0.004842
-25.600000 0.003792
-25.550000 0.004437
-25.500000 0.003124
-25.450000 0.003524
-25.400000 0.001993
-25.350000 0.002210
-25.300000 0.000533
-25.250000 0.000649
-25.200000 -0.001082
-25.150000 -0.000969
-25.100000 -0.002654
-25.050000 -0.002445
-25.000000 -0.003988
-24.950000 -0.003593
-24.900000 -0.004912
-24.850000 -0.004261
-24.800000 -0.005302
-24.750000 -0.004356
-24.700000 -0.005098
-24.650000 -0.003856
-24.600000 -0.004315
-24.550000 -0.002812
-24.500000 -0.003042
-24.450000 -0.001347
-24.400000 -0.001431
-24.350000 0.000363
-24.300000 0.000326
-24.250000 0.002113
-24.200000 0.002016
-24.150000 0.003693
-24.100000 0.003438
-24.050000 0.004915
-24.000000 0.004421
-23.950000 0.005631
-23.900000 0.004847
-23.850000 0.005752
-23.800000 0.004657
-23.750000 0.005255
-23.700000 0.003864
-23.650000 0.004187
-23.600000 0.002548
-23.550000 0.002659
-23.500000 0.000851
-23.450000 0.000840
-23.400000 -0.001039
-23.350000 -0.001065
-23.300000 -0.002904
-23.250000 -0.002835
-23.200000 -0.004527
-23.150000 -0.004261
-23.100000 -0.005713
-23.050000 -0.005169
-23.000000 -0.006315
-22.950000 -0.005445
-22.900000 -0.006255
-22.850000 -0.005049
-22.800000 -0.005533
-22.750000 -0.004020
-22.700000 -0.004225
-22.650000 -0.002467
-22.600000 -0.002472
-22.550000 -0.000561
-22.500000 -0.000465
-22.450000 0.001493
-22.400000 0.001579
-22.350000 0.003471
-22.300000 0.003438
-22.250000 0.005159
-22.200000 0.004908
-22.150000 0.006370
-22.100000 0.005824
-22.050000 0.006964
-22.000000 0.006077
-21.950000 0.006865
-21.900000 0.005623
-21.850000 0.006067
-21.800000 0.004498
-21.750000 0.004641
-21.700000 0.002809
-21.650000 0.002731
-21.600000 0.000727
-21.550000 0.000535
-21.500000 -0.001526
-21.450000 -0.001715
-21.400000 -0.003710
-21.350000 -0.003775
-21.300000 -0.005591
-21.250000 -0.005424
-21.200000 -0.006963
-21.150000 -0.006483
-21.100000 -0.007679
-21.050000 -0.006835
-21.000000 -0.007658
-20.950000 -0.006439
-20.900000 -0.006894
-20.850000 -0.005325
-20.800000 -0.005456
-20.750000 -0.003597
-20.700000 -0.003479
-20.650000 -0.001419
-20.600000 -0.001152
-20.550000 0.001000
-20.500000 0.001298
-20.450000 0.003420
-20.400000 0.003627
-20.350000 0.005599
-20.300000 0.005599
-20.250000 0.007312
-20.200000 0.007006
-20.150000 0.008375
-20.100000 0.007695
-20.050000 0.008669
-20.000000 0.007584
-19.950000 0.008152
-19.900000 0.006671
-19.850000 0.006863
-19.800000 0.005037
-19.750000 0.004922
-19.700000 0.002834
-19.650000 0.002510
-19.600000 0.000270
-19.550000 -0.000146
-19.500000 -0.002414
-19.450000 -0.002795
-19.400000 -0.004965
-19.350000 -0.005187
-19.300000 -0.007141
-19.250000 -0.007096
-19.200000 -0.008734
-19.150000 -0.008334
-19.100000 -0.009586
-19.050000 -0.008775
-19.000000 -0.009601
-18.950000 -0.008360
-18.900000 -0.008760
-18.850000 -0.007109
-18.800000 -0.007123
-18.750000 -0.005121
-18.700000 -0.004826
-18.650000 -0.002567
-18.600000 -0.002072
-18.550000 0.000325
-18.500000 0.000892
-18.450000 0.003291
-18.400000 0.003792
-18.350000 0.006058
-18.300000 0.006364
-18.250000 0.008374
-18.200000 0.008371
-18.150000 0.010025
-18.100000 0.009629
-18.050000 0.010860
-18.000000 0.010021
-17.950000 0.010798
-17.900000 0.009504
-17.850000 0.009833
-17.800000 0.008109
-17.750000 0.008033
-17.700000 0.005940
-17.650000 0.005537
-17.600000 0.003167
-17.550000 0.002542
-17.500000 0.000013
-17.450000 -0.000707
-17.400000 -0.003262
-17.350000 -0.003939
-17.300000 -0.006379
-17.250000 -0.006874
-17.200000 -0.009067
-17.150000 -0.009254
-17.100000 -0.011084
-17.050000 -0.010863
-17.000000 -0.012247
-16.950000 -0.011552
-16.900000 -0.012442
-16.850000 -0.011249
-16.800000 -0.011643
-16.750000 -0.009969
-16.700000 -0.009905
-16.650000 -0.007807
-16.600000 -0.007360
-16.550000 -0.004930
-16.500000 -0.004206
-16.450000 -0.001560
-16.400000 -0.000684
-16.350000 0.002044
-16.300000 0.002935
-16.250000 0.005606
-16.200000 0.006371
-16.150000 0.008847
-16.100000 0.009354
-16.050000 0.011510
-16.000000 0.011643
-15.950000 0.013375
-15.900000 0.013045
-15.850000 0.014280
-15.800000 0.013431
-15.750000 0.014133
-15.700000 0.012751
-15.650000 0.012926
-15.600000 0.011037
-15.550000 0.010733
-15.500000 0.008405
-15.450000 0.007708
-15.400000 0.005042
-15.350000 0.004068
-15.300000 0.001193
-15.250000 0.000078
-15.200000 -0.002862
-15.150000 -0.003970
-15.100000 -0.006829
-15.050000 -0.007785
-15.000000 -0.010420
-14.950000 -0.011089
-14.900000 -0.013373
-14.850000 -0.013637
-14.800000 -0.015465
-14.750000 -0.015234
-14.700000 -0.016532
-14.650000 -0.015747
-14.600000 -0.016474
-14.550000 -0.015115
-14.500000 -0.015270
-14.450000 -0.013356
-14.400000 -0.012981
-14.350000 -0.010574
-14.300000 -0.009749
-14.250000 -0.006947
-14.200000 -0.005785
-14.150000 -0.002717
-14.100000 -0.001359
-14.050000 0.001827
-14.000000 0.003228
-13.950000 0.006377
-13.900000 0.007665
-13.850000 0.010625
-13.800000 0.011654
-13.750000 0.014287
-13.700000 0.014930
-13.650000 0.017119
-13.600000 0.017274
-13.550000 0.018932
-13.500000 0.018524
-13.450000 0.019594
-13.400000 0.018585
-13.350000 0.019044
-13.300000 0.017428
-13.250000 0.017290
-13.200000 0.015100
-13.150000 0.014415
-13.100000 0.011719
-13.050000 0.010573
-13.000000 0.007474
-12.950000 0.005985
-12.900000 0.002614
-12.850000 0.000924
-12.800000 -0.002567
-12.750000 -0.004298
-12.700000 -0.007747
-12.650000 -0.009358
-12.600000 -0.012605
-12.550000 -0.013941
-12.500000 -0.016838
-12.450000 -0.017761
-12.400000 -0.020183
-12.350000 -0.020580
-12.300000 -0.022430
-12.250000 -0.022221
-12.200000 -0.023434
-12.150000 -0.022571
-12.100000 -0.023117
-12.050000 -0.021590
-12.000000 -0.021476
-11.950000 -0.019308
-11.900000 -0.018576
-11.850000 -0.015829
-11.800000 -0.014559
-11.750000 -0.011326
-11.700000 -0.009627
-11.650000 -0.006035
-11.600000 -0.004045
-11.550000 -0.000239
-11.500000 0.001887
-11.450000 0.005743
-11.400000 0.007840
-11.350000 0.011582
-11.300000 0.013488
-11.250000 0.016959
-11.200000 0.018524
-11.150000 0.021582
-11.100000 0.022675
-11.050000 0.025204
-11.000000 0.025721
-10.950000 0.027631
-10.900000 0.027499
-10.850000 0.028730
-10.800000 0.027904
-10.750000 0.028428
-10.700000 0.026895
-10.650000 0.026714
-10.600000 0.024493
-10.550000 0.023642
-10.500000 0.020782
-10.450000 0.019326
-10.400000 0.015910
-10.350000 0.013947
-10.300000 0.010086
-10.250000 0.007740
-10.200000 0.003572
-10.150000 0.000992
-10.100000 -0.003329
-10.050000 -0.005981
-10.000000 -0.010287
-9.950000 -0.012845
-9.900000 -0.016971
-9.850000 -0.019271
-9.800000 -0.023059
-9.750000 -0.024951
-9.700000 -0.028261
-9.650000 -0.029616
-9.600000 -0.032328
-9.550000 -0.033040
-9.500000 -0.035063
-9.450000 -0.035053
-9.400000 -0.036323
-9.350000 -0.035542
-9.300000 -0.036025
-9.250000 -0.034456
-9.200000 -0.034152
-9.150000 -0.031811
-9.100000 -0.030752
-9.050000 -0.027689
-9.000000 -0.025942
-8.950000 -0.022241
-8.900000 -0.019905
-8.850000 -0.015678
-8.800000 -0.012879
-8.750000 -0.008264
-8.700000 -0.005149
-8.650000 -0.000299
-8.600000 0.002976
-8.550000 0.007901
-8.500000 0.011175
-8.450000 0.016018
-8.400000 0.019137
-8.350000 0.023747
-8.300000 0.026565
-8.250000 0.030805
-8.200000 0.033192
-8.150000 0.036938
-8.100000 0.038780
-8.050000 0.041925
-8.000000 0.043122
-7.950000 0.045577
-7.900000 0.046051
-7.850000 0.047747
-7.800000 0.047439
-7.750000 0.048330
-7.700000 0.047208
-7.650000 0.047274
-7.600000 0.045332
-7.550000 0.044581
-7.500000 0.041841
-7.450000 0.040311
-7.400000 0.036823
-7.350000 0.034576
-7.300000 0.030417
-7.250000 0.027540
-7.200000 0.022804
-7.150000 0.019401
-7.100000 0.014201
-7.050000 0.010390
-7.000000 0.004849
-6.950000 0.000759
-6.900000 -0.004991
-6.850000 -0.009223
-6.800000 -0.015041
-6.750000 -0.019273
-6.700000 -0.025013
-6.650000 -0.029097
-6.600000 -0.034610
-6.550000 -0.038396
-6.500000 -0.043534
-6.450000 -0.046876
-6.400000 -0.051497
-6.350000 -0.054260
-6.300000 -0.058238
-6.250000 -0.060304
-6.200000 -0.063531
-6.150000 -0.064806
-6.100000 -0.067200
-6.050000 -0.067616
-6.000000 -0.069123
-5.950000 -0.068640
-5.900000 -0.069235
-5.850000 -0.067840
-5.800000 -0.067521
-5.750000 -0.065225
-5.700000 -0.064015
-5.650000 -0.060850
-5.600000 -0.058791
-5.550000 -0.054809
-5.500000 -0.051961
-5.450000 -0.047232
-5.400000 -0.043672
-5.350000 -0.038280
-5.300000 -0.034104
-5.250000 -0.028151
-5.200000 -0.023464
-5.150000 -0.017064
-5.100000 -0.011987
-5.050000 -0.005261
-5.000000 0.000084
-4.950000 0.007012
-4.900000 0.012502
-4.850000 0.019512
-4.800000 0.025032
-4.750000 0.032014
-4.700000 0.037459
-4.650000 0.044315
-4.600000 0.049594
-4.550000 0.056238
-4.500000 0.061271
-4.450000 0.067630
-4.400000 0.072348
-4.350000 0.078357
-4.300000 0.082699
-4.250000 0.088300
-4.200000 0.092212
-4.150000 0.097354
-4.100000 0.100788
-4.050000 0.105428
-4.000000 0.108347
-3.950000 0.112450
-3.900000 0.114824
-3.850000 0.118368
-3.800000 0.120179
-3.750000 0.123151
-3.700000 0.124390
-3.650000 0.126786
-3.600000 0.127456
-3.550000 0.129279
-3.500000 0.129382
-3.450000 0.130638
-3.400000 0.130180
-3.350000 0.130872
-3.300000 0.129855
-3.250000 0.129982
-3.200000 0.128403
-3.150000 0.127960
-3.100000 0.125810
-3.050000 0.124789
-3.000000 0.122060
-2.950000 0.120449
-2.900000 0.117128
-2.850000 0.114917
-2.800000 0.110994
-2.750000 0.108170
-2.700000 0.103633
-2.650000 0.100182
-2.600000 0.095012
-2.550000 0.090912
-2.500000 0.085083
-2.450000 0.080303
-2.400000 0.073779
-2.350000 0.068275
-2.300000 0.061003
-2.250000 0.054716
-2.200000 0.046632
-2.150000 0.039491
-2.100000 0.030517
-2.050000 0.022440
-2.000000 0.012489
-1.950000 0.003386
-1.900000 -0.007634
-1.850000 -0.017860
-1.800000 -0.030046
-1.750000 -0.041493
-1.700000 -0.054948
-1.650000 -0.067720
-1.600000 -0.082549
-1.550000 -0.096753
-1.500000 -0.113064
-1.450000 -0.128809
-1.400000 -0.146712
-1.350000 -0.164107
-1.300000 -0.183705
-1.250000 -0.202848
-1.200000 -0.224232
-1.150000 -0.245200
-1.100000 -0.268430
-1.050000 -0.291263
-1.000000 -0.316356
-0.950000 -0.341042
-0.900000 -0.367953
-0.850000 -0.394411
-0.800000 -0.423019
-0.750000 -0.451085
-0.700000 -0.481177
-0.650000 -0.510590
-0.600000 -0.541856
-0.550000 -0.572251
-0.500000 -0.604270
-0.450000 -0.635171
-0.400000 -0.667413
-0.350000 -0.698233
-0.300000 -0.730058
-0.250000 -0.760109
-0.200000 -0.790780
-0.150000 -0.819284
-0.100000 -0.847993
-0.050000 -0.874117
0.000000 -0.900014
0.050000 -0.922907
0.100000 -0.945153
0.150000 -0.964002
0.200000 -0.981826
0.250000 -0.995914
0.300000 -1.008671
0.350000 -1.017441
0.400000 -1.024669
0.450000 -1.027767
0.500000 -1.029233
0.550000 -1.026548
0.600000 -1.022262
0.650000 -1.013931
0.700000 -1.004153
0.750000 -0.990547
0.800000 -0.975752
0.850000 -0.957441
0.900000 -0.938280
0.950000 -0.915982
1.000000 -0.893227
1.050000 -0.867752
1.100000 -0.842238
1.150000 -0.814433
1.200000 -0.787005
1.250000 -0.757704
1.300000 -0.729173
1.350000 -0.699156
1.400000 -0.670265
1.450000 -0.640229
1.500000 -0.611625
1.550000 -0.582165
1.600000 -0.554386
1.650000 -0.525981
1.700000 -0.499449
1.750000 -0.472463
1.800000 -0.447485
1.850000 -0.422171
1.900000 -0.398947
1.950000 -0.375456
2.000000 -0.354092
2.050000 -0.332490
2.100000 -0.313017
2.150000 -0.293303
2.200000 -0.275694
2.250000 -0.257820
2.300000 -0.242007
2.350000 -0.225892
2.400000 -0.211784
2.450000 -0.197327
2.500000 -0.184819
2.550000 -0.171911
2.600000 -0.160889
2.650000 -0.149413
2.700000 -0.139759
2.750000 -0.129595
2.800000 -0.121187
2.850000 -0.112212
2.900000 -0.104926
2.950000 -0.097017
3.000000 -0.090729
3.050000 -0.083763
3.100000 -0.078354
3.150000 -0.072217
3.200000 -0.067578
3.250000 -0.062164
3.300000 -0.058196
3.350000 -0.053416
3.400000 -0.050037
3.450000 -0.045814
3.500000 -0.042955
3.550000 -0.039227
3.600000 -0.036829
3.650000 -0.033542
3.700000 -0.031555
3.750000 -0.028660
3.800000 -0.027037
3.850000 -0.024488
3.900000 -0.023182
3.950000 -0.020932
4.000000 -0.019897
4.050000 -0.017901
4.100000 -0.017092
4.150000 -0.015307
4.200000 -0.014684
4.250000 -0.013075
4.300000 -0.012608
4.350000 -0.011148
4.400000 -0.010816
4.450000 -0.009490
4.500000 -0.009281
4.550000 -0.008081
4.600000 -0.007992
4.650000 -0.006916
4.700000 -0.006946
4.750000 -0.005994
4.800000 -0.006142
4.850000 -0.005313
4.900000 -0.005577
4.950000 -0.004868
5.000000 -0.005246
5.050000 -0.004656
5.100000 -0.005149
5.150000 -0.004685
5.200000 -0.005304
5.250000 -0.004983
5.300000 -0.005757
5.350000 -0.005617
5.400000 -0.006595
5.450000 -0.006700
5.500000 -0.007961
5.550000 -0.008407
5.600000 -0.010065
5.650000 -0.010987
5.700000 -0.013199
5.750000 -0.014781
5.800000 -0.017763
5.850000 -0.020256
5.900000 -0.024302
5.950000 -0.028051
6.000000 -0.033567
6.050000 -0.039050
6.100000 -0.046600
6.150000 -0.054485
6.200000 -0.064860
6.250000 -0.076082
6.300000 -0.090386
6.350000 -0.106247
6.400000 -0.126012
6.450000 -0.148312
6.500000 -0.175645
6.550000 -0.206841
6.600000 -0.244599
6.650000 -0.288000
6.700000 -0.339998
6.750000 -0.399978
6.800000 -0.471197
6.850000 -0.553384
6.900000 -0.650123
6.950000 -0.761482
7.000000 -0.891327
7.050000 -1.039956
7.100000 -1.211325
7.150000 -1.405667
7.200000 -1.626587
7.250000 -1.873639
7.300000 -2.149280
7.350000 -2.451379
7.400000 -2.780044
7.450000 -3.130131
7.500000 -3.498040
7.550000 -3.874396
7.600000 -4.251059
7.650000 -4.614261
7.700000 -4.952121
7.750000 -5.248466
7.800000 -5.490932
7.850000 -5.665296
7.900000 -5.763718
7.950000 -5.778908
8.000000 -5.711679
8.050000 -5.564188
8.100000 -5.346318
8.150000 -5.067911
8.200000 -4.744318
8.250000 -4.388310
8.300000 -4.015612
8.350000 -3.637255
8.400000 -3.265636
8.450000 -2.907575
8.500000 -2.570913
8.550000 -2.258092
8.600000 -1.973012
8.650000 -1.714843
8.700000 -1.484875
8.750000 -1.280360
8.800000 -1.101239
8.850000 -0.943932
8.900000 -0.807906
8.950000 -0.689432
9.000000 -0.588008
9.050000 -0.500104
9.100000 -0.425479
9.150000 -0.360936
9.200000 -0.306562
9.250000 -0.259514
9.300000 -0.220190
9.350000 -0.186062
9.400000 -0.157793
9.450000 -0.133118
9.500000 -0.112907
9.550000 -0.095101
9.600000 -0.080728
9.650000 -0.067887
9.700000 -0.057721
9.750000 -0.048453
9.800000 -0.041303
9.850000 -0.034590
9.900000 -0.029592
9.950000 -0.024698
10.000000 -0.021225
10.050000 -0.017620
10.100000 -0.015225
10.150000 -0.012533
10.200000 -0.010902
10.250000 -0.008862
10.300000 -0.007778
10.350000 -0.006210
10.400000 -0.005524
10.450000 -0.004305
10.500000 -0.003915
10.550000 -0.002960
10.600000 -0.002792
10.650000 -0.002035
10.700000 -0.002031
10.750000 -0.001419
10.800000 -0.001531
10.850000 -0.001020
10.900000 -0.001205
10.950000 -0.000755
11.000000 -0.000980
11.050000 -0.000562
11.100000 -0.000801
11.150000 -0.000396
11.200000 -0.000635
11.250000 -0.000234
11.300000 -0.000471
11.350000 -0.000077
11.400000 -0.000317
11.450000 0.000063
11.500000 -0.000191
11.550000 0.000165
11.600000 -0.000111
11.650000 0.000213
11.700000 -0.000088
11.750000 0.000204
11.800000 -0.000118
11.850000 0.000151
11.900000 -0.000182
11.950000 0.000077
12.000000 -0.000251
12.050000 0.000013
12.100000 -0.000296
12.150000 -0.000015
12.200000 -0.000298
12.250000 0.000004
12.300000 -0.000252
12.350000 0.000066
12.400000 -0.000173
12.450000 0.000151
12.500000 -0.000084
12.550000 0.000230
12.600000 -0.000015
12.650000 0.000277
12.700000 0.000012
12.750000 0.000275
12.800000 -0.000011
12.850000 0.000226
12.900000 -0.000076
12.950000 0.000144
13.000000 -0.000161
13.050000 0.000056
13.100000 -0.000238
13.150000 -0.000010
13.200000 -0.000280
13.250000 -0.000031
13.300000 -0.000271
13.350000 0.000001
13.400000 -0.000213
13.450000 0.000074
13.500000 -0.000124
13.550000 0.000165
13.600000 -0.000033
13.650000 0.000242
13.700000 0.000031
13.750000 0.000280
13.800000 0.000045
13.850000 0.000263
13.900000 0.000005
13.950000 0.000197
14.000000 -0.000075
14.050000 0.000102
14.100000 -0.000169
14.150000 0.000010
14.200000 -0.000245
14.250000 -0.000050
14.300000 -0.000277
14.350000 -0.000058
14.400000 -0.000254
14.450000 -0.000012
14.500000 -0.000182
14.550000 0.000073
14.600000 -0.000085
14.650000 0.000169
14.700000 0.000008
14.750000 0.000245
14.800000 0.000067
14.850000 0.000275
14.900000 0.000073
14.950000 0.000248
15.000000 0.000022
15.050000 0.000172
15.100000 -0.000067
15.150000 0.000069
15.200000 -0.000168
15.250000 -0.000027
15.300000 -0.000246
15.350000 -0.000086
15.400000 -0.000274
15.450000 -0.000089
15.500000 -0.000244
15.550000 -0.000034
15.600000 -0.000162
15.650000 0.000062
15.700000 -0.000054
15.750000 0.000166
15.800000 0.000045
15.850000 0.000245
15.900000 0.000104
15.950000 0.000272
16.000000 0.000104
16.050000 0.000238
16.100000 0.000045
16.150000 0.000153
16.200000 -0.000054
16.250000 0.000043
16.300000 -0.000160
16.350000 -0.000059
16.400000 -0.000241
16.450000 -0.000119
16.500000 -0.000270
16.550000 -0.000120
16.600000 -0.000237
16.650000 -0.000061
16.700000 -0.000150
16.750000 0.000040
16.800000 -0.000036
16.850000 0.000152
16.900000 0.000071
16.950000 0.000238
17.000000 0.000137
17.050000 0.000271
17.100000 0.000141
17.150000 0.000239
17.200000 0.000081
17.250000 0.000149
17.300000 -0.000025
17.350000 0.000030
17.400000 -0.000142
17.450000 -0.000083
17.500000 -0.000234
17.550000 -0.000153
17.600000 -0.000271
17.650000 -0.000160
17.700000 -0.000240
17.750000 -0.000100
17.800000 -0.000150
17.850000 0.000007
17.900000 -0.000028
17.950000 0.000128
18.000000 0.000089
18.050000 0.000226
18.100000 0.000166
18.150000 0.000269
18.200000 0.000179
18.250000 0.000244
18.300000 0.000124
18.350000 0.000157
18.400000 0.000018
18.450000 0.000033
18.500000 -0.000108
18.550000 -0.000091
18.600000 -0.000215
18.650000 -0.000179
18.700000 -0.000269
18.750000 -0.000202
18.800000 -0.000253
18.850000 -0.000153
18.900000 -0.000169
18.950000 -0.000046
19.000000 -0.000041
19.050000 0.000086
19.100000 0.000092
19.150000 0.000203
19.200000 0.000190
19.250000 0.000268
19.300000 0.000223
19.350000 0.000260
19.400000 0.000182
19.450000 0.000181
19.500000 0.000077
19.550000 0.000053
19.600000 -0.000058
19.650000 -0.000086
19.700000 -0.000184
19.750000 -0.000195
19.800000 -0.000261
19.850000 -0.000241
19.900000 -0.000267
19.950000 -0.000212
20.000000 -0.000198
20.050000 -0.000115
20.100000 -0.000074
20.150000 0.000022
20.200000 0.000071
20.250000 0.000157
20.300000 0.000194
20.350000 0.000252
20.400000 0.000259
20.450000 0.000276
20.500000 0.000246
20.550000 0.000221
20.600000 0.000158
20.650000 0.000100
20.700000 0.000021
20.750000 -0.000051
20.800000 -0.000127
20.850000 -0.000189
20.900000 -0.000239
20.950000 -0.000274
21.000000 -0.000282
21.050000 -0.000279
21.100000 -0.000242
21.150000 -0.000202
21.200000 -0.000129
21.250000 -0.000067
21.300000 0.000024
21.350000 0.000087
21.400000 0.000174
21.450000 0.000216
21.500000 0.000278
21.550000 0.000280
21.600000 0.000306
21.650000 0.000262
21.700000 0.000249
21.750000 0.000165
21.800000 0.000124
21.850000 0.000014
21.900000 -0.000035
21.950000 -0.000147
22.000000 -0.000181
22.050000 -0.000274
22.100000 -0.000273
22.150000 -0.000330
22.200000 -0.000282
22.250000 -0.000298
22.300000 -0.000205
22.350000 -0.000187
22.400000 -0.000061
22.450000 -0.000026
22.500000 0.000111
22.550000 0.000137
22.600000 0.000261
22.650000 0.000257
22.700000 0.000347
22.750000 0.000296
22.800000 0.000343
22.850000 0.000243
22.900000 0.000250
22.950000 0.000111
23.000000 0.000095
23.050000 -0.000063
23.100000 -0.000079
23.150000 -0.000231
23.200000 -0.000223
23.250000 -0.000347
23.300000 -0.000296
23.350000 -0.000378
23.400000 -0.000276
23.450000 -0.000315
23.500000 -0.000168
23.550000 -0.000175
23.600000 -0.000000
23.650000 0.000004
23.700000 0.000183
23.750000 0.000172
23.800000 0.000331
23.850000 0.000283
23.900000 0.000403
23.950000 0.000304
24.000000 0.000378
24.050000 0.000228
24.100000 0.000261
24.150000 0.000073
24.200000 0.000084
24.250000 -0.000120
24.300000 -0.000104
24.350000 -0.000298
24.400000 -0.000252
24.450000 -0.000411
24.500000 -0.000317
24.550000 -0.000429
24.600000 -0.000279
24.650000 -0.000345
24.700000 -0.000148
24.750000 -0.000182
24.800000 0.000042
24.850000 0.000016
24.900000 0.000240
24.950000 0.000194
25.000000 0.000392
25.050000 0.000304
25.100000 0.000459
25.150000 0.000316
25.200000 0.000421
25.250000 0.000225
25.300000 0.000288
25.350000 0.000053
25.400000 0.000095
25.450000 -0.000155
25.500000 -0.000107
25.550000 -0.000344
25.600000 -0.000265
25.650000 -0.000466
25.700000 -0.000335
25.750000 -0.000485
25.800000 -0.000295
25.850000 -0.000395
25.900000 -0.000155
25.950000 -0.000219
26.000000 0.000051
26.050000 -0.000003
26.100000 0.000269
26.150000 0.000195
26.200000 0.000441
26.250000 0.000322
26.300000 0.000520
26.350000 0.000342
26.400000 0.000486
26.450000 0.000249
26.500000 0.000346
26.550000 0.000065
26.600000 0.000137
26.650000 -0.000161
26.700000 -0.000086
26.750000 -0.000373
26.800000 -0.000265
26.850000 -0.000514
26.900000 -0.000353
26.950000 -0.000549
27.000000 -0.000326
27.050000 -0.000467
27.100000 -0.000189
27.150000 -0.000289
27.200000 0.000025
27.250000 -0.000059
27.300000 0.000263
27.350000 0.000164
27.400000 0.000464
27.450000 0.000323
27.500000 0.000576
27.550000 0.000374
27.600000 0.000568
27.650000 0.000302
27.700000 0.000441
27.750000 0.000122
27.800000 0.000227
27.850000 -0.000121
27.900000 -0.000022
27.950000 -0.000364
28.000000 -0.000239
28.050000 -0.000547
28.100000 -0.000369
28.150000 -0.000622
28.200000 -0.000377
28.250000 -0.000569
28.300000 -0.000260
28.350000 -0.000401
28.400000 -0.000046
28.450000 -0.000160
28.500000 0.000213
28.550000 0.000094
28.600000 0.000452
28.650000 0.000297
28.700000 0.000613
28.750000 0.000398
28.800000 0.000655
28.850000 0.000371
28.900000 0.000566
28.950000 0.000219
29.000000 0.000366
29.050000 -0.000023
29.100000 0.000104
29.150000 -0.000296
29.200000 -0.000157
29.250000 -0.000533
29.300000 -0.000350
29.350000 -0.000676
29.400000 -0.000426
29.450000 -0.000687
29.500000 -0.000364
29.550000 -0.000561
29.600000 -0.000176
29.650000 -0.000328
29.700000 0.000093
29.750000 -0.000045
29.800000 0.000378
29.850000 0.000217
29.900000 0.000608
29.950000 0.000395
30.000000 0.000728
30.050000 0.000443
30.100000 0.000708
30.150000 0.000349
30.200000 0.000552
30.250000 0.000133
30.300000 0.000296
30.350000 -0.000153
30.400000 0.000001
30.450000 -0.000444
30.500000 -0.000262
30.550000 -0.000670
30.600000 -0.000430
30.650000 -0.000776
30.700000 -0.000461
30.750000 -0.000736
30.800000 -0.000345
30.850000 -0.000556
30.900000 -0.000105
30.950000 -0.000277
31.000000 0.000202
31.050000 0.000035
31.100000 0.000506
31.150000 0.000305
31.200000 0.000733
31.250000 0.000468
31.300000 0.000828
31.350000 0.000483
31.400000 0.000766
31.450000 0.000343
31.500000 0.000562
31.550000 0.000080
31.600000 0.000262
31.650000 -0.000245
31.700000 -0.000063
31.750000 -0.000557
31.800000 -0.000337
31.850000 -0.000783
31.900000 -0.000496
31.950000 -0.000871
32.000000 -0.000502
32.050000 -0.000800
32.100000 -0.000350
32.150000 -0.000583
32.200000 -0.000074
32.250000 -0.000269
32.300000 0.000265
32.350000 0.000070
32.400000 0.000592
32.450000 0.000359
32.500000 0.000831
32.550000 0.000528
32.600000 0.000925
32.650000 0.000535
32.700000 0.000851
32.750000 0.000377
32.800000 0.000622
32.850000 0.000085
32.900000 0.000290
32.950000 -0.000275
33.000000 -0.000071
33.050000 -0.000621
33.100000 -0.000377
33.150000 -0.000875
33.200000 -0.000558
33.250000 -0.000978
33.300000 -0.000570
33.350000 -0.000905
33.400000 -0.000409
33.450000 -0.000671
33.500000 -0.000111
33.550000 -0.000329
33.600000 0.000262
33.650000 0.000047
33.700000 0.000626
33.750000 0.000373
33.800000 0.000902
33.850000 0.000577
33.900000 0.001028
33.950000 0.000612
34.000000 0.000974
34.050000 0.000466
34.100000 0.000750
34.150000 0.000168
34.200000 0.000400
34.250000 -0.000219
34.300000 0.000002
34.350000 -0.000612
34.400000 -0.000358
34.450000 -0.000924
34.500000 -0.000599
34.550000 -0.001085
34.600000 -0.000664
34.650000 -0.001056
34.700000 -0.000537
34.750000 -0.000842
34.800000 -0.000242
34.850000 -0.000489
34.900000 0.000157
34.950000 -0.000071
35.000000 0.000576
35.050000 0.000319
35.100000 0.000923
35.150000 0.000599
35.200000 0.001124
35.250000 0.000706
35.300000 0.001136
35.350000 0.000615
35.400000 0.000953
35.450000 0.000344
35.500000 0.000613
35.550000 -0.000053
35.600000 0.000185
35.650000 -0.000495
35.700000 -0.000242
35.750000 -0.000890
35.800000 -0.000577
35.850000 -0.001152
35.900000 -0.000747
35.950000 -0.001225
36.000000 -0.000712
36.050000 -0.001088
36.100000 -0.000475
36.150000 -0.000768
36.200000 -0.000083
36.250000 -0.000330
36.300000 0.000383
36.350000 0.000135
36.400000 0.000827
36.450000 0.000528
36.500000 0.001154
36.550000 0.000766
36.600000 0.001296
36.650000 0.000798
36.700000 0.001220
36.750000 0.000614
36.800000 0.000943
36.850000 0.000251
36.900000 0.000518
36.950000 -0.000219
37.000000 0.000031
37.050000 -0.000703
37.100000 -0.000420
37.150000 -0.001103
37.200000 -0.000743
37.250000 -0.001336
37.300000 -0.000869
37.350000 -0.001353
37.400000 -0.000770
37.450000 -0.001147
37.500000 -0.000461
37.550000 -0.000754
37.600000 0.000001
37.650000 -0.000252
37.700000 0.000523
37.750000 0.000259
37.800000 0.001001
37.850000 0.000674
37.900000 0.001337
37.950000 0.000908
38.000000 0.001461
38.050000 0.000911
38.100000 0.001346
38.150000 0.000678
38.200000 0.001012
38.250000 0.000255
38.300000 0.000525
38.350000 -0.000278
38.400000 -0.000022
38.450000 -0.000816
38.500000 -0.000519
38.550000 -0.001253
38.600000 -0.000871
38.650000 -0.001505
38.700000 -0.001005
38.750000 -0.001520
38.800000 -0.000894
38.850000 -0.001291
38.900000 -0.000554
38.950000 -0.000860
39.000000 -0.000046
39.050000 -0.000305
39.100000 0.000534
39.150000 0.000268
39.200000 0.001075
39.250000 0.000747
39.300000 0.001472
39.350000 0.001036
39.400000 0.001644
39.450000 0.001077
39.500000 0.001555
39.550000 0.000856
39.600000 0.001217
39.650000 0.000413
39.700000 0.000694
39.750000 -0.000170
39.800000 0.000083
39.850000 -0.000783
39.900000 -0.000499
39.950000 -0.001310
40.000000 -0.000941
40.050000 -0.001651
40.100000 -0.001160
40.150000 -0.001741
40.200000 -0.001111
40.250000 -0.001559
40.300000 -0.000800
40.350000 -0.001137
40.400000 -0.000281
40.450000 -0.000549
40.500000 0.000353
40.550000 0.000099
40.600000 0.000989
40.650000 0.000688
40.700000 0.001508
40.750000 0.001108
40.800000 0.001812
40.850000 0.001276
40.900000 0.001840
40.950000 0.001157
41.000000 0.001582
41.050000 0.000767
41.100000 0.001081
41.150000 0.000173
41.200000 0.000426
41.250000 -0.000517
41.300000 -0.000263
41.350000 -0.001178
41.400000 -0.000861
41.450000 -0.001689
41.500000 -0.001257
41.550000 -0.001955
41.600000 -0.001378
41.650000 -0.001928
41.700000 -0.001199
41.750000 -0.001609
41.800000 -0.000750
41.850000 -0.001052
41.900000 -0.000105
41.950000 -0.000351
42.000000 0.000625
42.050000 0.000371
42.100000 0.001312
42.150000 0.000988
42.200000 0.001835
42.250000 0.001388
42.300000 0.002098
42.350000 0.001497
42.400000 0.002050
42.450000 0.001289
42.500000 0.001693
42.550000 0.000795
42.600000 0.001085
42.650000 0.000095
42.700000 0.000329
42.750000 -0.000688
42.800000 -0.000443
42.850000 -0.001418
42.900000 -0.001096
42.950000 -0.001968
43.000000 -0.001514
43.050000 -0.002239
43.100000 -0.001622
43.150000 -0.002182
43.200000 -0.001398
43.250000 -0.001805
43.300000 -0.000878
43.350000 -0.001167
43.400000 -0.000146
43.450000 -0.000375
43.500000 0.000677
43.550000 0.000441
43.600000 0.001455
43.650000 0.001143
43.700000 0.002054
43.750000 0.001609
43.800000 0.002368
43.850000 0.001753
43.900000 0.002337
43.950000 0.001540
44.000000 0.001952
44.050000 0.000994
44.100000 0.001267
44.150000 0.000192
44.200000 0.000383
44.250000 -0.000744
44.300000 -0.000565
44.350000 -0.001670
44.400000 -0.001429
44.450000 -0.002442
44.500000 -0.002075
44.550000 -0.002939
44.600000 -0.002400
44.650000 -0.003082
44.700000 -0.002349
44.750000 -0.002838
44.800000 -0.001912
44.850000 -0.002218
44.900000 -0.001115
44.950000 -0.001258
