-30.000000 0.000000
-29.950000 0.000000
-29.900000 0.000000
-29.850000 0.000000
-29.800000 0.000000
-29.750000 -0.000000
-29.700000 -0.000000
-29.650000 -0.000000
-29.600000 -0.000000
-29.550000 -0.000000
-29.500000 0.000000
-29.450000 0.000000
-29.400000 0.000000
-29.350000 0.000000
-29.300000 0.000000
-29.250000 0.000000
-29.200000 -0.000000
-29.150000 -0.000000
-29.100000 -0.000000
-29.050000 -0.000000
-29.000000 -0.000000
-28.950000 0.000000
-28.900000 0.000000
-28.850000 0.000000
-28.800000 0.000000
-28.750000 0.000000
-28.700000 -0.000000
-28.650000 -0.000000
-28.600000 -0.000000
-28.550000 -0.000000
-28.500000 -0.000000
-28.450000 -0.000000
-28.400000 -0.000000
-28.350000 0.000000
-28.300000 0.000000
-28.250000 0.000000
-28.200000 0.000000
-28.150000 0.000000
-28.100000 -0.000000
-28.050000 -0.000000
-28.000000 -0.000000
-27.950000 -0.000000
-27.900000 -0.000000
-27.850000 0.000000
-27.800000 0.000000
-27.750000 0.000000
-27.700000 0.000000
-27.650000 0.000000
-27.600000 0.000000
-27.550000 -0.000000
-27.500000 -0.000000
-27.450000 -0.000000
-27.400000 -0.000000
-27.350000 -0.000000
-27.300000 -0.000000
-27.250000 0.000000
-27.200000 0.000000
-27.150000 0.000000
-27.100000 0.000000
-27.050000 0.000000
-27.000000 -0.000000
-26.950000 -0.000000
-26.900000 -0.000000
-26.850000 -0.000000
-26.800000 -0.000000
-26.750000 -0.000000
-26.700000 0.000000
-26.650000 0.000000
-26.600000 0.000000
-26.550000 0.000000
-26.500000 0.000000
-26.450000 0.000000
-26.400000 -0.000000
-26.350000 -0.000000
-26.300000 -0.000000
-26.250000 -0.000000
-26.200000 -0.000000
-26.150000 -0.000000
-26.100000 0.000000
-26.050000 0.000000
-26.000000 0.000000
-25.950000 0.000000
-25.900000 0.000000
-25.850000 -0.000000
-25.800000 -0.000000
-25.750000 -0.000000
-25.700000 -0.000000
-25.650000 -0.000000
-25.600000 -0.000000
-25.550000 0.000000
-25.500000 0.000000
-25.450000 0.000000
-25.400000 0.000000
-25.350000 0.000000
-25.300000 0.000000
-25.250000 -0.000000
-25.200000 -0.000000
-25.150000 -0.000000
-25.100000 -0.000000
-25.050000 -0.000000
-25.000000 -0.000000
-24.950000 0.000000
-24.900000 0.000000
-24.850000 0.000000
-24.800000 0.000000
-24.750000 0.000000
-24.700000 0.000000
-24.650000 -0.000000
-24.600000 -0.000000
-24.550000 -0.000000
-24.500000 -0.000000
-24.450000 -0.000000
-24.400000 -0.000000
-24.350000 0.000000
-24.300000 0.000000
-24.250000 0.000000
-24.200000 0.000000
-24.150000 0.000000
-24.100000 0.000000
-24.050000 -0.000000
-24.000000 -0.000000
-23.950000 -0.000000
-23.900000 -0.000000
-23.850000 -0.000000
-23.800000 -0.000000
-23.750000 0.000000
-23.700000 0.000000
-23.650000 0.000000
-23.600000 0.000001
-23.550000 0.000000
-23.500000 0.000000
-23.450000 -0.000000
-23.400000 -0.000000
-23.350000 -0.000001
-23.300000 -0.000001
-23.250000 -0.000001
-23.200000 -0.000000
-23.150000 -0.000000
-23.100000 0.000000
-23.050000 0.000001
-23.000000 0.000001
-22.950000 0.000001
-22.900000 0.000000
-22.850000 0.000000
-22.800000 -0.000000
-22.750000 -0.000001
-22.700000 -0.000001
-22.650000 -0.000001
-22.600000 -0.000001
-22.550000 -0.000000
-22.500000 0.000000
-22.450000 0.000001
-22.400000 0.000001
-22.350000 0.000001
-22.300000 0.000001
-22.250000 0.000000
-22.200000 0.000000
-22.150000 -0.000000
-22.100000 -0.000001
-22.050000 -0.000001
-22.000000 -0.000001
-21.950000 -0.000001
-21.900000 -0.000000
-21.850000 0.000000
-21.800000 0.000001
-21.750000 0.000001
-21.700000 0.000001
-21.650000 0.000001
-21.600000 0.000000
-21.550000 -0.000000
-21.500000 -0.000001
-21.450000 -0.000001
-21.400000 -0.000001
-21.350000 -0.000001
-21.300000 -0.000001
-21.250000 -0.000000
-21.200000 0.000000
-21.150000 0.000001
-21.100000 0.000001
-21.050000 0.000001
-21.000000 0.000001
-20.950000 0.000001
-20.900000 -0.000000
-20.850000 -0.000001
-20.800000 -0.000001
-20.750000 -0.000002
-20.700000 -0.000002
-20.650000 -0.000001
-20.600000 -0.000000
-20.550000 0.000000
-20.500000 0.000001
-20.450000 0.000002
-20.400000 0.000002
-20.350000 0.000002
-20.300000 0.000001
-20.250000 0.000000
-20.200000 -0.000001
-20.150000 -0.000002
-20.100000 -0.000002
-20.050000 -0.000002
-20.000000 -0.000002
-19.950000 -0.000001
-19.900000 0.000000
-19.850000 0.000001
-19.800000 0.000002
-19.750000 0.000002
-19.700000 0.000002
-19.650000 0.000002
-19.600000 0.000001
-19.550000 -0.000000
-19.500000 -0.000001
-19.450000 -0.000002
-19.400000 -0.000003
-19.350000 -0.000003
-19.300000 -0.000002
-19.250000 -0.000001
-19.200000 0.000000
-19.150000 0.000002
-19.100000 0.000003
-19.050000 0.000003
-19.000000 0.000003
-18.950000 0.000002
-18.900000 0.000001
-18.850000 -0.000001
-18.800000 -0.000002
-18.750000 -0.000003
-18.700000 -0.000004
-18.650000 -0.000004
-18.600000 -0.000003
-18.550000 -0.000001
-18.500000 0.000001
-18.450000 0.000002
-18.400000 0.000004
-18.350000 0.000004
-18.300000 0.000004
-18.250000 0.000003
-18.200000 0.000001
-18.150000 -0.000001
-18.100000 -0.000003
-18.050000 -0.000004
-18.000000 -0.000005
-17.950000 -0.000005
-17.900000 -0.000004
-17.850000 -0.000002
-17.800000 0.000000
-17.750000 0.000003
-17.700000 0.000005
-17.650000 0.000006
-17.600000 0.000006
-17.550000 0.000005
-17.500000 0.000003
-17.450000 0.000000
-17.400000 -0.000002
-17.350000 -0.000005
-17.300000 -0.000006
-17.250000 -0.000007
-17.200000 -0.000006
-17.150000 -0.000004
-17.100000 -0.000001
-17.050000 0.000002
-17.000000 0.000005
-16.950000 0.000007
-16.900000 0.000008
-16.850000 0.000008
-16.800000 0.000006
-16.750000 0.000003
-16.700000 -0.000001
-16.650000 -0.000004
-16.600000 -0.000007
-16.550000 -0.000009
-16.500000 -0.000009
-16.450000 -0.000008
-16.400000 -0.000005
-16.350000 -0.000001
-16.300000 0.000003
-16.250000 0.000007
-16.200000 0.000010
-16.150000 0.000011
-16.100000 0.000010
-16.050000 0.000008
-16.000000 0.000004
-15.950000 -0.000000
-15.900000 -0.000005
-15.850000 -0.000009
-15.800000 -0.000012
-15.750000 -0.000013
-15.700000 -0.000012
-15.650000 -0.000008
-15.600000 -0.000003
-15.550000 0.000002
-15.500000 0.000008
-15.450000 0.000012
-15.400000 0.000015
-15.350000 0.000015
-15.300000 0.000013
-15.250000 0.000009
-15.200000 0.000003
-15.150000 -0.000004
-15.100000 -0.000010
-15.050000 -0.000015
-15.000000 -0.000018
-14.950000 -0.000018
-14.900000 -0.000015
-14.850000 -0.000010
-14.800000 -0.000003
-14.750000 0.000005
-14.700000 0.000012
-14.650000 0.000018
-14.600000 0.000021
-14.550000 0.000021
-14.500000 0.000018
-14.450000 0.000012
-14.400000 0.000003
-14.350000 -0.000006
-14.300000 -0.000015
-14.250000 -0.000021
-14.200000 -0.000025
-14.150000 -0.000026
-14.100000 -0.000022
-14.050000 -0.000015
-14.000000 -0.000006
-13.950000 0.000005
-13.900000 0.000016
-13.850000 0.000024
-13.800000 0.000030
-13.750000 0.000031
-13.700000 0.000028
-13.650000 0.000021
-13.600000 0.000010
-13.550000 -0.000003
-13.500000 -0.000015
-13.450000 -0.000027
-13.400000 -0.000034
-13.350000 -0.000038
-13.300000 -0.000036
-13.250000 -0.000029
-13.200000 -0.000018
-13.150000 -0.000003
-13.100000 0.000012
-13.050000 0.000027
-13.000000 0.000038
-12.950000 0.000045
-12.900000 0.000046
-12.850000 0.000041
-12.800000 0.000030
-12.750000 0.000014
-12.700000 -0.000004
-12.650000 -0.000022
-12.600000 -0.000039
-12.550000 -0.000051
-12.500000 -0.000056
-12.450000 -0.000055
-12.400000 -0.000046
-12.350000 -0.000031
-12.300000 -0.000011
-12.250000 0.000011
-12.200000 0.000033
-12.150000 0.000052
-12.100000 0.000064
-12.050000 0.000070
-12.000000 0.000067
-11.950000 0.000055
-11.900000 0.000035
-11.850000 0.000011
-11.800000 -0.000016
-11.750000 -0.000043
-11.700000 -0.000065
-11.650000 -0.000081
-11.600000 -0.000087
-11.550000 -0.000083
-11.500000 -0.000069
-11.450000 -0.000046
-11.400000 -0.000016
-11.350000 0.000017
-11.300000 0.000050
-11.250000 0.000078
-11.200000 0.000099
-11.150000 0.000108
-11.100000 0.000106
-11.050000 0.000091
-11.000000 0.000065
-10.950000 0.000030
-10.900000 -0.000010
-10.850000 -0.000051
-10.800000 -0.000088
-10.750000 -0.000117
-10.700000 -0.000134
-10.650000 -0.000137
-10.600000 -0.000125
-10.550000 -0.000099
-10.500000 -0.000060
-10.450000 -0.000013
-10.400000 0.000038
-10.350000 0.000088
-10.300000 0.000130
-10.250000 0.000161
-10.200000 0.000175
-10.150000 0.000172
-10.100000 0.000151
-10.050000 0.000112
-10.000000 0.000060
-9.950000 -0.000001
-9.900000 -0.000065
-9.850000 -0.000126
-9.800000 -0.000177
-9.750000 -0.000212
-9.700000 -0.000228
-9.650000 -0.000221
-9.600000 -0.000192
-9.550000 -0.000142
-9.500000 -0.000076
-9.450000 0.000002
-9.400000 0.000083
-9.350000 0.000161
-9.300000 0.000227
-9.250000 0.000274
-9.200000 0.000298
-9.150000 0.000294
-9.100000 0.000262
-9.050000 0.000204
-9.000000 0.000123
-8.950000 0.000027
-8.900000 -0.000077
-8.850000 -0.000180
-8.800000 -0.000271
-8.750000 -0.000343
-8.700000 -0.000387
-8.650000 -0.000399
-8.600000 -0.000376
-8.550000 -0.000317
-8.500000 -0.000228
-8.450000 -0.000114
-8.400000 0.000017
-8.350000 0.000153
-8.300000 0.000283
-8.250000 0.000397
-8.200000 0.000482
-8.150000 0.000531
-8.100000 0.000538
-8.050000 0.000500
-8.000000 0.000418
-7.950000 0.000297
-7.900000 0.000145
-7.850000 -0.000028
-7.800000 -0.000208
-7.750000 -0.000382
-7.700000 -0.000536
-7.650000 -0.000656
-7.600000 -0.000730
-7.550000 -0.000752
-7.500000 -0.000717
-7.450000 -0.000625
-7.400000 -0.000479
-7.350000 -0.000289
-7.300000 -0.000066
-7.250000 0.000175
-7.200000 0.000416
-7.150000 0.000640
-7.100000 0.000830
-7.050000 0.000970
-7.000000 0.001047
-6.950000 0.001052
-6.900000 0.000982
-6.850000 0.000838
-6.800000 0.000624
-6.750000 0.000354
-6.700000 0.000041
-6.650000 -0.000294
-6.600000 -0.000631
-6.550000 -0.000947
-6.500000 -0.001220
-6.450000 -0.001430
-6.400000 -0.001559
-6.350000 -0.001596
-6.300000 -0.001534
-6.250000 -0.001370
-6.200000 -0.001110
-6.150000 -0.000767
-6.100000 -0.000356
-6.050000 0.000101
-6.000000 0.000576
-5.950000 0.001043
-5.900000 0.001473
-5.850000 0.001836
-5.800000 0.002109
-5.750000 0.002268
-5.700000 0.002298
-5.650000 0.002190
-5.600000 0.001942
-5.550000 0.001557
-5.500000 0.001050
-5.450000 0.000441
-5.400000 -0.000244
-5.350000 -0.000973
-5.300000 -0.001711
-5.250000 -0.002420
-5.200000 -0.003062
-5.150000 -0.003603
-5.100000 -0.004009
-5.050000 -0.004254
-5.000000 -0.004318
-4.950000 -0.004190
-4.900000 -0.003866
-4.850000 -0.003353
-4.800000 -0.002669
-4.750000 -0.001838
-4.700000 -0.000894
-4.650000 0.000123
-4.600000 0.001164
-4.550000 0.002181
-4.500000 0.003120
-4.450000 0.003930
-4.400000 0.004562
-4.350000 0.004971
-4.300000 0.005117
-4.250000 0.004971
-4.200000 0.004512
-4.150000 0.003729
-4.100000 0.002624
-4.050000 0.001209
-4.000000 -0.000492
-3.950000 -0.002443
-3.900000 -0.004600
-3.850000 -0.006910
-3.800000 -0.009313
-3.750000 -0.011744
-3.700000 -0.014136
-3.650000 -0.016421
-3.600000 -0.018534
-3.550000 -0.020415
-3.500000 -0.022009
-3.450000 -0.023273
-3.400000 -0.024172
-3.350000 -0.024688
-3.300000 -0.024813
-3.250000 -0.024558
-3.200000 -0.023947
-3.150000 -0.023023
-3.100000 -0.021843
-3.050000 -0.020481
-3.000000 -0.019024
-2.950000 -0.017577
-2.900000 -0.016252
-2.850000 -0.015176
-2.800000 -0.014483
-2.750000 -0.014316
-2.700000 -0.014822
-2.650000 -0.016151
-2.600000 -0.018456
-2.550000 -0.021890
-2.500000 -0.026602
-2.450000 -0.032740
-2.400000 -0.040445
-2.350000 -0.049851
-2.300000 -0.061085
-2.250000 -0.074263
-2.200000 -0.089491
-2.150000 -0.106862
-2.100000 -0.126455
-2.050000 -0.148336
-2.000000 -0.172552
-1.950000 -0.199132
-1.900000 -0.228086
-1.850000 -0.259404
-1.800000 -0.293050
-1.750000 -0.328966
-1.700000 -0.367066
-1.650000 -0.407238
-1.600000 -0.449338
-1.550000 -0.493195
-1.500000 -0.538605
-1.450000 -0.585334
-1.400000 -0.633119
-1.350000 -0.681665
-1.300000 -0.730655
-1.250000 -0.779744
-1.200000 -0.828573
-1.150000 -0.876768
-1.100000 -0.923949
-1.050000 -0.969739
-1.000000 -1.013772
-0.950000 -1.055704
-0.900000 -1.095223
-0.850000 -1.132057
-0.800000 -1.165993
-0.750000 -1.196879
-0.700000 -1.224639
-0.650000 -1.249281
-0.600000 -1.270908
-0.550000 -1.289720
-0.500000 -1.306023
-0.450000 -1.320233
-0.400000 -1.332878
-0.350000 -1.344599
-0.300000 -1.356154
-0.250000 -1.368412
-0.200000 -1.382357
-0.150000 -1.399084
-0.100000 -1.419799
-0.050000 -1.445811
0.000000 -1.478532
0.050000 -1.519467
0.100000 -1.570201
0.150000 -1.632384
0.200000 -1.707701
0.250000 -1.797839
0.300000 -1.904429
0.350000 -2.028978
0.400000 -2.172776
0.450000 -2.336772
0.500000 -2.521436
0.550000 -2.726587
0.600000 -2.951208
0.650000 -3.193254
0.700000 -3.449475
0.750000 -3.715286
0.800000 -3.984703
0.850000 -4.250397
0.900000 -4.503897
0.950000 -4.735949
1.000000 -4.937045
1.050000 -5.098087
1.100000 -5.211108
1.150000 -5.269988
1.200000 -5.271032
1.250000 -5.213337
1.300000 -5.098882
1.350000 -4.932318
1.400000 -4.720509
1.450000 -4.471880
1.500000 -4.195694
1.550000 -3.901346
1.600000 -3.597747
1.650000 -3.292870
1.700000 -2.993458
1.750000 -2.704888
1.800000 -2.431175
1.850000 -2.175066
1.900000 -1.938200
1.950000 -1.721295
2.000000 -1.524342
2.050000 -1.346786
2.100000 -1.187685
2.150000 -1.045848
2.200000 -0.919940
2.250000 -0.808564
2.300000 -0.710328
2.350000 -0.623882
2.400000 -0.547949
2.450000 -0.481344
2.500000 -0.422982
2.550000 -0.371877
2.600000 -0.327144
2.650000 -0.287996
2.700000 -0.253733
2.750000 -0.223738
2.800000 -0.197469
2.850000 -0.174449
2.900000 -0.154263
2.950000 -0.136549
3.000000 -0.120990
3.050000 -0.107312
3.100000 -0.095275
3.150000 -0.084672
3.200000 -0.075322
3.250000 -0.067068
3.300000 -0.059773
3.350000 -0.053320
3.400000 -0.047604
3.450000 -0.042536
3.500000 -0.038038
3.550000 -0.034042
3.600000 -0.030487
3.650000 -0.027323
3.700000 -0.024503
3.750000 -0.021988
3.800000 -0.019742
3.850000 -0.017736
3.900000 -0.015941
3.950000 -0.014336
4.000000 -0.012898
4.050000 -0.011609
4.100000 -0.010453
4.150000 -0.009415
4.200000 -0.008484
4.250000 -0.007647
4.300000 -0.006895
4.350000 -0.006219
4.400000 -0.005610
4.450000 -0.005062
4.500000 -0.004569
4.550000 -0.004124
4.600000 -0.003724
4.650000 -0.003363
4.700000 -0.003037
4.750000 -0.002744
4.800000 -0.002479
4.850000 -0.002240
4.900000 -0.002024
4.950000 -0.001829
5.000000 -0.001654
5.050000 -0.001495
5.100000 -0.001351
5.150000 -0.001222
5.200000 -0.001105
5.250000 -0.000999
5.300000 -0.000903
5.350000 -0.000817
5.400000 -0.000739
5.450000 -0.000668
5.500000 -0.000604
5.550000 -0.000547
5.600000 -0.000494
5.650000 -0.000447
5.700000 -0.000405
5.750000 -0.000366
5.800000 -0.000331
5.850000 -0.000299
5.900000 -0.000271
5.950000 -0.000245
6.000000 -0.000222
6.050000 -0.000201
6.100000 -0.000181
6.150000 -0.000164
6.200000 -0.000149
6.250000 -0.000134
6.300000 -0.000122
6.350000 -0.000110
6.400000 -0.000100
6.450000 -0.000090
6.500000 -0.000081
6.550000 -0.000074
6.600000 -0.000067
6.650000 -0.000060
6.700000 -0.000055
6.750000 -0.000049
6.800000 -0.000045
6.850000 -0.000040
6.900000 -0.000037
6.950000 -0.000033
7.000000 -0.000030
7.050000 -0.000027
7.100000 -0.000025
7.150000 -0.000022
7.200000 -0.000020
7.250000 -0.000018
7.300000 -0.000016
7.350000 -0.000015
7.400000 -0.000013
7.450000 -0.000012
7.500000 -0.000011
7.550000 -0.000010
7.600000 -0.000009
7.650000 -0.000008
7.700000 -0.000007
7.750000 -0.000007
7.800000 -0.000006
7.850000 -0.000005
7.900000 -0.000005
7.950000 -0.000004
8.000000 -0.000004
8.050000 -0.000004
8.100000 -0.000003
8.150000 -0.000003
8.200000 -0.000003
8.250000 -0.000002
8.300000 -0.000002
8.350000 -0.000002
8.400000 -0.000002
8.450000 -0.000002
8.500000 -0.000001
8.550000 -0.000001
8.600000 -0.000001
8.650000 -0.000001
8.700000 -0.000001
8.750000 -0.000001
8.800000 -0.000001
8.850000 -0.000001
8.900000 -0.000001
8.950000 -0.000001
9.000000 -0.000001
9.050000 -0.000000
9.100000 -0.000000
9.150000 -0.000000
9.200000 -0.000000
9.250000 -0.000000
9.300000 -0.000000
9.350000 -0.000000
9.400000 -0.000000
9.450000 -0.000000
9.500000 -0.000000
9.550000 -0.000000
9.600000 -0.000000
9.650000 -0.000000
9.700000 -0.000000
9.750000 -0.000000
9.800000 -0.000000
9.850000 -0.000000
9.900000 -0.000000
9.950000 -0.000000
10.000000 -0.000000
10.050000 -0.000000
10.100000 -0.000000
10.150000 -0.000000
10.200000 -0.000000
10.250000 -0.000000
10.300000 -0.000000
10.350000 -0.000000
10.400000 -0.000000
10.450000 -0.000000
10.500000 -0.000000
10.550000 -0.000000
10.600000 -0.000000
10.650000 -0.000000
10.700000 -0.000000
10.750000 -0.000000
10.800000 -0.000000
10.850000 -0.000000
10.900000 -0.000000
10.950000 -0.000000
11.000000 -0.000000
11.050000 -0.000000
11.100000 -0.000000
11.150000 -0.000000
11.200000 -0.000000
11.250000 -0.000000
11.300000 -0.000000
11.350000 -0.000000
11.400000 -0.000000
11.450000 -0.000000
11.500000 -0.000000
11.550000 -0.000000
11.600000 -0.000000
11.650000 -0.000000
11.700000 -0.000000
11.750000 -0.000000
11.800000 -0.000000
11.850000 -0.000000
11.900000 -0.000000
11.950000 -0.000000
12.000000 -0.000000
12.050000 -0.000000
12.100000 -0.000000
12.150000 -0.000000
12.200000 -0.000000
12.250000 -0.000000
12.300000 -0.000000
12.350000 -0.000000
12.400000 -0.000000
12.450000 -0.000000
12.500000 -0.000000
12.550000 -0.000000
12.600000 -0.000000
12.650000 -0.000000
12.700000 -0.000000
12.750000 -0.000000
12.800000 -0.000000
12.850000 -0.000000
12.900000 -0.000000
12.950000 -0.000000
13.000000 -0.000000
13.050000 -0.000000
13.100000 -0.000000
13.150000 -0.000000
13.200000 -0.000000
13.250000 -0.000000
13.300000 0.000000
13.350000 -0.000000
13.400000 0.000000
13.450000 -0.000000
13.500000 0.000000
13.550000 -0.000000
13.600000 0.000000
13.650000 -0.000000
13.700000 0.000000
13.750000 -0.000000
13.800000 0.000000
13.850000 -0.000000
13.900000 0.000000
13.950000 -0.000000
14.000000 -0.000000
14.050000 -0.000000
14.100000 -0.000000
14.150000 -0.000000
14.200000 -0.000000
14.250000 -0.000000
14.300000 -0.000000
14.350000 0.000000
14.400000 0.000000
14.450000 0.000000
14.500000 0.000000
14.550000 0.000000
14.600000 -0.000000
14.650000 0.000000
14.700000 -0.000000
14.750000 0.000000
14.800000 -0.000000
14.850000 0.000000
14.900000 -0.000000
14.950000 0.000000
15.000000 -0.000000
15.050000 0.000000
15.100000 -0.000000
15.150000 0.000000
15.200000 -0.000000
15.250000 0.000000
15.300000 -0.000000
15.350000 0.000000
15.400000 -0.000000
15.450000 0.000000
15.500000 -0.000000
15.550000 0.000000
15.600000 -0.000000
15.650000 0.000000
15.700000 -0.000000
15.750000 -0.000000
15.800000 -0.000000
15.850000 0.000000
15.900000 -0.000000
15.950000 0.000000
16.000000 0.000000
16.050000 0.000000
16.100000 0.000000
16.150000 0.000000
16.200000 0.000000
16.250000 -0.000000
16.300000 0.000000
16.350000 -0.000000
16.400000 0.000000
16.450000 -0.000000
16.500000 0.000000
16.550000 -0.000000
16.600000 0.000000
16.650000 -0.000000
16.700000 0.000000
16.750000 -0.000000
16.800000 0.000000
16.850000 -0.000000
16.900000 0.000000
16.950000 -0.000000
17.000000 0.000000
17.050000 -0.000000
17.100000 0.000000
17.150000 -0.000000
17.200000 0.000000
17.250000 -0.000000
17.300000 0.000000
17.350000 -0.000000
17.400000 0.000000
17.450000 -0.000000
17.500000 0.000000
17.550000 0.000000
17.600000 0.000000
17.650000 0.000000
17.700000 0.000000
17.750000 0.000000
17.800000 -0.000000
17.850000 -0.000000
17.900000 -0.000000
17.950000 -0.000000
18.000000 -0.000000
18.050000 0.000000
18.100000 -0.000000
18.150000 0.000000
18.200000 -0.000000
18.250000 0.000000
18.300000 -0.000000
18.350000 0.000000
18.400000 -0.000000
18.450000 0.000000
18.500000 -0.000000
18.550000 0.000000
18.600000 -0.000000
18.650000 0.000000
18.700000 -0.000000
18.750000 0.000000
18.800000 -0.000000
18.850000 0.000000
18.900000 -0.000000
18.950000 0.000000
19.000000 0.000000
19.050000 0.000000
19.100000 0.000000
19.150000 0.000000
19.200000 -0.000000
19.250000 -0.000000
19.300000 -0.000000
19.350000 -0.000000
19.400000 -0.000000
19.450000 -0.000000
19.500000 0.000000
19.550000 -0.000000
19.600000 0.000000
19.650000 -0.000000
19.700000 0.000000
19.750000 -0.000000
19.800000 0.000000
19.850000 -0.000000
19.900000 0.000000
19.950000 -0.000000
20.000000 0.000000
20.050000 -0.000000
20.100000 0.000000
20.150000 -0.000000
20.200000 0.000000
20.250000 -0.000000
20.300000 0.000000
20.350000 0.000000
20.400000 0.000000
20.450000 0.000000
20.500000 0.000000
20.550000 -0.000000
20.600000 -0.000000
20.650000 -0.000000
20.700000 -0.000000
20.750000 -0.000000
20.800000 -0.000000
20.850000 0.000000
20.900000 -0.000000
20.950000 0.000000
21.000000 0.000000
21.050000 0.000000
21.100000 -0.000000
21.150000 0.000000
21.200000 -0.000000
21.250000 0.000000
21.300000 -0.000000
21.350000 0.000000
21.400000 -0.000000
21.450000 0.000000
21.500000 -0.000000
21.550000 0.000000
21.600000 -0.000000
21.650000 0.000000
21.700000 -0.000000
21.750000 0.000000
21.800000 -0.000000
21.850000 0.000000
21.900000 -0.000000
21.950000 -0.000000
22.000000 -0.000000
22.050000 -0.000000
22.100000 -0.000000
22.150000 0.000000
22.200000 0.000000
22.250000 0.000000
22.300000 0.000000
22.350000 0.000000
22.400000 0.000000
22.450000 -0.000000
22.500000 0.000000
22.550000 -0.000000
22.600000 -0.000000
22.650000 -0.000000
22.700000 0.000000
22.750000 -0.000000
22.800000 0.000000
22.850000 -0.000000
22.900000 0.000000
22.950000 -0.000000
23.000000 0.000000
23.050000 -0.000000
23.100000 0.000000
23.150000 -0.000000
23.200000 0.000000
23.250000 -0.000000
23.300000 -0.000000
23.350000 -0.000000
23.400000 0.000000
23.450000 -0.000000
23.500000 0.000000
23.550000 0.000000
23.600000 0.000000
23.650000 0.000000
23.700000 0.000000
23.750000 0.000000
23.800000 -0.000000
23.850000 -0.000000
23.900000 -0.000000
23.950000 -0.000000
24.000000 -0.000000
24.050000 0.000000
24.100000 -0.000000
24.150000 0.000000
24.200000 0.000000
24.250000 0.000000
24.300000 -0.000000
24.350000 0.000000
24.400000 -0.000000
24.450000 0.000000
24.500000 -0.000000
24.550000 0.000000
24.600000 -0.000000
24.650000 0.000000
24.700000 -0.000000
24.750000 0.000000
24.800000 0.000000
24.850000 0.000000
24.900000 0.000000
24.950000 0.000000
25.000000 -0.000000
25.050000 -0.000000
25.100000 -0.000000
25.150000 -0.000000
25.200000 -0.000000
25.250000 -0.000000
25.300000 0.000000
25.350000 0.000000
25.400000 0.000000
25.450000 0.000000
25.500000 0.000000
25.550000 -0.000000
25.600000 0.000000
25.650000 -0.000000
25.700000 -0.000000
25.750000 -0.000000
25.800000 0.000000
25.850000 -0.000000
25.900000 0.000000
25.950000 0.000000
26.000000 0.000000
26.050000 0.000000
26.100000 0.000000
26.150000 -0.000000
26.200000 -0.000000
26.250000 -0.000000
26.300000 -0.000000
26.350000 -0.000000
26.400000 -0.000000
26.450000 0.000000
26.500000 0.000000
26.550000 0.000000
26.600000 0.000000
26.650000 0.000000
26.700000 -0.000000
26.750000 0.000000
26.800000 -0.000000
26.850000 -0.000000
26.900000 -0.000000
26.950000 0.000000
27.000000 -0.000000
27.050000 0.000000
27.100000 0.000000
27.150000 0.000000
27.200000 -0.000000
27.250000 0.000000
27.300000 -0.000000
27.350000 -0.000000
27.400000 -0.000000
27.450000 -0.000000
27.500000 -0.000000
27.550000 0.000000
27.600000 0.000000
27.650000 0.000000
27.700000 0.000000
27.750000 0.000000
27.800000 0.000000
27.850000 -0.000000
27.900000 -0.000000
27.950000 -0.000000
28.000000 -0.000000
28.050000 -0.000000
28.100000 0.000000
28.150000 -0.000000
28.200000 0.000000
28.250000 0.000000
28.300000 0.000000
28.350000 -0.000000
28.400000 0.000000
28.450000 -0.000000
28.500000 -0.000000
28.550000 -0.000000
28.600000 -0.000000
28.650000 -0.000000
28.700000 0.000000
28.750000 0.000000
28.800000 0.000000
28.850000 0.000000
28.900000 0.000000
28.950000 -0.000000
29.000000 -0.000000
29.050000 -0.000000
29.100000 -0.000000
29.150000 -0.000000
29.200000 -0.000000
29.250000 0.000000
29.300000 0.000000
29.350000 0.000000
29.400000 0.000000
29.450000 0.000000
29.500000 -0.000000
29.550000 -0.000000
29.600000 -0.000000
29.650000 -0.000000
29.700000 -0.000000
29.750000 0.000000
29.800000 -0.000000
29.850000 0.000000
29.900000 0.000000
29.950000 0.000000
30.000000 -0.000000
30.050000 -0.000000
30.100000 -0.000000
30.150000 -0.000000
30.200000 -0.000000
30.250000 -0.000000
30.300000 0.000000
30.350000 0.000000
30.400000 0.000000
30.450000 0.000000
30.500000 0.000000
30.550000 -0.000000
30.600000 -0.000000
30.650000 -0.000000
30.700000 -0.000000
30.750000 -0.000000
30.800000 0.000000
30.850000 -0.000000
30.900000 0.000000
30.950000 0.000000
31.000000 0.000000
31.050000 0.000000
31.100000 0.000000
31.150000 -0.000000
31.200000 -0.000000
31.250000 -0.000000
31.300000 -0.000000
31.350000 -0.000000
31.400000 0.000000
31.450000 0.000000
31.500000 0.000000
31.550000 0.000000
31.600000 -0.000000
31.650000 -0.000000
31.700000 -0.000000
31.750000 -0.000000
31.800000 -0.000000
31.850000 0.000000
31.900000 -0.000000
31.950000 0.000000
32.000000 0.000000
32.050000 0.000000
32.100000 -0.000000
32.150000 0.000000
32.200000 -0.000000
32.250000 -0.000000
32.300000 -0.000000
32.350000 -0.000000
32.400000 -0.000000
32.450000 0.000000
32.500000 0.000000
32.550000 0.000000
32.600000 0.000000
32.650000 -0.000000
32.700000 -0.000000
32.750000 -0.000000
32.800000 -0.000000
32.850000 -0.000000
32.900000 0.000000
32.950000 0.000000
33.000000 0.000000
33.050000 0.000000
33.100000 0.000000
33.150000 -0.000000
33.200000 -0.000000
33.250000 -0.000000
33.300000 -0.000000
33.350000 -0.000000
33.400000 0.000000
33.450000 0.000000
33.500000 0.000000
33.550000 0.000000
33.600000 0.000000
33.650000 -0.000000
33.700000 -0.000000
33.750000 -0.000000
33.800000 -0.000000
33.850000 -0.000000
33.900000 -0.000000
33.950000 0.000000
34.000000 0.000000
34.050000 0.000000
34.100000 0.000000
34.150000 0.000000
34.200000 -0.000000
34.250000 -0.000000
34.300000 -0.000000
34.350000 -0.000000
34.400000 -0.000000
34.450000 0.000000
34.500000 0.000000
34.550000 0.000000
34.600000 0.000000
34.650000 0.000000
34.700000 -0.000000
34.750000 -0.000000
34.800000 -0.000000
34.850000 -0.000000
34.900000 0.000000
34.950000 0.000000
35.000000 0.000000
35.050000 0.000000
35.100000 0.000000
35.150000 -0.000000
35.200000 -0.000000
35.250000 -0.000000
35.300000 -0.000000
35.350000 -0.000000
35.400000 0.000000
35.450000 0.000000
35.500000 0.000000
35.550000 0.000000
35.600000 0.000000
35.650000 -0.000000
35.700000 -0.000000
35.750000 -0.000000
35.800000 -0.000000
35.850000 -0.000000
35.900000 0.000000
35.950000 0.000000
36.000000 0.000000
36.050000 0.000000
36.100000 -0.000000
36.150000 -0.000000
36.200000 -0.000000
36.250000 -0.000000
36.300000 -0.000000
36.350000 0.000000
36.400000 0.000000
36.450000 0.000000
36.500000 0.000000
36.550000 0.000000
36.600000 -0.000000
36.650000 -0.000000
36.700000 -0.000000
36.750000 -0.000000
36.800000 -0.000000
36.850000 0.000000
36.900000 0.000000
36.950000 0.000000
37.000000 0.000000
37.050000 -0.000000
37.100000 -0.000000
37.150000 -0.000000
37.200000 -0.000000
37.250000 -0.000000
37.300000 0.000000
37.350000 0.000000
37.400000 0.000000
37.450000 0.000000
37.500000 0.000000
37.550000 -0.000000
37.600000 -0.000000
37.650000 -0.000000
37.700000 -0.000000
37.750000 -0.000000
37.800000 0.000000
37.850000 0.000000
37.900000 0.000000
37.950000 0.000000
38.000000 -0.000000
38.050000 -0.000000
38.100000 -0.000000
38.150000 -0.000000
38.200000 -0.000000
38.250000 0.000000
38.300000 0.000000
38.350000 0.000000
38.400000 0.000000
38.450000 0.000000
38.500000 -0.000000
38.550000 -0.000000
38.600000 -0.000000
38.650000 -0.000000
38.700000 -0.000000
38.750000 0.000000
38.800000 0.000000
38.850000 0.000000
38.900000 0.000000
38.950000 -0.000000
39.000000 -0.000000
39.050000 -0.000000
39.100000 -0.000000
39.150000 -0.000000
39.200000 0.000000
39.250000 0.000000
39.300000 0.000000
39.350000 0.000000
39.400000 -0.000000
39.450000 -0.000000
39.500000 -0.000000
39.550000 -0.000000
39.600000 0.000000
39.650000 0.000000
39.700000 0.000000
39.750000 0.000000
39.800000 0.000000
39.850000 -0.000000
39.900000 -0.000000
39.950000 -0.000000
40.000000 -0.000000
40.050000 -0.000000
40.100000 0.000000
40.150000 0.000000
40.200000 0.000000
40.250000 0.000000
40.300000 -0.000000
40.350000 -0.000000
40.400000 -0.000000
40.450000 -0.000000
40.500000 -0.000000
40.550000 0.000000
40.600000 0.000000
40.650000 0.000000
40.700000 0.000000
40.750000 -0.000000
40.800000 -0.000000
40.850000 -0.000000
40.900000 -0.000000
40.950000 -0.000000
41.000000 0.000000
41.050000 0.000000
41.100000 0.000000
41.150000 0.000000
41.200000 -0.000000
41.250000 -0.000000
41.300000 -0.000000
41.350000 -0.000000
41.400000 -0.000000
41.450000 0.000000
41.500000 0.000000
41.550000 0.000000
41.600000 0.000000
41.650000 -0.000000
41.700000 -0.000000
41.750000 -0.000000
41.800000 -0.000000
41.850000 0.000000
41.900000 0.000000
41.950000 0.000000
42.000000 0.000000
42.050000 0.000000
42.100000 -0.000000
42.150000 -0.000000
42.200000 -0.000000
42.250000 -0.000000
42.300000 0.000000
42.350000 0.000000
42.400000 0.000000
42.450000 0.000000
42.500000 -0.000000
42.550000 -0.000000
42.600000 -0.000000
42.650000 -0.000000
42.700000 -0.000000
42.750000 0.000000
42.800000 0.000000
42.850000 0.000000
42.900000 0.000000
42.950000 -0.000000
43.000000 -0.000000
43.050000 -0.000000
43.100000 -0.000000
43.150000 -0.000000
43.200000 0.000000
43.250000 0.000000
43.300000 0.000000
43.350000 -0.000000
43.400000 -0.000000
43.450000 -0.000000
43.500000 -0.000000
43.550000 -0.000000
43.600000 0.000000
43.650000 0.000000
43.700000 0.000000
43.750000 0.000000
43.800000 0.000000
43.850000 -0.000000
43.900000 -0.000000
43.950000 -0.000000
44.000000 0.000000
44.050000 0.000000
44.100000 0.000000
44.150000 0.000000
44.200000 0.000000
44.250000 -0.000000
44.300000 -0.000000
44.350000 -0.000000
44.400000 -0.000000
44.450000 0.000000
44.500000 0.000000
44.550000 0.000000
44.600000 0.000000
44.650000 -0.000000
44.700000 -0.000000
44.750000 -0.000000
44.800000 -0.000000
44.850000 0.000000
44.900000 0.000000
44.950000 0.000000
