-30.000000 0.001013
-29.950000 0.000836
-29.900000 0.001667
-29.850000 0.001308
-29.800000 0.001954
-29.750000 0.001413
-29.700000 0.001882
-29.650000 0.001177
-29.600000 0.001497
-29.550000 0.000666
-29.500000 0.000885
-29.450000 -0.000015
-29.400000 0.000164
-29.350000 -0.000738
-29.300000 -0.000529
-29.250000 -0.001368
-29.200000 -0.001069
-29.150000 -0.001790
-29.100000 -0.001355
-29.050000 -0.001925
-29.000000 -0.001334
-28.950000 -0.001747
-28.900000 -0.001009
-28.850000 -0.001287
-28.800000 -0.000436
-28.750000 -0.000626
-28.700000 0.000282
-28.650000 0.000119
-28.600000 0.001016
-28.550000 0.000810
-28.500000 0.001631
-28.450000 0.001322
-28.400000 0.002013
-28.350000 0.001557
-28.300000 0.002087
-28.250000 0.001467
-28.200000 0.001833
-28.150000 0.001061
-28.100000 0.001290
-28.050000 0.000407
-28.000000 0.000552
-27.950000 -0.000380
-27.900000 -0.000253
-27.850000 -0.001164
-27.800000 -0.000982
-27.750000 -0.001803
-27.700000 -0.001505
-27.650000 -0.002184
-27.600000 -0.001727
-27.550000 -0.002234
-27.500000 -0.001605
-27.450000 -0.001941
-27.400000 -0.001153
-27.350000 -0.001347
-27.300000 -0.000445
-27.250000 -0.000551
-27.200000 0.000403
-27.150000 0.000314
-27.100000 0.001245
-27.050000 0.001099
-27.000000 0.001936
-26.950000 0.001668
-26.900000 0.002354
-26.850000 0.001917
-26.800000 0.002420
-26.750000 0.001798
-26.700000 0.002118
-26.650000 0.001326
-26.600000 0.001491
-26.550000 0.000574
-26.500000 0.000642
-26.450000 -0.000334
-26.400000 -0.000290
-26.350000 -0.001248
-26.300000 -0.001149
-26.250000 -0.002015
-26.200000 -0.001793
-26.150000 -0.002504
-26.100000 -0.002110
-26.050000 -0.002631
-26.000000 -0.002041
-25.950000 -0.002366
-25.900000 -0.001592
-25.850000 -0.001746
-25.800000 -0.000828
-25.750000 -0.000866
-25.700000 0.000131
-25.650000 0.000137
-25.600000 0.001133
-25.550000 0.001099
-25.500000 0.002013
-25.450000 0.001863
-25.400000 0.002626
-25.350000 0.002301
-25.300000 0.002867
-25.250000 0.002336
-25.200000 0.002690
-25.150000 0.001956
-25.100000 0.002118
-25.050000 0.001216
-25.000000 0.001235
-24.950000 0.000227
-24.900000 0.000175
-24.850000 -0.000858
-24.800000 -0.000896
-24.750000 -0.001871
-24.700000 -0.001813
-24.650000 -0.002652
-24.600000 -0.002428
-24.550000 -0.003073
-24.500000 -0.002641
-24.450000 -0.003062
-24.400000 -0.002408
-24.350000 -0.002612
-24.300000 -0.001758
-24.250000 -0.001782
-24.200000 -0.000783
-24.150000 -0.000695
-24.100000 0.000373
-24.050000 0.000488
-24.000000 0.001534
-23.950000 0.001586
-23.900000 0.002523
-23.850000 0.002430
-23.800000 0.003186
-23.750000 0.002888
-23.700000 0.003417
-23.650000 0.002886
-23.600000 0.003175
-23.550000 0.002415
-23.500000 0.002488
-23.450000 0.001538
-23.400000 0.001449
-23.350000 0.000378
-23.300000 0.000205
-23.250000 -0.000901
-23.200000 -0.001065
-23.150000 -0.002112
-23.100000 -0.002175
-23.050000 -0.003075
-23.000000 -0.002958
-22.950000 -0.003645
-22.900000 -0.003294
-22.850000 -0.003729
-22.800000 -0.003123
-22.750000 -0.003304
-22.700000 -0.002462
-22.650000 -0.002424
-22.600000 -0.001397
-22.550000 -0.001207
-22.500000 -0.000074
-22.450000 0.000178
-22.400000 0.001320
-22.350000 0.001536
-22.300000 0.002590
-22.250000 0.002676
-22.200000 0.003555
-22.150000 0.003435
-22.100000 0.004075
-22.050000 0.003699
-22.000000 0.004068
-21.950000 0.003423
-21.900000 0.003525
-21.850000 0.002633
-21.800000 0.002510
-21.750000 0.001428
-21.700000 0.001151
-21.650000 -0.000035
-21.600000 -0.000370
-21.550000 -0.001559
-21.500000 -0.001848
-21.450000 -0.002936
-21.400000 -0.003079
-21.350000 -0.003974
-21.300000 -0.003892
-21.250000 -0.004526
-21.200000 -0.004167
-21.150000 -0.004510
-21.100000 -0.003860
-21.050000 -0.003917
-21.000000 -0.003003
-20.950000 -0.002816
-20.900000 -0.001698
-20.850000 -0.001345
-20.800000 -0.000110
-20.750000 0.000312
-20.700000 0.001558
-20.650000 0.001942
-20.600000 0.003092
-20.550000 0.003333
-20.500000 0.004288
-20.450000 0.004298
-20.400000 0.004984
-20.350000 0.004704
-20.300000 0.005080
-20.250000 0.004487
-20.200000 0.004550
-20.150000 0.003662
-20.100000 0.003449
-20.050000 0.002322
-20.000000 0.001908
-19.950000 0.000631
-19.900000 0.000113
-19.850000 -0.001207
-19.800000 -0.001714
-19.750000 -0.002961
-19.700000 -0.003345
-19.650000 -0.004413
-19.600000 -0.004576
-19.550000 -0.005378
-19.500000 -0.005247
-19.450000 -0.005728
-19.400000 -0.005265
-19.350000 -0.005406
-19.300000 -0.004615
-19.250000 -0.004439
-19.200000 -0.003361
-19.150000 -0.002929
-19.100000 -0.001642
-19.050000 -0.001047
-19.000000 0.000342
-18.950000 0.000986
-18.900000 0.002359
-18.850000 0.002930
-18.800000 0.004166
-18.750000 0.004550
-18.700000 0.005545
-18.650000 0.005649
-18.600000 0.006324
-18.550000 0.006088
-18.500000 0.006403
-18.450000 0.005806
-18.400000 0.005760
-18.350000 0.004822
-18.300000 0.004455
-18.250000 0.003235
-18.200000 0.002625
-18.150000 0.001215
-18.100000 0.000466
-18.050000 -0.001018
-18.000000 -0.001783
-17.950000 -0.003215
-17.900000 -0.003871
-17.850000 -0.005128
-17.800000 -0.005557
-17.750000 -0.006533
-17.700000 -0.006643
-17.650000 -0.007260
-17.600000 -0.006993
-17.550000 -0.007215
-17.500000 -0.006555
-17.450000 -0.006388
-17.400000 -0.005362
-17.350000 -0.004855
-17.300000 -0.003533
-17.250000 -0.002772
-17.200000 -0.001255
-17.150000 -0.000353
-17.100000 0.001235
-17.050000 0.002147
-17.000000 0.003674
-16.950000 0.004465
-16.900000 0.005804
-16.850000 0.006354
-16.800000 0.007394
-16.750000 0.007604
-16.700000 0.008264
-16.650000 0.008072
-16.600000 0.008308
-16.550000 0.007691
-16.500000 0.007502
-16.450000 0.006482
-16.400000 0.005912
-16.350000 0.004553
-16.300000 0.003685
-16.250000 0.002087
-16.200000 0.001037
-16.150000 -0.000673
-16.100000 -0.001771
-16.050000 -0.003453
-16.000000 -0.004459
-15.950000 -0.005975
-15.900000 -0.006755
-15.850000 -0.007982
-15.800000 -0.008426
-15.750000 -0.009265
-15.700000 -0.009293
-15.650000 -0.009685
-15.600000 -0.009254
-15.550000 -0.009180
-15.500000 -0.008295
-15.450000 -0.007779
-15.400000 -0.006486
-15.350000 -0.005597
-15.300000 -0.003985
-15.250000 -0.002828
-15.200000 -0.001018
-15.150000 0.000274
-15.100000 0.002142
-15.050000 0.003421
-15.000000 0.005197
-14.950000 0.006317
-14.900000 0.007860
-14.850000 0.008688
-14.800000 0.009876
-14.750000 0.010306
-14.700000 0.011049
-14.650000 0.011009
-14.600000 0.011257
-14.550000 0.010717
-14.500000 0.010461
-14.450000 0.009435
-14.400000 0.008711
-14.350000 0.007255
-14.300000 0.006140
-14.250000 0.004351
-14.200000 0.002957
-14.150000 0.000962
-14.100000 -0.000571
-14.050000 -0.002624
-14.000000 -0.004142
-13.950000 -0.006096
-13.900000 -0.007443
-13.850000 -0.009146
-13.800000 -0.010180
-13.750000 -0.011502
-13.700000 -0.012105
-13.650000 -0.012947
-13.600000 -0.013040
-13.550000 -0.013341
-13.500000 -0.012884
-13.450000 -0.012629
-13.400000 -0.011632
-13.350000 -0.010851
-13.300000 -0.009364
-13.250000 -0.008130
-13.200000 -0.006246
-13.150000 -0.004670
-13.100000 -0.002515
-13.050000 -0.000734
-13.000000 0.001542
-12.950000 0.003369
-12.900000 0.005605
-12.850000 0.007315
-12.800000 0.009347
-12.750000 0.010784
-12.700000 0.012467
-12.650000 0.013494
-12.600000 0.014706
-12.550000 0.015219
-12.500000 0.015873
-12.450000 0.015807
-12.400000 0.015860
-12.350000 0.015192
-12.300000 0.014644
-12.250000 0.013397
-12.200000 0.012292
-12.150000 0.010531
-12.100000 0.008953
-12.050000 0.006781
-12.000000 0.004850
-11.950000 0.002402
-11.900000 0.000265
-11.850000 -0.002302
-11.800000 -0.004479
-11.750000 -0.006996
-11.700000 -0.009042
-11.650000 -0.011337
-11.600000 -0.013086
-11.550000 -0.015004
-11.500000 -0.016310
-11.450000 -0.017717
-11.400000 -0.018465
-11.350000 -0.019263
-11.300000 -0.019376
-11.250000 -0.019512
-11.200000 -0.018956
-11.150000 -0.018419
-11.100000 -0.017208
-11.050000 -0.016034
-11.000000 -0.014225
-10.950000 -0.012492
-10.900000 -0.010183
-10.850000 -0.008005
-10.800000 -0.005326
-10.750000 -0.002848
-10.700000 0.000044
-10.650000 0.002654
-10.600000 0.005587
-10.550000 0.008154
-10.500000 0.010950
-10.450000 0.013299
-10.400000 0.015786
-10.350000 0.017754
-10.300000 0.019781
-10.250000 0.021228
-10.200000 0.022671
-10.150000 0.023490
-10.100000 0.024258
-10.050000 0.024378
-10.000000 0.024422
-9.950000 0.023814
-9.900000 0.023125
-9.850000 0.021801
-9.800000 0.020411
-9.750000 0.018423
-9.700000 0.016404
-9.650000 0.013841
-9.600000 0.011300
-9.550000 0.008287
-9.500000 0.005364
-9.450000 0.002054
-9.400000 -0.001088
-9.350000 -0.004522
-9.300000 -0.007702
-9.250000 -0.011076
-9.200000 -0.014109
-9.150000 -0.017240
-9.100000 -0.019947
-9.050000 -0.022663
-9.000000 -0.024880
-8.950000 -0.027029
-8.900000 -0.028621
-8.850000 -0.030080
-8.800000 -0.030941
-8.750000 -0.031626
-8.700000 -0.031690
-8.650000 -0.031553
-8.600000 -0.030792
-8.550000 -0.029828
-8.500000 -0.028258
-8.450000 -0.026503
-8.400000 -0.024182
-8.350000 -0.021712
-8.300000 -0.018735
-8.250000 -0.015664
-8.200000 -0.012161
-8.150000 -0.008635
-8.100000 -0.004762
-8.050000 -0.000946
-8.000000 0.003121
-7.950000 0.007047
-7.900000 0.011127
-7.850000 0.014980
-7.800000 0.018892
-7.750000 0.022495
-7.700000 0.026067
-7.650000 0.029255
-7.600000 0.032331
-7.550000 0.034959
-7.500000 0.037403
-7.450000 0.039346
-7.400000 0.041047
-7.350000 0.042207
-7.300000 0.043082
-7.250000 0.043392
-7.200000 0.043389
-7.150000 0.042814
-7.100000 0.041916
-7.050000 0.040455
-7.000000 0.038679
-6.950000 0.036367
-6.900000 0.033764
-6.850000 0.030668
-6.800000 0.027319
-6.750000 0.023536
-6.700000 0.019552
-6.650000 0.015202
-6.600000 0.010714
-6.550000 0.005941
-6.500000 0.001101
-6.450000 -0.003938
-6.400000 -0.008964
-6.350000 -0.014097
-6.300000 -0.019133
-6.250000 -0.024180
-6.200000 -0.029046
-6.150000 -0.033826
-6.100000 -0.038342
-6.050000 -0.042680
-6.000000 -0.046676
-5.950000 -0.050409
-5.900000 -0.053732
-5.850000 -0.056717
-5.800000 -0.059237
-5.750000 -0.061358
-5.700000 -0.062973
-5.650000 -0.064144
-5.600000 -0.064782
-5.550000 -0.064947
-5.500000 -0.064571
-5.450000 -0.063708
-5.400000 -0.062310
-5.350000 -0.060428
-5.300000 -0.058032
-5.250000 -0.055170
-5.200000 -0.051831
-5.150000 -0.048058
-5.100000 -0.043857
-5.050000 -0.039267
-5.000000 -0.034310
-4.950000 -0.029019
-4.900000 -0.023432
-4.850000 -0.017573
-4.800000 -0.011494
-4.750000 -0.005208
-4.700000 0.001218
-4.650000 0.007785
-4.600000 0.014415
-4.550000 0.021121
-4.500000 0.027815
-4.450000 0.034524
-4.400000 0.041150
-4.350000 0.047735
-4.300000 0.054171
-4.250000 0.060514
-4.200000 0.066648
-4.150000 0.072643
-4.100000 0.078375
-4.050000 0.083927
-4.000000 0.089168
-3.950000 0.094197
-3.900000 0.098873
-3.850000 0.103311
-3.800000 0.107363
-3.750000 0.111156
-3.700000 0.114536
-3.650000 0.117645
-3.600000 0.120317
-3.550000 0.122711
-3.500000 0.124649
-3.450000 0.126302
-3.400000 0.127484
-3.350000 0.128377
-3.300000 0.128784
-3.250000 0.128898
-3.200000 0.128510
-3.150000 0.127828
-3.100000 0.126629
-3.050000 0.125132
-3.000000 0.123103
-2.950000 0.120773
-2.900000 0.117897
-2.850000 0.114714
-2.800000 0.110967
-2.750000 0.106906
-2.700000 0.102260
-2.650000 0.097289
-2.600000 0.091708
-2.550000 0.085785
-2.500000 0.079220
-2.450000 0.072291
-2.400000 0.064683
-2.350000 0.056683
-2.300000 0.047961
-2.250000 0.038813
-2.200000 0.028896
-2.150000 0.018515
-2.100000 0.007313
-2.050000 -0.004395
-2.000000 -0.016978
-1.950000 -0.030114
-1.900000 -0.044184
-1.850000 -0.058854
-1.800000 -0.074518
-1.750000 -0.090833
-1.700000 -0.108203
-1.650000 -0.126271
-1.600000 -0.145453
-1.550000 -0.165376
-1.500000 -0.186461
-1.450000 -0.208320
-1.400000 -0.231375
-1.350000 -0.255216
-1.300000 -0.280267
-1.250000 -0.306091
-1.200000 -0.333108
-1.150000 -0.360852
-1.100000 -0.389734
-1.050000 -0.419256
-1.000000 -0.449815
-0.950000 -0.480877
-0.900000 -0.512825
-0.850000 -0.545082
-0.800000 -0.578013
-0.750000 -0.611002
-0.700000 -0.644390
-0.650000 -0.677519
-0.600000 -0.710713
-0.550000 -0.743272
-0.500000 -0.775505
-0.450000 -0.806678
-0.400000 -0.837092
-0.350000 -0.865990
-0.300000 -0.893676
-0.250000 -0.919381
-0.200000 -0.943430
-0.150000 -0.965057
-0.100000 -0.984621
-0.050000 -1.001379
0.000000 -1.015741
0.050000 -1.026997
0.100000 -1.035622
0.150000 -1.040955
0.200000 -1.043542
0.250000 -1.042776
0.300000 -1.039280
0.350000 -1.032502
0.400000 -1.023140
0.450000 -1.010691
0.500000 -0.995919
0.550000 -0.978363
0.600000 -0.958843
0.650000 -0.936922
0.700000 -0.913461
0.750000 -0.888036
0.800000 -0.861530
0.850000 -0.833515
0.900000 -0.804884
0.950000 -0.775190
1.000000 -0.745321
1.050000 -0.714799
1.100000 -0.684501
1.150000 -0.653909
1.200000 -0.623881
1.250000 -0.593856
1.300000 -0.564670
1.350000 -0.535721
1.400000 -0.507824
1.450000 -0.480333
1.500000 -0.454047
1.550000 -0.428283
1.600000 -0.403823
1.650000 -0.379953
1.700000 -0.357442
1.750000 -0.335547
1.800000 -0.315031
1.850000 -0.295124
1.900000 -0.276585
1.950000 -0.258622
2.000000 -0.241996
2.050000 -0.225895
2.100000 -0.211080
2.150000 -0.196727
2.200000 -0.183602
2.250000 -0.170866
2.300000 -0.159295
2.350000 -0.148040
2.400000 -0.137887
2.450000 -0.127976
2.500000 -0.119106
2.550000 -0.110408
2.600000 -0.102694
2.650000 -0.095087
2.700000 -0.088409
2.750000 -0.081776
2.800000 -0.076023
2.850000 -0.070257
2.900000 -0.065324
2.950000 -0.060324
3.000000 -0.056116
3.050000 -0.051792
3.100000 -0.048223
3.150000 -0.044495
3.200000 -0.041493
3.250000 -0.038296
3.300000 -0.035803
3.350000 -0.033087
3.400000 -0.031062
3.450000 -0.028793
3.500000 -0.027208
3.550000 -0.025369
3.600000 -0.024215
3.650000 -0.022804
3.700000 -0.022090
3.750000 -0.021125
3.800000 -0.020880
3.850000 -0.020405
3.900000 -0.020689
3.950000 -0.020783
4.000000 -0.021699
4.050000 -0.022491
4.100000 -0.024199
4.150000 -0.025887
4.200000 -0.028628
4.250000 -0.031505
4.300000 -0.035630
4.350000 -0.040114
4.400000 -0.046121
4.450000 -0.052803
4.500000 -0.061392
4.550000 -0.071098
4.600000 -0.083243
4.650000 -0.097120
4.700000 -0.114169
4.750000 -0.133800
4.800000 -0.157610
4.850000 -0.185168
4.900000 -0.218271
4.950000 -0.256700
5.000000 -0.302509
5.050000 -0.355742
5.100000 -0.418763
5.150000 -0.491930
5.200000 -0.577953
5.250000 -0.677521
5.300000 -0.793676
5.350000 -0.927376
5.400000 -1.081870
5.450000 -1.258167
5.500000 -1.459390
5.550000 -1.686122
5.600000 -1.940701
5.650000 -2.222430
5.700000 -2.531805
5.750000 -2.865613
5.800000 -3.221162
5.850000 -3.591378
5.900000 -3.969239
5.950000 -4.343118
6.000000 -4.701716
6.050000 -5.029940
6.100000 -5.314518
6.150000 -5.540443
6.200000 -5.697040
6.250000 -5.774463
6.300000 -5.769472
6.350000 -5.681164
6.400000 -5.515759
6.450000 -5.281157
6.500000 -4.990763
6.550000 -4.657325
6.600000 -4.296518
6.650000 -3.920891
6.700000 -3.543925
6.750000 -3.174562
6.800000 -2.821940
6.850000 -2.490456
6.900000 -2.184960
6.950000 -1.906066
7.000000 -1.655518
7.050000 -1.431498
7.100000 -1.233986
7.150000 -1.059953
7.200000 -0.908645
7.250000 -0.776648
7.300000 -0.663111
7.350000 -0.564697
7.400000 -0.480774
7.450000 -0.408283
7.500000 -0.346927
7.550000 -0.293982
7.600000 -0.249493
7.650000 -0.211046
7.700000 -0.178993
7.750000 -0.151179
7.800000 -0.128208
7.850000 -0.108129
7.900000 -0.091743
7.950000 -0.077256
8.000000 -0.065619
8.050000 -0.055154
8.100000 -0.046928
8.150000 -0.039347
8.200000 -0.033562
8.250000 -0.028042
8.300000 -0.024003
8.350000 -0.019955
8.400000 -0.017165
8.450000 -0.014170
8.500000 -0.012276
8.550000 -0.010037
8.600000 -0.008788
8.650000 -0.007093
8.700000 -0.006310
8.750000 -0.005006
8.800000 -0.004557
8.850000 -0.003531
8.900000 -0.003320
8.950000 -0.002488
9.000000 -0.002442
9.050000 -0.001744
9.100000 -0.001811
9.150000 -0.001203
9.200000 -0.001348
9.250000 -0.000802
9.300000 -0.001003
9.350000 -0.000502
9.400000 -0.000748
9.450000 -0.000284
9.500000 -0.000566
9.550000 -0.000132
9.600000 -0.000446
9.650000 -0.000037
9.700000 -0.000376
9.750000 0.000016
9.800000 -0.000340
9.850000 0.000043
9.900000 -0.000320
9.950000 0.000063
10.000000 -0.000302
10.050000 0.000087
10.100000 -0.000275
10.150000 0.000120
10.200000 -0.000240
10.250000 0.000158
10.300000 -0.000204
10.350000 0.000192
10.400000 -0.000178
10.450000 0.000212
10.500000 -0.000170
10.550000 0.000213
10.600000 -0.000179
10.650000 0.000197
10.700000 -0.000202
10.750000 0.000175
10.800000 -0.000225
10.850000 0.000157
10.900000 -0.000238
10.950000 0.000154
11.000000 -0.000234
11.050000 0.000168
11.100000 -0.000215
11.150000 0.000194
11.200000 -0.000188
11.250000 0.000221
11.300000 -0.000166
11.350000 0.000238
11.400000 -0.000160
11.450000 0.000237
11.500000 -0.000171
11.550000 0.000219
11.600000 -0.000197
11.650000 0.000192
11.700000 -0.000225
11.750000 0.000169
11.800000 -0.000244
11.850000 0.000160
11.900000 -0.000244
11.950000 0.000171
12.000000 -0.000227
12.050000 0.000196
12.100000 -0.000199
12.150000 0.000226
12.200000 -0.000174
12.250000 0.000247
12.300000 -0.000163
12.350000 0.000250
12.400000 -0.000171
12.450000 0.000235
12.500000 -0.000195
12.550000 0.000207
12.600000 -0.000226
12.650000 0.000179
12.700000 -0.000250
12.750000 0.000165
12.800000 -0.000256
12.850000 0.000170
12.900000 -0.000243
12.950000 0.000193
13.000000 -0.000215
13.050000 0.000225
13.100000 -0.000185
13.150000 0.000252
13.200000 -0.000167
13.250000 0.000262
13.300000 -0.000169
13.350000 0.000251
13.400000 -0.000191
13.450000 0.000223
13.500000 -0.000223
13.550000 0.000192
13.600000 -0.000253
13.650000 0.000170
13.700000 -0.000267
13.750000 0.000168
13.800000 -0.000259
13.850000 0.000187
13.900000 -0.000233
13.950000 0.000220
14.000000 -0.000200
14.050000 0.000252
14.100000 -0.000174
14.150000 0.000271
14.200000 -0.000168
14.250000 0.000267
14.300000 -0.000183
14.350000 0.000243
14.400000 -0.000215
14.450000 0.000209
14.500000 -0.000250
14.550000 0.000180
14.600000 -0.000273
14.650000 0.000168
14.700000 -0.000275
14.750000 0.000179
14.800000 -0.000254
14.850000 0.000209
14.900000 -0.000220
14.950000 0.000246
15.000000 -0.000186
15.050000 0.000274
15.100000 -0.000169
15.150000 0.000281
15.200000 -0.000175
15.250000 0.000265
15.300000 -0.000202
15.350000 0.000231
15.400000 -0.000240
15.450000 0.000195
15.500000 -0.000273
15.550000 0.000171
15.600000 -0.000287
15.650000 0.000171
15.700000 -0.000276
15.750000 0.000194
15.800000 -0.000244
15.850000 0.000232
15.900000 -0.000206
15.950000 0.000269
16.000000 -0.000176
16.050000 0.000290
16.100000 -0.000168
16.150000 0.000286
16.200000 -0.000186
16.250000 0.000258
16.300000 -0.000222
16.350000 0.000218
16.400000 -0.000263
16.450000 0.000183
16.500000 -0.000291
16.550000 0.000167
16.600000 -0.000294
16.650000 0.000178
16.700000 -0.000272
16.750000 0.000211
16.800000 -0.000233
16.850000 0.000254
16.900000 -0.000193
16.950000 0.000288
17.000000 -0.000169
17.050000 0.000301
17.100000 -0.000171
17.150000 0.000286
17.200000 -0.000198
17.250000 0.000249
17.300000 -0.000241
17.350000 0.000206
17.400000 -0.000282
17.450000 0.000173
17.500000 -0.000305
17.550000 0.000165
17.600000 -0.000299
17.650000 0.000186
17.700000 -0.000267
17.750000 0.000227
17.800000 -0.000222
17.850000 0.000272
17.900000 -0.000182
17.950000 0.000304
18.000000 -0.000163
18.050000 0.000309
18.100000 -0.000174
18.150000 0.000284
18.200000 -0.000211
18.250000 0.000241
18.300000 -0.000258
18.350000 0.000195
18.400000 -0.000298
18.450000 0.000166
18.500000 -0.000315
18.550000 0.000165
18.600000 -0.000301
18.650000 0.000193
18.700000 -0.000262
18.750000 0.000240
18.800000 -0.000212
18.850000 0.000288
18.900000 -0.000173
18.950000 0.000317
19.000000 -0.000159
19.050000 0.000315
19.100000 -0.000177
19.150000 0.000283
19.200000 -0.000220
19.250000 0.000234
19.300000 -0.000272
19.350000 0.000186
19.400000 -0.000312
19.450000 0.000158
19.500000 -0.000324
19.550000 0.000163
19.600000 -0.000304
19.650000 0.000198
19.700000 -0.000258
19.750000 0.000250
19.800000 -0.000205
19.850000 0.000300
19.900000 -0.000165
19.950000 0.000327
20.000000 -0.000154
20.050000 0.000321
20.100000 -0.000176
20.150000 0.000284
20.200000 -0.000225
20.250000 0.000230
20.300000 -0.000281
20.350000 0.000179
20.400000 -0.000322
20.450000 0.000151
20.500000 -0.000333
20.550000 0.000158
20.600000 -0.000309
20.650000 0.000198
20.700000 -0.000258
20.750000 0.000255
20.800000 -0.000201
20.850000 0.000308
20.900000 -0.000158
20.950000 0.000337
21.000000 -0.000147
21.050000 0.000330
21.100000 -0.000172
21.150000 0.000289
21.200000 -0.000224
21.250000 0.000230
21.300000 -0.000285
21.350000 0.000174
21.400000 -0.000330
21.450000 0.000144
21.500000 -0.000343
21.550000 0.000150
21.600000 -0.000318
21.650000 0.000192
21.700000 -0.000264
21.750000 0.000253
21.800000 -0.000201
21.850000 0.000312
21.900000 -0.000152
21.950000 0.000346
22.000000 -0.000137
22.050000 0.000341
22.100000 -0.000161
22.150000 0.000299
22.200000 -0.000217
22.250000 0.000235
22.300000 -0.000283
22.350000 0.000173
22.400000 -0.000335
22.450000 0.000136
22.500000 -0.000353
22.550000 0.000138
22.600000 -0.000331
22.650000 0.000179
22.700000 -0.000276
22.750000 0.000244
22.800000 -0.000207
22.850000 0.000309
22.900000 -0.000150
22.950000 0.000352
23.000000 -0.000126
23.050000 0.000354
23.100000 -0.000145
23.150000 0.000316
23.200000 -0.000200
23.250000 0.000249
23.300000 -0.000271
23.350000 0.000179
23.400000 -0.000333
23.450000 0.000130
23.500000 -0.000363
23.550000 0.000122
23.600000 -0.000349
23.650000 0.000157
23.700000 -0.000295
23.750000 0.000224
23.800000 -0.000221
23.850000 0.000298
23.900000 -0.000153
23.950000 0.000353
24.000000 -0.000116
24.050000 0.000368
24.100000 -0.000123
24.150000 0.000338
24.200000 -0.000173
24.250000 0.000273
24.300000 -0.000248
24.350000 0.000194
24.400000 -0.000322
24.450000 0.000131
24.500000 -0.000368
24.550000 0.000106
24.600000 -0.000369
24.650000 0.000128
24.700000 -0.000324
24.750000 0.000191
24.800000 -0.000248
24.850000 0.000273
24.900000 -0.000168
24.950000 0.000344
25.000000 -0.000111
25.050000 0.000379
25.100000 -0.000100
25.150000 0.000365
25.200000 -0.000137
25.250000 0.000307
25.300000 -0.000211
25.350000 0.000223
25.400000 -0.000295
25.450000 0.000143
25.500000 -0.000362
25.550000 0.000095
25.600000 -0.000386
25.650000 0.000096
25.700000 -0.000359
25.750000 0.000147
25.800000 -0.000288
25.850000 0.000230
25.900000 -0.000199
25.950000 0.000317
26.000000 -0.000121
26.050000 0.000377
26.100000 -0.000081
26.150000 0.000390
26.200000 -0.000095
26.250000 0.000350
26.300000 -0.000158
26.350000 0.000269
26.400000 -0.000248
26.450000 0.000175
26.500000 -0.000336
26.550000 0.000100
26.600000 -0.000390
26.650000 0.000070
26.700000 -0.000392
26.750000 0.000096
26.800000 -0.000340
26.850000 0.000169
26.900000 -0.000250
26.950000 0.000265
27.000000 -0.000153
27.050000 0.000352
27.100000 -0.000082
27.150000 0.000401
27.200000 -0.000060
27.250000 0.000393
27.300000 -0.000095
27.350000 0.000330
27.400000 -0.000178
27.450000 0.000233
27.500000 -0.000280
27.550000 0.000133
27.600000 -0.000368
27.650000 0.000064
27.700000 -0.000410
27.750000 0.000049
27.800000 -0.000393
27.850000 0.000095
27.900000 -0.000321
27.950000 0.000187
28.000000 -0.000216
28.050000 0.000293
28.100000 -0.000114
28.150000 0.000380
28.200000 -0.000048
28.250000 0.000418
28.300000 -0.000040
28.350000 0.000393
28.400000 -0.000093
28.450000 0.000313
28.500000 -0.000192
28.550000 0.000203
28.600000 -0.000303
28.650000 0.000097
28.700000 -0.000391
28.750000 0.000032
28.800000 -0.000426
28.850000 0.000028
28.900000 -0.000396
28.950000 0.000089
29.000000 -0.000308
29.050000 0.000194
29.100000 -0.000191
29.150000 0.000311
29.200000 -0.000082
29.250000 0.000401
29.300000 -0.000016
29.350000 0.000434
29.400000 -0.000016
29.450000 0.000399
29.500000 -0.000082
29.550000 0.000306
29.600000 -0.000193
29.650000 0.000183
29.700000 -0.000315
29.750000 0.000069
29.800000 -0.000408
29.850000 0.000001
29.900000 -0.000442
29.950000 0.000001
30.000000 -0.000406
30.050000 0.000070
30.100000 -0.000308
30.150000 0.000187
30.200000 -0.000179
30.250000 0.000315
30.300000 -0.000059
30.350000 0.000414
30.400000 0.000014
30.450000 0.000452
30.500000 0.000016
30.550000 0.000415
30.600000 -0.000054
30.650000 0.000314
30.700000 -0.000176
30.750000 0.000179
30.800000 -0.000311
30.850000 0.000052
30.900000 -0.000417
30.950000 -0.000028
31.000000 -0.000461
31.050000 -0.000035
31.100000 -0.000427
31.150000 0.000034
31.200000 -0.000325
31.250000 0.000158
31.300000 -0.000185
31.350000 0.000300
31.400000 -0.000049
31.450000 0.000417
31.500000 0.000041
31.550000 0.000470
31.600000 0.000057
31.650000 0.000444
31.700000 -0.000008
31.750000 0.000343
31.800000 -0.000134
31.850000 0.000198
31.900000 -0.000284
31.950000 0.000051
32.000000 -0.000412
32.050000 -0.000051
32.100000 -0.000479
32.150000 -0.000079
32.200000 -0.000462
32.250000 -0.000022
32.300000 -0.000366
32.350000 0.000103
32.400000 -0.000218
32.450000 0.000260
32.500000 -0.000061
32.550000 0.000401
32.600000 0.000057
32.650000 0.000484
32.700000 0.000101
32.750000 0.000483
32.800000 0.000058
32.850000 0.000396
32.900000 -0.000063
32.950000 0.000247
33.000000 -0.000225
33.050000 0.000080
33.100000 -0.000382
33.150000 -0.000057
33.200000 -0.000485
33.250000 -0.000122
33.300000 -0.000504
33.350000 -0.000096
33.400000 -0.000431
33.450000 0.000016
33.500000 -0.000285
33.550000 0.000181
33.600000 -0.000109
33.650000 0.000352
33.700000 0.000047
33.750000 0.000478
33.800000 0.000137
33.850000 0.000522
33.900000 0.000135
33.950000 0.000469
34.000000 0.000039
34.050000 0.000334
34.100000 -0.000124
34.150000 0.000152
34.200000 -0.000307
34.250000 -0.000024
34.300000 -0.000459
34.350000 -0.000144
34.400000 -0.000534
34.450000 -0.000172
34.500000 -0.000510
34.550000 -0.000099
34.600000 -0.000390
34.650000 0.000055
34.700000 -0.000208
34.750000 0.000248
34.800000 -0.000014
34.850000 0.000425
34.900000 0.000137
34.950000 0.000535
35.000000 0.000201
35.050000 0.000545
35.100000 0.000160
35.150000 0.000452
35.200000 0.000024
35.250000 0.000278
35.300000 -0.000171
35.350000 0.000072
35.400000 -0.000370
35.450000 -0.000110
35.500000 -0.000518
35.550000 -0.000217
35.600000 -0.000573
35.650000 -0.000218
35.700000 -0.000516
35.750000 -0.000111
35.800000 -0.000361
35.850000 0.000076
35.900000 -0.000150
35.950000 0.000293
36.000000 0.000061
36.050000 0.000479
36.100000 0.000213
36.150000 0.000582
36.200000 0.000264
36.250000 0.000573
36.300000 0.000198
36.350000 0.000451
36.400000 0.000032
36.450000 0.000248
36.500000 -0.000190
36.550000 0.000018
36.600000 -0.000409
36.650000 -0.000178
36.700000 -0.000564
36.750000 -0.000286
36.800000 -0.000613
36.850000 -0.000277
36.900000 -0.000541
36.950000 -0.000150
37.000000 -0.000363
37.050000 0.000063
37.100000 -0.000126
37.150000 0.000304
37.200000 0.000108
37.250000 0.000511
37.300000 0.000277
37.350000 0.000626
37.400000 0.000334
37.450000 0.000617
37.500000 0.000264
37.550000 0.000484
37.600000 0.000081
37.650000 0.000260
37.700000 -0.000166
37.750000 0.000003
37.800000 -0.000413
37.850000 -0.000222
37.900000 -0.000595
37.950000 -0.000354
38.000000 -0.000664
38.050000 -0.000358
38.100000 -0.000598
38.150000 -0.000231
38.200000 -0.000413
38.250000 -0.000004
38.300000 -0.000154
38.350000 0.000266
38.400000 0.000114
38.450000 0.000510
38.500000 0.000322
38.550000 0.000663
38.600000 0.000415
38.650000 0.000684
38.700000 0.000366
38.750000 0.000565
38.800000 0.000188
38.850000 0.000334
38.900000 -0.000077
38.950000 0.000047
39.000000 -0.000363
39.050000 -0.000223
39.100000 -0.000595
39.150000 -0.000408
39.200000 -0.000715
39.250000 -0.000460
39.300000 -0.000690
39.350000 -0.000363
39.400000 -0.000524
39.450000 -0.000141
39.500000 -0.000255
39.550000 0.000154
39.600000 0.000052
39.650000 0.000448
39.700000 0.000320
39.750000 0.000669
39.800000 0.000484
39.850000 0.000759
39.900000 0.000499
39.950000 0.000693
40.000000 0.000359
40.050000 0.000484
40.100000 0.000098
40.150000 0.000181
40.200000 -0.000223
40.250000 -0.000143
40.300000 -0.000525
40.350000 -0.000409
40.400000 -0.000733
40.450000 -0.000551
40.500000 -0.000795
40.550000 -0.000533
40.600000 -0.000693
40.650000 -0.000358
40.700000 -0.000449
40.750000 -0.000064
40.800000 -0.000118
40.850000 0.000279
40.900000 0.000221
40.950000 0.000589
41.000000 0.000488
41.050000 0.000791
41.100000 0.000617
41.150000 0.000834
41.200000 0.000574
41.250000 0.000703
41.300000 0.000368
41.350000 0.000428
41.400000 0.000044
41.450000 0.000069
41.500000 -0.000322
41.550000 -0.000288
41.600000 -0.000644
41.650000 -0.000560
41.700000 -0.000845
41.750000 -0.000682
41.800000 -0.000875
41.850000 -0.000623
41.900000 -0.000724
41.950000 -0.000393
42.000000 -0.000424
42.050000 -0.000045
42.100000 -0.000042
42.150000 0.000344
42.200000 0.000336
42.250000 0.000684
42.300000 0.000623
42.350000 0.000895
42.400000 0.000751
42.450000 0.000926
42.500000 0.000687
42.550000 0.000765
42.600000 0.000443
42.650000 0.000446
42.700000 0.000071
42.750000 0.000038
42.800000 -0.000345
42.850000 -0.000367
42.900000 -0.000710
42.950000 -0.000678
43.000000 -0.000942
43.050000 -0.000822
43.100000 -0.000985
43.150000 -0.000765
43.200000 -0.000826
43.250000 -0.000516
43.300000 -0.000496
43.350000 -0.000129
43.400000 -0.000066
43.450000 0.000315
43.500000 0.000372
43.550000 0.000717
43.600000 0.000720
43.650000 0.000987
43.700000 0.000901
43.750000 0.001063
43.800000 0.000873
43.850000 0.000924
43.900000 0.000636
43.950000 0.000597
44.000000 0.000240
44.050000 0.000148
44.100000 -0.000232
44.150000 -0.000327
44.200000 -0.000680
44.250000 -0.000730
44.300000 -0.001011
44.350000 -0.000977
44.400000 -0.001158
44.450000 -0.001024
44.500000 -0.001100
44.550000 -0.000873
44.600000 -0.000863
44.650000 -0.000576
44.700000 -0.000525
44.750000 -0.000228
44.800000 -0.000191
44.850000 0.000055
44.900000 0.000018
44.950000 0.000159
