-30.000000 -0.001588
-29.950000 -0.001558
-29.900000 -0.003091
-29.850000 -0.002984
-29.800000 -0.004399
-29.750000 -0.004147
-29.700000 -0.005373
-29.650000 -0.004904
-29.600000 -0.005877
-29.550000 -0.005140
-29.500000 -0.005822
-29.450000 -0.004797
-29.400000 -0.005188
-29.350000 -0.003892
-29.300000 -0.004028
-29.250000 -0.002516
-29.200000 -0.002468
-29.150000 -0.000825
-29.100000 -0.000688
-29.050000 0.000985
-29.000000 0.001106
-28.950000 0.002702
-28.900000 0.002701
-28.850000 0.004122
-28.800000 0.003912
-28.750000 0.005078
-28.700000 0.004592
-28.650000 0.005455
-28.600000 0.004660
-28.550000 0.005203
-28.500000 0.004102
-28.450000 0.004345
-28.400000 0.002975
-28.350000 0.002975
-28.300000 0.001408
-28.250000 0.001251
-28.200000 -0.000415
-28.150000 -0.000622
-28.100000 -0.002272
-28.050000 -0.002413
-28.000000 -0.003932
-27.950000 -0.003896
-27.900000 -0.005182
-27.850000 -0.004878
-27.800000 -0.005857
-27.750000 -0.005229
-27.700000 -0.005864
-27.650000 -0.004898
-27.600000 -0.005196
-27.550000 -0.003919
-27.500000 -0.003930
-27.450000 -0.002411
-27.400000 -0.002217
-27.350000 -0.000554
-27.300000 -0.000263
-27.250000 0.001433
-27.200000 0.001706
-27.150000 0.003318
-27.100000 0.003459
-27.050000 0.004882
-27.000000 0.004795
-26.950000 0.005943
-26.900000 0.005557
-26.850000 0.006374
-26.800000 0.005649
-26.750000 0.006115
-26.700000 0.005050
-26.650000 0.005181
-26.600000 0.003812
-26.550000 0.003665
-26.500000 0.002065
-26.450000 0.001728
-26.400000 -0.000001
-26.350000 -0.000415
-26.300000 -0.002151
-26.250000 -0.002516
-26.200000 -0.004134
-26.150000 -0.004328
-26.100000 -0.005713
-26.050000 -0.005633
-26.000000 -0.006697
-25.950000 -0.006272
-25.900000 -0.006963
-25.850000 -0.006164
-25.800000 -0.006476
-25.750000 -0.005317
-25.700000 -0.005286
-25.650000 -0.003825
-25.600000 -0.003526
-25.550000 -0.001852
-25.500000 -0.001388
-25.450000 0.000386
-25.400000 0.000897
-25.350000 0.002648
-25.300000 0.003083
-25.250000 0.004692
-25.200000 0.004937
-25.150000 0.006298
-25.100000 0.006258
-25.050000 0.007288
-25.000000 0.006895
-24.950000 0.007545
-24.900000 0.006766
-24.850000 0.007023
-24.800000 0.005868
-24.750000 0.005760
-24.700000 0.004278
-24.650000 0.003876
-24.600000 0.002155
-24.550000 0.001563
-24.500000 -0.000279
-24.450000 -0.000934
-24.400000 -0.002764
-24.350000 -0.003345
-24.300000 -0.005026
-24.250000 -0.005404
-24.200000 -0.006818
-24.150000 -0.006886
-24.100000 -0.007942
-24.050000 -0.007629
-24.000000 -0.008275
-23.950000 -0.007550
-23.900000 -0.007779
-23.850000 -0.006655
-23.800000 -0.006500
-23.750000 -0.005032
-23.700000 -0.004567
-23.650000 -0.002842
-23.600000 -0.002167
-23.550000 -0.000299
-23.500000 0.000465
-23.450000 0.002350
-23.400000 0.003072
-23.350000 0.004843
-23.300000 0.005396
-23.250000 0.006931
-23.200000 0.007201
-23.150000 0.008396
-23.100000 0.008293
-23.050000 0.009076
-23.000000 0.008545
-22.950000 0.008882
-22.900000 0.007912
-22.850000 0.007815
-22.800000 0.006441
-22.750000 0.005966
-22.700000 0.004266
-22.650000 0.003511
-22.600000 0.001599
-22.550000 0.000691
-22.500000 -0.001297
-22.450000 -0.002215
-22.400000 -0.004134
-22.350000 -0.004921
-22.300000 -0.006635
-22.250000 -0.007163
-22.200000 -0.008555
-22.150000 -0.008723
-22.100000 -0.009710
-22.050000 -0.009450
-22.000000 -0.009984
-21.950000 -0.009270
-21.900000 -0.009345
-21.850000 -0.008190
-21.800000 -0.007839
-21.750000 -0.006298
-21.700000 -0.005592
-21.650000 -0.003752
-21.600000 -0.002797
-21.550000 -0.000776
-21.500000 0.000301
-21.450000 0.002364
-21.400000 0.003418
-21.350000 0.005379
-21.300000 0.006265
-21.250000 0.007981
-21.200000 0.008567
-21.150000 0.009917
-21.100000 0.010096
-21.050000 0.010993
-21.000000 0.010696
-20.950000 0.011094
-20.900000 0.010300
-20.850000 0.010201
-20.800000 0.008937
-20.750000 0.008389
-20.700000 0.006724
-20.650000 0.005817
-20.600000 0.003856
-20.550000 0.002709
-20.500000 0.000583
-20.450000 -0.000666
-20.400000 -0.002815
-20.350000 -0.004021
-20.300000 -0.006047
-20.250000 -0.007068
-20.200000 -0.008836
-20.150000 -0.009545
-20.100000 -0.010938
-20.050000 -0.011231
-20.000000 -0.012160
-19.950000 -0.011966
-19.900000 -0.012379
-19.850000 -0.011665
-19.800000 -0.011550
-19.750000 -0.010329
-19.700000 -0.009723
-19.650000 -0.008051
-19.600000 -0.007033
-19.550000 -0.005011
-19.500000 -0.003698
-19.450000 -0.001460
-19.400000 0.000001
-19.350000 0.002301
-19.300000 0.003750
-19.250000 0.005950
-19.200000 0.007229
-19.150000 0.009177
-19.100000 0.010143
-19.050000 0.011711
-19.000000 0.012251
-18.950000 0.013341
-18.900000 0.013378
-18.850000 0.013933
-18.800000 0.013430
-18.750000 0.013436
-18.700000 0.012397
-18.650000 0.011876
-18.600000 0.010345
-18.550000 0.009361
-18.500000 0.007417
-18.450000 0.006065
-18.400000 0.003821
-18.350000 0.002227
-18.300000 -0.000179
-18.250000 -0.001867
-18.200000 -0.004280
-18.150000 -0.005900
-18.100000 -0.008157
-18.050000 -0.009550
-18.000000 -0.011496
-17.950000 -0.012515
-17.900000 -0.014017
-17.850000 -0.014545
-17.800000 -0.015504
-17.750000 -0.015464
-17.700000 -0.015824
-17.650000 -0.015184
-17.600000 -0.014940
-17.550000 -0.013720
-17.500000 -0.012913
-17.450000 -0.011176
-17.400000 -0.009892
-17.350000 -0.007739
-17.300000 -0.006096
-17.250000 -0.003660
-17.200000 -0.001799
-17.150000 0.000770
-17.100000 0.002694
-17.050000 0.005239
-17.000000 0.007068
-16.950000 0.009434
-16.900000 0.011016
-16.850000 0.013055
-16.800000 0.014253
-16.750000 0.015838
-16.700000 0.016536
-16.650000 0.017568
-16.600000 0.017682
-16.550000 0.018095
-16.500000 0.017581
-16.450000 0.017353
-16.400000 0.016213
-16.350000 0.015368
-16.300000 0.013649
-16.250000 0.012259
-16.200000 0.010055
-16.150000 0.008232
-16.100000 0.005672
-16.050000 0.003562
-16.000000 0.000803
-15.950000 -0.001430
-15.900000 -0.004220
-15.850000 -0.006406
-15.800000 -0.009056
-15.750000 -0.011030
-15.700000 -0.013382
-15.650000 -0.014993
-15.600000 -0.016908
-15.550000 -0.018031
-15.500000 -0.019398
-15.450000 -0.019936
-15.400000 -0.020674
-15.350000 -0.020567
-15.300000 -0.020635
-15.250000 -0.019858
-15.200000 -0.019253
-15.150000 -0.017827
-15.100000 -0.016590
-15.050000 -0.014575
-15.000000 -0.012788
-14.950000 -0.010288
-14.900000 -0.008072
-14.850000 -0.005224
-14.800000 -0.002733
-14.750000 0.000296
-14.700000 0.002888
-14.650000 0.005921
-14.600000 0.008433
-14.550000 0.011288
-14.500000 0.013546
-14.450000 0.016058
-14.400000 0.017907
-14.350000 0.019934
-14.300000 0.021248
-14.250000 0.022681
-14.200000 0.023367
-14.150000 0.024133
-14.100000 0.024137
-14.050000 0.024198
-14.000000 0.023502
-13.950000 0.022859
-13.900000 0.021479
-13.850000 0.020166
-13.800000 0.018156
-13.750000 0.016244
-13.700000 0.013692
-13.650000 0.011285
-13.600000 0.008310
-13.550000 0.005543
-13.500000 0.002296
-13.450000 -0.000669
-13.400000 -0.004018
-13.350000 -0.007000
-13.300000 -0.010267
-13.250000 -0.013084
-13.200000 -0.016086
-13.150000 -0.018559
-13.100000 -0.021126
-13.050000 -0.023097
-13.000000 -0.025086
-12.950000 -0.026429
-12.900000 -0.027731
-12.850000 -0.028357
-12.800000 -0.028905
-12.750000 -0.028767
-12.700000 -0.028536
-12.650000 -0.027630
-12.600000 -0.026635
-12.550000 -0.024995
-12.500000 -0.023289
-12.450000 -0.020985
-12.400000 -0.018652
-12.350000 -0.015785
-12.300000 -0.012942
-12.250000 -0.009639
-12.200000 -0.006425
-12.150000 -0.002839
-12.100000 0.000585
-12.050000 0.004284
-12.000000 0.007741
-11.950000 0.011374
-11.900000 0.014681
-11.850000 0.018066
-11.800000 0.021048
-11.750000 0.024015
-11.700000 0.026510
-11.650000 0.028911
-11.600000 0.030786
-11.550000 0.032504
-11.500000 0.033658
-11.450000 0.034612
-11.400000 0.034984
-11.350000 0.035129
-11.300000 0.034694
-11.250000 0.034025
-11.200000 0.032794
-11.150000 0.031338
-11.100000 0.029354
-11.050000 0.027169
-11.000000 0.024504
-10.950000 0.021674
-10.900000 0.018427
-10.850000 0.015064
-10.800000 0.011356
-10.750000 0.007595
-10.700000 0.003572
-10.650000 -0.000432
-10.600000 -0.004604
-10.550000 -0.008678
-10.500000 -0.012819
-10.450000 -0.016779
-10.400000 -0.020705
-10.350000 -0.024365
-10.300000 -0.027893
-10.250000 -0.031080
-10.200000 -0.034045
-10.150000 -0.036605
-10.100000 -0.038869
-10.050000 -0.040680
-10.000000 -0.042139
-9.950000 -0.043116
-9.900000 -0.043706
-9.850000 -0.043803
-9.800000 -0.043496
-9.750000 -0.042705
-9.700000 -0.041509
-9.650000 -0.039856
-9.600000 -0.037812
-9.550000 -0.035351
-9.500000 -0.032530
-9.450000 -0.029345
-9.400000 -0.025841
-9.350000 -0.022042
-9.300000 -0.017978
-9.250000 -0.013697
-9.200000 -0.009217
-9.150000 -0.004608
-9.100000 0.000125
-9.050000 0.004893
-9.000000 0.009705
-8.950000 0.014454
-8.900000 0.019167
-8.850000 0.023719
-8.800000 0.028159
-8.750000 0.032348
-8.700000 0.036356
-8.650000 0.040033
-8.600000 0.043472
-8.550000 0.046512
-8.500000 0.049270
-8.450000 0.051574
-8.400000 0.053566
-8.350000 0.055062
-8.300000 0.056229
-8.250000 0.056869
-8.200000 0.057172
-8.150000 0.056930
-8.100000 0.056352
-8.050000 0.055218
-8.000000 0.053761
-7.950000 0.051747
-7.900000 0.049433
-7.850000 0.046572
-7.800000 0.043445
-7.750000 0.039795
-7.700000 0.035929
-7.650000 0.031576
-7.600000 0.027068
-7.550000 0.022125
-7.500000 0.017100
-7.450000 0.011702
-7.400000 0.006306
-7.350000 0.000606
-7.300000 -0.005004
-7.250000 -0.010845
-7.200000 -0.016504
-7.150000 -0.022323
-7.100000 -0.027869
-7.050000 -0.033504
-7.000000 -0.038782
-6.950000 -0.044081
-6.900000 -0.048941
-6.850000 -0.053762
-6.800000 -0.058067
-6.750000 -0.062276
-6.700000 -0.065897
-6.650000 -0.069373
-6.600000 -0.072198
-6.550000 -0.074833
-6.500000 -0.076762
-6.450000 -0.078468
-6.400000 -0.079424
-6.350000 -0.080138
-6.300000 -0.080070
-6.250000 -0.079756
-6.200000 -0.078648
-6.150000 -0.077306
-6.100000 -0.075174
-6.050000 -0.072839
-6.000000 -0.069734
-5.950000 -0.066471
-5.900000 -0.062473
-5.850000 -0.058375
-5.800000 -0.053584
-5.750000 -0.048758
-5.700000 -0.043289
-5.650000 -0.037852
-5.600000 -0.031822
-5.550000 -0.025892
-5.500000 -0.019420
-5.450000 -0.013117
-5.400000 -0.006321
-5.350000 0.000240
-5.300000 0.007244
-5.250000 0.013946
-5.200000 0.021041
-5.150000 0.027767
-5.100000 0.034837
-5.050000 0.041472
-5.000000 0.048403
-4.950000 0.054837
-4.900000 0.061525
-4.850000 0.067656
-4.800000 0.074004
-4.750000 0.079747
-4.700000 0.085677
-4.650000 0.090960
-4.600000 0.096412
-4.550000 0.101185
-4.500000 0.106117
-4.450000 0.110346
-4.400000 0.114730
-4.350000 0.118395
-4.300000 0.122216
-4.250000 0.125303
-4.200000 0.128550
-4.150000 0.131049
-4.100000 0.133711
-4.050000 0.135611
-4.000000 0.137676
-3.950000 0.138964
-3.900000 0.140419
-3.850000 0.141081
-3.800000 0.141913
-3.750000 0.141939
-3.700000 0.142140
-3.650000 0.141526
-3.600000 0.141096
-3.550000 0.139845
-3.500000 0.138791
-3.450000 0.136912
-3.400000 0.135245
-3.350000 0.132751
-3.300000 0.130482
-3.250000 0.127380
-3.200000 0.124513
-3.150000 0.120803
-3.100000 0.117332
-3.050000 0.113003
-3.000000 0.108912
-2.950000 0.103940
-2.900000 0.099199
-2.850000 0.093553
-2.800000 0.088126
-2.750000 0.081766
-2.700000 0.075614
-2.650000 0.068501
-2.600000 0.061585
-2.550000 0.053680
-2.500000 0.045963
-2.450000 0.037230
-2.400000 0.028675
-2.350000 0.019079
-2.300000 0.009650
-2.250000 -0.000847
-2.200000 -0.011189
-2.150000 -0.022629
-2.100000 -0.033930
-2.050000 -0.046364
-2.000000 -0.058677
-1.950000 -0.072160
-1.900000 -0.085541
-1.850000 -0.100128
-1.800000 -0.114632
-1.750000 -0.130371
-1.700000 -0.146037
-1.650000 -0.162959
-1.600000 -0.179806
-1.550000 -0.197914
-1.500000 -0.215927
-1.450000 -0.235189
-1.400000 -0.254315
-1.350000 -0.274658
-1.300000 -0.294804
-1.250000 -0.316111
-1.200000 -0.337139
-1.150000 -0.359251
-1.100000 -0.380980
-1.050000 -0.403694
-1.000000 -0.425897
-0.950000 -0.448962
-0.900000 -0.471365
-0.850000 -0.494480
-0.800000 -0.516757
-0.750000 -0.539573
-0.700000 -0.561348
-0.650000 -0.583464
-0.600000 -0.604313
-0.550000 -0.625285
-0.500000 -0.644749
-0.450000 -0.664105
-0.400000 -0.681706
-0.350000 -0.698967
-0.300000 -0.714231
-0.250000 -0.728940
-0.200000 -0.741434
-0.150000 -0.753186
-0.100000 -0.762541
-0.050000 -0.771013
0.000000 -0.776957
0.050000 -0.781930
0.100000 -0.784304
0.150000 -0.785681
0.200000 -0.784448
0.250000 -0.782254
0.300000 -0.777499
0.350000 -0.771875
0.400000 -0.763790
0.450000 -0.754978
0.500000 -0.743851
0.550000 -0.732175
0.600000 -0.718364
0.650000 -0.704213
0.700000 -0.688130
0.750000 -0.671933
0.800000 -0.654025
0.850000 -0.636240
0.900000 -0.616968
0.950000 -0.598059
1.000000 -0.577884
1.050000 -0.558303
1.100000 -0.537664
1.150000 -0.517834
1.200000 -0.497135
1.250000 -0.477434
1.300000 -0.457023
1.350000 -0.437771
1.400000 -0.417938
1.450000 -0.399389
1.500000 -0.380355
1.550000 -0.362699
1.600000 -0.344622
1.650000 -0.327987
1.700000 -0.310967
1.750000 -0.295429
1.800000 -0.279521
1.850000 -0.265117
1.900000 -0.250342
1.950000 -0.237080
2.000000 -0.223437
2.050000 -0.211306
2.100000 -0.198777
2.150000 -0.187757
2.200000 -0.176316
2.250000 -0.166374
2.300000 -0.155984
2.350000 -0.147078
2.400000 -0.137693
2.450000 -0.129769
2.500000 -0.121326
2.550000 -0.114317
2.600000 -0.106744
2.650000 -0.100572
2.700000 -0.093786
2.750000 -0.088365
2.800000 -0.082281
2.850000 -0.077526
2.900000 -0.072061
2.950000 -0.067896
3.000000 -0.062979
3.050000 -0.059337
3.100000 -0.054909
3.150000 -0.051740
3.200000 -0.047757
3.250000 -0.045022
3.300000 -0.041450
3.350000 -0.039117
3.400000 -0.035926
3.450000 -0.033966
3.500000 -0.031125
3.550000 -0.029506
3.600000 -0.026980
3.650000 -0.025664
3.700000 -0.023414
3.750000 -0.022358
3.800000 -0.020338
3.850000 -0.019498
3.900000 -0.017667
3.950000 -0.017002
4.000000 -0.015321
4.050000 -0.014797
4.100000 -0.013239
4.150000 -0.012836
4.200000 -0.011386
4.250000 -0.011096
4.300000 -0.009750
4.350000 -0.009574
4.400000 -0.008339
4.450000 -0.008283
4.500000 -0.007166
4.550000 -0.007237
4.600000 -0.006241
4.650000 -0.006439
4.700000 -0.005561
4.750000 -0.005881
4.800000 -0.005111
4.850000 -0.005540
4.900000 -0.004867
4.950000 -0.005393
5.000000 -0.004808
5.050000 -0.005429
5.100000 -0.004936
5.150000 -0.005666
5.200000 -0.005288
5.250000 -0.006159
5.300000 -0.005943
5.350000 -0.007015
5.400000 -0.007031
5.450000 -0.008387
5.500000 -0.008734
5.550000 -0.010487
5.600000 -0.011291
5.650000 -0.013584
5.700000 -0.015008
5.750000 -0.018026
5.800000 -0.020281
5.850000 -0.024268
5.900000 -0.027636
5.950000 -0.032919
6.000000 -0.037785
6.050000 -0.044815
6.100000 -0.051709
6.150000 -0.061111
6.200000 -0.070766
6.250000 -0.083403
6.300000 -0.096830
6.350000 -0.113881
6.400000 -0.132455
6.450000 -0.155517
6.500000 -0.181085
6.550000 -0.212285
6.600000 -0.247289
6.650000 -0.289420
6.700000 -0.337036
6.750000 -0.393687
6.800000 -0.457947
6.850000 -0.533612
6.900000 -0.619472
6.950000 -0.719555
7.000000 -0.832817
7.050000 -0.963422
7.100000 -1.110342
7.150000 -1.277648
7.200000 -1.464010
7.250000 -1.672979
7.300000 -1.902369
7.350000 -2.154536
7.400000 -2.425644
7.450000 -2.715978
7.500000 -3.019158
7.550000 -3.332579
7.600000 -3.646716
7.650000 -3.955853
7.700000 -4.247647
7.750000 -4.514303
7.800000 -4.742474
7.850000 -4.924841
7.900000 -5.050178
7.950000 -5.114999
8.000000 -5.113326
8.050000 -5.047934
8.100000 -4.919422
8.150000 -4.736808
8.200000 -4.505914
8.250000 -4.239548
8.300000 -3.945615
8.350000 -3.637357
8.400000 -3.321648
8.450000 -3.009623
8.500000 -2.705325
8.550000 -2.416766
8.600000 -2.144845
8.650000 -1.894685
8.700000 -1.664650
8.750000 -1.457792
8.800000 -1.270835
8.850000 -1.105640
8.900000 -0.958083
8.950000 -0.829509
9.000000 -0.715501
9.050000 -0.617314
9.100000 -0.530556
9.150000 -0.456624
9.200000 -0.391303
9.250000 -0.336224
9.300000 -0.287397
9.350000 -0.246706
9.400000 -0.210380
9.450000 -0.180534
9.500000 -0.153586
9.550000 -0.131847
9.600000 -0.111885
9.650000 -0.096171
9.700000 -0.081388
9.750000 -0.070130
9.800000 -0.059166
9.850000 -0.051188
9.900000 -0.043026
9.950000 -0.037446
10.000000 -0.031322
10.050000 -0.027482
10.100000 -0.022829
10.150000 -0.020238
10.200000 -0.016635
10.250000 -0.014935
10.300000 -0.012077
10.350000 -0.011012
10.400000 -0.008685
10.450000 -0.008079
10.500000 -0.006139
10.550000 -0.005875
10.600000 -0.004229
10.650000 -0.004232
10.700000 -0.002821
10.750000 -0.003042
10.800000 -0.001823
10.850000 -0.002225
10.900000 -0.001162
10.950000 -0.001708
11.000000 -0.000764
11.050000 -0.001416
11.100000 -0.000551
11.150000 -0.001267
11.200000 -0.000441
11.250000 -0.001183
11.300000 -0.000361
11.350000 -0.001100
11.400000 -0.000258
11.450000 -0.000978
11.500000 -0.000108
11.550000 -0.000807
11.600000 0.000086
11.650000 -0.000603
11.700000 0.000296
11.750000 -0.000404
11.800000 0.000480
11.850000 -0.000250
11.900000 0.000602
11.950000 -0.000173
12.000000 0.000636
12.050000 -0.000189
12.100000 0.000580
12.150000 -0.000286
12.200000 0.000456
12.250000 -0.000434
12.300000 0.000302
12.350000 -0.000586
12.400000 0.000169
12.450000 -0.000696
12.500000 0.000098
12.550000 -0.000728
12.600000 0.000114
12.650000 -0.000671
12.700000 0.000215
12.750000 -0.000538
12.800000 0.000375
12.850000 -0.000368
12.900000 0.000548
12.950000 -0.000212
13.000000 0.000683
13.050000 -0.000115
13.100000 0.000740
13.150000 -0.000108
13.200000 0.000702
13.250000 -0.000193
13.300000 0.000581
13.350000 -0.000347
13.400000 0.000413
13.450000 -0.000524
13.500000 0.000246
13.550000 -0.000674
13.600000 0.000130
13.650000 -0.000753
13.700000 0.000099
13.750000 -0.000740
13.800000 0.000162
13.850000 -0.000638
13.900000 0.000302
13.950000 -0.000476
14.000000 0.000481
14.050000 -0.000300
14.100000 0.000648
14.150000 -0.000159
14.200000 0.000758
14.250000 -0.000095
14.300000 0.000777
14.350000 -0.000127
14.400000 0.000700
14.450000 -0.000250
14.500000 0.000547
14.550000 -0.000429
14.600000 0.000360
14.650000 -0.000616
14.700000 0.000193
14.750000 -0.000756
14.800000 0.000096
14.850000 -0.000809
14.900000 0.000097
14.950000 -0.000759
15.000000 0.000200
15.050000 -0.000618
15.100000 0.000375
15.150000 -0.000427
15.200000 0.000573
15.250000 -0.000242
15.300000 0.000738
15.350000 -0.000115
15.400000 0.000824
15.450000 -0.000082
15.500000 0.000807
15.550000 -0.000154
15.600000 0.000691
15.650000 -0.000311
15.700000 0.000510
15.750000 -0.000510
15.800000 0.000313
15.850000 -0.000697
15.900000 0.000155
15.950000 -0.000821
16.000000 0.000080
16.050000 -0.000848
16.100000 0.000109
16.150000 -0.000770
16.200000 0.000237
16.250000 -0.000606
16.300000 0.000431
16.350000 -0.000401
16.400000 0.000639
16.450000 -0.000211
16.500000 0.000804
16.550000 -0.000089
16.600000 0.000880
16.650000 -0.000071
16.700000 0.000844
16.750000 -0.000164
16.800000 0.000704
16.850000 -0.000346
16.900000 0.000498
16.950000 -0.000567
17.000000 0.000284
17.050000 -0.000766
17.100000 0.000121
17.150000 -0.000887
17.200000 0.000055
17.250000 -0.000898
17.300000 0.000106
17.350000 -0.000795
17.400000 0.000260
17.450000 -0.000606
17.500000 0.000476
17.550000 -0.000384
17.600000 0.000696
17.650000 -0.000187
17.700000 0.000861
17.750000 -0.000070
17.800000 0.000929
17.850000 -0.000063
17.900000 0.000880
17.950000 -0.000170
18.000000 0.000727
18.050000 -0.000364
18.100000 0.000509
18.150000 -0.000596
18.200000 0.000284
18.250000 -0.000805
18.300000 0.000111
18.350000 -0.000936
18.400000 0.000038
18.450000 -0.000952
18.500000 0.000087
18.550000 -0.000846
18.600000 0.000248
18.650000 -0.000646
18.700000 0.000480
18.750000 -0.000403
18.800000 0.000723
18.850000 -0.000183
18.900000 0.000910
18.950000 -0.000047
19.000000 0.000991
19.050000 -0.000031
19.100000 0.000944
19.150000 -0.000143
19.200000 0.000781
19.250000 -0.000353
19.300000 0.000544
19.350000 -0.000606
19.400000 0.000297
19.450000 -0.000836
19.500000 0.000105
19.550000 -0.000983
19.600000 0.000018
19.650000 -0.001010
19.700000 0.000058
19.750000 -0.000910
19.800000 0.000217
19.850000 -0.000707
19.900000 0.000456
19.950000 -0.000453
20.000000 0.000714
20.050000 -0.000213
20.100000 0.000926
20.150000 -0.000047
20.200000 0.001039
20.250000 -0.000001
20.300000 0.001020
20.350000 -0.000089
20.400000 0.000873
20.450000 -0.000292
20.500000 0.000633
20.550000 -0.000559
20.600000 0.000360
20.650000 -0.000823
20.700000 0.000127
20.750000 -0.001016
20.800000 -0.000006
20.850000 -0.001085
20.900000 -0.000002
20.950000 -0.001012
21.000000 0.000141
21.050000 -0.000814
21.100000 0.000385
21.150000 -0.000543
21.200000 0.000671
21.250000 -0.000268
21.300000 0.000924
21.350000 -0.000058
21.400000 0.001081
21.450000 0.000032
21.500000 0.001102
21.550000 -0.000021
21.600000 0.000984
21.650000 -0.000203
21.700000 0.000753
21.750000 -0.000472
21.800000 0.000468
21.850000 -0.000761
21.900000 0.000197
21.950000 -0.001001
22.000000 0.000008
22.050000 -0.001131
22.100000 -0.000051
22.150000 -0.001119
22.200000 0.000038
22.250000 -0.000964
22.300000 0.000255
22.350000 -0.000702
22.400000 0.000550
22.450000 -0.000397
22.500000 0.000851
22.550000 -0.000124
22.600000 0.001082
22.650000 0.000046
22.700000 0.001185
22.750000 0.000070
22.800000 0.001131
22.850000 -0.000062
22.900000 0.000933
22.950000 -0.000318
23.000000 0.000639
23.050000 -0.000636
23.100000 0.000322
23.150000 -0.000937
23.200000 0.000060
23.250000 -0.001148
23.300000 -0.000082
23.350000 -0.001217
23.400000 -0.000069
23.450000 -0.001128
23.500000 0.000096
23.550000 -0.000901
23.600000 0.000374
23.650000 -0.000591
23.700000 0.000701
23.750000 -0.000271
23.800000 0.001000
23.850000 -0.000016
23.900000 0.001199
23.950000 0.000112
24.000000 0.001251
24.050000 0.000079
24.100000 0.001140
24.150000 -0.000109
24.200000 0.000889
24.250000 -0.000411
24.300000 0.000557
24.350000 -0.000757
24.400000 0.000221
24.450000 -0.001066
24.500000 -0.000037
24.550000 -0.001260
24.600000 -0.000152
24.650000 -0.001293
24.700000 -0.000095
24.750000 -0.001153
24.800000 0.000124
24.850000 -0.000872
24.900000 0.000453
24.950000 -0.000517
25.000000 0.000815
25.050000 -0.000174
25.100000 0.001124
25.150000 0.000078
25.200000 0.001306
25.250000 0.000177
25.300000 0.001320
25.350000 0.000101
25.400000 0.001162
25.450000 -0.000133
25.500000 0.000868
25.550000 -0.000474
25.600000 0.000504
25.650000 -0.000843
25.700000 0.000154
25.750000 -0.001158
25.800000 -0.000104
25.850000 -0.001346
25.900000 -0.000208
25.950000 -0.001362
26.000000 -0.000131
26.050000 -0.001199
26.100000 0.000113
26.150000 -0.000891
26.200000 0.000471
26.250000 -0.000507
26.300000 0.000863
26.350000 -0.000133
26.400000 0.001199
26.450000 0.000142
26.500000 0.001399
26.550000 0.000252
26.600000 0.001415
26.650000 0.000169
26.700000 0.001241
26.750000 -0.000091
26.800000 0.000914
26.850000 -0.000468
26.900000 0.000511
26.950000 -0.000877
27.000000 0.000122
27.050000 -0.001225
27.100000 -0.000163
27.150000 -0.001434
27.200000 -0.000280
27.250000 -0.001456
27.300000 -0.000203
27.350000 -0.001286
27.400000 0.000053
27.450000 -0.000962
27.500000 0.000431
27.550000 -0.000552
27.600000 0.000852
27.650000 -0.000146
27.700000 0.001223
27.750000 0.000167
27.800000 0.001463
27.850000 0.000316
27.900000 0.001515
27.950000 0.000266
28.000000 0.001366
28.050000 0.000022
28.100000 0.001043
28.150000 -0.000366
28.200000 0.000615
28.250000 -0.000813
28.300000 0.000176
28.350000 -0.001221
28.400000 -0.000176
28.450000 -0.001499
28.500000 -0.000360
28.550000 -0.001581
28.600000 -0.000333
28.650000 -0.001448
28.700000 -0.000099
28.750000 -0.001128
28.800000 0.000292
28.850000 -0.000690
28.900000 0.000755
28.950000 -0.000229
29.000000 0.001190
29.050000 0.000153
29.100000 0.001502
29.150000 0.000376
29.200000 0.001625
29.250000 0.000391
29.300000 0.001533
29.350000 0.000193
29.400000 0.001242
29.450000 -0.000177
29.500000 0.000813
29.550000 -0.000645
29.600000 0.000333
29.650000 -0.001113
29.700000 -0.000097
29.750000 -0.001483
29.800000 -0.000385
29.850000 -0.001675
29.900000 -0.000467
29.950000 -0.001644
30.000000 -0.000320
30.050000 -0.001391
30.100000 0.000028
30.150000 -0.000966
30.200000 0.000508
30.250000 -0.000458
30.300000 0.001019
30.350000 0.000025
30.400000 0.001450
30.450000 0.000379
30.500000 0.001709
30.550000 0.000527
30.600000 0.001740
30.650000 0.000437
30.700000 0.001534
30.750000 0.000125
30.800000 0.001134
30.850000 -0.000344
30.900000 0.000623
30.950000 -0.000873
31.000000 0.000105
31.050000 -0.001354
31.100000 -0.000313
31.150000 -0.001689
31.200000 -0.000546
31.250000 -0.001810
31.300000 -0.000546
31.350000 -0.001689
31.400000 -0.000309
31.450000 -0.001349
31.500000 0.000120
31.550000 -0.000853
31.600000 0.000659
31.650000 -0.000299
31.700000 0.001201
31.750000 0.000201
31.800000 0.001634
31.850000 0.000543
31.900000 0.001869
31.950000 0.000655
32.000000 0.001851
32.050000 0.000507
32.100000 0.001581
32.150000 0.000126
32.200000 0.001110
32.250000 -0.000413
32.300000 0.000532
32.350000 -0.001002
32.400000 -0.000036
32.450000 -0.001520
32.500000 -0.000477
32.550000 -0.001862
32.600000 -0.000702
32.650000 -0.001960
32.700000 -0.000666
32.750000 -0.001792
32.800000 -0.000374
32.850000 -0.001391
32.900000 0.000117
32.950000 -0.000835
33.000000 0.000713
33.050000 -0.000230
33.100000 0.001298
33.150000 0.000307
33.200000 0.001761
33.250000 0.000671
33.300000 0.002010
33.350000 0.000791
33.400000 0.001993
33.450000 0.000636
33.500000 0.001709
33.550000 0.000233
33.600000 0.001206
33.650000 -0.000347
33.700000 0.000578
33.750000 -0.000992
33.800000 -0.000053
33.850000 -0.001578
33.900000 -0.000563
33.950000 -0.001988
34.000000 -0.000850
34.050000 -0.002137
34.100000 -0.000852
34.150000 -0.001993
34.200000 -0.000568
34.250000 -0.001582
34.300000 -0.000049
34.350000 -0.000981
34.400000 0.000605
34.450000 -0.000306
34.500000 0.001269
34.550000 0.000315
34.600000 0.001818
34.650000 0.000764
34.700000 0.002147
34.750000 0.000957
34.800000 0.002195
34.850000 0.000856
34.900000 0.001950
34.950000 0.000477
35.000000 0.001454
35.050000 -0.000114
35.100000 0.000796
35.150000 -0.000811
35.200000 0.000094
35.250000 -0.001486
35.300000 -0.000523
35.350000 -0.002015
35.400000 -0.000938
35.450000 -0.002295
35.500000 -0.001068
35.550000 -0.002269
35.600000 -0.000883
35.650000 -0.001934
35.700000 -0.000412
35.750000 -0.001347
35.800000 0.000262
35.850000 -0.000617
35.900000 0.001016
35.950000 0.000123
36.000000 0.001707
36.050000 0.000732
36.100000 0.002207
36.150000 0.001098
36.200000 0.002422
36.250000 0.001152
36.300000 0.002312
36.350000 0.000882
36.400000 0.001895
36.450000 0.000337
36.500000 0.001246
36.550000 -0.000387
36.600000 0.000479
36.650000 -0.001164
36.700000 -0.000273
36.750000 -0.001857
36.800000 -0.000875
36.850000 -0.002343
36.900000 -0.001221
36.950000 -0.002532
37.000000 -0.001244
37.050000 -0.002386
37.100000 -0.000934
37.150000 -0.001924
37.200000 -0.000339
37.250000 -0.001221
37.300000 0.000442
37.350000 -0.000398
37.400000 0.001271
37.450000 0.000400
37.500000 0.002002
37.550000 0.001029
37.600000 0.002500
37.650000 0.001373
37.700000 0.002674
37.750000 0.001367
37.800000 0.002487
37.850000 0.001007
37.900000 0.001971
37.950000 0.000356
38.000000 0.001213
38.050000 -0.000474
38.100000 0.000347
38.150000 -0.001340
38.200000 -0.000480
38.250000 -0.002093
38.300000 -0.001127
38.350000 -0.002604
38.400000 -0.001481
38.450000 -0.002787
38.500000 -0.001482
38.550000 -0.002605
38.600000 -0.001125
38.650000 -0.002086
38.700000 -0.000464
38.750000 -0.001311
38.800000 0.000395
38.850000 -0.000404
38.900000 0.001311
38.950000 0.000483
39.000000 0.002131
39.050000 0.001200
39.100000 0.002713
39.150000 0.001620
39.200000 0.002951
39.250000 0.001665
39.300000 0.002800
39.350000 0.001322
39.400000 0.002277
39.450000 0.000641
39.500000 0.001467
39.550000 -0.000264
39.600000 0.000505
39.650000 -0.001243
39.700000 -0.000449
39.750000 -0.002131
39.800000 -0.001234
39.850000 -0.002781
39.900000 -0.001721
39.950000 -0.003083
40.000000 -0.001827
40.050000 -0.002988
40.100000 -0.001534
40.150000 -0.002509
40.200000 -0.000886
40.250000 -0.001719
40.300000 0.000016
40.350000 -0.000740
40.400000 0.001032
40.450000 0.000274
40.500000 0.002003
40.550000 0.001162
40.600000 0.002772
40.650000 0.001780
40.700000 0.003211
40.750000 0.002022
40.800000 0.003243
40.850000 0.001840
40.900000 0.002852
40.950000 0.001254
41.000000 0.002094
41.050000 0.000353
41.100000 0.001085
41.150000 -0.000723
41.200000 -0.000015
41.250000 -0.001801
41.300000 -0.001028
41.350000 -0.002708
41.400000 -0.001791
41.450000 -0.003295
41.500000 -0.002179
41.550000 -0.003468
41.600000 -0.002130
41.650000 -0.003198
41.700000 -0.001649
41.750000 -0.002524
41.800000 -0.000808
41.850000 -0.001548
41.900000 0.000265
41.950000 -0.000417
42.000000 0.001410
42.050000 0.000698
42.100000 0.002454
42.150000 0.001631
42.200000 0.003238
42.250000 0.002236
42.300000 0.003639
42.350000 0.002415
42.400000 0.003588
42.450000 0.002133
42.500000 0.003082
42.550000 0.001422
42.600000 0.002189
42.650000 0.000381
42.700000 0.001039
42.750000 -0.000836
42.800000 -0.000197
42.850000 -0.002042
42.900000 -0.001329
42.950000 -0.003053
43.000000 -0.002180
43.050000 -0.003711
43.100000 -0.002619
43.150000 -0.003913
43.200000 -0.002575
43.250000 -0.003625
43.300000 -0.002054
43.350000 -0.002890
43.400000 -0.001133
43.450000 -0.001815
43.500000 0.000055
43.550000 -0.000558
43.600000 0.001335
43.650000 0.000698
43.700000 0.002520
43.750000 0.001769
43.800000 0.003436
43.850000 0.002496
43.900000 0.003944
43.950000 0.002766
44.000000 0.003961
44.050000 0.002526
44.100000 0.003470
44.150000 0.001799
44.200000 0.002528
44.250000 0.000676
44.300000 0.001263
44.350000 -0.000684
44.400000 -0.000142
44.450000 -0.002077
44.500000 -0.001467
44.550000 -0.003276
44.600000 -0.002485
44.650000 -0.004060
44.700000 -0.002988
44.750000 -0.004239
44.800000 -0.002809
44.850000 -0.003672
44.900000 -0.001833
44.950000 -0.002272
