-30.000000 -0.001991
-29.950000 -0.001858
-29.900000 -0.003692
-29.850000 -0.003385
-29.800000 -0.005012
-29.750000 -0.004477
-29.700000 -0.005845
-29.650000 -0.005036
-29.600000 -0.006107
-29.550000 -0.004999
-29.500000 -0.005765
-29.450000 -0.004368
-29.400000 -0.004855
-29.350000 -0.003210
-29.300000 -0.003474
-29.250000 -0.001653
-29.200000 -0.001778
-29.150000 0.000127
-29.100000 0.000041
-29.050000 0.001927
-29.000000 0.001776
-28.950000 0.003538
-28.900000 0.003224
-28.850000 0.004773
-28.800000 0.004214
-28.750000 0.005480
-28.700000 0.004622
-28.650000 0.005567
-28.600000 0.004390
-28.550000 0.005014
-28.500000 0.003536
-28.450000 0.003877
-28.400000 0.002156
-28.350000 0.002287
-28.300000 0.000413
-28.250000 0.000438
-28.200000 -0.001477
-28.150000 -0.001440
-28.100000 -0.003277
-28.050000 -0.003111
-28.000000 -0.004758
-27.950000 -0.004362
-27.900000 -0.005732
-27.850000 -0.005036
-27.800000 -0.006077
-27.750000 -0.005047
-27.700000 -0.005748
-27.650000 -0.004394
-27.600000 -0.004782
-27.550000 -0.003151
-27.500000 -0.003292
-27.450000 -0.001464
-27.400000 -0.001448
-27.350000 0.000476
-27.300000 0.000539
-27.250000 0.002446
-27.200000 0.002443
-27.150000 0.004221
-27.100000 0.004043
-27.050000 0.005593
-27.000000 0.005151
-26.950000 0.006395
-26.900000 0.005628
-26.850000 0.006521
-26.800000 0.005403
-26.750000 0.005941
-26.700000 0.004488
-26.650000 0.004706
-26.600000 0.002972
-26.550000 0.002946
-26.500000 0.001025
-26.450000 0.000860
-26.400000 -0.001131
-26.350000 -0.001311
-26.300000 -0.003245
-26.250000 -0.003311
-26.200000 -0.005066
-26.150000 -0.004907
-26.100000 -0.006382
-26.050000 -0.005912
-26.000000 -0.007040
-25.950000 -0.006211
-25.900000 -0.006963
-25.850000 -0.005767
-25.800000 -0.006157
-25.750000 -0.004628
-25.700000 -0.004708
-25.650000 -0.002915
-25.600000 -0.002768
-25.550000 -0.000805
-25.500000 -0.000538
-25.450000 0.001478
-25.400000 0.001746
-25.350000 0.003693
-25.300000 0.003839
-25.250000 0.005599
-25.200000 0.005511
-25.150000 0.006983
-25.100000 0.006572
-25.050000 0.007681
-25.000000 0.006891
-24.950000 0.007601
-24.900000 0.006417
-24.850000 0.006734
-24.800000 0.005185
-24.750000 0.005160
-24.700000 0.003318
-24.650000 0.003042
-24.600000 0.001012
-24.550000 0.000604
-24.500000 -0.001484
-24.450000 -0.001890
-24.400000 -0.003902
-24.350000 -0.004174
-24.300000 -0.005982
-24.250000 -0.006002
-24.200000 -0.007504
-24.150000 -0.007184
-24.100000 -0.008307
-24.050000 -0.007595
-24.000000 -0.008307
-23.950000 -0.007189
-23.900000 -0.007496
-23.850000 -0.005999
-23.800000 -0.005947
-23.750000 -0.004135
-23.700000 -0.003804
-23.650000 -0.001771
-23.600000 -0.001269
-23.550000 0.000866
-23.500000 0.001411
-23.450000 0.003515
-23.400000 0.003968
-23.350000 0.005906
-23.300000 0.006138
-23.250000 0.007790
-23.200000 0.007690
-23.150000 0.008960
-23.100000 0.008453
-23.050000 0.009284
-23.000000 0.008334
-22.950000 0.008716
-22.900000 0.007335
-22.850000 0.007302
-22.800000 0.005548
-22.750000 0.005178
-22.700000 0.003146
-22.650000 0.002549
-22.600000 0.000363
-22.550000 -0.000328
-22.500000 -0.002532
-22.450000 -0.003177
-22.400000 -0.005261
-22.350000 -0.005728
-22.300000 -0.007565
-22.250000 -0.007738
-22.200000 -0.009225
-22.150000 -0.009015
-22.100000 -0.010079
-22.050000 -0.009429
-22.000000 -0.010032
-21.950000 -0.008926
-21.900000 -0.009072
-21.850000 -0.007533
-21.800000 -0.007268
-21.750000 -0.005362
-21.700000 -0.004769
-21.650000 -0.002598
-21.600000 -0.001796
-21.550000 0.000507
-21.500000 0.001377
-21.450000 0.003665
-21.400000 0.004450
-21.350000 0.006574
-21.300000 0.007131
-21.250000 0.008954
-21.200000 0.009161
-21.150000 0.010577
-21.100000 0.010346
-21.050000 0.011288
-21.000000 0.010573
-20.950000 0.011018
-20.900000 0.009817
-20.850000 0.009786
-20.800000 0.008142
-20.750000 0.007696
-20.700000 0.005689
-20.650000 0.004924
-20.600000 0.002663
-20.550000 0.001700
-20.500000 -0.000684
-20.450000 -0.001706
-20.400000 -0.004070
-20.350000 -0.005007
-20.300000 -0.007206
-20.250000 -0.007917
-20.200000 -0.009817
-20.150000 -0.010176
-20.100000 -0.011664
-20.050000 -0.011571
-20.000000 -0.012565
-19.950000 -0.011960
-19.900000 -0.012420
-19.850000 -0.011285
-19.800000 -0.011218
-19.750000 -0.009586
-19.700000 -0.009048
-19.650000 -0.006997
-19.600000 -0.006087
-19.550000 -0.003735
-19.500000 -0.002585
-19.450000 -0.000075
-19.400000 0.001161
-19.350000 0.003672
-19.300000 0.004839
-19.250000 0.007197
-19.200000 0.008146
-19.150000 0.010212
-19.100000 0.010814
-19.050000 0.012474
-19.000000 0.012630
-18.950000 0.013798
-18.900000 0.013443
-18.850000 0.014072
-18.800000 0.013174
-18.750000 0.013254
-18.700000 0.011825
-18.650000 0.011387
-18.600000 0.009478
-18.550000 0.008593
-18.500000 0.006294
-18.450000 0.005070
-18.400000 0.002505
-18.350000 0.001081
-18.300000 -0.001599
-18.250000 -0.003064
-18.200000 -0.005693
-18.150000 -0.007032
-18.100000 -0.009448
-18.050000 -0.010503
-18.000000 -0.012556
-17.950000 -0.013190
-17.900000 -0.014760
-17.850000 -0.014874
-17.800000 -0.015881
-17.750000 -0.015416
-17.700000 -0.015825
-17.650000 -0.014769
-17.600000 -0.014591
-17.550000 -0.012978
-17.500000 -0.012267
-17.450000 -0.010168
-17.400000 -0.009014
-17.350000 -0.006536
-17.300000 -0.005058
-17.250000 -0.002331
-17.200000 -0.000671
-17.150000 0.002154
-17.100000 0.003842
-17.050000 0.006607
-17.000000 0.008162
-16.950000 0.010708
-16.900000 0.011974
-16.850000 0.014152
-16.800000 0.014991
-16.750000 0.016674
-16.700000 0.016975
-16.650000 0.018072
-16.600000 0.017762
-16.550000 0.018221
-16.500000 0.017274
-16.450000 0.017093
-16.400000 0.015530
-16.350000 0.014754
-16.300000 0.012641
-16.250000 0.011357
-16.200000 0.008801
-16.150000 0.007132
-16.100000 0.004268
-16.050000 0.002360
-16.000000 -0.000655
-15.950000 -0.002641
-15.900000 -0.005645
-15.850000 -0.007544
-15.800000 -0.010374
-15.750000 -0.012029
-15.700000 -0.014532
-15.650000 -0.015797
-15.600000 -0.017839
-15.550000 -0.018593
-15.500000 -0.020064
-15.450000 -0.020211
-15.400000 -0.021035
-15.350000 -0.020517
-15.300000 -0.020656
-15.250000 -0.019460
-15.200000 -0.018922
-15.150000 -0.017077
-15.100000 -0.015917
-15.050000 -0.013502
-15.000000 -0.011819
-14.950000 -0.008954
-14.900000 -0.006887
-14.850000 -0.003723
-14.800000 -0.001434
-14.750000 0.001856
-14.700000 0.004191
-14.650000 0.007431
-14.600000 0.009636
-14.550000 0.012656
-14.500000 0.014569
-14.450000 0.017216
-14.400000 0.018696
-14.350000 0.020840
-14.300000 0.021770
-14.250000 0.023312
-14.200000 0.023607
-14.150000 0.024476
-14.100000 0.024084
-14.050000 0.024245
-14.000000 0.023148
-13.950000 0.022603
-13.900000 0.020823
-13.850000 0.019611
-13.800000 0.017206
-13.750000 0.015406
-13.700000 0.012475
-13.650000 0.010204
-13.600000 0.006880
-13.550000 0.004287
-13.500000 0.000731
-13.450000 -0.002012
-13.400000 -0.005619
-13.350000 -0.008328
-13.300000 -0.011800
-13.250000 -0.014293
-13.200000 -0.017454
-13.150000 -0.019560
-13.100000 -0.022252
-13.050000 -0.023829
-13.000000 -0.025924
-12.950000 -0.026859
-12.900000 -0.028262
-12.850000 -0.028479
-12.800000 -0.029132
-12.750000 -0.028592
-12.700000 -0.028473
-12.650000 -0.027172
-12.600000 -0.026297
-12.550000 -0.024268
-12.500000 -0.022689
-12.450000 -0.020003
-12.400000 -0.017808
-12.350000 -0.014569
-12.300000 -0.011879
-12.250000 -0.008226
-12.200000 -0.005192
-12.150000 -0.001286
-12.100000 0.001918
-12.050000 0.005895
-12.000000 0.009086
-11.950000 0.012949
-11.900000 0.015943
-11.850000 0.019512
-11.800000 0.022137
-11.750000 0.025252
-11.700000 0.027358
-11.650000 0.029883
-11.600000 0.031351
-11.550000 0.033182
-11.500000 0.033925
-11.450000 0.034994
-11.400000 0.034960
-11.350000 0.035229
-11.300000 0.034398
-11.250000 0.033864
-11.200000 0.032247
-11.150000 0.030936
-11.100000 0.028572
-11.050000 0.026538
-11.000000 0.023499
-10.950000 0.020828
-10.900000 0.017213
-10.850000 0.014020
-10.800000 0.009959
-10.750000 0.006387
-10.700000 0.002035
-10.650000 -0.001748
-10.600000 -0.006214
-10.550000 -0.010025
-10.500000 -0.014417
-10.450000 -0.018069
-10.400000 -0.022199
-10.350000 -0.025509
-10.300000 -0.029205
-10.250000 -0.032007
-10.200000 -0.035116
-10.150000 -0.037273
-10.100000 -0.039670
-10.050000 -0.041074
-10.000000 -0.042667
-9.950000 -0.043242
-9.900000 -0.043974
-9.850000 -0.043678
-9.800000 -0.043521
-9.750000 -0.042343
-9.700000 -0.041303
-9.650000 -0.039266
-9.600000 -0.037381
-9.550000 -0.034536
-9.500000 -0.031875
-9.450000 -0.028309
-9.400000 -0.024973
-9.350000 -0.020800
-9.300000 -0.016918
-9.250000 -0.012282
-9.200000 -0.008007
-9.150000 -0.003072
-9.100000 0.001422
-9.050000 0.006479
-9.000000 0.011013
-8.950000 0.016011
-8.900000 0.020406
-8.850000 0.025174
-8.800000 0.029265
-8.750000 0.033643
-8.700000 0.037283
-8.650000 0.041136
-8.600000 0.044200
-8.550000 0.047415
-8.500000 0.049800
-8.450000 0.052286
-8.400000 0.053912
-8.350000 0.055596
-8.300000 0.056399
-8.250000 0.057228
-8.200000 0.057164
-8.150000 0.057104
-8.100000 0.056150
-8.050000 0.055188
-8.000000 0.053342
-7.950000 0.051490
-7.900000 0.048779
-7.850000 0.046077
-7.800000 0.042557
-7.750000 0.039075
-7.700000 0.034829
-7.650000 0.030665
-7.600000 0.025803
-7.550000 0.021079
-7.500000 0.015731
-7.450000 0.010585
-7.400000 0.004897
-7.350000 -0.000523
-7.300000 -0.006399
-7.250000 -0.011939
-7.200000 -0.017849
-7.150000 -0.023354
-7.100000 -0.029144
-7.050000 -0.034462
-7.000000 -0.039982
-6.950000 -0.044964
-6.900000 -0.050067
-6.850000 -0.054568
-6.800000 -0.059111
-6.750000 -0.062993
-6.700000 -0.066842
-6.650000 -0.069974
-6.600000 -0.073006
-6.550000 -0.075277
-6.500000 -0.077391
-6.450000 -0.078712
-6.400000 -0.079834
-6.350000 -0.080148
-6.300000 -0.080238
-6.250000 -0.079522
-6.200000 -0.078577
-6.150000 -0.076845
-6.100000 -0.074894
-6.050000 -0.072191
-6.000000 -0.069293
-5.950000 -0.065689
-5.900000 -0.061925
-5.850000 -0.057508
-5.800000 -0.052970
-5.750000 -0.047840
-5.700000 -0.042633
-5.650000 -0.036895
-5.600000 -0.031126
-5.550000 -0.024893
-5.500000 -0.018678
-5.450000 -0.012066
-5.400000 -0.005523
-5.350000 0.001348
-5.300000 0.008095
-5.250000 0.015099
-5.200000 0.021926
-5.150000 0.028938
-5.100000 0.035720
-5.050000 0.042619
-5.000000 0.049240
-4.950000 0.055915
-4.900000 0.062270
-4.850000 0.068625
-4.800000 0.074627
-4.750000 0.080583
-4.700000 0.086165
-4.650000 0.091665
-4.600000 0.096777
-4.550000 0.101780
-4.500000 0.106388
-4.450000 0.110865
-4.400000 0.114943
-4.350000 0.118872
-4.300000 0.122400
-4.250000 0.125758
-4.200000 0.128715
-4.150000 0.131482
-4.100000 0.133847
-4.050000 0.136003
-4.000000 0.137756
-3.950000 0.139285
-3.900000 0.140413
-3.850000 0.141305
-3.800000 0.141802
-3.750000 0.142055
-3.700000 0.141926
-3.650000 0.141548
-3.600000 0.140802
-3.550000 0.139805
-3.500000 0.138457
-3.450000 0.136856
-3.400000 0.134917
-3.350000 0.132720
-3.300000 0.130196
-3.250000 0.127403
-3.200000 0.124288
-3.150000 0.120889
-3.100000 0.117168
-3.050000 0.113142
-3.000000 0.108790
-2.950000 0.104110
-2.900000 0.099097
-2.850000 0.093730
-2.800000 0.088022
-2.750000 0.081937
-2.700000 0.075504
-2.650000 0.068671
-2.600000 0.061485
-2.550000 0.053875
-2.500000 0.045908
-2.450000 0.037494
-2.400000 0.028714
-2.350000 0.019460
-2.300000 0.009830
-2.250000 -0.000307
-2.200000 -0.010837
-2.150000 -0.021910
-2.100000 -0.033398
-2.050000 -0.045470
-2.000000 -0.057979
-1.950000 -0.071113
-1.900000 -0.084706
-1.850000 -0.098960
-1.800000 -0.113688
-1.750000 -0.129104
-1.700000 -0.144999
-1.650000 -0.161598
-1.600000 -0.178665
-1.550000 -0.196439
-1.500000 -0.214656
-1.450000 -0.233564
-1.400000 -0.252876
-1.350000 -0.272847
-1.300000 -0.293163
-1.250000 -0.314089
-1.200000 -0.335284
-1.150000 -0.357019
-1.100000 -0.378926
-1.050000 -0.401282
-1.000000 -0.423688
-0.950000 -0.446427
-0.900000 -0.469067
-0.850000 -0.491894
-0.800000 -0.514446
-0.750000 -0.537010
-0.700000 -0.559093
-0.650000 -0.580988
-0.600000 -0.602170
-0.550000 -0.622941
-0.500000 -0.642752
-0.450000 -0.661919
-0.400000 -0.679873
-0.350000 -0.696953
-0.300000 -0.712578
-0.250000 -0.727116
-0.200000 -0.739983
-0.150000 -0.751581
-0.100000 -0.761332
-0.050000 -0.769678
0.000000 -0.776050
0.050000 -0.780933
0.100000 -0.783768
0.150000 -0.785088
0.200000 -0.784343
0.250000 -0.782113
0.300000 -0.777858
0.350000 -0.772200
0.400000 -0.764606
0.450000 -0.755740
0.500000 -0.745074
0.550000 -0.733309
0.600000 -0.719917
0.650000 -0.705634
0.700000 -0.689926
0.750000 -0.673557
0.800000 -0.655986
0.850000 -0.637999
0.900000 -0.619040
0.950000 -0.599911
1.000000 -0.580036
1.050000 -0.560229
1.100000 -0.539887
1.150000 -0.519830
1.200000 -0.499425
1.250000 -0.479494
1.300000 -0.459371
1.350000 -0.439880
1.400000 -0.420319
1.450000 -0.401514
1.500000 -0.382727
1.550000 -0.364788
1.600000 -0.346928
1.650000 -0.329980
1.700000 -0.313148
1.750000 -0.297272
1.800000 -0.281530
1.850000 -0.266772
1.900000 -0.252155
1.950000 -0.238540
2.000000 -0.225061
2.050000 -0.212593
2.100000 -0.200248
2.150000 -0.188914
2.200000 -0.177681
2.250000 -0.167450
2.300000 -0.157288
2.350000 -0.148110
2.400000 -0.138962
2.450000 -0.130769
2.500000 -0.122559
2.550000 -0.115272
2.600000 -0.107916
2.650000 -0.101448
2.700000 -0.094859
2.750000 -0.089124
2.800000 -0.083220
2.850000 -0.078141
2.900000 -0.072850
2.950000 -0.068362
3.000000 -0.063624
3.050000 -0.059673
3.100000 -0.055442
3.150000 -0.051986
3.200000 -0.048223
3.250000 -0.045226
3.300000 -0.041896
3.350000 -0.039322
3.400000 -0.036388
3.450000 -0.034199
3.500000 -0.031619
3.550000 -0.029769
3.600000 -0.027497
3.650000 -0.025938
3.700000 -0.023923
3.750000 -0.022604
3.800000 -0.020799
3.850000 -0.019677
3.900000 -0.018042
3.950000 -0.017083
4.000000 -0.015590
4.050000 -0.014774
4.100000 -0.013410
4.150000 -0.012728
4.200000 -0.011489
4.250000 -0.010943
4.300000 -0.009834
4.350000 -0.009426
4.400000 -0.008448
4.450000 -0.008179
4.500000 -0.007329
4.550000 -0.007192
4.600000 -0.006459
4.650000 -0.006438
4.700000 -0.005805
4.750000 -0.005884
4.800000 -0.005332
4.850000 -0.005492
4.900000 -0.005008
4.950000 -0.005241
5.000000 -0.004822
5.050000 -0.005133
5.100000 -0.004793
5.150000 -0.005205
5.200000 -0.004976
5.250000 -0.005528
5.300000 -0.005459
5.350000 -0.006212
5.400000 -0.006370
5.450000 -0.007398
5.500000 -0.007869
5.550000 -0.009266
5.600000 -0.010153
5.650000 -0.012035
5.700000 -0.013468
5.750000 -0.015985
5.800000 -0.018139
5.850000 -0.021493
5.900000 -0.024605
5.950000 -0.029078
6.000000 -0.033483
6.050000 -0.039474
6.100000 -0.045644
6.150000 -0.053710
6.200000 -0.062304
6.250000 -0.073220
6.300000 -0.085145
6.350000 -0.099970
6.400000 -0.116456
6.450000 -0.136615
6.500000 -0.159310
6.550000 -0.186699
6.600000 -0.217782
6.650000 -0.254897
6.700000 -0.297212
6.750000 -0.347284
6.800000 -0.404481
6.850000 -0.471605
6.900000 -0.548245
6.950000 -0.637449
7.000000 -0.739003
7.050000 -0.856145
7.100000 -0.988758
7.150000 -1.140108
7.200000 -1.309926
7.250000 -1.501168
7.300000 -1.712965
7.350000 -1.947385
7.400000 -2.202258
7.450000 -2.477951
7.500000 -2.770105
7.550000 -3.076494
7.600000 -3.389780
7.650000 -3.704600
7.700000 -4.010501
7.750000 -4.299429
7.800000 -4.558992
7.850000 -4.780404
7.900000 -4.952019
7.950000 -5.067520
8.000000 -5.119358
8.050000 -5.106727
8.100000 -5.028430
8.150000 -4.890259
8.200000 -4.697096
8.250000 -4.459746
8.300000 -4.186554
8.350000 -3.890111
8.400000 -3.578882
8.450000 -3.264212
8.500000 -2.952269
8.550000 -2.651504
8.600000 -2.364912
8.650000 -2.097851
8.700000 -1.850463
8.750000 -1.625673
8.800000 -1.421617
8.850000 -1.239692
8.900000 -1.076890
8.950000 -0.933851
9.000000 -0.807080
9.050000 -0.696989
9.100000 -0.599999
9.150000 -0.516594
9.200000 -0.443325
9.250000 -0.380883
9.300000 -0.326032
9.350000 -0.279715
9.400000 -0.238916
9.450000 -0.204819
9.500000 -0.174610
9.550000 -0.149680
9.600000 -0.127378
9.650000 -0.109271
9.700000 -0.092832
9.750000 -0.079767
9.800000 -0.067645
9.850000 -0.058282
9.900000 -0.049316
9.950000 -0.042650
10.000000 -0.035973
10.050000 -0.031258
10.100000 -0.026231
10.150000 -0.022920
10.200000 -0.019076
10.250000 -0.016777
10.300000 -0.013788
10.350000 -0.012225
10.400000 -0.009862
10.450000 -0.008847
10.500000 -0.006955
10.550000 -0.006360
10.600000 -0.004832
10.650000 -0.004567
10.700000 -0.003326
10.750000 -0.003321
10.800000 -0.002302
10.850000 -0.002496
10.900000 -0.001640
10.950000 -0.001976
11.000000 -0.001228
11.050000 -0.001654
11.100000 -0.000965
11.150000 -0.001434
11.200000 -0.000764
11.250000 -0.001245
11.300000 -0.000568
11.350000 -0.001041
11.400000 -0.000347
11.450000 -0.000810
11.500000 -0.000103
11.550000 -0.000566
11.600000 0.000139
11.650000 -0.000342
11.700000 0.000342
11.750000 -0.000176
11.800000 0.000470
11.850000 -0.000098
11.900000 0.000501
11.950000 -0.000119
12.000000 0.000439
12.050000 -0.000224
12.100000 0.000308
12.150000 -0.000375
12.200000 0.000156
12.250000 -0.000523
12.300000 0.000031
12.350000 -0.000620
12.400000 -0.000023
12.450000 -0.000632
12.500000 0.000014
12.550000 -0.000555
12.600000 0.000134
12.650000 -0.000408
12.700000 0.000303
12.750000 -0.000235
12.800000 0.000474
12.850000 -0.000086
12.900000 0.000597
12.950000 -0.000004
13.000000 0.000637
13.050000 -0.000014
13.100000 0.000584
13.150000 -0.000112
13.200000 0.000454
13.250000 -0.000271
13.300000 0.000284
13.350000 -0.000447
13.400000 0.000122
13.450000 -0.000589
13.500000 0.000016
13.550000 -0.000658
13.600000 -0.000004
13.650000 -0.000634
13.700000 0.000070
13.750000 -0.000521
13.800000 0.000220
13.850000 -0.000351
13.900000 0.000404
13.950000 -0.000172
14.000000 0.000571
14.050000 -0.000036
14.100000 0.000673
14.150000 0.000017
14.200000 0.000678
14.250000 -0.000032
14.300000 0.000585
14.350000 -0.000170
14.400000 0.000419
14.450000 -0.000358
14.500000 0.000228
14.550000 -0.000544
14.600000 0.000068
14.650000 -0.000674
14.700000 -0.000015
14.750000 -0.000710
14.800000 0.000003
14.850000 -0.000644
14.900000 0.000119
14.950000 -0.000493
15.000000 0.000300
15.050000 -0.000301
15.100000 0.000496
15.150000 -0.000121
15.200000 0.000653
15.250000 -0.000005
15.300000 0.000728
15.350000 0.000017
15.400000 0.000700
15.450000 -0.000064
15.500000 0.000577
15.550000 -0.000227
15.600000 0.000392
15.650000 -0.000429
15.700000 0.000193
15.750000 -0.000616
15.800000 0.000038
15.850000 -0.000735
15.900000 -0.000031
15.950000 -0.000754
16.000000 0.000010
16.050000 -0.000663
16.100000 0.000150
16.150000 -0.000489
16.200000 0.000354
16.250000 -0.000277
16.300000 0.000565
16.350000 -0.000087
16.400000 0.000725
16.450000 0.000025
16.500000 0.000788
16.550000 0.000029
16.600000 0.000737
16.650000 -0.000079
16.700000 0.000586
16.750000 -0.000270
16.800000 0.000375
16.850000 -0.000491
16.900000 0.000164
16.950000 -0.000684
17.000000 0.000010
17.050000 -0.000795
17.100000 -0.000044
17.150000 -0.000795
17.200000 0.000015
17.250000 -0.000686
17.300000 0.000175
17.350000 -0.000494
17.400000 0.000392
17.450000 -0.000271
17.500000 0.000611
17.550000 -0.000077
17.600000 0.000774
17.650000 0.000038
17.700000 0.000838
17.750000 0.000040
17.800000 0.000783
17.850000 -0.000075
17.900000 0.000622
17.950000 -0.000278
18.000000 0.000397
18.050000 -0.000516
18.100000 0.000167
18.150000 -0.000728
18.200000 -0.000004
18.250000 -0.000853
18.300000 -0.000070
18.350000 -0.000859
18.400000 -0.000009
18.450000 -0.000742
18.500000 0.000164
18.550000 -0.000532
18.600000 0.000402
18.650000 -0.000287
18.700000 0.000644
18.750000 -0.000071
18.800000 0.000825
18.850000 0.000057
18.900000 0.000897
18.950000 0.000063
19.000000 0.000843
19.050000 -0.000055
19.100000 0.000675
19.150000 -0.000267
19.200000 0.000439
19.250000 -0.000519
19.300000 0.000194
19.350000 -0.000747
19.400000 0.000003
19.450000 -0.000894
19.500000 -0.000083
19.550000 -0.000920
19.600000 -0.000041
19.650000 -0.000818
19.700000 0.000121
19.750000 -0.000611
19.800000 0.000365
19.850000 -0.000352
19.900000 0.000629
19.950000 -0.000106
20.000000 0.000846
20.050000 0.000061
20.100000 0.000957
20.150000 0.000103
20.200000 0.000933
20.250000 0.000007
20.300000 0.000777
20.350000 -0.000204
20.400000 0.000530
20.450000 -0.000478
20.500000 0.000254
20.550000 -0.000743
20.600000 0.000023
20.650000 -0.000932
20.700000 -0.000104
20.750000 -0.000995
20.800000 -0.000094
20.850000 -0.000918
20.900000 0.000052
20.950000 -0.000719
21.000000 0.000297
21.050000 -0.000449
21.100000 0.000581
21.150000 -0.000175
21.200000 0.000833
21.250000 0.000034
21.300000 0.000992
21.350000 0.000126
21.400000 0.001017
21.450000 0.000077
21.500000 0.000902
21.550000 -0.000104
21.600000 0.000672
21.650000 -0.000375
21.700000 0.000382
21.750000 -0.000671
21.800000 0.000105
21.850000 -0.000918
21.900000 -0.000090
21.950000 -0.001054
22.000000 -0.000152
22.050000 -0.001043
22.100000 -0.000062
22.150000 -0.000884
22.200000 0.000161
22.250000 -0.000616
22.300000 0.000463
22.350000 -0.000306
22.400000 0.000768
22.450000 -0.000031
22.500000 0.001001
22.550000 0.000138
22.600000 0.001103
22.650000 0.000160
22.700000 0.001049
22.750000 0.000028
22.800000 0.000852
22.850000 -0.000227
22.900000 0.000561
22.950000 -0.000543
23.000000 0.000246
23.050000 -0.000844
23.100000 -0.000018
23.150000 -0.001060
23.200000 -0.000166
23.250000 -0.001137
23.300000 -0.000162
23.350000 -0.001057
23.400000 -0.000005
23.450000 -0.000837
23.500000 0.000271
23.550000 -0.000527
23.600000 0.000603
23.650000 -0.000200
23.700000 0.000911
23.750000 0.000066
23.800000 0.001123
23.850000 0.000204
23.900000 0.001185
23.950000 0.000179
24.000000 0.001078
24.050000 -0.000009
24.100000 0.000826
24.150000 -0.000315
24.200000 0.000489
24.250000 -0.000669
24.300000 0.000147
24.350000 -0.000983
24.400000 -0.000115
24.450000 -0.001184
24.500000 -0.000235
24.550000 -0.001221
24.600000 -0.000183
24.650000 -0.001087
24.700000 0.000031
24.750000 -0.000813
24.800000 0.000355
24.850000 -0.000463
24.900000 0.000716
24.950000 -0.000118
25.000000 0.001030
25.050000 0.000141
25.100000 0.001225
25.150000 0.000255
25.200000 0.001256
25.250000 0.000195
25.300000 0.001114
25.350000 -0.000027
25.400000 0.000829
25.450000 -0.000365
25.500000 0.000464
25.550000 -0.000742
25.600000 0.000102
25.650000 -0.001072
25.700000 -0.000172
25.750000 -0.001279
25.800000 -0.000293
25.850000 -0.001311
25.900000 -0.000229
25.950000 -0.001158
26.000000 0.000010
26.050000 -0.000852
26.100000 0.000371
26.150000 -0.000464
26.200000 0.000770
26.250000 -0.000082
26.300000 0.001116
26.350000 0.000202
26.400000 0.001328
26.450000 0.000324
26.500000 0.001357
26.550000 0.000254
26.600000 0.001197
26.650000 0.000007
26.700000 0.000883
26.750000 -0.000361
26.800000 0.000486
26.850000 -0.000770
26.900000 0.000094
26.950000 -0.001128
27.000000 -0.000206
27.050000 -0.001358
27.100000 -0.000347
27.150000 -0.001406
27.200000 -0.000295
27.250000 -0.001261
27.300000 -0.000059
27.350000 -0.000951
27.400000 0.000313
27.450000 -0.000542
27.500000 0.000742
27.550000 -0.000123
27.600000 0.001133
27.650000 0.000212
27.700000 0.001398
27.750000 0.000387
27.800000 0.001476
27.850000 0.000358
27.900000 0.001345
27.950000 0.000127
28.000000 0.001032
28.050000 -0.000256
28.100000 0.000605
28.150000 -0.000708
28.200000 0.000159
28.250000 -0.001128
28.300000 -0.000207
28.350000 -0.001424
28.400000 -0.000411
28.450000 -0.001529
28.500000 -0.000408
28.550000 -0.001422
28.600000 -0.000198
28.650000 -0.001124
28.700000 0.000175
28.750000 -0.000700
28.800000 0.000632
28.850000 -0.000239
28.900000 0.001077
28.950000 0.000161
29.000000 0.001416
29.050000 0.000416
29.100000 0.001576
29.150000 0.000468
29.200000 0.001521
29.250000 0.000303
29.300000 0.001259
29.350000 -0.000049
29.400000 0.000840
29.450000 -0.000516
29.500000 0.000353
29.550000 -0.001002
29.600000 -0.000101
29.650000 -0.001402
29.700000 -0.000421
29.750000 -0.001628
29.800000 -0.000536
29.850000 -0.001629
29.900000 -0.000417
29.950000 -0.001401
30.000000 -0.000088
30.050000 -0.000991
30.100000 0.000385
30.150000 -0.000486
30.200000 0.000900
30.250000 0.000008
30.300000 0.001350
30.350000 0.000385
30.400000 0.001639
30.450000 0.000568
30.500000 0.001709
30.550000 0.000517
30.600000 0.001543
30.650000 0.000242
30.700000 0.001176
30.750000 -0.000203
30.800000 0.000680
30.850000 -0.000729
30.900000 0.000155
30.950000 -0.001232
31.000000 -0.000295
31.050000 -0.001608
31.100000 -0.000575
31.150000 -0.001780
31.200000 -0.000625
31.250000 -0.001708
31.300000 -0.000430
31.350000 -0.001402
31.400000 -0.000023
31.450000 -0.000919
31.500000 0.000515
31.550000 -0.000357
31.600000 0.001076
31.650000 0.000170
31.700000 0.001544
31.750000 0.000551
31.800000 0.001821
31.850000 0.000706
31.900000 0.001849
31.950000 0.000600
32.000000 0.001618
32.050000 0.000253
32.100000 0.001176
32.150000 -0.000266
32.200000 0.000610
32.250000 -0.000853
32.300000 0.000034
32.350000 -0.001393
32.400000 -0.000439
32.450000 -0.001777
32.500000 -0.000714
32.550000 -0.001932
32.600000 -0.000737
32.650000 -0.001825
32.700000 -0.000500
32.750000 -0.001473
32.800000 -0.000047
32.850000 -0.000943
32.900000 0.000538
32.950000 -0.000333
33.000000 0.001146
33.050000 0.000239
33.100000 0.001656
33.150000 0.000659
33.200000 0.001968
33.250000 0.000842
33.300000 0.002015
33.350000 0.000746
33.400000 0.001782
33.450000 0.000383
33.500000 0.001310
33.550000 -0.000177
33.600000 0.000690
33.650000 -0.000829
33.700000 0.000042
33.750000 -0.001443
33.800000 -0.000505
33.850000 -0.001900
33.900000 -0.000845
33.950000 -0.002109
34.000000 -0.000911
34.050000 -0.002030
34.100000 -0.000688
34.150000 -0.001676
34.200000 -0.000217
34.250000 -0.001114
34.300000 0.000412
34.350000 -0.000449
34.400000 0.001085
34.450000 0.000196
34.500000 0.001675
34.550000 0.000702
34.600000 0.002074
34.650000 0.000972
34.700000 0.002204
34.750000 0.000952
34.800000 0.002036
34.850000 0.000641
34.900000 0.001597
34.950000 0.000089
35.000000 0.000961
35.050000 -0.000604
35.100000 0.000244
35.150000 -0.001312
35.200000 -0.000419
35.250000 -0.001900
35.300000 -0.000901
35.350000 -0.002254
35.400000 -0.001107
35.450000 -0.002305
35.500000 -0.000995
35.550000 -0.002037
35.600000 -0.000583
35.650000 -0.001501
35.700000 0.000055
35.750000 -0.000793
35.800000 0.000802
35.850000 -0.000044
35.900000 0.001521
35.950000 0.000610
36.000000 0.002081
36.050000 0.001049
36.100000 0.002381
36.150000 0.001194
36.200000 0.002366
36.250000 0.001017
36.300000 0.002036
36.350000 0.000546
36.400000 0.001446
36.450000 -0.000139
36.500000 0.000697
36.550000 -0.000922
36.600000 -0.000082
36.650000 -0.001664
36.700000 -0.000753
36.750000 -0.002234
36.800000 -0.001192
36.850000 -0.002524
36.900000 -0.001316
36.950000 -0.002476
37.000000 -0.001096
37.050000 -0.002093
37.100000 -0.000564
37.150000 -0.001437
37.200000 0.000189
37.250000 -0.000623
37.300000 0.001029
37.350000 0.000205
37.400000 0.001808
37.450000 0.000897
37.500000 0.002384
37.550000 0.001330
37.600000 0.002655
37.650000 0.001426
37.700000 0.002574
37.750000 0.001168
37.800000 0.002152
37.850000 0.000599
37.900000 0.001461
37.950000 -0.000186
38.000000 0.000617
38.050000 -0.001055
38.100000 -0.000240
38.150000 -0.001863
38.200000 -0.000964
38.250000 -0.002473
38.300000 -0.001431
38.350000 -0.002778
38.400000 -0.001558
38.450000 -0.002721
38.500000 -0.001316
38.550000 -0.002304
38.600000 -0.000738
38.650000 -0.001590
38.700000 0.000084
38.750000 -0.000695
38.800000 0.001015
38.850000 0.000230
38.900000 0.001896
38.950000 0.001027
39.000000 0.002574
39.050000 0.001556
39.100000 0.002930
39.150000 0.001722
39.200000 0.002900
39.250000 0.001495
39.300000 0.002486
39.350000 0.000910
39.400000 0.001755
39.450000 0.000063
39.500000 0.000829
39.550000 -0.000906
39.600000 -0.000142
39.650000 -0.001840
39.700000 -0.000999
39.750000 -0.002587
39.800000 -0.001604
39.850000 -0.003025
39.900000 -0.001856
39.950000 -0.003080
40.000000 -0.001710
40.050000 -0.002738
40.100000 -0.001183
40.150000 -0.002047
40.200000 -0.000353
40.250000 -0.001110
40.300000 0.000654
40.350000 -0.000074
40.400000 0.001677
40.450000 0.000894
40.500000 0.002550
40.550000 0.001634
40.600000 0.003127
40.650000 0.002021
40.700000 0.003308
40.750000 0.001986
40.800000 0.003057
40.850000 0.001527
40.900000 0.002409
40.950000 0.000715
41.000000 0.001465
41.050000 -0.000323
41.100000 0.000376
41.150000 -0.001421
41.200000 -0.000686
41.250000 -0.002406
41.300000 -0.001554
41.350000 -0.003123
41.400000 -0.002092
41.450000 -0.003460
41.500000 -0.002214
41.550000 -0.003363
41.600000 -0.001900
41.650000 -0.002842
41.700000 -0.001191
41.750000 -0.001971
41.800000 -0.000189
41.850000 -0.000877
41.900000 0.000958
41.950000 0.000278
42.000000 0.002078
42.050000 0.001318
42.100000 0.002998
42.150000 0.002081
42.200000 0.003571
42.250000 0.002441
42.300000 0.003702
42.350000 0.002334
42.400000 0.003361
42.450000 0.001769
42.500000 0.002593
42.550000 0.000826
42.600000 0.001511
42.650000 -0.000353
42.700000 0.000279
42.750000 -0.001591
42.800000 -0.000916
42.850000 -0.002698
42.900000 -0.001893
42.950000 -0.003507
43.000000 -0.002504
43.050000 -0.003897
43.100000 -0.002657
43.150000 -0.003809
43.200000 -0.002329
43.250000 -0.003252
43.300000 -0.001564
43.350000 -0.002306
43.400000 -0.000469
43.450000 -0.001102
43.500000 0.000801
43.550000 0.000187
43.600000 0.002063
43.650000 0.001375
43.700000 0.003132
43.750000 0.002284
43.800000 0.003846
43.850000 0.002771
43.900000 0.004085
43.950000 0.002750
44.000000 0.003800
44.050000 0.002207
44.100000 0.003015
44.150000 0.001206
44.200000 0.001832
44.250000 -0.000119
44.300000 0.000414
44.350000 -0.001579
44.400000 -0.001033
44.450000 -0.002958
44.500000 -0.002290
44.550000 -0.004041
44.600000 -0.003153
44.650000 -0.004641
44.700000 -0.003452
44.750000 -0.004609
44.800000 -0.003066
44.850000 -0.003852
44.900000 -0.001926
44.950000 -0.002321
