-30.000000 0.000846
-29.950000 0.000689
-29.900000 0.001373
-29.850000 0.001052
-29.800000 0.001569
-29.750000 0.001086
-29.700000 0.001446
-29.650000 0.000822
-29.600000 0.001057
-29.550000 0.000333
-29.500000 0.000494
-29.450000 -0.000271
-29.400000 -0.000119
-29.350000 -0.000858
-29.300000 -0.000652
-29.250000 -0.001305
-29.200000 -0.000991
-29.150000 -0.001515
-29.100000 -0.001062
-29.050000 -0.001441
-29.000000 -0.000849
-28.950000 -0.001096
-28.900000 -0.000392
-28.850000 -0.000550
-28.800000 0.000211
-28.750000 0.000080
-28.700000 0.000833
-28.650000 0.000662
-28.600000 0.001340
-28.550000 0.001069
-28.500000 0.001621
-28.450000 0.001211
-28.400000 0.001612
-28.350000 0.001053
-28.300000 0.001310
-28.250000 0.000624
-28.200000 0.000772
-28.150000 0.000007
-28.100000 0.000106
-28.050000 -0.000671
-28.000000 -0.000552
-27.950000 -0.001271
-27.900000 -0.001065
-27.850000 -0.001667
-27.800000 -0.001325
-27.750000 -0.001772
-27.700000 -0.001272
-27.650000 -0.001559
-27.600000 -0.000910
-27.550000 -0.001064
-27.500000 -0.000309
-27.450000 -0.000383
-27.400000 0.000414
-27.350000 0.000348
-27.300000 0.001113
-27.250000 0.000981
-27.200000 0.001645
-27.150000 0.001387
-27.100000 0.001900
-27.050000 0.001480
-27.000000 0.001821
-26.950000 0.001235
-26.900000 0.001418
-26.850000 0.000696
-26.800000 0.000764
-26.750000 -0.000037
-26.700000 -0.000015
-26.650000 -0.000822
-26.600000 -0.000769
-26.550000 -0.001505
-26.500000 -0.001349
-26.450000 -0.001948
-26.400000 -0.001636
-26.350000 -0.002059
-26.300000 -0.001568
-26.250000 -0.001810
-26.200000 -0.001151
-26.150000 -0.001241
-26.100000 -0.000460
-26.050000 -0.000457
-26.000000 0.000376
-25.950000 0.000394
-25.900000 0.001198
-25.850000 0.001150
-25.800000 0.001847
-25.750000 0.001665
-25.700000 0.002197
-25.650000 0.001835
-25.600000 0.002175
-25.550000 0.001623
-25.500000 0.001778
-25.450000 0.001060
-25.400000 0.001071
-25.350000 0.000246
-25.300000 0.000183
-25.250000 -0.000672
-25.200000 -0.000726
-25.150000 -0.001524
-25.100000 -0.001484
-25.050000 -0.002148
-25.000000 -0.001948
-24.950000 -0.002424
-24.900000 -0.002024
-24.850000 -0.002292
-24.800000 -0.001692
-24.750000 -0.001770
-24.700000 -0.001006
-24.650000 -0.000945
-24.600000 -0.000083
-24.550000 0.000037
-24.500000 0.000911
-24.450000 0.001002
-24.400000 0.001798
-24.350000 0.001775
-24.300000 0.002416
-24.250000 0.002213
-24.200000 0.002649
-24.150000 0.002231
-24.100000 0.002445
-24.050000 0.001816
-24.000000 0.001832
-23.950000 0.001033
-23.900000 0.000909
-23.850000 0.000014
-23.800000 -0.000166
-23.750000 -0.001065
-23.700000 -0.001206
-23.650000 -0.002015
-23.600000 -0.002027
-23.550000 -0.002666
-23.500000 -0.002482
-23.450000 -0.002898
-23.400000 -0.002484
-23.350000 -0.002664
-23.300000 -0.002025
-23.250000 -0.001994
-23.200000 -0.001175
-23.150000 -0.000994
-23.100000 -0.000072
-23.050000 0.000171
-23.000000 0.001103
-22.950000 0.001308
-22.900000 0.002149
-22.850000 0.002222
-22.800000 0.002886
-22.750000 0.002754
-22.700000 0.003183
-22.650000 0.002806
-22.600000 0.002981
-22.550000 0.002359
-22.500000 0.002301
-22.450000 0.001478
-22.400000 0.001249
-22.350000 0.000301
-22.300000 -0.000009
-22.250000 -0.000982
-22.200000 -0.001270
-22.150000 -0.002163
-22.100000 -0.002327
-22.050000 -0.003047
-22.000000 -0.003003
-21.950000 -0.003483
-21.900000 -0.003183
-21.850000 -0.003390
-21.800000 -0.002824
-21.750000 -0.002773
-21.700000 -0.001974
-21.650000 -0.001717
-21.600000 -0.000759
-21.550000 -0.000384
-21.500000 0.000636
-21.450000 0.001020
-21.400000 0.001989
-21.350000 0.002274
-21.300000 0.003087
-21.250000 0.003176
-21.200000 0.003750
-21.150000 0.003577
-21.100000 0.003866
-21.050000 0.003405
-21.000000 0.003406
-20.950000 0.002676
-20.900000 0.002428
-20.850000 0.001490
-20.800000 0.001074
-20.750000 0.000021
-20.700000 -0.000460
-20.650000 -0.001513
-20.600000 -0.001942
-20.550000 -0.002881
-20.500000 -0.003146
-20.450000 -0.003868
-20.400000 -0.003883
-20.350000 -0.004318
-20.300000 -0.004031
-20.250000 -0.004151
-20.200000 -0.003555
-20.150000 -0.003377
-20.100000 -0.002514
-20.050000 -0.002100
-20.000000 -0.001052
-19.950000 -0.000499
-19.900000 0.000625
-19.850000 0.001197
-19.800000 0.002273
-19.750000 0.002742
-19.700000 0.003653
-19.650000 0.003910
-19.600000 0.004559
-19.550000 0.004524
-19.500000 0.004849
-19.450000 0.004482
-19.400000 0.004468
-19.350000 0.003777
-19.300000 0.003455
-19.250000 0.002494
-19.200000 0.001939
-19.150000 0.000802
-19.100000 0.000124
-19.050000 -0.001068
-19.000000 -0.001740
-18.950000 -0.002855
-18.900000 -0.003393
-18.850000 -0.004309
-18.800000 -0.004599
-18.750000 -0.005218
-18.700000 -0.005183
-18.650000 -0.005447
-18.600000 -0.005051
-18.550000 -0.004950
-18.500000 -0.004206
-18.450000 -0.003777
-18.400000 -0.002748
-18.350000 -0.002074
-18.300000 -0.000861
-18.250000 -0.000058
-18.200000 0.001212
-18.150000 0.002007
-18.100000 0.003195
-18.050000 0.003846
-18.000000 0.004822
-17.950000 0.005210
-17.900000 0.005868
-17.850000 0.005907
-17.800000 0.006184
-17.750000 0.005832
-17.700000 0.005711
-17.650000 0.004978
-17.600000 0.004494
-17.550000 0.003441
-17.500000 0.002676
-17.450000 0.001402
-17.400000 0.000475
-17.350000 -0.000887
-17.300000 -0.001837
-17.250000 -0.003142
-17.200000 -0.003969
-17.150000 -0.005076
-17.100000 -0.005647
-17.050000 -0.006437
-17.000000 -0.006650
-16.950000 -0.007040
-16.900000 -0.006835
-16.850000 -0.006792
-16.800000 -0.006162
-16.750000 -0.005704
-16.700000 -0.004694
-16.650000 -0.003892
-16.600000 -0.002596
-16.550000 -0.001563
-16.500000 -0.000110
-16.450000 0.001011
-16.400000 0.002469
-16.350000 0.003525
-16.300000 0.004836
-16.250000 0.005678
-16.200000 0.006703
-16.150000 0.007207
-16.100000 0.007839
-16.050000 0.007918
-16.000000 0.008092
-15.950000 0.007707
-15.900000 0.007412
-15.850000 0.006577
-15.800000 0.005854
-15.750000 0.004638
-15.700000 0.003580
-15.650000 0.002095
-15.600000 0.000833
-15.550000 -0.000772
-15.500000 -0.002081
-15.450000 -0.003645
-15.400000 -0.004836
-15.350000 -0.006198
-15.300000 -0.007118
-15.250000 -0.008135
-15.200000 -0.008660
-15.150000 -0.009229
-15.100000 -0.009275
-15.050000 -0.009337
-15.000000 -0.008873
-14.950000 -0.008424
-14.900000 -0.007475
-14.850000 -0.006566
-14.800000 -0.005209
-14.750000 -0.003943
-14.700000 -0.002300
-14.650000 -0.000819
-14.600000 0.000951
-14.550000 0.002480
-14.500000 0.004205
-14.450000 0.005608
-14.400000 0.007116
-14.350000 0.008230
-14.300000 0.009371
-14.250000 0.010062
-14.200000 0.010722
-14.150000 0.010898
-14.100000 0.011009
-14.050000 0.010629
-14.000000 0.010179
-13.950000 0.009258
-13.900000 0.008289
-13.850000 0.006896
-13.800000 0.005503
-13.750000 0.003756
-13.700000 0.002078
-13.650000 0.000134
-13.600000 -0.001661
-13.550000 -0.003623
-13.500000 -0.005349
-13.450000 -0.007145
-13.400000 -0.008622
-13.350000 -0.010079
-13.300000 -0.011148
-13.250000 -0.012125
-13.200000 -0.012664
-13.150000 -0.013064
-13.100000 -0.013003
-13.050000 -0.012781
-13.000000 -0.012104
-12.950000 -0.011275
-12.900000 -0.010025
-12.850000 -0.008658
-12.800000 -0.006932
-12.750000 -0.005150
-12.700000 -0.003090
-12.650000 -0.001052
-12.600000 0.001166
-12.550000 0.003272
-12.500000 0.005455
-12.450000 0.007434
-12.400000 0.009388
-12.350000 0.011054
-12.300000 0.012605
-12.250000 0.013798
-12.200000 0.014803
-12.150000 0.015402
-12.100000 0.015766
-12.050000 0.015702
-12.000000 0.015382
-11.950000 0.014641
-11.900000 0.013653
-11.850000 0.012279
-11.800000 0.010693
-11.750000 0.008782
-11.700000 0.006721
-11.650000 0.004417
-11.600000 0.002043
-11.550000 -0.000473
-11.500000 -0.002967
-11.450000 -0.005495
-11.400000 -0.007902
-11.350000 -0.010234
-11.300000 -0.012351
-11.250000 -0.014292
-11.200000 -0.015936
-11.150000 -0.017320
-11.100000 -0.018346
-11.050000 -0.019049
-11.000000 -0.019358
-10.950000 -0.019309
-10.900000 -0.018858
-10.850000 -0.018045
-10.800000 -0.016851
-10.750000 -0.015319
-10.700000 -0.013457
-10.650000 -0.011308
-10.600000 -0.008904
-10.550000 -0.006288
-10.500000 -0.003512
-10.450000 -0.000614
-10.400000 0.002334
-10.350000 0.005303
-10.300000 0.008207
-10.250000 0.011029
-10.200000 0.013675
-10.150000 0.016143
-10.100000 0.018332
-10.050000 0.020261
-10.000000 0.021827
-9.950000 0.023070
-9.900000 0.023887
-9.850000 0.024343
-9.800000 0.024336
-9.750000 0.023956
-9.700000 0.023103
-9.650000 0.021894
-9.600000 0.020228
-9.550000 0.018250
-9.500000 0.015861
-9.450000 0.013228
-9.400000 0.010252
-9.350000 0.007123
-9.300000 0.003739
-9.250000 0.000310
-9.200000 -0.003272
-9.150000 -0.006782
-9.100000 -0.010337
-9.050000 -0.013698
-9.000000 -0.016997
-8.950000 -0.019987
-8.900000 -0.022817
-8.850000 -0.025232
-8.800000 -0.027404
-8.750000 -0.029075
-8.700000 -0.030439
-8.650000 -0.031239
-8.600000 -0.031693
-8.550000 -0.031546
-8.500000 -0.031043
-8.450000 -0.029930
-8.400000 -0.028478
-8.350000 -0.026438
-8.300000 -0.024105
-8.250000 -0.021233
-8.200000 -0.018141
-8.150000 -0.014580
-8.100000 -0.010895
-8.050000 -0.006832
-8.000000 -0.002754
-7.950000 0.001598
-7.900000 0.005846
-7.850000 0.010260
-7.800000 0.014448
-7.750000 0.018691
-7.700000 0.022591
-7.650000 0.026444
-7.600000 0.029843
-7.550000 0.033101
-7.500000 0.035809
-7.450000 0.038300
-7.400000 0.040159
-7.350000 0.041743
-7.300000 0.042637
-7.250000 0.043219
-7.200000 0.043074
-7.150000 0.042606
-7.100000 0.041399
-7.050000 0.039880
-7.000000 0.037635
-6.950000 0.035113
-6.900000 0.031900
-6.850000 0.028469
-6.800000 0.024403
-6.750000 0.020196
-6.700000 0.015428
-6.650000 0.010615
-6.600000 0.005332
-6.550000 0.000112
-6.500000 -0.005476
-6.450000 -0.010880
-6.400000 -0.016541
-6.350000 -0.021894
-6.300000 -0.027389
-6.250000 -0.032451
-6.200000 -0.037542
-6.150000 -0.042080
-6.100000 -0.046543
-6.050000 -0.050344
-6.000000 -0.053979
-5.950000 -0.056857
-5.900000 -0.059495
-5.850000 -0.061302
-5.800000 -0.062816
-5.750000 -0.063445
-5.700000 -0.063751
-5.650000 -0.063142
-5.600000 -0.062203
-5.550000 -0.060343
-5.500000 -0.058172
-5.450000 -0.055097
-5.400000 -0.051752
-5.350000 -0.047546
-5.300000 -0.043131
-5.250000 -0.037915
-5.200000 -0.032572
-5.150000 -0.026505
-5.100000 -0.020405
-5.050000 -0.013670
-5.000000 -0.007005
-4.950000 0.000200
-4.900000 0.007227
-4.850000 0.014695
-4.800000 0.021876
-4.750000 0.029403
-4.700000 0.036535
-4.650000 0.043920
-4.600000 0.050809
-4.550000 0.057862
-4.500000 0.064324
-4.450000 0.070871
-4.400000 0.076741
-4.350000 0.082625
-4.300000 0.087756
-4.250000 0.092841
-4.200000 0.097108
-4.150000 0.101279
-4.100000 0.104578
-4.050000 0.107742
-4.000000 0.109990
-3.950000 0.112073
-3.900000 0.113203
-3.850000 0.114148
-3.800000 0.114111
-3.750000 0.113874
-3.700000 0.112634
-3.650000 0.111186
-3.600000 0.108719
-3.550000 0.106042
-3.500000 0.102336
-3.450000 0.098425
-3.400000 0.093483
-3.350000 0.088344
-3.300000 0.082176
-3.250000 0.075827
-3.200000 0.068456
-3.150000 0.060922
-3.100000 0.052378
-3.050000 0.043696
-3.000000 0.034019
-2.950000 0.024232
-2.900000 0.013471
-2.850000 0.002635
-2.800000 -0.009146
-2.750000 -0.020962
-2.700000 -0.033688
-2.650000 -0.046397
-2.600000 -0.059973
-2.550000 -0.073474
-2.500000 -0.087788
-2.450000 -0.101960
-2.400000 -0.116882
-2.350000 -0.131584
-2.300000 -0.146964
-2.250000 -0.162039
-2.200000 -0.177712
-2.150000 -0.192984
-2.100000 -0.208763
-2.050000 -0.224037
-2.000000 -0.239721
-1.950000 -0.254786
-1.900000 -0.270154
-1.850000 -0.284786
-1.800000 -0.299610
-1.750000 -0.313575
-1.700000 -0.327619
-1.650000 -0.340682
-1.600000 -0.353715
-1.550000 -0.365650
-1.500000 -0.377451
-1.450000 -0.388048
-1.400000 -0.398417
-1.350000 -0.407487
-1.300000 -0.416252
-1.250000 -0.423638
-1.200000 -0.430658
-1.150000 -0.436239
-1.100000 -0.441412
-1.050000 -0.445108
-1.000000 -0.448378
-0.950000 -0.450155
-0.900000 -0.451512
-0.850000 -0.451384
-0.800000 -0.450866
-0.750000 -0.448896
-0.700000 -0.446588
-0.650000 -0.442882
-0.600000 -0.438911
-0.550000 -0.433614
-0.500000 -0.428141
-0.450000 -0.421428
-0.400000 -0.414638
-0.350000 -0.406705
-0.300000 -0.398801
-0.250000 -0.389855
-0.200000 -0.381049
-0.150000 -0.371304
-0.100000 -0.361811
-0.050000 -0.351481
0.000000 -0.341512
0.050000 -0.330803
0.100000 -0.320561
0.150000 -0.309670
0.200000 -0.299342
0.250000 -0.288449
0.300000 -0.278205
0.350000 -0.267471
0.400000 -0.257460
0.450000 -0.247023
0.500000 -0.237377
0.550000 -0.227357
0.600000 -0.218188
0.650000 -0.208692
0.700000 -0.200098
0.750000 -0.191221
0.800000 -0.183294
0.850000 -0.175124
0.900000 -0.167951
0.950000 -0.160575
1.000000 -0.154245
1.050000 -0.147752
1.100000 -0.142359
1.150000 -0.136853
1.200000 -0.132507
1.250000 -0.128107
1.300000 -0.124944
1.350000 -0.121806
1.400000 -0.120003
1.450000 -0.118330
1.500000 -0.118121
1.550000 -0.118185
1.600000 -0.119884
1.650000 -0.122046
1.700000 -0.126071
1.750000 -0.130811
1.800000 -0.137711
1.850000 -0.145658
1.900000 -0.156152
1.950000 -0.168125
2.000000 -0.183146
2.050000 -0.200205
2.100000 -0.220952
2.150000 -0.244452
2.200000 -0.272448
2.250000 -0.304093
2.300000 -0.341239
2.350000 -0.383136
2.400000 -0.431747
2.450000 -0.486421
2.500000 -0.549226
2.550000 -0.619586
2.600000 -0.699641
2.650000 -0.788838
2.700000 -0.889311
2.750000 -1.000425
2.800000 -1.124167
2.850000 -1.259646
2.900000 -1.408482
2.950000 -1.569262
3.000000 -1.742940
3.050000 -1.927247
3.100000 -2.122120
3.150000 -2.324098
3.200000 -2.531804
3.250000 -2.740374
3.300000 -2.947051
3.350000 -3.145688
3.400000 -3.332504
3.450000 -3.500688
3.500000 -3.646316
3.550000 -3.763028
3.600000 -3.848023
3.650000 -3.896697
3.700000 -3.908574
3.750000 -3.881764
3.800000 -3.818713
3.850000 -3.720391
3.900000 -3.591841
3.950000 -3.436153
4.000000 -3.259897
4.050000 -3.067023
4.100000 -2.864327
4.150000 -2.655397
4.200000 -2.446219
4.250000 -2.239238
4.300000 -2.039112
4.350000 -1.846877
4.400000 -1.665821
4.450000 -1.495702
4.500000 -1.338683
4.550000 -1.193560
4.600000 -1.061720
4.650000 -0.941340
4.700000 -0.833354
4.750000 -0.735609
4.800000 -0.648833
4.850000 -0.570745
4.900000 -0.502029
4.950000 -0.440405
5.000000 -0.386602
5.050000 -0.338410
5.100000 -0.296652
5.150000 -0.259212
5.200000 -0.227025
5.250000 -0.198073
5.300000 -0.173399
5.350000 -0.151079
5.400000 -0.132254
5.450000 -0.115080
5.500000 -0.100778
5.550000 -0.087574
5.600000 -0.076755
5.650000 -0.066600
5.700000 -0.058453
5.750000 -0.050631
5.800000 -0.044525
5.850000 -0.038483
5.900000 -0.033931
5.950000 -0.029242
6.000000 -0.025872
6.050000 -0.022211
6.100000 -0.019738
6.150000 -0.016858
6.200000 -0.015068
6.250000 -0.012783
6.300000 -0.011516
6.350000 -0.009685
6.400000 -0.008818
6.450000 -0.007335
6.500000 -0.006772
6.550000 -0.005554
6.600000 -0.005223
6.650000 -0.004204
6.700000 -0.004047
6.750000 -0.003176
6.800000 -0.003148
6.850000 -0.002387
6.900000 -0.002456
6.950000 -0.001778
7.000000 -0.001921
7.050000 -0.001307
7.100000 -0.001509
7.150000 -0.000946
7.200000 -0.001197
7.250000 -0.000676
7.300000 -0.000966
7.350000 -0.000478
7.400000 -0.000797
7.450000 -0.000332
7.500000 -0.000671
7.550000 -0.000221
7.600000 -0.000573
7.650000 -0.000131
7.700000 -0.000490
7.750000 -0.000053
7.800000 -0.000418
7.850000 0.000014
7.900000 -0.000358
7.950000 0.000067
8.000000 -0.000314
8.050000 0.000103
8.100000 -0.000287
8.150000 0.000123
8.200000 -0.000275
8.250000 0.000131
8.300000 -0.000270
8.350000 0.000135
8.400000 -0.000266
8.450000 0.000142
8.500000 -0.000256
8.550000 0.000156
8.600000 -0.000239
8.650000 0.000176
8.700000 -0.000219
8.750000 0.000194
8.800000 -0.000205
8.850000 0.000204
8.900000 -0.000200
8.950000 0.000204
9.000000 -0.000206
9.050000 0.000195
9.100000 -0.000217
9.150000 0.000184
9.200000 -0.000227
9.250000 0.000179
9.300000 -0.000228
9.350000 0.000183
9.400000 -0.000219
9.450000 0.000195
9.500000 -0.000205
9.550000 0.000210
9.600000 -0.000192
9.650000 0.000220
9.700000 -0.000187
9.750000 0.000220
9.800000 -0.000193
9.850000 0.000209
9.900000 -0.000207
9.950000 0.000195
10.000000 -0.000220
10.050000 0.000185
10.100000 -0.000226
10.150000 0.000185
10.200000 -0.000221
10.250000 0.000195
10.300000 -0.000207
10.350000 0.000210
10.400000 -0.000193
10.450000 0.000222
10.500000 -0.000185
10.550000 0.000225
10.600000 -0.000188
10.650000 0.000217
10.700000 -0.000200
10.750000 0.000202
10.800000 -0.000216
10.850000 0.000188
10.900000 -0.000226
10.950000 0.000183
11.000000 -0.000225
11.050000 0.000189
11.100000 -0.000213
11.150000 0.000204
11.200000 -0.000197
11.250000 0.000220
11.300000 -0.000185
11.350000 0.000227
11.400000 -0.000183
11.450000 0.000223
11.500000 -0.000193
11.550000 0.000209
11.600000 -0.000209
11.650000 0.000192
11.700000 -0.000223
11.750000 0.000182
11.800000 -0.000228
11.850000 0.000183
11.900000 -0.000220
11.950000 0.000196
12.000000 -0.000204
12.050000 0.000213
12.100000 -0.000187
12.150000 0.000226
12.200000 -0.000179
12.250000 0.000227
12.300000 -0.000184
12.350000 0.000216
12.400000 -0.000200
12.450000 0.000198
12.500000 -0.000217
12.550000 0.000183
12.600000 -0.000228
12.650000 0.000178
12.700000 -0.000226
12.750000 0.000186
12.800000 -0.000212
12.850000 0.000203
12.900000 -0.000193
12.950000 0.000221
13.000000 -0.000179
13.050000 0.000229
13.100000 -0.000177
13.150000 0.000223
13.200000 -0.000188
13.250000 0.000207
13.300000 -0.000207
13.350000 0.000187
13.400000 -0.000223
13.450000 0.000175
13.500000 -0.000229
13.550000 0.000176
13.600000 -0.000220
13.650000 0.000190
13.700000 -0.000202
13.750000 0.000210
13.800000 -0.000182
13.850000 0.000225
13.900000 -0.000172
13.950000 0.000228
14.000000 -0.000176
14.050000 0.000217
14.100000 -0.000192
14.150000 0.000196
14.200000 -0.000212
14.250000 0.000177
14.300000 -0.000227
14.350000 0.000169
14.400000 -0.000227
14.450000 0.000175
14.500000 -0.000213
14.550000 0.000194
14.600000 -0.000191
14.650000 0.000215
14.700000 -0.000172
14.750000 0.000227
14.800000 -0.000166
14.850000 0.000225
14.900000 -0.000175
14.950000 0.000208
15.000000 -0.000196
15.050000 0.000185
15.100000 -0.000217
15.150000 0.000167
15.200000 -0.000227
15.250000 0.000163
15.300000 -0.000222
15.350000 0.000175
15.400000 -0.000203
15.450000 0.000197
15.500000 -0.000180
15.550000 0.000218
15.600000 -0.000162
15.650000 0.000227
15.700000 -0.000160
15.750000 0.000220
15.800000 -0.000175
15.850000 0.000199
15.900000 -0.000198
15.950000 0.000174
16.000000 -0.000219
16.050000 0.000158
16.100000 -0.000226
16.150000 0.000158
16.200000 -0.000217
16.250000 0.000174
16.300000 -0.000194
16.350000 0.000198
16.400000 -0.000168
16.450000 0.000219
16.500000 -0.000153
16.550000 0.000225
16.600000 -0.000155
16.650000 0.000213
16.700000 -0.000173
16.750000 0.000189
16.800000 -0.000198
16.850000 0.000163
16.900000 -0.000219
16.950000 0.000148
17.000000 -0.000224
17.050000 0.000151
17.100000 -0.000210
17.150000 0.000171
17.200000 -0.000184
17.250000 0.000198
17.300000 -0.000158
17.350000 0.000218
17.400000 -0.000143
17.450000 0.000222
17.500000 -0.000148
17.550000 0.000207
17.600000 -0.000169
17.650000 0.000180
17.700000 -0.000197
17.750000 0.000152
17.800000 -0.000218
17.850000 0.000138
17.900000 -0.000221
17.950000 0.000144
18.000000 -0.000204
18.050000 0.000166
18.100000 -0.000175
18.150000 0.000195
18.200000 -0.000147
18.250000 0.000216
18.300000 -0.000133
18.350000 0.000219
18.400000 -0.000139
18.450000 0.000201
18.500000 -0.000163
18.550000 0.000171
18.600000 -0.000193
18.650000 0.000142
18.700000 -0.000215
18.750000 0.000127
18.800000 -0.000217
18.850000 0.000134
18.900000 -0.000199
18.950000 0.000159
19.000000 -0.000168
19.050000 0.000190
19.100000 -0.000137
19.150000 0.000213
19.200000 -0.000122
19.250000 0.000216
19.300000 -0.000128
19.350000 0.000197
19.400000 -0.000154
19.450000 0.000164
19.500000 -0.000186
19.550000 0.000133
19.600000 -0.000210
19.650000 0.000116
19.700000 -0.000214
19.750000 0.000122
19.800000 -0.000195
19.850000 0.000148
19.900000 -0.000162
19.950000 0.000182
20.000000 -0.000128
20.050000 0.000208
20.100000 -0.000110
20.150000 0.000213
20.200000 -0.000115
20.250000 0.000194
20.300000 -0.000141
20.350000 0.000160
20.400000 -0.000177
20.450000 0.000124
20.500000 -0.000204
20.550000 0.000104
20.600000 -0.000211
20.650000 0.000107
20.700000 -0.000194
20.750000 0.000133
20.800000 -0.000159
20.850000 0.000170
20.900000 -0.000121
20.950000 0.000200
21.000000 -0.000098
21.050000 0.000210
21.100000 -0.000099
21.150000 0.000194
21.200000 -0.000124
21.250000 0.000158
21.300000 -0.000162
21.350000 0.000119
21.400000 -0.000195
21.450000 0.000092
21.500000 -0.000208
21.550000 0.000090
21.600000 -0.000194
21.650000 0.000114
21.700000 -0.000159
21.750000 0.000153
21.800000 -0.000117
21.850000 0.000189
21.900000 -0.000087
21.950000 0.000206
22.000000 -0.000081
22.050000 0.000195
22.100000 -0.000103
22.150000 0.000161
22.200000 -0.000142
22.250000 0.000117
22.300000 -0.000182
22.350000 0.000083
22.400000 -0.000203
22.450000 0.000072
22.500000 -0.000197
22.550000 0.000091
22.600000 -0.000164
22.650000 0.000130
22.700000 -0.000118
22.750000 0.000173
22.800000 -0.000080
22.850000 0.000199
22.900000 -0.000064
22.950000 0.000198
23.000000 -0.000078
23.050000 0.000168
23.100000 -0.000116
23.150000 0.000122
23.200000 -0.000161
23.250000 0.000078
23.300000 -0.000194
23.350000 0.000056
23.400000 -0.000199
23.450000 0.000065
23.500000 -0.000173
23.550000 0.000100
23.600000 -0.000126
23.650000 0.000148
23.700000 -0.000079
23.750000 0.000186
23.800000 -0.000049
23.850000 0.000198
23.900000 -0.000051
23.950000 0.000178
24.000000 -0.000083
24.050000 0.000133
24.100000 -0.000132
24.150000 0.000082
24.200000 -0.000176
24.250000 0.000045
24.300000 -0.000197
24.350000 0.000039
24.400000 -0.000183
24.450000 0.000065
24.500000 -0.000142
24.550000 0.000113
24.600000 -0.000087
24.650000 0.000163
24.700000 -0.000043
24.750000 0.000192
24.800000 -0.000027
24.850000 0.000188
24.900000 -0.000046
24.950000 0.000151
25.000000 -0.000092
25.050000 0.000096
25.100000 -0.000146
25.150000 0.000045
25.200000 -0.000185
25.250000 0.000018
25.300000 -0.000191
25.350000 0.000027
25.400000 -0.000162
25.450000 0.000069
25.500000 -0.000108
25.550000 0.000125
25.600000 -0.000050
25.650000 0.000173
25.700000 -0.000013
25.750000 0.000192
25.800000 -0.000010
25.850000 0.000173
25.900000 -0.000044
25.950000 0.000122
26.000000 -0.000101
26.050000 0.000060
26.100000 -0.000157
26.150000 0.000012
26.200000 -0.000188
26.250000 -0.000004
26.300000 -0.000182
26.350000 0.000019
26.400000 -0.000138
26.450000 0.000073
26.500000 -0.000075
26.550000 0.000134
26.600000 -0.000016
26.650000 0.000179
26.700000 0.000014
26.750000 0.000187
26.800000 0.000005
26.850000 0.000155
26.900000 -0.000042
26.950000 0.000094
27.000000 -0.000106
27.050000 0.000027
27.100000 -0.000163
27.150000 -0.000018
27.200000 -0.000188
27.250000 -0.000025
27.300000 -0.000170
27.350000 0.000010
27.400000 -0.000116
27.450000 0.000073
27.500000 -0.000045
27.550000 0.000139
27.600000 0.000015
27.650000 0.000181
27.700000 0.000040
27.750000 0.000182
27.800000 0.000021
27.850000 0.000139
27.900000 -0.000035
27.950000 0.000069
28.000000 -0.000107
28.050000 -0.000002
28.100000 -0.000165
28.150000 -0.000047
28.200000 -0.000186
28.250000 -0.000047
28.300000 -0.000161
28.350000 -0.000004
28.400000 -0.000098
28.450000 0.000067
28.500000 -0.000020
28.550000 0.000138
28.600000 0.000043
28.650000 0.000181
28.700000 0.000066
28.750000 0.000178
28.800000 0.000042
28.850000 0.000129
28.900000 -0.000022
28.950000 0.000051
29.000000 -0.000101
29.050000 -0.000026
29.100000 -0.000164
29.150000 -0.000074
29.200000 -0.000186
29.250000 -0.000073
29.300000 -0.000157
29.350000 -0.000025
29.400000 -0.000087
29.450000 0.000054
29.500000 -0.000002
29.550000 0.000132
29.600000 0.000067
29.650000 0.000180
29.700000 0.000095
29.750000 0.000178
29.800000 0.000069
29.850000 0.000126
29.900000 0.000000
29.950000 0.000041
30.000000 -0.000086
30.050000 -0.000045
30.100000 -0.000158
30.150000 -0.000100
30.200000 -0.000187
30.250000 -0.000105
30.300000 -0.000160
30.350000 -0.000056
30.400000 -0.000087
30.450000 0.000029
30.500000 0.000006
30.550000 0.000117
30.600000 0.000087
30.650000 0.000176
30.700000 0.000124
30.750000 0.000183
30.800000 0.000105
30.850000 0.000134
30.900000 0.000035
30.950000 0.000045
31.000000 -0.000060
31.050000 -0.000053
31.100000 -0.000144
31.150000 -0.000123
31.200000 -0.000187
31.250000 -0.000140
31.300000 -0.000172
31.350000 -0.000098
31.400000 -0.000101
31.450000 -0.000011
31.500000 0.000000
31.550000 0.000090
31.600000 0.000096
31.650000 0.000166
31.700000 0.000152
31.750000 0.000191
31.800000 0.000148
31.850000 0.000153
31.900000 0.000085
31.950000 0.000064
32.000000 -0.000016
32.050000 -0.000045
32.100000 -0.000117
32.150000 -0.000135
32.200000 -0.000183
32.250000 -0.000175
32.300000 -0.000188
32.350000 -0.000150
32.400000 -0.000129
32.450000 -0.000068
32.500000 -0.000025
32.550000 0.000043
32.600000 0.000088
32.650000 0.000142
32.700000 0.000170
32.750000 0.000195
32.800000 0.000193
32.850000 0.000180
32.900000 0.000148
32.950000 0.000102
33.000000 0.000049
33.050000 -0.000014
33.100000 -0.000068
33.150000 -0.000128
33.200000 -0.000163
33.250000 -0.000201
33.300000 -0.000202
33.350000 -0.000207
33.400000 -0.000169
33.450000 -0.000143
33.500000 -0.000074
33.550000 -0.000031
33.600000 0.000051
33.650000 0.000091
33.700000 0.000165
33.750000 0.000181
33.800000 0.000228
33.850000 0.000206
33.900000 0.000218
33.950000 0.000156
34.000000 0.000137
34.050000 0.000046
34.100000 0.000013
34.150000 -0.000087
34.200000 -0.000112
34.250000 -0.000199
34.300000 -0.000196
34.350000 -0.000252
34.400000 -0.000208
34.450000 -0.000228
34.500000 -0.000143
34.550000 -0.000132
34.600000 -0.000020
34.650000 0.000002
34.700000 0.000120
34.750000 0.000130
34.800000 0.000231
34.850000 0.000209
34.900000 0.000276
34.950000 0.000210
35.000000 0.000238
35.050000 0.000131
35.100000 0.000129
35.150000 -0.000004
35.200000 -0.000014
35.250000 -0.000150
35.300000 -0.000146
35.350000 -0.000261
35.400000 -0.000221
35.450000 -0.000299
35.500000 -0.000212
35.550000 -0.000250
35.600000 -0.000122
35.650000 -0.000130
35.700000 0.000023
35.750000 0.000023
35.800000 0.000176
35.850000 0.000158
35.900000 0.000289
35.950000 0.000232
36.000000 0.000322
36.050000 0.000217
36.100000 0.000266
36.150000 0.000117
36.200000 0.000135
36.250000 -0.000038
36.300000 -0.000027
36.350000 -0.000199
36.400000 -0.000168
36.450000 -0.000314
36.500000 -0.000243
36.550000 -0.000347
36.600000 -0.000225
36.650000 -0.000285
36.700000 -0.000118
36.750000 -0.000147
36.800000 0.000046
36.850000 0.000025
36.900000 0.000216
36.950000 0.000175
37.000000 0.000338
37.050000 0.000255
37.100000 0.000374
37.150000 0.000238
37.200000 0.000310
37.250000 0.000126
37.300000 0.000165
37.350000 -0.000046
37.400000 -0.000016
37.450000 -0.000227
37.500000 -0.000177
37.550000 -0.000360
37.600000 -0.000266
37.650000 -0.000403
37.700000 -0.000254
37.750000 -0.000341
37.800000 -0.000142
37.850000 -0.000193
37.900000 0.000037
37.950000 -0.000002
38.000000 0.000230
38.050000 0.000173
38.100000 0.000377
38.150000 0.000276
38.200000 0.000433
38.250000 0.000275
38.300000 0.000379
38.350000 0.000167
38.400000 0.000230
38.450000 -0.000017
38.500000 0.000030
38.550000 -0.000224
38.600000 -0.000161
38.650000 -0.000389
38.700000 -0.000284
38.750000 -0.000464
38.800000 -0.000299
38.850000 -0.000423
38.900000 -0.000200
38.950000 -0.000278
39.000000 -0.000015
39.050000 -0.000070
39.100000 0.000204
39.150000 0.000138
39.200000 0.000392
39.250000 0.000285
39.300000 0.000491
39.350000 0.000325
39.400000 0.000472
39.450000 0.000243
39.500000 0.000338
39.550000 0.000061
39.600000 0.000126
39.650000 -0.000170
39.700000 -0.000102
39.750000 -0.000382
39.800000 -0.000278
39.850000 -0.000513
39.900000 -0.000349
39.950000 -0.000523
40.000000 -0.000292
40.050000 -0.000408
40.100000 -0.000121
40.150000 -0.000198
40.200000 0.000116
40.250000 0.000046
40.300000 0.000354
40.350000 0.000254
40.400000 0.000522
40.450000 0.000365
40.500000 0.000572
40.550000 0.000345
40.600000 0.000487
40.650000 0.000196
40.700000 0.000288
40.750000 -0.000042
40.800000 0.000032
40.850000 -0.000303
40.900000 -0.000210
40.950000 -0.000513
41.000000 -0.000368
41.050000 -0.000611
41.100000 -0.000395
41.150000 -0.000568
41.200000 -0.000281
41.250000 -0.000394
41.300000 -0.000054
41.350000 -0.000135
41.400000 0.000224
41.450000 0.000137
41.500000 0.000475
41.550000 0.000346
41.600000 0.000631
41.650000 0.000433
41.700000 0.000645
41.750000 0.000369
41.800000 0.000512
41.850000 0.000170
41.900000 0.000265
41.950000 -0.000112
42.000000 -0.000030
42.050000 -0.000402
42.100000 -0.000291
42.150000 -0.000620
42.200000 -0.000446
42.250000 -0.000705
42.300000 -0.000450
42.350000 -0.000631
42.400000 -0.000299
42.450000 -0.000416
42.500000 -0.000030
42.550000 -0.000115
42.600000 0.000286
42.650000 0.000191
42.700000 0.000565
42.750000 0.000419
42.800000 0.000731
42.850000 0.000507
42.900000 0.000738
42.950000 0.000428
43.000000 0.000580
43.050000 0.000199
43.100000 0.000298
43.150000 -0.000123
43.200000 -0.000038
43.250000 -0.000453
43.300000 -0.000337
43.350000 -0.000705
43.400000 -0.000519
43.450000 -0.000809
43.500000 -0.000535
43.550000 -0.000737
43.600000 -0.000375
43.650000 -0.000504
43.700000 -0.000079
43.750000 -0.000167
43.800000 0.000279
43.850000 0.000186
43.900000 0.000607
43.950000 0.000463
44.000000 0.000818
44.050000 0.000590
44.100000 0.000854
44.150000 0.000528
44.200000 0.000699
44.250000 0.000285
44.300000 0.000386
44.350000 -0.000085
44.400000 -0.000015
44.450000 -0.000496
44.500000 -0.000409
44.550000 -0.000852
44.600000 -0.000703
44.650000 -0.001069
44.700000 -0.000826
44.750000 -0.001092
44.800000 -0.000743
44.850000 -0.000908
44.900000 -0.000459
44.950000 -0.000534
