-30.000000 -0.000075
-29.950000 -0.000050
-29.900000 -0.000100
-29.850000 -0.000052
-29.800000 -0.000080
-29.750000 -0.000015
-29.700000 -0.000031
-29.650000 0.000040
-29.600000 0.000023
-29.550000 0.000087
-29.500000 0.000057
-29.450000 0.000104
-29.400000 0.000056
-29.350000 0.000084
-29.300000 0.000019
-29.250000 0.000034
-29.200000 -0.000038
-29.150000 -0.000023
-29.100000 -0.000089
-29.050000 -0.000064
-29.000000 -0.000113
-28.950000 -0.000068
-28.900000 -0.000097
-28.850000 -0.000033
-28.800000 -0.000047
-28.750000 0.000026
-28.700000 0.000017
-28.650000 0.000086
-28.600000 0.000066
-28.550000 0.000119
-28.500000 0.000079
-28.450000 0.000110
-28.400000 0.000050
-28.350000 0.000062
-28.300000 -0.000011
-28.250000 -0.000006
-28.200000 -0.000078
-28.150000 -0.000065
-28.100000 -0.000122
-28.050000 -0.000090
-28.000000 -0.000124
-27.950000 -0.000069
-27.900000 -0.000082
-27.850000 -0.000010
-27.800000 -0.000011
-27.750000 0.000064
-27.700000 0.000059
-27.650000 0.000121
-27.600000 0.000098
-27.550000 0.000138
-27.500000 0.000090
-27.450000 0.000105
-27.400000 0.000036
-27.350000 0.000034
-27.300000 -0.000042
-27.250000 -0.000045
-27.200000 -0.000113
-27.150000 -0.000102
-27.100000 -0.000148
-27.050000 -0.000111
-27.000000 -0.000129
-26.950000 -0.000068
-26.900000 -0.000064
-26.850000 0.000012
-26.800000 0.000023
-26.750000 0.000096
-26.700000 0.000097
-26.650000 0.000151
-26.600000 0.000128
-26.550000 0.000153
-26.500000 0.000101
-26.450000 0.000100
-26.400000 0.000027
-26.350000 0.000011
-26.300000 -0.000067
-26.250000 -0.000080
-26.200000 -0.000144
-26.150000 -0.000136
-26.100000 -0.000172
-26.050000 -0.000134
-26.000000 -0.000139
-25.950000 -0.000073
-25.900000 -0.000055
-25.850000 0.000024
-25.800000 0.000048
-25.750000 0.000121
-25.700000 0.000131
-25.650000 0.000180
-25.600000 0.000161
-25.550000 0.000175
-25.500000 0.000123
-25.450000 0.000108
-25.400000 0.000032
-25.350000 0.000000
-25.300000 -0.000080
-25.250000 -0.000107
-25.200000 -0.000170
-25.150000 -0.000172
-25.100000 -0.000202
-25.050000 -0.000170
-25.000000 -0.000163
-24.950000 -0.000098
-24.900000 -0.000065
-24.850000 0.000017
-24.800000 0.000058
-24.750000 0.000134
-24.700000 0.000160
-24.650000 0.000209
-24.600000 0.000202
-24.550000 0.000212
-24.500000 0.000166
-24.450000 0.000139
-24.400000 0.000064
-24.350000 0.000015
-24.300000 -0.000069
-24.250000 -0.000116
-24.200000 -0.000185
-24.150000 -0.000206
-24.100000 -0.000239
-24.050000 -0.000222
-24.000000 -0.000211
-23.950000 -0.000154
-23.900000 -0.000108
-23.850000 -0.000025
-23.800000 0.000037
-23.750000 0.000121
-23.700000 0.000171
-23.650000 0.000230
-23.600000 0.000247
-23.550000 0.000263
-23.500000 0.000235
-23.450000 0.000205
-23.400000 0.000137
-23.350000 0.000074
-23.300000 -0.000015
-23.250000 -0.000088
-23.200000 -0.000170
-23.150000 -0.000223
-23.100000 -0.000271
-23.050000 -0.000283
-23.000000 -0.000283
-22.950000 -0.000246
-22.900000 -0.000197
-22.850000 -0.000120
-22.800000 -0.000040
-22.750000 0.000053
-22.700000 0.000136
-22.650000 0.000216
-22.600000 0.000271
-22.550000 0.000311
-22.500000 0.000319
-22.450000 0.000303
-22.400000 0.000258
-22.350000 0.000193
-22.300000 0.000108
-22.250000 0.000012
-22.200000 -0.000086
-22.150000 -0.000179
-22.100000 -0.000258
-22.050000 -0.000318
-22.000000 -0.000350
-21.950000 -0.000356
-21.900000 -0.000328
-21.850000 -0.000278
-21.800000 -0.000196
-21.750000 -0.000104
-21.700000 0.000007
-21.650000 0.000110
-21.600000 0.000216
-21.550000 0.000296
-21.500000 0.000364
-21.450000 0.000392
-21.400000 0.000400
-21.350000 0.000362
-21.300000 0.000308
-21.250000 0.000213
-21.200000 0.000114
-21.150000 -0.000012
-21.100000 -0.000123
-21.050000 -0.000244
-21.000000 -0.000329
-20.950000 -0.000408
-20.900000 -0.000437
-20.850000 -0.000451
-20.800000 -0.000409
-20.750000 -0.000355
-20.700000 -0.000249
-20.650000 -0.000144
-20.600000 -0.000002
-20.550000 0.000118
-20.500000 0.000257
-20.450000 0.000352
-20.400000 0.000449
-20.350000 0.000485
-20.300000 0.000512
-20.250000 0.000470
-20.200000 0.000421
-20.150000 0.000308
-20.100000 0.000201
-20.050000 0.000043
-20.000000 -0.000088
-19.950000 -0.000248
-19.900000 -0.000359
-19.850000 -0.000480
-19.800000 -0.000531
-19.750000 -0.000579
-19.700000 -0.000547
-19.650000 -0.000511
-19.600000 -0.000398
-19.550000 -0.000291
-19.500000 -0.000121
-19.450000 0.000022
-19.400000 0.000206
-19.350000 0.000338
-19.300000 0.000489
-19.250000 0.000565
-19.200000 0.000644
-19.150000 0.000633
-19.100000 0.000621
-19.050000 0.000517
-19.000000 0.000420
-18.950000 0.000244
-18.900000 0.000093
-18.850000 -0.000115
-18.800000 -0.000271
-18.750000 -0.000459
-18.700000 -0.000570
-18.650000 -0.000691
-18.600000 -0.000716
-18.550000 -0.000741
-18.500000 -0.000663
-18.450000 -0.000588
-18.400000 -0.000418
-18.350000 -0.000268
-18.300000 -0.000042
-18.250000 0.000137
-18.200000 0.000365
-18.150000 0.000518
-18.100000 0.000693
-18.050000 0.000768
-18.000000 0.000848
-17.950000 0.000815
-17.900000 0.000783
-17.850000 0.000639
-17.800000 0.000506
-17.750000 0.000278
-17.700000 0.000085
-17.650000 -0.000178
-17.600000 -0.000374
-17.550000 -0.000609
-17.500000 -0.000748
-17.450000 -0.000902
-17.400000 -0.000937
-17.350000 -0.000972
-17.300000 -0.000882
-17.250000 -0.000795
-17.200000 -0.000590
-17.150000 -0.000406
-17.100000 -0.000127
-17.050000 0.000102
-17.000000 0.000393
-16.950000 0.000601
-16.900000 0.000840
-16.850000 0.000964
-16.800000 0.001095
-16.750000 0.001093
-16.700000 0.001087
-16.650000 0.000946
-16.600000 0.000808
-16.550000 0.000549
-16.500000 0.000318
-16.450000 -0.000006
-16.400000 -0.000270
-16.350000 -0.000590
-16.300000 -0.000812
-16.250000 -0.001058
-16.200000 -0.001174
-16.150000 -0.001290
-16.100000 -0.001261
-16.050000 -0.001222
-16.000000 -0.001039
-15.950000 -0.000859
-15.900000 -0.000552
-15.850000 -0.000275
-15.800000 0.000095
-15.750000 0.000397
-15.700000 0.000752
-15.650000 0.001000
-15.600000 0.001265
-15.550000 0.001390
-15.500000 0.001507
-15.450000 0.001467
-15.400000 0.001411
-15.350000 0.001200
-15.300000 0.000986
-15.250000 0.000638
-15.200000 0.000317
-15.150000 -0.000101
-15.100000 -0.000451
-15.050000 -0.000856
-15.000000 -0.001148
-14.950000 -0.001455
-14.900000 -0.001614
-14.850000 -0.001757
-14.800000 -0.001733
-14.750000 -0.001683
-14.700000 -0.001466
-14.650000 -0.001234
-14.600000 -0.000856
-14.550000 -0.000495
-14.500000 -0.000025
-14.450000 0.000384
-14.400000 0.000854
-14.350000 0.001217
-14.300000 0.001594
-14.250000 0.001821
-14.200000 0.002028
-14.150000 0.002059
-14.100000 0.002051
-14.050000 0.001863
-14.000000 0.001643
-13.950000 0.001260
-13.900000 0.000871
-13.850000 0.000358
-13.800000 -0.000117
-13.750000 -0.000666
-13.700000 -0.001124
-13.650000 -0.001605
-13.600000 -0.001945
-13.550000 -0.002262
-13.500000 -0.002402
-13.450000 -0.002492
-13.400000 -0.002388
-13.350000 -0.002230
-13.300000 -0.001888
-13.250000 -0.001510
-13.200000 -0.000980
-13.150000 -0.000456
-13.100000 0.000171
-13.050000 0.000737
-13.000000 0.001348
-12.950000 0.001841
-12.900000 0.002322
-12.850000 0.002637
-12.800000 0.002897
-12.750000 0.002958
-12.700000 0.002944
-12.650000 0.002724
-12.600000 0.002433
-12.550000 0.001955
-12.500000 0.001438
-12.450000 0.000776
-12.400000 0.000124
-12.350000 -0.000612
-12.300000 -0.001276
-12.250000 -0.001960
-12.200000 -0.002508
-12.150000 -0.003017
-12.100000 -0.003339
-12.050000 -0.003578
-12.000000 -0.003601
-11.950000 -0.003522
-11.900000 -0.003223
-11.850000 -0.002831
-11.800000 -0.002245
-11.750000 -0.001603
-11.700000 -0.000815
-11.650000 -0.000030
-11.600000 0.000835
-11.550000 0.001628
-11.500000 0.002427
-11.450000 0.003087
-11.400000 0.003686
-11.350000 0.004088
-11.300000 0.004381
-11.250000 0.004442
-11.200000 0.004371
-11.150000 0.004062
-11.100000 0.003628
-11.050000 0.002979
-11.000000 0.002242
-10.950000 0.001342
-10.900000 0.000413
-10.850000 -0.000606
-10.800000 -0.001579
-10.750000 -0.002562
-10.700000 -0.003420
-10.650000 -0.004212
-10.600000 -0.004810
-10.550000 -0.005279
-10.500000 -0.005507
-10.450000 -0.005570
-10.400000 -0.005373
-10.350000 -0.005005
-10.300000 -0.004390
-10.250000 -0.003633
-10.200000 -0.002674
-10.150000 -0.001629
-10.100000 -0.000452
-10.050000 0.000732
-10.000000 0.001962
-9.950000 0.003113
-9.900000 0.004218
-9.850000 0.005161
-9.800000 0.005977
-9.750000 0.006561
-9.700000 0.006959
-9.650000 0.007082
-9.600000 0.006989
-9.550000 0.006610
-9.500000 0.006019
-9.450000 0.005166
-9.400000 0.004140
-9.350000 0.002908
-9.300000 0.001572
-9.250000 0.000113
-9.200000 -0.001362
-9.150000 -0.002861
-9.100000 -0.004278
-9.050000 -0.005618
-9.000000 -0.006781
-8.950000 -0.007778
-8.900000 -0.008519
-8.850000 -0.009025
-8.800000 -0.009225
-8.750000 -0.009153
-8.700000 -0.008760
-8.650000 -0.008094
-8.600000 -0.007128
-8.550000 -0.005928
-8.500000 -0.004485
-8.450000 -0.002877
-8.400000 -0.001114
-8.350000 0.000718
-8.300000 0.002599
-8.250000 0.004440
-8.200000 0.006216
-8.150000 0.007843
-8.100000 0.009297
-8.050000 0.010505
-8.000000 0.011450
-7.950000 0.012076
-7.900000 0.012379
-7.850000 0.012321
-7.800000 0.011917
-7.750000 0.011149
-7.700000 0.010049
-7.650000 0.008623
-7.600000 0.006918
-7.550000 0.004959
-7.500000 0.002808
-7.450000 0.000506
-7.400000 -0.001878
-7.350000 -0.004290
-7.300000 -0.006661
-7.250000 -0.008932
-7.200000 -0.011036
-7.150000 -0.012917
-7.100000 -0.014520
-7.050000 -0.015796
-7.000000 -0.016707
-6.950000 -0.017217
-6.900000 -0.017307
-6.850000 -0.016961
-6.800000 -0.016182
-6.750000 -0.014970
-6.700000 -0.013356
-6.650000 -0.011356
-6.600000 -0.009021
-6.550000 -0.006385
-6.500000 -0.003518
-6.450000 -0.000464
-6.400000 0.002694
-6.350000 0.005905
-6.300000 0.009077
-6.250000 0.012162
-6.200000 0.015065
-6.150000 0.017743
-6.100000 0.020106
-6.050000 0.022124
-6.000000 0.023716
-5.950000 0.024869
-5.900000 0.025515
-5.850000 0.025661
-5.800000 0.025257
-5.750000 0.024332
-5.700000 0.022854
-5.650000 0.020876
-5.600000 0.018383
-5.550000 0.015451
-5.500000 0.012081
-5.450000 0.008369
-5.400000 0.004331
-5.350000 0.000080
-5.300000 -0.004358
-5.250000 -0.008860
-5.200000 -0.013394
-5.150000 -0.017829
-5.100000 -0.022135
-5.050000 -0.026178
-5.000000 -0.029934
-4.950000 -0.033275
-4.900000 -0.036189
-4.850000 -0.038556
-4.800000 -0.040381
-4.750000 -0.041557
-4.700000 -0.042111
-4.650000 -0.041952
-4.600000 -0.041129
-4.550000 -0.039572
-4.500000 -0.037352
-4.450000 -0.034418
-4.400000 -0.030866
-4.350000 -0.026661
-4.300000 -0.021921
-4.250000 -0.016627
-4.200000 -0.010914
-4.150000 -0.004777
-4.100000 0.001637
-4.050000 0.008326
-4.000000 0.015130
-3.950000 0.022043
-3.900000 0.028902
-3.850000 0.035701
-3.800000 0.042274
-3.750000 0.048619
-3.700000 0.054573
-3.650000 0.060140
-3.600000 0.065163
-3.550000 0.069655
-3.500000 0.073464
-3.450000 0.076616
-3.400000 0.078968
-3.350000 0.080556
-3.300000 0.081246
-3.250000 0.081089
-3.200000 0.079959
-3.150000 0.077920
-3.100000 0.074855
-3.050000 0.070840
-3.000000 0.065770
-2.950000 0.059732
-2.900000 0.052629
-2.850000 0.044562
-2.800000 0.035444
-2.750000 0.025386
-2.700000 0.014310
-2.650000 0.002342
-2.600000 -0.010590
-2.550000 -0.024348
-2.500000 -0.038992
-2.450000 -0.054374
-2.400000 -0.070545
-2.350000 -0.087344
-2.300000 -0.104814
-2.250000 -0.122781
-2.200000 -0.141279
-2.150000 -0.160125
-2.100000 -0.179342
-2.050000 -0.198739
-2.000000 -0.218332
-1.950000 -0.237919
-1.900000 -0.257514
-1.850000 -0.276908
-1.800000 -0.296111
-1.750000 -0.314912
-1.700000 -0.333322
-1.650000 -0.351128
-1.600000 -0.368347
-1.550000 -0.384772
-1.500000 -0.400426
-1.450000 -0.415112
-1.400000 -0.428865
-1.350000 -0.441503
-1.300000 -0.453076
-1.250000 -0.463420
-1.200000 -0.472607
-1.150000 -0.480490
-1.100000 -0.487168
-1.050000 -0.492516
-1.000000 -0.496656
-0.950000 -0.499489
-0.900000 -0.501163
-0.850000 -0.501603
-0.800000 -0.500983
-0.750000 -0.499250
-0.700000 -0.496603
-0.650000 -0.493012
-0.600000 -0.488696
-0.550000 -0.483648
-0.500000 -0.478107
-0.450000 -0.472083
-0.400000 -0.465836
-0.350000 -0.459395
-0.300000 -0.453035
-0.250000 -0.446808
-0.200000 -0.441007
-0.150000 -0.435704
-0.100000 -0.431218
-0.050000 -0.427642
0.000000 -0.425326
0.050000 -0.424395
0.100000 -0.425232
0.150000 -0.428005
0.200000 -0.433142
0.250000 -0.440863
0.300000 -0.451653
0.350000 -0.465797
0.400000 -0.483850
0.450000 -0.506171
0.500000 -0.533397
0.550000 -0.565973
0.600000 -0.604619
0.650000 -0.649866
0.700000 -0.702510
0.750000 -0.763149
0.800000 -0.832627
0.850000 -0.911557
0.900000 -1.000761
0.950000 -1.100778
1.000000 -1.212281
1.050000 -1.335573
1.100000 -1.470987
1.150000 -1.618361
1.200000 -1.777418
1.250000 -1.947238
1.300000 -2.126629
1.350000 -2.313612
1.400000 -2.505821
1.450000 -2.700030
1.500000 -2.892619
1.550000 -3.079206
1.600000 -3.255207
1.650000 -3.415590
1.700000 -3.555549
1.750000 -3.670352
1.800000 -3.756066
1.850000 -3.809409
1.900000 -3.828411
1.950000 -3.812151
2.000000 -3.761241
2.050000 -3.677366
2.100000 -3.563562
2.150000 -3.423580
2.200000 -3.262024
2.250000 -3.083649
2.300000 -2.893481
2.350000 -2.696161
2.400000 -2.496151
2.450000 -2.297189
2.500000 -2.102608
2.550000 -1.914913
2.600000 -1.736179
2.650000 -1.567717
2.700000 -1.410516
2.750000 -1.264941
2.800000 -1.131190
2.850000 -1.008989
2.900000 -0.898042
2.950000 -0.797713
3.000000 -0.707449
3.050000 -0.626457
3.100000 -0.554094
3.150000 -0.489543
3.200000 -0.432173
3.250000 -0.381215
3.300000 -0.336107
3.350000 -0.296164
3.400000 -0.260913
3.450000 -0.229764
3.500000 -0.202336
3.550000 -0.178133
3.600000 -0.156857
3.650000 -0.138095
3.700000 -0.121624
3.750000 -0.107102
3.800000 -0.094366
3.850000 -0.083132
3.900000 -0.073289
3.950000 -0.064600
4.000000 -0.056993
4.050000 -0.050269
4.100000 -0.044387
4.150000 -0.039180
4.200000 -0.034629
4.250000 -0.030591
4.300000 -0.027066
4.350000 -0.023930
4.400000 -0.021196
4.450000 -0.018757
4.500000 -0.016634
4.550000 -0.014733
4.600000 -0.013081
4.650000 -0.011596
4.700000 -0.010310
4.750000 -0.009147
4.800000 -0.008143
4.850000 -0.007230
4.900000 -0.006446
4.950000 -0.005728
5.000000 -0.005114
5.050000 -0.004547
5.100000 -0.004066
5.150000 -0.003617
5.200000 -0.003239
5.250000 -0.002883
5.300000 -0.002586
5.350000 -0.002302
5.400000 -0.002068
5.450000 -0.001842
5.500000 -0.001658
5.550000 -0.001476
5.600000 -0.001331
5.650000 -0.001185
5.700000 -0.001070
5.750000 -0.000953
5.800000 -0.000862
5.850000 -0.000767
5.900000 -0.000696
5.950000 -0.000619
6.000000 -0.000562
6.050000 -0.000500
6.100000 -0.000455
6.150000 -0.000404
6.200000 -0.000368
6.250000 -0.000327
6.300000 -0.000298
6.350000 -0.000265
6.400000 -0.000242
6.450000 -0.000215
6.500000 -0.000197
6.550000 -0.000175
6.600000 -0.000160
6.650000 -0.000142
6.700000 -0.000130
6.750000 -0.000116
6.800000 -0.000106
6.850000 -0.000094
6.900000 -0.000086
6.950000 -0.000077
7.000000 -0.000070
7.050000 -0.000063
7.100000 -0.000056
7.150000 -0.000052
7.200000 -0.000046
7.250000 -0.000043
7.300000 -0.000037
7.350000 -0.000035
7.400000 -0.000030
7.450000 -0.000029
7.500000 -0.000024
7.550000 -0.000025
7.600000 -0.000019
7.650000 -0.000021
7.700000 -0.000015
7.750000 -0.000018
7.800000 -0.000011
7.850000 -0.000015
7.900000 -0.000008
7.950000 -0.000013
8.000000 -0.000006
8.050000 -0.000012
8.100000 -0.000004
8.150000 -0.000010
8.200000 -0.000003
8.250000 -0.000009
8.300000 -0.000001
8.350000 -0.000009
8.400000 0.000000
8.450000 -0.000008
8.500000 0.000001
8.550000 -0.000008
8.600000 0.000002
8.650000 -0.000007
8.700000 0.000003
8.750000 -0.000007
8.800000 0.000003
8.850000 -0.000007
8.900000 0.000004
8.950000 -0.000007
9.000000 0.000005
9.050000 -0.000007
9.100000 0.000005
9.150000 -0.000007
9.200000 0.000005
9.250000 -0.000007
9.300000 0.000006
9.350000 -0.000007
9.400000 0.000006
9.450000 -0.000007
9.500000 0.000007
9.550000 -0.000008
9.600000 0.000007
9.650000 -0.000008
9.700000 0.000007
9.750000 -0.000008
9.800000 0.000008
9.850000 -0.000008
9.900000 0.000008
9.950000 -0.000008
10.000000 0.000008
10.050000 -0.000008
10.100000 0.000008
10.150000 -0.000009
10.200000 0.000008
10.250000 -0.000009
10.300000 0.000009
10.350000 -0.000009
10.400000 0.000009
10.450000 -0.000009
10.500000 0.000009
10.550000 -0.000009
10.600000 0.000009
10.650000 -0.000010
10.700000 0.000010
10.750000 -0.000010
10.800000 0.000010
10.850000 -0.000010
10.900000 0.000010
10.950000 -0.000010
11.000000 0.000010
11.050000 -0.000010
11.100000 0.000010
11.150000 -0.000010
11.200000 0.000010
11.250000 -0.000011
11.300000 0.000010
11.350000 -0.000011
11.400000 0.000011
11.450000 -0.000011
11.500000 0.000011
11.550000 -0.000011
11.600000 0.000011
11.650000 -0.000011
11.700000 0.000011
11.750000 -0.000011
11.800000 0.000011
11.850000 -0.000011
11.900000 0.000011
11.950000 -0.000011
12.000000 0.000011
12.050000 -0.000011
12.100000 0.000012
12.150000 -0.000011
12.200000 0.000012
12.250000 -0.000012
12.300000 0.000012
12.350000 -0.000012
12.400000 0.000012
12.450000 -0.000012
12.500000 0.000012
12.550000 -0.000012
12.600000 0.000012
12.650000 -0.000012
12.700000 0.000012
12.750000 -0.000012
12.800000 0.000012
12.850000 -0.000012
12.900000 0.000012
12.950000 -0.000012
13.000000 0.000012
13.050000 -0.000012
13.100000 0.000012
13.150000 -0.000012
13.200000 0.000012
13.250000 -0.000012
13.300000 0.000012
13.350000 -0.000012
13.400000 0.000012
13.450000 -0.000012
13.500000 0.000012
13.550000 -0.000012
13.600000 0.000012
13.650000 -0.000012
13.700000 0.000012
13.750000 -0.000012
13.800000 0.000012
13.850000 -0.000012
13.900000 0.000012
13.950000 -0.000012
14.000000 0.000012
14.050000 -0.000012
14.100000 0.000012
14.150000 -0.000012
14.200000 0.000012
14.250000 -0.000012
14.300000 0.000012
14.350000 -0.000012
14.400000 0.000012
14.450000 -0.000012
14.500000 0.000012
14.550000 -0.000012
14.600000 0.000012
14.650000 -0.000012
14.700000 0.000012
14.750000 -0.000011
14.800000 0.000011
14.850000 -0.000011
14.900000 0.000011
14.950000 -0.000011
15.000000 0.000011
15.050000 -0.000011
15.100000 0.000011
15.150000 -0.000011
15.200000 0.000011
15.250000 -0.000011
15.300000 0.000011
15.350000 -0.000011
15.400000 0.000011
15.450000 -0.000011
15.500000 0.000011
15.550000 -0.000011
15.600000 0.000010
15.650000 -0.000011
15.700000 0.000010
15.750000 -0.000010
15.800000 0.000010
15.850000 -0.000010
15.900000 0.000010
15.950000 -0.000010
16.000000 0.000010
16.050000 -0.000010
16.100000 0.000010
16.150000 -0.000010
16.200000 0.000009
16.250000 -0.000010
16.300000 0.000009
16.350000 -0.000009
16.400000 0.000009
16.450000 -0.000009
16.500000 0.000009
16.550000 -0.000009
16.600000 0.000009
16.650000 -0.000009
16.700000 0.000009
16.750000 -0.000009
16.800000 0.000008
16.850000 -0.000008
16.900000 0.000008
16.950000 -0.000008
17.000000 0.000008
17.050000 -0.000008
17.100000 0.000008
17.150000 -0.000008
17.200000 0.000008
17.250000 -0.000008
17.300000 0.000007
17.350000 -0.000007
17.400000 0.000007
17.450000 -0.000007
17.500000 0.000007
17.550000 -0.000007
17.600000 0.000007
17.650000 -0.000006
17.700000 0.000007
17.750000 -0.000006
17.800000 0.000006
17.850000 -0.000006
17.900000 0.000006
17.950000 -0.000006
18.000000 0.000006
18.050000 -0.000006
18.100000 0.000006
18.150000 -0.000005
18.200000 0.000005
18.250000 -0.000005
18.300000 0.000005
18.350000 -0.000005
18.400000 0.000005
18.450000 -0.000005
18.500000 0.000004
18.550000 -0.000004
18.600000 0.000004
18.650000 -0.000004
18.700000 0.000004
18.750000 -0.000004
18.800000 0.000004
18.850000 -0.000003
18.900000 0.000003
18.950000 -0.000003
19.000000 0.000003
19.050000 -0.000003
19.100000 0.000003
19.150000 -0.000003
19.200000 0.000003
19.250000 -0.000002
19.300000 0.000003
19.350000 -0.000002
19.400000 0.000002
19.450000 -0.000002
19.500000 0.000002
19.550000 -0.000002
19.600000 0.000001
19.650000 -0.000002
19.700000 0.000001
19.750000 -0.000001
19.800000 0.000001
19.850000 -0.000001
19.900000 0.000001
19.950000 -0.000000
20.000000 0.000001
20.050000 -0.000000
20.100000 0.000000
20.150000 -0.000000
20.200000 -0.000000
20.250000 -0.000000
20.300000 -0.000000
20.350000 0.000000
20.400000 -0.000000
20.450000 0.000001
20.500000 -0.000001
20.550000 0.000001
20.600000 -0.000001
20.650000 0.000001
20.700000 -0.000002
20.750000 0.000001
20.800000 -0.000002
20.850000 0.000002
20.900000 -0.000002
20.950000 0.000002
21.000000 -0.000002
21.050000 0.000003
21.100000 -0.000002
21.150000 0.000003
21.200000 -0.000003
21.250000 0.000003
21.300000 -0.000003
21.350000 0.000003
21.400000 -0.000003
21.450000 0.000003
21.500000 -0.000003
21.550000 0.000004
21.600000 -0.000003
21.650000 0.000004
21.700000 -0.000004
21.750000 0.000004
21.800000 -0.000004
21.850000 0.000004
21.900000 -0.000005
21.950000 0.000004
22.000000 -0.000005
22.050000 0.000005
22.100000 -0.000005
22.150000 0.000005
22.200000 -0.000005
22.250000 0.000005
22.300000 -0.000005
22.350000 0.000005
22.400000 -0.000005
22.450000 0.000005
22.500000 -0.000006
22.550000 0.000005
22.600000 -0.000006
22.650000 0.000006
22.700000 -0.000006
22.750000 0.000006
22.800000 -0.000006
22.850000 0.000007
22.900000 -0.000006
22.950000 0.000007
23.000000 -0.000007
23.050000 0.000007
23.100000 -0.000007
23.150000 0.000007
23.200000 -0.000007
23.250000 0.000007
23.300000 -0.000007
23.350000 0.000007
23.400000 -0.000007
23.450000 0.000008
23.500000 -0.000007
23.550000 0.000008
23.600000 -0.000008
23.650000 0.000008
23.700000 -0.000008
23.750000 0.000008
23.800000 -0.000008
23.850000 0.000008
23.900000 -0.000008
23.950000 0.000008
24.000000 -0.000008
24.050000 0.000009
24.100000 -0.000008
24.150000 0.000009
24.200000 -0.000009
24.250000 0.000008
24.300000 -0.000009
24.350000 0.000008
24.400000 -0.000009
24.450000 0.000009
24.500000 -0.000009
24.550000 0.000009
24.600000 -0.000009
24.650000 0.000010
24.700000 -0.000009
24.750000 0.000009
24.800000 -0.000009
24.850000 0.000009
24.900000 -0.000010
24.950000 0.000009
25.000000 -0.000010
25.050000 0.000009
25.100000 -0.000010
25.150000 0.000010
25.200000 -0.000009
25.250000 0.000010
25.300000 -0.000009
25.350000 0.000010
25.400000 -0.000009
25.450000 0.000009
25.500000 -0.000010
25.550000 0.000009
25.600000 -0.000010
25.650000 0.000009
25.700000 -0.000010
25.750000 0.000010
25.800000 -0.000009
25.850000 0.000010
25.900000 -0.000009
25.950000 0.000010
26.000000 -0.000010
26.050000 0.000010
26.100000 -0.000010
26.150000 0.000009
26.200000 -0.000010
26.250000 0.000009
26.300000 -0.000010
26.350000 0.000010
26.400000 -0.000010
26.450000 0.000010
26.500000 -0.000009
26.550000 0.000010
26.600000 -0.000009
26.650000 0.000010
26.700000 -0.000010
26.750000 0.000009
26.800000 -0.000010
26.850000 0.000009
26.900000 -0.000010
26.950000 0.000009
27.000000 -0.000009
27.050000 0.000010
27.100000 -0.000009
27.150000 0.000010
27.200000 -0.000009
27.250000 0.000010
27.300000 -0.000010
27.350000 0.000009
27.400000 -0.000010
27.450000 0.000009
27.500000 -0.000010
27.550000 0.000009
27.600000 -0.000009
27.650000 0.000010
27.700000 -0.000008
27.750000 0.000010
27.800000 -0.000008
27.850000 0.000010
27.900000 -0.000009
27.950000 0.000009
28.000000 -0.000009
28.050000 0.000008
28.100000 -0.000010
28.150000 0.000008
28.200000 -0.000009
28.250000 0.000009
28.300000 -0.000008
28.350000 0.000009
28.400000 -0.000007
28.450000 0.000009
28.500000 -0.000008
28.550000 0.000008
28.600000 -0.000009
28.650000 0.000007
28.700000 -0.000009
28.750000 0.000007
28.800000 -0.000008
28.850000 0.000008
28.900000 -0.000007
28.950000 0.000008
29.000000 -0.000007
29.050000 0.000008
29.100000 -0.000007
29.150000 0.000008
29.200000 -0.000007
29.250000 0.000007
29.300000 -0.000008
29.350000 0.000006
29.400000 -0.000008
29.450000 0.000006
29.500000 -0.000007
29.550000 0.000007
29.600000 -0.000006
29.650000 0.000008
29.700000 -0.000005
29.750000 0.000007
29.800000 -0.000006
29.850000 0.000006
29.900000 -0.000007
29.950000 0.000005
30.000000 -0.000007
30.050000 0.000005
30.100000 -0.000006
30.150000 0.000005
30.200000 -0.000005
30.250000 0.000006
30.300000 -0.000004
30.350000 0.000006
30.400000 -0.000004
30.450000 0.000005
30.500000 -0.000005
30.550000 0.000004
30.600000 -0.000006
30.650000 0.000003
30.700000 -0.000006
30.750000 0.000003
30.800000 -0.000004
30.850000 0.000004
30.900000 -0.000003
30.950000 0.000005
31.000000 -0.000002
31.050000 0.000005
31.100000 -0.000003
31.150000 0.000003
31.200000 -0.000004
31.250000 0.000002
31.300000 -0.000004
31.350000 0.000001
31.400000 -0.000004
31.450000 0.000002
31.500000 -0.000002
31.550000 0.000003
31.600000 -0.000001
31.650000 0.000004
31.700000 -0.000001
31.750000 0.000003
31.800000 -0.000002
31.850000 0.000001
31.900000 -0.000003
31.950000 -0.000000
32.000000 -0.000003
32.050000 -0.000000
32.100000 -0.000002
32.150000 0.000001
32.200000 0.000000
32.250000 0.000002
32.300000 0.000001
32.350000 0.000002
32.400000 0.000001
32.450000 0.000001
32.500000 -0.000001
32.550000 -0.000001
32.600000 -0.000002
32.650000 -0.000002
32.700000 -0.000001
32.750000 -0.000002
32.800000 0.000000
32.850000 0.000000
32.900000 0.000002
32.950000 0.000001
33.000000 0.000003
33.050000 0.000001
33.100000 0.000002
33.150000 -0.000001
33.200000 0.000000
33.250000 -0.000003
33.300000 -0.000001
33.350000 -0.000004
33.400000 0.000000
33.450000 -0.000003
33.500000 0.000002
33.550000 -0.000001
33.600000 0.000004
33.650000 -0.000000
33.700000 0.000005
33.750000 -0.000001
33.800000 0.000003
33.850000 -0.000003
33.900000 0.000001
33.950000 -0.000005
34.000000 0.000001
34.050000 -0.000006
34.100000 0.000002
34.150000 -0.000004
34.200000 0.000004
34.250000 -0.000002
34.300000 0.000006
34.350000 -0.000001
34.400000 0.000006
34.450000 -0.000002
34.500000 0.000005
34.550000 -0.000005
34.600000 0.000002
34.650000 -0.000007
34.700000 0.000002
34.750000 -0.000007
34.800000 0.000003
34.850000 -0.000005
34.900000 0.000006
34.950000 -0.000003
35.000000 0.000008
35.050000 -0.000002
35.100000 0.000008
35.150000 -0.000004
35.200000 0.000006
35.250000 -0.000007
35.300000 0.000003
35.350000 -0.000009
35.400000 0.000002
35.450000 -0.000009
35.500000 0.000004
35.550000 -0.000006
35.600000 0.000007
35.650000 -0.000004
35.700000 0.000009
35.750000 -0.000003
35.800000 0.000009
35.850000 -0.000005
35.900000 0.000007
35.950000 -0.000008
36.000000 0.000004
36.050000 -0.000010
36.100000 0.000003
36.150000 -0.000010
36.200000 0.000005
36.250000 -0.000007
36.300000 0.000008
36.350000 -0.000004
36.400000 0.000011
36.450000 -0.000003
36.500000 0.000011
36.550000 -0.000005
36.600000 0.000008
36.650000 -0.000009
36.700000 0.000004
36.750000 -0.000011
36.800000 0.000003
36.850000 -0.000011
36.900000 0.000005
36.950000 -0.000008
37.000000 0.000009
37.050000 -0.000005
37.100000 0.000012
37.150000 -0.000003
37.200000 0.000012
37.250000 -0.000005
37.300000 0.000009
37.350000 -0.000009
37.400000 0.000005
37.450000 -0.000012
37.500000 0.000003
37.550000 -0.000012
37.600000 0.000005
37.650000 -0.000009
37.700000 0.000009
37.750000 -0.000005
37.800000 0.000012
37.850000 -0.000003
37.900000 0.000013
37.950000 -0.000004
38.000000 0.000010
38.050000 -0.000008
38.100000 0.000006
38.150000 -0.000012
38.200000 0.000003
38.250000 -0.000014
38.300000 0.000003
38.350000 -0.000011
38.400000 0.000008
38.450000 -0.000006
38.500000 0.000012
38.550000 -0.000002
38.600000 0.000014
38.650000 -0.000003
38.700000 0.000012
38.750000 -0.000007
38.800000 0.000006
38.850000 -0.000012
38.900000 0.000002
38.950000 -0.000014
39.000000 0.000002
39.050000 -0.000012
39.100000 0.000006
39.150000 -0.000007
39.200000 0.000011
39.250000 -0.000002
39.300000 0.000014
39.350000 -0.000001
39.400000 0.000013
39.450000 -0.000004
39.500000 0.000008
39.550000 -0.000010
39.600000 0.000002
39.650000 -0.000014
39.700000 -0.000000
39.750000 -0.000014
39.800000 0.000003
39.850000 -0.000009
39.900000 0.000009
39.950000 -0.000003
40.000000 0.000014
40.050000 0.000001
40.100000 0.000015
40.150000 -0.000001
40.200000 0.000010
40.250000 -0.000007
40.300000 0.000004
40.350000 -0.000013
40.400000 -0.000001
40.450000 -0.000015
40.500000 -0.000001
40.550000 -0.000012
40.600000 0.000004
40.650000 -0.000005
40.700000 0.000011
40.750000 0.000002
40.800000 0.000015
40.850000 0.000003
40.900000 0.000013
40.950000 -0.000002
41.000000 0.000006
41.050000 -0.000009
41.100000 -0.000001
41.150000 -0.000015
41.200000 -0.000004
41.250000 -0.000015
41.300000 -0.000001
41.350000 -0.000008
41.400000 0.000007
41.450000 0.000000
41.500000 0.000014
41.550000 0.000005
41.600000 0.000016
41.650000 0.000004
41.700000 0.000011
41.750000 -0.000003
41.800000 0.000002
41.850000 -0.000012
41.900000 -0.000006
41.950000 -0.000016
42.000000 -0.000007
42.050000 -0.000013
42.100000 -0.000001
42.150000 -0.000004
42.200000 0.000009
42.250000 0.000005
42.300000 0.000015
42.350000 0.000009
42.400000 0.000015
42.450000 0.000005
42.500000 0.000007
42.550000 -0.000004
42.600000 -0.000003
42.650000 -0.000014
42.700000 -0.000010
42.750000 -0.000016
42.800000 -0.000009
42.850000 -0.000011
42.900000 -0.000001
42.950000 -0.000000
43.000000 0.000010
43.050000 0.000010
43.100000 0.000017
43.150000 0.000012
43.200000 0.000014
43.250000 0.000006
43.300000 0.000004
43.350000 -0.000005
43.400000 -0.000008
43.450000 -0.000015
43.500000 -0.000014
43.550000 -0.000017
43.600000 -0.000012
43.650000 -0.000009
43.700000 -0.000001
43.750000 0.000004
43.800000 0.000011
43.850000 0.000014
43.900000 0.000018
43.950000 0.000016
44.000000 0.000014
44.050000 0.000008
44.100000 0.000002
44.150000 -0.000005
44.200000 -0.000012
44.250000 -0.000016
44.300000 -0.000019
44.350000 -0.000018
44.400000 -0.000015
44.450000 -0.000009
44.500000 -0.000002
44.550000 0.000007
44.600000 0.000012
44.650000 0.000020
44.700000 0.000021
44.750000 0.000024
44.800000 0.000020
44.850000 0.000018
44.900000 0.000010
44.950000 0.000008
