-30.000000 0.000122
-29.950000 0.000097
-29.900000 0.000191
-29.850000 0.000136
-29.800000 0.000198
-29.750000 0.000113
-29.700000 0.000145
-29.650000 0.000038
-29.600000 0.000053
-29.550000 -0.000061
-29.500000 -0.000045
-29.450000 -0.000147
-29.400000 -0.000112
-29.350000 -0.000188
-29.300000 -0.000124
-29.250000 -0.000167
-29.200000 -0.000074
-29.150000 -0.000091
-29.100000 0.000019
-29.050000 0.000011
-29.000000 0.000119
-28.950000 0.000101
-28.900000 0.000188
-28.850000 0.000144
-28.800000 0.000199
-28.750000 0.000122
-28.700000 0.000144
-28.650000 0.000041
-28.600000 0.000044
-28.550000 -0.000068
-28.500000 -0.000066
-28.450000 -0.000166
-28.400000 -0.000144
-28.350000 -0.000215
-28.300000 -0.000160
-28.250000 -0.000194
-28.200000 -0.000106
-28.150000 -0.000110
-28.100000 -0.000001
-28.050000 0.000008
-28.000000 0.000117
-27.950000 0.000118
-27.900000 0.000206
-27.850000 0.000178
-27.800000 0.000230
-27.750000 0.000165
-27.700000 0.000179
-27.650000 0.000082
-27.600000 0.000069
-27.550000 -0.000042
-27.500000 -0.000061
-27.450000 -0.000164
-27.400000 -0.000165
-27.350000 -0.000238
-27.300000 -0.000204
-27.250000 -0.000237
-27.200000 -0.000163
-27.150000 -0.000157
-27.100000 -0.000053
-27.050000 -0.000026
-27.000000 0.000086
-26.950000 0.000112
-26.900000 0.000207
-26.850000 0.000207
-26.800000 0.000265
-26.750000 0.000224
-26.700000 0.000238
-26.650000 0.000156
-26.600000 0.000132
-26.550000 0.000023
-26.500000 -0.000018
-26.450000 -0.000128
-26.400000 -0.000160
-26.350000 -0.000246
-26.300000 -0.000245
-26.250000 -0.000288
-26.200000 -0.000241
-26.150000 -0.000236
-26.100000 -0.000148
-26.050000 -0.000106
-26.000000 0.000005
-25.950000 0.000059
-25.900000 0.000167
-25.850000 0.000205
-25.800000 0.000282
-25.750000 0.000280
-25.700000 0.000309
-25.650000 0.000258
-25.600000 0.000236
-25.550000 0.000142
-25.500000 0.000085
-25.450000 -0.000030
-25.400000 -0.000096
-25.350000 -0.000202
-25.300000 -0.000247
-25.250000 -0.000316
-25.200000 -0.000316
-25.150000 -0.000331
-25.100000 -0.000278
-25.050000 -0.000241
-25.000000 -0.000143
-24.950000 -0.000070
-24.900000 0.000047
-24.850000 0.000127
-24.800000 0.000231
-24.750000 0.000286
-24.700000 0.000349
-24.650000 0.000354
-24.600000 0.000359
-24.550000 0.000306
-24.500000 0.000254
-24.450000 0.000154
-24.400000 0.000065
-24.350000 -0.000054
-24.300000 -0.000149
-24.250000 -0.000255
-24.200000 -0.000321
-24.150000 -0.000382
-24.100000 -0.000395
-24.050000 -0.000393
-24.000000 -0.000343
-23.950000 -0.000280
-23.900000 -0.000179
-23.850000 -0.000075
-23.800000 0.000048
-23.750000 0.000160
-23.700000 0.000269
-23.650000 0.000352
-23.600000 0.000414
-23.550000 0.000440
-23.500000 0.000435
-23.450000 0.000393
-23.400000 0.000322
-23.350000 0.000223
-23.300000 0.000104
-23.250000 -0.000023
-23.200000 -0.000153
-23.150000 -0.000270
-23.100000 -0.000373
-23.050000 -0.000443
-23.000000 -0.000487
-22.950000 -0.000486
-22.900000 -0.000457
-22.850000 -0.000382
-22.800000 -0.000288
-22.750000 -0.000157
-22.700000 -0.000027
-22.650000 0.000123
-22.600000 0.000251
-22.550000 0.000379
-22.500000 0.000462
-22.450000 0.000531
-22.400000 0.000541
-22.350000 0.000533
-22.300000 0.000461
-22.250000 0.000378
-22.200000 0.000240
-22.150000 0.000109
-22.100000 -0.000061
-22.050000 -0.000201
-22.000000 -0.000358
-21.950000 -0.000461
-21.900000 -0.000563
-21.850000 -0.000594
-21.800000 -0.000615
-21.750000 -0.000557
-21.700000 -0.000494
-21.650000 -0.000356
-21.600000 -0.000229
-21.550000 -0.000043
-21.500000 0.000109
-21.450000 0.000297
-21.400000 0.000425
-21.350000 0.000568
-21.300000 0.000629
-21.250000 0.000692
-21.200000 0.000660
-21.150000 0.000629
-21.100000 0.000503
-21.050000 0.000390
-21.000000 0.000197
-20.950000 0.000038
-20.900000 -0.000180
-20.850000 -0.000335
-20.800000 -0.000524
-20.750000 -0.000625
-20.700000 -0.000741
-20.650000 -0.000750
-20.600000 -0.000767
-20.550000 -0.000671
-20.500000 -0.000589
-20.450000 -0.000402
-20.400000 -0.000248
-20.350000 -0.000010
-20.300000 0.000168
-20.250000 0.000404
-20.200000 0.000550
-20.150000 0.000730
-20.100000 0.000795
-20.050000 0.000878
-20.000000 0.000833
-19.950000 0.000803
-19.900000 0.000647
-19.850000 0.000519
-19.800000 0.000279
-19.750000 0.000092
-19.700000 -0.000181
-19.650000 -0.000371
-19.600000 -0.000617
-19.550000 -0.000749
-19.500000 -0.000914
-19.450000 -0.000943
-19.400000 -0.000993
-19.350000 -0.000897
-19.300000 -0.000824
-19.250000 -0.000613
-19.200000 -0.000444
-19.150000 -0.000158
-19.100000 0.000058
-19.050000 0.000361
-19.000000 0.000559
-18.950000 0.000815
-18.900000 0.000934
-18.850000 0.001087
-18.800000 0.001084
-18.750000 0.001105
-18.700000 0.000965
-18.650000 0.000855
-18.600000 0.000596
-18.550000 0.000391
-18.500000 0.000061
-18.450000 -0.000182
-18.400000 -0.000516
-18.350000 -0.000727
-18.300000 -0.000996
-18.250000 -0.001111
-18.200000 -0.001260
-18.150000 -0.001236
-18.100000 -0.001238
-18.050000 -0.001063
-18.000000 -0.000924
-17.950000 -0.000624
-17.900000 -0.000384
-17.850000 -0.000013
-17.800000 0.000262
-17.750000 0.000632
-17.700000 0.000865
-17.650000 0.001160
-17.600000 0.001285
-17.550000 0.001445
-17.500000 0.001416
-17.450000 0.001413
-17.400000 0.001218
-17.350000 0.001060
-17.300000 0.000726
-17.250000 0.000457
-17.200000 0.000042
-17.150000 -0.000269
-17.100000 -0.000686
-17.050000 -0.000957
-17.000000 -0.001295
-16.950000 -0.001451
-16.900000 -0.001644
-16.850000 -0.001633
-16.800000 -0.001648
-16.750000 -0.001453
-16.700000 -0.001292
-16.650000 -0.000938
-16.600000 -0.000644
-16.550000 -0.000189
-16.500000 0.000166
-16.450000 0.000639
-16.400000 0.000966
-16.350000 0.001369
-16.300000 0.001584
-16.250000 0.001840
-16.200000 0.001880
-16.150000 0.001942
-16.100000 0.001780
-16.050000 0.001642
-16.000000 0.001291
-15.950000 0.000988
-15.900000 0.000503
-15.850000 0.000105
-15.800000 -0.000431
-15.750000 -0.000830
-15.700000 -0.001320
-15.650000 -0.001625
-15.600000 -0.001979
-15.550000 -0.002112
-15.500000 -0.002266
-15.450000 -0.002180
-15.400000 -0.002108
-15.350000 -0.001800
-15.300000 -0.001522
-15.250000 -0.001033
-15.200000 -0.000610
-15.150000 -0.000020
-15.100000 0.000456
-15.050000 0.001048
-15.000000 0.001471
-14.950000 0.001959
-14.900000 0.002232
-14.850000 0.002530
-14.800000 0.002582
-14.750000 0.002638
-14.700000 0.002437
-14.650000 0.002243
-14.600000 0.001808
-14.550000 0.001405
-14.500000 0.000797
-14.450000 0.000268
-14.400000 -0.000415
-14.350000 -0.000964
-14.300000 -0.001609
-14.250000 -0.002062
-14.200000 -0.002557
-14.150000 -0.002814
-14.100000 -0.003076
-14.050000 -0.003070
-14.000000 -0.003052
-13.950000 -0.002763
-13.900000 -0.002471
-13.850000 -0.001929
-13.800000 -0.001418
-13.750000 -0.000701
-13.700000 -0.000066
-13.650000 0.000715
-13.600000 0.001351
-13.550000 0.002071
-13.500000 0.002585
-13.450000 0.003125
-13.400000 0.003409
-13.350000 0.003679
-13.300000 0.003665
-13.250000 0.003619
-13.200000 0.003286
-13.150000 0.002931
-13.100000 0.002314
-13.050000 0.001712
-13.000000 0.000895
-12.950000 0.000149
-12.900000 -0.000748
-12.850000 -0.001506
-12.800000 -0.002345
-12.750000 -0.002977
-12.700000 -0.003626
-12.650000 -0.004012
-12.600000 -0.004367
-12.550000 -0.004424
-12.500000 -0.004425
-12.450000 -0.004120
-12.400000 -0.003764
-12.350000 -0.003123
-12.300000 -0.002465
-12.250000 -0.001569
-12.200000 -0.000712
-12.150000 0.000315
-12.100000 0.001231
-12.050000 0.002242
-12.000000 0.003066
-11.950000 0.003910
-11.900000 0.004501
-11.850000 0.005050
-11.800000 0.005297
-11.750000 0.005465
-11.700000 0.005308
-11.650000 0.005064
-11.600000 0.004502
-11.550000 0.003875
-11.500000 0.002970
-11.450000 0.002048
-11.400000 0.000911
-11.350000 -0.000170
-11.300000 -0.001387
-11.250000 -0.002467
-11.200000 -0.003597
-11.150000 -0.004508
-11.100000 -0.005391
-11.050000 -0.005987
-11.000000 -0.006494
-10.950000 -0.006669
-10.900000 -0.006721
-10.850000 -0.006425
-10.800000 -0.006004
-10.750000 -0.005253
-10.700000 -0.004408
-10.650000 -0.003281
-10.600000 -0.002120
-10.550000 -0.000750
-10.500000 0.000572
-10.450000 0.002013
-10.400000 0.003316
-10.350000 0.004645
-10.300000 0.005745
-10.250000 0.006785
-10.200000 0.007522
-10.150000 0.008131
-10.100000 0.008387
-10.050000 0.008475
-10.000000 0.008189
-9.950000 0.007731
-9.900000 0.006912
-9.850000 0.005950
-9.800000 0.004676
-9.750000 0.003317
-9.700000 0.001723
-9.650000 0.000129
-9.600000 -0.001605
-9.550000 -0.003239
-9.500000 -0.004910
-9.450000 -0.006380
-9.400000 -0.007785
-9.350000 -0.008899
-9.300000 -0.009863
-9.250000 -0.010466
-9.200000 -0.010860
-9.150000 -0.010854
-9.100000 -0.010613
-9.050000 -0.009968
-9.000000 -0.009100
-8.950000 -0.007860
-8.900000 -0.006444
-8.850000 -0.004722
-8.800000 -0.002903
-8.750000 -0.000871
-8.700000 0.001159
-8.650000 0.003290
-8.600000 0.005309
-8.550000 0.007312
-8.500000 0.009093
-8.450000 0.010750
-8.400000 0.012085
-8.350000 0.013207
-8.300000 0.013932
-8.250000 0.014381
-8.200000 0.014390
-8.150000 0.014094
-8.100000 0.013352
-8.050000 0.012313
-8.000000 0.010860
-7.950000 0.009156
-7.900000 0.007105
-7.850000 0.004882
-7.800000 0.002408
-7.750000 -0.000133
-7.700000 -0.002806
-7.650000 -0.005426
-7.600000 -0.008049
-7.550000 -0.010493
-7.500000 -0.012814
-7.450000 -0.014838
-7.400000 -0.016624
-7.350000 -0.018014
-7.300000 -0.019076
-7.250000 -0.019672
-7.200000 -0.019882
-7.150000 -0.019591
-7.100000 -0.018895
-7.050000 -0.017702
-7.000000 -0.016126
-6.950000 -0.014096
-6.900000 -0.011742
-6.850000 -0.009015
-6.800000 -0.006057
-6.750000 -0.002835
-6.700000 0.000500
-6.650000 0.003968
-6.600000 0.007416
-6.550000 0.010855
-6.500000 0.014136
-6.450000 0.017268
-6.400000 0.020110
-6.350000 0.022674
-6.300000 0.024834
-6.250000 0.026607
-6.200000 0.027885
-6.150000 0.028698
-6.100000 0.028956
-6.050000 0.028704
-6.000000 0.027876
-5.950000 0.026529
-5.900000 0.024622
-5.850000 0.022226
-5.800000 0.019323
-5.750000 0.015998
-5.700000 0.012253
-5.650000 0.008186
-5.600000 0.003816
-5.550000 -0.000751
-5.500000 -0.005482
-5.450000 -0.010265
-5.400000 -0.015057
-5.350000 -0.019749
-5.300000 -0.024292
-5.250000 -0.028581
-5.200000 -0.032567
-5.150000 -0.036157
-5.100000 -0.039306
-5.050000 -0.041936
-5.000000 -0.044010
-4.950000 -0.045469
-4.900000 -0.046288
-4.850000 -0.046431
-4.800000 -0.045887
-4.750000 -0.044643
-4.700000 -0.042703
-4.650000 -0.040077
-4.600000 -0.036786
-4.550000 -0.032861
-4.500000 -0.028338
-4.450000 -0.023268
-4.400000 -0.017697
-4.350000 -0.011695
-4.300000 -0.005315
-4.250000 0.001360
-4.200000 0.008271
-4.150000 0.015326
-4.100000 0.022466
-4.050000 0.029591
-4.000000 0.036646
-3.950000 0.043528
-3.900000 0.050190
-3.850000 0.056527
-3.800000 0.062501
-3.750000 0.068009
-3.700000 0.073024
-3.650000 0.077447
-3.600000 0.081264
-3.550000 0.084380
-3.500000 0.086793
-3.450000 0.088415
-3.400000 0.089256
-3.350000 0.089234
-3.300000 0.088373
-3.250000 0.086596
-3.200000 0.083940
-3.150000 0.080332
-3.100000 0.075823
-3.050000 0.070346
-3.000000 0.063963
-2.950000 0.056611
-2.900000 0.048367
-2.850000 0.039170
-2.800000 0.029110
-2.750000 0.018131
-2.700000 0.006335
-2.650000 -0.006329
-2.600000 -0.019747
-2.550000 -0.033965
-2.500000 -0.048858
-2.450000 -0.064465
-2.400000 -0.080649
-2.350000 -0.097443
-2.300000 -0.114700
-2.250000 -0.132445
-2.200000 -0.150519
-2.150000 -0.168945
-2.100000 -0.187551
-2.050000 -0.206354
-2.000000 -0.225173
-1.950000 -0.244023
-1.900000 -0.262714
-1.850000 -0.281260
-1.800000 -0.299463
-1.750000 -0.317341
-1.700000 -0.334692
-1.650000 -0.351538
-1.600000 -0.367677
-1.550000 -0.383140
-1.500000 -0.397727
-1.450000 -0.411482
-1.400000 -0.424213
-1.350000 -0.435978
-1.300000 -0.446595
-1.250000 -0.456143
-1.200000 -0.464455
-1.150000 -0.471628
-1.100000 -0.477513
-1.050000 -0.482231
-1.000000 -0.485649
-0.950000 -0.487914
-0.900000 -0.488910
-0.850000 -0.488808
-0.800000 -0.487509
-0.750000 -0.485208
-0.700000 -0.481822
-0.650000 -0.477564
-0.600000 -0.472368
-0.550000 -0.466465
-0.500000 -0.459800
-0.450000 -0.452620
-0.400000 -0.444880
-0.350000 -0.436841
-0.300000 -0.428466
-0.250000 -0.420029
-0.200000 -0.411500
-0.150000 -0.403166
-0.100000 -0.395005
-0.050000 -0.387319
0.000000 -0.380095
0.050000 -0.373653
0.100000 -0.367994
0.150000 -0.363460
0.200000 -0.360073
0.250000 -0.358204
0.300000 -0.357905
0.350000 -0.359585
0.400000 -0.363334
0.450000 -0.369613
0.500000 -0.378563
0.550000 -0.390707
0.600000 -0.406254
0.650000 -0.425803
0.700000 -0.449639
0.750000 -0.478450
0.800000 -0.512611
0.850000 -0.552903
0.900000 -0.599788
0.950000 -0.654136
1.000000 -0.716480
1.050000 -0.787745
1.100000 -0.868490
1.150000 -0.959626
1.200000 -1.061641
1.250000 -1.175310
1.300000 -1.300887
1.350000 -1.438813
1.400000 -1.588873
1.450000 -1.750897
1.500000 -1.923903
1.550000 -2.106792
1.600000 -2.297499
1.650000 -2.493721
1.700000 -2.692106
1.750000 -2.889060
1.800000 -3.080024
1.850000 -3.260398
1.900000 -3.424930
1.950000 -3.568772
2.000000 -3.686959
2.050000 -3.775527
2.100000 -3.830990
2.150000 -3.851403
2.200000 -3.835712
2.250000 -3.784637
2.300000 -3.699814
2.350000 -3.584469
2.400000 -3.442366
2.450000 -3.278346
2.500000 -3.097196
2.550000 -2.904184
2.600000 -2.703963
2.650000 -2.501205
2.700000 -2.299619
2.750000 -2.102706
2.800000 -1.912893
2.850000 -1.732389
2.900000 -1.562391
2.950000 -1.403993
3.000000 -1.257428
3.050000 -1.122984
3.100000 -1.000246
3.150000 -0.889007
3.200000 -0.788485
3.250000 -0.698222
3.300000 -0.617279
3.350000 -0.545116
3.400000 -0.480769
3.450000 -0.423721
3.500000 -0.373060
3.550000 -0.328340
3.600000 -0.288737
3.650000 -0.253901
3.700000 -0.223103
3.750000 -0.196092
3.800000 -0.172230
3.850000 -0.151354
3.900000 -0.132912
3.950000 -0.116817
4.000000 -0.102585
4.050000 -0.090194
4.100000 -0.079219
4.150000 -0.069689
4.200000 -0.061226
4.250000 -0.053901
4.300000 -0.047372
4.350000 -0.041743
4.400000 -0.036701
4.450000 -0.032375
4.500000 -0.028476
4.550000 -0.025152
4.600000 -0.022131
4.650000 -0.019575
4.700000 -0.017229
4.750000 -0.015265
4.800000 -0.013438
4.850000 -0.011928
4.900000 -0.010500
4.950000 -0.009341
5.000000 -0.008221
5.050000 -0.007331
5.100000 -0.006449
5.150000 -0.005767
5.200000 -0.005068
5.250000 -0.004548
5.300000 -0.003991
5.350000 -0.003595
5.400000 -0.003148
5.450000 -0.002849
5.500000 -0.002487
5.550000 -0.002263
5.600000 -0.001969
5.650000 -0.001803
5.700000 -0.001561
5.750000 -0.001440
5.800000 -0.001238
5.850000 -0.001154
5.900000 -0.000984
5.950000 -0.000927
6.000000 -0.000782
6.050000 -0.000746
6.100000 -0.000622
6.150000 -0.000603
6.200000 -0.000494
6.250000 -0.000489
6.300000 -0.000393
6.350000 -0.000398
6.400000 -0.000312
6.450000 -0.000325
6.500000 -0.000247
6.550000 -0.000267
6.600000 -0.000195
6.650000 -0.000220
6.700000 -0.000153
6.750000 -0.000182
6.800000 -0.000120
6.850000 -0.000152
6.900000 -0.000093
6.950000 -0.000127
7.000000 -0.000072
7.050000 -0.000107
7.100000 -0.000054
7.150000 -0.000091
7.200000 -0.000040
7.250000 -0.000078
7.300000 -0.000029
7.350000 -0.000067
7.400000 -0.000020
7.450000 -0.000058
7.500000 -0.000012
7.550000 -0.000051
7.600000 -0.000006
7.650000 -0.000045
7.700000 -0.000002
7.750000 -0.000040
7.800000 0.000002
7.850000 -0.000036
7.900000 0.000005
7.950000 -0.000033
8.000000 0.000007
8.050000 -0.000030
8.100000 0.000009
8.150000 -0.000028
8.200000 0.000011
8.250000 -0.000026
8.300000 0.000012
8.350000 -0.000024
8.400000 0.000013
8.450000 -0.000023
8.500000 0.000013
8.550000 -0.000022
8.600000 0.000014
8.650000 -0.000021
8.700000 0.000014
8.750000 -0.000020
8.800000 0.000014
8.850000 -0.000019
8.900000 0.000015
8.950000 -0.000018
9.000000 0.000014
9.050000 -0.000017
9.100000 0.000014
9.150000 -0.000017
9.200000 0.000014
9.250000 -0.000016
9.300000 0.000014
9.350000 -0.000015
9.400000 0.000014
9.450000 -0.000015
9.500000 0.000014
9.550000 -0.000014
9.600000 0.000013
9.650000 -0.000014
9.700000 0.000013
9.750000 -0.000014
9.800000 0.000012
9.850000 -0.000013
9.900000 0.000012
9.950000 -0.000012
10.000000 0.000012
10.050000 -0.000012
10.100000 0.000012
10.150000 -0.000011
10.200000 0.000011
10.250000 -0.000011
10.300000 0.000010
10.350000 -0.000011
10.400000 0.000010
10.450000 -0.000010
10.500000 0.000010
10.550000 -0.000010
10.600000 0.000010
10.650000 -0.000009
10.700000 0.000009
10.750000 -0.000009
10.800000 0.000008
10.850000 -0.000009
10.900000 0.000008
10.950000 -0.000008
11.000000 0.000008
11.050000 -0.000007
11.100000 0.000007
11.150000 -0.000007
11.200000 0.000007
11.250000 -0.000006
11.300000 0.000006
11.350000 -0.000006
11.400000 0.000006
11.450000 -0.000006
11.500000 0.000005
11.550000 -0.000005
11.600000 0.000005
11.650000 -0.000005
11.700000 0.000005
11.750000 -0.000004
11.800000 0.000004
11.850000 -0.000004
11.900000 0.000004
11.950000 -0.000003
12.000000 0.000003
12.050000 -0.000003
12.100000 0.000002
12.150000 -0.000003
12.200000 0.000002
12.250000 -0.000002
12.300000 0.000002
12.350000 -0.000001
12.400000 0.000002
12.450000 -0.000001
12.500000 0.000001
12.550000 -0.000001
12.600000 0.000000
12.650000 -0.000000
12.700000 -0.000000
12.750000 0.000000
12.800000 -0.000001
12.850000 0.000001
12.900000 -0.000001
12.950000 0.000001
13.000000 -0.000001
13.050000 0.000002
13.100000 -0.000002
13.150000 0.000002
13.200000 -0.000003
13.250000 0.000002
13.300000 -0.000003
13.350000 0.000003
13.400000 -0.000003
13.450000 0.000003
13.500000 -0.000003
13.550000 0.000004
13.600000 -0.000004
13.650000 0.000004
13.700000 -0.000004
13.750000 0.000005
13.800000 -0.000005
13.850000 0.000005
13.900000 -0.000006
13.950000 0.000005
14.000000 -0.000006
14.050000 0.000006
14.100000 -0.000006
14.150000 0.000007
14.200000 -0.000006
14.250000 0.000007
14.300000 -0.000007
14.350000 0.000007
14.400000 -0.000008
14.450000 0.000007
14.500000 -0.000008
14.550000 0.000008
14.600000 -0.000008
14.650000 0.000009
14.700000 -0.000008
14.750000 0.000009
14.800000 -0.000009
14.850000 0.000010
14.900000 -0.000009
14.950000 0.000010
15.000000 -0.000010
15.050000 0.000010
15.100000 -0.000011
15.150000 0.000010
15.200000 -0.000011
15.250000 0.000011
15.300000 -0.000011
15.350000 0.000012
15.400000 -0.000011
15.450000 0.000012
15.500000 -0.000012
15.550000 0.000012
15.600000 -0.000012
15.650000 0.000012
15.700000 -0.000013
15.750000 0.000012
15.800000 -0.000013
15.850000 0.000013
15.900000 -0.000013
15.950000 0.000014
16.000000 -0.000013
16.050000 0.000014
16.100000 -0.000014
16.150000 0.000014
16.200000 -0.000015
16.250000 0.000014
16.300000 -0.000015
16.350000 0.000014
16.400000 -0.000015
16.450000 0.000015
16.500000 -0.000015
16.550000 0.000016
16.600000 -0.000015
16.650000 0.000016
16.700000 -0.000016
16.750000 0.000016
16.800000 -0.000016
16.850000 0.000016
16.900000 -0.000017
16.950000 0.000016
17.000000 -0.000017
17.050000 0.000017
17.100000 -0.000017
17.150000 0.000018
17.200000 -0.000017
17.250000 0.000018
17.300000 -0.000017
17.350000 0.000018
17.400000 -0.000018
17.450000 0.000018
17.500000 -0.000019
17.550000 0.000018
17.600000 -0.000019
17.650000 0.000018
17.700000 -0.000018
17.750000 0.000019
17.800000 -0.000018
17.850000 0.000019
17.900000 -0.000018
17.950000 0.000019
18.000000 -0.000019
18.050000 0.000019
18.100000 -0.000020
18.150000 0.000019
18.200000 -0.000020
18.250000 0.000019
18.300000 -0.000020
18.350000 0.000020
18.400000 -0.000019
18.450000 0.000021
18.500000 -0.000019
18.550000 0.000021
18.600000 -0.000020
18.650000 0.000020
18.700000 -0.000021
18.750000 0.000020
18.800000 -0.000021
18.850000 0.000020
18.900000 -0.000021
18.950000 0.000021
19.000000 -0.000021
19.050000 0.000022
19.100000 -0.000020
19.150000 0.000022
19.200000 -0.000021
19.250000 0.000021
19.300000 -0.000022
19.350000 0.000021
19.400000 -0.000022
19.450000 0.000021
19.500000 -0.000022
19.550000 0.000021
19.600000 -0.000021
19.650000 0.000022
19.700000 -0.000021
19.750000 0.000022
19.800000 -0.000021
19.850000 0.000022
19.900000 -0.000022
19.950000 0.000021
20.000000 -0.000023
20.050000 0.000021
20.100000 -0.000023
20.150000 0.000021
20.200000 -0.000022
20.250000 0.000022
20.300000 -0.000021
20.350000 0.000023
20.400000 -0.000021
20.450000 0.000023
20.500000 -0.000022
20.550000 0.000022
20.600000 -0.000023
20.650000 0.000021
20.700000 -0.000023
20.750000 0.000021
20.800000 -0.000022
20.850000 0.000022
20.900000 -0.000022
20.950000 0.000023
21.000000 -0.000021
21.050000 0.000023
21.100000 -0.000021
21.150000 0.000022
21.200000 -0.000022
21.250000 0.000021
21.300000 -0.000023
21.350000 0.000021
21.400000 -0.000023
21.450000 0.000021
21.500000 -0.000022
21.550000 0.000022
21.600000 -0.000021
21.650000 0.000023
21.700000 -0.000020
21.750000 0.000022
21.800000 -0.000021
21.850000 0.000021
21.900000 -0.000022
21.950000 0.000020
22.000000 -0.000022
22.050000 0.000020
22.100000 -0.000022
22.150000 0.000021
22.200000 -0.000020
22.250000 0.000022
22.300000 -0.000020
22.350000 0.000022
22.400000 -0.000020
22.450000 0.000021
22.500000 -0.000021
22.550000 0.000020
22.600000 -0.000022
22.650000 0.000019
22.700000 -0.000021
22.750000 0.000019
22.800000 -0.000020
22.850000 0.000020
22.900000 -0.000019
22.950000 0.000021
23.000000 -0.000018
23.050000 0.000021
23.100000 -0.000019
23.150000 0.000019
23.200000 -0.000020
23.250000 0.000018
23.300000 -0.000020
23.350000 0.000018
23.400000 -0.000020
23.450000 0.000019
23.500000 -0.000018
23.550000 0.000020
23.600000 -0.000017
23.650000 0.000020
23.700000 -0.000017
23.750000 0.000019
23.800000 -0.000018
23.850000 0.000017
23.900000 -0.000019
23.950000 0.000016
24.000000 -0.000019
24.050000 0.000016
24.100000 -0.000018
24.150000 0.000017
24.200000 -0.000016
24.250000 0.000018
24.300000 -0.000015
24.350000 0.000018
24.400000 -0.000015
24.450000 0.000016
24.500000 -0.000017
24.550000 0.000015
24.600000 -0.000017
24.650000 0.000014
24.700000 -0.000017
24.750000 0.000015
24.800000 -0.000015
24.850000 0.000016
24.900000 -0.000013
24.950000 0.000017
25.000000 -0.000013
25.050000 0.000016
25.100000 -0.000014
25.150000 0.000014
25.200000 -0.000015
25.250000 0.000012
25.300000 -0.000016
25.350000 0.000012
25.400000 -0.000014
25.450000 0.000013
25.500000 -0.000012
25.550000 0.000014
25.600000 -0.000011
25.650000 0.000014
25.700000 -0.000011
25.750000 0.000013
25.800000 -0.000012
25.850000 0.000011
25.900000 -0.000013
25.950000 0.000009
26.000000 -0.000013
26.050000 0.000009
26.100000 -0.000012
26.150000 0.000011
26.200000 -0.000009
26.250000 0.000012
26.300000 -0.000008
26.350000 0.000012
26.400000 -0.000008
26.450000 0.000010
26.500000 -0.000010
26.550000 0.000008
26.600000 -0.000011
26.650000 0.000007
26.700000 -0.000011
26.750000 0.000007
26.800000 -0.000009
26.850000 0.000009
26.900000 -0.000006
26.950000 0.000010
27.000000 -0.000005
27.050000 0.000010
27.100000 -0.000006
27.150000 0.000007
27.200000 -0.000007
27.250000 0.000005
27.300000 -0.000009
27.350000 0.000004
27.400000 -0.000008
27.450000 0.000004
27.500000 -0.000006
27.550000 0.000006
27.600000 -0.000003
27.650000 0.000008
27.700000 -0.000002
27.750000 0.000007
27.800000 -0.000003
27.850000 0.000005
27.900000 -0.000005
27.950000 0.000002
28.000000 -0.000006
28.050000 0.000000
28.100000 -0.000006
28.150000 0.000001
28.200000 -0.000003
28.250000 0.000004
28.300000 -0.000000
28.350000 0.000005
28.400000 0.000001
28.450000 0.000004
28.500000 0.000000
28.550000 0.000002
28.600000 -0.000002
28.650000 -0.000001
28.700000 -0.000004
28.750000 -0.000003
28.800000 -0.000003
28.850000 -0.000002
28.900000 -0.000000
28.950000 0.000001
29.000000 0.000003
29.050000 0.000003
29.100000 0.000004
29.150000 0.000002
29.200000 0.000003
29.250000 -0.000001
29.300000 0.000000
29.350000 -0.000004
29.400000 -0.000001
29.450000 -0.000006
29.500000 -0.000001
29.550000 -0.000005
29.600000 0.000002
29.650000 -0.000002
29.700000 0.000006
29.750000 0.000000
29.800000 0.000007
29.850000 -0.000000
29.900000 0.000006
29.950000 -0.000003
30.000000 0.000003
30.050000 -0.000007
30.100000 0.000001
30.150000 -0.000009
30.200000 0.000001
30.250000 -0.000008
30.300000 0.000004
30.350000 -0.000005
30.400000 0.000008
30.450000 -0.000002
30.500000 0.000011
30.550000 -0.000002
30.600000 0.000010
30.650000 -0.000005
30.700000 0.000006
30.750000 -0.000009
30.800000 0.000003
30.850000 -0.000012
30.900000 0.000003
30.950000 -0.000011
31.000000 0.000006
31.050000 -0.000008
31.100000 0.000011
31.150000 -0.000005
31.200000 0.000013
31.250000 -0.000004
31.300000 0.000013
31.350000 -0.000007
31.400000 0.000010
31.450000 -0.000011
31.500000 0.000006
31.550000 -0.000015
31.600000 0.000005
31.650000 -0.000015
31.700000 0.000007
31.750000 -0.000011
31.800000 0.000012
31.850000 -0.000007
31.900000 0.000016
31.950000 -0.000006
32.000000 0.000016
32.050000 -0.000008
32.100000 0.000013
32.150000 -0.000012
32.200000 0.000009
32.250000 -0.000017
32.300000 0.000006
32.350000 -0.000018
32.400000 0.000008
32.450000 -0.000015
32.500000 0.000013
32.550000 -0.000010
32.600000 0.000018
32.650000 -0.000007
32.700000 0.000019
32.750000 -0.000008
32.800000 0.000017
32.850000 -0.000013
32.900000 0.000012
32.950000 -0.000018
33.000000 0.000008
33.050000 -0.000021
33.100000 0.000008
33.150000 -0.000019
33.200000 0.000012
33.250000 -0.000014
33.300000 0.000018
33.350000 -0.000009
33.400000 0.000022
33.450000 -0.000008
33.500000 0.000021
33.550000 -0.000012
33.600000 0.000016
33.650000 -0.000018
33.700000 0.000010
33.750000 -0.000022
33.800000 0.000008
33.850000 -0.000023
33.900000 0.000011
33.950000 -0.000018
34.000000 0.000017
34.050000 -0.000012
34.100000 0.000023
34.150000 -0.000009
34.200000 0.000024
34.250000 -0.000010
34.300000 0.000020
34.350000 -0.000016
34.400000 0.000014
34.450000 -0.000022
34.500000 0.000009
34.550000 -0.000025
34.600000 0.000009
34.650000 -0.000023
34.700000 0.000015
34.750000 -0.000016
34.800000 0.000022
34.850000 -0.000010
34.900000 0.000026
34.950000 -0.000009
35.000000 0.000025
35.050000 -0.000013
35.100000 0.000019
35.150000 -0.000020
35.200000 0.000011
35.250000 -0.000026
35.300000 0.000008
35.350000 -0.000027
35.400000 0.000011
35.450000 -0.000021
35.500000 0.000018
35.550000 -0.000014
35.600000 0.000025
35.650000 -0.000008
35.700000 0.000028
35.750000 -0.000009
35.800000 0.000024
35.850000 -0.000015
35.900000 0.000016
35.950000 -0.000024
36.000000 0.000009
36.050000 -0.000029
36.100000 0.000007
36.150000 -0.000027
36.200000 0.000012
36.250000 -0.000019
36.300000 0.000021
36.350000 -0.000011
36.400000 0.000028
36.450000 -0.000006
36.500000 0.000029
36.550000 -0.000009
36.600000 0.000023
36.650000 -0.000018
36.700000 0.000013
36.750000 -0.000027
36.800000 0.000006
36.850000 -0.000030
36.900000 0.000007
36.950000 -0.000026
37.000000 0.000014
37.050000 -0.000017
37.100000 0.000024
37.150000 -0.000008
37.200000 0.000030
37.250000 -0.000004
37.300000 0.000029
37.350000 -0.000009
37.400000 0.000021
37.450000 -0.000020
37.500000 0.000010
37.550000 -0.000029
37.600000 0.000004
37.650000 -0.000031
37.700000 0.000005
37.750000 -0.000025
37.800000 0.000014
37.850000 -0.000014
37.900000 0.000025
37.950000 -0.000004
38.000000 0.000032
38.050000 -0.000002
38.100000 0.000029
38.150000 -0.000008
38.200000 0.000019
38.250000 -0.000020
38.300000 0.000007
38.350000 -0.000030
38.400000 0.000000
38.450000 -0.000032
38.500000 0.000003
38.550000 -0.000025
38.600000 0.000013
38.650000 -0.000012
38.700000 0.000026
38.750000 -0.000001
38.800000 0.000033
38.850000 0.000002
38.900000 0.000030
38.950000 -0.000006
39.000000 0.000018
39.050000 -0.000019
39.100000 0.000004
39.150000 -0.000031
39.200000 -0.000004
39.250000 -0.000033
39.300000 -0.000001
39.350000 -0.000025
39.400000 0.000011
39.450000 -0.000010
39.500000 0.000025
39.550000 0.000003
39.600000 0.000034
39.650000 0.000006
39.700000 0.000031
39.750000 -0.000002
39.800000 0.000018
39.850000 -0.000017
39.900000 0.000002
39.950000 -0.000030
40.000000 -0.000008
40.050000 -0.000034
40.100000 -0.000006
40.150000 -0.000026
40.200000 0.000007
40.250000 -0.000010
40.300000 0.000023
40.350000 0.000006
40.400000 0.000034
40.450000 0.000011
40.500000 0.000033
40.550000 0.000004
40.600000 0.000019
40.650000 -0.000012
40.700000 0.000001
40.750000 -0.000028
40.800000 -0.000012
40.850000 -0.000036
40.900000 -0.000013
40.950000 -0.000029
41.000000 -0.000001
41.050000 -0.000012
41.100000 0.000018
41.150000 0.000007
41.200000 0.000033
41.250000 0.000017
41.300000 0.000035
41.350000 0.000013
41.400000 0.000023
41.450000 -0.000004
41.500000 0.000003
41.550000 -0.000024
41.600000 -0.000015
41.650000 -0.000036
41.700000 -0.000021
41.750000 -0.000033
41.800000 -0.000011
41.850000 -0.000017
41.900000 0.000009
41.950000 0.000006
42.000000 0.000029
42.050000 0.000022
42.100000 0.000038
42.150000 0.000023
42.200000 0.000030
42.250000 0.000009
42.300000 0.000009
42.350000 -0.000015
42.400000 -0.000014
42.450000 -0.000034
42.500000 -0.000028
42.550000 -0.000038
42.600000 -0.000024
42.650000 -0.000026
42.700000 -0.000005
42.750000 -0.000001
42.800000 0.000020
42.850000 0.000022
42.900000 0.000038
42.950000 0.000033
43.000000 0.000038
43.050000 0.000024
43.100000 0.000020
43.150000 0.000001
43.200000 -0.000007
43.250000 -0.000025
43.300000 -0.000030
43.350000 -0.000041
43.400000 -0.000037
43.450000 -0.000037
43.500000 -0.000024
43.550000 -0.000015
43.600000 0.000003
43.650000 0.000015
43.700000 0.000030
43.750000 0.000037
43.800000 0.000043
43.850000 0.000041
43.900000 0.000035
43.950000 0.000023
44.000000 0.000009
44.050000 -0.000007
44.100000 -0.000023
44.150000 -0.000035
44.200000 -0.000044
44.250000 -0.000046
44.300000 -0.000045
44.350000 -0.000034
44.400000 -0.000023
44.450000 -0.000003
44.500000 0.000011
44.550000 0.000032
44.600000 0.000041
44.650000 0.000055
44.700000 0.000054
44.750000 0.000058
44.800000 0.000046
44.850000 0.000041
44.900000 0.000023
44.950000 0.000017
