-30.000000 0.000000
-29.950000 -0.000003
-29.900000 -0.000006
-29.850000 -0.000012
-29.800000 -0.000017
-29.750000 -0.000024
-29.700000 -0.000029
-29.650000 -0.000036
-29.600000 -0.000040
-29.550000 -0.000044
-29.500000 -0.000046
-29.450000 -0.000048
-29.400000 -0.000046
-29.350000 -0.000044
-29.300000 -0.000039
-29.250000 -0.000035
-29.200000 -0.000027
-29.150000 -0.000020
-29.100000 -0.000011
-29.050000 -0.000003
-29.000000 0.000007
-28.950000 0.000014
-28.900000 0.000023
-28.850000 0.000029
-28.800000 0.000036
-28.750000 0.000039
-28.700000 0.000043
-28.650000 0.000043
-28.600000 0.000045
-28.550000 0.000041
-28.500000 0.000040
-28.450000 0.000033
-28.400000 0.000029
-28.350000 0.000020
-28.300000 0.000014
-28.250000 0.000003
-28.200000 -0.000004
-28.150000 -0.000014
-28.100000 -0.000021
-28.050000 -0.000031
-28.000000 -0.000036
-27.950000 -0.000043
-27.900000 -0.000045
-27.850000 -0.000049
-27.800000 -0.000047
-27.750000 -0.000048
-27.700000 -0.000042
-27.650000 -0.000039
-27.600000 -0.000030
-27.550000 -0.000024
-27.500000 -0.000013
-27.450000 -0.000005
-27.400000 0.000007
-27.350000 0.000014
-27.300000 0.000025
-27.250000 0.000030
-27.200000 0.000039
-27.150000 0.000042
-27.100000 0.000048
-27.050000 0.000048
-27.000000 0.000050
-26.950000 0.000046
-26.900000 0.000045
-26.850000 0.000038
-26.800000 0.000035
-26.750000 0.000025
-26.700000 0.000020
-26.650000 0.000008
-26.600000 0.000001
-26.550000 -0.000010
-26.500000 -0.000017
-26.450000 -0.000028
-26.400000 -0.000034
-26.350000 -0.000043
-26.300000 -0.000046
-26.250000 -0.000052
-26.200000 -0.000052
-26.150000 -0.000054
-26.100000 -0.000050
-26.050000 -0.000049
-26.000000 -0.000041
-25.950000 -0.000036
-25.900000 -0.000025
-25.850000 -0.000018
-25.800000 -0.000005
-25.750000 0.000003
-25.700000 0.000016
-25.650000 0.000023
-25.600000 0.000035
-25.550000 0.000040
-25.500000 0.000049
-25.450000 0.000050
-25.400000 0.000056
-25.350000 0.000054
-25.300000 0.000056
-25.250000 0.000050
-25.200000 0.000048
-25.150000 0.000039
-25.100000 0.000035
-25.050000 0.000024
-25.000000 0.000018
-24.950000 0.000005
-24.900000 -0.000002
-24.850000 -0.000015
-24.800000 -0.000021
-24.750000 -0.000034
-24.700000 -0.000038
-24.650000 -0.000049
-24.600000 -0.000051
-24.550000 -0.000058
-24.500000 -0.000057
-24.450000 -0.000060
-24.400000 -0.000055
-24.350000 -0.000055
-24.300000 -0.000046
-24.250000 -0.000042
-24.200000 -0.000030
-24.150000 -0.000023
-24.100000 -0.000009
-24.050000 -0.000001
-24.000000 0.000014
-23.950000 0.000021
-23.900000 0.000035
-23.850000 0.000041
-23.800000 0.000052
-23.750000 0.000054
-23.700000 0.000062
-23.650000 0.000060
-23.600000 0.000064
-23.550000 0.000058
-23.500000 0.000058
-23.450000 0.000049
-23.400000 0.000046
-23.350000 0.000033
-23.300000 0.000028
-23.250000 0.000014
-23.200000 0.000008
-23.150000 -0.000007
-23.100000 -0.000014
-23.050000 -0.000028
-23.000000 -0.000033
-22.950000 -0.000046
-22.900000 -0.000050
-22.850000 -0.000060
-22.800000 -0.000060
-22.750000 -0.000067
-22.700000 -0.000064
-22.650000 -0.000067
-22.600000 -0.000059
-22.550000 -0.000058
-22.500000 -0.000046
-22.450000 -0.000042
-22.400000 -0.000027
-22.350000 -0.000020
-22.300000 -0.000004
-22.250000 0.000004
-22.200000 0.000020
-22.150000 0.000028
-22.100000 0.000043
-22.050000 0.000047
-22.000000 0.000060
-21.950000 0.000061
-21.900000 0.000069
-21.850000 0.000067
-21.800000 0.000071
-21.750000 0.000065
-21.700000 0.000065
-21.650000 0.000055
-21.600000 0.000052
-21.550000 0.000039
-21.500000 0.000034
-21.450000 0.000019
-21.400000 0.000012
-21.350000 -0.000004
-21.300000 -0.000011
-21.250000 -0.000027
-21.200000 -0.000033
-21.150000 -0.000047
-21.100000 -0.000051
-21.050000 -0.000064
-21.000000 -0.000065
-20.950000 -0.000074
-20.900000 -0.000072
-20.850000 -0.000077
-20.800000 -0.000070
-20.750000 -0.000070
-20.700000 -0.000059
-20.650000 -0.000056
-20.600000 -0.000041
-20.550000 -0.000035
-20.500000 -0.000018
-20.450000 -0.000010
-20.400000 0.000008
-20.350000 0.000016
-20.300000 0.000034
-20.250000 0.000040
-20.200000 0.000055
-20.150000 0.000059
-20.100000 0.000071
-20.050000 0.000070
-20.000000 0.000079
-19.950000 0.000074
-19.900000 0.000079
-19.850000 0.000071
-19.800000 0.000072
-19.750000 0.000060
-19.700000 0.000057
-19.650000 0.000043
-19.600000 0.000038
-19.550000 0.000021
-19.500000 0.000015
-19.450000 -0.000003
-19.400000 -0.000010
-19.350000 -0.000028
-19.300000 -0.000035
-19.250000 -0.000052
-19.200000 -0.000056
-19.150000 -0.000071
-19.100000 -0.000072
-19.050000 -0.000084
-19.000000 -0.000081
-18.950000 -0.000088
-18.900000 -0.000081
-18.850000 -0.000083
-18.800000 -0.000071
-18.750000 -0.000069
-18.700000 -0.000053
-18.650000 -0.000048
-18.600000 -0.000030
-18.550000 -0.000023
-18.500000 -0.000003
-18.450000 0.000005
-18.400000 0.000024
-18.350000 0.000031
-18.300000 0.000048
-18.250000 0.000053
-18.200000 0.000068
-18.150000 0.000070
-18.100000 0.000082
-18.050000 0.000080
-18.000000 0.000089
-17.950000 0.000083
-17.900000 0.000088
-17.850000 0.000079
-17.800000 0.000080
-17.750000 0.000067
-17.700000 0.000065
-17.650000 0.000049
-17.600000 0.000044
-17.550000 0.000025
-17.500000 0.000018
-17.450000 -0.000003
-17.400000 -0.000011
-17.350000 -0.000031
-17.300000 -0.000038
-17.250000 -0.000058
-17.200000 -0.000063
-17.150000 -0.000079
-17.100000 -0.000081
-17.050000 -0.000093
-17.000000 -0.000091
-16.950000 -0.000099
-16.900000 -0.000091
-16.850000 -0.000095
-16.800000 -0.000083
-16.750000 -0.000083
-16.700000 -0.000067
-16.650000 -0.000064
-16.600000 -0.000046
-16.550000 -0.000040
-16.500000 -0.000020
-16.450000 -0.000014
-16.400000 0.000007
-16.350000 0.000013
-16.300000 0.000033
-16.250000 0.000039
-16.200000 0.000058
-16.150000 0.000062
-16.100000 0.000079
-16.050000 0.000080
-16.000000 0.000095
-15.950000 0.000093
-15.900000 0.000103
-15.850000 0.000097
-15.800000 0.000104
-15.750000 0.000093
-15.700000 0.000095
-15.650000 0.000080
-15.600000 0.000078
-15.550000 0.000059
-15.500000 0.000054
-15.450000 0.000032
-15.400000 0.000025
-15.350000 0.000002
-15.300000 -0.000005
-15.250000 -0.000028
-15.200000 -0.000035
-15.150000 -0.000056
-15.100000 -0.000060
-15.050000 -0.000079
-15.000000 -0.000080
-14.950000 -0.000096
-14.900000 -0.000094
-14.850000 -0.000106
-14.800000 -0.000100
-14.750000 -0.000108
-14.700000 -0.000099
-14.650000 -0.000103
-14.600000 -0.000090
-14.550000 -0.000092
-14.500000 -0.000075
-14.450000 -0.000074
-14.400000 -0.000054
-14.350000 -0.000050
-14.300000 -0.000028
-14.250000 -0.000022
-14.200000 0.000001
-14.150000 0.000008
-14.100000 0.000032
-14.050000 0.000039
-14.000000 0.000062
-13.950000 0.000067
-13.900000 0.000087
-13.850000 0.000089
-13.800000 0.000106
-13.750000 0.000104
-13.700000 0.000117
-13.650000 0.000110
-13.600000 0.000119
-13.550000 0.000108
-13.500000 0.000112
-13.450000 0.000097
-13.400000 0.000098
-13.350000 0.000080
-13.300000 0.000078
-13.250000 0.000058
-13.200000 0.000054
-13.150000 0.000032
-13.100000 0.000027
-13.050000 0.000004
-13.000000 -0.000001
-12.950000 -0.000025
-12.900000 -0.000030
-12.850000 -0.000053
-12.800000 -0.000058
-12.750000 -0.000080
-12.700000 -0.000082
-12.650000 -0.000102
-12.600000 -0.000101
-12.550000 -0.000118
-12.500000 -0.000114
-12.450000 -0.000127
-12.400000 -0.000119
-12.350000 -0.000127
-12.300000 -0.000114
-12.250000 -0.000118
-12.200000 -0.000101
-12.150000 -0.000101
-12.100000 -0.000081
-12.050000 -0.000078
-12.000000 -0.000055
-11.950000 -0.000050
-11.900000 -0.000026
-11.850000 -0.000021
-11.800000 0.000004
-11.750000 0.000009
-11.700000 0.000033
-11.650000 0.000037
-11.600000 0.000060
-11.550000 0.000063
-11.500000 0.000084
-11.450000 0.000085
-11.400000 0.000105
-11.350000 0.000103
-11.300000 0.000120
-11.250000 0.000116
-11.200000 0.000130
-11.150000 0.000123
-11.100000 0.000133
-11.050000 0.000122
-11.000000 0.000129
-10.950000 0.000113
-10.900000 0.000116
-10.850000 0.000096
-10.800000 0.000096
-10.750000 0.000073
-10.700000 0.000070
-10.650000 0.000045
-10.600000 0.000041
-10.550000 0.000015
-10.500000 0.000009
-10.450000 -0.000017
-10.400000 -0.000021
-10.350000 -0.000046
-10.300000 -0.000049
-10.250000 -0.000073
-10.200000 -0.000074
-10.150000 -0.000095
-10.100000 -0.000094
-10.050000 -0.000113
-10.000000 -0.000109
-9.950000 -0.000126
-9.900000 -0.000120
-9.850000 -0.000135
-9.800000 -0.000126
-9.750000 -0.000138
-9.700000 -0.000126
-9.650000 -0.000135
-9.600000 -0.000120
-9.550000 -0.000125
-9.500000 -0.000106
-9.450000 -0.000108
-9.400000 -0.000086
-9.350000 -0.000086
-9.300000 -0.000061
-9.250000 -0.000058
-9.200000 -0.000032
-9.150000 -0.000028
-9.100000 -0.000002
-9.050000 0.000002
-9.000000 0.000028
-8.950000 0.000031
-8.900000 0.000056
-8.850000 0.000057
-8.800000 0.000080
-8.750000 0.000080
-8.700000 0.000101
-8.650000 0.000098
-8.600000 0.000117
-8.550000 0.000112
-8.500000 0.000130
-8.450000 0.000123
-8.400000 0.000138
-8.350000 0.000129
-8.300000 0.000141
-8.250000 0.000130
-8.200000 0.000140
-8.150000 0.000126
-8.100000 0.000133
-8.050000 0.000116
-8.000000 0.000121
-7.950000 0.000100
-7.900000 0.000102
-7.850000 0.000079
-7.800000 0.000079
-7.750000 0.000054
-7.700000 0.000053
-7.650000 0.000027
-7.600000 0.000025
-7.550000 -0.000000
-7.500000 -0.000002
-7.450000 -0.000026
-7.400000 -0.000027
-7.350000 -0.000050
-7.300000 -0.000049
-7.250000 -0.000071
-7.200000 -0.000069
-7.150000 -0.000090
-7.100000 -0.000086
-7.050000 -0.000106
-7.000000 -0.000101
-6.950000 -0.000120
-6.900000 -0.000113
-6.850000 -0.000131
-6.800000 -0.000123
-6.750000 -0.000138
-6.700000 -0.000129
-6.650000 -0.000142
-6.600000 -0.000130
-6.550000 -0.000140
-6.500000 -0.000125
-6.450000 -0.000134
-6.400000 -0.000116
-6.350000 -0.000122
-6.300000 -0.000102
-6.250000 -0.000106
-6.200000 -0.000085
-6.150000 -0.000088
-6.100000 -0.000066
-6.050000 -0.000069
-6.000000 -0.000047
-5.950000 -0.000049
-5.900000 -0.000028
-5.850000 -0.000031
-5.800000 -0.000010
-5.750000 -0.000014
-5.700000 0.000007
-5.650000 0.000003
-5.600000 0.000024
-5.550000 0.000019
-5.500000 0.000040
-5.450000 0.000036
-5.400000 0.000057
-5.350000 0.000052
-5.300000 0.000073
-5.250000 0.000067
-5.200000 0.000087
-5.150000 0.000080
-5.100000 0.000099
-5.050000 0.000090
-5.000000 0.000106
-4.950000 0.000096
-4.900000 0.000110
-4.850000 0.000097
-4.800000 0.000110
-4.750000 0.000096
-4.700000 0.000107
-4.650000 0.000092
-4.600000 0.000102
-4.550000 0.000087
-4.500000 0.000097
-4.450000 0.000081
-4.400000 0.000091
-4.350000 0.000076
-4.300000 0.000086
-4.250000 0.000071
-4.200000 0.000081
-4.150000 0.000064
-4.100000 0.000074
-4.050000 0.000057
-4.000000 0.000065
-3.950000 0.000047
-3.900000 0.000055
-3.850000 0.000036
-3.800000 0.000042
-3.750000 0.000022
-3.700000 0.000028
-3.650000 0.000008
-3.600000 0.000013
-3.550000 -0.000007
-3.500000 -0.000001
-3.450000 -0.000021
-3.400000 -0.000014
-3.350000 -0.000034
-3.300000 -0.000027
-3.250000 -0.000047
-3.200000 -0.000041
-3.150000 -0.000062
-3.100000 -0.000057
-3.050000 -0.000080
-3.000000 -0.000078
-2.950000 -0.000104
-2.900000 -0.000105
-2.850000 -0.000135
-2.800000 -0.000140
-2.750000 -0.000174
-2.700000 -0.000184
-2.650000 -0.000223
-2.600000 -0.000237
-2.550000 -0.000281
-2.500000 -0.000301
-2.450000 -0.000351
-2.400000 -0.000379
-2.350000 -0.000437
-2.300000 -0.000473
-2.250000 -0.000541
-2.200000 -0.000589
-2.150000 -0.000670
-2.100000 -0.000732
-2.050000 -0.000830
-2.000000 -0.000910
-1.950000 -0.001028
-1.900000 -0.001132
-1.850000 -0.001275
-1.800000 -0.001407
-1.750000 -0.001580
-1.700000 -0.001745
-1.650000 -0.001956
-1.600000 -0.002160
-1.550000 -0.002415
-1.500000 -0.002668
-1.450000 -0.002976
-1.400000 -0.003288
-1.350000 -0.003660
-1.300000 -0.004043
-1.250000 -0.004495
-1.200000 -0.004966
-1.150000 -0.005514
-1.100000 -0.006093
-1.050000 -0.006760
-1.000000 -0.007470
-0.950000 -0.008283
-0.900000 -0.009154
-0.850000 -0.010145
-0.800000 -0.011211
-0.750000 -0.012418
-0.700000 -0.013723
-0.650000 -0.015192
-0.600000 -0.016786
-0.550000 -0.018573
-0.500000 -0.020519
-0.450000 -0.022693
-0.400000 -0.025065
-0.350000 -0.027710
-0.300000 -0.030600
-0.250000 -0.033816
-0.200000 -0.037336
-0.150000 -0.041245
-0.100000 -0.045528
-0.050000 -0.050278
0.000000 -0.055485
0.050000 -0.061251
0.100000 -0.067575
0.150000 -0.074568
0.200000 -0.082239
0.250000 -0.090708
0.300000 -0.099995
0.350000 -0.110234
0.400000 -0.121456
0.450000 -0.133808
0.500000 -0.147336
0.550000 -0.162199
0.600000 -0.178458
0.650000 -0.196286
0.700000 -0.215758
0.750000 -0.237063
0.800000 -0.260285
0.850000 -0.285626
0.900000 -0.313180
0.950000 -0.343153
1.000000 -0.375643
1.050000 -0.410854
1.100000 -0.448876
1.150000 -0.489898
1.200000 -0.533988
1.250000 -0.581302
1.300000 -0.631863
1.350000 -0.685771
1.400000 -0.742978
1.450000 -0.803497
1.500000 -0.867177
1.550000 -0.933913
1.600000 -1.003415
1.650000 -1.075424
1.700000 -1.149484
1.750000 -1.225154
1.800000 -1.301790
1.850000 -1.378760
1.900000 -1.455235
1.950000 -1.530408
2.000000 -1.603295
2.050000 -1.672966
2.100000 -1.738354
2.150000 -1.798493
2.200000 -1.852338
2.250000 -1.899005
2.300000 -1.937595
2.350000 -1.967438
2.400000 -1.987905
2.450000 -1.998646
2.500000 -1.999394
2.550000 -1.990187
2.600000 -1.971156
2.650000 -1.942729
2.700000 -1.905402
2.750000 -1.859932
2.800000 -1.807095
2.850000 -1.747869
2.900000 -1.683187
2.950000 -1.614120
3.000000 -1.541632
3.050000 -1.466765
3.100000 -1.390406
3.150000 -1.313482
3.200000 -1.236727
3.250000 -1.160896
3.300000 -1.086539
3.350000 -1.014219
3.400000 -0.944297
3.450000 -0.877154
3.500000 -0.812982
3.550000 -0.752006
3.600000 -0.694276
3.650000 -0.639895
3.700000 -0.588810
3.750000 -0.541034
3.800000 -0.496440
3.850000 -0.454983
3.900000 -0.416492
3.950000 -0.380885
4.000000 -0.347969
4.050000 -0.317646
4.100000 -0.289712
4.150000 -0.264068
4.200000 -0.240512
4.250000 -0.218952
4.300000 -0.199191
4.350000 -0.181149
4.400000 -0.164644
4.450000 -0.149606
4.500000 -0.135867
4.550000 -0.123373
4.600000 -0.111969
4.650000 -0.101616
4.700000 -0.092172
4.750000 -0.083611
4.800000 -0.075805
4.850000 -0.068738
4.900000 -0.062295
4.950000 -0.056470
5.000000 -0.051158
5.050000 -0.046363
5.100000 -0.041989
5.150000 -0.038046
5.200000 -0.034447
5.250000 -0.031209
5.300000 -0.028250
5.350000 -0.025594
5.400000 -0.023162
5.450000 -0.020986
5.500000 -0.018989
5.550000 -0.017206
5.600000 -0.015567
5.650000 -0.014107
5.700000 -0.012760
5.750000 -0.011566
5.800000 -0.010459
5.850000 -0.009481
5.900000 -0.008570
5.950000 -0.007770
6.000000 -0.007020
6.050000 -0.006366
6.100000 -0.005747
6.150000 -0.005212
6.200000 -0.004703
6.250000 -0.004267
6.300000 -0.003847
6.350000 -0.003492
6.400000 -0.003146
6.450000 -0.002859
6.500000 -0.002574
6.550000 -0.002342
6.600000 -0.002108
6.650000 -0.001921
6.700000 -0.001728
6.750000 -0.001579
6.800000 -0.001418
6.850000 -0.001299
6.900000 -0.001165
6.950000 -0.001069
7.000000 -0.000956
7.050000 -0.000878
7.100000 -0.000782
7.150000 -0.000720
7.200000 -0.000638
7.250000 -0.000588
7.300000 -0.000517
7.350000 -0.000478
7.400000 -0.000417
7.450000 -0.000388
7.500000 -0.000336
7.550000 -0.000315
7.600000 -0.000272
7.650000 -0.000259
7.700000 -0.000222
7.750000 -0.000215
7.800000 -0.000184
7.850000 -0.000181
7.900000 -0.000154
7.950000 -0.000154
8.000000 -0.000129
8.050000 -0.000132
8.100000 -0.000108
8.150000 -0.000112
8.200000 -0.000089
8.250000 -0.000093
8.300000 -0.000070
8.350000 -0.000075
8.400000 -0.000053
8.450000 -0.000058
8.500000 -0.000037
8.550000 -0.000044
8.600000 -0.000025
8.650000 -0.000033
8.700000 -0.000016
8.750000 -0.000026
8.800000 -0.000011
8.850000 -0.000023
8.900000 -0.000010
8.950000 -0.000023
9.000000 -0.000011
9.050000 -0.000025
9.100000 -0.000013
9.150000 -0.000027
9.200000 -0.000014
9.250000 -0.000027
9.300000 -0.000013
9.350000 -0.000025
9.400000 -0.000010
9.450000 -0.000020
9.500000 -0.000004
9.550000 -0.000014
9.600000 0.000003
9.650000 -0.000007
9.700000 0.000009
9.750000 -0.000002
9.800000 0.000013
9.850000 0.000001
9.900000 0.000014
9.950000 -0.000000
10.000000 0.000012
10.050000 -0.000004
10.100000 0.000007
10.150000 -0.000009
10.200000 0.000002
10.250000 -0.000014
10.300000 -0.000002
10.350000 -0.000017
10.400000 -0.000005
10.450000 -0.000018
10.500000 -0.000004
10.550000 -0.000016
10.600000 -0.000001
10.650000 -0.000012
10.700000 0.000004
10.750000 -0.000006
10.800000 0.000010
10.850000 -0.000001
10.900000 0.000015
10.950000 0.000003
11.000000 0.000017
11.050000 0.000004
11.100000 0.000017
11.150000 0.000002
11.200000 0.000013
11.250000 -0.000003
11.300000 0.000007
11.350000 -0.000009
11.400000 0.000001
11.450000 -0.000015
11.500000 -0.000003
11.550000 -0.000018
11.600000 -0.000005
11.650000 -0.000018
11.700000 -0.000004
11.750000 -0.000015
11.800000 0.000001
11.850000 -0.000010
11.900000 0.000007
11.950000 -0.000003
12.000000 0.000013
12.050000 0.000002
12.100000 0.000017
12.150000 0.000005
12.200000 0.000018
12.250000 0.000005
12.300000 0.000017
12.350000 0.000001
12.400000 0.000012
12.450000 -0.000004
12.500000 0.000006
12.550000 -0.000010
12.600000 0.000000
12.650000 -0.000015
12.700000 -0.000004
12.750000 -0.000019
12.800000 -0.000006
12.850000 -0.000018
12.900000 -0.000004
12.950000 -0.000015
13.000000 0.000001
13.050000 -0.000010
13.100000 0.000007
13.150000 -0.000003
13.200000 0.000014
13.250000 0.000003
13.300000 0.000018
13.350000 0.000006
13.400000 0.000020
13.450000 0.000006
13.500000 0.000018
13.550000 0.000002
13.600000 0.000013
13.650000 -0.000004
13.700000 0.000006
13.750000 -0.000011
13.800000 -0.000001
13.850000 -0.000017
13.900000 -0.000005
13.950000 -0.000020
14.000000 -0.000007
14.050000 -0.000019
14.100000 -0.000004
14.150000 -0.000015
14.200000 0.000001
14.250000 -0.000009
14.300000 0.000007
14.350000 -0.000003
14.400000 0.000014
14.450000 0.000003
14.500000 0.000018
14.550000 0.000006
14.600000 0.000020
14.650000 0.000007
14.700000 0.000019
14.750000 0.000003
14.800000 0.000014
14.850000 -0.000003
14.900000 0.000007
14.950000 -0.000010
15.000000 -0.000000
15.050000 -0.000016
15.100000 -0.000006
15.150000 -0.000020
15.200000 -0.000008
15.250000 -0.000021
15.300000 -0.000007
15.350000 -0.000018
15.400000 -0.000002
15.450000 -0.000011
15.500000 0.000006
15.550000 -0.000004
15.600000 0.000013
15.650000 0.000003
15.700000 0.000019
15.750000 0.000008
15.800000 0.000022
15.850000 0.000008
15.900000 0.000020
15.950000 0.000005
16.000000 0.000015
16.050000 -0.000001
16.100000 0.000008
16.150000 -0.000008
16.200000 0.000001
16.250000 -0.000015
16.300000 -0.000005
16.350000 -0.000020
16.400000 -0.000008
16.450000 -0.000022
16.500000 -0.000008
16.550000 -0.000020
16.600000 -0.000004
16.650000 -0.000014
16.700000 0.000002
16.750000 -0.000007
16.800000 0.000010
16.850000 0.000001
16.900000 0.000017
16.950000 0.000007
17.000000 0.000022
17.050000 0.000010
17.100000 0.000023
17.150000 0.000009
17.200000 0.000019
17.250000 0.000004
17.300000 0.000013
17.350000 -0.000004
17.400000 0.000004
17.450000 -0.000013
17.500000 -0.000004
17.550000 -0.000020
17.600000 -0.000009
17.650000 -0.000023
17.700000 -0.000011
17.750000 -0.000023
17.800000 -0.000008
17.850000 -0.000018
17.900000 -0.000002
17.950000 -0.000011
18.000000 0.000006
18.050000 -0.000002
18.100000 0.000014
18.150000 0.000005
18.200000 0.000020
18.250000 0.000010
18.300000 0.000023
18.350000 0.000011
18.400000 0.000022
18.450000 0.000008
18.500000 0.000018
18.550000 0.000002
18.600000 0.000010
18.650000 -0.000007
18.700000 0.000002
18.750000 -0.000015
18.800000 -0.000006
18.850000 -0.000021
18.900000 -0.000011
18.950000 -0.000024
19.000000 -0.000012
19.050000 -0.000023
19.100000 -0.000009
19.150000 -0.000018
19.200000 -0.000002
19.250000 -0.000009
19.300000 0.000008
19.350000 -0.000000
19.400000 0.000017
19.450000 0.000008
19.500000 0.000023
19.550000 0.000013
19.600000 0.000025
19.650000 0.000013
19.700000 0.000023
19.750000 0.000008
19.800000 0.000017
19.850000 0.000001
19.900000 0.000008
19.950000 -0.000008
20.000000 -0.000001
20.050000 -0.000017
20.100000 -0.000009
20.150000 -0.000023
20.200000 -0.000013
20.250000 -0.000025
20.300000 -0.000013
20.350000 -0.000023
20.400000 -0.000009
20.450000 -0.000018
20.500000 -0.000002
20.550000 -0.000009
20.600000 0.000007
20.650000 0.000000
20.700000 0.000016
20.750000 0.000009
20.800000 0.000023
20.850000 0.000014
20.900000 0.000027
20.950000 0.000015
21.000000 0.000025
21.050000 0.000011
21.100000 0.000019
21.150000 0.000003
21.200000 0.000010
21.250000 -0.000007
21.300000 -0.000001
21.350000 -0.000017
21.400000 -0.000010
21.450000 -0.000024
21.500000 -0.000015
21.550000 -0.000028
21.600000 -0.000016
21.650000 -0.000026
21.700000 -0.000012
21.750000 -0.000019
21.800000 -0.000004
21.850000 -0.000010
21.900000 0.000006
21.950000 0.000000
22.000000 0.000016
22.050000 0.000009
22.100000 0.000023
22.150000 0.000015
22.200000 0.000027
22.250000 0.000016
22.300000 0.000027
22.350000 0.000014
22.400000 0.000021
22.450000 0.000007
22.500000 0.000013
22.550000 -0.000003
22.600000 0.000002
22.650000 -0.000014
22.700000 -0.000008
22.750000 -0.000023
22.800000 -0.000015
22.850000 -0.000028
22.900000 -0.000018
22.950000 -0.000029
23.000000 -0.000017
23.050000 -0.000024
23.100000 -0.000010
23.150000 -0.000016
23.200000 0.000000
23.250000 -0.000004
23.300000 0.000012
23.350000 0.000007
23.400000 0.000022
23.450000 0.000015
23.500000 0.000028
23.550000 0.000019
23.600000 0.000030
23.650000 0.000018
23.700000 0.000026
23.750000 0.000012
23.800000 0.000018
23.850000 0.000003
23.900000 0.000007
23.950000 -0.000008
24.000000 -0.000004
24.050000 -0.000019
24.100000 -0.000013
24.150000 -0.000027
24.200000 -0.000019
24.250000 -0.000030
24.300000 -0.000020
24.350000 -0.000029
24.400000 -0.000016
24.450000 -0.000022
24.500000 -0.000008
24.550000 -0.000013
24.600000 0.000003
24.650000 -0.000001
24.700000 0.000015
24.750000 0.000010
24.800000 0.000025
24.850000 0.000019
24.900000 0.000031
24.950000 0.000023
25.000000 0.000032
25.050000 0.000021
25.100000 0.000027
25.150000 0.000013
25.200000 0.000017
25.250000 0.000002
25.300000 0.000005
25.350000 -0.000011
25.400000 -0.000007
25.450000 -0.000022
25.500000 -0.000017
25.550000 -0.000030
25.600000 -0.000023
25.650000 -0.000033
25.700000 -0.000023
25.750000 -0.000030
25.800000 -0.000018
25.850000 -0.000022
25.900000 -0.000008
25.950000 -0.000011
26.000000 0.000004
26.050000 0.000001
26.100000 0.000016
26.150000 0.000012
26.200000 0.000026
26.250000 0.000021
26.300000 0.000032
26.350000 0.000025
26.400000 0.000033
26.450000 0.000023
26.500000 0.000029
26.550000 0.000016
26.600000 0.000020
26.650000 0.000005
26.700000 0.000007
26.750000 -0.000008
26.800000 -0.000006
26.850000 -0.000021
26.900000 -0.000018
26.950000 -0.000031
27.000000 -0.000026
27.050000 -0.000036
27.100000 -0.000027
27.150000 -0.000034
27.200000 -0.000023
27.250000 -0.000027
27.300000 -0.000013
27.350000 -0.000015
27.400000 -0.000000
27.450000 -0.000001
27.500000 0.000014
27.550000 0.000012
27.600000 0.000025
27.650000 0.000022
27.700000 0.000033
27.750000 0.000027
27.800000 0.000036
27.850000 0.000027
27.900000 0.000033
27.950000 0.000022
28.000000 0.000025
28.050000 0.000011
28.100000 0.000013
28.150000 -0.000002
28.200000 -0.000001
28.250000 -0.000016
28.300000 -0.000015
28.350000 -0.000028
28.400000 -0.000025
28.450000 -0.000036
28.500000 -0.000031
28.550000 -0.000038
28.600000 -0.000030
28.650000 -0.000034
28.700000 -0.000023
28.750000 -0.000025
28.800000 -0.000011
28.850000 -0.000011
28.900000 0.000004
28.950000 0.000004
29.000000 0.000019
29.050000 0.000018
29.100000 0.000031
29.150000 0.000028
29.200000 0.000038
29.250000 0.000032
29.300000 0.000039
29.350000 0.000030
29.400000 0.000034
29.450000 0.000023
29.500000 0.000025
29.550000 0.000013
29.600000 0.000014
29.650000 0.000001
29.700000 0.000003
29.750000 -0.000008
29.800000 -0.000005
29.850000 -0.000013
29.900000 -0.000006
29.950000 -0.000011
