-30.000000 0.000027
-29.950000 0.000022
-29.900000 0.000045
-29.850000 0.000035
-29.800000 0.000053
-29.750000 0.000039
-29.700000 0.000053
-29.650000 0.000035
-29.600000 0.000045
-29.550000 0.000024
-29.500000 0.000031
-29.450000 0.000008
-29.400000 0.000013
-29.350000 -0.000011
-29.300000 -0.000006
-29.250000 -0.000030
-29.200000 -0.000024
-29.150000 -0.000046
-29.100000 -0.000037
-29.050000 -0.000056
-29.000000 -0.000044
-28.950000 -0.000059
-28.900000 -0.000043
-28.850000 -0.000054
-28.800000 -0.000034
-28.750000 -0.000042
-28.700000 -0.000019
-28.650000 -0.000024
-28.600000 0.000000
-28.550000 -0.000005
-28.500000 0.000020
-28.450000 0.000014
-28.400000 0.000037
-28.350000 0.000030
-28.300000 0.000050
-28.250000 0.000040
-28.200000 0.000058
-28.150000 0.000044
-28.100000 0.000059
-28.050000 0.000042
-28.000000 0.000054
-27.950000 0.000034
-27.900000 0.000043
-27.850000 0.000021
-27.800000 0.000028
-27.750000 0.000004
-27.700000 0.000009
-27.650000 -0.000015
-27.600000 -0.000010
-27.550000 -0.000034
-27.500000 -0.000027
-27.450000 -0.000050
-27.400000 -0.000041
-27.350000 -0.000061
-27.300000 -0.000049
-27.250000 -0.000065
-27.200000 -0.000049
-27.150000 -0.000061
-27.100000 -0.000042
-27.050000 -0.000050
-27.000000 -0.000027
-26.950000 -0.000033
-26.900000 -0.000008
-26.850000 -0.000012
-26.800000 0.000014
-26.750000 0.000010
-26.700000 0.000035
-26.650000 0.000029
-26.600000 0.000052
-26.550000 0.000043
-26.500000 0.000063
-26.450000 0.000050
-26.400000 0.000066
-26.350000 0.000050
-26.300000 0.000063
-26.250000 0.000043
-26.200000 0.000052
-26.150000 0.000030
-26.100000 0.000037
-26.050000 0.000014
-26.000000 0.000019
-25.950000 -0.000006
-25.900000 -0.000000
-25.850000 -0.000025
-25.800000 -0.000020
-25.750000 -0.000044
-25.700000 -0.000036
-25.650000 -0.000058
-25.600000 -0.000048
-25.550000 -0.000067
-25.500000 -0.000054
-25.450000 -0.000070
-25.400000 -0.000053
-25.350000 -0.000064
-25.300000 -0.000044
-25.250000 -0.000052
-25.200000 -0.000028
-25.150000 -0.000033
-25.100000 -0.000006
-25.050000 -0.000010
-25.000000 0.000017
-24.950000 0.000013
-24.900000 0.000039
-24.850000 0.000034
-24.800000 0.000058
-24.750000 0.000049
-24.700000 0.000070
-24.650000 0.000057
-24.600000 0.000074
-24.550000 0.000058
-24.500000 0.000070
-24.450000 0.000050
-24.400000 0.000059
-24.350000 0.000036
-24.300000 0.000043
-24.250000 0.000018
-24.200000 0.000023
-24.150000 -0.000003
-24.100000 0.000002
-24.050000 -0.000024
-24.000000 -0.000019
-23.950000 -0.000043
-23.900000 -0.000037
-23.850000 -0.000059
-23.800000 -0.000050
-23.750000 -0.000071
-23.700000 -0.000059
-23.650000 -0.000076
-23.600000 -0.000060
-23.550000 -0.000073
-23.500000 -0.000054
-23.450000 -0.000063
-23.400000 -0.000040
-23.350000 -0.000046
-23.300000 -0.000020
-23.250000 -0.000024
-23.200000 0.000004
-23.150000 0.000001
-23.100000 0.000029
-23.050000 0.000025
-23.000000 0.000051
-22.950000 0.000045
-22.900000 0.000069
-22.850000 0.000059
-22.800000 0.000079
-22.750000 0.000066
-22.700000 0.000081
-22.650000 0.000064
-22.600000 0.000075
-22.550000 0.000054
-22.500000 0.000062
-22.450000 0.000038
-22.400000 0.000044
-22.350000 0.000018
-22.300000 0.000022
-22.250000 -0.000005
-22.200000 -0.000000
-22.150000 -0.000027
-22.100000 -0.000022
-22.050000 -0.000048
-22.000000 -0.000041
-21.950000 -0.000065
-21.900000 -0.000056
-21.850000 -0.000077
-21.800000 -0.000065
-21.750000 -0.000083
-21.700000 -0.000068
-21.650000 -0.000082
-21.600000 -0.000063
-21.550000 -0.000073
-21.500000 -0.000050
-21.450000 -0.000056
-21.400000 -0.000030
-21.350000 -0.000034
-21.300000 -0.000005
-21.250000 -0.000008
-21.200000 0.000021
-21.150000 0.000019
-21.100000 0.000047
-21.050000 0.000042
-21.000000 0.000068
-20.950000 0.000060
-20.900000 0.000082
-20.850000 0.000071
-20.800000 0.000089
-20.750000 0.000073
-20.700000 0.000087
-20.650000 0.000067
-20.600000 0.000078
-20.550000 0.000055
-20.500000 0.000062
-20.450000 0.000037
-20.400000 0.000042
-20.350000 0.000015
-20.300000 0.000019
-20.250000 -0.000008
-20.200000 -0.000004
-20.150000 -0.000032
-20.100000 -0.000027
-20.050000 -0.000054
-20.000000 -0.000048
-19.950000 -0.000073
-19.900000 -0.000065
-19.850000 -0.000086
-19.800000 -0.000075
-19.750000 -0.000093
-19.700000 -0.000078
-19.650000 -0.000092
-19.600000 -0.000073
-19.550000 -0.000083
-19.500000 -0.000060
-19.450000 -0.000066
-19.400000 -0.000039
-19.350000 -0.000042
-19.300000 -0.000013
-19.250000 -0.000015
-19.200000 0.000015
-19.150000 0.000014
-19.100000 0.000043
-19.050000 0.000039
-19.000000 0.000066
-18.950000 0.000060
-18.900000 0.000083
-18.850000 0.000074
-18.800000 0.000094
-18.750000 0.000080
-18.700000 0.000096
-18.650000 0.000079
-18.600000 0.000091
-18.550000 0.000071
-18.500000 0.000081
-18.450000 0.000057
-18.400000 0.000064
-18.350000 0.000039
-18.300000 0.000043
-18.250000 0.000016
-18.200000 0.000019
-18.150000 -0.000009
-18.100000 -0.000006
-18.050000 -0.000035
-18.000000 -0.000032
-17.950000 -0.000060
-17.900000 -0.000056
-17.850000 -0.000082
-17.800000 -0.000075
-17.750000 -0.000097
-17.700000 -0.000087
-17.650000 -0.000105
-17.600000 -0.000091
-17.550000 -0.000104
-17.500000 -0.000085
-17.450000 -0.000095
-17.400000 -0.000071
-17.350000 -0.000077
-17.300000 -0.000050
-17.250000 -0.000053
-17.200000 -0.000024
-17.150000 -0.000026
-17.100000 0.000004
-17.050000 0.000002
-17.000000 0.000031
-16.950000 0.000029
-16.900000 0.000056
-16.850000 0.000051
-16.800000 0.000076
-16.750000 0.000070
-16.700000 0.000092
-16.650000 0.000082
-16.600000 0.000101
-16.550000 0.000089
-16.500000 0.000105
-16.450000 0.000089
-16.400000 0.000102
-16.350000 0.000083
-16.300000 0.000093
-16.250000 0.000070
-16.200000 0.000076
-16.150000 0.000051
-16.100000 0.000054
-16.050000 0.000026
-16.000000 0.000027
-15.950000 -0.000003
-15.900000 -0.000003
-15.850000 -0.000033
-15.800000 -0.000033
-15.750000 -0.000062
-15.700000 -0.000060
-15.650000 -0.000086
-15.600000 -0.000081
-15.550000 -0.000104
-15.500000 -0.000094
-15.450000 -0.000113
-15.400000 -0.000100
-15.350000 -0.000114
-15.300000 -0.000097
-15.250000 -0.000108
-15.200000 -0.000087
-15.150000 -0.000095
-15.100000 -0.000071
-15.050000 -0.000076
-15.000000 -0.000051
-14.950000 -0.000054
-14.900000 -0.000027
-14.850000 -0.000029
-14.800000 -0.000002
-14.750000 -0.000003
-14.700000 0.000025
-14.650000 0.000023
-14.600000 0.000051
-14.550000 0.000049
-14.500000 0.000075
-14.450000 0.000072
-14.400000 0.000097
-14.350000 0.000091
-14.300000 0.000113
-14.250000 0.000104
-14.200000 0.000122
-14.150000 0.000109
-14.100000 0.000122
-14.050000 0.000105
-14.000000 0.000114
-13.950000 0.000093
-13.900000 0.000098
-13.850000 0.000073
-13.800000 0.000075
-13.750000 0.000047
-13.700000 0.000048
-13.650000 0.000019
-13.600000 0.000019
-13.550000 -0.000010
-13.500000 -0.000010
-13.450000 -0.000037
-13.400000 -0.000036
-13.350000 -0.000062
-13.300000 -0.000059
-13.250000 -0.000083
-13.200000 -0.000079
-13.150000 -0.000101
-13.100000 -0.000094
-13.050000 -0.000113
-13.000000 -0.000104
-12.950000 -0.000121
-12.900000 -0.000109
-12.850000 -0.000123
-12.800000 -0.000107
-12.750000 -0.000118
-12.700000 -0.000099
-12.650000 -0.000107
-12.600000 -0.000084
-12.550000 -0.000088
-12.500000 -0.000063
-12.450000 -0.000064
-12.400000 -0.000036
-12.350000 -0.000035
-12.300000 -0.000006
-12.250000 -0.000004
-12.200000 0.000025
-12.150000 0.000027
-12.100000 0.000055
-12.050000 0.000055
-12.000000 0.000081
-11.950000 0.000078
-11.900000 0.000101
-11.850000 0.000095
-11.800000 0.000115
-11.750000 0.000107
-11.700000 0.000123
-11.650000 0.000112
-11.600000 0.000126
-11.550000 0.000112
-11.500000 0.000123
-11.450000 0.000107
-11.400000 0.000116
-11.350000 0.000098
-11.300000 0.000105
-11.250000 0.000084
-11.200000 0.000088
-11.150000 0.000065
-11.100000 0.000067
-11.050000 0.000042
-11.000000 0.000042
-10.950000 0.000014
-10.900000 0.000013
-10.850000 -0.000015
-10.800000 -0.000017
-10.750000 -0.000045
-10.700000 -0.000047
-10.650000 -0.000073
-10.600000 -0.000073
-10.550000 -0.000097
-10.500000 -0.000094
-10.450000 -0.000115
-10.400000 -0.000109
-10.350000 -0.000127
-10.300000 -0.000118
-10.250000 -0.000132
-10.200000 -0.000120
-10.150000 -0.000132
-10.100000 -0.000117
-10.050000 -0.000126
-10.000000 -0.000108
-9.950000 -0.000116
-9.900000 -0.000097
-9.850000 -0.000102
-9.800000 -0.000082
-9.750000 -0.000086
-9.700000 -0.000064
-9.650000 -0.000066
-9.600000 -0.000043
-9.550000 -0.000044
-9.500000 -0.000020
-9.450000 -0.000019
-9.400000 0.000006
-9.350000 0.000008
-9.300000 0.000034
-9.250000 0.000035
-9.200000 0.000061
-9.150000 0.000062
-9.100000 0.000086
-9.050000 0.000086
-9.000000 0.000107
-8.950000 0.000104
-8.900000 0.000123
-8.850000 0.000116
-8.800000 0.000132
-8.750000 0.000122
-8.700000 0.000134
-8.650000 0.000122
-8.600000 0.000132
-8.550000 0.000117
-8.500000 0.000125
-8.450000 0.000109
-8.400000 0.000116
-8.350000 0.000099
-8.300000 0.000104
-8.250000 0.000086
-8.200000 0.000090
-8.150000 0.000071
-8.100000 0.000074
-8.050000 0.000054
-8.000000 0.000055
-7.950000 0.000034
-7.900000 0.000034
-7.850000 0.000011
-7.800000 0.000011
-7.750000 -0.000013
-7.700000 -0.000014
-7.650000 -0.000038
-7.600000 -0.000039
-7.550000 -0.000062
-7.500000 -0.000062
-7.450000 -0.000083
-7.400000 -0.000081
-7.350000 -0.000101
-7.300000 -0.000096
-7.250000 -0.000113
-7.200000 -0.000106
-7.150000 -0.000120
-7.100000 -0.000111
-7.050000 -0.000123
-7.000000 -0.000112
-6.950000 -0.000123
-6.900000 -0.000110
-6.850000 -0.000120
-6.800000 -0.000107
-6.750000 -0.000115
-6.700000 -0.000102
-6.650000 -0.000110
-6.600000 -0.000096
-6.550000 -0.000104
-6.500000 -0.000089
-6.450000 -0.000095
-6.400000 -0.000078
-6.350000 -0.000083
-6.300000 -0.000065
-6.250000 -0.000067
-6.200000 -0.000048
-6.150000 -0.000049
-6.100000 -0.000029
-6.050000 -0.000029
-6.000000 -0.000008
-5.950000 -0.000009
-5.900000 0.000011
-5.850000 0.000010
-5.800000 0.000029
-5.750000 0.000026
-5.700000 0.000044
-5.650000 0.000040
-5.600000 0.000055
-5.550000 0.000049
-5.500000 0.000064
-5.450000 0.000057
-5.400000 0.000070
-5.350000 0.000063
-5.300000 0.000075
-5.250000 0.000067
-5.200000 0.000080
-5.150000 0.000072
-5.100000 0.000085
-5.050000 0.000077
-5.000000 0.000089
-4.950000 0.000082
-4.900000 0.000093
-4.850000 0.000085
-4.800000 0.000096
-4.750000 0.000086
-4.700000 0.000095
-4.650000 0.000084
-4.600000 0.000091
-4.550000 0.000079
-4.500000 0.000084
-4.450000 0.000071
-4.400000 0.000075
-4.350000 0.000061
-4.300000 0.000066
-4.250000 0.000052
-4.200000 0.000057
-4.150000 0.000044
-4.100000 0.000050
-4.050000 0.000038
-4.000000 0.000046
-3.950000 0.000035
-3.900000 0.000043
-3.850000 0.000033
-3.800000 0.000041
-3.750000 0.000031
-3.700000 0.000039
-3.650000 0.000028
-3.600000 0.000035
-3.550000 0.000023
-3.500000 0.000029
-3.450000 0.000016
-3.400000 0.000021
-3.350000 0.000008
-3.300000 0.000012
-3.250000 -0.000002
-3.200000 0.000002
-3.150000 -0.000012
-3.100000 -0.000008
-3.050000 -0.000022
-3.000000 -0.000018
-2.950000 -0.000031
-2.900000 -0.000027
-2.850000 -0.000041
-2.800000 -0.000038
-2.750000 -0.000054
-2.700000 -0.000052
-2.650000 -0.000070
-2.600000 -0.000072
-2.550000 -0.000093
-2.500000 -0.000100
-2.450000 -0.000126
-2.400000 -0.000137
-2.350000 -0.000169
-2.300000 -0.000187
-2.250000 -0.000226
-2.200000 -0.000251
-2.150000 -0.000297
-2.100000 -0.000330
-2.050000 -0.000384
-2.000000 -0.000426
-1.950000 -0.000489
-1.900000 -0.000541
-1.850000 -0.000616
-1.800000 -0.000682
-1.750000 -0.000772
-1.700000 -0.000854
-1.650000 -0.000962
-1.600000 -0.001066
-1.550000 -0.001198
-1.500000 -0.001328
-1.450000 -0.001489
-1.400000 -0.001652
-1.350000 -0.001850
-1.300000 -0.002052
-1.250000 -0.002293
-1.200000 -0.002544
-1.150000 -0.002837
-1.100000 -0.003145
-1.050000 -0.003502
-1.000000 -0.003880
-0.950000 -0.004313
-0.900000 -0.004775
-0.850000 -0.005301
-0.800000 -0.005866
-0.750000 -0.006505
-0.700000 -0.007194
-0.650000 -0.007971
-0.600000 -0.008814
-0.550000 -0.009760
-0.500000 -0.010789
-0.450000 -0.011942
-0.400000 -0.013199
-0.350000 -0.014604
-0.300000 -0.016140
-0.250000 -0.017853
-0.200000 -0.019728
-0.150000 -0.021814
-0.100000 -0.024102
-0.050000 -0.026643
0.000000 -0.029431
0.050000 -0.032522
0.100000 -0.035917
0.150000 -0.039676
0.200000 -0.043805
0.250000 -0.048372
0.300000 -0.053391
0.350000 -0.058935
0.400000 -0.065027
0.450000 -0.071751
0.500000 -0.079139
0.550000 -0.087285
0.600000 -0.096231
0.650000 -0.106083
0.700000 -0.116896
0.750000 -0.128789
0.800000 -0.141831
0.850000 -0.156153
0.900000 -0.171838
0.950000 -0.189032
1.000000 -0.207833
1.050000 -0.228399
1.100000 -0.250842
1.150000 -0.275332
1.200000 -0.301989
1.250000 -0.330992
1.300000 -0.362465
1.350000 -0.396585
1.400000 -0.433473
1.450000 -0.473294
1.500000 -0.516150
1.550000 -0.562176
1.600000 -0.611434
1.650000 -0.664011
1.700000 -0.719902
1.750000 -0.779114
1.800000 -0.841547
1.850000 -0.907093
1.900000 -0.975522
1.950000 -1.046580
2.000000 -1.119874
2.050000 -1.194972
2.100000 -1.271298
2.150000 -1.348229
2.200000 -1.424997
2.250000 -1.500801
2.300000 -1.574710
2.350000 -1.645784
2.400000 -1.712992
2.450000 -1.775340
2.500000 -1.831794
2.550000 -1.881418
2.600000 -1.923300
2.650000 -1.956691
2.700000 -1.980928
2.750000 -1.995562
2.800000 -2.000278
2.850000 -1.995009
2.900000 -1.979834
2.950000 -1.955079
3.000000 -1.921202
3.050000 -1.878874
3.100000 -1.828853
3.150000 -1.772055
3.200000 -1.709419
3.250000 -1.641979
3.300000 -1.570731
3.350000 -1.496701
3.400000 -1.420828
3.450000 -1.344036
3.500000 -1.267124
3.550000 -1.190853
3.600000 -1.115842
3.650000 -1.042660
3.700000 -0.971737
3.750000 -0.903457
3.800000 -0.838074
3.850000 -0.775813
3.900000 -0.716779
3.950000 -0.661067
4.000000 -0.608671
4.050000 -0.559591
4.100000 -0.513743
4.150000 -0.471059
4.200000 -0.431406
4.250000 -0.394678
4.300000 -0.360713
4.350000 -0.329387
4.400000 -0.300525
4.450000 -0.273998
4.500000 -0.249632
4.550000 -0.227302
4.600000 -0.206843
4.650000 -0.188138
4.700000 -0.171033
4.750000 -0.155428
4.800000 -0.141180
4.850000 -0.128203
4.900000 -0.116370
4.950000 -0.105609
5.000000 -0.095807
5.050000 -0.086903
5.100000 -0.078800
5.150000 -0.071448
5.200000 -0.064762
5.250000 -0.058701
5.300000 -0.053191
5.350000 -0.048203
5.400000 -0.043668
5.450000 -0.039566
5.500000 -0.035837
5.550000 -0.032466
5.600000 -0.029402
5.650000 -0.026634
5.700000 -0.024116
5.750000 -0.021844
5.800000 -0.019775
5.850000 -0.017910
5.900000 -0.016210
5.950000 -0.014680
6.000000 -0.013283
6.050000 -0.012028
6.100000 -0.010881
6.150000 -0.009851
6.200000 -0.008909
6.250000 -0.008066
6.300000 -0.007293
6.350000 -0.006604
6.400000 -0.005970
6.450000 -0.005407
6.500000 -0.004888
6.550000 -0.004429
6.600000 -0.004005
6.650000 -0.003631
6.700000 -0.003284
6.750000 -0.002979
6.800000 -0.002695
6.850000 -0.002447
6.900000 -0.002213
6.950000 -0.002010
7.000000 -0.001817
7.050000 -0.001650
7.100000 -0.001489
7.150000 -0.001352
7.200000 -0.001218
7.250000 -0.001105
7.300000 -0.000992
7.350000 -0.000900
7.400000 -0.000806
7.450000 -0.000731
7.500000 -0.000653
7.550000 -0.000593
7.600000 -0.000530
7.650000 -0.000483
7.700000 -0.000432
7.750000 -0.000396
7.800000 -0.000355
7.850000 -0.000328
7.900000 -0.000295
7.950000 -0.000275
8.000000 -0.000247
8.050000 -0.000231
8.100000 -0.000208
8.150000 -0.000195
8.200000 -0.000174
8.250000 -0.000164
8.300000 -0.000144
8.350000 -0.000135
8.400000 -0.000117
8.450000 -0.000108
8.500000 -0.000091
8.550000 -0.000084
8.600000 -0.000068
8.650000 -0.000063
8.700000 -0.000049
8.750000 -0.000046
8.800000 -0.000035
8.850000 -0.000034
8.900000 -0.000025
8.950000 -0.000027
9.000000 -0.000021
9.050000 -0.000025
9.100000 -0.000021
9.150000 -0.000026
9.200000 -0.000023
9.250000 -0.000028
9.300000 -0.000026
9.350000 -0.000030
9.400000 -0.000026
9.450000 -0.000030
9.500000 -0.000024
9.550000 -0.000026
9.600000 -0.000019
9.650000 -0.000019
9.700000 -0.000011
9.750000 -0.000011
9.800000 -0.000002
9.850000 -0.000002
9.900000 0.000006
9.950000 0.000005
10.000000 0.000011
10.050000 0.000008
10.100000 0.000012
10.150000 0.000008
10.200000 0.000010
10.250000 0.000004
10.300000 0.000005
10.350000 -0.000002
10.400000 -0.000001
10.450000 -0.000008
10.500000 -0.000008
10.550000 -0.000014
10.600000 -0.000012
10.650000 -0.000017
10.700000 -0.000014
10.750000 -0.000017
10.800000 -0.000012
10.850000 -0.000013
10.900000 -0.000007
10.950000 -0.000007
11.000000 -0.000000
11.050000 0.000000
11.100000 0.000007
11.150000 0.000007
11.200000 0.000013
11.250000 0.000012
11.300000 0.000017
11.350000 0.000014
11.400000 0.000016
11.450000 0.000011
11.500000 0.000012
11.550000 0.000005
11.600000 0.000005
11.650000 -0.000003
11.700000 -0.000004
11.750000 -0.000010
11.800000 -0.000010
11.850000 -0.000016
11.900000 -0.000014
11.950000 -0.000018
12.000000 -0.000014
12.050000 -0.000016
12.100000 -0.000010
12.150000 -0.000010
12.200000 -0.000004
12.250000 -0.000002
12.300000 0.000004
12.350000 0.000005
12.400000 0.000011
12.450000 0.000011
12.500000 0.000016
12.550000 0.000014
12.600000 0.000017
12.650000 0.000014
12.700000 0.000015
12.750000 0.000010
12.800000 0.000009
12.850000 0.000003
12.900000 0.000002
12.950000 -0.000005
13.000000 -0.000006
13.050000 -0.000012
13.100000 -0.000012
13.150000 -0.000016
13.200000 -0.000015
13.250000 -0.000018
13.300000 -0.000015
13.350000 -0.000015
13.400000 -0.000011
13.450000 -0.000009
13.500000 -0.000003
13.550000 -0.000001
13.600000 0.000005
13.650000 0.000007
13.700000 0.000013
13.750000 0.000014
13.800000 0.000018
13.850000 0.000017
13.900000 0.000019
13.950000 0.000016
14.000000 0.000015
14.050000 0.000010
14.100000 0.000008
14.150000 0.000002
14.200000 -0.000001
14.250000 -0.000007
14.300000 -0.000009
14.350000 -0.000014
14.400000 -0.000015
14.450000 -0.000018
14.500000 -0.000017
14.550000 -0.000019
14.600000 -0.000016
14.650000 -0.000015
14.700000 -0.000010
14.750000 -0.000008
14.800000 -0.000002
14.850000 0.000001
14.900000 0.000006
14.950000 0.000009
15.000000 0.000013
15.050000 0.000015
15.100000 0.000018
15.150000 0.000018
15.200000 0.000019
15.250000 0.000017
15.300000 0.000016
15.350000 0.000012
15.400000 0.000009
15.450000 0.000004
15.500000 0.000000
15.550000 -0.000005
15.600000 -0.000009
15.650000 -0.000014
15.700000 -0.000016
15.750000 -0.000019
15.800000 -0.000020
15.850000 -0.000021
15.900000 -0.000019
15.950000 -0.000017
16.000000 -0.000013
16.050000 -0.000010
16.100000 -0.000005
16.150000 -0.000000
16.200000 0.000005
16.250000 0.000010
16.300000 0.000014
16.350000 0.000017
16.400000 0.000020
16.450000 0.000020
16.500000 0.000021
16.550000 0.000019
16.600000 0.000017
16.650000 0.000014
16.700000 0.000010
16.750000 0.000005
16.800000 0.000001
16.850000 -0.000004
16.900000 -0.000008
16.950000 -0.000013
17.000000 -0.000016
17.050000 -0.000018
17.100000 -0.000020
17.150000 -0.000021
17.200000 -0.000020
17.250000 -0.000018
17.300000 -0.000016
17.350000 -0.000013
17.400000 -0.000009
17.450000 -0.000004
17.500000 0.000001
17.550000 0.000006
17.600000 0.000010
17.650000 0.000015
17.700000 0.000018
17.750000 0.000021
17.800000 0.000022
17.850000 0.000023
17.900000 0.000021
17.950000 0.000019
18.000000 0.000015
18.050000 0.000012
18.100000 0.000006
18.150000 0.000001
18.200000 -0.000005
18.250000 -0.000009
18.300000 -0.000015
18.350000 -0.000018
18.400000 -0.000022
18.450000 -0.000023
18.500000 -0.000024
18.550000 -0.000022
18.600000 -0.000021
18.650000 -0.000017
18.700000 -0.000014
18.750000 -0.000008
18.800000 -0.000004
18.850000 0.000003
18.900000 0.000007
18.950000 0.000012
19.000000 0.000015
19.050000 0.000020
19.100000 0.000021
19.150000 0.000023
19.200000 0.000022
19.250000 0.000023
19.300000 0.000019
19.350000 0.000018
19.400000 0.000012
19.450000 0.000009
19.500000 0.000002
19.550000 -0.000001
19.600000 -0.000008
19.650000 -0.000012
19.700000 -0.000018
19.750000 -0.000020
19.800000 -0.000024
19.850000 -0.000024
19.900000 -0.000026
19.950000 -0.000023
20.000000 -0.000023
20.050000 -0.000017
20.100000 -0.000015
20.150000 -0.000007
20.200000 -0.000003
20.250000 0.000005
20.300000 0.000008
20.350000 0.000016
20.400000 0.000018
20.450000 0.000024
20.500000 0.000024
20.550000 0.000028
20.600000 0.000025
20.650000 0.000026
20.700000 0.000020
20.750000 0.000018
20.800000 0.000011
20.850000 0.000008
20.900000 -0.000000
20.950000 -0.000004
21.000000 -0.000012
21.050000 -0.000014
21.100000 -0.000021
21.150000 -0.000021
21.200000 -0.000026
21.250000 -0.000024
21.300000 -0.000027
21.350000 -0.000023
21.400000 -0.000023
21.450000 -0.000017
21.500000 -0.000015
21.550000 -0.000007
21.600000 -0.000005
21.650000 0.000004
21.700000 0.000007
21.750000 0.000016
21.800000 0.000017
21.850000 0.000025
21.900000 0.000024
21.950000 0.000030
22.000000 0.000027
22.050000 0.000029
22.100000 0.000023
22.150000 0.000023
22.200000 0.000015
22.250000 0.000013
22.300000 0.000003
22.350000 -0.000000
22.400000 -0.000011
22.450000 -0.000013
22.500000 -0.000022
22.550000 -0.000023
22.600000 -0.000030
22.650000 -0.000028
22.700000 -0.000032
22.750000 -0.000027
22.800000 -0.000028
22.850000 -0.000020
22.900000 -0.000019
22.950000 -0.000010
23.000000 -0.000008
23.050000 0.000003
23.100000 0.000005
23.150000 0.000015
23.200000 0.000016
23.250000 0.000025
23.300000 0.000024
23.350000 0.000031
23.400000 0.000027
23.450000 0.000031
23.500000 0.000025
23.550000 0.000027
23.600000 0.000019
23.650000 0.000019
23.700000 0.000008
23.750000 0.000007
23.800000 -0.000004
23.850000 -0.000006
23.900000 -0.000017
23.950000 -0.000018
24.000000 -0.000028
24.050000 -0.000027
24.100000 -0.000034
24.150000 -0.000030
24.200000 -0.000034
24.250000 -0.000027
24.300000 -0.000029
24.350000 -0.000019
24.400000 -0.000018
24.450000 -0.000006
24.500000 -0.000004
24.550000 0.000009
24.600000 0.000010
24.650000 0.000022
24.700000 0.000022
24.750000 0.000032
24.800000 0.000029
24.850000 0.000036
24.900000 0.000030
24.950000 0.000034
25.000000 0.000026
25.050000 0.000027
25.100000 0.000016
25.150000 0.000016
25.200000 0.000003
25.250000 0.000002
25.300000 -0.000010
25.350000 -0.000011
25.400000 -0.000023
25.450000 -0.000022
25.500000 -0.000032
25.550000 -0.000029
25.600000 -0.000036
25.650000 -0.000031
25.700000 -0.000035
25.750000 -0.000027
25.800000 -0.000029
25.850000 -0.000018
25.900000 -0.000018
25.950000 -0.000006
26.000000 -0.000005
26.050000 0.000009
26.100000 0.000010
26.150000 0.000023
26.200000 0.000023
26.250000 0.000035
26.300000 0.000032
26.350000 0.000040
26.400000 0.000034
26.450000 0.000039
26.500000 0.000030
26.550000 0.000032
26.600000 0.000019
26.650000 0.000019
26.700000 0.000005
26.750000 0.000004
26.800000 -0.000011
26.850000 -0.000011
26.900000 -0.000025
26.950000 -0.000024
27.000000 -0.000035
27.050000 -0.000032
27.100000 -0.000040
27.150000 -0.000034
27.200000 -0.000039
27.250000 -0.000030
27.300000 -0.000033
27.350000 -0.000021
27.400000 -0.000022
27.450000 -0.000008
27.500000 -0.000008
27.550000 0.000007
27.600000 0.000007
27.650000 0.000021
27.700000 0.000021
27.750000 0.000033
27.800000 0.000031
27.850000 0.000041
27.900000 0.000035
27.950000 0.000043
28.000000 0.000034
28.050000 0.000039
28.100000 0.000027
28.150000 0.000028
28.200000 0.000014
28.250000 0.000013
28.300000 -0.000003
28.350000 -0.000004
28.400000 -0.000020
28.450000 -0.000020
28.500000 -0.000034
28.550000 -0.000032
28.600000 -0.000044
28.650000 -0.000038
28.700000 -0.000046
28.750000 -0.000037
28.800000 -0.000042
28.850000 -0.000030
28.900000 -0.000031
28.950000 -0.000017
29.000000 -0.000016
29.050000 -0.000000
29.100000 0.000001
29.150000 0.000017
29.200000 0.000017
29.250000 0.000033
29.300000 0.000031
29.350000 0.000045
29.400000 0.000041
29.450000 0.000052
29.500000 0.000046
29.550000 0.000054
29.600000 0.000045
29.650000 0.000051
29.700000 0.000039
29.750000 0.000043
29.800000 0.000029
29.850000 0.000031
29.900000 0.000016
29.950000 0.000016
