-30.000000 -0.000000
-29.950000 -0.000000
-29.900000 -0.000000
-29.850000 -0.000000
-29.800000 -0.000000
-29.750000 -0.000000
-29.700000 -0.000000
-29.650000 -0.000000
-29.600000 -0.000000
-29.550000 -0.000000
-29.500000 -0.000000
-29.450000 -0.000000
-29.400000 -0.000000
-29.350000 -0.000000
-29.300000 -0.000000
-29.250000 -0.000000
-29.200000 -0.000000
-29.150000 -0.000000
-29.100000 -0.000000
-29.050000 -0.000000
-29.000000 -0.000000
-28.950000 -0.000000
-28.900000 -0.000000
-28.850000 -0.000000
-28.800000 -0.000000
-28.750000 -0.000000
-28.700000 -0.000000
-28.650000 -0.000000
-28.600000 -0.000000
-28.550000 -0.000000
-28.500000 -0.000000
-28.450000 -0.000000
-28.400000 -0.000000
-28.350000 -0.000000
-28.300000 -0.000000
-28.250000 -0.000000
-28.200000 -0.000000
-28.150000 -0.000000
-28.100000 -0.000000
-28.050000 -0.000000
-28.000000 -0.000000
-27.950000 -0.000000
-27.900000 -0.000000
-27.850000 -0.000000
-27.800000 -0.000000
-27.750000 -0.000000
-27.700000 -0.000000
-27.650000 -0.000000
-27.600000 -0.000000
-27.550000 -0.000000
-27.500000 -0.000000
-27.450000 -0.000000
-27.400000 -0.000000
-27.350000 -0.000000
-27.300000 -0.000000
-27.250000 -0.000000
-27.200000 -0.000000
-27.150000 -0.000000
-27.100000 -0.000000
-27.050000 -0.000000
-27.000000 -0.000000
-26.950000 -0.000000
-26.900000 -0.000000
-26.850000 -0.000000
-26.800000 -0.000000
-26.750000 -0.000000
-26.700000 -0.000000
-26.650000 -0.000000
-26.600000 -0.000000
-26.550000 -0.000000
-26.500000 -0.000000
-26.450000 -0.000000
-26.400000 -0.000000
-26.350000 -0.000000
-26.300000 -0.000000
-26.250000 -0.000000
-26.200000 -0.000000
-26.150000 -0.000000
-26.100000 -0.000000
-26.050000 -0.000000
-26.000000 -0.000000
-25.950000 -0.000000
-25.900000 -0.000000
-25.850000 -0.000000
-25.800000 -0.000000
-25.750000 -0.000000
-25.700000 -0.000000
-25.650000 -0.000000
-25.600000 -0.000000
-25.550000 -0.000000
-25.500000 -0.000000
-25.450000 -0.000000
-25.400000 -0.000000
-25.350000 -0.000000
-25.300000 -0.000000
-25.250000 -0.000000
-25.200000 -0.000000
-25.150000 -0.000000
-25.100000 -0.000000
-25.050000 -0.000000
-25.000000 -0.000000
-24.950000 -0.000000
-24.900000 -0.000000
-24.850000 -0.000000
-24.800000 -0.000000
-24.750000 -0.000000
-24.700000 -0.000000
-24.650000 -0.000000
-24.600000 -0.000000
-24.550000 -0.000000
-24.500000 -0.000000
-24.450000 -0.000000
-24.400000 -0.000000
-24.350000 -0.000000
-24.300000 -0.000000
-24.250000 -0.000000
-24.200000 -0.000000
-24.150000 -0.000000
-24.100000 -0.000000
-24.050000 -0.000000
-24.000000 -0.000000
-23.950000 -0.000000
-23.900000 -0.000000
-23.850000 -0.000000
-23.800000 -0.000000
-23.750000 -0.000000
-23.700000 -0.000000
-23.650000 -0.000000
-23.600000 -0.000000
-23.550000 -0.000000
-23.500000 -0.000000
-23.450000 -0.000000
-23.400000 -0.000000
-23.350000 -0.000000
-23.300000 -0.000000
-23.250000 -0.000000
-23.200000 -0.000000
-23.150000 -0.000000
-23.100000 -0.000000
-23.050000 -0.000000
-23.000000 -0.000000
-22.950000 -0.000000
-22.900000 -0.000000
-22.850000 -0.000000
-22.800000 -0.000000
-22.750000 -0.000000
-22.700000 -0.000000
-22.650000 -0.000000
-22.600000 -0.000000
-22.550000 -0.000000
-22.500000 -0.000000
-22.450000 -0.000000
-22.400000 -0.000000
-22.350000 -0.000000
-22.300000 -0.000000
-22.250000 -0.000000
-22.200000 -0.000000
-22.150000 -0.000000
-22.100000 -0.000000
-22.050000 -0.000000
-22.000000 -0.000000
-21.950000 -0.000000
-21.900000 -0.000000
-21.850000 -0.000000
-21.800000 -0.000000
-21.750000 -0.000000
-21.700000 -0.000000
-21.650000 -0.000000
-21.600000 -0.000000
-21.550000 -0.000000
-21.500000 -0.000000
-21.450000 -0.000000
-21.400000 -0.000000
-21.350000 -0.000000
-21.300000 -0.000000
-21.250000 -0.000000
-21.200000 -0.000000
-21.150000 -0.000000
-21.100000 -0.000000
-21.050000 -0.000000
-21.000000 -0.000000
-20.950000 -0.000000
-20.900000 -0.000000
-20.850000 -0.000000
-20.800000 -0.000000
-20.750000 -0.000000
-20.700000 -0.000000
-20.650000 -0.000000
-20.600000 -0.000000
-20.550000 -0.000000
-20.500000 -0.000000
-20.450000 -0.000000
-20.400000 -0.000000
-20.350000 -0.000000
-20.300000 -0.000000
-20.250000 -0.000000
-20.200000 -0.000000
-20.150000 -0.000000
-20.100000 -0.000000
-20.050000 -0.000000
-20.000000 -0.000000
-19.950000 -0.000000
-19.900000 -0.000000
-19.850000 -0.000000
-19.800000 -0.000000
-19.750000 -0.000000
-19.700000 -0.000000
-19.650000 -0.000000
-19.600000 -0.000000
-19.550000 -0.000000
-19.500000 -0.000000
-19.450000 -0.000000
-19.400000 -0.000000
-19.350000 -0.000000
-19.300000 -0.000000
-19.250000 -0.000000
-19.200000 -0.000000
-19.150000 -0.000000
-19.100000 -0.000000
-19.050000 -0.000000
-19.000000 -0.000000
-18.950000 -0.000000
-18.900000 -0.000000
-18.850000 -0.000000
-18.800000 -0.000000
-18.750000 -0.000000
-18.700000 -0.000000
-18.650000 -0.000000
-18.600000 -0.000000
-18.550000 -0.000000
-18.500000 -0.000000
-18.450000 -0.000000
-18.400000 -0.000000
-18.350000 -0.000000
-18.300000 -0.000000
-18.250000 -0.000000
-18.200000 -0.000000
-18.150000 -0.000000
-18.100000 -0.000000
-18.050000 -0.000000
-18.000000 -0.000000
-17.950000 -0.000000
-17.900000 -0.000000
-17.850000 -0.000000
-17.800000 -0.000000
-17.750000 -0.000000
-17.700000 -0.000000
-17.650000 -0.000000
-17.600000 -0.000000
-17.550000 -0.000000
-17.500000 -0.000000
-17.450000 -0.000000
-17.400000 -0.000000
-17.350000 -0.000000
-17.300000 -0.000000
-17.250000 -0.000000
-17.200000 -0.000000
-17.150000 -0.000000
-17.100000 -0.000000
-17.050000 -0.000000
-17.000000 -0.000000
-16.950000 -0.000000
-16.900000 -0.000000
-16.850000 -0.000000
-16.800000 -0.000000
-16.750000 -0.000000
-16.700000 -0.000000
-16.650000 -0.000000
-16.600000 -0.000000
-16.550000 -0.000000
-16.500000 -0.000000
-16.450000 -0.000000
-16.400000 -0.000000
-16.350000 -0.000000
-16.300000 -0.000000
-16.250000 -0.000000
-16.200000 -0.000000
-16.150000 -0.000000
-16.100000 -0.000000
-16.050000 -0.000000
-16.000000 -0.000000
-15.950000 -0.000000
-15.900000 -0.000000
-15.850000 -0.000000
-15.800000 -0.000000
-15.750000 -0.000000
-15.700000 -0.000000
-15.650000 -0.000000
-15.600000 -0.000000
-15.550000 -0.000000
-15.500000 -0.000000
-15.450000 -0.000000
-15.400000 -0.000000
-15.350000 -0.000000
-15.300000 -0.000000
-15.250000 -0.000000
-15.200000 -0.000000
-15.150000 -0.000000
-15.100000 -0.000000
-15.050000 -0.000000
-15.000000 -0.000000
-14.950000 -0.000000
-14.900000 -0.000000
-14.850000 -0.000000
-14.800000 -0.000000
-14.750000 -0.000000
-14.700000 -0.000000
-14.650000 -0.000000
-14.600000 -0.000000
-14.550000 -0.000000
-14.500000 -0.000000
-14.450000 -0.000000
-14.400000 -0.000000
-14.350000 -0.000000
-14.300000 -0.000000
-14.250000 -0.000000
-14.200000 -0.000000
-14.150000 -0.000000
-14.100000 -0.000000
-14.050000 -0.000000
-14.000000 -0.000000
-13.950000 -0.000000
-13.900000 -0.000000
-13.850000 -0.000000
-13.800000 -0.000000
-13.750000 -0.000000
-13.700000 -0.000000
-13.650000 -0.000000
-13.600000 -0.000000
-13.550000 -0.000000
-13.500000 -0.000000
-13.450000 -0.000000
-13.400000 -0.000000
-13.350000 -0.000000
-13.300000 -0.000000
-13.250000 -0.000000
-13.200000 -0.000000
-13.150000 -0.000000
-13.100000 -0.000000
-13.050000 -0.000000
-13.000000 -0.000000
-12.950000 -0.000000
-12.900000 -0.000000
-12.850000 -0.000000
-12.800000 -0.000000
-12.750000 -0.000000
-12.700000 -0.000000
-12.650000 -0.000000
-12.600000 -0.000000
-12.550000 -0.000000
-12.500000 -0.000000
-12.450000 -0.000000
-12.400000 -0.000000
-12.350000 -0.000000
-12.300000 -0.000000
-12.250000 -0.000000
-12.200000 -0.000000
-12.150000 -0.000000
-12.100000 -0.000000
-12.050000 -0.000000
-12.000000 -0.000000
-11.950000 -0.000000
-11.900000 -0.000000
-11.850000 -0.000000
-11.800000 -0.000000
-11.750000 -0.000000
-11.700000 -0.000000
-11.650000 -0.000000
-11.600000 -0.000000
-11.550000 -0.000000
-11.500000 -0.000000
-11.450000 -0.000000
-11.400000 -0.000000
-11.350000 -0.000000
-11.300000 -0.000000
-11.250000 -0.000000
-11.200000 -0.000000
-11.150000 -0.000000
-11.100000 -0.000000
-11.050000 -0.000000
-11.000000 -0.000000
-10.950000 -0.000000
-10.900000 -0.000000
-10.850000 -0.000000
-10.800000 -0.000000
-10.750000 -0.000000
-10.700000 -0.000000
-10.650000 -0.000000
-10.600000 -0.000000
-10.550000 -0.000000
-10.500000 -0.000000
-10.450000 -0.000000
-10.400000 -0.000000
-10.350000 -0.000000
-10.300000 -0.000000
-10.250000 -0.000000
-10.200000 -0.000000
-10.150000 -0.000000
-10.100000 -0.000000
-10.050000 -0.000000
-10.000000 -0.000000
-9.950000 -0.000000
-9.900000 -0.000000
-9.850000 -0.000000
-9.800000 -0.000000
-9.750000 -0.000000
-9.700000 -0.000000
-9.650000 -0.000000
-9.600000 -0.000000
-9.550000 -0.000000
-9.500000 -0.000000
-9.450000 -0.000000
-9.400000 -0.000000
-9.350000 -0.000000
-9.300000 -0.000000
-9.250000 -0.000000
-9.200000 -0.000000
-9.150000 -0.000000
-9.100000 -0.000000
-9.050000 -0.000000
-9.000000 -0.000000
-8.950000 -0.000000
-8.900000 -0.000000
-8.850000 -0.000000
-8.800000 -0.000000
-8.750000 -0.000000
-8.700000 -0.000000
-8.650000 -0.000000
-8.600000 -0.000000
-8.550000 -0.000000
-8.500000 -0.000000
-8.450000 -0.000000
-8.400000 -0.000000
-8.350000 -0.000000
-8.300000 -0.000000
-8.250000 -0.000001
-8.200000 -0.000001
-8.150000 -0.000001
-8.100000 -0.000001
-8.050000 -0.000001
-8.000000 -0.000001
-7.950000 -0.000001
-7.900000 -0.000001
-7.850000 -0.000001
-7.800000 -0.000001
-7.750000 -0.000001
-7.700000 -0.000002
-7.650000 -0.000002
-7.600000 -0.000002
-7.550000 -0.000002
-7.500000 -0.000002
-7.450000 -0.000003
-7.400000 -0.000003
-7.350000 -0.000003
-7.300000 -0.000003
-7.250000 -0.000004
-7.200000 -0.000004
-7.150000 -0.000005
-7.100000 -0.000005
-7.050000 -0.000006
-7.000000 -0.000006
-6.950000 -0.000007
-6.900000 -0.000008
-6.850000 -0.000008
-6.800000 -0.000009
-6.750000 -0.000010
-6.700000 -0.000011
-6.650000 -0.000013
-6.600000 -0.000014
-6.550000 -0.000015
-6.500000 -0.000017
-6.450000 -0.000019
-6.400000 -0.000021
-6.350000 -0.000023
-6.300000 -0.000025
-6.250000 -0.000028
-6.200000 -0.000031
-6.150000 -0.000034
-6.100000 -0.000038
-6.050000 -0.000042
-6.000000 -0.000046
-5.950000 -0.000051
-5.900000 -0.000056
-5.850000 -0.000062
-5.800000 -0.000069
-5.750000 -0.000076
-5.700000 -0.000084
-5.650000 -0.000093
-5.600000 -0.000103
-5.550000 -0.000113
-5.500000 -0.000125
-5.450000 -0.000138
-5.400000 -0.000153
-5.350000 -0.000169
-5.300000 -0.000187
-5.250000 -0.000207
-5.200000 -0.000228
-5.150000 -0.000252
-5.100000 -0.000279
-5.050000 -0.000308
-5.000000 -0.000341
-4.950000 -0.000376
-4.900000 -0.000416
-4.850000 -0.000460
-4.800000 -0.000508
-4.750000 -0.000561
-4.700000 -0.000620
-4.650000 -0.000686
-4.600000 -0.000758
-4.550000 -0.000837
-4.500000 -0.000925
-4.450000 -0.001023
-4.400000 -0.001130
-4.350000 -0.001249
-4.300000 -0.001381
-4.250000 -0.001526
-4.200000 -0.001686
-4.150000 -0.001863
-4.100000 -0.002059
-4.050000 -0.002276
-4.000000 -0.002515
-3.950000 -0.002779
-3.900000 -0.003071
-3.850000 -0.003394
-3.800000 -0.003750
-3.750000 -0.004144
-3.700000 -0.004580
-3.650000 -0.005061
-3.600000 -0.005592
-3.550000 -0.006180
-3.500000 -0.006828
-3.450000 -0.007545
-3.400000 -0.008337
-3.350000 -0.009212
-3.300000 -0.010178
-3.250000 -0.011246
-3.200000 -0.012425
-3.150000 -0.013727
-3.100000 -0.015165
-3.050000 -0.016754
-3.000000 -0.018507
-2.950000 -0.020444
-2.900000 -0.022582
-2.850000 -0.024942
-2.800000 -0.027547
-2.750000 -0.030422
-2.700000 -0.033595
-2.650000 -0.037095
-2.600000 -0.040957
-2.550000 -0.045215
-2.500000 -0.049911
-2.450000 -0.055087
-2.400000 -0.060793
-2.350000 -0.067078
-2.300000 -0.074001
-2.250000 -0.081624
-2.200000 -0.090014
-2.150000 -0.099244
-2.100000 -0.109393
-2.050000 -0.120547
-2.000000 -0.132798
-1.950000 -0.146246
-1.900000 -0.160997
-1.850000 -0.177164
-1.800000 -0.194867
-1.750000 -0.214236
-1.700000 -0.235404
-1.650000 -0.258511
-1.600000 -0.283703
-1.550000 -0.311131
-1.500000 -0.340945
-1.450000 -0.373299
-1.400000 -0.408342
-1.350000 -0.446219
-1.300000 -0.487066
-1.250000 -0.531003
-1.200000 -0.578134
-1.150000 -0.628537
-1.100000 -0.682256
-1.050000 -0.739301
-1.000000 -0.799630
-0.950000 -0.863149
-0.900000 -0.929700
-0.850000 -0.999053
-0.800000 -1.070898
-0.750000 -1.144838
-0.700000 -1.220385
-0.650000 -1.296955
-0.600000 -1.373870
-0.550000 -1.450363
-0.500000 -1.525579
-0.450000 -1.598597
-0.400000 -1.668437
-0.350000 -1.734091
-0.300000 -1.794541
-0.250000 -1.848796
-0.200000 -1.895916
-0.150000 -1.935051
-0.100000 -1.965468
-0.050000 -1.986582
0.000000 -1.997977
0.050000 -1.999426
0.100000 -1.990900
0.150000 -1.972565
0.200000 -1.944782
0.250000 -1.908089
0.300000 -1.863175
0.350000 -1.810862
0.400000 -1.752065
0.450000 -1.687767
0.500000 -1.618982
0.550000 -1.546726
0.600000 -1.471992
0.650000 -1.395724
0.700000 -1.318799
0.750000 -1.242013
0.800000 -1.166072
0.850000 -1.091589
0.900000 -1.019080
0.950000 -0.948968
1.000000 -0.881587
1.050000 -0.817188
1.100000 -0.755949
1.150000 -0.697978
1.200000 -0.643331
1.250000 -0.592009
1.300000 -0.543976
1.350000 -0.499161
1.400000 -0.457467
1.450000 -0.418777
1.500000 -0.382957
1.550000 -0.349866
1.600000 -0.319355
1.650000 -0.291272
1.700000 -0.265465
1.750000 -0.241784
1.800000 -0.220082
1.850000 -0.200218
1.900000 -0.182055
1.950000 -0.165465
2.000000 -0.150324
2.050000 -0.136517
2.100000 -0.123936
2.150000 -0.112480
2.200000 -0.102053
2.250000 -0.092570
2.300000 -0.083948
2.350000 -0.076113
2.400000 -0.068997
2.450000 -0.062534
2.500000 -0.056669
2.550000 -0.051346
2.600000 -0.046517
2.650000 -0.042137
2.700000 -0.038166
2.750000 -0.034566
2.800000 -0.031302
2.850000 -0.028345
2.900000 -0.025665
2.950000 -0.023237
3.000000 -0.021037
3.050000 -0.019045
3.100000 -0.017240
3.150000 -0.015606
3.200000 -0.014126
3.250000 -0.012786
3.300000 -0.011573
3.350000 -0.010475
3.400000 -0.009480
3.450000 -0.008580
3.500000 -0.007765
3.550000 -0.007027
3.600000 -0.006360
3.650000 -0.005755
3.700000 -0.005208
3.750000 -0.004713
3.800000 -0.004265
3.850000 -0.003860
3.900000 -0.003493
3.950000 -0.003161
4.000000 -0.002860
4.050000 -0.002588
4.100000 -0.002342
4.150000 -0.002119
4.200000 -0.001918
4.250000 -0.001735
4.300000 -0.001570
4.350000 -0.001421
4.400000 -0.001286
4.450000 -0.001163
4.500000 -0.001053
4.550000 -0.000953
4.600000 -0.000862
4.650000 -0.000780
4.700000 -0.000706
4.750000 -0.000639
4.800000 -0.000578
4.850000 -0.000523
4.900000 -0.000473
4.950000 -0.000428
5.000000 -0.000387
5.050000 -0.000350
5.100000 -0.000317
5.150000 -0.000287
5.200000 -0.000260
5.250000 -0.000235
5.300000 -0.000213
5.350000 -0.000192
5.400000 -0.000174
5.450000 -0.000157
5.500000 -0.000142
5.550000 -0.000129
5.600000 -0.000117
5.650000 -0.000106
5.700000 -0.000096
5.750000 -0.000086
5.800000 -0.000078
5.850000 -0.000071
5.900000 -0.000064
5.950000 -0.000058
6.000000 -0.000052
6.050000 -0.000047
6.100000 -0.000043
6.150000 -0.000039
6.200000 -0.000035
6.250000 -0.000032
6.300000 -0.000029
6.350000 -0.000026
6.400000 -0.000024
6.450000 -0.000021
6.500000 -0.000019
6.550000 -0.000017
6.600000 -0.000016
6.650000 -0.000014
6.700000 -0.000013
6.750000 -0.000012
6.800000 -0.000011
6.850000 -0.000010
6.900000 -0.000009
6.950000 -0.000008
7.000000 -0.000007
7.050000 -0.000006
7.100000 -0.000006
7.150000 -0.000005
7.200000 -0.000005
7.250000 -0.000004
7.300000 -0.000004
7.350000 -0.000004
7.400000 -0.000003
7.450000 -0.000003
7.500000 -0.000003
7.550000 -0.000002
7.600000 -0.000002
7.650000 -0.000002
7.700000 -0.000002
7.750000 -0.000002
7.800000 -0.000001
7.850000 -0.000001
7.900000 -0.000001
7.950000 -0.000001
8.000000 -0.000001
8.050000 -0.000001
8.100000 -0.000001
8.150000 -0.000001
8.200000 -0.000001
8.250000 -0.000001
8.300000 -0.000001
8.350000 -0.000000
8.400000 -0.000000
8.450000 -0.000000
8.500000 -0.000000
8.550000 -0.000000
8.600000 -0.000000
8.650000 -0.000000
8.700000 -0.000000
8.750000 -0.000000
8.800000 -0.000000
8.850000 -0.000000
8.900000 -0.000000
8.950000 -0.000000
9.000000 -0.000000
9.050000 -0.000000
9.100000 -0.000000
9.150000 -0.000000
9.200000 -0.000000
9.250000 -0.000000
9.300000 -0.000000
9.350000 -0.000000
9.400000 -0.000000
9.450000 -0.000000
9.500000 -0.000000
9.550000 -0.000000
9.600000 -0.000000
9.650000 -0.000000
9.700000 -0.000000
9.750000 -0.000000
9.800000 -0.000000
9.850000 -0.000000
9.900000 -0.000000
9.950000 -0.000000
10.000000 -0.000000
10.050000 -0.000000
10.100000 -0.000000
10.150000 -0.000000
10.200000 -0.000000
10.250000 -0.000000
10.300000 -0.000000
10.350000 -0.000000
10.400000 -0.000000
10.450000 -0.000000
10.500000 -0.000000
10.550000 -0.000000
10.600000 -0.000000
10.650000 -0.000000
10.700000 -0.000000
10.750000 -0.000000
10.800000 -0.000000
10.850000 -0.000000
10.900000 -0.000000
10.950000 -0.000000
11.000000 -0.000000
11.050000 -0.000000
11.100000 -0.000000
11.150000 -0.000000
11.200000 -0.000000
11.250000 -0.000000
11.300000 -0.000000
11.350000 -0.000000
11.400000 -0.000000
11.450000 -0.000000
11.500000 -0.000000
11.550000 -0.000000
11.600000 -0.000000
11.650000 -0.000000
11.700000 -0.000000
11.750000 -0.000000
11.800000 -0.000000
11.850000 -0.000000
11.900000 -0.000000
11.950000 -0.000000
12.000000 -0.000000
12.050000 -0.000000
12.100000 -0.000000
12.150000 -0.000000
12.200000 -0.000000
12.250000 -0.000000
12.300000 -0.000000
12.350000 -0.000000
12.400000 -0.000000
12.450000 -0.000000
12.500000 -0.000000
12.550000 -0.000000
12.600000 -0.000000
12.650000 -0.000000
12.700000 -0.000000
12.750000 -0.000000
12.800000 -0.000000
12.850000 -0.000000
12.900000 -0.000000
12.950000 -0.000000
13.000000 -0.000000
13.050000 -0.000000
13.100000 -0.000000
13.150000 -0.000000
13.200000 -0.000000
13.250000 -0.000000
13.300000 -0.000000
13.350000 -0.000000
13.400000 -0.000000
13.450000 -0.000000
13.500000 -0.000000
13.550000 -0.000000
13.600000 -0.000000
13.650000 -0.000000
13.700000 -0.000000
13.750000 -0.000000
13.800000 -0.000000
13.850000 -0.000000
13.900000 -0.000000
13.950000 -0.000000
14.000000 -0.000000
14.050000 -0.000000
14.100000 -0.000000
14.150000 -0.000000
14.200000 -0.000000
14.250000 -0.000000
14.300000 -0.000000
14.350000 -0.000000
14.400000 -0.000000
14.450000 -0.000000
14.500000 -0.000000
14.550000 -0.000000
14.600000 -0.000000
14.650000 -0.000000
14.700000 -0.000000
14.750000 -0.000000
14.800000 -0.000000
14.850000 -0.000000
14.900000 -0.000000
14.950000 -0.000000
15.000000 -0.000000
15.050000 -0.000000
15.100000 -0.000000
15.150000 -0.000000
15.200000 -0.000000
15.250000 -0.000000
15.300000 -0.000000
15.350000 -0.000000
15.400000 -0.000000
15.450000 -0.000000
15.500000 -0.000000
15.550000 -0.000000
15.600000 -0.000000
15.650000 -0.000000
15.700000 -0.000000
15.750000 -0.000000
15.800000 -0.000000
15.850000 -0.000000
15.900000 -0.000000
15.950000 -0.000000
16.000000 -0.000000
16.050000 -0.000000
16.100000 -0.000000
16.150000 -0.000000
16.200000 -0.000000
16.250000 -0.000000
16.300000 -0.000000
16.350000 -0.000000
16.400000 -0.000000
16.450000 -0.000000
16.500000 -0.000000
16.550000 -0.000000
16.600000 -0.000000
16.650000 -0.000000
16.700000 -0.000000
16.750000 -0.000000
16.800000 -0.000000
16.850000 -0.000000
16.900000 -0.000000
16.950000 -0.000000
17.000000 -0.000000
17.050000 -0.000000
17.100000 -0.000000
17.150000 -0.000000
17.200000 -0.000000
17.250000 -0.000000
17.300000 -0.000000
17.350000 -0.000000
17.400000 -0.000000
17.450000 -0.000000
17.500000 -0.000000
17.550000 -0.000000
17.600000 -0.000000
17.650000 -0.000000
17.700000 -0.000000
17.750000 -0.000000
17.800000 -0.000000
17.850000 -0.000000
17.900000 -0.000000
17.950000 -0.000000
18.000000 -0.000000
18.050000 -0.000000
18.100000 -0.000000
18.150000 -0.000000
18.200000 -0.000000
18.250000 -0.000000
18.300000 -0.000000
18.350000 -0.000000
18.400000 -0.000000
18.450000 -0.000000
18.500000 -0.000000
18.550000 -0.000000
18.600000 -0.000000
18.650000 -0.000000
18.700000 -0.000000
18.750000 -0.000000
18.800000 -0.000000
18.850000 -0.000000
18.900000 -0.000000
18.950000 -0.000000
19.000000 -0.000000
19.050000 -0.000000
19.100000 -0.000000
19.150000 -0.000000
19.200000 -0.000000
19.250000 -0.000000
19.300000 -0.000000
19.350000 -0.000000
19.400000 -0.000000
19.450000 -0.000000
19.500000 -0.000000
19.550000 -0.000000
19.600000 -0.000000
19.650000 -0.000000
19.700000 -0.000000
19.750000 -0.000000
19.800000 -0.000000
19.850000 -0.000000
19.900000 -0.000000
19.950000 -0.000000
20.000000 -0.000000
20.050000 -0.000000
20.100000 -0.000000
20.150000 -0.000000
20.200000 -0.000000
20.250000 -0.000000
20.300000 -0.000000
20.350000 -0.000000
20.400000 -0.000000
20.450000 -0.000000
20.500000 -0.000000
20.550000 -0.000000
20.600000 -0.000000
20.650000 -0.000000
20.700000 -0.000000
20.750000 -0.000000
20.800000 -0.000000
20.850000 -0.000000
20.900000 -0.000000
20.950000 -0.000000
21.000000 -0.000000
21.050000 -0.000000
21.100000 -0.000000
21.150000 -0.000000
21.200000 -0.000000
21.250000 -0.000000
21.300000 -0.000000
21.350000 -0.000000
21.400000 -0.000000
21.450000 -0.000000
21.500000 -0.000000
21.550000 -0.000000
21.600000 -0.000000
21.650000 -0.000000
21.700000 -0.000000
21.750000 -0.000000
21.800000 -0.000000
21.850000 -0.000000
21.900000 -0.000000
21.950000 -0.000000
22.000000 -0.000000
22.050000 -0.000000
22.100000 -0.000000
22.150000 -0.000000
22.200000 -0.000000
22.250000 -0.000000
22.300000 -0.000000
22.350000 -0.000000
22.400000 -0.000000
22.450000 -0.000000
22.500000 -0.000000
22.550000 -0.000000
22.600000 -0.000000
22.650000 -0.000000
22.700000 -0.000000
22.750000 -0.000000
22.800000 -0.000000
22.850000 -0.000000
22.900000 -0.000000
22.950000 -0.000000
23.000000 -0.000000
23.050000 -0.000000
23.100000 -0.000000
23.150000 -0.000000
23.200000 -0.000000
23.250000 -0.000000
23.300000 -0.000000
23.350000 -0.000000
23.400000 -0.000000
23.450000 -0.000000
23.500000 -0.000000
23.550000 -0.000000
23.600000 -0.000000
23.650000 -0.000000
23.700000 -0.000000
23.750000 -0.000000
23.800000 -0.000000
23.850000 -0.000000
23.900000 -0.000000
23.950000 -0.000000
24.000000 -0.000000
24.050000 -0.000000
24.100000 -0.000000
24.150000 -0.000000
24.200000 -0.000000
24.250000 -0.000000
24.300000 -0.000000
24.350000 -0.000000
24.400000 -0.000000
24.450000 -0.000000
24.500000 -0.000000
24.550000 -0.000000
24.600000 -0.000000
24.650000 -0.000000
24.700000 -0.000000
24.750000 -0.000000
24.800000 -0.000000
24.850000 -0.000000
24.900000 -0.000000
24.950000 -0.000000
25.000000 -0.000000
25.050000 -0.000000
25.100000 -0.000000
25.150000 -0.000000
25.200000 -0.000000
25.250000 -0.000000
25.300000 -0.000000
25.350000 -0.000000
25.400000 -0.000000
25.450000 -0.000000
25.500000 -0.000000
25.550000 -0.000000
25.600000 -0.000000
25.650000 -0.000000
25.700000 -0.000000
25.750000 -0.000000
25.800000 -0.000000
25.850000 -0.000000
25.900000 -0.000000
25.950000 -0.000000
26.000000 -0.000000
26.050000 -0.000000
26.100000 -0.000000
26.150000 -0.000000
26.200000 -0.000000
26.250000 -0.000000
26.300000 -0.000000
26.350000 -0.000000
26.400000 -0.000000
26.450000 -0.000000
26.500000 -0.000000
26.550000 -0.000000
26.600000 -0.000000
26.650000 -0.000000
26.700000 -0.000000
26.750000 -0.000000
26.800000 -0.000000
26.850000 -0.000000
26.900000 -0.000000
26.950000 -0.000000
27.000000 -0.000000
27.050000 -0.000000
27.100000 -0.000000
27.150000 -0.000000
27.200000 -0.000000
27.250000 -0.000000
27.300000 -0.000000
27.350000 -0.000000
27.400000 -0.000000
27.450000 -0.000000
27.500000 -0.000000
27.550000 -0.000000
27.600000 -0.000000
27.650000 -0.000000
27.700000 -0.000000
27.750000 -0.000000
27.800000 -0.000000
27.850000 -0.000000
27.900000 -0.000000
27.950000 -0.000000
28.000000 -0.000000
28.050000 -0.000000
28.100000 -0.000000
28.150000 -0.000000
28.200000 -0.000000
28.250000 -0.000000
28.300000 -0.000000
28.350000 -0.000000
28.400000 -0.000000
28.450000 -0.000000
28.500000 -0.000000
28.550000 -0.000000
28.600000 -0.000000
28.650000 -0.000000
28.700000 -0.000000
28.750000 -0.000000
28.800000 -0.000000
28.850000 -0.000000
28.900000 -0.000000
28.950000 -0.000000
29.000000 -0.000000
29.050000 -0.000000
29.100000 -0.000000
29.150000 -0.000000
29.200000 -0.000000
29.250000 -0.000000
29.300000 -0.000000
29.350000 -0.000000
29.400000 -0.000000
29.450000 -0.000000
29.500000 -0.000000
29.550000 -0.000000
29.600000 -0.000000
29.650000 -0.000000
29.700000 -0.000000
29.750000 -0.000000
29.800000 -0.000000
29.850000 -0.000000
29.900000 -0.000000
29.950000 -0.000000
