-30.000000 0.000024
-29.950000 0.000023
-29.900000 0.000045
-29.850000 0.000041
-29.800000 0.000062
-29.750000 0.000056
-29.700000 0.000075
-29.650000 0.000067
-29.600000 0.000082
-29.550000 0.000071
-29.500000 0.000083
-29.450000 0.000068
-29.400000 0.000077
-29.350000 0.000058
-29.300000 0.000063
-29.250000 0.000041
-29.200000 0.000043
-29.150000 0.000018
-29.100000 0.000018
-29.050000 -0.000008
-29.000000 -0.000008
-28.950000 -0.000033
-28.900000 -0.000032
-28.850000 -0.000055
-28.800000 -0.000051
-28.750000 -0.000070
-28.700000 -0.000062
-28.650000 -0.000078
-28.600000 -0.000066
-28.550000 -0.000078
-28.500000 -0.000062
-28.450000 -0.000070
-28.400000 -0.000051
-28.350000 -0.000056
-28.300000 -0.000035
-28.250000 -0.000038
-28.200000 -0.000016
-28.150000 -0.000018
-28.100000 0.000005
-28.050000 0.000002
-28.000000 0.000024
-27.950000 0.000020
-27.900000 0.000042
-27.850000 0.000036
-27.800000 0.000056
-27.750000 0.000049
-27.700000 0.000066
-27.650000 0.000056
-27.600000 0.000072
-27.550000 0.000060
-27.500000 0.000072
-27.450000 0.000058
-27.400000 0.000068
-27.350000 0.000052
-27.300000 0.000059
-27.250000 0.000040
-27.200000 0.000045
-27.150000 0.000024
-27.100000 0.000027
-27.050000 0.000004
-27.000000 0.000005
-26.950000 -0.000019
-26.900000 -0.000018
-26.850000 -0.000042
-26.800000 -0.000040
-26.750000 -0.000063
-26.700000 -0.000059
-26.650000 -0.000079
-26.600000 -0.000072
-26.550000 -0.000088
-26.500000 -0.000076
-26.450000 -0.000088
-26.400000 -0.000071
-26.350000 -0.000079
-26.300000 -0.000058
-26.250000 -0.000062
-26.200000 -0.000038
-26.150000 -0.000040
-26.100000 -0.000015
-26.050000 -0.000015
-26.000000 0.000010
-25.950000 0.000009
-25.900000 0.000033
-25.850000 0.000030
-25.800000 0.000051
-25.750000 0.000046
-25.700000 0.000065
-25.650000 0.000057
-25.600000 0.000074
-25.550000 0.000063
-25.500000 0.000078
-25.450000 0.000065
-25.400000 0.000077
-25.350000 0.000062
-25.300000 0.000071
-25.250000 0.000054
-25.200000 0.000062
-25.150000 0.000042
-25.100000 0.000048
-25.050000 0.000027
-25.000000 0.000031
-24.950000 0.000008
-24.900000 0.000010
-24.850000 -0.000014
-24.800000 -0.000011
-24.750000 -0.000035
-24.700000 -0.000033
-24.650000 -0.000056
-24.600000 -0.000053
-24.550000 -0.000074
-24.500000 -0.000068
-24.450000 -0.000087
-24.400000 -0.000078
-24.350000 -0.000093
-24.300000 -0.000080
-24.250000 -0.000091
-24.200000 -0.000074
-24.150000 -0.000081
-24.100000 -0.000059
-24.050000 -0.000063
-24.000000 -0.000039
-23.950000 -0.000039
-23.900000 -0.000013
-23.850000 -0.000013
-23.800000 0.000014
-23.750000 0.000014
-23.700000 0.000039
-23.650000 0.000037
-23.600000 0.000061
-23.550000 0.000056
-23.500000 0.000076
-23.450000 0.000068
-23.400000 0.000085
-23.350000 0.000074
-23.300000 0.000087
-23.250000 0.000073
-23.200000 0.000083
-23.150000 0.000067
-23.100000 0.000076
-23.050000 0.000057
-23.000000 0.000064
-22.950000 0.000044
-22.900000 0.000050
-22.850000 0.000029
-22.800000 0.000034
-22.750000 0.000012
-22.700000 0.000016
-22.650000 -0.000008
-22.600000 -0.000005
-22.550000 -0.000029
-22.500000 -0.000027
-22.450000 -0.000051
-22.400000 -0.000048
-22.350000 -0.000071
-22.300000 -0.000066
-22.250000 -0.000087
-22.200000 -0.000080
-22.150000 -0.000097
-22.100000 -0.000086
-22.050000 -0.000100
-22.000000 -0.000085
-21.950000 -0.000094
-21.900000 -0.000075
-21.850000 -0.000081
-21.800000 -0.000058
-21.750000 -0.000060
-21.700000 -0.000035
-21.650000 -0.000036
-21.600000 -0.000009
-21.550000 -0.000009
-21.500000 0.000018
-21.450000 0.000018
-21.400000 0.000044
-21.350000 0.000042
-21.300000 0.000065
-21.250000 0.000061
-21.200000 0.000081
-21.150000 0.000074
-21.100000 0.000091
-21.050000 0.000080
-21.000000 0.000094
-20.950000 0.000080
-20.900000 0.000091
-20.850000 0.000075
-20.800000 0.000084
-20.750000 0.000066
-20.700000 0.000073
-20.650000 0.000053
-20.600000 0.000059
-20.550000 0.000038
-20.500000 0.000043
-20.450000 0.000021
-20.400000 0.000025
-20.350000 0.000002
-20.300000 0.000005
-20.250000 -0.000019
-20.200000 -0.000016
-20.150000 -0.000041
-20.100000 -0.000039
-20.050000 -0.000063
-20.000000 -0.000060
-19.950000 -0.000083
-19.900000 -0.000078
-19.850000 -0.000099
-19.800000 -0.000091
-19.750000 -0.000108
-19.700000 -0.000096
-19.650000 -0.000109
-19.600000 -0.000093
-19.550000 -0.000101
-19.500000 -0.000081
-19.450000 -0.000085
-19.400000 -0.000061
-19.350000 -0.000062
-19.300000 -0.000036
-19.250000 -0.000036
-19.200000 -0.000009
-19.150000 -0.000009
-19.100000 0.000018
-19.050000 0.000017
-19.000000 0.000042
-18.950000 0.000039
-18.900000 0.000062
-18.850000 0.000057
-18.800000 0.000077
-18.750000 0.000070
-18.700000 0.000088
-18.650000 0.000078
-18.600000 0.000094
-18.550000 0.000083
-18.500000 0.000096
-18.450000 0.000083
-18.400000 0.000095
-18.350000 0.000079
-18.300000 0.000089
-18.250000 0.000071
-18.200000 0.000079
-18.150000 0.000060
-18.100000 0.000066
-18.050000 0.000045
-18.000000 0.000049
-17.950000 0.000026
-17.900000 0.000029
-17.850000 0.000005
-17.800000 0.000006
-17.750000 -0.000020
-17.700000 -0.000019
-17.650000 -0.000045
-17.600000 -0.000044
-17.550000 -0.000070
-17.500000 -0.000068
-17.450000 -0.000091
-17.400000 -0.000087
-17.350000 -0.000108
-17.300000 -0.000100
-17.250000 -0.000117
-17.200000 -0.000105
-17.150000 -0.000117
-17.100000 -0.000101
-17.050000 -0.000109
-17.000000 -0.000089
-16.950000 -0.000093
-16.900000 -0.000070
-16.850000 -0.000073
-16.800000 -0.000048
-16.750000 -0.000050
-16.700000 -0.000025
-16.650000 -0.000026
-16.600000 -0.000002
-16.550000 -0.000004
-16.500000 0.000019
-16.450000 0.000016
-16.400000 0.000038
-16.350000 0.000033
-16.300000 0.000054
-16.250000 0.000048
-16.200000 0.000069
-16.150000 0.000062
-16.100000 0.000082
-16.050000 0.000075
-16.000000 0.000093
-15.950000 0.000085
-15.900000 0.000103
-15.850000 0.000093
-15.800000 0.000108
-15.750000 0.000096
-15.700000 0.000109
-15.650000 0.000094
-15.600000 0.000103
-15.550000 0.000085
-15.500000 0.000091
-15.450000 0.000069
-15.400000 0.000073
-15.350000 0.000048
-15.300000 0.000049
-15.250000 0.000023
-15.200000 0.000023
-15.150000 -0.000004
-15.100000 -0.000005
-15.050000 -0.000032
-15.000000 -0.000032
-14.950000 -0.000058
-14.900000 -0.000056
-14.850000 -0.000080
-14.800000 -0.000076
-14.750000 -0.000097
-14.700000 -0.000089
-14.650000 -0.000107
-14.600000 -0.000097
-14.550000 -0.000111
-14.500000 -0.000098
-14.450000 -0.000109
-14.400000 -0.000093
-14.350000 -0.000103
-14.300000 -0.000086
-14.250000 -0.000094
-14.200000 -0.000076
-14.150000 -0.000083
-14.100000 -0.000065
-14.050000 -0.000072
-14.000000 -0.000053
-13.950000 -0.000060
-13.900000 -0.000040
-13.850000 -0.000045
-13.800000 -0.000024
-13.750000 -0.000029
-13.700000 -0.000006
-13.650000 -0.000009
-13.600000 0.000015
-13.550000 0.000014
-13.500000 0.000039
-13.450000 0.000038
-13.400000 0.000063
-13.350000 0.000062
-13.300000 0.000086
-13.250000 0.000084
-13.200000 0.000106
-13.150000 0.000100
-13.100000 0.000119
-13.050000 0.000110
-13.000000 0.000125
-12.950000 0.000112
-12.900000 0.000123
-12.850000 0.000106
-12.800000 0.000114
-12.750000 0.000095
-12.700000 0.000100
-12.650000 0.000079
-12.600000 0.000083
-12.550000 0.000061
-12.500000 0.000065
-12.450000 0.000042
-12.400000 0.000046
-12.350000 0.000024
-12.300000 0.000028
-12.250000 0.000006
-12.200000 0.000010
-12.150000 -0.000011
-12.100000 -0.000006
-12.050000 -0.000026
-12.000000 -0.000021
-11.950000 -0.000042
-11.900000 -0.000036
-11.850000 -0.000057
-11.800000 -0.000051
-11.750000 -0.000071
-11.700000 -0.000066
-11.650000 -0.000086
-11.600000 -0.000080
-11.550000 -0.000099
-11.500000 -0.000092
-11.450000 -0.000110
-11.400000 -0.000102
-11.350000 -0.000118
-11.300000 -0.000107
-11.250000 -0.000121
-11.200000 -0.000108
-11.150000 -0.000118
-11.100000 -0.000101
-11.050000 -0.000108
-11.000000 -0.000088
-10.950000 -0.000092
-10.900000 -0.000069
-10.850000 -0.000071
-10.800000 -0.000046
-10.750000 -0.000047
-10.700000 -0.000023
-10.650000 -0.000024
-10.600000 0.000000
-10.550000 -0.000002
-10.500000 0.000020
-10.450000 0.000015
-10.400000 0.000035
-10.350000 0.000029
-10.300000 0.000047
-10.250000 0.000040
-10.200000 0.000057
-10.150000 0.000049
-10.100000 0.000065
-10.050000 0.000057
-10.000000 0.000074
-9.950000 0.000065
-9.900000 0.000082
-9.850000 0.000074
-9.800000 0.000092
-9.750000 0.000084
-9.700000 0.000100
-9.650000 0.000092
-9.600000 0.000107
-9.550000 0.000097
-9.500000 0.000111
-9.450000 0.000098
-9.400000 0.000110
-9.350000 0.000095
-9.300000 0.000104
-9.250000 0.000086
-9.200000 0.000093
-9.150000 0.000073
-9.100000 0.000077
-9.050000 0.000056
-9.000000 0.000059
-8.950000 0.000036
-8.900000 0.000038
-8.850000 0.000016
-8.800000 0.000018
-8.750000 -0.000004
-8.700000 -0.000001
-8.650000 -0.000022
-8.600000 -0.000017
-8.550000 -0.000036
-8.500000 -0.000029
-8.450000 -0.000047
-8.400000 -0.000038
-8.350000 -0.000054
-8.300000 -0.000044
-8.250000 -0.000059
-8.200000 -0.000048
-8.150000 -0.000063
-8.100000 -0.000052
-8.050000 -0.000067
-8.000000 -0.000056
-7.950000 -0.000072
-7.900000 -0.000063
-7.850000 -0.000079
-7.800000 -0.000070
-7.750000 -0.000087
-7.700000 -0.000078
-7.650000 -0.000094
-7.600000 -0.000085
-7.550000 -0.000100
-7.500000 -0.000088
-7.450000 -0.000100
-7.400000 -0.000087
-7.350000 -0.000096
-7.300000 -0.000079
-7.250000 -0.000086
-7.200000 -0.000067
-7.150000 -0.000072
-7.100000 -0.000052
-7.050000 -0.000056
-7.000000 -0.000035
-6.950000 -0.000040
-6.900000 -0.000020
-6.850000 -0.000025
-6.800000 -0.000007
-6.750000 -0.000014
-6.700000 0.000003
-6.650000 -0.000006
-6.600000 0.000009
-6.550000 -0.000001
-6.500000 0.000013
-6.450000 0.000002
-6.400000 0.000015
-6.350000 0.000003
-6.300000 0.000016
-6.250000 0.000005
-6.200000 0.000019
-6.150000 0.000009
-6.100000 0.000023
-6.050000 0.000014
-6.000000 0.000029
-5.950000 0.000021
-5.900000 0.000037
-5.850000 0.000029
-5.800000 0.000046
-5.750000 0.000038
-5.700000 0.000054
-5.650000 0.000046
-5.600000 0.000062
-5.550000 0.000052
-5.500000 0.000066
-5.450000 0.000055
-5.400000 0.000067
-5.350000 0.000055
-5.300000 0.000065
-5.250000 0.000050
-5.200000 0.000059
-5.150000 0.000042
-5.100000 0.000050
-5.050000 0.000033
-5.000000 0.000040
-4.950000 0.000024
-4.900000 0.000032
-4.850000 0.000017
-4.800000 0.000027
-4.750000 0.000014
-4.700000 0.000026
-4.650000 0.000016
-4.600000 0.000030
-4.550000 0.000021
-4.500000 0.000037
-4.450000 0.000029
-4.400000 0.000045
-4.350000 0.000037
-4.300000 0.000053
-4.250000 0.000044
-4.200000 0.000057
-4.150000 0.000047
-4.100000 0.000059
-4.050000 0.000046
-4.000000 0.000056
-3.950000 0.000043
-3.900000 0.000052
-3.850000 0.000038
-3.800000 0.000047
-3.750000 0.000033
-3.700000 0.000043
-3.650000 0.000031
-3.600000 0.000042
-3.550000 0.000032
-3.500000 0.000045
-3.450000 0.000036
-3.400000 0.000051
-3.350000 0.000044
-3.300000 0.000060
-3.250000 0.000054
-3.200000 0.000071
-3.150000 0.000066
-3.100000 0.000083
-3.050000 0.000078
-3.000000 0.000094
-2.950000 0.000088
-2.900000 0.000103
-2.850000 0.000096
-2.800000 0.000109
-2.750000 0.000100
-2.700000 0.000112
-2.650000 0.000100
-2.600000 0.000110
-2.550000 0.000097
-2.500000 0.000106
-2.450000 0.000091
-2.400000 0.000099
-2.350000 0.000084
-2.300000 0.000091
-2.250000 0.000077
-2.200000 0.000085
-2.150000 0.000071
-2.100000 0.000080
-2.050000 0.000067
-2.000000 0.000076
-1.950000 0.000064
-1.900000 0.000074
-1.850000 0.000061
-1.800000 0.000070
-1.750000 0.000057
-1.700000 0.000063
-1.650000 0.000047
-1.600000 0.000050
-1.550000 0.000029
-1.500000 0.000027
-1.450000 0.000001
-1.400000 -0.000006
-1.350000 -0.000038
-1.300000 -0.000052
-1.250000 -0.000091
-1.200000 -0.000111
-1.150000 -0.000155
-1.100000 -0.000181
-1.050000 -0.000232
-1.000000 -0.000264
-0.950000 -0.000321
-0.900000 -0.000361
-0.850000 -0.000425
-0.800000 -0.000473
-0.750000 -0.000547
-0.700000 -0.000606
-0.650000 -0.000693
-0.600000 -0.000766
-0.550000 -0.000869
-0.500000 -0.000962
-0.450000 -0.001085
-0.400000 -0.001201
-0.350000 -0.001351
-0.300000 -0.001496
-0.250000 -0.001678
-0.200000 -0.001859
-0.150000 -0.002080
-0.100000 -0.002305
-0.050000 -0.002574
0.000000 -0.002852
0.050000 -0.003180
0.100000 -0.003521
0.150000 -0.003919
0.200000 -0.004338
0.250000 -0.004821
0.300000 -0.005334
0.350000 -0.005919
0.400000 -0.006544
0.450000 -0.007254
0.500000 -0.008017
0.550000 -0.008878
0.600000 -0.009808
0.650000 -0.010853
0.700000 -0.011987
0.750000 -0.013258
0.800000 -0.014640
0.850000 -0.016186
0.900000 -0.017873
0.950000 -0.019755
1.000000 -0.021814
1.050000 -0.024107
1.100000 -0.026618
1.150000 -0.029410
1.200000 -0.032472
1.250000 -0.035871
1.300000 -0.039602
1.350000 -0.043736
1.400000 -0.048276
1.450000 -0.053300
1.500000 -0.058818
1.550000 -0.064916
1.600000 -0.071612
1.650000 -0.079003
1.700000 -0.087118
1.750000 -0.096063
1.800000 -0.105878
1.850000 -0.116683
1.900000 -0.128532
1.950000 -0.141556
2.000000 -0.155825
2.050000 -0.171483
2.100000 -0.188615
2.150000 -0.207379
2.200000 -0.227874
2.250000 -0.250271
2.300000 -0.274681
2.350000 -0.301285
2.400000 -0.330201
2.450000 -0.361614
2.500000 -0.395643
2.550000 -0.432466
2.600000 -0.472190
2.650000 -0.514977
2.700000 -0.560903
2.750000 -0.610091
2.800000 -0.662567
2.850000 -0.718388
2.900000 -0.777502
2.950000 -0.839869
3.000000 -0.905323
3.050000 -0.973696
3.100000 -1.044676
3.150000 -1.117929
3.200000 -1.192971
3.250000 -1.269282
3.300000 -1.346187
3.350000 -1.422977
3.400000 -1.498796
3.450000 -1.572771
3.500000 -1.643910
3.550000 -1.711238
3.600000 -1.773706
3.650000 -1.830335
3.700000 -1.880134
3.750000 -1.922243
3.800000 -1.955856
3.850000 -1.980358
3.900000 -1.995244
3.950000 -2.000247
4.000000 -1.995238
4.050000 -1.980347
4.100000 -1.955839
4.150000 -1.922220
4.200000 -1.880105
4.250000 -1.830299
4.300000 -1.773663
4.350000 -1.711187
4.400000 -1.643852
4.450000 -1.572705
4.500000 -1.498724
4.550000 -1.422898
4.600000 -1.346104
4.650000 -1.269194
4.700000 -1.192881
4.750000 -1.117836
4.800000 -1.044583
4.850000 -0.973604
4.900000 -0.905236
4.950000 -0.839785
5.000000 -0.777426
5.050000 -0.718319
5.100000 -0.662508
5.150000 -0.610040
5.200000 -0.560864
5.250000 -0.514946
5.300000 -0.472172
5.350000 -0.432454
5.400000 -0.395642
5.450000 -0.361619
5.500000 -0.330214
5.550000 -0.301300
5.600000 -0.274701
5.650000 -0.250290
5.700000 -0.227895
5.750000 -0.207397
5.800000 -0.188634
5.850000 -0.171498
5.900000 -0.155840
5.950000 -0.141567
6.000000 -0.128545
6.050000 -0.116692
6.100000 -0.105890
6.150000 -0.096072
6.200000 -0.087133
6.250000 -0.079018
6.300000 -0.071634
6.350000 -0.064937
6.400000 -0.058848
6.450000 -0.053331
6.500000 -0.048317
6.550000 -0.043778
6.600000 -0.039654
6.650000 -0.035925
6.700000 -0.032536
6.750000 -0.029474
6.800000 -0.026692
6.850000 -0.024180
6.900000 -0.021896
6.950000 -0.019837
7.000000 -0.017962
7.050000 -0.016272
7.100000 -0.014732
7.150000 -0.013346
7.200000 -0.012080
7.250000 -0.010942
7.300000 -0.009901
7.350000 -0.008965
7.400000 -0.008108
7.450000 -0.007340
7.500000 -0.006635
7.550000 -0.006004
7.600000 -0.005424
7.650000 -0.004907
7.700000 -0.004431
7.750000 -0.004008
7.800000 -0.003619
7.850000 -0.003275
7.900000 -0.002957
7.950000 -0.002678
8.000000 -0.002419
8.050000 -0.002194
8.100000 -0.001984
8.150000 -0.001802
8.200000 -0.001631
8.250000 -0.001485
8.300000 -0.001345
8.350000 -0.001226
8.400000 -0.001112
8.450000 -0.001015
8.500000 -0.000920
8.550000 -0.000840
8.600000 -0.000760
8.650000 -0.000694
8.700000 -0.000626
8.750000 -0.000571
8.800000 -0.000513
8.850000 -0.000466
8.900000 -0.000416
8.950000 -0.000377
9.000000 -0.000334
9.050000 -0.000301
9.100000 -0.000264
9.150000 -0.000236
9.200000 -0.000205
9.250000 -0.000183
9.300000 -0.000157
9.350000 -0.000141
9.400000 -0.000121
9.450000 -0.000109
9.500000 -0.000095
9.550000 -0.000088
9.600000 -0.000079
9.650000 -0.000077
9.700000 -0.000071
9.750000 -0.000072
9.800000 -0.000069
9.850000 -0.000072
9.900000 -0.000070
9.950000 -0.000072
10.000000 -0.000070
10.050000 -0.000071
10.100000 -0.000066
10.150000 -0.000065
10.200000 -0.000058
10.250000 -0.000055
10.300000 -0.000046
10.350000 -0.000041
10.400000 -0.000031
10.450000 -0.000025
10.500000 -0.000014
10.550000 -0.000008
10.600000 0.000001
10.650000 0.000006
10.700000 0.000013
10.750000 0.000015
10.800000 0.000020
10.850000 0.000020
10.900000 0.000022
10.950000 0.000019
11.000000 0.000019
11.050000 0.000014
11.100000 0.000011
11.150000 0.000005
11.200000 0.000001
11.250000 -0.000006
11.300000 -0.000009
11.350000 -0.000016
11.400000 -0.000018
11.450000 -0.000024
11.500000 -0.000025
11.550000 -0.000029
11.600000 -0.000028
11.650000 -0.000030
11.700000 -0.000027
11.750000 -0.000027
11.800000 -0.000023
11.850000 -0.000020
11.900000 -0.000015
11.950000 -0.000011
12.000000 -0.000004
12.050000 0.000001
12.100000 0.000008
12.150000 0.000013
12.200000 0.000019
12.250000 0.000023
12.300000 0.000028
12.350000 0.000030
12.400000 0.000032
12.450000 0.000031
12.500000 0.000031
12.550000 0.000027
12.600000 0.000024
12.650000 0.000018
12.700000 0.000012
12.750000 0.000004
12.800000 -0.000003
12.850000 -0.000011
12.900000 -0.000017
12.950000 -0.000024
13.000000 -0.000028
13.050000 -0.000032
13.100000 -0.000034
13.150000 -0.000035
13.200000 -0.000033
13.250000 -0.000031
13.300000 -0.000027
13.350000 -0.000022
13.400000 -0.000016
13.450000 -0.000010
13.500000 -0.000003
13.550000 0.000004
13.600000 0.000010
13.650000 0.000016
13.700000 0.000021
13.750000 0.000025
13.800000 0.000028
13.850000 0.000030
13.900000 0.000031
13.950000 0.000031
14.000000 0.000029
14.050000 0.000027
14.100000 0.000023
14.150000 0.000019
14.200000 0.000014
14.250000 0.000008
14.300000 0.000002
14.350000 -0.000003
14.400000 -0.000009
14.450000 -0.000015
14.500000 -0.000020
14.550000 -0.000024
14.600000 -0.000028
14.650000 -0.000030
14.700000 -0.000032
14.750000 -0.000032
14.800000 -0.000032
14.850000 -0.000029
14.900000 -0.000027
14.950000 -0.000022
15.000000 -0.000017
15.050000 -0.000010
15.100000 -0.000004
15.150000 0.000004
15.200000 0.000011
15.250000 0.000018
15.300000 0.000024
15.350000 0.000030
15.400000 0.000034
15.450000 0.000037
15.500000 0.000038
15.550000 0.000038
15.600000 0.000035
15.650000 0.000032
15.700000 0.000026
15.750000 0.000020
15.800000 0.000012
15.850000 0.000005
15.900000 -0.000004
15.950000 -0.000011
16.000000 -0.000019
16.050000 -0.000024
16.100000 -0.000030
16.150000 -0.000033
16.200000 -0.000036
16.250000 -0.000036
16.300000 -0.000037
16.350000 -0.000034
16.400000 -0.000031
16.450000 -0.000026
16.500000 -0.000022
16.550000 -0.000015
16.600000 -0.000010
16.650000 -0.000002
16.700000 0.000003
16.750000 0.000010
16.800000 0.000015
16.850000 0.000021
16.900000 0.000025
16.950000 0.000030
17.000000 0.000031
17.050000 0.000035
17.100000 0.000034
17.150000 0.000035
17.200000 0.000032
17.250000 0.000031
17.300000 0.000025
17.350000 0.000022
17.400000 0.000015
17.450000 0.000010
17.500000 0.000001
17.550000 -0.000005
17.600000 -0.000013
17.650000 -0.000019
17.700000 -0.000027
17.750000 -0.000031
17.800000 -0.000037
17.850000 -0.000038
17.900000 -0.000041
17.950000 -0.000040
18.000000 -0.000040
18.050000 -0.000035
18.100000 -0.000032
18.150000 -0.000024
18.200000 -0.000019
18.250000 -0.000009
18.300000 -0.000002
18.350000 0.000008
18.400000 0.000015
18.450000 0.000024
18.500000 0.000029
18.550000 0.000037
18.600000 0.000039
18.650000 0.000043
18.700000 0.000042
18.750000 0.000043
18.800000 0.000038
18.850000 0.000035
18.900000 0.000028
18.950000 0.000024
19.000000 0.000014
19.050000 0.000009
19.100000 -0.000001
19.150000 -0.000006
19.200000 -0.000015
19.250000 -0.000019
19.300000 -0.000027
19.350000 -0.000029
19.400000 -0.000035
19.450000 -0.000035
19.500000 -0.000039
19.550000 -0.000036
19.600000 -0.000038
19.650000 -0.000034
19.700000 -0.000033
19.750000 -0.000027
19.800000 -0.000024
19.850000 -0.000016
19.900000 -0.000012
19.950000 -0.000003
20.000000 0.000002
20.050000 0.000012
20.100000 0.000017
20.150000 0.000026
20.200000 0.000030
20.250000 0.000038
20.300000 0.000040
20.350000 0.000045
20.400000 0.000043
20.450000 0.000045
20.500000 0.000040
20.550000 0.000039
20.600000 0.000031
20.650000 0.000027
20.700000 0.000016
20.750000 0.000010
20.800000 -0.000001
20.850000 -0.000008
20.900000 -0.000019
20.950000 -0.000025
21.000000 -0.000035
21.050000 -0.000038
21.100000 -0.000045
21.150000 -0.000045
21.200000 -0.000049
21.250000 -0.000045
21.300000 -0.000046
21.350000 -0.000039
21.400000 -0.000036
21.450000 -0.000026
21.500000 -0.000021
21.550000 -0.000010
21.600000 -0.000004
21.650000 0.000007
21.700000 0.000012
21.750000 0.000022
21.800000 0.000026
21.850000 0.000034
21.900000 0.000036
21.950000 0.000042
22.000000 0.000040
22.050000 0.000044
22.100000 0.000040
22.150000 0.000041
22.200000 0.000035
22.250000 0.000035
22.300000 0.000027
22.350000 0.000024
22.400000 0.000015
22.450000 0.000011
22.500000 0.000001
22.550000 -0.000004
22.600000 -0.000015
22.650000 -0.000019
22.700000 -0.000029
22.750000 -0.000032
22.800000 -0.000041
22.850000 -0.000043
22.900000 -0.000049
22.950000 -0.000047
23.000000 -0.000051
23.050000 -0.000045
23.100000 -0.000045
23.150000 -0.000036
23.200000 -0.000033
23.250000 -0.000021
23.300000 -0.000016
23.350000 -0.000002
23.400000 0.000004
23.450000 0.000018
23.500000 0.000023
23.550000 0.000035
23.600000 0.000039
23.650000 0.000048
23.700000 0.000048
23.750000 0.000054
23.800000 0.000051
23.850000 0.000053
23.900000 0.000046
23.950000 0.000045
24.000000 0.000035
24.050000 0.000031
24.100000 0.000019
24.150000 0.000014
24.200000 0.000002
24.250000 -0.000003
24.300000 -0.000016
24.350000 -0.000020
24.400000 -0.000031
24.450000 -0.000033
24.500000 -0.000042
24.550000 -0.000042
24.600000 -0.000048
24.650000 -0.000046
24.700000 -0.000049
24.750000 -0.000044
24.800000 -0.000045
24.850000 -0.000038
24.900000 -0.000037
24.950000 -0.000027
25.000000 -0.000025
25.050000 -0.000014
25.100000 -0.000010
25.150000 0.000002
25.200000 0.000006
25.250000 0.000019
25.300000 0.000023
25.350000 0.000034
25.400000 0.000037
25.450000 0.000048
25.500000 0.000048
25.550000 0.000056
25.600000 0.000053
25.650000 0.000057
25.700000 0.000051
25.750000 0.000051
25.800000 0.000042
25.850000 0.000038
25.900000 0.000025
25.950000 0.000020
26.000000 0.000005
26.050000 -0.000002
26.100000 -0.000017
26.150000 -0.000023
26.200000 -0.000036
26.250000 -0.000040
26.300000 -0.000051
26.350000 -0.000052
26.400000 -0.000059
26.450000 -0.000056
26.500000 -0.000059
26.550000 -0.000052
26.600000 -0.000052
26.650000 -0.000042
26.700000 -0.000040
26.750000 -0.000028
26.800000 -0.000024
26.850000 -0.000011
26.900000 -0.000007
26.950000 0.000007
27.000000 0.000011
27.050000 0.000023
27.100000 0.000026
27.150000 0.000037
27.200000 0.000039
27.250000 0.000048
27.300000 0.000047
27.350000 0.000054
27.400000 0.000051
27.450000 0.000055
27.500000 0.000049
27.550000 0.000051
27.600000 0.000042
27.650000 0.000042
27.700000 0.000031
27.750000 0.000028
27.800000 0.000015
27.850000 0.000011
27.900000 -0.000004
27.950000 -0.000009
28.000000 -0.000023
28.050000 -0.000028
28.100000 -0.000042
28.150000 -0.000045
28.200000 -0.000056
28.250000 -0.000057
28.300000 -0.000065
28.350000 -0.000062
28.400000 -0.000066
28.450000 -0.000059
28.500000 -0.000059
28.550000 -0.000048
28.600000 -0.000045
28.650000 -0.000030
28.700000 -0.000024
28.750000 -0.000008
28.800000 -0.000001
28.850000 0.000016
28.900000 0.000022
28.950000 0.000037
29.000000 0.000041
29.050000 0.000054
29.100000 0.000055
29.150000 0.000065
29.200000 0.000063
29.250000 0.000070
29.300000 0.000065
29.350000 0.000069
29.400000 0.000061
29.450000 0.000063
29.500000 0.000054
29.550000 0.000055
29.600000 0.000045
29.650000 0.000044
29.700000 0.000034
29.750000 0.000033
29.800000 0.000022
29.850000 0.000022
29.900000 0.000011
29.950000 0.000010
