-30.000000 -0.000007
-29.950000 -0.000005
-29.900000 -0.000010
-29.850000 -0.000005
-29.800000 -0.000008
-29.750000 -0.000002
-29.700000 -0.000003
-29.650000 0.000004
-29.600000 0.000002
-29.550000 0.000008
-29.500000 0.000006
-29.450000 0.000011
-29.400000 0.000007
-29.350000 0.000011
-29.300000 0.000005
-29.250000 0.000008
-29.200000 0.000001
-29.150000 0.000003
-29.100000 -0.000005
-29.050000 -0.000003
-29.000000 -0.000010
-28.950000 -0.000007
-28.900000 -0.000012
-28.850000 -0.000008
-28.800000 -0.000012
-28.750000 -0.000006
-28.700000 -0.000008
-28.650000 -0.000001
-28.600000 -0.000003
-28.550000 0.000005
-28.500000 0.000003
-28.450000 0.000010
-28.400000 0.000007
-28.350000 0.000013
-28.300000 0.000009
-28.250000 0.000012
-28.200000 0.000006
-28.150000 0.000009
-28.100000 0.000001
-28.050000 0.000003
-28.000000 -0.000005
-27.950000 -0.000003
-27.900000 -0.000010
-27.850000 -0.000008
-27.800000 -0.000014
-27.750000 -0.000009
-27.700000 -0.000013
-27.650000 -0.000007
-27.600000 -0.000009
-27.550000 -0.000002
-27.500000 -0.000003
-27.450000 0.000005
-27.400000 0.000003
-27.350000 0.000011
-27.300000 0.000008
-27.250000 0.000014
-27.200000 0.000010
-27.150000 0.000014
-27.100000 0.000008
-27.050000 0.000010
-27.000000 0.000003
-26.950000 0.000004
-26.900000 -0.000004
-26.850000 -0.000003
-26.800000 -0.000010
-26.750000 -0.000009
-26.700000 -0.000015
-26.650000 -0.000011
-26.600000 -0.000015
-26.550000 -0.000010
-26.500000 -0.000012
-26.450000 -0.000005
-26.400000 -0.000006
-26.350000 0.000002
-26.300000 0.000002
-26.250000 0.000010
-26.200000 0.000008
-26.150000 0.000015
-26.100000 0.000012
-26.050000 0.000016
-26.000000 0.000011
-25.950000 0.000014
-25.900000 0.000007
-25.850000 0.000008
-25.800000 -0.000000
-25.750000 0.000000
-25.700000 -0.000008
-25.650000 -0.000007
-25.600000 -0.000014
-25.550000 -0.000012
-25.500000 -0.000017
-25.450000 -0.000013
-25.400000 -0.000016
-25.350000 -0.000009
-25.300000 -0.000011
-25.250000 -0.000003
-25.200000 -0.000003
-25.150000 0.000006
-25.100000 0.000006
-25.050000 0.000013
-25.000000 0.000012
-24.950000 0.000018
-24.900000 0.000014
-24.850000 0.000018
-24.800000 0.000012
-24.750000 0.000014
-24.700000 0.000006
-24.650000 0.000006
-24.600000 -0.000002
-24.550000 -0.000003
-24.500000 -0.000011
-24.450000 -0.000011
-24.400000 -0.000017
-24.350000 -0.000015
-24.300000 -0.000020
-24.250000 -0.000015
-24.200000 -0.000017
-24.150000 -0.000010
-24.100000 -0.000010
-24.050000 -0.000002
-24.000000 -0.000001
-23.950000 0.000007
-23.900000 0.000008
-23.850000 0.000015
-23.800000 0.000014
-23.750000 0.000020
-23.700000 0.000017
-23.650000 0.000020
-23.600000 0.000015
-23.550000 0.000015
-23.500000 0.000008
-23.450000 0.000007
-23.400000 -0.000002
-23.350000 -0.000003
-23.300000 -0.000012
-23.250000 -0.000012
-23.200000 -0.000019
-23.150000 -0.000018
-23.100000 -0.000022
-23.050000 -0.000018
-23.000000 -0.000020
-22.950000 -0.000014
-22.900000 -0.000013
-22.850000 -0.000005
-22.800000 -0.000003
-22.750000 0.000006
-22.700000 0.000007
-22.650000 0.000015
-22.600000 0.000016
-22.550000 0.000022
-22.500000 0.000020
-22.450000 0.000024
-22.400000 0.000019
-22.350000 0.000020
-22.300000 0.000013
-22.250000 0.000011
-22.200000 0.000002
-22.150000 0.000000
-22.100000 -0.000009
-22.050000 -0.000011
-22.000000 -0.000019
-21.950000 -0.000019
-21.900000 -0.000024
-21.850000 -0.000022
-21.800000 -0.000025
-21.750000 -0.000020
-21.700000 -0.000019
-21.650000 -0.000012
-21.600000 -0.000010
-21.550000 -0.000001
-21.500000 0.000002
-21.450000 0.000011
-21.400000 0.000014
-21.350000 0.000021
-21.300000 0.000022
-21.250000 0.000027
-21.200000 0.000024
-21.150000 0.000026
-21.100000 0.000021
-21.050000 0.000020
-21.000000 0.000012
-20.950000 0.000009
-20.900000 -0.000000
-20.850000 -0.000004
-20.800000 -0.000013
-20.750000 -0.000016
-20.700000 -0.000023
-20.650000 -0.000024
-20.600000 -0.000029
-20.550000 -0.000026
-20.500000 -0.000028
-20.450000 -0.000023
-20.400000 -0.000021
-20.350000 -0.000013
-20.300000 -0.000009
-20.250000 -0.000000
-20.200000 0.000004
-20.150000 0.000013
-20.100000 0.000017
-20.050000 0.000025
-20.000000 0.000026
-19.950000 0.000031
-19.900000 0.000029
-19.850000 0.000030
-19.800000 0.000025
-19.750000 0.000024
-19.700000 0.000016
-19.650000 0.000012
-19.600000 0.000002
-19.550000 -0.000003
-19.500000 -0.000012
-19.450000 -0.000017
-19.400000 -0.000025
-19.350000 -0.000027
-19.300000 -0.000032
-19.250000 -0.000032
-19.200000 -0.000033
-19.150000 -0.000029
-19.100000 -0.000028
-19.050000 -0.000020
-19.000000 -0.000016
-18.950000 -0.000007
-18.900000 -0.000001
-18.850000 0.000009
-18.800000 0.000015
-18.750000 0.000023
-18.700000 0.000027
-18.650000 0.000033
-18.600000 0.000034
-18.550000 0.000037
-18.500000 0.000034
-18.450000 0.000033
-18.400000 0.000026
-18.350000 0.000022
-18.300000 0.000013
-18.250000 0.000007
-18.200000 -0.000003
-18.150000 -0.000010
-18.100000 -0.000020
-18.050000 -0.000025
-18.000000 -0.000032
-17.950000 -0.000035
-17.900000 -0.000039
-17.850000 -0.000039
-17.800000 -0.000038
-17.750000 -0.000034
-17.700000 -0.000030
-17.650000 -0.000022
-17.600000 -0.000016
-17.550000 -0.000006
-17.500000 0.000002
-17.450000 0.000012
-17.400000 0.000019
-17.350000 0.000028
-17.300000 0.000034
-17.250000 0.000039
-17.200000 0.000041
-17.150000 0.000043
-17.100000 0.000041
-17.050000 0.000039
-17.000000 0.000033
-16.950000 0.000028
-16.900000 0.000019
-16.850000 0.000011
-16.800000 0.000000
-16.750000 -0.000009
-16.700000 -0.000019
-16.650000 -0.000027
-16.600000 -0.000035
-16.550000 -0.000040
-16.500000 -0.000045
-16.450000 -0.000047
-16.400000 -0.000047
-16.350000 -0.000044
-16.300000 -0.000041
-16.250000 -0.000034
-16.200000 -0.000027
-16.150000 -0.000017
-16.100000 -0.000008
-16.050000 0.000003
-16.000000 0.000013
-15.950000 0.000023
-15.900000 0.000032
-15.850000 0.000040
-15.800000 0.000046
-15.750000 0.000050
-15.700000 0.000052
-15.650000 0.000051
-15.600000 0.000049
-15.550000 0.000044
-15.500000 0.000037
-15.450000 0.000029
-15.400000 0.000019
-15.350000 0.000008
-15.300000 -0.000003
-15.250000 -0.000014
-15.200000 -0.000025
-15.150000 -0.000035
-15.100000 -0.000043
-15.050000 -0.000050
-15.000000 -0.000055
-14.950000 -0.000057
-14.900000 -0.000057
-14.850000 -0.000055
-14.800000 -0.000050
-14.750000 -0.000044
-14.700000 -0.000035
-14.650000 -0.000025
-14.600000 -0.000013
-14.550000 -0.000002
-14.500000 0.000011
-14.450000 0.000022
-14.400000 0.000034
-14.350000 0.000043
-14.300000 0.000052
-14.250000 0.000058
-14.200000 0.000062
-14.150000 0.000063
-14.100000 0.000063
-14.050000 0.000059
-14.000000 0.000054
-13.950000 0.000046
-13.900000 0.000037
-13.850000 0.000025
-13.800000 0.000013
-13.750000 -0.000001
-13.700000 -0.000013
-13.650000 -0.000027
-13.600000 -0.000038
-13.550000 -0.000049
-13.500000 -0.000057
-13.450000 -0.000065
-13.400000 -0.000068
-13.350000 -0.000071
-13.300000 -0.000069
-13.250000 -0.000067
-13.200000 -0.000061
-13.150000 -0.000054
-13.100000 -0.000042
-13.050000 -0.000032
-13.000000 -0.000018
-12.950000 -0.000005
-12.900000 0.000010
-12.850000 0.000023
-12.800000 0.000038
-12.750000 0.000048
-12.700000 0.000060
-12.650000 0.000067
-12.600000 0.000075
-12.550000 0.000077
-12.500000 0.000080
-12.450000 0.000077
-12.400000 0.000074
-12.350000 0.000065
-12.300000 0.000058
-12.250000 0.000045
-12.200000 0.000033
-12.150000 0.000018
-12.100000 0.000004
-12.050000 -0.000013
-12.000000 -0.000026
-11.950000 -0.000042
-11.900000 -0.000054
-11.850000 -0.000067
-11.800000 -0.000074
-11.750000 -0.000083
-11.700000 -0.000086
-11.650000 -0.000090
-11.600000 -0.000087
-11.550000 -0.000085
-11.500000 -0.000076
-11.450000 -0.000069
-11.400000 -0.000056
-11.350000 -0.000044
-11.300000 -0.000027
-11.250000 -0.000014
-11.200000 0.000005
-11.150000 0.000019
-11.100000 0.000037
-11.050000 0.000050
-11.000000 0.000066
-10.950000 0.000076
-10.900000 0.000088
-10.850000 0.000093
-10.800000 0.000099
-10.750000 0.000099
-10.700000 0.000100
-10.650000 0.000093
-10.600000 0.000089
-10.550000 0.000077
-10.500000 0.000067
-10.450000 0.000051
-10.400000 0.000037
-10.350000 0.000018
-10.300000 0.000003
-10.250000 -0.000017
-10.200000 -0.000032
-10.150000 -0.000052
-10.100000 -0.000065
-10.050000 -0.000081
-10.000000 -0.000091
-9.950000 -0.000103
-9.900000 -0.000107
-9.850000 -0.000114
-9.800000 -0.000112
-9.750000 -0.000113
-9.700000 -0.000105
-9.650000 -0.000100
-9.600000 -0.000086
-9.550000 -0.000076
-9.500000 -0.000059
-9.450000 -0.000045
-9.400000 -0.000024
-9.350000 -0.000008
-9.300000 0.000014
-9.250000 0.000030
-9.200000 0.000052
-9.150000 0.000066
-9.100000 0.000085
-9.050000 0.000096
-9.000000 0.000111
-8.950000 0.000117
-8.900000 0.000126
-8.850000 0.000127
-8.800000 0.000130
-8.750000 0.000125
-8.700000 0.000122
-8.650000 0.000111
-8.600000 0.000102
-8.550000 0.000086
-8.500000 0.000073
-8.450000 0.000052
-8.400000 0.000037
-8.350000 0.000014
-8.300000 -0.000004
-8.250000 -0.000028
-8.200000 -0.000045
-8.150000 -0.000067
-8.100000 -0.000082
-8.050000 -0.000102
-8.000000 -0.000113
-7.950000 -0.000128
-7.900000 -0.000135
-7.850000 -0.000145
-7.800000 -0.000145
-7.750000 -0.000149
-7.700000 -0.000144
-7.650000 -0.000142
-7.600000 -0.000131
-7.550000 -0.000123
-7.500000 -0.000107
-7.450000 -0.000094
-7.400000 -0.000073
-7.350000 -0.000058
-7.300000 -0.000034
-7.250000 -0.000016
-7.200000 0.000009
-7.150000 0.000027
-7.100000 0.000052
-7.050000 0.000069
-7.000000 0.000092
-6.950000 0.000107
-6.900000 0.000126
-6.850000 0.000136
-6.800000 0.000151
-6.750000 0.000157
-6.700000 0.000166
-6.650000 0.000166
-6.600000 0.000170
-6.550000 0.000164
-6.500000 0.000162
-6.450000 0.000151
-6.400000 0.000143
-6.350000 0.000126
-6.300000 0.000115
-6.250000 0.000093
-6.200000 0.000078
-6.150000 0.000053
-6.100000 0.000035
-6.050000 0.000009
-6.000000 -0.000010
-5.950000 -0.000036
-5.900000 -0.000055
-5.850000 -0.000081
-5.800000 -0.000098
-5.750000 -0.000122
-5.700000 -0.000137
-5.650000 -0.000157
-5.600000 -0.000168
-5.550000 -0.000185
-5.500000 -0.000192
-5.450000 -0.000204
-5.400000 -0.000206
-5.350000 -0.000213
-5.300000 -0.000210
-5.250000 -0.000213
-5.200000 -0.000205
-5.150000 -0.000203
-5.100000 -0.000192
-5.050000 -0.000186
-5.000000 -0.000171
-4.950000 -0.000163
-4.900000 -0.000145
-4.850000 -0.000135
-4.800000 -0.000116
-4.750000 -0.000104
-4.700000 -0.000085
-4.650000 -0.000074
-4.600000 -0.000055
-4.550000 -0.000046
-4.500000 -0.000029
-4.450000 -0.000023
-4.400000 -0.000010
-4.350000 -0.000007
-4.300000 0.000001
-4.250000 -0.000001
-4.200000 0.000002
-4.150000 -0.000006
-4.100000 -0.000010
-4.050000 -0.000025
-4.000000 -0.000036
-3.950000 -0.000060
-3.900000 -0.000080
-3.850000 -0.000112
-3.800000 -0.000142
-3.750000 -0.000185
-3.700000 -0.000225
-3.650000 -0.000279
-3.600000 -0.000332
-3.550000 -0.000399
-3.500000 -0.000466
-3.450000 -0.000547
-3.400000 -0.000630
-3.350000 -0.000729
-3.300000 -0.000829
-3.250000 -0.000948
-3.200000 -0.001070
-3.150000 -0.001213
-3.100000 -0.001361
-3.050000 -0.001531
-3.000000 -0.001710
-2.950000 -0.001915
-2.900000 -0.002131
-2.850000 -0.002377
-2.800000 -0.002638
-2.750000 -0.002934
-2.700000 -0.003251
-2.650000 -0.003607
-2.600000 -0.003992
-2.550000 -0.004423
-2.500000 -0.004890
-2.450000 -0.005413
-2.400000 -0.005982
-2.350000 -0.006617
-2.300000 -0.007309
-2.250000 -0.008081
-2.200000 -0.008925
-2.150000 -0.009865
-2.100000 -0.010894
-2.050000 -0.012037
-2.000000 -0.013293
-1.950000 -0.014686
-1.900000 -0.016217
-1.850000 -0.017916
-1.800000 -0.019783
-1.750000 -0.021853
-1.700000 -0.024130
-1.650000 -0.026651
-1.600000 -0.029426
-1.550000 -0.032497
-1.500000 -0.035877
-1.450000 -0.039614
-1.400000 -0.043728
-1.350000 -0.048272
-1.300000 -0.053275
-1.250000 -0.058797
-1.200000 -0.064874
-1.150000 -0.071576
-1.100000 -0.078948
-1.050000 -0.087070
-1.000000 -0.095999
-0.950000 -0.105826
-0.900000 -0.116621
-0.850000 -0.128486
-0.800000 -0.141505
-0.750000 -0.155795
-0.700000 -0.171453
-0.650000 -0.188611
-0.600000 -0.207380
-0.550000 -0.227906
-0.500000 -0.250313
-0.450000 -0.274758
-0.400000 -0.301375
-0.350000 -0.330330
-0.300000 -0.361759
-0.250000 -0.395828
-0.200000 -0.432671
-0.150000 -0.472439
-0.100000 -0.515247
-0.050000 -0.561219
0.000000 -0.610430
0.050000 -0.662953
0.100000 -0.718799
0.150000 -0.777961
0.200000 -0.840353
0.250000 -0.905855
0.300000 -0.974251
0.350000 -1.045276
0.400000 -1.118550
0.450000 -1.193631
0.500000 -1.269956
0.550000 -1.346891
0.600000 -1.423684
0.650000 -1.499520
0.700000 -1.573484
0.750000 -1.644623
0.800000 -1.711920
0.850000 -1.774368
0.900000 -1.830945
0.950000 -1.880701
1.000000 -1.922735
1.050000 -1.956283
1.100000 -1.980691
1.150000 -1.995494
1.200000 -2.000388
1.250000 -1.995287
1.300000 -1.980281
1.350000 -1.955678
1.400000 -1.921948
1.450000 -1.879746
1.500000 -1.829841
1.550000 -1.773134
1.600000 -1.710578
1.650000 -1.643193
1.700000 -1.571989
1.750000 -1.497981
1.800000 -1.422120
1.850000 -1.345321
1.900000 -1.268397
1.950000 -1.192096
2.000000 -1.117053
2.050000 -1.043827
2.100000 -0.972860
2.150000 -0.904526
2.200000 -0.839093
2.250000 -0.776772
2.300000 -0.717685
2.350000 -0.661913
2.400000 -0.609464
2.450000 -0.560326
2.500000 -0.514426
2.550000 -0.471686
2.600000 -0.431985
2.650000 -0.395205
2.700000 -0.361196
2.750000 -0.329822
2.800000 -0.300921
2.850000 -0.274352
2.900000 -0.249953
2.950000 -0.227587
3.000000 -0.207100
3.050000 -0.188365
3.100000 -0.171240
3.150000 -0.155610
3.200000 -0.141348
3.250000 -0.128351
3.300000 -0.116508
3.350000 -0.105732
3.400000 -0.095922
3.450000 -0.087006
3.500000 -0.078898
3.550000 -0.071535
3.600000 -0.064843
3.650000 -0.058772
3.700000 -0.053258
3.750000 -0.048258
3.800000 -0.043719
3.850000 -0.039606
3.900000 -0.035873
3.950000 -0.032492
4.000000 -0.029424
4.050000 -0.026647
4.100000 -0.024128
4.150000 -0.021848
4.200000 -0.019779
4.250000 -0.017909
4.300000 -0.016211
4.350000 -0.014677
4.400000 -0.013285
4.450000 -0.012027
4.500000 -0.010885
4.550000 -0.009854
4.600000 -0.008918
4.650000 -0.008073
4.700000 -0.007306
4.750000 -0.006614
4.800000 -0.005984
4.850000 -0.005417
4.900000 -0.004901
4.950000 -0.004437
5.000000 -0.004014
5.050000 -0.003634
5.100000 -0.003287
5.150000 -0.002976
5.200000 -0.002692
5.250000 -0.002438
5.300000 -0.002205
5.350000 -0.001997
5.400000 -0.001806
5.450000 -0.001635
5.500000 -0.001479
5.550000 -0.001339
5.600000 -0.001211
5.650000 -0.001097
5.700000 -0.000991
5.750000 -0.000898
5.800000 -0.000811
5.850000 -0.000735
5.900000 -0.000664
5.950000 -0.000602
6.000000 -0.000544
6.050000 -0.000493
6.100000 -0.000446
6.150000 -0.000404
6.200000 -0.000365
6.250000 -0.000331
6.300000 -0.000299
6.350000 -0.000271
6.400000 -0.000244
6.450000 -0.000222
6.500000 -0.000200
6.550000 -0.000181
6.600000 -0.000163
6.650000 -0.000148
6.700000 -0.000134
6.750000 -0.000122
6.800000 -0.000110
6.850000 -0.000100
6.900000 -0.000090
6.950000 -0.000082
7.000000 -0.000074
7.050000 -0.000067
7.100000 -0.000060
7.150000 -0.000055
7.200000 -0.000049
7.250000 -0.000045
7.300000 -0.000040
7.350000 -0.000036
7.400000 -0.000033
7.450000 -0.000030
7.500000 -0.000027
7.550000 -0.000025
7.600000 -0.000022
7.650000 -0.000021
7.700000 -0.000019
7.750000 -0.000017
7.800000 -0.000015
7.850000 -0.000014
7.900000 -0.000012
7.950000 -0.000011
8.000000 -0.000010
8.050000 -0.000009
8.100000 -0.000008
8.150000 -0.000007
8.200000 -0.000007
8.250000 -0.000006
8.300000 -0.000006
8.350000 -0.000005
8.400000 -0.000005
8.450000 -0.000004
8.500000 -0.000004
8.550000 -0.000003
8.600000 -0.000003
8.650000 -0.000002
8.700000 -0.000002
8.750000 -0.000002
8.800000 -0.000002
8.850000 -0.000001
8.900000 -0.000002
8.950000 -0.000001
9.000000 -0.000002
9.050000 -0.000001
9.100000 -0.000002
9.150000 -0.000001
9.200000 -0.000002
9.250000 -0.000001
9.300000 -0.000001
9.350000 -0.000000
9.400000 -0.000001
9.450000 0.000000
9.500000 -0.000000
9.550000 0.000001
9.600000 -0.000000
9.650000 0.000000
9.700000 -0.000001
9.750000 0.000000
9.800000 -0.000001
9.850000 -0.000000
9.900000 -0.000001
9.950000 -0.000000
10.000000 -0.000001
10.050000 0.000000
10.100000 -0.000001
10.150000 0.000001
10.200000 -0.000000
10.250000 0.000001
10.300000 -0.000000
10.350000 0.000001
10.400000 -0.000000
10.450000 0.000001
10.500000 -0.000001
10.550000 0.000000
10.600000 -0.000001
10.650000 0.000000
10.700000 -0.000001
10.750000 0.000000
10.800000 -0.000001
10.850000 0.000001
10.900000 -0.000001
10.950000 0.000001
11.000000 -0.000000
11.050000 0.000001
11.100000 -0.000000
11.150000 0.000001
11.200000 -0.000000
11.250000 0.000001
11.300000 -0.000001
11.350000 0.000000
11.400000 -0.000001
11.450000 0.000000
11.500000 -0.000002
11.550000 0.000000
11.600000 -0.000001
11.650000 0.000001
11.700000 -0.000001
11.750000 0.000001
11.800000 -0.000000
11.850000 0.000002
11.900000 -0.000000
11.950000 0.000001
12.000000 -0.000001
12.050000 0.000001
12.100000 -0.000001
12.150000 0.000000
12.200000 -0.000002
12.250000 0.000000
12.300000 -0.000002
12.350000 0.000001
12.400000 -0.000001
12.450000 0.000001
12.500000 -0.000001
12.550000 0.000002
12.600000 -0.000000
12.650000 0.000002
12.700000 -0.000000
12.750000 0.000002
12.800000 -0.000001
12.850000 0.000001
12.900000 -0.000002
12.950000 0.000001
13.000000 -0.000002
13.050000 0.000000
13.100000 -0.000002
13.150000 0.000001
13.200000 -0.000001
13.250000 0.000001
13.300000 -0.000001
13.350000 0.000002
13.400000 -0.000000
13.450000 0.000002
13.500000 -0.000001
13.550000 0.000002
13.600000 -0.000001
13.650000 0.000001
13.700000 -0.000002
13.750000 0.000001
13.800000 -0.000002
13.850000 0.000000
13.900000 -0.000002
13.950000 0.000001
14.000000 -0.000001
14.050000 0.000002
14.100000 -0.000001
14.150000 0.000002
14.200000 -0.000000
14.250000 0.000002
14.300000 -0.000001
14.350000 0.000002
14.400000 -0.000001
14.450000 0.000001
14.500000 -0.000002
14.550000 0.000001
14.600000 -0.000002
14.650000 0.000001
14.700000 -0.000002
14.750000 0.000001
14.800000 -0.000002
14.850000 0.000002
14.900000 -0.000001
14.950000 0.000002
15.000000 -0.000001
15.050000 0.000002
15.100000 -0.000001
15.150000 0.000002
15.200000 -0.000001
15.250000 0.000001
15.300000 -0.000002
15.350000 0.000001
15.400000 -0.000003
15.450000 0.000001
15.500000 -0.000002
15.550000 0.000001
15.600000 -0.000002
15.650000 0.000002
15.700000 -0.000001
15.750000 0.000002
15.800000 -0.000001
15.850000 0.000003
15.900000 -0.000001
15.950000 0.000002
16.000000 -0.000001
16.050000 0.000001
16.100000 -0.000002
16.150000 0.000001
16.200000 -0.000003
16.250000 0.000001
16.300000 -0.000003
16.350000 0.000001
16.400000 -0.000002
16.450000 0.000002
16.500000 -0.000001
16.550000 0.000003
16.600000 -0.000001
16.650000 0.000003
16.700000 -0.000001
16.750000 0.000002
16.800000 -0.000001
16.850000 0.000002
16.900000 -0.000002
16.950000 0.000001
17.000000 -0.000003
17.050000 0.000000
17.100000 -0.000003
17.150000 0.000001
17.200000 -0.000002
17.250000 0.000002
17.300000 -0.000001
17.350000 0.000002
17.400000 -0.000001
17.450000 0.000003
17.500000 -0.000000
17.550000 0.000003
17.600000 -0.000001
17.650000 0.000002
17.700000 -0.000002
17.750000 0.000001
17.800000 -0.000003
17.850000 0.000000
17.900000 -0.000003
17.950000 0.000001
18.000000 -0.000003
18.050000 0.000001
18.100000 -0.000002
18.150000 0.000002
18.200000 -0.000001
18.250000 0.000003
18.300000 -0.000000
18.350000 0.000003
18.400000 -0.000001
18.450000 0.000002
18.500000 -0.000002
18.550000 0.000001
18.600000 -0.000003
18.650000 0.000000
18.700000 -0.000003
18.750000 0.000000
18.800000 -0.000003
18.850000 0.000001
18.900000 -0.000002
18.950000 0.000002
19.000000 -0.000001
19.050000 0.000003
19.100000 -0.000000
19.150000 0.000003
19.200000 -0.000000
19.250000 0.000003
19.300000 -0.000001
19.350000 0.000002
19.400000 -0.000002
19.450000 0.000001
19.500000 -0.000003
19.550000 0.000000
19.600000 -0.000003
19.650000 0.000000
19.700000 -0.000003
19.750000 0.000001
19.800000 -0.000001
19.850000 0.000003
19.900000 -0.000000
19.950000 0.000003
20.000000 0.000000
20.050000 0.000003
20.100000 -0.000000
20.150000 0.000002
20.200000 -0.000002
20.250000 0.000001
20.300000 -0.000003
20.350000 0.000000
20.400000 -0.000003
20.450000 -0.000000
20.500000 -0.000003
20.550000 0.000001
20.600000 -0.000002
20.650000 0.000002
20.700000 -0.000001
20.750000 0.000003
20.800000 0.000000
20.850000 0.000003
20.900000 0.000000
20.950000 0.000003
21.000000 -0.000001
21.050000 0.000002
21.100000 -0.000002
21.150000 0.000000
21.200000 -0.000003
21.250000 -0.000000
21.300000 -0.000004
21.350000 -0.000000
21.400000 -0.000003
21.450000 0.000001
21.500000 -0.000002
21.550000 0.000002
21.600000 -0.000000
21.650000 0.000003
21.700000 0.000001
21.750000 0.000004
21.800000 0.000000
21.850000 0.000003
21.900000 -0.000001
21.950000 0.000001
22.000000 -0.000002
22.050000 -0.000000
22.100000 -0.000003
22.150000 -0.000001
22.200000 -0.000004
22.250000 -0.000000
22.300000 -0.000003
22.350000 0.000001
22.400000 -0.000001
22.450000 0.000002
22.500000 0.000000
22.550000 0.000004
22.600000 0.000001
22.650000 0.000004
22.700000 0.000001
22.750000 0.000003
22.800000 -0.000001
22.850000 0.000001
22.900000 -0.000003
22.950000 -0.000000
23.000000 -0.000004
23.050000 -0.000001
23.100000 -0.000004
23.150000 -0.000001
23.200000 -0.000003
23.250000 0.000001
23.300000 -0.000001
23.350000 0.000003
23.400000 0.000001
23.450000 0.000004
23.500000 0.000001
23.550000 0.000004
23.600000 0.000001
23.650000 0.000003
23.700000 -0.000001
23.750000 0.000001
23.800000 -0.000003
23.850000 -0.000001
23.900000 -0.000004
23.950000 -0.000002
24.000000 -0.000004
24.050000 -0.000001
24.100000 -0.000003
24.150000 0.000001
24.200000 -0.000001
24.250000 0.000002
24.300000 0.000001
24.350000 0.000004
24.400000 0.000002
24.450000 0.000004
24.500000 0.000001
24.550000 0.000003
24.600000 -0.000000
24.650000 0.000001
24.700000 -0.000002
24.750000 -0.000001
24.800000 -0.000004
24.850000 -0.000002
24.900000 -0.000004
24.950000 -0.000002
25.000000 -0.000003
25.050000 0.000000
25.100000 -0.000001
25.150000 0.000002
25.200000 0.000001
25.250000 0.000004
25.300000 0.000002
25.350000 0.000004
25.400000 0.000002
25.450000 0.000003
25.500000 0.000000
25.550000 0.000001
25.600000 -0.000002
25.650000 -0.000001
25.700000 -0.000004
25.750000 -0.000003
25.800000 -0.000004
25.850000 -0.000002
25.900000 -0.000003
25.950000 -0.000001
26.000000 -0.000001
26.050000 0.000001
26.100000 0.000001
26.150000 0.000004
26.200000 0.000003
26.250000 0.000004
26.300000 0.000003
26.350000 0.000004
26.400000 0.000001
26.450000 0.000002
26.500000 -0.000001
26.550000 -0.000001
26.600000 -0.000003
26.650000 -0.000003
26.700000 -0.000004
26.750000 -0.000003
26.800000 -0.000004
26.850000 -0.000002
26.900000 -0.000002
26.950000 0.000000
27.000000 0.000000
27.050000 0.000003
27.100000 0.000003
27.150000 0.000004
27.200000 0.000004
27.250000 0.000004
27.300000 0.000003
27.350000 0.000003
27.400000 0.000001
27.450000 0.000000
27.500000 -0.000002
27.550000 -0.000002
27.600000 -0.000004
27.650000 -0.000004
27.700000 -0.000005
27.750000 -0.000004
27.800000 -0.000003
27.850000 -0.000002
27.900000 -0.000001
27.950000 0.000001
28.000000 0.000002
28.050000 0.000004
28.100000 0.000004
28.150000 0.000005
28.200000 0.000004
28.250000 0.000004
28.300000 0.000003
28.350000 0.000002
28.400000 -0.000000
28.450000 -0.000001
28.500000 -0.000003
28.550000 -0.000004
28.600000 -0.000005
28.650000 -0.000005
28.700000 -0.000005
28.750000 -0.000004
28.800000 -0.000003
28.850000 -0.000001
28.900000 0.000000
28.950000 0.000002
29.000000 0.000003
29.050000 0.000005
29.100000 0.000005
29.150000 0.000005
29.200000 0.000005
29.250000 0.000004
29.300000 0.000003
29.350000 0.000001
29.400000 -0.000001
29.450000 -0.000003
29.500000 -0.000004
29.550000 -0.000005
29.600000 -0.000006
29.650000 -0.000006
29.700000 -0.000006
29.750000 -0.000005
29.800000 -0.000004
29.850000 -0.000003
29.900000 -0.000002
29.950000 -0.000001
