-30.000000 -0.000000
-29.950000 0.000000
-29.900000 0.000000
-29.850000 0.000000
-29.800000 -0.000000
-29.750000 0.000000
-29.700000 -0.000000
-29.650000 -0.000000
-29.600000 -0.000000
-29.550000 0.000000
-29.500000 0.000000
-29.450000 0.000000
-29.400000 0.000000
-29.350000 0.000000
-29.300000 -0.000000
-29.250000 -0.000000
-29.200000 -0.000000
-29.150000 0.000000
-29.100000 0.000000
-29.050000 0.000000
-29.000000 0.000000
-28.950000 -0.000000
-28.900000 -0.000000
-28.850000 -0.000000
-28.800000 -0.000000
-28.750000 0.000000
-28.700000 0.000000
-28.650000 0.000000
-28.600000 0.000000
-28.550000 -0.000000
-28.500000 -0.000000
-28.450000 -0.000000
-28.400000 -0.000000
-28.350000 -0.000000
-28.300000 0.000000
-28.250000 0.000000
-28.200000 0.000000
-28.150000 -0.000000
-28.100000 -0.000000
-28.050000 -0.000000
-28.000000 -0.000000
-27.950000 -0.000000
-27.900000 0.000000
-27.850000 0.000000
-27.800000 0.000000
-27.750000 0.000000
-27.700000 -0.000000
-27.650000 -0.000000
-27.600000 -0.000000
-27.550000 -0.000000
-27.500000 0.000000
-27.450000 0.000000
-27.400000 0.000000
-27.350000 0.000000
-27.300000 -0.000000
-27.250000 -0.000000
-27.200000 -0.000000
-27.150000 -0.000000
-27.100000 -0.000000
-27.050000 0.000000
-27.000000 0.000000
-26.950000 0.000000
-26.900000 0.000000
-26.850000 -0.000000
-26.800000 -0.000000
-26.750000 -0.000000
-26.700000 -0.000000
-26.650000 0.000000
-26.600000 0.000000
-26.550000 0.000000
-26.500000 0.000000
-26.450000 0.000000
-26.400000 -0.000000
-26.350000 -0.000000
-26.300000 -0.000000
-26.250000 -0.000000
-26.200000 0.000000
-26.150000 0.000000
-26.100000 0.000000
-26.050000 0.000000
-26.000000 -0.000000
-25.950000 -0.000000
-25.900000 -0.000000
-25.850000 -0.000000
-25.800000 -0.000000
-25.750000 0.000000
-25.700000 0.000000
-25.650000 0.000000
-25.600000 0.000000
-25.550000 -0.000000
-25.500000 -0.000000
-25.450000 -0.000000
-25.400000 -0.000000
-25.350000 -0.000000
-25.300000 0.000000
-25.250000 0.000000
-25.200000 0.000000
-25.150000 0.000000
-25.100000 -0.000000
-25.050000 -0.000000
-25.000000 -0.000000
-24.950000 -0.000000
-24.900000 0.000000
-24.850000 0.000000
-24.800000 0.000000
-24.750000 0.000000
-24.700000 0.000000
-24.650000 -0.000000
-24.600000 -0.000000
-24.550000 -0.000000
-24.500000 -0.000000
-24.450000 0.000000
-24.400000 0.000000
-24.350000 0.000000
-24.300000 0.000000
-24.250000 0.000000
-24.200000 -0.000000
-24.150000 -0.000000
-24.100000 -0.000000
-24.050000 -0.000000
-24.000000 -0.000000
-23.950000 0.000000
-23.900000 0.000000
-23.850000 0.000000
-23.800000 0.000000
-23.750000 -0.000000
-23.700000 -0.000000
-23.650000 -0.000000
-23.600000 -0.000000
-23.550000 -0.000000
-23.500000 0.000000
-23.450000 0.000000
-23.400000 0.000000
-23.350000 0.000000
-23.300000 0.000000
-23.250000 -0.000000
-23.200000 -0.000000
-23.150000 -0.000000
-23.100000 -0.000000
-23.050000 0.000000
-23.000000 0.000000
-22.950000 0.000000
-22.900000 0.000000
-22.850000 0.000000
-22.800000 -0.000000
-22.750000 -0.000000
-22.700000 -0.000000
-22.650000 -0.000000
-22.600000 -0.000000
-22.550000 0.000000
-22.500000 0.000000
-22.450000 0.000000
-22.400000 0.000000
-22.350000 -0.000000
-22.300000 -0.000000
-22.250000 -0.000000
-22.200000 -0.000000
-22.150000 -0.000000
-22.100000 0.000000
-22.050000 0.000000
-22.000000 0.000000
-21.950000 0.000000
-21.900000 0.000000
-21.850000 -0.000000
-21.800000 -0.000000
-21.750000 -0.000000
-21.700000 -0.000000
-21.650000 -0.000000
-21.600000 0.000000
-21.550000 0.000000
-21.500000 0.000000
-21.450000 0.000000
-21.400000 0.000000
-21.350000 -0.000000
-21.300000 -0.000000
-21.250000 -0.000000
-21.200000 -0.000000
-21.150000 -0.000000
-21.100000 0.000000
-21.050000 0.000000
-21.000000 0.000000
-20.950000 0.000000
-20.900000 0.000000
-20.850000 -0.000000
-20.800000 -0.000000
-20.750000 -0.000000
-20.700000 -0.000000
-20.650000 -0.000000
-20.600000 0.000000
-20.550000 0.000000
-20.500000 0.000000
-20.450000 0.000000
-20.400000 0.000000
-20.350000 -0.000000
-20.300000 -0.000000
-20.250000 -0.000000
-20.200000 -0.000000
-20.150000 -0.000000
-20.100000 0.000000
-20.050000 0.000000
-20.000000 0.000000
-19.950000 0.000000
-19.900000 0.000000
-19.850000 -0.000000
-19.800000 -0.000000
-19.750000 -0.000000
-19.700000 -0.000000
-19.650000 -0.000000
-19.600000 0.000000
-19.550000 0.000000
-19.500000 0.000000
-19.450000 0.000000
-19.400000 0.000000
-19.350000 0.000000
-19.300000 -0.000000
-19.250000 -0.000000
-19.200000 -0.000000
-19.150000 -0.000000
-19.100000 -0.000000
-19.050000 0.000000
-19.000000 0.000000
-18.950000 0.000000
-18.900000 0.000000
-18.850000 0.000000
-18.800000 -0.000000
-18.750000 -0.000000
-18.700000 -0.000000
-18.650000 -0.000000
-18.600000 -0.000000
-18.550000 -0.000000
-18.500000 0.000000
-18.450000 0.000000
-18.400000 0.000000
-18.350000 0.000000
-18.300000 0.000000
-18.250000 -0.000000
-18.200000 -0.000000
-18.150000 -0.000000
-18.100000 -0.000000
-18.050000 -0.000000
-18.000000 0.000000
-17.950000 0.000000
-17.900000 0.000000
-17.850000 0.000000
-17.800000 0.000000
-17.750000 0.000000
-17.700000 -0.000000
-17.650000 -0.000000
-17.600000 -0.000000
-17.550000 -0.000000
-17.500000 -0.000000
-17.450000 0.000000
-17.400000 0.000000
-17.350000 0.000000
-17.300000 0.000000
-17.250000 0.000000
-17.200000 0.000000
-17.150000 -0.000000
-17.100000 -0.000000
-17.050000 -0.000000
-17.000000 -0.000000
-16.950000 -0.000000
-16.900000 -0.000000
-16.850000 0.000000
-16.800000 0.000000
-16.750000 0.000000
-16.700000 0.000000
-16.650000 0.000000
-16.600000 -0.000000
-16.550000 -0.000000
-16.500000 -0.000000
-16.450000 -0.000000
-16.400000 -0.000000
-16.350000 -0.000000
-16.300000 0.000000
-16.250000 0.000000
-16.200000 0.000000
-16.150000 0.000000
-16.100000 0.000000
-16.050000 0.000000
-16.000000 -0.000000
-15.950000 -0.000000
-15.900000 -0.000000
-15.850000 -0.000000
-15.800000 -0.000000
-15.750000 -0.000000
-15.700000 0.000000
-15.650000 0.000000
-15.600000 0.000000
-15.550000 0.000000
-15.500000 0.000000
-15.450000 0.000000
-15.400000 -0.000000
-15.350000 -0.000000
-15.300000 -0.000000
-15.250000 -0.000000
-15.200000 -0.000000
-15.150000 -0.000000
-15.100000 0.000000
-15.050000 0.000000
-15.000000 0.000000
-14.950000 0.000000
-14.900000 0.000000
-14.850000 0.000000
-14.800000 -0.000000
-14.750000 -0.000000
-14.700000 -0.000000
-14.650000 -0.000000
-14.600000 -0.000000
-14.550000 -0.000000
-14.500000 0.000000
-14.450000 0.000000
-14.400000 0.000000
-14.350000 0.000000
-14.300000 0.000000
-14.250000 0.000000
-14.200000 -0.000000
-14.150000 -0.000000
-14.100000 -0.000000
-14.050000 -0.000000
-14.000000 -0.000000
-13.950000 -0.000000
-13.900000 0.000000
-13.850000 0.000000
-13.800000 0.000000
-13.750000 0.000000
-13.700000 0.000000
-13.650000 0.000000
-13.600000 0.000000
-13.550000 -0.000000
-13.500000 -0.000000
-13.450000 -0.000000
-13.400000 -0.000000
-13.350000 -0.000000
-13.300000 -0.000000
-13.250000 0.000000
-13.200000 0.000000
-13.150000 0.000000
-13.100000 0.000000
-13.050000 0.000000
-13.000000 0.000000
-12.950000 0.000000
-12.900000 -0.000000
-12.850000 -0.000000
-12.800000 -0.000000
-12.750000 -0.000000
-12.700000 -0.000000
-12.650000 -0.000000
-12.600000 0.000000
-12.550000 0.000000
-12.500000 0.000000
-12.450000 0.000000
-12.400000 0.000000
-12.350000 0.000000
-12.300000 0.000000
-12.250000 -0.000000
-12.200000 -0.000000
-12.150000 -0.000000
-12.100000 -0.000000
-12.050000 -0.000000
-12.000000 -0.000000
-11.950000 -0.000000
-11.900000 0.000000
-11.850000 0.000000
-11.800000 0.000000
-11.750000 0.000000
-11.700000 0.000000
-11.650000 0.000000
-11.600000 0.000000
-11.550000 -0.000000
-11.500000 -0.000000
-11.450000 -0.000001
-11.400000 -0.000001
-11.350000 -0.000001
-11.300000 -0.000000
-11.250000 -0.000000
-11.200000 0.000000
-11.150000 0.000000
-11.100000 0.000001
-11.050000 0.000001
-11.000000 0.000001
-10.950000 0.000000
-10.900000 0.000000
-10.850000 -0.000000
-10.800000 -0.000000
-10.750000 -0.000001
-10.700000 -0.000001
-10.650000 -0.000001
-10.600000 -0.000001
-10.550000 -0.000000
-10.500000 0.000000
-10.450000 0.000000
-10.400000 0.000001
-10.350000 0.000001
-10.300000 0.000001
-10.250000 0.000001
-10.200000 0.000001
-10.150000 0.000000
-10.100000 -0.000000
-10.050000 -0.000001
-10.000000 -0.000001
-9.950000 -0.000001
-9.900000 -0.000001
-9.850000 -0.000001
-9.800000 -0.000001
-9.750000 0.000000
-9.700000 0.000001
-9.650000 0.000001
-9.600000 0.000001
-9.550000 0.000002
-9.500000 0.000001
-9.450000 0.000001
-9.400000 0.000000
-9.350000 -0.000000
-9.300000 -0.000001
-9.250000 -0.000002
-9.200000 -0.000002
-9.150000 -0.000002
-9.100000 -0.000002
-9.050000 -0.000001
-9.000000 -0.000001
-8.950000 0.000000
-8.900000 0.000001
-8.850000 0.000002
-8.800000 0.000002
-8.750000 0.000002
-8.700000 0.000002
-8.650000 0.000002
-8.600000 0.000001
-8.550000 -0.000000
-8.500000 -0.000001
-8.450000 -0.000002
-8.400000 -0.000003
-8.350000 -0.000003
-8.300000 -0.000003
-8.250000 -0.000003
-8.200000 -0.000002
-8.150000 -0.000001
-8.100000 0.000001
-8.050000 0.000002
-8.000000 0.000003
-7.950000 0.000003
-7.900000 0.000003
-7.850000 0.000003
-7.800000 0.000002
-7.750000 0.000000
-7.700000 -0.000001
-7.650000 -0.000003
-7.600000 -0.000005
-7.550000 -0.000006
-7.500000 -0.000007
-7.450000 -0.000007
-7.400000 -0.000007
-7.350000 -0.000005
-7.300000 -0.000004
-7.250000 -0.000002
-7.200000 -0.000000
-7.150000 0.000001
-7.100000 0.000003
-7.050000 0.000003
-7.000000 0.000003
-6.950000 0.000001
-6.900000 -0.000001
-6.850000 -0.000004
-6.800000 -0.000007
-6.750000 -0.000010
-6.700000 -0.000014
-6.650000 -0.000017
-6.600000 -0.000019
-6.550000 -0.000020
-6.500000 -0.000021
-6.450000 -0.000020
-6.400000 -0.000019
-6.350000 -0.000017
-6.300000 -0.000016
-6.250000 -0.000014
-6.200000 -0.000013
-6.150000 -0.000013
-6.100000 -0.000014
-6.050000 -0.000016
-6.000000 -0.000021
-5.950000 -0.000026
-5.900000 -0.000034
-5.850000 -0.000042
-5.800000 -0.000052
-5.750000 -0.000061
-5.700000 -0.000071
-5.650000 -0.000081
-5.600000 -0.000090
-5.550000 -0.000098
-5.500000 -0.000105
-5.450000 -0.000112
-5.400000 -0.000117
-5.350000 -0.000123
-5.300000 -0.000130
-5.250000 -0.000137
-5.200000 -0.000146
-5.150000 -0.000158
-5.100000 -0.000172
-5.050000 -0.000191
-5.000000 -0.000213
-4.950000 -0.000241
-4.900000 -0.000273
-4.850000 -0.000309
-4.800000 -0.000351
-4.750000 -0.000397
-4.700000 -0.000448
-4.650000 -0.000502
-4.600000 -0.000560
-4.550000 -0.000622
-4.500000 -0.000688
-4.450000 -0.000758
-4.400000 -0.000832
-4.350000 -0.000911
-4.300000 -0.000996
-4.250000 -0.001089
-4.200000 -0.001190
-4.150000 -0.001303
-4.100000 -0.001427
-4.050000 -0.001567
-4.000000 -0.001724
-3.950000 -0.001901
-3.900000 -0.002100
-3.850000 -0.002324
-3.800000 -0.002576
-3.750000 -0.002857
-3.700000 -0.003172
-3.650000 -0.003522
-3.600000 -0.003911
-3.550000 -0.004341
-3.500000 -0.004817
-3.450000 -0.005340
-3.400000 -0.005916
-3.350000 -0.006548
-3.300000 -0.007243
-3.250000 -0.008005
-3.200000 -0.008842
-3.150000 -0.009761
-3.100000 -0.010770
-3.050000 -0.011880
-3.000000 -0.013102
-2.950000 -0.014448
-2.900000 -0.015932
-2.850000 -0.017570
-2.800000 -0.019379
-2.750000 -0.021377
-2.700000 -0.023587
-2.650000 -0.026030
-2.600000 -0.028731
-2.550000 -0.031719
-2.500000 -0.035023
-2.450000 -0.038676
-2.400000 -0.042713
-2.350000 -0.047172
-2.300000 -0.052097
-2.250000 -0.057532
-2.200000 -0.063528
-2.150000 -0.070138
-2.100000 -0.077422
-2.050000 -0.085443
-2.000000 -0.094270
-1.950000 -0.103980
-1.900000 -0.114651
-1.850000 -0.126374
-1.800000 -0.139241
-1.750000 -0.153354
-1.700000 -0.168822
-1.650000 -0.185761
-1.600000 -0.204293
-1.550000 -0.224548
-1.500000 -0.246662
-1.450000 -0.270777
-1.400000 -0.297040
-1.350000 -0.325601
-1.300000 -0.356612
-1.250000 -0.390224
-1.200000 -0.426585
-1.150000 -0.465835
-1.100000 -0.508106
-1.050000 -0.553510
-1.000000 -0.602143
-0.950000 -0.654068
-0.900000 -0.709318
-0.850000 -0.767880
-0.800000 -0.829693
-0.750000 -0.894635
-0.700000 -0.962518
-0.650000 -1.033076
-0.600000 -1.105959
-0.550000 -1.180729
-0.500000 -1.256853
-0.450000 -1.333701
-0.400000 -1.410549
-0.350000 -1.486586
-0.300000 -1.560920
-0.250000 -1.632597
-0.200000 -1.700617
-0.150000 -1.763960
-0.100000 -1.821613
-0.050000 -1.872604
0.000000 -1.916029
0.050000 -1.951087
0.100000 -1.977113
0.150000 -1.993600
0.200000 -2.000220
0.250000 -1.996842
0.300000 -1.983532
0.350000 -1.960555
0.400000 -1.928359
0.450000 -1.887562
0.500000 -1.838924
0.550000 -1.783315
0.600000 -1.721692
0.650000 -1.655057
0.700000 -1.584431
0.750000 -1.510823
0.800000 -1.435206
0.850000 -1.358492
0.900000 -1.281523
0.950000 -1.205052
1.000000 -1.129739
1.050000 -1.056151
1.100000 -0.984756
1.150000 -0.915933
1.200000 -0.849976
1.250000 -0.787097
1.300000 -0.727440
1.350000 -0.671085
1.400000 -0.618061
1.450000 -0.568349
1.500000 -0.521895
1.550000 -0.478615
1.600000 -0.438400
1.650000 -0.401125
1.700000 -0.366652
1.750000 -0.334835
1.800000 -0.305523
1.850000 -0.278565
1.900000 -0.253809
1.950000 -0.231106
2.000000 -0.210313
2.050000 -0.191289
2.100000 -0.173903
2.150000 -0.158029
2.200000 -0.143547
2.250000 -0.130345
2.300000 -0.118318
2.350000 -0.107370
2.400000 -0.097408
2.450000 -0.088349
2.500000 -0.080114
2.550000 -0.072633
2.600000 -0.065838
2.650000 -0.059668
2.700000 -0.054069
2.750000 -0.048989
2.800000 -0.044380
2.850000 -0.040200
2.900000 -0.036411
2.950000 -0.032975
3.000000 -0.029861
3.050000 -0.027040
3.100000 -0.024483
3.150000 -0.022166
3.200000 -0.020068
3.250000 -0.018167
3.300000 -0.016446
3.350000 -0.014887
3.400000 -0.013475
3.450000 -0.012197
3.500000 -0.011039
3.550000 -0.009992
3.600000 -0.009043
3.650000 -0.008184
3.700000 -0.007407
3.750000 -0.006703
3.800000 -0.006066
3.850000 -0.005490
3.900000 -0.004968
3.950000 -0.004496
4.000000 -0.004069
4.050000 -0.003682
4.100000 -0.003332
4.150000 -0.003015
4.200000 -0.002728
4.250000 -0.002469
4.300000 -0.002234
4.350000 -0.002022
4.400000 -0.001829
4.450000 -0.001655
4.500000 -0.001498
4.550000 -0.001355
4.600000 -0.001226
4.650000 -0.001110
4.700000 -0.001004
4.750000 -0.000909
4.800000 -0.000822
4.850000 -0.000744
4.900000 -0.000673
4.950000 -0.000609
5.000000 -0.000551
5.050000 -0.000499
5.100000 -0.000451
5.150000 -0.000408
5.200000 -0.000369
5.250000 -0.000334
5.300000 -0.000302
5.350000 -0.000274
5.400000 -0.000248
5.450000 -0.000224
5.500000 -0.000203
5.550000 -0.000183
5.600000 -0.000166
5.650000 -0.000150
5.700000 -0.000136
5.750000 -0.000123
5.800000 -0.000111
5.850000 -0.000101
5.900000 -0.000091
5.950000 -0.000082
6.000000 -0.000075
6.050000 -0.000068
6.100000 -0.000061
6.150000 -0.000055
6.200000 -0.000050
6.250000 -0.000045
6.300000 -0.000041
6.350000 -0.000037
6.400000 -0.000034
6.450000 -0.000030
6.500000 -0.000027
6.550000 -0.000025
6.600000 -0.000022
6.650000 -0.000020
6.700000 -0.000018
6.750000 -0.000017
6.800000 -0.000015
6.850000 -0.000014
6.900000 -0.000012
6.950000 -0.000011
7.000000 -0.000010
7.050000 -0.000009
7.100000 -0.000008
7.150000 -0.000007
7.200000 -0.000007
7.250000 -0.000006
7.300000 -0.000006
7.350000 -0.000005
7.400000 -0.000005
7.450000 -0.000004
7.500000 -0.000004
7.550000 -0.000003
7.600000 -0.000003
7.650000 -0.000003
7.700000 -0.000002
7.750000 -0.000002
7.800000 -0.000002
7.850000 -0.000002
7.900000 -0.000002
7.950000 -0.000002
8.000000 -0.000001
8.050000 -0.000001
8.100000 -0.000001
8.150000 -0.000001
8.200000 -0.000001
8.250000 -0.000001
8.300000 -0.000001
8.350000 -0.000001
8.400000 -0.000001
8.450000 -0.000001
8.500000 -0.000001
8.550000 -0.000000
8.600000 -0.000000
8.650000 -0.000000
8.700000 -0.000000
8.750000 -0.000000
8.800000 -0.000000
8.850000 -0.000000
8.900000 -0.000000
8.950000 -0.000000
9.000000 -0.000000
9.050000 -0.000000
9.100000 -0.000000
9.150000 -0.000000
9.200000 -0.000000
9.250000 -0.000000
9.300000 -0.000000
9.350000 -0.000000
9.400000 -0.000000
9.450000 -0.000000
9.500000 -0.000000
9.550000 -0.000000
9.600000 -0.000000
9.650000 -0.000000
9.700000 -0.000000
9.750000 -0.000000
9.800000 -0.000000
9.850000 -0.000000
9.900000 -0.000000
9.950000 -0.000000
10.000000 -0.000000
10.050000 -0.000000
10.100000 -0.000000
10.150000 -0.000000
10.200000 -0.000000
10.250000 -0.000000
10.300000 -0.000000
10.350000 -0.000000
10.400000 -0.000000
10.450000 -0.000000
10.500000 -0.000000
10.550000 -0.000000
10.600000 -0.000000
10.650000 -0.000000
10.700000 -0.000000
10.750000 -0.000000
10.800000 -0.000000
10.850000 -0.000000
10.900000 -0.000000
10.950000 -0.000000
11.000000 -0.000000
11.050000 -0.000000
11.100000 -0.000000
11.150000 -0.000000
11.200000 -0.000000
11.250000 -0.000000
11.300000 -0.000000
11.350000 -0.000000
11.400000 -0.000000
11.450000 -0.000000
11.500000 -0.000000
11.550000 -0.000000
11.600000 -0.000000
11.650000 -0.000000
11.700000 -0.000000
11.750000 -0.000000
11.800000 -0.000000
11.850000 -0.000000
11.900000 -0.000000
11.950000 -0.000000
12.000000 -0.000000
12.050000 -0.000000
12.100000 -0.000000
12.150000 -0.000000
12.200000 -0.000000
12.250000 -0.000000
12.300000 -0.000000
12.350000 -0.000000
12.400000 -0.000000
12.450000 -0.000000
12.500000 -0.000000
12.550000 -0.000000
12.600000 -0.000000
12.650000 -0.000000
12.700000 -0.000000
12.750000 -0.000000
12.800000 -0.000000
12.850000 -0.000000
12.900000 -0.000000
12.950000 -0.000000
13.000000 -0.000000
13.050000 -0.000000
13.100000 -0.000000
13.150000 -0.000000
13.200000 -0.000000
13.250000 -0.000000
13.300000 0.000000
13.350000 0.000000
13.400000 0.000000
13.450000 0.000000
13.500000 0.000000
13.550000 -0.000000
13.600000 -0.000000
13.650000 -0.000000
13.700000 -0.000000
13.750000 -0.000000
13.800000 -0.000000
13.850000 -0.000000
13.900000 0.000000
13.950000 0.000000
14.000000 0.000000
14.050000 0.000000
14.100000 0.000000
14.150000 0.000000
14.200000 -0.000000
14.250000 -0.000000
14.300000 -0.000000
14.350000 -0.000000
14.400000 -0.000000
14.450000 -0.000000
14.500000 -0.000000
14.550000 0.000000
14.600000 0.000000
14.650000 0.000000
14.700000 0.000000
14.750000 0.000000
14.800000 0.000000
14.850000 -0.000000
14.900000 -0.000000
14.950000 -0.000000
15.000000 -0.000000
15.050000 -0.000000
15.100000 -0.000000
15.150000 0.000000
15.200000 0.000000
15.250000 0.000000
15.300000 0.000000
15.350000 0.000000
15.400000 0.000000
15.450000 -0.000000
15.500000 -0.000000
15.550000 -0.000000
15.600000 -0.000000
15.650000 -0.000000
15.700000 -0.000000
15.750000 0.000000
15.800000 0.000000
15.850000 0.000000
15.900000 0.000000
15.950000 0.000000
16.000000 0.000000
16.050000 -0.000000
16.100000 -0.000000
16.150000 -0.000000
16.200000 -0.000000
16.250000 -0.000000
16.300000 -0.000000
16.350000 0.000000
16.400000 0.000000
16.450000 0.000000
16.500000 0.000000
16.550000 0.000000
16.600000 -0.000000
16.650000 -0.000000
16.700000 -0.000000
16.750000 -0.000000
16.800000 -0.000000
16.850000 -0.000000
16.900000 0.000000
16.950000 0.000000
17.000000 0.000000
17.050000 0.000000
17.100000 0.000000
17.150000 0.000000
17.200000 -0.000000
17.250000 -0.000000
17.300000 -0.000000
17.350000 -0.000000
17.400000 -0.000000
17.450000 0.000000
17.500000 0.000000
17.550000 0.000000
17.600000 0.000000
17.650000 0.000000
17.700000 0.000000
17.750000 -0.000000
17.800000 -0.000000
17.850000 -0.000000
17.900000 -0.000000
17.950000 -0.000000
18.000000 0.000000
18.050000 0.000000
18.100000 0.000000
18.150000 0.000000
18.200000 0.000000
18.250000 0.000000
18.300000 -0.000000
18.350000 -0.000000
18.400000 -0.000000
18.450000 -0.000000
18.500000 -0.000000
18.550000 0.000000
18.600000 0.000000
18.650000 0.000000
18.700000 0.000000
18.750000 0.000000
18.800000 -0.000000
18.850000 -0.000000
18.900000 -0.000000
18.950000 -0.000000
19.000000 -0.000000
19.050000 -0.000000
19.100000 0.000000
19.150000 0.000000
19.200000 0.000000
19.250000 0.000000
19.300000 0.000000
19.350000 -0.000000
19.400000 -0.000000
19.450000 -0.000000
19.500000 -0.000000
19.550000 -0.000000
19.600000 0.000000
19.650000 0.000000
19.700000 0.000000
19.750000 0.000000
19.800000 0.000000
19.850000 -0.000000
19.900000 -0.000000
19.950000 -0.000000
20.000000 -0.000000
20.050000 -0.000000
20.100000 -0.000000
20.150000 0.000000
20.200000 0.000000
20.250000 0.000000
20.300000 0.000000
20.350000 0.000000
20.400000 -0.000000
20.450000 -0.000000
20.500000 -0.000000
20.550000 -0.000000
20.600000 -0.000000
20.650000 0.000000
20.700000 0.000000
20.750000 0.000000
20.800000 0.000000
20.850000 0.000000
20.900000 -0.000000
20.950000 -0.000000
21.000000 -0.000000
21.050000 -0.000000
21.100000 -0.000000
21.150000 0.000000
21.200000 0.000000
21.250000 0.000000
21.300000 0.000000
21.350000 0.000000
21.400000 -0.000000
21.450000 -0.000000
21.500000 -0.000000
21.550000 -0.000000
21.600000 -0.000000
21.650000 0.000000
21.700000 0.000000
21.750000 0.000000
21.800000 0.000000
21.850000 0.000000
21.900000 -0.000000
21.950000 -0.000000
22.000000 -0.000000
22.050000 -0.000000
22.100000 0.000000
22.150000 0.000000
22.200000 0.000000
22.250000 0.000000
22.300000 0.000000
22.350000 -0.000000
22.400000 -0.000000
22.450000 -0.000000
22.500000 -0.000000
22.550000 -0.000000
22.600000 0.000000
22.650000 0.000000
22.700000 0.000000
22.750000 0.000000
22.800000 0.000000
22.850000 -0.000000
22.900000 -0.000000
22.950000 -0.000000
23.000000 -0.000000
23.050000 -0.000000
23.100000 0.000000
23.150000 0.000000
23.200000 0.000000
23.250000 0.000000
23.300000 -0.000000
23.350000 -0.000000
23.400000 -0.000000
23.450000 -0.000000
23.500000 -0.000000
23.550000 0.000000
23.600000 0.000000
23.650000 0.000000
23.700000 0.000000
23.750000 0.000000
23.800000 -0.000000
23.850000 -0.000000
23.900000 -0.000000
23.950000 -0.000000
24.000000 0.000000
24.050000 0.000000
24.100000 0.000000
24.150000 0.000000
24.200000 0.000000
24.250000 -0.000000
24.300000 -0.000000
24.350000 -0.000000
24.400000 -0.000000
24.450000 0.000000
24.500000 0.000000
24.550000 0.000000
24.600000 0.000000
24.650000 0.000000
24.700000 -0.000000
24.750000 -0.000000
24.800000 -0.000000
24.850000 -0.000000
24.900000 0.000000
24.950000 0.000000
25.000000 0.000000
25.050000 0.000000
25.100000 0.000000
25.150000 -0.000000
25.200000 -0.000000
25.250000 -0.000000
25.300000 -0.000000
25.350000 0.000000
25.400000 0.000000
25.450000 0.000000
25.500000 0.000000
25.550000 0.000000
25.600000 -0.000000
25.650000 -0.000000
25.700000 -0.000000
25.750000 -0.000000
25.800000 0.000000
25.850000 0.000000
25.900000 0.000000
25.950000 0.000000
26.000000 -0.000000
26.050000 -0.000000
26.100000 -0.000000
26.150000 -0.000000
26.200000 -0.000000
26.250000 0.000000
26.300000 0.000000
26.350000 0.000000
26.400000 0.000000
26.450000 -0.000000
26.500000 -0.000000
26.550000 -0.000000
26.600000 -0.000000
26.650000 0.000000
26.700000 0.000000
26.750000 0.000000
26.800000 0.000000
26.850000 0.000000
26.900000 -0.000000
26.950000 -0.000000
27.000000 -0.000000
27.050000 -0.000000
27.100000 0.000000
27.150000 0.000000
27.200000 0.000000
27.250000 0.000000
27.300000 -0.000000
27.350000 -0.000000
27.400000 -0.000000
27.450000 -0.000000
27.500000 0.000000
27.550000 0.000000
27.600000 0.000000
27.650000 0.000000
27.700000 0.000000
27.750000 -0.000000
27.800000 -0.000000
27.850000 -0.000000
27.900000 -0.000000
27.950000 0.000000
28.000000 0.000000
28.050000 0.000000
28.100000 0.000000
28.150000 -0.000000
28.200000 -0.000000
28.250000 -0.000000
28.300000 -0.000000
28.350000 0.000000
28.400000 0.000000
28.450000 0.000000
28.500000 0.000000
28.550000 -0.000000
28.600000 -0.000000
28.650000 -0.000000
28.700000 -0.000000
28.750000 0.000000
28.800000 0.000000
28.850000 0.000000
28.900000 0.000000
28.950000 0.000000
29.000000 -0.000000
29.050000 -0.000000
29.100000 -0.000000
29.150000 0.000000
29.200000 0.000000
29.250000 0.000000
29.300000 0.000000
29.350000 0.000000
29.400000 -0.000000
29.450000 -0.000000
29.500000 -0.000000
29.550000 0.000000
29.600000 0.000000
29.650000 0.000000
29.700000 0.000000
29.750000 0.000000
29.800000 -0.000000
29.850000 -0.000000
29.900000 -0.000000
29.950000 -0.000000
