-30.000000 -0.000016
-29.950000 -0.000011
-29.900000 -0.000022
-29.850000 -0.000012
-29.800000 -0.000019
-29.750000 -0.000005
-29.700000 -0.000008
-29.650000 0.000008
-29.600000 0.000006
-29.550000 0.000024
-29.500000 0.000022
-29.450000 0.000038
-29.400000 0.000035
-29.350000 0.000049
-29.300000 0.000042
-29.250000 0.000053
-29.200000 0.000042
-29.150000 0.000050
-29.100000 0.000036
-29.050000 0.000040
-29.000000 0.000023
-28.950000 0.000025
-28.900000 0.000006
-28.850000 0.000007
-28.800000 -0.000012
-28.750000 -0.000010
-28.700000 -0.000028
-28.650000 -0.000026
-28.600000 -0.000042
-28.550000 -0.000037
-28.500000 -0.000050
-28.450000 -0.000042
-28.400000 -0.000053
-28.350000 -0.000042
-28.300000 -0.000049
-28.250000 -0.000035
-28.200000 -0.000040
-28.150000 -0.000023
-28.100000 -0.000025
-28.050000 -0.000006
-28.000000 -0.000007
-27.950000 0.000013
-27.900000 0.000012
-27.850000 0.000032
-27.800000 0.000030
-27.750000 0.000047
-27.700000 0.000042
-27.650000 0.000056
-27.600000 0.000048
-27.550000 0.000058
-27.500000 0.000046
-27.450000 0.000052
-27.400000 0.000037
-27.350000 0.000040
-27.300000 0.000021
-27.250000 0.000022
-27.200000 0.000001
-27.150000 0.000002
-27.100000 -0.000019
-27.050000 -0.000018
-27.000000 -0.000037
-26.950000 -0.000034
-26.900000 -0.000050
-26.850000 -0.000044
-26.800000 -0.000057
-26.750000 -0.000048
-26.700000 -0.000058
-26.650000 -0.000045
-26.600000 -0.000052
-26.550000 -0.000036
-26.500000 -0.000040
-26.450000 -0.000022
-26.400000 -0.000024
-26.350000 -0.000004
-26.300000 -0.000005
-26.250000 0.000015
-26.200000 0.000015
-26.150000 0.000034
-26.100000 0.000032
-26.050000 0.000050
-26.000000 0.000046
-25.950000 0.000061
-25.900000 0.000053
-25.850000 0.000064
-25.800000 0.000052
-25.750000 0.000059
-25.700000 0.000043
-25.650000 0.000047
-25.600000 0.000027
-25.550000 0.000028
-25.500000 0.000007
-25.450000 0.000006
-25.400000 -0.000015
-25.350000 -0.000015
-25.300000 -0.000036
-25.250000 -0.000034
-25.200000 -0.000052
-25.150000 -0.000047
-25.100000 -0.000062
-25.050000 -0.000054
-25.000000 -0.000065
-24.950000 -0.000053
-24.900000 -0.000061
-24.850000 -0.000045
-24.800000 -0.000050
-24.750000 -0.000032
-24.700000 -0.000034
-24.650000 -0.000014
-24.600000 -0.000015
-24.550000 0.000006
-24.500000 0.000006
-24.450000 0.000027
-24.400000 0.000026
-24.350000 0.000045
-24.300000 0.000043
-24.250000 0.000060
-24.200000 0.000054
-24.150000 0.000068
-24.100000 0.000059
-24.050000 0.000069
-24.000000 0.000056
-23.950000 0.000062
-23.900000 0.000045
-23.850000 0.000047
-23.800000 0.000027
-23.750000 0.000027
-23.700000 0.000004
-23.650000 0.000003
-23.600000 -0.000020
-23.550000 -0.000020
-23.500000 -0.000042
-23.450000 -0.000040
-23.400000 -0.000059
-23.350000 -0.000054
-23.300000 -0.000070
-23.250000 -0.000061
-23.200000 -0.000072
-23.150000 -0.000060
-23.100000 -0.000068
-23.050000 -0.000052
-23.000000 -0.000056
-22.950000 -0.000037
-22.900000 -0.000040
-22.850000 -0.000018
-22.800000 -0.000019
-22.750000 0.000003
-22.700000 0.000003
-22.650000 0.000025
-22.600000 0.000024
-22.550000 0.000046
-22.500000 0.000043
-22.450000 0.000062
-22.400000 0.000058
-22.350000 0.000074
-22.300000 0.000065
-22.250000 0.000078
-22.200000 0.000065
-22.150000 0.000073
-22.100000 0.000056
-22.050000 0.000061
-22.000000 0.000040
-21.950000 0.000041
-21.900000 0.000018
-21.850000 0.000017
-21.800000 -0.000007
-21.750000 -0.000008
-21.700000 -0.000032
-21.650000 -0.000032
-21.600000 -0.000054
-21.550000 -0.000051
-21.500000 -0.000070
-21.450000 -0.000064
-21.400000 -0.000079
-21.350000 -0.000068
-21.300000 -0.000080
-21.250000 -0.000065
-21.200000 -0.000073
-21.150000 -0.000056
-21.100000 -0.000060
-21.050000 -0.000040
-21.000000 -0.000042
-20.950000 -0.000020
-20.900000 -0.000020
-20.850000 0.000003
-20.800000 0.000003
-20.750000 0.000027
-20.700000 0.000027
-20.650000 0.000050
-20.600000 0.000048
-20.550000 0.000069
-20.500000 0.000064
-20.450000 0.000082
-20.400000 0.000074
-20.350000 0.000087
-20.300000 0.000075
-20.250000 0.000084
-20.200000 0.000067
-20.150000 0.000072
-20.100000 0.000051
-20.050000 0.000052
-20.000000 0.000029
-19.950000 0.000028
-19.900000 0.000002
-19.850000 0.000001
-19.800000 -0.000024
-19.750000 -0.000025
-19.700000 -0.000049
-19.650000 -0.000047
-19.600000 -0.000069
-19.550000 -0.000064
-19.500000 -0.000082
-19.450000 -0.000074
-19.400000 -0.000088
-19.350000 -0.000076
-19.300000 -0.000087
-19.250000 -0.000071
-19.200000 -0.000078
-19.150000 -0.000060
-19.100000 -0.000064
-19.050000 -0.000042
-19.000000 -0.000044
-18.950000 -0.000020
-18.900000 -0.000021
-18.850000 0.000005
-18.800000 0.000006
-18.750000 0.000031
-18.700000 0.000032
-18.650000 0.000056
-18.600000 0.000055
-18.550000 0.000078
-18.500000 0.000073
-18.450000 0.000092
-18.400000 0.000084
-18.350000 0.000098
-18.300000 0.000085
-18.250000 0.000095
-18.200000 0.000077
-18.150000 0.000083
-18.100000 0.000062
-18.050000 0.000064
-18.000000 0.000039
-17.950000 0.000040
-17.900000 0.000014
-17.850000 0.000013
-17.800000 -0.000014
-17.750000 -0.000014
-17.700000 -0.000039
-17.650000 -0.000038
-17.600000 -0.000062
-17.550000 -0.000059
-17.500000 -0.000080
-17.450000 -0.000074
-17.400000 -0.000093
-17.350000 -0.000084
-17.300000 -0.000099
-17.250000 -0.000086
-17.200000 -0.000098
-17.150000 -0.000081
-17.100000 -0.000089
-17.050000 -0.000069
-17.000000 -0.000073
-16.950000 -0.000050
-16.900000 -0.000051
-16.850000 -0.000025
-16.800000 -0.000024
-16.750000 0.000004
-16.700000 0.000006
-16.650000 0.000034
-16.600000 0.000035
-16.550000 0.000062
-16.500000 0.000061
-16.450000 0.000084
-16.400000 0.000080
-16.350000 0.000100
-16.300000 0.000091
-16.250000 0.000107
-16.200000 0.000094
-16.150000 0.000106
-16.100000 0.000089
-16.050000 0.000097
-16.000000 0.000076
-15.950000 0.000081
-15.900000 0.000058
-15.850000 0.000061
-15.800000 0.000036
-15.750000 0.000037
-15.700000 0.000010
-15.650000 0.000011
-15.600000 -0.000017
-15.550000 -0.000017
-15.500000 -0.000044
-15.450000 -0.000043
-15.400000 -0.000069
-15.350000 -0.000067
-15.300000 -0.000091
-15.250000 -0.000086
-15.200000 -0.000107
-15.150000 -0.000098
-15.100000 -0.000115
-15.050000 -0.000102
-15.000000 -0.000115
-14.950000 -0.000098
-14.900000 -0.000106
-14.850000 -0.000084
-14.800000 -0.000088
-14.750000 -0.000063
-14.700000 -0.000064
-14.650000 -0.000037
-14.600000 -0.000036
-14.550000 -0.000007
-14.500000 -0.000006
-14.450000 0.000022
-14.400000 0.000022
-14.350000 0.000050
-14.300000 0.000048
-14.250000 0.000074
-14.200000 0.000070
-14.150000 0.000093
-14.100000 0.000086
-14.050000 0.000107
-14.000000 0.000098
-13.950000 0.000116
-13.900000 0.000103
-13.850000 0.000118
-13.800000 0.000102
-13.750000 0.000113
-13.700000 0.000093
-13.650000 0.000101
-13.600000 0.000078
-13.550000 0.000082
-13.500000 0.000055
-13.450000 0.000056
-13.400000 0.000027
-13.350000 0.000027
-13.300000 -0.000003
-13.250000 -0.000005
-13.200000 -0.000035
-13.150000 -0.000036
-13.100000 -0.000065
-13.050000 -0.000063
-13.000000 -0.000090
-12.950000 -0.000085
-12.900000 -0.000108
-12.850000 -0.000101
-12.800000 -0.000120
-12.750000 -0.000109
-12.700000 -0.000125
-12.650000 -0.000110
-12.600000 -0.000122
-12.550000 -0.000104
-12.500000 -0.000114
-12.450000 -0.000093
-12.400000 -0.000100
-12.350000 -0.000077
-12.300000 -0.000081
-12.250000 -0.000056
-12.200000 -0.000059
-12.150000 -0.000031
-12.100000 -0.000032
-12.050000 -0.000003
-12.000000 -0.000003
-11.950000 0.000027
-11.900000 0.000027
-11.850000 0.000057
-11.800000 0.000057
-11.750000 0.000085
-11.700000 0.000082
-11.650000 0.000108
-11.600000 0.000102
-11.550000 0.000125
-11.500000 0.000115
-11.450000 0.000134
-11.400000 0.000120
-11.350000 0.000134
-11.300000 0.000117
-11.250000 0.000128
-11.200000 0.000107
-11.150000 0.000115
-11.100000 0.000092
-11.050000 0.000097
-11.000000 0.000072
-10.950000 0.000076
-10.900000 0.000049
-10.850000 0.000052
-10.800000 0.000024
-10.750000 0.000026
-10.700000 -0.000002
-10.650000 -0.000001
-10.600000 -0.000029
-10.550000 -0.000028
-10.500000 -0.000057
-10.450000 -0.000055
-10.400000 -0.000083
-10.350000 -0.000080
-10.300000 -0.000106
-10.250000 -0.000101
-10.200000 -0.000125
-10.150000 -0.000117
-10.100000 -0.000137
-10.050000 -0.000126
-10.000000 -0.000142
-9.950000 -0.000126
-9.900000 -0.000139
-9.850000 -0.000120
-9.800000 -0.000129
-9.750000 -0.000106
-9.700000 -0.000113
-9.650000 -0.000088
-9.600000 -0.000093
-9.550000 -0.000067
-9.500000 -0.000070
-9.450000 -0.000043
-9.400000 -0.000046
-9.350000 -0.000019
-9.300000 -0.000022
-9.250000 0.000006
-9.200000 0.000003
-9.150000 0.000031
-9.100000 0.000028
-9.050000 0.000056
-9.000000 0.000053
-8.950000 0.000080
-8.900000 0.000077
-8.850000 0.000103
-8.800000 0.000097
-8.750000 0.000122
-8.700000 0.000114
-8.650000 0.000135
-8.600000 0.000125
-8.550000 0.000143
-8.500000 0.000129
-8.450000 0.000144
-8.400000 0.000127
-8.350000 0.000139
-8.300000 0.000118
-8.250000 0.000127
-8.200000 0.000104
-8.150000 0.000111
-8.100000 0.000087
-8.050000 0.000092
-8.000000 0.000067
-7.950000 0.000072
-7.900000 0.000046
-7.850000 0.000051
-7.800000 0.000025
-7.750000 0.000030
-7.700000 0.000003
-7.650000 0.000008
-7.600000 -0.000019
-7.550000 -0.000014
-7.500000 -0.000041
-7.450000 -0.000037
-7.400000 -0.000064
-7.350000 -0.000060
-7.300000 -0.000086
-7.250000 -0.000081
-7.200000 -0.000106
-7.150000 -0.000099
-7.100000 -0.000121
-7.050000 -0.000112
-7.000000 -0.000132
-6.950000 -0.000120
-6.900000 -0.000137
-6.850000 -0.000122
-6.800000 -0.000137
-6.750000 -0.000120
-6.700000 -0.000132
-6.650000 -0.000113
-6.600000 -0.000124
-6.550000 -0.000104
-6.500000 -0.000114
-6.450000 -0.000093
-6.400000 -0.000102
-6.350000 -0.000081
-6.300000 -0.000090
-6.250000 -0.000068
-6.200000 -0.000077
-6.150000 -0.000054
-6.100000 -0.000062
-6.050000 -0.000039
-6.000000 -0.000046
-5.950000 -0.000022
-5.900000 -0.000028
-5.850000 -0.000003
-5.800000 -0.000009
-5.750000 0.000017
-5.700000 0.000011
-5.650000 0.000037
-5.600000 0.000030
-5.550000 0.000055
-5.500000 0.000047
-5.450000 0.000070
-5.400000 0.000060
-5.350000 0.000081
-5.300000 0.000070
-5.250000 0.000088
-5.200000 0.000075
-5.150000 0.000093
-5.100000 0.000078
-5.050000 0.000095
-5.000000 0.000080
-4.950000 0.000096
-4.900000 0.000081
-4.850000 0.000097
-4.800000 0.000082
-4.750000 0.000098
-4.700000 0.000083
-4.650000 0.000099
-4.600000 0.000083
-4.550000 0.000098
-4.500000 0.000081
-4.450000 0.000095
-4.400000 0.000077
-4.350000 0.000089
-4.300000 0.000070
-4.250000 0.000081
-4.200000 0.000060
-4.150000 0.000071
-4.100000 0.000050
-4.050000 0.000060
-4.000000 0.000039
-3.950000 0.000049
-3.900000 0.000029
-3.850000 0.000040
-3.800000 0.000021
-3.750000 0.000033
-3.700000 0.000014
-3.650000 0.000027
-3.600000 0.000009
-3.550000 0.000022
-3.500000 0.000004
-3.450000 0.000017
-3.400000 -0.000002
-3.350000 0.000009
-3.300000 -0.000011
-3.250000 -0.000001
-3.200000 -0.000023
-3.150000 -0.000015
-3.100000 -0.000038
-3.050000 -0.000032
-3.000000 -0.000057
-2.950000 -0.000052
-2.900000 -0.000078
-2.850000 -0.000074
-2.800000 -0.000101
-2.750000 -0.000099
-2.700000 -0.000128
-2.650000 -0.000128
-2.600000 -0.000160
-2.550000 -0.000163
-2.500000 -0.000199
-2.450000 -0.000208
-2.400000 -0.000250
-2.350000 -0.000266
-2.300000 -0.000316
-2.250000 -0.000341
-2.200000 -0.000400
-2.150000 -0.000436
-2.100000 -0.000507
-2.050000 -0.000555
-2.000000 -0.000640
-1.950000 -0.000703
-1.900000 -0.000803
-1.850000 -0.000884
-1.800000 -0.001003
-1.750000 -0.001104
-1.700000 -0.001247
-1.650000 -0.001374
-1.600000 -0.001545
-1.550000 -0.001703
-1.500000 -0.001908
-1.450000 -0.002105
-1.400000 -0.002354
-1.350000 -0.002598
-1.300000 -0.002900
-1.250000 -0.003204
-1.200000 -0.003571
-1.150000 -0.003946
-1.100000 -0.004393
-1.050000 -0.004856
-1.000000 -0.005400
-0.950000 -0.005970
-0.900000 -0.006630
-0.850000 -0.007329
-0.800000 -0.008131
-0.750000 -0.008986
-0.700000 -0.009960
-0.650000 -0.011005
-0.600000 -0.012189
-0.550000 -0.013466
-0.500000 -0.014905
-0.450000 -0.016464
-0.400000 -0.018215
-0.350000 -0.020118
-0.300000 -0.022250
-0.250000 -0.024572
-0.200000 -0.027166
-0.150000 -0.029999
-0.100000 -0.033155
-0.050000 -0.036607
0.000000 -0.040445
0.050000 -0.044648
0.100000 -0.049311
0.150000 -0.054422
0.200000 -0.060083
0.250000 -0.066289
0.300000 -0.073153
0.350000 -0.080679
0.400000 -0.088990
0.450000 -0.098103
0.500000 -0.108151
0.550000 -0.119163
0.600000 -0.131286
0.650000 -0.144563
0.700000 -0.159154
0.750000 -0.175117
0.800000 -0.192627
0.850000 -0.211755
0.900000 -0.232689
0.950000 -0.255514
1.000000 -0.280429
1.050000 -0.307527
1.100000 -0.337017
1.150000 -0.368993
1.200000 -0.403662
1.250000 -0.441113
1.300000 -0.481539
1.350000 -0.525008
1.400000 -0.571682
1.450000 -0.621589
1.500000 -0.674836
1.550000 -0.731383
1.600000 -0.791253
1.650000 -0.854308
1.700000 -0.920455
1.750000 -0.989421
1.800000 -1.060963
1.850000 -1.134643
1.900000 -1.210039
1.950000 -1.286528
2.000000 -1.363495
2.050000 -1.440129
2.100000 -1.515639
2.150000 -1.589053
2.200000 -1.659451
2.250000 -1.725767
2.300000 -1.787036
2.350000 -1.842203
2.400000 -1.890371
2.450000 -1.930621
2.500000 -1.962255
2.550000 -1.984612
2.600000 -1.997308
2.650000 -2.000038
2.700000 -1.992799
2.750000 -1.975684
2.800000 -1.949084
2.850000 -1.913463
2.900000 -1.869549
2.950000 -1.818097
3.000000 -1.760068
3.050000 -1.696385
3.100000 -1.628115
3.150000 -1.556223
3.200000 -1.481761
3.250000 -1.405626
3.300000 -1.328758
3.350000 -1.251909
3.400000 -1.175852
3.450000 -1.101156
3.500000 -1.028401
3.550000 -0.957969
3.600000 -0.890256
3.650000 -0.825471
3.700000 -0.763852
3.750000 -0.705464
3.800000 -0.650419
3.850000 -0.598674
3.900000 -0.550249
3.950000 -0.505025
4.000000 -0.462959
4.050000 -0.423885
4.100000 -0.387724
4.150000 -0.354282
4.200000 -0.323465
4.250000 -0.295067
4.300000 -0.268990
4.350000 -0.245030
4.400000 -0.223092
4.450000 -0.202983
4.500000 -0.184617
4.550000 -0.167812
4.600000 -0.152497
4.650000 -0.138503
4.700000 -0.125772
4.750000 -0.114153
4.800000 -0.103599
4.850000 -0.093974
4.900000 -0.085245
4.950000 -0.077287
5.000000 -0.070081
5.050000 -0.063513
5.100000 -0.057573
5.150000 -0.052159
5.200000 -0.047271
5.250000 -0.042814
5.300000 -0.038796
5.350000 -0.035129
5.400000 -0.031830
5.450000 -0.028817
5.500000 -0.026110
5.550000 -0.023634
5.600000 -0.021414
5.650000 -0.019380
5.700000 -0.017560
5.750000 -0.015888
5.800000 -0.014397
5.850000 -0.013022
5.900000 -0.011800
5.950000 -0.010669
6.000000 -0.009668
6.050000 -0.008737
6.100000 -0.007917
6.150000 -0.007152
6.200000 -0.006482
6.250000 -0.005852
6.300000 -0.005306
6.350000 -0.004789
6.400000 -0.004345
6.450000 -0.003921
6.500000 -0.003560
6.550000 -0.003212
6.600000 -0.002920
6.650000 -0.002633
6.700000 -0.002397
6.750000 -0.002161
6.800000 -0.001970
6.850000 -0.001773
6.900000 -0.001619
6.950000 -0.001455
7.000000 -0.001329
7.050000 -0.001191
7.100000 -0.001089
7.150000 -0.000973
7.200000 -0.000890
7.250000 -0.000791
7.300000 -0.000725
7.350000 -0.000642
7.400000 -0.000589
7.450000 -0.000520
7.500000 -0.000479
7.550000 -0.000421
7.600000 -0.000392
7.650000 -0.000343
7.700000 -0.000323
7.750000 -0.000282
7.800000 -0.000269
7.850000 -0.000235
7.900000 -0.000227
7.950000 -0.000197
8.000000 -0.000192
8.050000 -0.000166
8.100000 -0.000163
8.150000 -0.000138
8.200000 -0.000136
8.250000 -0.000111
8.300000 -0.000111
8.350000 -0.000087
8.400000 -0.000087
8.450000 -0.000065
8.500000 -0.000067
8.550000 -0.000046
8.600000 -0.000050
8.650000 -0.000032
8.700000 -0.000038
8.750000 -0.000023
8.800000 -0.000032
8.850000 -0.000018
8.900000 -0.000029
8.950000 -0.000017
9.000000 -0.000029
9.050000 -0.000018
9.100000 -0.000030
9.150000 -0.000019
9.200000 -0.000031
9.250000 -0.000020
9.300000 -0.000030
9.350000 -0.000018
9.400000 -0.000027
9.450000 -0.000013
9.500000 -0.000021
9.550000 -0.000006
9.600000 -0.000014
9.650000 0.000001
9.700000 -0.000007
9.750000 0.000008
9.800000 -0.000001
9.850000 0.000013
9.900000 0.000003
9.950000 0.000014
10.000000 0.000002
10.050000 0.000012
10.100000 -0.000001
10.150000 0.000007
10.200000 -0.000007
10.250000 0.000001
10.300000 -0.000013
10.350000 -0.000005
10.400000 -0.000018
10.450000 -0.000008
10.500000 -0.000020
10.550000 -0.000008
10.600000 -0.000018
10.650000 -0.000005
10.700000 -0.000013
10.750000 0.000001
10.800000 -0.000007
10.850000 0.000008
10.900000 -0.000000
10.950000 0.000014
11.000000 0.000005
11.050000 0.000017
11.100000 0.000007
11.150000 0.000018
11.200000 0.000006
11.250000 0.000015
11.300000 0.000002
11.350000 0.000010
11.400000 -0.000004
11.450000 0.000003
11.500000 -0.000011
11.550000 -0.000003
11.600000 -0.000016
11.650000 -0.000007
11.700000 -0.000019
11.750000 -0.000008
11.800000 -0.000018
11.850000 -0.000006
11.900000 -0.000014
11.950000 -0.000000
12.000000 -0.000008
12.050000 0.000007
12.100000 -0.000001
12.150000 0.000014
12.200000 0.000006
12.250000 0.000018
12.300000 0.000009
12.350000 0.000020
12.400000 0.000008
12.450000 0.000017
12.500000 0.000004
12.550000 0.000012
12.600000 -0.000003
12.650000 0.000004
12.700000 -0.000010
12.750000 -0.000003
12.800000 -0.000016
12.850000 -0.000008
12.900000 -0.000020
12.950000 -0.000009
13.000000 -0.000019
13.050000 -0.000007
13.100000 -0.000016
13.150000 -0.000002
13.200000 -0.000009
13.250000 0.000005
13.300000 -0.000002
13.350000 0.000012
13.400000 0.000004
13.450000 0.000017
13.500000 0.000008
13.550000 0.000020
13.600000 0.000009
13.650000 0.000019
13.700000 0.000007
13.750000 0.000015
13.800000 0.000001
13.850000 0.000008
13.900000 -0.000006
13.950000 0.000000
14.000000 -0.000014
14.050000 -0.000006
14.100000 -0.000019
14.150000 -0.000010
14.200000 -0.000021
14.250000 -0.000010
14.300000 -0.000019
14.350000 -0.000007
14.400000 -0.000014
14.450000 0.000000
14.500000 -0.000006
14.550000 0.000009
14.600000 0.000002
14.650000 0.000016
14.700000 0.000009
14.750000 0.000021
14.800000 0.000011
14.850000 0.000021
14.900000 0.000010
14.950000 0.000018
15.000000 0.000005
15.050000 0.000012
15.100000 -0.000002
15.150000 0.000004
15.200000 -0.000010
15.250000 -0.000004
15.300000 -0.000017
15.350000 -0.000009
15.400000 -0.000021
15.450000 -0.000011
15.500000 -0.000021
15.550000 -0.000010
15.600000 -0.000018
15.650000 -0.000005
15.700000 -0.000011
15.750000 0.000003
15.800000 -0.000003
15.850000 0.000011
15.900000 0.000005
15.950000 0.000018
16.000000 0.000011
16.050000 0.000022
16.100000 0.000013
16.150000 0.000022
16.200000 0.000011
16.250000 0.000018
16.300000 0.000005
16.350000 0.000011
16.400000 -0.000003
16.450000 0.000002
16.500000 -0.000012
16.550000 -0.000007
16.600000 -0.000020
16.650000 -0.000012
16.700000 -0.000023
16.750000 -0.000014
16.800000 -0.000023
16.850000 -0.000011
16.900000 -0.000018
16.950000 -0.000004
17.000000 -0.000010
17.050000 0.000005
17.100000 -0.000001
17.150000 0.000013
17.200000 0.000007
17.250000 0.000020
17.300000 0.000012
17.350000 0.000023
17.400000 0.000014
17.450000 0.000022
17.500000 0.000011
17.550000 0.000018
17.600000 0.000005
17.650000 0.000010
17.700000 -0.000004
17.750000 0.000001
17.800000 -0.000012
17.850000 -0.000007
17.900000 -0.000020
17.950000 -0.000013
18.000000 -0.000024
18.050000 -0.000015
18.100000 -0.000024
18.150000 -0.000013
18.200000 -0.000019
18.250000 -0.000006
18.300000 -0.000011
18.350000 0.000003
18.400000 -0.000001
18.450000 0.000013
18.500000 0.000008
18.550000 0.000021
18.600000 0.000015
18.650000 0.000025
18.700000 0.000017
18.750000 0.000025
18.800000 0.000014
18.850000 0.000020
18.900000 0.000007
18.950000 0.000011
19.000000 -0.000003
19.050000 0.000001
19.100000 -0.000012
19.150000 -0.000008
19.200000 -0.000020
19.250000 -0.000014
19.300000 -0.000025
19.350000 -0.000017
19.400000 -0.000025
19.450000 -0.000015
19.500000 -0.000021
19.550000 -0.000009
19.600000 -0.000013
19.650000 0.000000
19.700000 -0.000003
19.750000 0.000010
19.800000 0.000006
19.850000 0.000019
19.900000 0.000014
19.950000 0.000025
20.000000 0.000018
20.050000 0.000026
20.100000 0.000017
20.150000 0.000023
20.200000 0.000012
20.250000 0.000016
20.300000 0.000003
20.350000 0.000006
20.400000 -0.000008
20.450000 -0.000005
20.500000 -0.000018
20.550000 -0.000014
20.600000 -0.000025
20.650000 -0.000019
20.700000 -0.000028
20.750000 -0.000019
20.800000 -0.000025
20.850000 -0.000014
20.900000 -0.000018
20.950000 -0.000005
21.000000 -0.000008
21.050000 0.000006
21.100000 0.000003
21.150000 0.000016
21.200000 0.000013
21.250000 0.000024
21.300000 0.000018
21.350000 0.000027
21.400000 0.000020
21.450000 0.000026
21.500000 0.000016
21.550000 0.000021
21.600000 0.000009
21.650000 0.000012
21.700000 -0.000001
21.750000 0.000001
21.800000 -0.000012
21.850000 -0.000009
21.900000 -0.000021
21.950000 -0.000017
22.000000 -0.000027
22.050000 -0.000021
22.100000 -0.000029
22.150000 -0.000020
22.200000 -0.000025
22.250000 -0.000015
22.300000 -0.000017
22.350000 -0.000005
22.400000 -0.000006
22.450000 0.000007
22.500000 0.000006
22.550000 0.000019
22.600000 0.000017
22.650000 0.000027
22.700000 0.000023
22.750000 0.000030
22.800000 0.000023
22.850000 0.000028
22.900000 0.000018
22.950000 0.000021
23.000000 0.000009
23.050000 0.000010
23.100000 -0.000003
23.150000 -0.000002
23.200000 -0.000014
23.250000 -0.000013
23.300000 -0.000024
23.350000 -0.000021
23.400000 -0.000029
23.450000 -0.000024
23.500000 -0.000030
23.550000 -0.000022
23.600000 -0.000025
23.650000 -0.000015
23.700000 -0.000017
23.750000 -0.000005
23.800000 -0.000005
23.850000 0.000007
23.900000 0.000007
23.950000 0.000018
24.000000 0.000017
24.050000 0.000027
24.100000 0.000024
24.150000 0.000032
24.200000 0.000026
24.250000 0.000031
24.300000 0.000022
24.350000 0.000024
24.400000 0.000013
24.450000 0.000013
24.500000 0.000001
24.550000 -0.000001
24.600000 -0.000013
24.650000 -0.000013
24.700000 -0.000024
24.750000 -0.000023
24.800000 -0.000031
24.850000 -0.000028
24.900000 -0.000033
24.950000 -0.000026
25.000000 -0.000029
25.050000 -0.000019
25.100000 -0.000020
25.150000 -0.000009
25.200000 -0.000007
25.250000 0.000004
25.300000 0.000006
25.350000 0.000016
25.400000 0.000017
25.450000 0.000026
25.500000 0.000025
25.550000 0.000032
25.600000 0.000028
25.650000 0.000033
25.700000 0.000026
25.750000 0.000028
25.800000 0.000019
25.850000 0.000018
25.900000 0.000008
25.950000 0.000006
26.000000 -0.000006
26.050000 -0.000008
26.100000 -0.000019
26.150000 -0.000020
26.200000 -0.000029
26.250000 -0.000029
26.300000 -0.000035
26.350000 -0.000032
26.400000 -0.000035
26.450000 -0.000028
26.500000 -0.000028
26.550000 -0.000019
26.600000 -0.000016
26.650000 -0.000005
26.700000 -0.000002
26.750000 0.000009
26.800000 0.000013
26.850000 0.000023
26.900000 0.000024
26.950000 0.000032
27.000000 0.000031
27.050000 0.000036
27.100000 0.000032
27.150000 0.000034
27.200000 0.000027
27.250000 0.000026
27.300000 0.000017
27.350000 0.000015
27.400000 0.000004
27.450000 0.000001
27.500000 -0.000010
27.550000 -0.000013
27.600000 -0.000022
27.650000 -0.000024
27.700000 -0.000032
27.750000 -0.000032
27.800000 -0.000037
27.850000 -0.000034
27.900000 -0.000036
27.950000 -0.000030
28.000000 -0.000029
28.050000 -0.000020
28.100000 -0.000017
28.150000 -0.000006
28.200000 -0.000001
28.250000 0.000009
28.300000 0.000014
28.350000 0.000024
28.400000 0.000027
28.450000 0.000035
28.500000 0.000036
28.550000 0.000040
28.600000 0.000037
28.650000 0.000038
28.700000 0.000032
28.750000 0.000030
28.800000 0.000022
28.850000 0.000017
28.900000 0.000007
28.950000 0.000001
29.000000 -0.000009
29.050000 -0.000014
29.100000 -0.000023
29.150000 -0.000027
29.200000 -0.000034
29.250000 -0.000036
29.300000 -0.000041
29.350000 -0.000040
29.400000 -0.000041
29.450000 -0.000038
29.500000 -0.000037
29.550000 -0.000032
29.600000 -0.000029
29.650000 -0.000022
29.700000 -0.000019
29.750000 -0.000012
29.800000 -0.000009
29.850000 -0.000003
29.900000 -0.000002
29.950000 0.000002
