-30.000000 0.000000
-29.950000 0.000000
-29.900000 0.000000
-29.850000 -0.000000
-29.800000 -0.000000
-29.750000 -0.000000
-29.700000 -0.000000
-29.650000 -0.000000
-29.600000 0.000000
-29.550000 -0.000000
-29.500000 0.000000
-29.450000 0.000000
-29.400000 0.000000
-29.350000 0.000000
-29.300000 0.000000
-29.250000 -0.000000
-29.200000 -0.000000
-29.150000 -0.000000
-29.100000 -0.000000
-29.050000 -0.000000
-29.000000 -0.000000
-28.950000 -0.000000
-28.900000 0.000000
-28.850000 0.000000
-28.800000 0.000000
-28.750000 0.000000
-28.700000 0.000000
-28.650000 0.000000
-28.600000 0.000000
-28.550000 -0.000000
-28.500000 -0.000000
-28.450000 -0.000000
-28.400000 -0.000000
-28.350000 -0.000000
-28.300000 0.000000
-28.250000 0.000000
-28.200000 0.000000
-28.150000 0.000000
-28.100000 0.000000
-28.050000 0.000000
-28.000000 0.000000
-27.950000 -0.000000
-27.900000 -0.000000
-27.850000 -0.000000
-27.800000 -0.000000
-27.750000 -0.000000
-27.700000 -0.000000
-27.650000 -0.000000
-27.600000 0.000000
-27.550000 0.000000
-27.500000 0.000000
-27.450000 0.000000
-27.400000 0.000000
-27.350000 0.000000
-27.300000 0.000000
-27.250000 -0.000000
-27.200000 -0.000000
-27.150000 -0.000000
-27.100000 -0.000000
-27.050000 -0.000000
-27.000000 -0.000000
-26.950000 0.000000
-26.900000 0.000000
-26.850000 0.000000
-26.800000 0.000000
-26.750000 0.000000
-26.700000 0.000000
-26.650000 0.000000
-26.600000 -0.000000
-26.550000 -0.000000
-26.500000 -0.000000
-26.450000 -0.000000
-26.400000 -0.000000
-26.350000 -0.000000
-26.300000 -0.000000
-26.250000 0.000000
-26.200000 0.000000
-26.150000 0.000000
-26.100000 0.000000
-26.050000 0.000000
-26.000000 0.000000
-25.950000 0.000000
-25.900000 -0.000000
-25.850000 -0.000000
-25.800000 -0.000000
-25.750000 -0.000000
-25.700000 -0.000000
-25.650000 -0.000000
-25.600000 0.000000
-25.550000 0.000000
-25.500000 0.000000
-25.450000 0.000000
-25.400000 0.000000
-25.350000 0.000000
-25.300000 0.000000
-25.250000 -0.000000
-25.200000 -0.000000
-25.150000 -0.000000
-25.100000 -0.000000
-25.050000 -0.000000
-25.000000 -0.000000
-24.950000 -0.000000
-24.900000 0.000000
-24.850000 0.000000
-24.800000 0.000000
-24.750000 0.000000
-24.700000 0.000000
-24.650000 0.000000
-24.600000 0.000000
-24.550000 -0.000000
-24.500000 -0.000000
-24.450000 -0.000000
-24.400000 -0.000000
-24.350000 -0.000000
-24.300000 -0.000000
-24.250000 -0.000000
-24.200000 -0.000000
-24.150000 0.000000
-24.100000 0.000000
-24.050000 0.000000
-24.000000 0.000000
-23.950000 0.000000
-23.900000 0.000000
-23.850000 0.000000
-23.800000 -0.000000
-23.750000 -0.000000
-23.700000 -0.000000
-23.650000 -0.000000
-23.600000 -0.000000
-23.550000 -0.000000
-23.500000 -0.000000
-23.450000 0.000000
-23.400000 0.000000
-23.350000 0.000001
-23.300000 0.000000
-23.250000 0.000000
-23.200000 0.000000
-23.150000 0.000000
-23.100000 -0.000000
-23.050000 -0.000000
-23.000000 -0.000001
-22.950000 -0.000001
-22.900000 -0.000001
-22.850000 -0.000000
-22.800000 -0.000000
-22.750000 0.000000
-22.700000 0.000000
-22.650000 0.000001
-22.600000 0.000001
-22.550000 0.000001
-22.500000 0.000000
-22.450000 0.000000
-22.400000 0.000000
-22.350000 -0.000000
-22.300000 -0.000000
-22.250000 -0.000001
-22.200000 -0.000001
-22.150000 -0.000001
-22.100000 -0.000000
-22.050000 -0.000000
-22.000000 0.000000
-21.950000 0.000000
-21.900000 0.000001
-21.850000 0.000001
-21.800000 0.000001
-21.750000 0.000001
-21.700000 0.000000
-21.650000 0.000000
-21.600000 -0.000000
-21.550000 -0.000001
-21.500000 -0.000001
-21.450000 -0.000001
-21.400000 -0.000001
-21.350000 -0.000001
-21.300000 -0.000000
-21.250000 0.000000
-21.200000 0.000000
-21.150000 0.000001
-21.100000 0.000001
-21.050000 0.000001
-21.000000 0.000001
-20.950000 0.000001
-20.900000 0.000000
-20.850000 -0.000000
-20.800000 -0.000001
-20.750000 -0.000001
-20.700000 -0.000001
-20.650000 -0.000001
-20.600000 -0.000001
-20.550000 -0.000001
-20.500000 -0.000000
-20.450000 0.000000
-20.400000 0.000001
-20.350000 0.000001
-20.300000 0.000001
-20.250000 0.000001
-20.200000 0.000001
-20.150000 0.000000
-20.100000 0.000000
-20.050000 -0.000000
-20.000000 -0.000001
-19.950000 -0.000001
-19.900000 -0.000001
-19.850000 -0.000001
-19.800000 -0.000001
-19.750000 -0.000001
-19.700000 0.000000
-19.650000 0.000001
-19.600000 0.000001
-19.550000 0.000001
-19.500000 0.000001
-19.450000 0.000001
-19.400000 0.000001
-19.350000 0.000001
-19.300000 -0.000000
-19.250000 -0.000001
-19.200000 -0.000001
-19.150000 -0.000001
-19.100000 -0.000002
-19.050000 -0.000001
-19.000000 -0.000001
-18.950000 -0.000001
-18.900000 -0.000000
-18.850000 0.000001
-18.800000 0.000001
-18.750000 0.000002
-18.700000 0.000002
-18.650000 0.000002
-18.600000 0.000001
-18.550000 0.000001
-18.500000 0.000000
-18.450000 -0.000001
-18.400000 -0.000001
-18.350000 -0.000002
-18.300000 -0.000002
-18.250000 -0.000002
-18.200000 -0.000002
-18.150000 -0.000001
-18.100000 -0.000000
-18.050000 0.000000
-18.000000 0.000001
-17.950000 0.000002
-17.900000 0.000002
-17.850000 0.000002
-17.800000 0.000002
-17.750000 0.000001
-17.700000 0.000001
-17.650000 -0.000000
-17.600000 -0.000001
-17.550000 -0.000002
-17.500000 -0.000002
-17.450000 -0.000002
-17.400000 -0.000002
-17.350000 -0.000002
-17.300000 -0.000001
-17.250000 -0.000000
-17.200000 0.000001
-17.150000 0.000001
-17.100000 0.000002
-17.050000 0.000003
-17.000000 0.000003
-16.950000 0.000002
-16.900000 0.000002
-16.850000 0.000001
-16.800000 -0.000000
-16.750000 -0.000001
-16.700000 -0.000002
-16.650000 -0.000003
-16.600000 -0.000003
-16.550000 -0.000003
-16.500000 -0.000003
-16.450000 -0.000002
-16.400000 -0.000001
-16.350000 0.000000
-16.300000 0.000002
-16.250000 0.000002
-16.200000 0.000003
-16.150000 0.000003
-16.100000 0.000003
-16.050000 0.000003
-16.000000 0.000002
-15.950000 0.000001
-15.900000 -0.000001
-15.850000 -0.000002
-15.800000 -0.000003
-15.750000 -0.000004
-15.700000 -0.000004
-15.650000 -0.000004
-15.600000 -0.000003
-15.550000 -0.000002
-15.500000 -0.000001
-15.450000 0.000001
-15.400000 0.000002
-15.350000 0.000003
-15.300000 0.000004
-15.250000 0.000005
-15.200000 0.000004
-15.150000 0.000004
-15.100000 0.000003
-15.050000 0.000001
-15.000000 -0.000001
-14.950000 -0.000002
-14.900000 -0.000004
-14.850000 -0.000005
-14.800000 -0.000005
-14.750000 -0.000005
-14.700000 -0.000004
-14.650000 -0.000003
-14.600000 -0.000002
-14.550000 0.000000
-14.500000 0.000002
-14.450000 0.000004
-14.400000 0.000005
-14.350000 0.000006
-14.300000 0.000006
-14.250000 0.000005
-14.200000 0.000004
-14.150000 0.000003
-14.100000 0.000001
-14.050000 -0.000001
-14.000000 -0.000003
-13.950000 -0.000005
-13.900000 -0.000006
-13.850000 -0.000007
-13.800000 -0.000007
-13.750000 -0.000006
-13.700000 -0.000004
-13.650000 -0.000002
-13.600000 0.000000
-13.550000 0.000002
-13.500000 0.000005
-13.450000 0.000006
-13.400000 0.000007
-13.350000 0.000008
-13.300000 0.000007
-13.250000 0.000006
-13.200000 0.000004
-13.150000 0.000002
-13.100000 -0.000001
-13.050000 -0.000003
-13.000000 -0.000006
-12.950000 -0.000008
-12.900000 -0.000009
-12.850000 -0.000009
-12.800000 -0.000009
-12.750000 -0.000007
-12.700000 -0.000005
-12.650000 -0.000002
-12.600000 0.000001
-12.550000 0.000004
-12.500000 0.000007
-12.450000 0.000009
-12.400000 0.000010
-12.350000 0.000011
-12.300000 0.000010
-12.250000 0.000009
-12.200000 0.000006
-12.150000 0.000003
-12.100000 -0.000000
-12.050000 -0.000004
-12.000000 -0.000007
-11.950000 -0.000010
-11.900000 -0.000012
-11.850000 -0.000012
-11.800000 -0.000012
-11.750000 -0.000011
-11.700000 -0.000008
-11.650000 -0.000005
-11.600000 -0.000001
-11.550000 0.000003
-11.500000 0.000007
-11.450000 0.000010
-11.400000 0.000013
-11.350000 0.000014
-11.300000 0.000015
-11.250000 0.000014
-11.200000 0.000012
-11.150000 0.000009
-11.100000 0.000005
-11.050000 0.000000
-11.000000 -0.000004
-10.950000 -0.000009
-10.900000 -0.000013
-10.850000 -0.000015
-10.800000 -0.000017
-10.750000 -0.000017
-10.700000 -0.000016
-10.650000 -0.000013
-10.600000 -0.000010
-10.550000 -0.000005
-10.500000 0.000000
-10.450000 0.000005
-10.400000 0.000010
-10.350000 0.000015
-10.300000 0.000018
-10.250000 0.000020
-10.200000 0.000021
-10.150000 0.000019
-10.100000 0.000017
-10.050000 0.000013
-10.000000 0.000008
-9.950000 0.000002
-9.900000 -0.000005
-9.850000 -0.000011
-9.800000 -0.000016
-9.750000 -0.000020
-9.700000 -0.000023
-9.650000 -0.000025
-9.600000 -0.000024
-9.550000 -0.000022
-9.500000 -0.000018
-9.450000 -0.000013
-9.400000 -0.000006
-9.350000 0.000001
-9.300000 0.000008
-9.250000 0.000015
-9.200000 0.000021
-9.150000 0.000026
-9.100000 0.000029
-9.050000 0.000030
-9.000000 0.000029
-8.950000 0.000026
-8.900000 0.000021
-8.850000 0.000015
-8.800000 0.000008
-8.750000 -0.000001
-8.700000 -0.000009
-8.650000 -0.000018
-8.600000 -0.000025
-8.550000 -0.000031
-8.500000 -0.000035
-8.450000 -0.000037
-8.400000 -0.000036
-8.350000 -0.000034
-8.300000 -0.000029
-8.250000 -0.000022
-8.200000 -0.000014
-8.150000 -0.000004
-8.100000 0.000006
-8.050000 0.000016
-8.000000 0.000025
-7.950000 0.000033
-7.900000 0.000039
-7.850000 0.000043
-7.800000 0.000045
-7.750000 0.000044
-7.700000 0.000040
-7.650000 0.000034
-7.600000 0.000026
-7.550000 0.000015
-7.500000 0.000004
-7.450000 -0.000008
-7.400000 -0.000020
-7.350000 -0.000032
-7.300000 -0.000042
-7.250000 -0.000050
-7.200000 -0.000056
-7.150000 -0.000059
-7.100000 -0.000059
-7.050000 -0.000056
-7.000000 -0.000051
-6.950000 -0.000042
-6.900000 -0.000031
-6.850000 -0.000019
-6.800000 -0.000005
-6.750000 0.000009
-6.700000 0.000023
-6.650000 0.000036
-6.600000 0.000047
-6.550000 0.000056
-6.500000 0.000062
-6.450000 0.000065
-6.400000 0.000064
-6.350000 0.000060
-6.300000 0.000052
-6.250000 0.000041
-6.200000 0.000027
-6.150000 0.000011
-6.100000 -0.000007
-6.050000 -0.000027
-6.000000 -0.000046
-5.950000 -0.000066
-5.900000 -0.000084
-5.850000 -0.000100
-5.800000 -0.000114
-5.750000 -0.000125
-5.700000 -0.000132
-5.650000 -0.000136
-5.600000 -0.000137
-5.550000 -0.000134
-5.500000 -0.000128
-5.450000 -0.000118
-5.400000 -0.000107
-5.350000 -0.000094
-5.300000 -0.000081
-5.250000 -0.000067
-5.200000 -0.000055
-5.150000 -0.000045
-5.100000 -0.000037
-5.050000 -0.000033
-5.000000 -0.000034
-4.950000 -0.000040
-4.900000 -0.000051
-4.850000 -0.000069
-4.800000 -0.000093
-4.750000 -0.000124
-4.700000 -0.000162
-4.650000 -0.000207
-4.600000 -0.000258
-4.550000 -0.000316
-4.500000 -0.000379
-4.450000 -0.000448
-4.400000 -0.000522
-4.350000 -0.000601
-4.300000 -0.000685
-4.250000 -0.000773
-4.200000 -0.000865
-4.150000 -0.000961
-4.100000 -0.001061
-4.050000 -0.001167
-4.000000 -0.001277
-3.950000 -0.001393
-3.900000 -0.001516
-3.850000 -0.001648
-3.800000 -0.001789
-3.750000 -0.001942
-3.700000 -0.002109
-3.650000 -0.002292
-3.600000 -0.002494
-3.550000 -0.002718
-3.500000 -0.002966
-3.450000 -0.003243
-3.400000 -0.003553
-3.350000 -0.003899
-3.300000 -0.004286
-3.250000 -0.004720
-3.200000 -0.005205
-3.150000 -0.005747
-3.100000 -0.006352
-3.050000 -0.007027
-3.000000 -0.007780
-2.950000 -0.008617
-2.900000 -0.009548
-2.850000 -0.010582
-2.800000 -0.011729
-2.750000 -0.013000
-2.700000 -0.014408
-2.650000 -0.015965
-2.600000 -0.017687
-2.550000 -0.019590
-2.500000 -0.021691
-2.450000 -0.024010
-2.400000 -0.026569
-2.350000 -0.029392
-2.300000 -0.032504
-2.250000 -0.035935
-2.200000 -0.039717
-2.150000 -0.043883
-2.100000 -0.048473
-2.050000 -0.053529
-2.000000 -0.059096
-1.950000 -0.065224
-1.900000 -0.071970
-1.850000 -0.079392
-1.800000 -0.087557
-1.750000 -0.096534
-1.700000 -0.106402
-1.650000 -0.117244
-1.600000 -0.129150
-1.550000 -0.142216
-1.500000 -0.156547
-1.450000 -0.172253
-1.400000 -0.189455
-1.350000 -0.208275
-1.300000 -0.228848
-1.250000 -0.251310
-1.200000 -0.275807
-1.150000 -0.302486
-1.100000 -0.331499
-1.050000 -0.362997
-1.000000 -0.397133
-0.950000 -0.434052
-0.900000 -0.473895
-0.850000 -0.516788
-0.800000 -0.562842
-0.750000 -0.612145
-0.700000 -0.664755
-0.650000 -0.720696
-0.600000 -0.779945
-0.550000 -0.842430
-0.500000 -0.908014
-0.450000 -0.976493
-0.400000 -1.047585
-0.350000 -1.120922
-0.300000 -1.196045
-0.250000 -1.272401
-0.200000 -1.349341
-0.150000 -1.426121
-0.100000 -1.501912
-0.050000 -1.575808
0.000000 -1.646842
0.050000 -1.714010
0.100000 -1.776289
0.150000 -1.832672
0.200000 -1.882198
0.250000 -1.923982
0.300000 -1.957249
0.350000 -1.981363
0.400000 -1.995852
0.450000 -2.000431
0.500000 -1.995007
0.550000 -1.979688
0.600000 -1.954778
0.650000 -1.920762
0.700000 -1.878290
0.750000 -1.828146
0.800000 -1.771224
0.850000 -1.708488
0.900000 -1.640951
0.950000 -1.569631
1.000000 -1.495534
1.050000 -1.419619
1.100000 -1.342789
1.150000 -1.265865
1.200000 -1.189582
1.250000 -1.114581
1.300000 -1.041409
1.350000 -0.970516
1.400000 -0.902261
1.450000 -0.836922
1.500000 -0.774696
1.550000 -0.715713
1.600000 -0.660042
1.650000 -0.607700
1.700000 -0.558663
1.750000 -0.512867
1.800000 -0.470225
1.850000 -0.430623
1.900000 -0.393933
1.950000 -0.360015
2.000000 -0.328723
2.050000 -0.299904
2.100000 -0.273408
2.150000 -0.249082
2.200000 -0.226780
2.250000 -0.206358
2.300000 -0.187678
2.350000 -0.170609
2.400000 -0.155027
2.450000 -0.140813
2.500000 -0.127857
2.550000 -0.116056
2.600000 -0.105314
2.650000 -0.095540
2.700000 -0.086653
2.750000 -0.078576
2.800000 -0.071237
2.850000 -0.064572
2.900000 -0.058522
2.950000 -0.053030
3.000000 -0.048047
3.050000 -0.043527
3.100000 -0.039428
3.150000 -0.035712
3.200000 -0.032343
3.250000 -0.029289
3.300000 -0.026522
3.350000 -0.024014
3.400000 -0.021742
3.450000 -0.019684
3.500000 -0.017820
3.550000 -0.016132
3.600000 -0.014603
3.650000 -0.013218
3.700000 -0.011965
3.750000 -0.010829
3.800000 -0.009802
3.850000 -0.008871
3.900000 -0.008029
3.950000 -0.007267
4.000000 -0.006576
4.050000 -0.005952
4.100000 -0.005386
4.150000 -0.004874
4.200000 -0.004411
4.250000 -0.003992
4.300000 -0.003612
4.350000 -0.003269
4.400000 -0.002958
4.450000 -0.002677
4.500000 -0.002422
4.550000 -0.002192
4.600000 -0.001984
4.650000 -0.001795
4.700000 -0.001624
4.750000 -0.001470
4.800000 -0.001330
4.850000 -0.001203
4.900000 -0.001089
4.950000 -0.000985
5.000000 -0.000892
5.050000 -0.000807
5.100000 -0.000730
5.150000 -0.000661
5.200000 -0.000598
5.250000 -0.000541
5.300000 -0.000489
5.350000 -0.000443
5.400000 -0.000401
5.450000 -0.000363
5.500000 -0.000328
5.550000 -0.000297
5.600000 -0.000269
5.650000 -0.000243
5.700000 -0.000220
5.750000 -0.000199
5.800000 -0.000180
5.850000 -0.000163
5.900000 -0.000147
5.950000 -0.000133
6.000000 -0.000121
6.050000 -0.000109
6.100000 -0.000099
6.150000 -0.000089
6.200000 -0.000081
6.250000 -0.000073
6.300000 -0.000066
6.350000 -0.000060
6.400000 -0.000054
6.450000 -0.000049
6.500000 -0.000044
6.550000 -0.000040
6.600000 -0.000036
6.650000 -0.000033
6.700000 -0.000030
6.750000 -0.000027
6.800000 -0.000024
6.850000 -0.000022
6.900000 -0.000020
6.950000 -0.000018
7.000000 -0.000016
7.050000 -0.000015
7.100000 -0.000013
7.150000 -0.000012
7.200000 -0.000011
7.250000 -0.000010
7.300000 -0.000009
7.350000 -0.000008
7.400000 -0.000007
7.450000 -0.000007
7.500000 -0.000006
7.550000 -0.000005
7.600000 -0.000005
7.650000 -0.000004
7.700000 -0.000004
7.750000 -0.000004
7.800000 -0.000003
7.850000 -0.000003
7.900000 -0.000003
7.950000 -0.000002
8.000000 -0.000002
8.050000 -0.000002
8.100000 -0.000002
8.150000 -0.000002
8.200000 -0.000001
8.250000 -0.000001
8.300000 -0.000001
8.350000 -0.000001
8.400000 -0.000001
8.450000 -0.000001
8.500000 -0.000001
8.550000 -0.000001
8.600000 -0.000001
8.650000 -0.000001
8.700000 -0.000001
8.750000 -0.000000
8.800000 -0.000000
8.850000 -0.000000
8.900000 -0.000000
8.950000 -0.000000
9.000000 -0.000000
9.050000 -0.000000
9.100000 -0.000000
9.150000 -0.000000
9.200000 -0.000000
9.250000 -0.000000
9.300000 -0.000000
9.350000 -0.000000
9.400000 -0.000000
9.450000 -0.000000
9.500000 -0.000000
9.550000 -0.000000
9.600000 -0.000000
9.650000 -0.000000
9.700000 -0.000000
9.750000 -0.000000
9.800000 -0.000000
9.850000 -0.000000
9.900000 -0.000000
9.950000 -0.000000
10.000000 -0.000000
10.050000 -0.000000
10.100000 -0.000000
10.150000 -0.000000
10.200000 -0.000000
10.250000 -0.000000
10.300000 -0.000000
10.350000 -0.000000
10.400000 -0.000000
10.450000 -0.000000
10.500000 -0.000000
10.550000 -0.000000
10.600000 -0.000000
10.650000 -0.000000
10.700000 -0.000000
10.750000 -0.000000
10.800000 -0.000000
10.850000 -0.000000
10.900000 -0.000000
10.950000 0.000000
11.000000 -0.000000
11.050000 0.000000
11.100000 -0.000000
11.150000 0.000000
11.200000 -0.000000
11.250000 0.000000
11.300000 -0.000000
11.350000 0.000000
11.400000 -0.000000
11.450000 0.000000
11.500000 -0.000000
11.550000 0.000000
11.600000 -0.000000
11.650000 0.000000
11.700000 -0.000000
11.750000 0.000000
11.800000 -0.000000
11.850000 0.000000
11.900000 -0.000000
11.950000 0.000000
12.000000 -0.000000
12.050000 0.000000
12.100000 -0.000000
12.150000 0.000000
12.200000 -0.000000
12.250000 0.000000
12.300000 -0.000000
12.350000 -0.000000
12.400000 -0.000000
12.450000 -0.000000
12.500000 -0.000000
12.550000 -0.000000
12.600000 0.000000
12.650000 -0.000000
12.700000 0.000000
12.750000 -0.000000
12.800000 0.000000
12.850000 -0.000000
12.900000 0.000000
12.950000 -0.000000
13.000000 0.000000
13.050000 -0.000000
13.100000 0.000000
13.150000 -0.000000
13.200000 0.000000
13.250000 -0.000000
13.300000 0.000000
13.350000 -0.000000
13.400000 0.000000
13.450000 -0.000000
13.500000 0.000000
13.550000 -0.000000
13.600000 0.000000
13.650000 -0.000000
13.700000 0.000000
13.750000 -0.000000
13.800000 0.000000
13.850000 -0.000000
13.900000 0.000000
13.950000 -0.000000
14.000000 0.000000
14.050000 -0.000000
14.100000 0.000000
14.150000 -0.000000
14.200000 0.000000
14.250000 -0.000000
14.300000 0.000000
14.350000 -0.000000
14.400000 0.000000
14.450000 -0.000000
14.500000 0.000000
14.550000 -0.000000
14.600000 0.000000
14.650000 -0.000000
14.700000 0.000000
14.750000 -0.000000
14.800000 0.000000
14.850000 -0.000000
14.900000 0.000000
14.950000 -0.000000
15.000000 0.000000
15.050000 -0.000000
15.100000 0.000000
15.150000 -0.000000
15.200000 0.000000
15.250000 -0.000000
15.300000 0.000000
15.350000 -0.000000
15.400000 0.000000
15.450000 -0.000000
15.500000 0.000000
15.550000 -0.000000
15.600000 0.000000
15.650000 -0.000000
15.700000 0.000000
15.750000 -0.000000
15.800000 0.000000
15.850000 -0.000000
15.900000 -0.000000
15.950000 0.000000
16.000000 -0.000000
16.050000 0.000000
16.100000 -0.000000
16.150000 0.000000
16.200000 -0.000000
16.250000 0.000000
16.300000 -0.000000
16.350000 0.000000
16.400000 -0.000000
16.450000 0.000000
16.500000 -0.000000
16.550000 0.000000
16.600000 -0.000000
16.650000 0.000000
16.700000 -0.000000
16.750000 0.000000
16.800000 -0.000000
16.850000 0.000000
16.900000 -0.000000
16.950000 0.000000
17.000000 -0.000000
17.050000 0.000000
17.100000 -0.000000
17.150000 0.000000
17.200000 -0.000000
17.250000 0.000000
17.300000 -0.000000
17.350000 0.000000
17.400000 -0.000000
17.450000 0.000000
17.500000 -0.000000
17.550000 0.000000
17.600000 -0.000000
17.650000 0.000000
17.700000 -0.000000
17.750000 0.000000
17.800000 -0.000000
17.850000 0.000000
17.900000 -0.000000
17.950000 0.000000
18.000000 -0.000000
18.050000 0.000000
18.100000 -0.000000
18.150000 0.000000
18.200000 -0.000000
18.250000 0.000000
18.300000 -0.000000
18.350000 0.000000
18.400000 -0.000000
18.450000 0.000000
18.500000 -0.000000
18.550000 0.000000
18.600000 -0.000000
18.650000 0.000000
18.700000 -0.000000
18.750000 0.000000
18.800000 -0.000000
18.850000 0.000000
18.900000 -0.000000
18.950000 0.000000
19.000000 -0.000000
19.050000 0.000000
19.100000 0.000000
19.150000 0.000000
19.200000 0.000000
19.250000 -0.000000
19.300000 0.000000
19.350000 -0.000000
19.400000 0.000000
19.450000 -0.000000
19.500000 0.000000
19.550000 -0.000000
19.600000 0.000000
19.650000 -0.000000
19.700000 0.000000
19.750000 -0.000000
19.800000 0.000000
19.850000 -0.000000
19.900000 0.000000
19.950000 -0.000000
20.000000 0.000000
20.050000 -0.000000
20.100000 0.000000
20.150000 -0.000000
20.200000 0.000000
20.250000 -0.000000
20.300000 0.000000
20.350000 -0.000000
20.400000 0.000000
20.450000 -0.000000
20.500000 0.000000
20.550000 -0.000000
20.600000 0.000000
20.650000 -0.000000
20.700000 0.000000
20.750000 -0.000000
20.800000 0.000000
20.850000 -0.000000
20.900000 0.000000
20.950000 -0.000000
21.000000 0.000000
21.050000 -0.000000
21.100000 0.000000
21.150000 -0.000000
21.200000 0.000000
21.250000 -0.000000
21.300000 0.000000
21.350000 -0.000000
21.400000 0.000000
21.450000 -0.000000
21.500000 0.000000
21.550000 -0.000000
21.600000 0.000000
21.650000 -0.000000
21.700000 0.000000
21.750000 -0.000000
21.800000 0.000000
21.850000 -0.000000
21.900000 0.000000
21.950000 -0.000000
22.000000 0.000000
22.050000 -0.000000
22.100000 0.000000
22.150000 -0.000000
22.200000 0.000000
22.250000 -0.000000
22.300000 -0.000000
22.350000 -0.000000
22.400000 -0.000000
22.450000 0.000000
22.500000 -0.000000
22.550000 0.000000
22.600000 -0.000000
22.650000 0.000000
22.700000 -0.000000
22.750000 0.000000
22.800000 -0.000000
22.850000 0.000000
22.900000 -0.000000
22.950000 0.000000
23.000000 -0.000000
23.050000 0.000000
23.100000 -0.000000
23.150000 0.000000
23.200000 -0.000000
23.250000 0.000000
23.300000 -0.000000
23.350000 0.000000
23.400000 -0.000000
23.450000 0.000000
23.500000 -0.000000
23.550000 0.000000
23.600000 -0.000000
23.650000 0.000000
23.700000 -0.000000
23.750000 0.000000
23.800000 -0.000000
23.850000 0.000000
23.900000 -0.000000
23.950000 0.000000
24.000000 -0.000000
24.050000 0.000000
24.100000 -0.000000
24.150000 0.000000
24.200000 -0.000000
24.250000 0.000000
24.300000 -0.000000
24.350000 0.000000
24.400000 -0.000000
24.450000 0.000000
24.500000 -0.000000
24.550000 0.000000
24.600000 -0.000000
24.650000 0.000000
24.700000 -0.000000
24.750000 0.000000
24.800000 -0.000000
24.850000 0.000000
24.900000 -0.000000
24.950000 0.000000
25.000000 -0.000000
25.050000 0.000000
25.100000 -0.000000
25.150000 0.000000
25.200000 0.000000
25.250000 0.000000
25.300000 0.000000
25.350000 -0.000000
25.400000 -0.000000
25.450000 -0.000000
25.500000 -0.000000
25.550000 -0.000000
25.600000 0.000000
25.650000 -0.000000
25.700000 0.000000
25.750000 -0.000000
25.800000 0.000000
25.850000 -0.000000
25.900000 0.000000
25.950000 -0.000000
26.000000 0.000000
26.050000 -0.000000
26.100000 0.000000
26.150000 -0.000000
26.200000 0.000000
26.250000 -0.000000
26.300000 0.000000
26.350000 -0.000000
26.400000 0.000000
26.450000 -0.000000
26.500000 0.000000
26.550000 -0.000000
26.600000 0.000000
26.650000 -0.000000
26.700000 0.000000
26.750000 -0.000000
26.800000 0.000000
26.850000 -0.000000
26.900000 0.000000
26.950000 -0.000000
27.000000 0.000000
27.050000 -0.000000
27.100000 0.000000
27.150000 -0.000000
27.200000 0.000000
27.250000 -0.000000
27.300000 0.000000
27.350000 -0.000000
27.400000 0.000000
27.450000 -0.000000
27.500000 0.000000
27.550000 0.000000
27.600000 0.000000
27.650000 -0.000000
27.700000 0.000000
27.750000 -0.000000
27.800000 -0.000000
27.850000 -0.000000
27.900000 0.000000
27.950000 0.000000
28.000000 0.000000
28.050000 0.000000
28.100000 0.000000
28.150000 -0.000000
28.200000 -0.000000
28.250000 -0.000000
28.300000 -0.000000
28.350000 -0.000000
28.400000 0.000000
28.450000 0.000000
28.500000 0.000000
28.550000 0.000000
28.600000 -0.000000
28.650000 0.000000
28.700000 -0.000000
28.750000 -0.000000
28.800000 -0.000000
28.850000 0.000000
28.900000 -0.000000
28.950000 0.000000
29.000000 0.000000
29.050000 0.000000
29.100000 -0.000000
29.150000 0.000000
29.200000 -0.000000
29.250000 -0.000000
29.300000 -0.000000
29.350000 0.000000
29.400000 -0.000000
29.450000 0.000000
29.500000 0.000000
29.550000 0.000000
29.600000 -0.000000
29.650000 0.000000
29.700000 -0.000000
29.750000 -0.000000
29.800000 -0.000000
29.850000 0.000000
29.900000 0.000000
29.950000 0.000000
