-30.000000 0.000021
-29.950000 0.000014
-29.900000 0.000029
-29.850000 0.000016
-29.800000 0.000025
-29.750000 0.000007
-29.700000 0.000013
-29.650000 -0.000007
-29.600000 -0.000002
-29.550000 -0.000021
-29.500000 -0.000014
-29.450000 -0.000030
-29.400000 -0.000019
-29.350000 -0.000030
-29.300000 -0.000014
-29.250000 -0.000020
-29.200000 -0.000001
-29.150000 -0.000006
-29.100000 0.000014
-29.050000 0.000009
-29.000000 0.000027
-28.950000 0.000019
-28.900000 0.000033
-28.850000 0.000020
-28.800000 0.000029
-28.750000 0.000012
-28.700000 0.000017
-28.650000 -0.000003
-28.600000 0.000000
-28.550000 -0.000020
-28.500000 -0.000015
-28.450000 -0.000032
-28.400000 -0.000023
-28.350000 -0.000035
-28.300000 -0.000021
-28.250000 -0.000028
-28.200000 -0.000009
-28.150000 -0.000013
-28.100000 0.000008
-28.050000 0.000005
-28.000000 0.000025
-27.950000 0.000019
-27.900000 0.000035
-27.850000 0.000025
-27.800000 0.000036
-27.750000 0.000020
-27.700000 0.000026
-27.650000 0.000006
-27.600000 0.000009
-27.550000 -0.000012
-27.500000 -0.000010
-27.450000 -0.000029
-27.400000 -0.000023
-27.350000 -0.000038
-27.300000 -0.000027
-27.250000 -0.000037
-27.200000 -0.000020
-27.150000 -0.000024
-27.100000 -0.000004
-27.050000 -0.000006
-27.000000 0.000016
-26.950000 0.000014
-26.900000 0.000033
-26.850000 0.000027
-26.800000 0.000041
-26.750000 0.000030
-26.700000 0.000038
-26.650000 0.000021
-26.600000 0.000023
-26.550000 0.000003
-26.500000 0.000003
-26.450000 -0.000018
-26.400000 -0.000017
-26.350000 -0.000036
-26.300000 -0.000030
-26.250000 -0.000043
-26.200000 -0.000032
-26.150000 -0.000039
-26.100000 -0.000022
-26.050000 -0.000023
-26.000000 -0.000002
-25.950000 -0.000001
-25.900000 0.000020
-25.850000 0.000020
-25.800000 0.000038
-25.750000 0.000034
-25.700000 0.000046
-25.650000 0.000035
-25.600000 0.000041
-25.550000 0.000024
-25.500000 0.000025
-25.450000 0.000004
-25.400000 0.000001
-25.350000 -0.000020
-25.300000 -0.000022
-25.250000 -0.000040
-25.200000 -0.000037
-25.150000 -0.000049
-25.100000 -0.000039
-25.050000 -0.000044
-25.000000 -0.000028
-24.950000 -0.000027
-24.900000 -0.000006
-24.850000 -0.000003
-24.800000 0.000019
-24.750000 0.000022
-24.700000 0.000041
-24.650000 0.000039
-24.600000 0.000052
-24.550000 0.000043
-24.500000 0.000048
-24.450000 0.000033
-24.400000 0.000032
-24.350000 0.000011
-24.300000 0.000006
-24.250000 -0.000016
-24.200000 -0.000021
-24.150000 -0.000040
-24.100000 -0.000041
-24.050000 -0.000054
-24.000000 -0.000048
-23.950000 -0.000053
-23.900000 -0.000040
-23.850000 -0.000038
-23.800000 -0.000018
-23.750000 -0.000012
-23.700000 0.000010
-23.650000 0.000017
-23.600000 0.000037
-23.550000 0.000041
-23.500000 0.000055
-23.450000 0.000052
-23.400000 0.000059
-23.350000 0.000047
-23.300000 0.000046
-23.250000 0.000028
-23.200000 0.000021
-23.150000 -0.000001
-23.100000 -0.000010
-23.050000 -0.000031
-23.000000 -0.000038
-22.950000 -0.000055
-22.900000 -0.000055
-22.850000 -0.000064
-22.800000 -0.000056
-22.750000 -0.000056
-22.700000 -0.000040
-22.650000 -0.000033
-22.600000 -0.000012
-22.550000 -0.000001
-22.500000 0.000022
-22.450000 0.000031
-22.400000 0.000050
-22.350000 0.000055
-22.300000 0.000066
-22.250000 0.000063
-22.200000 0.000066
-22.150000 0.000053
-22.100000 0.000047
-22.050000 0.000028
-22.000000 0.000016
-21.950000 -0.000006
-21.900000 -0.000019
-21.850000 -0.000041
-21.800000 -0.000050
-21.750000 -0.000065
-21.700000 -0.000067
-21.650000 -0.000073
-21.600000 -0.000066
-21.550000 -0.000063
-21.500000 -0.000047
-21.450000 -0.000036
-21.400000 -0.000014
-21.350000 0.000001
-21.300000 0.000024
-21.250000 0.000038
-21.200000 0.000057
-21.150000 0.000065
-21.100000 0.000076
-21.050000 0.000076
-21.000000 0.000077
-20.950000 0.000067
-20.900000 0.000058
-20.850000 0.000039
-20.800000 0.000024
-20.750000 0.000001
-20.700000 -0.000017
-20.650000 -0.000039
-20.600000 -0.000054
-20.550000 -0.000071
-20.500000 -0.000078
-20.450000 -0.000085
-20.400000 -0.000083
-20.350000 -0.000079
-20.300000 -0.000066
-20.250000 -0.000053
-20.200000 -0.000033
-20.150000 -0.000013
-20.100000 0.000010
-20.050000 0.000030
-20.000000 0.000052
-19.950000 0.000068
-19.900000 0.000082
-19.850000 0.000089
-19.800000 0.000093
-19.750000 0.000089
-19.700000 0.000082
-19.650000 0.000067
-19.600000 0.000050
-19.550000 0.000028
-19.500000 0.000006
-19.450000 -0.000018
-19.400000 -0.000041
-19.350000 -0.000062
-19.300000 -0.000079
-19.250000 -0.000092
-19.200000 -0.000099
-19.150000 -0.000101
-19.100000 -0.000097
-19.050000 -0.000087
-19.000000 -0.000071
-18.950000 -0.000051
-18.900000 -0.000028
-18.850000 -0.000003
-18.800000 0.000022
-18.750000 0.000047
-18.700000 0.000069
-18.650000 0.000088
-18.600000 0.000101
-18.550000 0.000110
-18.500000 0.000111
-18.450000 0.000107
-18.400000 0.000095
-18.350000 0.000080
-18.300000 0.000058
-18.250000 0.000035
-18.200000 0.000007
-18.150000 -0.000020
-18.100000 -0.000048
-18.050000 -0.000071
-18.000000 -0.000094
-17.950000 -0.000108
-17.900000 -0.000120
-17.850000 -0.000122
-17.800000 -0.000121
-17.750000 -0.000109
-17.700000 -0.000095
-17.650000 -0.000072
-17.600000 -0.000049
-17.550000 -0.000018
-17.500000 0.000009
-17.450000 0.000041
-17.400000 0.000066
-17.350000 0.000094
-17.300000 0.000111
-17.250000 0.000128
-17.200000 0.000132
-17.150000 0.000136
-17.100000 0.000127
-17.050000 0.000117
-17.000000 0.000094
-16.950000 0.000073
-16.900000 0.000040
-16.850000 0.000013
-16.800000 -0.000023
-16.750000 -0.000051
-16.700000 -0.000084
-16.650000 -0.000106
-16.600000 -0.000130
-16.550000 -0.000140
-16.500000 -0.000151
-16.450000 -0.000146
-16.400000 -0.000143
-16.350000 -0.000123
-16.300000 -0.000106
-16.250000 -0.000074
-16.200000 -0.000048
-16.150000 -0.000009
-16.100000 0.000021
-16.050000 0.000060
-16.000000 0.000087
-15.950000 0.000120
-15.900000 0.000138
-15.850000 0.000159
-15.800000 0.000162
-15.750000 0.000168
-15.700000 0.000156
-15.650000 0.000146
-15.600000 0.000119
-15.550000 0.000096
-15.500000 0.000058
-15.450000 0.000027
-15.400000 -0.000016
-15.350000 -0.000048
-15.300000 -0.000090
-15.250000 -0.000116
-15.200000 -0.000149
-15.150000 -0.000164
-15.100000 -0.000184
-15.050000 -0.000182
-15.000000 -0.000186
-14.950000 -0.000168
-14.900000 -0.000154
-14.850000 -0.000121
-14.800000 -0.000095
-14.750000 -0.000051
-14.700000 -0.000018
-14.650000 0.000030
-14.600000 0.000064
-14.550000 0.000110
-14.500000 0.000137
-14.450000 0.000172
-14.400000 0.000186
-14.350000 0.000207
-14.300000 0.000204
-14.250000 0.000207
-14.200000 0.000187
-14.150000 0.000173
-14.100000 0.000136
-14.050000 0.000108
-14.000000 0.000060
-13.950000 0.000025
-13.900000 -0.000028
-13.850000 -0.000065
-13.800000 -0.000115
-13.750000 -0.000146
-13.700000 -0.000186
-13.650000 -0.000204
-13.600000 -0.000229
-13.550000 -0.000229
-13.500000 -0.000236
-13.450000 -0.000217
-13.400000 -0.000206
-13.350000 -0.000169
-13.300000 -0.000142
-13.250000 -0.000092
-13.200000 -0.000055
-13.150000 0.000002
-13.100000 0.000043
-13.050000 0.000100
-13.000000 0.000136
-12.950000 0.000185
-12.900000 0.000210
-12.850000 0.000244
-12.800000 0.000252
-12.750000 0.000269
-12.700000 0.000257
-12.650000 0.000253
-12.600000 0.000222
-12.550000 0.000200
-12.500000 0.000152
-12.450000 0.000116
-12.400000 0.000056
-12.350000 0.000013
-12.300000 -0.000051
-12.250000 -0.000094
-12.200000 -0.000154
-12.150000 -0.000190
-12.100000 -0.000238
-12.050000 -0.000260
-12.000000 -0.000291
-11.950000 -0.000294
-11.900000 -0.000305
-11.850000 -0.000286
-11.800000 -0.000277
-11.750000 -0.000238
-11.700000 -0.000209
-11.650000 -0.000154
-11.600000 -0.000112
-11.550000 -0.000046
-11.500000 0.000003
-11.450000 0.000072
-11.400000 0.000119
-11.350000 0.000184
-11.300000 0.000223
-11.250000 0.000275
-11.200000 0.000298
-11.150000 0.000333
-11.100000 0.000336
-11.050000 0.000349
-11.000000 0.000330
-10.950000 0.000321
-10.900000 0.000281
-10.850000 0.000252
-10.800000 0.000194
-10.750000 0.000149
-10.700000 0.000079
-10.650000 0.000026
-10.600000 -0.000050
-10.550000 -0.000104
-10.500000 -0.000176
-10.450000 -0.000223
-10.400000 -0.000285
-10.350000 -0.000318
-10.300000 -0.000363
-10.250000 -0.000377
-10.200000 -0.000400
-10.150000 -0.000391
-10.100000 -0.000391
-10.050000 -0.000359
-10.000000 -0.000337
-9.950000 -0.000284
-9.900000 -0.000243
-9.850000 -0.000173
-9.800000 -0.000119
-9.750000 -0.000039
-9.700000 0.000022
-9.650000 0.000104
-9.600000 0.000163
-9.550000 0.000239
-9.500000 0.000289
-9.450000 0.000352
-9.400000 0.000386
-9.350000 0.000431
-9.300000 0.000444
-9.250000 0.000466
-9.200000 0.000455
-9.150000 0.000453
-9.100000 0.000418
-9.050000 0.000393
-9.000000 0.000336
-8.950000 0.000291
-8.900000 0.000217
-8.850000 0.000158
-8.800000 0.000072
-8.750000 0.000005
-8.700000 -0.000084
-8.650000 -0.000151
-8.600000 -0.000236
-8.550000 -0.000296
-8.500000 -0.000370
-8.450000 -0.000416
-8.400000 -0.000473
-8.350000 -0.000499
-8.300000 -0.000534
-8.250000 -0.000536
-8.200000 -0.000548
-8.150000 -0.000525
-8.100000 -0.000512
-8.050000 -0.000465
-8.000000 -0.000429
-7.950000 -0.000362
-7.900000 -0.000307
-7.850000 -0.000224
-7.800000 -0.000156
-7.750000 -0.000062
-7.700000 0.000013
-7.650000 0.000109
-7.600000 0.000183
-7.550000 0.000275
-7.500000 0.000342
-7.450000 0.000423
-7.400000 0.000476
-7.350000 0.000540
-7.300000 0.000574
-7.250000 0.000617
-7.200000 0.000628
-7.150000 0.000648
-7.100000 0.000634
-7.050000 0.000629
-7.000000 0.000591
-6.950000 0.000562
-6.900000 0.000502
-6.850000 0.000451
-6.800000 0.000372
-6.750000 0.000305
-6.700000 0.000212
-6.650000 0.000134
-6.600000 0.000032
-6.550000 -0.000052
-6.500000 -0.000156
-6.450000 -0.000238
-6.400000 -0.000338
-6.350000 -0.000414
-6.300000 -0.000504
-6.250000 -0.000568
-6.200000 -0.000643
-6.150000 -0.000689
-6.100000 -0.000746
-6.050000 -0.000773
-6.000000 -0.000808
-5.950000 -0.000813
-5.900000 -0.000825
-5.850000 -0.000808
-5.800000 -0.000799
-5.750000 -0.000761
-5.700000 -0.000731
-5.650000 -0.000674
-5.600000 -0.000627
-5.550000 -0.000555
-5.500000 -0.000495
-5.450000 -0.000411
-5.400000 -0.000342
-5.350000 -0.000253
-5.300000 -0.000181
-5.250000 -0.000091
-5.200000 -0.000020
-5.150000 0.000065
-5.100000 0.000129
-5.050000 0.000204
-5.000000 0.000255
-4.950000 0.000316
-4.900000 0.000351
-4.850000 0.000392
-4.800000 0.000406
-4.750000 0.000424
-4.700000 0.000414
-4.650000 0.000406
-4.600000 0.000368
-4.550000 0.000332
-4.500000 0.000264
-4.450000 0.000197
-4.400000 0.000097
-4.350000 -0.000003
-4.300000 -0.000136
-4.250000 -0.000272
-4.200000 -0.000441
-4.150000 -0.000614
-4.100000 -0.000822
-4.050000 -0.001035
-4.000000 -0.001285
-3.950000 -0.001542
-3.900000 -0.001839
-3.850000 -0.002146
-3.800000 -0.002494
-3.750000 -0.002858
-3.700000 -0.003267
-3.650000 -0.003697
-3.600000 -0.004178
-3.550000 -0.004686
-3.500000 -0.005253
-3.450000 -0.005855
-3.400000 -0.006526
-3.350000 -0.007243
-3.300000 -0.008039
-3.250000 -0.008896
-3.200000 -0.009847
-3.150000 -0.010876
-3.100000 -0.012017
-3.050000 -0.013256
-3.000000 -0.014629
-2.950000 -0.016126
-2.900000 -0.017786
-2.850000 -0.019599
-2.800000 -0.021608
-2.750000 -0.023809
-2.700000 -0.026245
-2.650000 -0.028919
-2.600000 -0.031878
-2.550000 -0.035128
-2.500000 -0.038723
-2.450000 -0.042674
-2.400000 -0.047041
-2.350000 -0.051844
-2.300000 -0.057147
-2.250000 -0.062979
-2.200000 -0.069414
-2.150000 -0.076490
-2.100000 -0.084289
-2.050000 -0.092860
-2.000000 -0.102297
-1.950000 -0.112661
-1.900000 -0.124058
-1.850000 -0.136562
-1.800000 -0.150291
-1.750000 -0.165336
-1.700000 -0.181826
-1.650000 -0.199866
-1.600000 -0.219601
-1.550000 -0.241149
-1.500000 -0.264664
-1.450000 -0.290275
-1.400000 -0.318147
-1.350000 -0.348412
-1.300000 -0.381236
-1.250000 -0.416749
-1.200000 -0.455107
-1.150000 -0.496426
-1.100000 -0.540833
-1.050000 -0.588413
-1.000000 -0.639247
-0.950000 -0.693359
-0.900000 -0.750759
-0.850000 -0.811383
-0.800000 -0.875135
-0.750000 -0.941830
-0.700000 -1.011234
-0.650000 -1.083009
-0.600000 -1.156752
-0.550000 -1.231946
-0.500000 -1.308002
-0.450000 -1.384218
-0.400000 -1.459821
-0.350000 -1.533942
-0.300000 -1.605662
-0.250000 -1.673996
-0.200000 -1.737952
-0.150000 -1.796521
-0.100000 -1.848738
-0.050000 -1.893690
0.000000 -1.930568
0.050000 -1.958673
0.100000 -1.977472
0.150000 -1.986591
0.200000 -1.985855
0.250000 -1.975273
0.300000 -1.955060
0.350000 -1.925607
0.400000 -1.887482
0.450000 -1.841394
0.500000 -1.788177
0.550000 -1.728748
0.600000 -1.664086
0.650000 -1.595193
0.700000 -1.523071
0.750000 -1.448687
0.800000 -1.372961
0.850000 -1.296743
0.900000 -1.220803
0.950000 -1.145819
1.000000 -1.072377
1.050000 -1.000971
1.100000 -0.932001
1.150000 -0.865784
1.200000 -0.802554
1.250000 -0.742479
1.300000 -0.685656
1.350000 -0.632136
1.400000 -0.581915
1.450000 -0.534959
1.500000 -0.491196
1.550000 -0.450537
1.600000 -0.412869
1.650000 -0.378073
1.700000 -0.346016
1.750000 -0.316570
1.800000 -0.289598
1.850000 -0.264977
1.900000 -0.242581
1.950000 -0.222304
2.000000 -0.204040
2.050000 -0.187710
2.100000 -0.173236
2.150000 -0.160579
2.200000 -0.149701
2.250000 -0.140609
2.300000 -0.133322
2.350000 -0.127911
2.400000 -0.124469
2.450000 -0.123152
2.500000 -0.124155
2.550000 -0.127756
2.600000 -0.134289
2.650000 -0.144201
2.700000 -0.158026
2.750000 -0.176447
2.800000 -0.200280
2.850000 -0.230543
2.900000 -0.268439
2.950000 -0.315449
3.000000 -0.373310
3.050000 -0.444117
3.100000 -0.530305
3.150000 -0.634746
3.200000 -0.760715
3.250000 -0.911961
3.300000 -1.092624
3.350000 -1.307218
3.400000 -1.560429
3.450000 -1.856926
3.500000 -2.200920
3.550000 -2.595679
3.600000 -3.042741
3.650000 -3.541068
3.700000 -4.085947
3.750000 -4.668010
3.800000 -5.272300
3.850000 -5.877953
3.900000 -6.458520
3.950000 -6.983504
4.000000 -7.420922
4.050000 -7.740979
4.100000 -7.920006
4.150000 -7.944105
4.200000 -7.811325
4.250000 -7.532056
4.300000 -7.127255
4.350000 -6.625272
4.400000 -6.057799
4.450000 -5.456147
4.500000 -4.848190
4.550000 -4.256625
4.600000 -3.698184
4.650000 -3.183903
4.700000 -2.719787
4.750000 -2.307913
4.800000 -1.947395
4.850000 -1.635428
4.900000 -1.367987
4.950000 -1.140510
5.000000 -0.948242
5.050000 -0.786610
5.100000 -0.651299
5.150000 -0.538448
5.200000 -0.444584
5.250000 -0.366720
5.300000 -0.302234
5.350000 -0.248935
5.400000 -0.204919
5.450000 -0.168628
5.500000 -0.138712
5.550000 -0.114088
5.600000 -0.093811
5.650000 -0.077143
5.700000 -0.063423
5.750000 -0.052155
5.800000 -0.042880
5.850000 -0.035270
5.900000 -0.029003
5.950000 -0.023866
6.000000 -0.019631
6.050000 -0.016163
6.100000 -0.013301
6.150000 -0.010960
6.200000 -0.009023
6.250000 -0.007444
6.300000 -0.006131
6.350000 -0.005065
6.400000 -0.004175
6.450000 -0.003455
6.500000 -0.002849
6.550000 -0.002363
6.600000 -0.001950
6.650000 -0.001622
6.700000 -0.001339
6.750000 -0.001118
6.800000 -0.000923
6.850000 -0.000775
6.900000 -0.000639
6.950000 -0.000541
7.000000 -0.000445
7.050000 -0.000380
7.100000 -0.000312
7.150000 -0.000271
7.200000 -0.000222
7.250000 -0.000196
7.300000 -0.000161
7.350000 -0.000147
7.400000 -0.000122
7.450000 -0.000118
7.500000 -0.000102
7.550000 -0.000107
7.600000 -0.000100
7.650000 -0.000115
7.700000 -0.000120
7.750000 -0.000150
7.800000 -0.000174
7.850000 -0.000229
7.900000 -0.000285
7.950000 -0.000381
8.000000 -0.000493
8.050000 -0.000664
8.100000 -0.000875
8.150000 -0.001179
8.200000 -0.001570
8.250000 -0.002116
8.300000 -0.002830
8.350000 -0.003811
8.400000 -0.005110
8.450000 -0.006879
8.500000 -0.009237
8.550000 -0.012428
8.600000 -0.016699
8.650000 -0.022463
8.700000 -0.030192
8.750000 -0.040602
8.800000 -0.054574
8.850000 -0.073370
8.900000 -0.098598
8.950000 -0.132496
9.000000 -0.177968
9.050000 -0.238970
9.100000 -0.320676
9.150000 -0.430016
9.200000 -0.576027
9.250000 -0.770589
9.300000 -1.028962
9.350000 -1.370642
9.400000 -1.819827
9.450000 -2.405817
9.500000 -3.162307
9.550000 -4.125437
9.600000 -5.328976
9.650000 -6.796022
9.700000 -8.525750
9.750000 -10.476348
9.800000 -12.547250
9.850000 -14.569593
9.900000 -16.316287
9.950000 -17.541592
10.000000 -18.045456
10.050000 -17.739032
10.100000 -16.676800
10.150000 -15.036699
10.200000 -13.059743
10.250000 -10.982510
10.300000 -8.990224
10.350000 -7.200007
10.400000 -5.666667
10.450000 -4.399468
10.500000 -3.379804
10.550000 -2.575605
10.600000 -1.950739
10.650000 -1.470649
10.700000 -1.104834
10.750000 -0.827856
10.800000 -0.619085
10.850000 -0.462298
10.900000 -0.344826
10.950000 -0.257008
11.000000 -0.191425
11.050000 -0.142526
11.100000 -0.106068
11.150000 -0.078930
11.200000 -0.058711
11.250000 -0.043679
11.300000 -0.032479
11.350000 -0.024163
11.400000 -0.017962
11.450000 -0.013365
11.500000 -0.009932
11.550000 -0.007394
11.600000 -0.005492
11.650000 -0.004092
11.700000 -0.003036
11.750000 -0.002266
11.800000 -0.001678
11.850000 -0.001256
11.900000 -0.000926
11.950000 -0.000696
12.000000 -0.000510
12.050000 -0.000387
12.100000 -0.000280
12.150000 -0.000216
12.200000 -0.000153
12.250000 -0.000121
12.300000 -0.000083
12.350000 -0.000069
12.400000 -0.000044
12.450000 -0.000040
12.500000 -0.000022
12.550000 -0.000024
12.600000 -0.000010
12.650000 -0.000015
12.700000 -0.000004
12.750000 -0.000010
12.800000 0.000000
12.850000 -0.000007
12.900000 0.000002
12.950000 -0.000006
13.000000 0.000003
13.050000 -0.000005
13.100000 0.000003
13.150000 -0.000005
13.200000 0.000003
13.250000 -0.000004
13.300000 0.000003
13.350000 -0.000004
13.400000 0.000004
13.450000 -0.000004
13.500000 0.000004
13.550000 -0.000004
13.600000 0.000004
13.650000 -0.000004
13.700000 0.000004
13.750000 -0.000003
13.800000 0.000004
13.850000 -0.000003
13.900000 0.000004
13.950000 -0.000004
14.000000 0.000004
14.050000 -0.000004
14.100000 0.000003
14.150000 -0.000004
14.200000 0.000003
14.250000 -0.000004
14.300000 0.000003
14.350000 -0.000004
14.400000 0.000003
14.450000 -0.000004
14.500000 0.000003
14.550000 -0.000004
14.600000 0.000003
14.650000 -0.000003
14.700000 0.000003
14.750000 -0.000003
14.800000 0.000003
14.850000 -0.000003
14.900000 0.000003
14.950000 -0.000003
15.000000 0.000003
15.050000 -0.000003
15.100000 0.000003
15.150000 -0.000003
15.200000 0.000003
15.250000 -0.000003
15.300000 0.000003
15.350000 -0.000003
15.400000 0.000003
15.450000 -0.000002
15.500000 0.000004
15.550000 -0.000002
15.600000 0.000004
15.650000 -0.000002
15.700000 0.000003
15.750000 -0.000003
15.800000 0.000002
15.850000 -0.000004
15.900000 0.000001
15.950000 -0.000004
16.000000 0.000001
16.050000 -0.000003
16.100000 0.000002
16.150000 -0.000002
16.200000 0.000003
16.250000 -0.000002
16.300000 0.000003
16.350000 -0.000001
16.400000 0.000003
16.450000 -0.000002
16.500000 0.000003
16.550000 -0.000002
16.600000 0.000002
16.650000 -0.000002
16.700000 0.000002
16.750000 -0.000002
16.800000 0.000002
16.850000 -0.000002
16.900000 0.000002
16.950000 -0.000002
17.000000 0.000002
17.050000 -0.000002
17.100000 0.000002
17.150000 -0.000002
17.200000 0.000001
17.250000 -0.000002
17.300000 0.000001
17.350000 -0.000001
17.400000 0.000002
17.450000 -0.000001
17.500000 0.000002
17.550000 -0.000001
17.600000 0.000002
17.650000 -0.000001
17.700000 0.000001
17.750000 -0.000002
17.800000 0.000001
17.850000 -0.000002
17.900000 0.000001
17.950000 -0.000001
18.000000 0.000001
18.050000 -0.000001
18.100000 0.000001
18.150000 -0.000000
18.200000 0.000002
18.250000 -0.000000
18.300000 0.000001
18.350000 -0.000001
18.400000 0.000001
18.450000 -0.000001
18.500000 0.000000
18.550000 -0.000001
18.600000 -0.000000
18.650000 -0.000001
18.700000 0.000000
18.750000 -0.000000
18.800000 0.000001
18.850000 0.000000
18.900000 0.000001
18.950000 0.000000
19.000000 0.000001
19.050000 0.000000
19.100000 0.000000
19.150000 -0.000000
19.200000 -0.000000
19.250000 -0.000001
19.300000 -0.000000
19.350000 -0.000000
19.400000 -0.000000
19.450000 -0.000000
19.500000 -0.000000
19.550000 0.000000
19.600000 0.000000
19.650000 0.000001
19.700000 0.000000
19.750000 0.000001
19.800000 -0.000000
19.850000 0.000000
19.900000 -0.000000
19.950000 0.000000
20.000000 -0.000001
20.050000 0.000000
20.100000 -0.000001
20.150000 0.000001
20.200000 -0.000001
20.250000 0.000001
20.300000 -0.000001
20.350000 0.000000
20.400000 -0.000001
20.450000 0.000001
20.500000 -0.000001
20.550000 0.000001
20.600000 -0.000001
20.650000 0.000001
20.700000 -0.000000
20.750000 0.000002
20.800000 -0.000000
20.850000 0.000002
20.900000 -0.000001
20.950000 0.000001
21.000000 -0.000001
21.050000 0.000001
21.100000 -0.000002
21.150000 0.000001
21.200000 -0.000002
21.250000 0.000001
21.300000 -0.000002
21.350000 0.000001
21.400000 -0.000001
21.450000 0.000002
21.500000 -0.000001
21.550000 0.000002
21.600000 -0.000001
21.650000 0.000002
21.700000 -0.000001
21.750000 0.000002
21.800000 -0.000002
21.850000 0.000002
21.900000 -0.000002
21.950000 0.000002
22.000000 -0.000002
22.050000 0.000002
22.100000 -0.000002
22.150000 0.000002
22.200000 -0.000002
22.250000 0.000002
22.300000 -0.000002
22.350000 0.000002
22.400000 -0.000002
22.450000 0.000002
22.500000 -0.000002
22.550000 0.000002
22.600000 -0.000002
22.650000 0.000002
22.700000 -0.000002
22.750000 0.000003
22.800000 -0.000002
22.850000 0.000003
22.900000 -0.000002
22.950000 0.000002
23.000000 -0.000003
23.050000 0.000002
23.100000 -0.000003
23.150000 0.000002
23.200000 -0.000003
23.250000 0.000003
23.300000 -0.000003
23.350000 0.000003
23.400000 -0.000002
23.450000 0.000003
23.500000 -0.000002
23.550000 0.000003
23.600000 -0.000003
23.650000 0.000003
23.700000 -0.000003
23.750000 0.000002
23.800000 -0.000004
23.850000 0.000002
23.900000 -0.000003
23.950000 0.000003
24.000000 -0.000003
24.050000 0.000004
24.100000 -0.000002
24.150000 0.000004
24.200000 -0.000002
24.250000 0.000004
24.300000 -0.000003
24.350000 0.000003
24.400000 -0.000004
24.450000 0.000003
24.500000 -0.000004
24.550000 0.000002
24.600000 -0.000004
24.650000 0.000003
24.700000 -0.000004
24.750000 0.000003
24.800000 -0.000003
24.850000 0.000004
24.900000 -0.000003
24.950000 0.000004
25.000000 -0.000003
25.050000 0.000004
25.100000 -0.000003
25.150000 0.000003
25.200000 -0.000004
25.250000 0.000003
25.300000 -0.000004
25.350000 0.000003
25.400000 -0.000004
25.450000 0.000004
25.500000 -0.000003
25.550000 0.000004
25.600000 -0.000003
25.650000 0.000004
25.700000 -0.000003
25.750000 0.000004
25.800000 -0.000004
25.850000 0.000003
25.900000 -0.000004
25.950000 0.000003
26.000000 -0.000004
26.050000 0.000004
26.100000 -0.000004
26.150000 0.000004
26.200000 -0.000003
26.250000 0.000004
26.300000 -0.000003
26.350000 0.000004
26.400000 -0.000004
26.450000 0.000004
26.500000 -0.000004
26.550000 0.000003
26.600000 -0.000004
26.650000 0.000003
26.700000 -0.000004
26.750000 0.000004
26.800000 -0.000004
26.850000 0.000004
26.900000 -0.000003
26.950000 0.000005
27.000000 -0.000003
27.050000 0.000004
27.100000 -0.000004
27.150000 0.000004
27.200000 -0.000004
27.250000 0.000003
27.300000 -0.000005
27.350000 0.000003
27.400000 -0.000005
27.450000 0.000004
27.500000 -0.000004
27.550000 0.000004
27.600000 -0.000003
27.650000 0.000005
27.700000 -0.000003
27.750000 0.000005
27.800000 -0.000003
27.850000 0.000004
27.900000 -0.000004
27.950000 0.000003
28.000000 -0.000005
28.050000 0.000003
28.100000 -0.000005
28.150000 0.000003
28.200000 -0.000004
28.250000 0.000004
28.300000 -0.000003
28.350000 0.000005
28.400000 -0.000003
28.450000 0.000005
28.500000 -0.000003
28.550000 0.000005
28.600000 -0.000004
28.650000 0.000004
28.700000 -0.000005
28.750000 0.000003
28.800000 -0.000005
28.850000 0.000003
28.900000 -0.000005
28.950000 0.000003
29.000000 -0.000004
29.050000 0.000004
29.100000 -0.000003
29.150000 0.000005
29.200000 -0.000003
29.250000 0.000005
29.300000 -0.000003
29.350000 0.000004
29.400000 -0.000004
29.450000 0.000003
29.500000 -0.000005
29.550000 0.000003
29.600000 -0.000005
29.650000 0.000003
29.700000 -0.000004
29.750000 0.000004
29.800000 -0.000003
29.850000 0.000005
29.900000 -0.000003
29.950000 0.000005
30.000000 -0.000003
30.050000 0.000004
30.100000 -0.000004
30.150000 0.000003
30.200000 -0.000005
30.250000 0.000002
30.300000 -0.000005
30.350000 0.000003
30.400000 -0.000004
30.450000 0.000004
30.500000 -0.000003
30.550000 0.000004
30.600000 -0.000002
30.650000 0.000005
30.700000 -0.000002
30.750000 0.000004
30.800000 -0.000003
30.850000 0.000003
30.900000 -0.000004
30.950000 0.000002
31.000000 -0.000005
31.050000 0.000002
31.100000 -0.000004
31.150000 0.000003
31.200000 -0.000003
31.250000 0.000004
31.300000 -0.000002
31.350000 0.000005
31.400000 -0.000002
31.450000 0.000004
31.500000 -0.000003
31.550000 0.000003
31.600000 -0.000004
31.650000 0.000002
31.700000 -0.000005
31.750000 0.000001
31.800000 -0.000004
31.850000 0.000002
31.900000 -0.000003
31.950000 0.000004
32.000000 -0.000001
32.050000 0.000005
32.100000 -0.000001
32.150000 0.000005
32.200000 -0.000001
32.250000 0.000003
32.300000 -0.000003
32.350000 0.000002
32.400000 -0.000005
32.450000 0.000000
32.500000 -0.000005
32.550000 0.000001
32.600000 -0.000004
32.650000 0.000002
32.700000 -0.000002
32.750000 0.000004
32.800000 -0.000000
32.850000 0.000005
32.900000 -0.000000
32.950000 0.000004
33.000000 -0.000002
33.050000 0.000002
33.100000 -0.000004
33.150000 0.000000
33.200000 -0.000005
33.250000 -0.000000
33.300000 -0.000005
33.350000 0.000001
33.400000 -0.000003
33.450000 0.000003
33.500000 -0.000001
33.550000 0.000004
33.600000 0.000001
33.650000 0.000005
33.700000 0.000000
33.750000 0.000003
33.800000 -0.000002
33.850000 0.000001
33.900000 -0.000004
33.950000 -0.000001
34.000000 -0.000005
34.050000 -0.000001
34.100000 -0.000004
34.150000 0.000001
34.200000 -0.000002
34.250000 0.000003
34.300000 0.000001
34.350000 0.000004
34.400000 0.000001
34.450000 0.000004
34.500000 0.000000
34.550000 0.000002
34.600000 -0.000002
34.650000 -0.000000
34.700000 -0.000004
34.750000 -0.000002
34.800000 -0.000004
34.850000 -0.000001
34.900000 -0.000003
34.950000 0.000000
35.000000 -0.000001
35.050000 0.000003
35.100000 0.000001
35.150000 0.000004
35.200000 0.000002
35.250000 0.000004
35.300000 0.000001
35.350000 0.000002
35.400000 -0.000001
35.450000 -0.000001
35.500000 -0.000003
35.550000 -0.000002
35.600000 -0.000004
35.650000 -0.000002
35.700000 -0.000002
35.750000 0.000000
35.800000 -0.000000
35.850000 0.000002
35.900000 0.000002
35.950000 0.000004
36.000000 0.000003
36.050000 0.000003
36.100000 0.000001
36.150000 0.000001
36.200000 -0.000001
36.250000 -0.000001
36.300000 -0.000003
36.350000 -0.000003
36.400000 -0.000003
36.450000 -0.000003
36.500000 -0.000002
36.550000 -0.000001
36.600000 0.000000
36.650000 0.000002
36.700000 0.000003
36.750000 0.000003
36.800000 0.000004
36.850000 0.000003
36.900000 0.000002
36.950000 0.000001
37.000000 -0.000000
37.050000 -0.000002
37.100000 -0.000003
37.150000 -0.000004
37.200000 -0.000003
37.250000 -0.000004
37.300000 -0.000002
37.350000 -0.000002
37.400000 0.000001
37.450000 0.000001
37.500000 0.000004
37.550000 0.000003
37.600000 0.000005
37.650000 0.000003
37.700000 0.000003
37.750000 0.000001
37.800000 0.000000
37.850000 -0.000003
37.900000 -0.000002
37.950000 -0.000005
38.000000 -0.000004
38.050000 -0.000005
38.100000 -0.000002
38.150000 -0.000003
38.200000 0.000001
38.250000 0.000001
38.300000 0.000004
38.350000 0.000003
38.400000 0.000006
38.450000 0.000003
38.500000 0.000005
38.550000 0.000001
38.600000 0.000001
38.650000 -0.000003
38.700000 -0.000002
38.750000 -0.000006
38.800000 -0.000004
38.850000 -0.000006
38.900000 -0.000002
38.950000 -0.000004
39.000000 0.000001
39.050000 -0.000000
39.100000 0.000005
39.150000 0.000003
39.200000 0.000007
39.250000 0.000003
39.300000 0.000006
39.350000 0.000001
39.400000 0.000003
39.450000 -0.000003
39.500000 -0.000001
39.550000 -0.000006
39.600000 -0.000003
39.650000 -0.000007
39.700000 -0.000003
39.750000 -0.000006
39.800000 0.000000
39.850000 -0.000002
39.900000 0.000004
39.950000 0.000002
40.000000 0.000007
40.050000 0.000003
40.100000 0.000008
40.150000 0.000002
40.200000 0.000005
40.250000 -0.000002
40.300000 0.000001
40.350000 -0.000006
40.400000 -0.000002
40.450000 -0.000008
40.500000 -0.000003
40.550000 -0.000008
40.600000 -0.000001
40.650000 -0.000004
40.700000 0.000003
40.750000 -0.000000
40.800000 0.000007
40.850000 0.000003
40.900000 0.000009
40.950000 0.000003
41.000000 0.000008
41.050000 0.000001
41.100000 0.000004
41.150000 -0.000004
41.200000 -0.000001
41.250000 -0.000008
41.300000 -0.000004
41.350000 -0.000010
41.400000 -0.000003
41.450000 -0.000008
41.500000 0.000000
41.550000 -0.000003
41.600000 0.000005
41.650000 0.000002
41.700000 0.000009
41.750000 0.000004
41.800000 0.000010
41.850000 0.000003
41.900000 0.000007
41.950000 -0.000001
42.000000 0.000002
42.050000 -0.000007
42.100000 -0.000003
42.150000 -0.000011
42.200000 -0.000005
42.250000 -0.000011
42.300000 -0.000003
42.350000 -0.000007
42.400000 0.000002
42.450000 -0.000001
42.500000 0.000008
42.550000 0.000004
42.600000 0.000011
42.650000 0.000005
42.700000 0.000011
42.750000 0.000003
42.800000 0.000007
42.850000 -0.000003
42.900000 0.000000
42.950000 -0.000009
43.000000 -0.000004
43.050000 -0.000012
43.100000 -0.000005
43.150000 -0.000011
43.200000 -0.000002
43.250000 -0.000006
43.300000 0.000004
43.350000 0.000000
43.400000 0.000010
43.450000 0.000005
43.500000 0.000013
43.550000 0.000006
43.600000 0.000011
43.650000 0.000002
43.700000 0.000006
43.750000 -0.000004
43.800000 -0.000000
43.850000 -0.000010
43.900000 -0.000005
43.950000 -0.000013
44.000000 -0.000006
44.050000 -0.000012
44.100000 -0.000003
44.150000 -0.000007
44.200000 0.000004
44.250000 0.000000
44.300000 0.000010
44.350000 0.000005
44.400000 0.000014
44.450000 0.000007
44.500000 0.000012
44.550000 0.000003
44.600000 0.000006
44.650000 -0.000004
44.700000 -0.000001
44.750000 -0.000011
44.800000 -0.000007
44.850000 -0.000015
44.900000 -0.000007
44.950000 -0.000012
