-30.000000 0.000123
-29.950000 0.000105
-29.900000 0.000211
-29.850000 0.000176
-29.800000 0.000265
-29.750000 0.000215
-29.700000 0.000289
-29.650000 0.000223
-29.600000 0.000284
-29.550000 0.000205
-29.500000 0.000254
-29.450000 0.000164
-29.400000 0.000203
-29.350000 0.000105
-29.300000 0.000135
-29.250000 0.000031
-29.200000 0.000057
-29.150000 -0.000051
-29.100000 -0.000026
-29.050000 -0.000133
-29.000000 -0.000105
-28.950000 -0.000206
-28.900000 -0.000170
-28.850000 -0.000262
-28.800000 -0.000214
-28.750000 -0.000292
-28.700000 -0.000230
-28.650000 -0.000293
-28.600000 -0.000215
-28.550000 -0.000262
-28.500000 -0.000170
-28.450000 -0.000206
-28.400000 -0.000104
-28.350000 -0.000131
-28.300000 -0.000024
-28.250000 -0.000048
-28.200000 0.000060
-28.150000 0.000033
-28.100000 0.000138
-28.050000 0.000106
-28.000000 0.000204
-27.950000 0.000163
-27.900000 0.000252
-27.850000 0.000203
-27.800000 0.000282
-27.750000 0.000221
-27.700000 0.000290
-27.650000 0.000218
-27.600000 0.000276
-27.550000 0.000194
-27.500000 0.000241
-27.450000 0.000149
-27.400000 0.000187
-27.350000 0.000086
-27.300000 0.000116
-27.250000 0.000009
-27.200000 0.000035
-27.150000 -0.000075
-27.100000 -0.000050
-27.050000 -0.000158
-27.000000 -0.000129
-26.950000 -0.000232
-26.900000 -0.000195
-26.850000 -0.000288
-26.800000 -0.000239
-26.750000 -0.000319
-26.700000 -0.000256
-26.650000 -0.000321
-26.600000 -0.000243
-26.550000 -0.000293
-26.500000 -0.000201
-26.450000 -0.000239
-26.400000 -0.000136
-26.350000 -0.000165
-26.300000 -0.000055
-26.250000 -0.000080
-26.200000 0.000032
-26.150000 0.000007
-26.100000 0.000116
-26.050000 0.000086
-26.000000 0.000190
-25.950000 0.000154
-25.900000 0.000249
-25.850000 0.000204
-25.800000 0.000290
-25.750000 0.000235
-25.700000 0.000312
-25.650000 0.000246
-25.600000 0.000312
-25.550000 0.000236
-25.500000 0.000290
-25.450000 0.000203
-25.400000 0.000247
-25.350000 0.000149
-25.300000 0.000183
-25.250000 0.000076
-25.200000 0.000103
-25.150000 -0.000010
-25.100000 0.000013
-25.050000 -0.000102
-25.000000 -0.000078
-24.950000 -0.000190
-24.900000 -0.000162
-24.850000 -0.000266
-24.800000 -0.000228
-24.750000 -0.000321
-24.700000 -0.000269
-24.650000 -0.000348
-24.600000 -0.000282
-24.550000 -0.000345
-24.500000 -0.000264
-24.450000 -0.000314
-24.400000 -0.000219
-24.350000 -0.000257
-24.300000 -0.000153
-24.250000 -0.000183
-24.200000 -0.000073
-24.150000 -0.000100
-24.100000 0.000012
-24.050000 -0.000014
-24.000000 0.000097
-23.950000 0.000068
-23.900000 0.000175
-23.850000 0.000142
-23.800000 0.000243
-23.750000 0.000202
-23.700000 0.000296
-23.650000 0.000248
-23.600000 0.000332
-23.550000 0.000274
-23.500000 0.000348
-23.450000 0.000278
-23.400000 0.000340
-23.350000 0.000257
-23.300000 0.000306
-23.250000 0.000211
-23.200000 0.000248
-23.150000 0.000142
-23.100000 0.000169
-23.050000 0.000054
-23.000000 0.000074
-22.950000 -0.000045
-22.900000 -0.000026
-22.850000 -0.000144
-22.800000 -0.000122
-22.750000 -0.000233
-22.700000 -0.000202
-22.650000 -0.000304
-22.600000 -0.000261
-22.550000 -0.000350
-22.500000 -0.000294
-22.450000 -0.000369
-22.400000 -0.000299
-22.350000 -0.000361
-22.300000 -0.000279
-22.250000 -0.000330
-22.200000 -0.000238
-22.150000 -0.000279
-22.100000 -0.000179
-22.050000 -0.000213
-22.000000 -0.000107
-21.950000 -0.000136
-21.900000 -0.000026
-21.850000 -0.000051
-21.800000 0.000061
-21.750000 0.000036
-21.700000 0.000148
-21.650000 0.000121
-21.600000 0.000230
-21.550000 0.000199
-21.500000 0.000302
-21.450000 0.000264
-21.400000 0.000357
-21.350000 0.000308
-21.300000 0.000389
-21.250000 0.000327
-21.200000 0.000394
-21.150000 0.000316
-21.100000 0.000368
-21.050000 0.000276
-21.000000 0.000315
-20.950000 0.000210
-20.900000 0.000237
-20.850000 0.000124
-20.800000 0.000144
-20.750000 0.000026
-20.700000 0.000044
-20.650000 -0.000073
-20.600000 -0.000053
-20.550000 -0.000167
-20.500000 -0.000141
-20.450000 -0.000247
-20.400000 -0.000213
-20.350000 -0.000310
-20.300000 -0.000267
-20.250000 -0.000355
-20.200000 -0.000302
-20.150000 -0.000380
-20.100000 -0.000318
-20.050000 -0.000386
-20.000000 -0.000314
-19.950000 -0.000372
-19.900000 -0.000290
-19.850000 -0.000338
-19.800000 -0.000245
-19.750000 -0.000282
-19.700000 -0.000179
-19.650000 -0.000206
-19.600000 -0.000095
-19.550000 -0.000115
-19.500000 0.000002
-19.450000 -0.000014
-19.400000 0.000104
-19.350000 0.000088
-19.300000 0.000205
-19.250000 0.000184
-19.200000 0.000293
-19.150000 0.000264
-19.100000 0.000363
-19.050000 0.000322
-19.000000 0.000408
-18.950000 0.000354
-18.900000 0.000425
-18.850000 0.000357
-18.800000 0.000415
-18.750000 0.000333
-18.700000 0.000379
-18.650000 0.000287
-18.600000 0.000323
-18.550000 0.000223
-18.500000 0.000252
-18.450000 0.000147
-18.400000 0.000172
-18.350000 0.000064
-18.300000 0.000087
-18.250000 -0.000023
-18.200000 -0.000001
-18.150000 -0.000111
-18.100000 -0.000089
-18.050000 -0.000198
-18.000000 -0.000175
-17.950000 -0.000281
-17.900000 -0.000253
-17.850000 -0.000353
-17.800000 -0.000319
-17.750000 -0.000410
-17.700000 -0.000365
-17.650000 -0.000443
-17.600000 -0.000385
-17.550000 -0.000449
-17.500000 -0.000376
-17.450000 -0.000425
-17.400000 -0.000337
-17.350000 -0.000372
-17.300000 -0.000273
-17.250000 -0.000298
-17.200000 -0.000190
-17.150000 -0.000207
-17.100000 -0.000095
-17.050000 -0.000110
-17.000000 0.000004
-16.950000 -0.000011
-16.900000 0.000101
-16.850000 0.000083
-16.800000 0.000190
-16.750000 0.000167
-16.700000 0.000269
-16.650000 0.000240
-16.600000 0.000335
-16.550000 0.000299
-16.500000 0.000386
-16.450000 0.000343
-16.400000 0.000422
-16.350000 0.000371
-16.300000 0.000441
-16.250000 0.000381
-16.200000 0.000442
-16.150000 0.000371
-16.100000 0.000421
-16.050000 0.000339
-16.000000 0.000377
-15.950000 0.000284
-15.900000 0.000310
-15.850000 0.000207
-15.800000 0.000223
-15.750000 0.000111
-15.700000 0.000121
-15.650000 0.000005
-15.600000 0.000012
-15.550000 -0.000103
-15.500000 -0.000094
-15.450000 -0.000205
-15.400000 -0.000189
-15.350000 -0.000292
-15.300000 -0.000268
-15.250000 -0.000362
-15.200000 -0.000328
-15.150000 -0.000411
-15.100000 -0.000367
-15.050000 -0.000441
-15.000000 -0.000388
-14.950000 -0.000453
-14.900000 -0.000392
-14.850000 -0.000448
-14.800000 -0.000380
-14.750000 -0.000428
-14.700000 -0.000352
-14.650000 -0.000392
-14.600000 -0.000307
-14.550000 -0.000339
-14.500000 -0.000247
-14.450000 -0.000271
-14.400000 -0.000171
-14.350000 -0.000188
-14.300000 -0.000082
-14.250000 -0.000092
-14.200000 0.000018
-14.150000 0.000010
-14.100000 0.000122
-14.050000 0.000114
-14.000000 0.000224
-13.950000 0.000213
-13.900000 0.000316
-13.850000 0.000297
-13.800000 0.000392
-13.750000 0.000363
-13.700000 0.000446
-13.650000 0.000405
-13.600000 0.000475
-13.550000 0.000423
-13.500000 0.000482
-13.450000 0.000419
-13.400000 0.000469
-13.350000 0.000398
-13.300000 0.000440
-13.250000 0.000363
-13.200000 0.000399
-13.150000 0.000317
-13.100000 0.000348
-13.050000 0.000261
-13.000000 0.000287
-12.950000 0.000196
-12.900000 0.000216
-12.850000 0.000120
-12.800000 0.000135
-12.750000 0.000033
-12.700000 0.000044
-12.650000 -0.000061
-12.600000 -0.000054
-12.550000 -0.000160
-12.500000 -0.000153
-12.450000 -0.000257
-12.400000 -0.000246
-12.350000 -0.000344
-12.300000 -0.000326
-12.250000 -0.000416
-12.200000 -0.000387
-12.150000 -0.000466
-12.100000 -0.000427
-12.050000 -0.000494
-12.000000 -0.000443
-11.950000 -0.000499
-11.900000 -0.000439
-11.850000 -0.000486
-11.800000 -0.000417
-11.750000 -0.000456
-11.700000 -0.000382
-11.650000 -0.000416
-11.600000 -0.000336
-11.550000 -0.000366
-11.500000 -0.000283
-11.450000 -0.000308
-11.400000 -0.000222
-11.350000 -0.000244
-11.300000 -0.000154
-11.250000 -0.000172
-11.200000 -0.000078
-11.150000 -0.000092
-11.100000 0.000005
-11.050000 -0.000006
-11.000000 0.000094
-10.950000 0.000085
-10.900000 0.000185
-10.850000 0.000176
-10.800000 0.000275
-10.750000 0.000262
-10.700000 0.000355
-10.650000 0.000337
-10.600000 0.000421
-10.550000 0.000394
-10.500000 0.000468
-10.450000 0.000430
-10.400000 0.000494
-10.350000 0.000445
-10.300000 0.000499
-10.250000 0.000442
-10.200000 0.000488
-10.150000 0.000424
-10.100000 0.000464
-10.050000 0.000396
-10.000000 0.000433
-9.950000 0.000362
-9.900000 0.000396
-9.850000 0.000323
-9.800000 0.000353
-9.750000 0.000277
-9.700000 0.000304
-9.650000 0.000224
-9.600000 0.000247
-9.550000 0.000162
-9.500000 0.000179
-9.450000 0.000089
-9.400000 0.000101
-9.350000 0.000008
-9.300000 0.000017
-9.250000 -0.000078
-9.200000 -0.000070
-9.150000 -0.000165
-9.100000 -0.000155
-9.050000 -0.000246
-9.000000 -0.000232
-8.950000 -0.000318
-8.900000 -0.000297
-8.850000 -0.000375
-8.800000 -0.000346
-8.750000 -0.000416
-8.700000 -0.000380
-8.650000 -0.000441
-8.600000 -0.000398
-8.550000 -0.000453
-8.500000 -0.000404
-8.450000 -0.000455
-8.400000 -0.000403
-8.350000 -0.000451
-8.300000 -0.000398
-8.250000 -0.000445
-8.200000 -0.000390
-8.150000 -0.000436
-8.100000 -0.000379
-8.050000 -0.000421
-8.000000 -0.000361
-7.950000 -0.000397
-7.900000 -0.000331
-7.850000 -0.000361
-7.800000 -0.000288
-7.750000 -0.000311
-7.700000 -0.000231
-7.650000 -0.000248
-7.600000 -0.000164
-7.550000 -0.000177
-7.500000 -0.000091
-7.450000 -0.000104
-7.400000 -0.000018
-7.350000 -0.000033
-7.300000 0.000049
-7.250000 0.000031
-7.200000 0.000109
-7.150000 0.000086
-7.100000 0.000158
-7.050000 0.000131
-7.000000 0.000199
-6.950000 0.000168
-6.900000 0.000233
-6.850000 0.000200
-6.800000 0.000263
-6.750000 0.000229
-6.700000 0.000292
-6.650000 0.000258
-6.600000 0.000320
-6.550000 0.000287
-6.500000 0.000349
-6.450000 0.000316
-6.400000 0.000377
-6.350000 0.000341
-6.300000 0.000399
-6.250000 0.000360
-6.200000 0.000412
-6.150000 0.000367
-6.100000 0.000413
-6.050000 0.000362
-6.000000 0.000401
-5.950000 0.000343
-5.900000 0.000376
-5.850000 0.000314
-5.800000 0.000343
-5.750000 0.000278
-5.700000 0.000307
-5.650000 0.000243
-5.600000 0.000273
-5.550000 0.000213
-5.500000 0.000246
-5.450000 0.000189
-5.400000 0.000226
-5.350000 0.000172
-5.300000 0.000211
-5.250000 0.000159
-5.200000 0.000198
-5.150000 0.000145
-5.100000 0.000183
-5.050000 0.000128
-5.000000 0.000162
-4.950000 0.000104
-4.900000 0.000135
-4.850000 0.000074
-4.800000 0.000102
-4.750000 0.000040
-4.700000 0.000068
-4.650000 0.000007
-4.600000 0.000036
-4.550000 -0.000022
-4.500000 0.000012
-4.450000 -0.000041
-4.400000 -0.000002
-4.350000 -0.000050
-4.300000 -0.000006
-4.250000 -0.000048
-4.200000 0.000000
-4.150000 -0.000038
-4.100000 0.000012
-4.050000 -0.000025
-4.000000 0.000026
-3.950000 -0.000012
-3.900000 0.000037
-3.850000 -0.000003
-3.800000 0.000042
-3.750000 -0.000000
-3.700000 0.000042
-3.650000 -0.000003
-3.600000 0.000037
-3.550000 -0.000010
-3.500000 0.000029
-3.450000 -0.000017
-3.400000 0.000024
-3.350000 -0.000020
-3.300000 0.000024
-3.250000 -0.000015
-3.200000 0.000032
-3.150000 -0.000003
-3.100000 0.000048
-3.050000 0.000015
-3.000000 0.000067
-2.950000 0.000033
-2.900000 0.000083
-2.850000 0.000047
-2.800000 0.000092
-2.750000 0.000050
-2.700000 0.000087
-2.650000 0.000038
-2.600000 0.000067
-2.550000 0.000010
-2.500000 0.000032
-2.450000 -0.000033
-2.400000 -0.000017
-2.350000 -0.000086
-2.300000 -0.000076
-2.250000 -0.000150
-2.200000 -0.000143
-2.150000 -0.000222
-2.100000 -0.000220
-2.050000 -0.000304
-2.000000 -0.000309
-1.950000 -0.000400
-1.900000 -0.000415
-1.850000 -0.000518
-1.800000 -0.000548
-1.750000 -0.000667
-1.700000 -0.000716
-1.650000 -0.000858
-1.600000 -0.000932
-1.550000 -0.001101
-1.500000 -0.001207
-1.450000 -0.001410
-1.400000 -0.001553
-1.350000 -0.001796
-1.300000 -0.001982
-1.250000 -0.002271
-1.200000 -0.002506
-1.150000 -0.002849
-1.100000 -0.003142
-1.050000 -0.003546
-1.000000 -0.003907
-0.950000 -0.004386
-0.900000 -0.004829
-0.850000 -0.005398
-0.800000 -0.005942
-0.750000 -0.006625
-0.700000 -0.007295
-0.650000 -0.008118
-0.600000 -0.008946
-0.550000 -0.009944
-0.500000 -0.010965
-0.450000 -0.012178
-0.400000 -0.013437
-0.350000 -0.014911
-0.300000 -0.016458
-0.250000 -0.018248
-0.200000 -0.020144
-0.150000 -0.022316
-0.100000 -0.024632
-0.050000 -0.027266
0.000000 -0.030090
0.050000 -0.033282
0.100000 -0.036719
0.150000 -0.040586
0.200000 -0.044766
0.250000 -0.049451
0.300000 -0.054530
0.350000 -0.060203
0.400000 -0.066369
0.450000 -0.073236
0.500000 -0.080714
0.550000 -0.089020
0.600000 -0.098076
0.650000 -0.108109
0.700000 -0.119054
0.750000 -0.131152
0.800000 -0.144350
0.850000 -0.158901
0.900000 -0.174767
0.950000 -0.192216
1.000000 -0.211222
1.050000 -0.232065
1.100000 -0.254732
1.150000 -0.279515
1.200000 -0.306410
1.250000 -0.335714
1.300000 -0.367427
1.350000 -0.401845
1.400000 -0.438963
1.450000 -0.479063
1.500000 -0.522119
1.550000 -0.568384
1.600000 -0.617792
1.650000 -0.670543
1.700000 -0.726504
1.750000 -0.785793
1.800000 -0.848180
1.850000 -0.913670
1.900000 -0.981901
1.950000 -1.052729
2.000000 -1.125630
2.050000 -1.200286
2.100000 -1.275989
2.150000 -1.352231
2.200000 -1.428122
2.250000 -1.502978
2.300000 -1.575752
2.350000 -1.645633
2.400000 -1.711480
2.450000 -1.772435
2.500000 -1.827367
2.550000 -1.875484
2.600000 -1.915783
2.650000 -1.947663
2.700000 -1.970375
2.750000 -1.983622
2.800000 -1.986998
2.850000 -1.980582
2.900000 -1.964357
2.950000 -1.938787
3.000000 -1.904222
3.050000 -1.861459
3.100000 -1.811137
3.150000 -1.754285
3.200000 -1.691714
3.250000 -1.624563
3.300000 -1.553690
3.350000 -1.480222
3.400000 -1.404955
3.450000 -1.328915
3.500000 -1.252758
3.550000 -1.177345
3.600000 -1.103157
3.650000 -1.030869
3.700000 -0.960775
3.750000 -0.893370
3.800000 -0.828776
3.850000 -0.767332
3.900000 -0.709018
3.950000 -0.654046
4.000000 -0.602288
4.050000 -0.553861
4.100000 -0.508562
4.150000 -0.466446
4.200000 -0.427258
4.250000 -0.391015
4.300000 -0.357437
4.350000 -0.326520
4.400000 -0.297972
4.450000 -0.271786
4.500000 -0.247669
4.550000 -0.225619
4.600000 -0.205352
4.650000 -0.186873
4.700000 -0.169912
4.750000 -0.154487
4.800000 -0.140342
4.850000 -0.127509
4.900000 -0.115745
4.950000 -0.105099
5.000000 -0.095340
5.050000 -0.086529
5.100000 -0.078451
5.150000 -0.071176
5.200000 -0.064501
5.250000 -0.058507
5.300000 -0.052999
5.350000 -0.048070
5.400000 -0.043531
5.450000 -0.039484
5.500000 -0.035748
5.550000 -0.032429
5.600000 -0.029355
5.650000 -0.026636
5.700000 -0.024104
5.750000 -0.021877
5.800000 -0.019791
5.850000 -0.017967
5.900000 -0.016245
5.950000 -0.014749
6.000000 -0.013324
6.050000 -0.012097
6.100000 -0.010917
6.150000 -0.009911
6.200000 -0.008932
6.250000 -0.008110
6.300000 -0.007299
6.350000 -0.006630
6.400000 -0.005959
6.450000 -0.005419
6.500000 -0.004866
6.550000 -0.004434
6.600000 -0.003979
6.650000 -0.003637
6.700000 -0.003264
6.750000 -0.002995
6.800000 -0.002687
6.850000 -0.002477
6.900000 -0.002221
6.950000 -0.002055
7.000000 -0.001839
7.050000 -0.001707
7.100000 -0.001520
7.150000 -0.001414
7.200000 -0.001249
7.250000 -0.001163
7.300000 -0.001016
7.350000 -0.000946
7.400000 -0.000815
7.450000 -0.000761
7.500000 -0.000645
7.550000 -0.000605
7.600000 -0.000504
7.650000 -0.000480
7.700000 -0.000393
7.750000 -0.000383
7.800000 -0.000310
7.850000 -0.000313
7.900000 -0.000252
7.950000 -0.000265
8.000000 -0.000214
8.050000 -0.000236
8.100000 -0.000191
8.150000 -0.000217
8.200000 -0.000175
8.250000 -0.000202
8.300000 -0.000161
8.350000 -0.000186
8.400000 -0.000142
8.450000 -0.000164
8.500000 -0.000115
8.550000 -0.000133
8.600000 -0.000082
8.650000 -0.000097
8.700000 -0.000045
8.750000 -0.000060
8.800000 -0.000009
8.850000 -0.000028
8.900000 0.000018
8.950000 -0.000006
9.000000 0.000033
9.050000 0.000001
9.100000 0.000033
9.150000 -0.000005
9.200000 0.000021
9.250000 -0.000021
9.300000 0.000002
9.350000 -0.000042
9.400000 -0.000019
9.450000 -0.000061
9.500000 -0.000035
9.550000 -0.000073
9.600000 -0.000041
9.650000 -0.000074
9.700000 -0.000037
9.750000 -0.000064
9.800000 -0.000022
9.850000 -0.000045
9.900000 -0.000001
9.950000 -0.000022
10.000000 0.000023
10.050000 0.000001
10.100000 0.000044
10.150000 0.000019
10.200000 0.000058
10.250000 0.000028
10.300000 0.000061
10.350000 0.000026
10.400000 0.000053
10.450000 0.000012
10.500000 0.000034
10.550000 -0.000010
10.600000 0.000009
10.650000 -0.000037
10.700000 -0.000017
10.750000 -0.000061
10.800000 -0.000039
10.850000 -0.000079
10.900000 -0.000051
10.950000 -0.000085
11.000000 -0.000052
11.050000 -0.000080
11.100000 -0.000043
11.150000 -0.000069
11.200000 -0.000031
11.250000 -0.000058
11.300000 -0.000024
11.350000 -0.000057
11.400000 -0.000032
11.450000 -0.000076
11.500000 -0.000065
11.550000 -0.000125
11.600000 -0.000132
11.650000 -0.000213
11.700000 -0.000243
11.750000 -0.000350
11.800000 -0.000410
11.850000 -0.000551
11.900000 -0.000650
11.950000 -0.000837
12.000000 -0.000991
12.050000 -0.001243
12.100000 -0.001478
12.150000 -0.001829
12.200000 -0.002184
12.250000 -0.002682
12.300000 -0.003220
12.350000 -0.003943
12.400000 -0.004756
12.450000 -0.005816
12.500000 -0.007042
12.550000 -0.008607
12.600000 -0.010451
12.650000 -0.012770
12.700000 -0.015534
12.750000 -0.018974
12.800000 -0.023104
12.850000 -0.028208
12.900000 -0.034363
12.950000 -0.041932
13.000000 -0.051086
13.050000 -0.062301
13.100000 -0.075889
13.150000 -0.092491
13.200000 -0.112618
13.250000 -0.137155
13.300000 -0.166901
13.350000 -0.203082
13.400000 -0.246904
13.450000 -0.300071
13.500000 -0.364345
13.550000 -0.442063
13.600000 -0.535709
13.650000 -0.648420
13.700000 -0.783536
13.750000 -0.945074
13.800000 -1.137221
13.850000 -1.364711
13.900000 -1.632184
13.950000 -1.944365
14.000000 -2.305171
14.050000 -2.717575
14.100000 -3.182349
14.150000 -3.697576
14.200000 -4.257115
14.250000 -4.850050
14.300000 -5.459462
14.350000 -6.062709
14.400000 -6.631661
14.450000 -7.134998
14.500000 -7.540738
14.550000 -7.820525
14.600000 -7.953167
14.650000 -7.928373
14.700000 -7.747996
14.750000 -7.426166
14.800000 -6.986562
14.850000 -6.459271
14.900000 -5.876293
14.950000 -5.268376
15.000000 -4.661918
15.050000 -4.077953
15.100000 -3.531312
15.150000 -3.031474
15.200000 -2.582985
15.250000 -2.186967
15.300000 -1.841706
15.350000 -1.544014
15.400000 -1.289510
15.450000 -1.073612
15.500000 -0.891471
15.550000 -0.738665
15.600000 -0.610901
15.650000 -0.504526
15.700000 -0.416111
15.750000 -0.342883
15.800000 -0.282256
15.850000 -0.232228
15.900000 -0.190910
15.950000 -0.156909
16.000000 -0.128867
16.050000 -0.105844
16.100000 -0.086866
16.150000 -0.071320
16.200000 -0.058502
16.250000 -0.048027
16.300000 -0.039383
16.350000 -0.032339
16.400000 -0.026515
16.450000 -0.021786
16.500000 -0.017862
16.550000 -0.014693
16.600000 -0.012046
16.650000 -0.009923
16.700000 -0.008133
16.750000 -0.006711
16.800000 -0.005495
16.850000 -0.004541
16.900000 -0.003709
16.950000 -0.003069
17.000000 -0.002494
17.050000 -0.002064
17.100000 -0.001662
17.150000 -0.001375
17.200000 -0.001091
17.250000 -0.000902
17.300000 -0.000700
17.350000 -0.000579
17.400000 -0.000435
17.450000 -0.000364
17.500000 -0.000262
17.550000 -0.000226
17.600000 -0.000155
17.650000 -0.000146
17.700000 -0.000098
17.750000 -0.000108
17.800000 -0.000075
17.850000 -0.000097
17.900000 -0.000073
17.950000 -0.000101
18.000000 -0.000081
18.050000 -0.000108
18.100000 -0.000086
18.150000 -0.000109
18.200000 -0.000081
18.250000 -0.000098
18.300000 -0.000063
18.350000 -0.000074
18.400000 -0.000034
18.450000 -0.000039
18.500000 0.000003
18.550000 -0.000002
18.600000 0.000039
18.650000 0.000031
18.700000 0.000067
18.750000 0.000052
18.800000 0.000081
18.850000 0.000059
18.900000 0.000080
18.950000 0.000050
19.000000 0.000064
19.050000 0.000028
19.100000 0.000037
19.150000 -0.000001
19.200000 0.000006
19.250000 -0.000033
19.300000 -0.000025
19.350000 -0.000060
19.400000 -0.000048
19.450000 -0.000078
19.500000 -0.000059
19.550000 -0.000082
19.600000 -0.000057
19.650000 -0.000073
19.700000 -0.000042
19.750000 -0.000051
19.800000 -0.000015
19.850000 -0.000021
19.900000 0.000017
19.950000 0.000012
20.000000 0.000049
20.050000 0.000041
20.100000 0.000074
20.150000 0.000061
20.200000 0.000087
20.250000 0.000067
20.300000 0.000084
20.350000 0.000056
20.400000 0.000066
20.450000 0.000031
20.500000 0.000035
20.550000 -0.000005
20.600000 -0.000003
20.650000 -0.000042
20.700000 -0.000038
20.750000 -0.000073
20.800000 -0.000063
20.850000 -0.000090
20.900000 -0.000071
20.950000 -0.000089
21.000000 -0.000063
21.050000 -0.000072
21.100000 -0.000039
21.150000 -0.000042
21.200000 -0.000006
21.250000 -0.000007
21.300000 0.000029
21.350000 0.000026
21.400000 0.000060
21.450000 0.000052
21.500000 0.000079
21.550000 0.000066
21.600000 0.000086
21.650000 0.000066
21.700000 0.000079
21.750000 0.000052
21.800000 0.000059
21.850000 0.000027
21.900000 0.000030
21.950000 -0.000006
22.000000 -0.000005
22.050000 -0.000040
22.100000 -0.000038
22.150000 -0.000070
22.200000 -0.000063
22.250000 -0.000089
22.300000 -0.000075
22.350000 -0.000092
22.400000 -0.000070
22.450000 -0.000079
22.500000 -0.000049
22.550000 -0.000050
22.600000 -0.000015
22.650000 -0.000013
22.700000 0.000024
22.750000 0.000027
22.800000 0.000061
22.850000 0.000060
22.900000 0.000088
22.950000 0.000079
23.000000 0.000098
23.050000 0.000080
23.100000 0.000090
23.150000 0.000063
23.200000 0.000065
23.250000 0.000032
23.300000 0.000029
23.350000 -0.000006
23.400000 -0.000010
23.450000 -0.000044
23.500000 -0.000045
23.550000 -0.000074
23.600000 -0.000070
23.650000 -0.000091
23.700000 -0.000079
23.750000 -0.000092
23.800000 -0.000073
23.850000 -0.000078
23.900000 -0.000052
23.950000 -0.000052
24.000000 -0.000021
24.050000 -0.000017
24.100000 0.000015
24.150000 0.000019
24.200000 0.000050
24.250000 0.000053
24.300000 0.000079
24.350000 0.000076
24.400000 0.000096
24.450000 0.000085
24.500000 0.000096
24.550000 0.000077
24.600000 0.000079
24.650000 0.000052
24.700000 0.000047
24.750000 0.000015
24.800000 0.000005
24.850000 -0.000028
24.900000 -0.000037
24.950000 -0.000068
25.000000 -0.000072
25.050000 -0.000095
25.100000 -0.000091
25.150000 -0.000105
25.200000 -0.000091
25.250000 -0.000095
25.300000 -0.000072
25.350000 -0.000067
25.400000 -0.000038
25.450000 -0.000029
25.500000 0.000003
25.550000 0.000013
25.600000 0.000043
25.650000 0.000051
25.700000 0.000076
25.750000 0.000078
25.800000 0.000095
25.850000 0.000090
25.900000 0.000099
25.950000 0.000085
26.000000 0.000086
26.050000 0.000065
26.100000 0.000059
26.150000 0.000034
26.200000 0.000024
26.250000 -0.000005
26.300000 -0.000016
26.350000 -0.000044
26.400000 -0.000054
26.450000 -0.000077
26.500000 -0.000082
26.550000 -0.000099
26.600000 -0.000097
26.650000 -0.000105
26.700000 -0.000093
26.750000 -0.000092
26.800000 -0.000071
26.850000 -0.000062
26.900000 -0.000035
26.950000 -0.000019
27.000000 0.000010
27.050000 0.000027
27.100000 0.000055
27.150000 0.000069
27.200000 0.000091
27.250000 0.000097
27.300000 0.000110
27.350000 0.000107
27.400000 0.000109
27.450000 0.000095
27.500000 0.000088
27.550000 0.000066
27.600000 0.000051
27.650000 0.000024
27.700000 0.000006
27.750000 -0.000021
27.800000 -0.000038
27.850000 -0.000062
27.900000 -0.000074
27.950000 -0.000092
28.000000 -0.000097
28.050000 -0.000106
28.100000 -0.000103
28.150000 -0.000103
28.200000 -0.000091
28.250000 -0.000084
28.300000 -0.000066
28.350000 -0.000051
28.400000 -0.000029
28.450000 -0.000011
28.500000 0.000014
28.550000 0.000032
28.600000 0.000056
28.650000 0.000072
28.700000 0.000090
28.750000 0.000100
28.800000 0.000111
28.850000 0.000112
28.900000 0.000113
28.950000 0.000104
29.000000 0.000095
29.050000 0.000077
29.100000 0.000059
29.150000 0.000035
29.200000 0.000011
29.250000 -0.000015
29.300000 -0.000039
29.350000 -0.000063
29.400000 -0.000082
29.450000 -0.000099
29.500000 -0.000111
29.550000 -0.000118
29.600000 -0.000119
29.650000 -0.000115
29.700000 -0.000106
29.750000 -0.000093
29.800000 -0.000075
29.850000 -0.000055
29.900000 -0.000033
29.950000 -0.000009
30.000000 0.000014
30.050000 0.000038
30.100000 0.000058
30.150000 0.000078
30.200000 0.000092
30.250000 0.000105
30.300000 0.000111
30.350000 0.000116
30.400000 0.000113
30.450000 0.000109
30.500000 0.000097
30.550000 0.000085
30.600000 0.000066
30.650000 0.000047
30.700000 0.000023
30.750000 0.000001
30.800000 -0.000026
30.850000 -0.000048
30.900000 -0.000074
30.950000 -0.000093
31.000000 -0.000114
31.050000 -0.000127
31.100000 -0.000141
31.150000 -0.000145
31.200000 -0.000152
31.250000 -0.000148
31.300000 -0.000149
31.350000 -0.000143
31.400000 -0.000145
31.450000 -0.000144
31.500000 -0.000159
31.550000 -0.000180
31.600000 -0.000227
31.650000 -0.000292
31.700000 -0.000402
31.750000 -0.000551
31.800000 -0.000771
31.850000 -0.001067
31.900000 -0.001484
31.950000 -0.002039
32.000000 -0.002800
32.050000 -0.003814
32.100000 -0.005189
32.150000 -0.007022
32.200000 -0.009495
32.250000 -0.012802
32.300000 -0.017252
32.350000 -0.023215
32.400000 -0.031235
32.450000 -0.041992
32.500000 -0.056452
32.550000 -0.075858
32.600000 -0.101931
32.650000 -0.136916
32.700000 -0.183871
32.750000 -0.246814
32.800000 -0.331140
32.850000 -0.443928
32.900000 -0.594545
32.950000 -0.795147
33.000000 -1.061472
33.050000 -1.413445
33.100000 -1.875867
33.150000 -2.478505
33.200000 -3.255513
33.250000 -4.243004
33.300000 -5.474142
33.350000 -6.970107
33.400000 -8.726599
33.450000 -10.696207
33.500000 -12.771280
33.550000 -14.775649
33.600000 -16.477814
33.650000 -17.633495
33.700000 -18.051838
33.750000 -17.658702
33.800000 -16.523836
33.850000 -14.835267
33.900000 -12.836676
33.950000 -10.760775
34.000000 -8.785827
34.050000 -7.021596
34.100000 -5.517158
34.150000 -4.277884
34.200000 -3.283173
34.250000 -2.500071
34.300000 -1.892474
34.350000 -1.426108
34.400000 -1.071062
34.450000 -0.802367
34.500000 -0.599963
34.550000 -0.447979
34.600000 -0.334169
34.650000 -0.249074
34.700000 -0.185564
34.750000 -0.138185
34.800000 -0.102893
34.850000 -0.076589
34.900000 -0.057019
34.950000 -0.042433
35.000000 -0.031592
35.050000 -0.023502
35.100000 -0.017494
35.150000 -0.013000
35.200000 -0.009667
35.250000 -0.007163
35.300000 -0.005311
35.350000 -0.003908
35.400000 -0.002878
35.450000 -0.002088
35.500000 -0.001517
35.550000 -0.001072
35.600000 -0.000760
35.650000 -0.000512
35.700000 -0.000350
35.750000 -0.000216
35.800000 -0.000142
35.850000 -0.000076
35.900000 -0.000056
35.950000 -0.000030
36.000000 -0.000041
36.050000 -0.000038
36.100000 -0.000064
36.150000 -0.000071
36.200000 -0.000103
36.250000 -0.000110
36.300000 -0.000139
36.350000 -0.000141
36.400000 -0.000162
36.450000 -0.000154
36.500000 -0.000166
36.550000 -0.000147
36.600000 -0.000148
36.650000 -0.000120
36.700000 -0.000113
36.750000 -0.000078
36.800000 -0.000065
36.850000 -0.000026
36.900000 -0.000010
36.950000 0.000030
37.000000 0.000045
37.050000 0.000084
37.100000 0.000094
37.150000 0.000128
37.200000 0.000132
37.250000 0.000157
37.300000 0.000151
37.350000 0.000167
37.400000 0.000149
37.450000 0.000154
37.500000 0.000125
37.550000 0.000119
37.600000 0.000081
37.650000 0.000067
37.700000 0.000022
37.750000 0.000005
37.800000 -0.000042
37.850000 -0.000059
37.900000 -0.000102
37.950000 -0.000113
38.000000 -0.000149
38.050000 -0.000150
38.100000 -0.000175
38.150000 -0.000165
38.200000 -0.000177
38.250000 -0.000155
38.300000 -0.000155
38.350000 -0.000121
38.400000 -0.000112
38.450000 -0.000070
38.500000 -0.000055
38.550000 -0.000009
38.600000 0.000008
38.650000 0.000054
38.700000 0.000068
38.750000 0.000109
38.800000 0.000116
38.850000 0.000150
38.900000 0.000148
38.950000 0.000173
39.000000 0.000160
39.050000 0.000175
39.100000 0.000152
39.150000 0.000157
39.200000 0.000124
39.250000 0.000120
39.300000 0.000079
39.350000 0.000068
39.400000 0.000022
39.450000 0.000007
39.500000 -0.000042
39.550000 -0.000058
39.600000 -0.000104
39.650000 -0.000116
39.700000 -0.000156
39.750000 -0.000158
39.800000 -0.000189
39.850000 -0.000179
39.900000 -0.000196
39.950000 -0.000173
40.000000 -0.000177
40.050000 -0.000141
40.100000 -0.000134
40.150000 -0.000088
40.200000 -0.000073
40.250000 -0.000022
40.300000 -0.000004
40.350000 0.000048
40.400000 0.000063
40.450000 0.000111
40.500000 0.000120
40.550000 0.000160
40.600000 0.000159
40.650000 0.000189
40.700000 0.000177
40.750000 0.000194
40.800000 0.000171
40.850000 0.000178
40.900000 0.000143
40.950000 0.000141
41.000000 0.000098
41.050000 0.000089
41.100000 0.000041
41.150000 0.000028
41.200000 -0.000023
41.250000 -0.000036
41.300000 -0.000086
41.350000 -0.000097
41.400000 -0.000142
41.450000 -0.000146
41.500000 -0.000184
41.550000 -0.000179
41.600000 -0.000206
41.650000 -0.000190
41.700000 -0.000205
41.750000 -0.000175
41.800000 -0.000177
41.850000 -0.000134
41.900000 -0.000125
41.950000 -0.000073
42.000000 -0.000057
42.050000 0.000001
42.100000 0.000019
42.150000 0.000076
42.200000 0.000091
42.250000 0.000142
42.300000 0.000149
42.350000 0.000190
42.400000 0.000185
42.450000 0.000213
42.500000 0.000196
42.550000 0.000211
42.600000 0.000182
42.650000 0.000186
42.700000 0.000146
42.750000 0.000142
42.800000 0.000094
42.850000 0.000083
42.900000 0.000031
42.950000 0.000017
43.000000 -0.000037
43.050000 -0.000050
43.100000 -0.000102
43.150000 -0.000112
43.200000 -0.000159
43.250000 -0.000161
43.300000 -0.000200
43.350000 -0.000194
43.400000 -0.000222
43.450000 -0.000203
43.500000 -0.000220
43.550000 -0.000188
43.600000 -0.000192
43.650000 -0.000149
43.700000 -0.000141
43.750000 -0.000087
43.800000 -0.000071
43.850000 -0.000011
43.900000 0.000009
43.950000 0.000071
44.000000 0.000091
44.050000 0.000149
44.100000 0.000162
44.150000 0.000212
44.200000 0.000215
44.250000 0.000253
44.300000 0.000243
44.350000 0.000269
44.400000 0.000247
44.450000 0.000261
44.500000 0.000227
44.550000 0.000232
44.600000 0.000192
44.650000 0.000191
44.700000 0.000146
44.750000 0.000142
44.800000 0.000096
44.850000 0.000092
44.900000 0.000046
44.950000 0.000044
