-30.000000 0.000109
-29.950000 0.000096
-29.900000 0.000191
-29.850000 0.000163
-29.800000 0.000243
-29.750000 0.000199
-29.700000 0.000263
-29.650000 0.000203
-29.600000 0.000250
-29.550000 0.000175
-29.500000 0.000208
-29.450000 0.000121
-29.400000 0.000144
-29.350000 0.000049
-29.300000 0.000066
-29.250000 -0.000031
-29.200000 -0.000014
-29.150000 -0.000109
-29.100000 -0.000086
-29.050000 -0.000173
-29.000000 -0.000141
-28.950000 -0.000217
-28.900000 -0.000174
-28.850000 -0.000237
-28.800000 -0.000181
-28.750000 -0.000231
-28.700000 -0.000163
-28.650000 -0.000202
-28.600000 -0.000123
-28.550000 -0.000152
-28.500000 -0.000065
-28.450000 -0.000087
-28.400000 0.000005
-28.350000 -0.000014
-28.300000 0.000079
-28.250000 0.000059
-28.200000 0.000150
-28.150000 0.000125
-28.100000 0.000208
-28.050000 0.000175
-28.000000 0.000247
-27.950000 0.000201
-27.900000 0.000259
-27.850000 0.000199
-27.800000 0.000243
-27.750000 0.000169
-27.700000 0.000199
-27.650000 0.000113
-27.600000 0.000133
-27.550000 0.000039
-27.500000 0.000054
-27.450000 -0.000042
-27.400000 -0.000028
-27.350000 -0.000121
-27.300000 -0.000102
-27.250000 -0.000188
-27.200000 -0.000159
-27.150000 -0.000235
-27.100000 -0.000195
-27.050000 -0.000259
-27.000000 -0.000207
-26.950000 -0.000258
-26.900000 -0.000193
-26.850000 -0.000232
-26.800000 -0.000156
-26.750000 -0.000185
-26.700000 -0.000100
-26.650000 -0.000120
-26.600000 -0.000028
-26.550000 -0.000044
-26.500000 0.000052
-26.450000 0.000038
-26.400000 0.000132
-26.350000 0.000114
-26.300000 0.000203
-26.250000 0.000177
-26.200000 0.000255
-26.150000 0.000218
-26.100000 0.000282
-26.050000 0.000230
-26.000000 0.000279
-25.950000 0.000211
-25.900000 0.000246
-25.850000 0.000165
-25.800000 0.000188
-25.750000 0.000097
-25.700000 0.000112
-25.650000 0.000016
-25.600000 0.000027
-25.550000 -0.000069
-25.500000 -0.000056
-25.450000 -0.000148
-25.400000 -0.000129
-25.350000 -0.000214
-25.300000 -0.000186
-25.250000 -0.000260
-25.200000 -0.000221
-25.150000 -0.000283
-25.100000 -0.000231
-25.050000 -0.000281
-25.000000 -0.000216
-24.950000 -0.000254
-24.900000 -0.000177
-24.850000 -0.000203
-24.800000 -0.000117
-24.750000 -0.000134
-24.700000 -0.000039
-24.650000 -0.000050
-24.600000 0.000048
-24.550000 0.000038
-24.500000 0.000136
-24.450000 0.000123
-24.400000 0.000214
-24.350000 0.000193
-24.300000 0.000274
-24.250000 0.000240
-24.200000 0.000306
-24.150000 0.000257
-24.100000 0.000308
-24.050000 0.000244
-24.000000 0.000279
-23.950000 0.000201
-23.900000 0.000225
-23.850000 0.000137
-23.800000 0.000152
-23.750000 0.000057
-23.700000 0.000068
-23.650000 -0.000029
-23.600000 -0.000019
-23.550000 -0.000114
-23.500000 -0.000101
-23.450000 -0.000191
-23.400000 -0.000172
-23.350000 -0.000255
-23.300000 -0.000226
-23.250000 -0.000298
-23.200000 -0.000258
-23.150000 -0.000317
-23.100000 -0.000263
-23.050000 -0.000309
-23.000000 -0.000241
-22.950000 -0.000273
-22.900000 -0.000192
-22.850000 -0.000211
-22.800000 -0.000119
-22.750000 -0.000129
-22.700000 -0.000030
-22.650000 -0.000035
-22.600000 0.000066
-22.550000 0.000061
-22.500000 0.000160
-22.450000 0.000149
-22.400000 0.000240
-22.350000 0.000219
-22.300000 0.000298
-22.250000 0.000265
-22.200000 0.000330
-22.150000 0.000282
-22.100000 0.000333
-22.050000 0.000271
-22.000000 0.000308
-21.950000 0.000233
-21.900000 0.000259
-21.850000 0.000174
-21.800000 0.000191
-21.750000 0.000098
-21.700000 0.000109
-21.650000 0.000011
-21.600000 0.000019
-21.550000 -0.000080
-21.500000 -0.000073
-21.450000 -0.000170
-21.400000 -0.000159
-21.350000 -0.000250
-21.300000 -0.000231
-21.250000 -0.000313
-21.200000 -0.000282
-21.150000 -0.000351
-21.100000 -0.000305
-21.050000 -0.000358
-21.000000 -0.000297
-20.950000 -0.000335
-20.900000 -0.000258
-20.850000 -0.000282
-20.800000 -0.000193
-20.750000 -0.000205
-20.700000 -0.000107
-20.650000 -0.000113
-20.600000 -0.000011
-20.550000 -0.000015
-20.500000 0.000087
-20.450000 0.000081
-20.400000 0.000179
-20.350000 0.000167
-20.300000 0.000257
-20.250000 0.000237
-20.200000 0.000317
-20.150000 0.000285
-20.100000 0.000354
-20.050000 0.000310
-20.000000 0.000366
-19.950000 0.000309
-19.900000 0.000352
-19.850000 0.000282
-19.800000 0.000312
-19.750000 0.000230
-19.700000 0.000248
-19.650000 0.000155
-19.600000 0.000163
-19.550000 0.000062
-19.500000 0.000064
-19.450000 -0.000041
-19.400000 -0.000041
-19.350000 -0.000145
-19.300000 -0.000142
-19.250000 -0.000240
-19.200000 -0.000229
-19.150000 -0.000317
-19.100000 -0.000294
-19.050000 -0.000368
-19.000000 -0.000331
-18.950000 -0.000391
-18.900000 -0.000339
-18.850000 -0.000384
-18.800000 -0.000318
-18.750000 -0.000350
-18.700000 -0.000272
-18.650000 -0.000294
-18.600000 -0.000206
-18.550000 -0.000219
-18.500000 -0.000124
-18.450000 -0.000130
-18.400000 -0.000031
-18.350000 -0.000034
-18.300000 0.000068
-18.250000 0.000066
-18.200000 0.000167
-18.150000 0.000162
-18.100000 0.000258
-18.050000 0.000247
-18.000000 0.000335
-17.950000 0.000314
-17.900000 0.000390
-17.850000 0.000356
-17.800000 0.000418
-17.750000 0.000368
-17.700000 0.000414
-17.650000 0.000349
-17.600000 0.000380
-17.550000 0.000300
-17.500000 0.000317
-17.450000 0.000226
-17.400000 0.000233
-17.350000 0.000134
-17.300000 0.000135
-17.250000 0.000032
-17.200000 0.000032
-17.150000 -0.000071
-17.100000 -0.000070
-17.050000 -0.000170
-17.000000 -0.000164
-16.950000 -0.000258
-16.900000 -0.000246
-16.850000 -0.000332
-16.800000 -0.000311
-16.750000 -0.000388
-16.700000 -0.000357
-16.650000 -0.000423
-16.600000 -0.000380
-16.550000 -0.000432
-16.500000 -0.000377
-16.450000 -0.000415
-16.400000 -0.000345
-16.350000 -0.000370
-16.300000 -0.000286
-16.250000 -0.000298
-16.200000 -0.000203
-16.150000 -0.000205
-16.100000 -0.000101
-16.050000 -0.000097
-16.000000 0.000010
-15.950000 0.000016
-15.900000 0.000121
-15.850000 0.000124
-15.800000 0.000224
-15.750000 0.000220
-15.700000 0.000311
-15.650000 0.000297
-15.600000 0.000378
-15.550000 0.000353
-15.500000 0.000423
-15.450000 0.000387
-15.400000 0.000445
-15.350000 0.000398
-15.300000 0.000445
-15.250000 0.000387
-15.200000 0.000422
-15.150000 0.000352
-15.100000 0.000376
-15.050000 0.000295
-15.000000 0.000308
-14.950000 0.000216
-14.900000 0.000219
-14.850000 0.000119
-14.800000 0.000115
-14.750000 0.000010
-14.700000 0.000002
-14.650000 -0.000104
-14.600000 -0.000111
-14.550000 -0.000214
-14.500000 -0.000215
-14.450000 -0.000311
-14.400000 -0.000304
-14.350000 -0.000389
-14.300000 -0.000370
-14.250000 -0.000443
-14.200000 -0.000412
-14.150000 -0.000472
-14.100000 -0.000428
-14.050000 -0.000475
-14.000000 -0.000420
-13.950000 -0.000455
-13.900000 -0.000389
-13.850000 -0.000415
-13.800000 -0.000339
-13.750000 -0.000355
-13.700000 -0.000271
-13.650000 -0.000280
-13.600000 -0.000188
-13.550000 -0.000189
-13.500000 -0.000091
-13.450000 -0.000086
-13.400000 0.000016
-13.350000 0.000024
-13.300000 0.000127
-13.250000 0.000135
-13.200000 0.000236
-13.150000 0.000239
-13.100000 0.000334
-13.050000 0.000329
-13.000000 0.000413
-12.950000 0.000397
-12.900000 0.000469
-12.850000 0.000441
-12.800000 0.000499
-12.750000 0.000458
-12.700000 0.000504
-12.650000 0.000450
-12.600000 0.000485
-12.550000 0.000421
-12.500000 0.000446
-12.450000 0.000373
-12.400000 0.000389
-12.350000 0.000308
-12.300000 0.000317
-12.250000 0.000230
-12.200000 0.000232
-12.150000 0.000139
-12.100000 0.000136
-12.050000 0.000039
-12.000000 0.000033
-11.950000 -0.000067
-11.900000 -0.000075
-11.850000 -0.000174
-11.800000 -0.000181
-11.750000 -0.000277
-11.700000 -0.000279
-11.650000 -0.000369
-11.600000 -0.000363
-11.550000 -0.000443
-11.500000 -0.000427
-11.450000 -0.000496
-11.400000 -0.000468
-11.350000 -0.000524
-11.300000 -0.000483
-11.250000 -0.000527
-11.200000 -0.000475
-11.150000 -0.000508
-11.100000 -0.000447
-11.050000 -0.000470
-11.000000 -0.000401
-10.950000 -0.000417
-10.900000 -0.000342
-10.850000 -0.000352
-10.800000 -0.000271
-10.750000 -0.000275
-10.700000 -0.000189
-10.650000 -0.000188
-10.600000 -0.000096
-10.550000 -0.000090
-10.500000 0.000005
-10.450000 0.000013
-10.400000 0.000110
-10.350000 0.000119
-10.300000 0.000214
-10.250000 0.000220
-10.200000 0.000311
-10.150000 0.000311
-10.100000 0.000394
-10.050000 0.000387
-10.000000 0.000460
-9.950000 0.000443
-9.900000 0.000506
-9.850000 0.000478
-9.800000 0.000531
-9.750000 0.000493
-9.700000 0.000536
-9.650000 0.000490
-9.600000 0.000524
-9.550000 0.000470
-9.500000 0.000497
-9.450000 0.000437
-9.400000 0.000457
-9.350000 0.000391
-9.300000 0.000406
-9.250000 0.000335
-9.200000 0.000343
-9.150000 0.000266
-9.100000 0.000268
-9.050000 0.000185
-9.000000 0.000182
-8.950000 0.000094
-8.900000 0.000086
-8.850000 -0.000006
-8.800000 -0.000015
-8.750000 -0.000107
-8.700000 -0.000115
-8.650000 -0.000203
-8.600000 -0.000208
-8.550000 -0.000290
-8.500000 -0.000288
-8.450000 -0.000362
-8.400000 -0.000353
-8.350000 -0.000420
-8.300000 -0.000403
-8.250000 -0.000462
-8.200000 -0.000440
-8.150000 -0.000493
-8.100000 -0.000465
-8.050000 -0.000514
-8.000000 -0.000481
-7.950000 -0.000524
-7.900000 -0.000487
-7.850000 -0.000524
-7.800000 -0.000481
-7.750000 -0.000512
-7.700000 -0.000462
-7.650000 -0.000486
-7.600000 -0.000429
-7.550000 -0.000445
-7.500000 -0.000380
-7.450000 -0.000389
-7.400000 -0.000318
-7.350000 -0.000320
-7.300000 -0.000245
-7.250000 -0.000243
-7.200000 -0.000166
-7.150000 -0.000163
-7.100000 -0.000086
-7.050000 -0.000084
-7.000000 -0.000009
-6.950000 -0.000010
-6.900000 0.000061
-6.850000 0.000057
-6.800000 0.000125
-6.750000 0.000119
-6.700000 0.000184
-6.650000 0.000176
-6.600000 0.000240
-6.550000 0.000232
-6.500000 0.000295
-6.450000 0.000285
-6.400000 0.000347
-6.350000 0.000336
-6.300000 0.000395
-6.250000 0.000380
-6.200000 0.000434
-6.150000 0.000414
-6.100000 0.000461
-6.050000 0.000434
-6.000000 0.000474
-5.950000 0.000441
-5.900000 0.000474
-5.850000 0.000434
-5.800000 0.000462
-5.750000 0.000418
-5.700000 0.000442
-5.650000 0.000396
-5.600000 0.000418
-5.550000 0.000371
-5.500000 0.000392
-5.450000 0.000345
-5.400000 0.000366
-5.350000 0.000319
-5.300000 0.000340
-5.250000 0.000293
-5.200000 0.000312
-5.150000 0.000264
-5.100000 0.000281
-5.050000 0.000231
-5.000000 0.000246
-4.950000 0.000193
-4.900000 0.000205
-4.850000 0.000150
-4.800000 0.000160
-4.750000 0.000105
-4.700000 0.000115
-4.650000 0.000061
-4.600000 0.000073
-4.550000 0.000023
-4.500000 0.000039
-4.450000 -0.000007
-4.400000 0.000013
-4.350000 -0.000028
-4.300000 -0.000004
-4.250000 -0.000042
-4.200000 -0.000016
-4.150000 -0.000052
-4.100000 -0.000026
-4.050000 -0.000062
-4.000000 -0.000038
-3.950000 -0.000075
-3.900000 -0.000052
-3.850000 -0.000091
-3.800000 -0.000069
-3.750000 -0.000108
-3.700000 -0.000087
-3.650000 -0.000125
-3.600000 -0.000103
-3.550000 -0.000139
-3.500000 -0.000115
-3.450000 -0.000149
-3.400000 -0.000123
-3.350000 -0.000156
-3.300000 -0.000129
-3.250000 -0.000161
-3.200000 -0.000136
-3.150000 -0.000170
-3.100000 -0.000149
-3.050000 -0.000188
-3.000000 -0.000172
-2.950000 -0.000218
-2.900000 -0.000212
-2.850000 -0.000266
-2.800000 -0.000270
-2.750000 -0.000334
-2.700000 -0.000349
-2.650000 -0.000424
-2.600000 -0.000449
-2.550000 -0.000534
-2.500000 -0.000571
-2.450000 -0.000668
-2.400000 -0.000717
-2.350000 -0.000829
-2.300000 -0.000895
-2.250000 -0.001025
-2.200000 -0.001113
-2.150000 -0.001268
-2.100000 -0.001386
-2.050000 -0.001574
-2.000000 -0.001730
-1.950000 -0.001959
-1.900000 -0.002161
-1.850000 -0.002441
-1.800000 -0.002698
-1.750000 -0.003038
-1.700000 -0.003360
-1.650000 -0.003771
-1.600000 -0.004171
-1.550000 -0.004665
-1.500000 -0.005158
-1.450000 -0.005753
-1.400000 -0.006357
-1.350000 -0.007076
-1.300000 -0.007816
-1.250000 -0.008685
-1.200000 -0.009592
-1.150000 -0.010645
-1.100000 -0.011757
-1.050000 -0.013037
-1.000000 -0.014400
-0.950000 -0.015957
-0.900000 -0.017626
-0.850000 -0.019521
-0.800000 -0.021563
-0.750000 -0.023868
-0.700000 -0.026362
-0.650000 -0.029163
-0.600000 -0.032204
-0.550000 -0.035605
-0.500000 -0.039305
-0.450000 -0.043431
-0.400000 -0.047929
-0.350000 -0.052931
-0.300000 -0.058391
-0.250000 -0.064451
-0.200000 -0.071074
-0.150000 -0.078409
-0.100000 -0.086433
-0.050000 -0.095304
0.000000 -0.105009
0.050000 -0.115721
0.100000 -0.127438
0.150000 -0.140344
0.200000 -0.154455
0.250000 -0.169965
0.300000 -0.186903
0.350000 -0.205479
0.400000 -0.225735
0.450000 -0.247892
0.500000 -0.272005
0.550000 -0.298305
0.600000 -0.326853
0.650000 -0.357885
0.700000 -0.391464
0.750000 -0.427819
0.800000 -0.467003
0.850000 -0.509226
0.900000 -0.554516
0.950000 -0.603045
1.000000 -0.654791
1.050000 -0.709862
1.100000 -0.768161
1.150000 -0.829704
1.200000 -0.894283
1.250000 -0.961786
1.300000 -1.031865
1.350000 -1.104249
1.400000 -1.178417
1.450000 -1.253916
1.500000 -1.330041
1.550000 -1.406150
1.600000 -1.481362
1.650000 -1.554871
1.700000 -1.625657
1.750000 -1.692812
1.800000 -1.755257
1.850000 -1.812073
1.900000 -1.862230
1.950000 -1.904921
2.000000 -1.939289
2.050000 -1.964760
2.100000 -1.980767
2.150000 -1.987072
2.200000 -1.983474
2.250000 -1.970120
2.300000 -1.947199
2.350000 -1.915230
2.400000 -1.874747
2.450000 -1.826571
2.500000 -1.771487
2.550000 -1.710506
2.600000 -1.644542
2.650000 -1.574670
2.700000 -1.501811
2.750000 -1.426992
2.800000 -1.351042
2.850000 -1.274859
2.900000 -1.199117
2.950000 -1.124537
3.000000 -1.051608
3.050000 -0.980866
3.100000 -0.912617
3.150000 -0.847219
3.200000 -0.784820
3.250000 -0.725629
3.300000 -0.669661
3.350000 -0.617014
3.400000 -0.567603
3.450000 -0.521445
3.500000 -0.478389
3.550000 -0.438397
3.600000 -0.401280
3.650000 -0.366968
3.700000 -0.335253
3.750000 -0.306051
3.800000 -0.279149
3.850000 -0.254463
3.900000 -0.231781
3.950000 -0.211027
4.000000 -0.192000
4.050000 -0.174633
4.100000 -0.158739
4.150000 -0.144263
4.200000 -0.131033
4.250000 -0.119007
4.300000 -0.108026
4.350000 -0.098062
4.400000 -0.088969
4.450000 -0.080731
4.500000 -0.073215
4.550000 -0.066415
4.600000 -0.060210
4.650000 -0.054605
4.700000 -0.049486
4.750000 -0.044869
4.800000 -0.040649
4.850000 -0.036848
4.900000 -0.033371
4.950000 -0.030244
5.000000 -0.027380
5.050000 -0.024810
5.100000 -0.022452
5.150000 -0.020343
5.200000 -0.018404
5.250000 -0.016676
5.300000 -0.015084
5.350000 -0.013670
5.400000 -0.012364
5.450000 -0.011210
5.500000 -0.010140
5.550000 -0.009199
5.600000 -0.008322
5.650000 -0.007555
5.700000 -0.006835
5.750000 -0.006208
5.800000 -0.005614
5.850000 -0.005100
5.900000 -0.004608
5.950000 -0.004185
6.000000 -0.003775
6.050000 -0.003427
6.100000 -0.003084
6.150000 -0.002798
6.200000 -0.002514
6.250000 -0.002280
6.300000 -0.002045
6.350000 -0.001858
6.400000 -0.001665
6.450000 -0.001517
6.500000 -0.001360
6.550000 -0.001245
6.600000 -0.001118
6.650000 -0.001030
6.700000 -0.000927
6.750000 -0.000858
6.800000 -0.000772
6.850000 -0.000718
6.900000 -0.000644
6.950000 -0.000599
7.000000 -0.000534
7.050000 -0.000496
7.100000 -0.000436
7.150000 -0.000403
7.200000 -0.000348
7.250000 -0.000320
7.300000 -0.000271
7.350000 -0.000249
7.400000 -0.000207
7.450000 -0.000192
7.500000 -0.000158
7.550000 -0.000151
7.600000 -0.000124
7.650000 -0.000124
7.700000 -0.000105
7.750000 -0.000111
7.800000 -0.000097
7.850000 -0.000106
7.900000 -0.000094
7.950000 -0.000104
8.000000 -0.000091
8.050000 -0.000099
8.100000 -0.000084
8.150000 -0.000090
8.200000 -0.000072
8.250000 -0.000075
8.300000 -0.000055
8.350000 -0.000057
8.400000 -0.000037
8.450000 -0.000041
8.500000 -0.000025
8.550000 -0.000032
8.600000 -0.000022
8.650000 -0.000036
8.700000 -0.000033
8.750000 -0.000055
8.800000 -0.000060
8.850000 -0.000091
8.900000 -0.000106
8.950000 -0.000146
9.000000 -0.000171
9.050000 -0.000221
9.100000 -0.000258
9.150000 -0.000323
9.200000 -0.000378
9.250000 -0.000463
9.300000 -0.000545
9.350000 -0.000663
9.400000 -0.000787
9.450000 -0.000958
9.500000 -0.001147
9.550000 -0.001399
9.600000 -0.001688
9.650000 -0.002064
9.700000 -0.002505
9.750000 -0.003067
9.800000 -0.003734
9.850000 -0.004570
9.900000 -0.005572
9.950000 -0.006815
10.000000 -0.008310
10.050000 -0.010153
10.100000 -0.012378
10.150000 -0.015108
10.200000 -0.018414
10.250000 -0.022458
10.300000 -0.027365
10.350000 -0.033359
10.400000 -0.040640
10.450000 -0.049525
10.500000 -0.060327
10.550000 -0.073495
10.600000 -0.089505
10.650000 -0.109001
10.700000 -0.132695
10.750000 -0.161509
10.800000 -0.196490
10.850000 -0.238954
10.900000 -0.290411
10.950000 -0.352720
11.000000 -0.428012
11.050000 -0.518851
11.100000 -0.628155
11.150000 -0.759334
11.200000 -0.916189
11.250000 -1.102984
11.300000 -1.324267
11.350000 -1.584812
11.400000 -1.889250
11.450000 -2.241772
11.500000 -2.645451
11.550000 -3.101593
11.600000 -3.608695
11.650000 -4.161496
11.700000 -4.749837
11.750000 -5.357934
11.800000 -5.963975
11.850000 -6.540753
11.900000 -7.057201
11.950000 -7.481300
12.000000 -7.783710
12.050000 -7.941890
12.100000 -7.943465
12.150000 -7.788330
12.200000 -7.488584
12.250000 -7.066638
12.300000 -6.551692
12.350000 -5.975795
12.400000 -5.370020
12.450000 -4.761719
12.500000 -4.172777
12.550000 -3.619142
12.600000 -3.111040
12.650000 -2.653861
12.700000 -2.249130
12.750000 -1.895631
12.800000 -1.590275
12.850000 -1.328929
12.900000 -1.106921
12.950000 -0.919518
13.000000 -0.762126
13.050000 -0.630508
13.100000 -0.520816
13.150000 -0.429670
13.200000 -0.354100
13.250000 -0.291576
13.300000 -0.239918
13.350000 -0.197301
13.400000 -0.162171
13.450000 -0.133247
13.500000 -0.109439
13.550000 -0.089863
13.600000 -0.073765
13.650000 -0.060541
13.700000 -0.049673
13.750000 -0.040753
13.800000 -0.033425
13.850000 -0.027415
13.900000 -0.022480
13.950000 -0.018435
14.000000 -0.015116
14.050000 -0.012399
14.100000 -0.010169
14.150000 -0.008347
14.200000 -0.006851
14.250000 -0.005629
14.300000 -0.004627
14.350000 -0.003807
14.400000 -0.003133
14.450000 -0.002581
14.500000 -0.002124
14.550000 -0.001749
14.600000 -0.001438
14.650000 -0.001180
14.700000 -0.000964
14.750000 -0.000786
14.800000 -0.000636
14.850000 -0.000512
14.900000 -0.000408
14.950000 -0.000323
15.000000 -0.000254
15.050000 -0.000198
15.100000 -0.000155
15.150000 -0.000121
15.200000 -0.000097
15.250000 -0.000078
15.300000 -0.000068
15.350000 -0.000060
15.400000 -0.000058
15.450000 -0.000056
15.500000 -0.000057
15.550000 -0.000057
15.600000 -0.000059
15.650000 -0.000057
15.700000 -0.000057
15.750000 -0.000052
15.800000 -0.000048
15.850000 -0.000038
15.900000 -0.000031
15.950000 -0.000018
16.000000 -0.000009
16.050000 0.000005
16.100000 0.000014
16.150000 0.000026
16.200000 0.000031
16.250000 0.000039
16.300000 0.000039
16.350000 0.000041
16.400000 0.000034
16.450000 0.000031
16.500000 0.000019
16.550000 0.000012
16.600000 -0.000002
16.650000 -0.000010
16.700000 -0.000024
16.750000 -0.000029
16.800000 -0.000040
16.850000 -0.000040
16.900000 -0.000045
16.950000 -0.000039
17.000000 -0.000039
17.050000 -0.000028
17.100000 -0.000023
17.150000 -0.000009
17.200000 -0.000002
17.250000 0.000013
17.300000 0.000019
17.350000 0.000032
17.400000 0.000034
17.450000 0.000044
17.500000 0.000041
17.550000 0.000045
17.600000 0.000036
17.650000 0.000035
17.700000 0.000021
17.750000 0.000016
17.800000 -0.000001
17.850000 -0.000006
17.900000 -0.000023
17.950000 -0.000027
18.000000 -0.000041
18.050000 -0.000040
18.100000 -0.000049
18.150000 -0.000042
18.200000 -0.000045
18.250000 -0.000032
18.300000 -0.000030
18.350000 -0.000012
18.400000 -0.000007
18.450000 0.000012
18.500000 0.000017
18.550000 0.000034
18.600000 0.000035
18.650000 0.000048
18.700000 0.000043
18.750000 0.000050
18.800000 0.000039
18.850000 0.000041
18.900000 0.000024
18.950000 0.000021
19.000000 0.000001
19.050000 -0.000002
19.100000 -0.000022
19.150000 -0.000024
19.200000 -0.000041
19.250000 -0.000038
19.300000 -0.000051
19.350000 -0.000043
19.400000 -0.000050
19.450000 -0.000035
19.500000 -0.000037
19.550000 -0.000017
19.600000 -0.000016
19.650000 0.000006
19.700000 0.000008
19.750000 0.000030
19.800000 0.000030
19.850000 0.000048
19.900000 0.000043
19.950000 0.000056
20.000000 0.000044
20.050000 0.000050
20.100000 0.000032
20.150000 0.000033
20.200000 0.000010
20.250000 0.000009
20.300000 -0.000016
20.350000 -0.000017
20.400000 -0.000040
20.450000 -0.000037
20.500000 -0.000055
20.550000 -0.000046
20.600000 -0.000058
20.650000 -0.000042
20.700000 -0.000047
20.750000 -0.000025
20.800000 -0.000026
20.850000 -0.000001
20.900000 -0.000001
20.950000 0.000025
21.000000 0.000024
21.050000 0.000046
21.100000 0.000040
21.150000 0.000058
21.200000 0.000045
21.250000 0.000057
21.300000 0.000038
21.350000 0.000044
21.400000 0.000020
21.450000 0.000022
21.500000 -0.000004
21.550000 -0.000003
21.600000 -0.000030
21.650000 -0.000026
21.700000 -0.000050
21.750000 -0.000042
21.800000 -0.000061
21.850000 -0.000047
21.900000 -0.000059
21.950000 -0.000038
22.000000 -0.000045
22.050000 -0.000018
22.100000 -0.000020
22.150000 0.000009
22.200000 0.000008
22.250000 0.000037
22.300000 0.000032
22.350000 0.000058
22.400000 0.000047
22.450000 0.000066
22.500000 0.000048
22.550000 0.000060
22.600000 0.000035
22.650000 0.000041
22.700000 0.000011
22.750000 0.000014
22.800000 -0.000017
22.850000 -0.000014
22.900000 -0.000044
22.950000 -0.000036
23.000000 -0.000061
23.050000 -0.000048
23.100000 -0.000067
23.150000 -0.000046
23.200000 -0.000059
23.250000 -0.000032
23.300000 -0.000039
23.350000 -0.000008
23.400000 -0.000013
23.450000 0.000020
23.500000 0.000014
23.550000 0.000046
23.600000 0.000037
23.650000 0.000064
23.700000 0.000049
23.750000 0.000070
23.800000 0.000048
23.850000 0.000062
23.900000 0.000034
23.950000 0.000042
24.000000 0.000008
24.050000 0.000013
24.100000 -0.000023
24.150000 -0.000017
24.200000 -0.000051
24.250000 -0.000041
24.300000 -0.000070
24.350000 -0.000053
24.400000 -0.000075
24.450000 -0.000050
24.500000 -0.000064
24.550000 -0.000032
24.600000 -0.000041
24.650000 -0.000005
24.700000 -0.000011
24.750000 0.000026
24.800000 0.000018
24.850000 0.000053
24.900000 0.000040
24.950000 0.000070
25.000000 0.000050
25.050000 0.000073
25.100000 0.000046
25.150000 0.000061
25.200000 0.000027
25.250000 0.000036
25.300000 -0.000004
25.350000 0.000000
25.400000 -0.000043
25.450000 -0.000041
25.500000 -0.000086
25.550000 -0.000085
25.600000 -0.000132
25.650000 -0.000134
25.700000 -0.000187
25.750000 -0.000197
25.800000 -0.000265
25.850000 -0.000298
25.900000 -0.000401
25.950000 -0.000483
26.000000 -0.000656
26.050000 -0.000835
26.100000 -0.001141
26.150000 -0.001502
26.200000 -0.002052
26.250000 -0.002741
26.300000 -0.003733
26.350000 -0.005012
26.400000 -0.006797
26.450000 -0.009140
26.500000 -0.012352
26.550000 -0.016609
26.600000 -0.022391
26.650000 -0.030098
26.700000 -0.040516
26.750000 -0.054449
26.800000 -0.073226
26.850000 -0.098381
26.900000 -0.132214
26.950000 -0.177551
27.000000 -0.238408
27.050000 -0.319874
27.100000 -0.428933
27.150000 -0.574527
27.200000 -0.768580
27.250000 -1.026246
27.300000 -1.367053
27.350000 -1.815081
27.400000 -2.399659
27.450000 -3.154376
27.500000 -4.115444
27.550000 -5.316613
27.600000 -6.781212
27.650000 -8.508637
27.700000 -10.457615
27.750000 -12.528107
27.800000 -14.551945
27.850000 -16.302348
27.900000 -17.533546
27.950000 -18.044648
28.000000 -17.745644
28.050000 -16.689627
28.100000 -15.053735
28.150000 -13.078660
28.200000 -11.001372
28.250000 -9.007614
28.300000 -7.215213
28.350000 -5.679398
28.400000 -4.409845
28.450000 -3.388044
28.500000 -2.582078
28.550000 -1.955735
28.600000 -1.474510
28.650000 -1.107773
28.700000 -0.830121
28.750000 -0.620799
28.800000 -0.463629
28.850000 -0.345829
28.900000 -0.257798
28.950000 -0.192013
29.000000 -0.142996
29.050000 -0.106407
29.100000 -0.079203
29.150000 -0.058891
29.200000 -0.043822
29.250000 -0.032551
29.300000 -0.024216
29.350000 -0.017959
29.400000 -0.013358
29.450000 -0.009880
29.500000 -0.007349
29.550000 -0.005414
29.600000 -0.004032
29.650000 -0.002953
29.700000 -0.002211
29.750000 -0.001610
29.800000 -0.001225
29.850000 -0.000889
29.900000 -0.000701
29.950000 -0.000511
30.000000 -0.000430
30.050000 -0.000317
30.100000 -0.000291
30.150000 -0.000217
30.200000 -0.000216
30.250000 -0.000158
30.300000 -0.000166
30.350000 -0.000111
30.400000 -0.000121
30.450000 -0.000065
30.500000 -0.000074
30.550000 -0.000018
30.600000 -0.000027
30.650000 0.000028
30.700000 0.000016
30.750000 0.000066
30.800000 0.000048
30.850000 0.000092
30.900000 0.000065
30.950000 0.000101
31.000000 0.000066
31.050000 0.000092
31.100000 0.000049
31.150000 0.000069
31.200000 0.000020
31.250000 0.000035
31.300000 -0.000017
31.350000 -0.000003
31.400000 -0.000055
31.450000 -0.000038
31.500000 -0.000085
31.550000 -0.000063
31.600000 -0.000103
31.650000 -0.000073
31.700000 -0.000105
31.750000 -0.000065
31.800000 -0.000088
31.850000 -0.000040
31.900000 -0.000057
31.950000 -0.000004
32.000000 -0.000017
32.050000 0.000038
32.100000 0.000024
32.150000 0.000076
32.200000 0.000057
32.250000 0.000103
32.300000 0.000076
32.350000 0.000112
32.400000 0.000075
32.450000 0.000102
32.500000 0.000056
32.550000 0.000075
32.600000 0.000023
32.650000 0.000037
32.700000 -0.000019
32.750000 -0.000005
32.800000 -0.000059
32.850000 -0.000042
32.900000 -0.000091
32.950000 -0.000068
33.000000 -0.000110
33.050000 -0.000078
33.100000 -0.000111
33.150000 -0.000070
33.200000 -0.000095
33.250000 -0.000046
33.300000 -0.000065
33.350000 -0.000010
33.400000 -0.000025
33.450000 0.000032
33.500000 0.000018
33.550000 0.000073
33.600000 0.000055
33.650000 0.000104
33.700000 0.000079
33.750000 0.000120
33.800000 0.000084
33.850000 0.000115
33.900000 0.000070
33.950000 0.000091
34.000000 0.000038
34.050000 0.000053
34.100000 -0.000006
34.150000 0.000007
34.200000 -0.000052
34.250000 -0.000037
34.300000 -0.000091
34.350000 -0.000069
34.400000 -0.000116
34.450000 -0.000085
34.500000 -0.000122
34.550000 -0.000082
34.600000 -0.000110
34.650000 -0.000061
34.700000 -0.000081
34.750000 -0.000026
34.800000 -0.000041
34.850000 0.000017
34.900000 0.000003
34.950000 0.000061
35.000000 0.000044
35.050000 0.000098
35.100000 0.000075
35.150000 0.000121
35.200000 0.000090
35.250000 0.000127
35.300000 0.000085
35.350000 0.000112
35.400000 0.000061
35.450000 0.000080
35.500000 0.000021
35.550000 0.000035
35.600000 -0.000026
35.650000 -0.000013
35.700000 -0.000073
35.750000 -0.000057
35.800000 -0.000111
35.850000 -0.000086
35.900000 -0.000131
35.950000 -0.000096
36.000000 -0.000131
36.050000 -0.000085
36.100000 -0.000110
36.150000 -0.000056
36.200000 -0.000073
36.250000 -0.000013
36.300000 -0.000027
36.350000 0.000035
36.400000 0.000021
36.450000 0.000080
36.500000 0.000062
36.550000 0.000115
36.600000 0.000089
36.650000 0.000134
36.700000 0.000098
36.750000 0.000133
36.800000 0.000087
36.850000 0.000113
36.900000 0.000058
36.950000 0.000076
37.000000 0.000015
37.050000 0.000029
37.100000 -0.000035
37.150000 -0.000021
37.200000 -0.000083
37.250000 -0.000066
37.300000 -0.000122
37.350000 -0.000096
37.400000 -0.000143
37.450000 -0.000107
37.500000 -0.000142
37.550000 -0.000095
37.600000 -0.000119
37.650000 -0.000062
37.700000 -0.000078
37.750000 -0.000014
37.800000 -0.000027
37.850000 0.000039
37.900000 0.000026
37.950000 0.000089
38.000000 0.000071
38.050000 0.000127
38.100000 0.000099
38.150000 0.000145
38.200000 0.000108
38.250000 0.000143
38.300000 0.000095
38.350000 0.000121
38.400000 0.000064
38.450000 0.000083
38.500000 0.000020
38.550000 0.000035
38.600000 -0.000031
38.650000 -0.000016
38.700000 -0.000081
38.750000 -0.000063
38.800000 -0.000123
38.850000 -0.000098
38.900000 -0.000149
38.950000 -0.000115
39.000000 -0.000155
39.050000 -0.000109
39.100000 -0.000137
39.150000 -0.000080
39.200000 -0.000099
39.250000 -0.000034
39.300000 -0.000047
39.350000 0.000023
39.400000 0.000011
39.450000 0.000079
39.500000 0.000063
39.550000 0.000126
39.600000 0.000102
39.650000 0.000154
39.700000 0.000119
39.750000 0.000161
39.800000 0.000114
39.850000 0.000145
39.900000 0.000088
39.950000 0.000109
40.000000 0.000045
40.050000 0.000061
40.100000 -0.000008
40.150000 0.000006
40.200000 -0.000063
40.250000 -0.000047
40.300000 -0.000112
40.350000 -0.000091
40.400000 -0.000148
40.450000 -0.000118
40.500000 -0.000166
40.550000 -0.000124
40.600000 -0.000161
40.650000 -0.000108
40.700000 -0.000134
40.750000 -0.000070
40.800000 -0.000088
40.850000 -0.000017
40.900000 -0.000030
40.950000 0.000043
41.000000 0.000031
41.050000 0.000101
41.100000 0.000084
41.150000 0.000148
41.200000 0.000120
41.250000 0.000174
41.300000 0.000134
41.350000 0.000175
41.400000 0.000123
41.450000 0.000152
41.500000 0.000089
41.550000 0.000109
41.600000 0.000039
41.650000 0.000053
41.700000 -0.000021
41.750000 -0.000007
41.800000 -0.000079
41.850000 -0.000062
41.900000 -0.000129
41.950000 -0.000105
42.000000 -0.000164
42.050000 -0.000130
42.100000 -0.000178
42.150000 -0.000133
42.200000 -0.000171
42.250000 -0.000115
42.300000 -0.000142
42.350000 -0.000076
42.400000 -0.000095
42.450000 -0.000022
42.500000 -0.000035
42.550000 0.000041
42.600000 0.000028
42.650000 0.000104
42.700000 0.000086
42.750000 0.000155
42.800000 0.000129
42.850000 0.000187
42.900000 0.000148
42.950000 0.000193
43.000000 0.000141
43.050000 0.000173
43.100000 0.000109
43.150000 0.000130
43.200000 0.000057
43.250000 0.000072
43.300000 -0.000006
43.350000 0.000007
43.400000 -0.000071
43.450000 -0.000054
43.500000 -0.000127
43.550000 -0.000104
43.600000 -0.000169
43.650000 -0.000136
43.700000 -0.000191
43.750000 -0.000147
43.800000 -0.000190
43.850000 -0.000134
43.900000 -0.000166
43.950000 -0.000098
44.000000 -0.000120
44.050000 -0.000043
44.100000 -0.000058
44.150000 0.000025
44.200000 0.000014
44.250000 0.000097
44.300000 0.000085
44.350000 0.000165
44.400000 0.000145
44.450000 0.000217
44.500000 0.000186
44.550000 0.000246
44.600000 0.000202
44.650000 0.000247
44.700000 0.000189
44.750000 0.000221
44.800000 0.000149
44.850000 0.000168
44.900000 0.000084
44.950000 0.000093
