-30.000000 -0.002246
-29.950000 -0.001844
-29.900000 -0.003692
-29.850000 -0.002899
-29.800000 -0.004367
-29.750000 -0.003207
-29.700000 -0.004328
-29.650000 -0.002845
-29.600000 -0.003674
-29.550000 -0.001933
-29.500000 -0.002545
-29.450000 -0.000630
-29.400000 -0.001117
-29.350000 0.000873
-29.300000 0.000409
-29.250000 0.002369
-29.200000 0.001823
-29.150000 0.003655
-29.100000 0.002936
-29.050000 0.004558
-29.000000 0.003597
-28.950000 0.004954
-28.900000 0.003714
-28.850000 0.004788
-28.800000 0.003269
-28.750000 0.004078
-28.700000 0.002316
-28.650000 0.002914
-28.600000 0.000976
-28.550000 0.001441
-28.500000 -0.000583
-28.450000 -0.000156
-28.400000 -0.002169
-28.350000 -0.001681
-28.300000 -0.003589
-28.250000 -0.002951
-28.200000 -0.004670
-28.150000 -0.003811
-28.100000 -0.005284
-28.050000 -0.004158
-28.000000 -0.005352
-27.950000 -0.003942
-27.900000 -0.004857
-27.850000 -0.003180
-27.800000 -0.003848
-27.750000 -0.001949
-27.700000 -0.002430
-27.650000 -0.000385
-27.600000 -0.000764
-27.550000 0.001335
-27.500000 0.000958
-27.450000 0.003007
-27.400000 0.002527
-27.350000 0.004426
-27.300000 0.003751
-27.250000 0.005416
-27.200000 0.004475
-27.150000 0.005850
-27.100000 0.004604
-27.050000 0.005669
-27.000000 0.004117
-26.950000 0.004890
-26.900000 0.003068
-26.850000 0.003602
-26.800000 0.001577
-26.750000 0.001953
-26.700000 -0.000183
-26.650000 0.000132
-26.600000 -0.002014
-26.550000 -0.001656
-26.500000 -0.003710
-26.450000 -0.003212
-26.400000 -0.005081
-26.350000 -0.004360
-26.300000 -0.005974
-26.250000 -0.004972
-26.200000 -0.006285
-26.150000 -0.004970
-26.100000 -0.005969
-26.050000 -0.004345
-26.000000 -0.005049
-25.950000 -0.003152
-25.900000 -0.003612
-25.850000 -0.001508
-25.800000 -0.001807
-25.750000 0.000410
-25.700000 0.000173
-25.650000 0.002395
-25.600000 0.002105
-25.550000 0.004220
-25.500000 0.003769
-25.450000 0.005675
-25.400000 0.004973
-25.350000 0.006592
-25.300000 0.005575
-25.250000 0.006861
-25.200000 0.005504
-25.150000 0.006450
-25.100000 0.004764
-25.050000 0.005402
-25.000000 0.003435
-24.950000 0.003827
-24.900000 0.001657
-24.850000 0.001891
-24.800000 -0.000386
-24.750000 -0.000205
-24.700000 -0.002483
-24.650000 -0.002248
-24.600000 -0.004419
-24.550000 -0.004027
-24.500000 -0.005994
-24.450000 -0.005356
-24.400000 -0.007040
-24.350000 -0.006089
-24.300000 -0.007439
-24.250000 -0.006139
-24.200000 -0.007134
-24.150000 -0.005484
-24.100000 -0.006141
-24.050000 -0.004176
-24.000000 -0.004548
-23.950000 -0.002336
-23.900000 -0.002508
-23.850000 -0.000150
-23.800000 -0.000231
-23.750000 0.002159
-23.700000 0.002048
-23.650000 0.004347
-23.600000 0.004088
-23.550000 0.006184
-23.500000 0.005675
-23.450000 0.007478
-23.400000 0.006643
-23.350000 0.008096
-23.300000 0.006894
-23.250000 0.007973
-23.200000 0.006401
-23.150000 0.007122
-23.100000 0.005212
-23.050000 0.005621
-23.000000 0.003435
-22.950000 0.003609
-22.900000 0.001234
-22.850000 0.001270
-22.800000 -0.001187
-22.750000 -0.001178
-22.700000 -0.003604
-22.650000 -0.003507
-22.600000 -0.005786
-22.550000 -0.005489
-22.500000 -0.007517
-22.450000 -0.006924
-22.400000 -0.008617
-22.350000 -0.007659
-22.300000 -0.008964
-22.250000 -0.007605
-22.200000 -0.008507
-22.150000 -0.006752
-22.100000 -0.007275
-22.050000 -0.005169
-22.000000 -0.005377
-21.950000 -0.003003
-21.900000 -0.002992
-21.850000 -0.000457
-21.800000 -0.000346
-21.750000 0.002226
-21.700000 0.002312
-21.650000 0.004794
-21.600000 0.004732
-21.550000 0.007010
-21.500000 0.006693
-21.450000 0.008670
-21.400000 0.008016
-21.350000 0.009626
-21.300000 0.008583
-21.250000 0.009787
-21.200000 0.008335
-21.150000 0.009132
-21.100000 0.007283
-21.050000 0.007702
-21.000000 0.005503
-20.950000 0.005606
-20.900000 0.003135
-20.850000 0.003014
-20.800000 0.000375
-20.750000 0.000144
-20.700000 -0.002540
-20.650000 -0.002752
-20.600000 -0.005350
-20.550000 -0.005412
-20.500000 -0.007796
-20.450000 -0.007587
-20.400000 -0.009648
-20.350000 -0.009073
-20.300000 -0.010730
-20.250000 -0.009727
-20.200000 -0.010937
-20.150000 -0.009483
-20.100000 -0.010246
-20.050000 -0.008359
-20.000000 -0.008711
-19.950000 -0.006448
-19.900000 -0.006464
-19.850000 -0.003912
-19.800000 -0.003689
-19.750000 -0.000957
-19.700000 -0.000613
-19.650000 0.002176
-19.600000 0.002516
-19.550000 0.005236
-19.500000 0.005446
-19.450000 0.007976
-19.400000 0.007941
-19.350000 0.010170
-19.300000 0.009790
-19.250000 0.011631
-19.200000 0.010830
-19.150000 0.012222
-19.100000 0.010956
-19.050000 0.011872
-19.000000 0.010133
-18.950000 0.010588
-18.900000 0.008410
-18.850000 0.008455
-18.800000 0.005911
-18.750000 0.005636
-18.700000 0.002831
-18.650000 0.002355
-18.600000 -0.000582
-18.550000 -0.001123
-18.500000 -0.004053
-18.450000 -0.004519
-18.400000 -0.007305
-18.350000 -0.007563
-18.300000 -0.010080
-18.250000 -0.010017
-18.200000 -0.012163
-18.150000 -0.011691
-18.100000 -0.013393
-18.050000 -0.012453
-18.000000 -0.013669
-17.950000 -0.012238
-17.900000 -0.012960
-17.850000 -0.011046
-17.800000 -0.011302
-17.750000 -0.008949
-17.700000 -0.008798
-17.650000 -0.006084
-17.600000 -0.005618
-17.550000 -0.002647
-17.500000 -0.001983
-17.450000 0.001117
-17.400000 0.001842
-17.350000 0.004929
-17.300000 0.005571
-17.250000 0.008501
-17.200000 0.008919
-17.150000 0.011558
-17.100000 0.011627
-17.050000 0.013862
-17.000000 0.013485
-16.950000 0.015235
-16.900000 0.014349
-16.850000 0.015572
-16.800000 0.014153
-16.750000 0.014843
-16.700000 0.012908
-16.650000 0.013098
-16.600000 0.010695
-16.550000 0.010452
-16.500000 0.007660
-16.450000 0.007075
-16.400000 0.003998
-16.350000 0.003184
-16.300000 -0.000057
-16.250000 -0.000971
-16.200000 -0.004242
-16.150000 -0.005120
-16.100000 -0.008281
-16.050000 -0.008983
-16.000000 -0.011897
-15.950000 -0.012289
-15.900000 -0.014829
-15.850000 -0.014796
-15.800000 -0.016859
-15.750000 -0.016311
-15.700000 -0.017825
-15.650000 -0.016708
-15.600000 -0.017639
-15.550000 -0.015941
-15.500000 -0.016297
-15.450000 -0.014048
-15.400000 -0.013881
-15.350000 -0.011150
-15.300000 -0.010545
-15.250000 -0.007433
-15.200000 -0.006505
-15.150000 -0.003138
-15.100000 -0.002020
-15.050000 0.001464
-15.000000 0.002632
-14.950000 0.006091
-14.900000 0.007166
-14.850000 0.010462
-14.800000 0.011312
-14.750000 0.014315
-14.700000 0.014817
-14.650000 0.017414
-14.600000 0.017464
-14.550000 0.019562
-14.500000 0.019077
-14.450000 0.020607
-14.400000 0.019534
-14.350000 0.020458
-14.300000 0.018778
-14.250000 0.019095
-14.200000 0.016826
-14.150000 0.016574
-14.100000 0.013772
-14.050000 0.013027
-14.000000 0.009785
-13.950000 0.008655
-13.900000 0.005095
-13.850000 0.003713
-13.800000 -0.000023
-13.750000 -0.001509
-13.700000 -0.005270
-13.650000 -0.006710
-13.600000 -0.010346
-13.550000 -0.011592
-13.500000 -0.014962
-13.450000 -0.015882
-13.400000 -0.018861
-13.350000 -0.019338
-13.300000 -0.021821
-13.250000 -0.021762
-13.200000 -0.023670
-13.150000 -0.023009
-13.100000 -0.024287
-13.050000 -0.022985
-13.000000 -0.023613
-12.950000 -0.021666
-12.900000 -0.021654
-12.850000 -0.019091
-12.800000 -0.018488
-12.750000 -0.015374
-12.700000 -0.014263
-12.650000 -0.010697
-12.600000 -0.009192
-12.550000 -0.005303
-12.500000 -0.003543
-12.450000 0.000520
-12.400000 0.002380
-12.350000 0.006460
-12.300000 0.008263
-12.250000 0.012205
-12.200000 0.013799
-12.150000 0.017458
-12.100000 0.018708
-12.050000 0.021960
-12.000000 0.022752
-11.950000 0.025494
-11.900000 0.025737
-11.850000 0.027889
-11.800000 0.027517
-11.750000 0.029025
-11.700000 0.027995
-11.650000 0.028831
-11.600000 0.027127
-11.550000 0.027287
-11.500000 0.024920
-11.450000 0.024431
-11.400000 0.021444
-11.350000 0.020363
-11.300000 0.016828
-11.250000 0.015242
-11.200000 0.011262
-11.150000 0.009287
-11.100000 0.004990
-11.050000 0.002766
-11.000000 -0.001702
-10.950000 -0.004021
-10.900000 -0.008501
-10.850000 -0.010758
-10.800000 -0.015092
-10.750000 -0.017130
-10.700000 -0.021169
-10.650000 -0.022847
-10.600000 -0.026458
-10.550000 -0.027653
-10.500000 -0.030724
-10.450000 -0.031336
-10.400000 -0.033778
-10.350000 -0.033731
-10.300000 -0.035480
-10.250000 -0.034722
-10.200000 -0.035740
-10.150000 -0.034245
-10.100000 -0.034519
-10.050000 -0.032288
-10.000000 -0.031835
-9.950000 -0.028900
-9.900000 -0.027766
-9.850000 -0.024191
-9.800000 -0.022455
-9.750000 -0.018332
-9.700000 -0.016102
-9.650000 -0.011553
-9.600000 -0.008961
-9.550000 -0.004127
-9.500000 -0.001321
-9.450000 0.003646
-9.400000 0.006513
-9.350000 0.011459
-9.300000 0.014235
-9.250000 0.019015
-9.200000 0.021559
-9.150000 0.026037
-9.100000 0.028223
-9.050000 0.032281
-9.000000 0.033999
-8.950000 0.037536
-8.900000 0.038693
-8.850000 0.041624
-8.800000 0.042143
-8.750000 0.044400
-8.700000 0.044220
-8.650000 0.045751
-8.600000 0.044830
-8.550000 0.045602
-8.500000 0.043918
-8.450000 0.043920
-8.400000 0.041475
-8.350000 0.040723
-8.300000 0.037545
-8.250000 0.036081
-8.200000 0.032228
-8.150000 0.030122
-8.100000 0.025676
-8.050000 0.023022
-8.000000 0.018088
-7.950000 0.015001
-7.900000 0.009699
-7.850000 0.006304
-7.800000 0.000764
-7.750000 -0.002808
-7.700000 -0.008454
-7.650000 -0.012070
-7.600000 -0.017689
-7.550000 -0.021217
-7.500000 -0.026680
-7.450000 -0.029990
-7.400000 -0.035166
-7.350000 -0.038130
-7.300000 -0.042893
-7.250000 -0.045388
-7.200000 -0.049617
-7.150000 -0.051525
-7.100000 -0.055108
-7.050000 -0.056326
-7.000000 -0.059170
-6.950000 -0.059613
-6.900000 -0.061645
-6.850000 -0.061254
-6.800000 -0.062430
-6.750000 -0.061178
-6.700000 -0.061484
-6.650000 -0.059371
-6.600000 -0.058825
-6.550000 -0.055883
-6.500000 -0.054529
-6.450000 -0.050815
-6.400000 -0.048718
-6.350000 -0.044305
-6.300000 -0.041547
-6.250000 -0.036522
-6.200000 -0.033194
-6.150000 -0.027650
-6.100000 -0.023848
-6.050000 -0.017884
-6.000000 -0.013709
-5.950000 -0.007430
-5.900000 -0.002988
-5.850000 0.003500
-5.800000 0.008097
-5.750000 0.014679
-5.700000 0.019318
-5.650000 0.025877
-5.600000 0.030439
-5.550000 0.036860
-5.500000 0.041232
-5.450000 0.047404
-5.400000 0.051482
-5.350000 0.057309
-5.300000 0.061003
-5.250000 0.066403
-5.200000 0.069640
-5.150000 0.074548
-5.100000 0.077272
-5.050000 0.081640
-5.000000 0.083808
-4.950000 0.087600
-4.900000 0.089181
-4.850000 0.092366
-4.800000 0.093332
-4.750000 0.095886
-4.700000 0.096214
-4.650000 0.098113
-4.600000 0.097779
-4.550000 0.099002
-4.500000 0.097987
-4.450000 0.098516
-4.400000 0.096805
-4.350000 0.096629
-4.300000 0.094216
-4.250000 0.093334
-4.200000 0.090222
-4.150000 0.088643
-4.100000 0.084849
-4.050000 0.082594
-4.000000 0.078141
-3.950000 0.075237
-3.900000 0.070155
-3.850000 0.066633
-3.800000 0.060953
-3.750000 0.056842
-3.700000 0.050592
-3.650000 0.045919
-3.600000 0.039122
-3.550000 0.033910
-3.500000 0.026590
-3.450000 0.020863
-3.400000 0.013045
-3.350000 0.006830
-3.300000 -0.001454
-3.250000 -0.008119
-3.200000 -0.016824
-3.150000 -0.023889
-3.100000 -0.032960
-3.050000 -0.040362
-3.000000 -0.049731
-2.950000 -0.057399
-2.900000 -0.066990
-2.850000 -0.074846
-2.800000 -0.084579
-2.750000 -0.092543
-2.700000 -0.102341
-2.650000 -0.110335
-2.600000 -0.120120
-2.550000 -0.128067
-2.500000 -0.137763
-2.450000 -0.145589
-2.400000 -0.155122
-2.350000 -0.162749
-2.300000 -0.172039
-2.250000 -0.179388
-2.200000 -0.188350
-2.150000 -0.195332
-2.100000 -0.203877
-2.050000 -0.210398
-2.000000 -0.218431
-1.950000 -0.224397
-1.900000 -0.231824
-1.850000 -0.237144
-1.800000 -0.243877
-1.750000 -0.248470
-1.700000 -0.254438
-1.650000 -0.258241
-1.600000 -0.263389
-1.550000 -0.266359
-1.500000 -0.270656
-1.450000 -0.272769
-1.400000 -0.276199
-1.350000 -0.277449
-1.300000 -0.280014
-1.250000 -0.280406
-1.200000 -0.282115
-1.150000 -0.281663
-1.100000 -0.282531
-1.050000 -0.281255
-1.000000 -0.281305
-0.950000 -0.279230
-0.900000 -0.278492
-0.850000 -0.275653
-0.800000 -0.274169
-0.750000 -0.270614
-0.700000 -0.268438
-0.650000 -0.264229
-0.600000 -0.261432
-0.550000 -0.256646
-0.500000 -0.253310
-0.450000 -0.248035
-0.400000 -0.244252
-0.350000 -0.238581
-0.300000 -0.234442
-0.250000 -0.228467
-0.200000 -0.224064
-0.150000 -0.217869
-0.100000 -0.213280
-0.050000 -0.206939
0.000000 -0.202232
0.050000 -0.195807
0.100000 -0.191036
0.150000 -0.184578
0.200000 -0.179791
0.250000 -0.173343
0.300000 -0.168583
0.350000 -0.162187
0.400000 -0.157495
0.450000 -0.151195
0.500000 -0.146617
0.550000 -0.140458
0.600000 -0.136038
0.650000 -0.130064
0.700000 -0.125846
0.750000 -0.120097
0.800000 -0.116115
0.850000 -0.110620
0.900000 -0.106897
0.950000 -0.101672
1.000000 -0.098218
1.050000 -0.093266
1.100000 -0.090078
1.150000 -0.085394
1.200000 -0.082461
1.250000 -0.078031
1.300000 -0.075343
1.350000 -0.071157
1.400000 -0.068703
1.450000 -0.064755
1.500000 -0.062534
1.550000 -0.058826
1.600000 -0.056843
1.650000 -0.053381
1.700000 -0.051646
1.750000 -0.048444
1.800000 -0.046970
1.850000 -0.044040
1.900000 -0.042837
1.950000 -0.040188
2.000000 -0.039264
2.050000 -0.036900
2.100000 -0.036259
2.150000 -0.034183
2.200000 -0.033824
2.250000 -0.032038
2.300000 -0.031969
2.350000 -0.030484
2.400000 -0.030722
2.450000 -0.029564
2.500000 -0.030144
2.550000 -0.029362
2.600000 -0.030348
2.650000 -0.030018
2.700000 -0.031500
2.750000 -0.031729
2.800000 -0.033831
2.850000 -0.034760
2.900000 -0.037639
2.950000 -0.039442
3.000000 -0.043294
3.050000 -0.046190
3.100000 -0.051257
3.150000 -0.055516
3.200000 -0.062104
3.250000 -0.068072
3.300000 -0.076569
3.350000 -0.084685
3.400000 -0.095592
3.450000 -0.106426
3.500000 -0.120386
3.550000 -0.134665
3.600000 -0.152501
3.650000 -0.171148
3.700000 -0.193892
3.750000 -0.218060
3.800000 -0.246991
3.850000 -0.278087
3.900000 -0.314747
3.950000 -0.354451
4.000000 -0.400654
4.050000 -0.450907
4.100000 -0.508707
4.150000 -0.571657
4.200000 -0.643262
4.250000 -0.721132
4.300000 -0.808724
4.350000 -0.903575
4.400000 -1.008996
4.450000 -1.122332
4.500000 -1.246600
4.550000 -1.378783
4.600000 -1.521419
4.650000 -1.670923
4.700000 -1.829139
4.750000 -1.991714
4.800000 -2.159622
4.850000 -2.327615
4.900000 -2.495754
4.950000 -2.657950
5.000000 -2.813536
5.050000 -2.955918
5.100000 -3.084183
5.150000 -3.191860
5.200000 -3.278521
5.250000 -3.338604
5.300000 -3.372949
5.350000 -3.377595
5.400000 -3.355181
5.450000 -3.303657
5.500000 -3.227511
5.550000 -3.126399
5.600000 -3.006207
5.650000 -2.867656
5.700000 -2.717277
5.750000 -2.556064
5.800000 -2.390426
5.850000 -2.220953
5.900000 -2.053392
5.950000 -1.887534
6.000000 -1.728217
6.050000 -1.574327
6.100000 -1.429802
6.150000 -1.292725
6.200000 -1.166293
6.250000 -1.047977
6.300000 -0.940451
6.350000 -0.840788
6.400000 -0.751334
6.450000 -0.668944
6.500000 -0.595795
6.550000 -0.528659
6.600000 -0.469651
6.650000 -0.415543
6.700000 -0.368456
6.750000 -0.325214
6.800000 -0.287977
6.850000 -0.253640
6.900000 -0.224419
6.950000 -0.197289
7.000000 -0.174518
7.050000 -0.153159
7.100000 -0.135529
7.150000 -0.118751
7.200000 -0.105184
7.250000 -0.092013
7.300000 -0.081629
7.350000 -0.071274
7.400000 -0.063366
7.450000 -0.055193
7.500000 -0.049196
7.550000 -0.042706
7.600000 -0.038180
7.650000 -0.032987
7.700000 -0.029593
7.750000 -0.025403
7.800000 -0.022888
7.850000 -0.019481
7.900000 -0.017657
7.950000 -0.014871
8.000000 -0.013597
8.050000 -0.011310
8.100000 -0.010478
8.150000 -0.008594
8.200000 -0.008117
8.250000 -0.006554
8.300000 -0.006356
8.350000 -0.005043
8.400000 -0.005055
8.450000 -0.003927
8.500000 -0.004088
8.550000 -0.003087
8.600000 -0.003344
8.650000 -0.002424
8.700000 -0.002735
8.750000 -0.001863
8.800000 -0.002205
8.850000 -0.001363
8.900000 -0.001726
8.950000 -0.000912
9.000000 -0.001299
9.050000 -0.000521
9.100000 -0.000944
9.150000 -0.000214
9.200000 -0.000683
9.250000 -0.000010
9.300000 -0.000530
9.350000 0.000087
9.400000 -0.000480
9.450000 0.000091
9.500000 -0.000508
9.550000 0.000035
9.600000 -0.000574
9.650000 -0.000037
9.700000 -0.000634
9.750000 -0.000083
9.800000 -0.000652
9.850000 -0.000074
9.900000 -0.000607
9.950000 -0.000000
10.000000 -0.000502
10.050000 0.000124
10.100000 -0.000358
10.150000 0.000271
10.200000 -0.000212
10.250000 0.000402
10.300000 -0.000099
10.350000 0.000481
10.400000 -0.000051
10.450000 0.000489
10.500000 -0.000078
10.550000 0.000422
10.600000 -0.000172
10.650000 0.000301
10.700000 -0.000304
10.750000 0.000162
10.800000 -0.000433
10.850000 0.000048
10.900000 -0.000517
10.950000 -0.000007
11.000000 -0.000529
11.050000 0.000017
11.100000 -0.000464
11.150000 0.000113
11.200000 -0.000338
11.250000 0.000253
11.300000 -0.000188
11.350000 0.000394
11.400000 -0.000059
11.450000 0.000494
11.500000 0.000011
11.550000 0.000523
11.600000 0.000003
11.650000 0.000472
11.700000 -0.000081
11.750000 0.000355
11.800000 -0.000215
11.850000 0.000207
11.900000 -0.000359
11.950000 0.000069
12.000000 -0.000473
12.050000 -0.000019
12.100000 -0.000522
12.150000 -0.000032
12.200000 -0.000491
12.250000 0.000034
12.300000 -0.000388
12.350000 0.000160
12.400000 -0.000241
12.450000 0.000311
12.500000 -0.000090
12.550000 0.000444
12.600000 0.000022
12.650000 0.000518
12.700000 0.000061
12.750000 0.000512
12.800000 0.000015
12.850000 0.000423
12.900000 -0.000103
12.950000 0.000276
13.000000 -0.000261
13.050000 0.000113
13.100000 -0.000411
13.150000 -0.000020
13.200000 -0.000509
13.250000 -0.000083
13.300000 -0.000525
13.350000 -0.000058
13.400000 -0.000453
13.450000 0.000048
13.500000 -0.000314
13.550000 0.000204
13.600000 -0.000146
13.650000 0.000364
13.700000 0.000003
13.750000 0.000483
13.800000 0.000090
13.850000 0.000526
13.900000 0.000093
13.950000 0.000481
14.000000 0.000011
14.050000 0.000360
14.100000 -0.000134
14.150000 0.000195
14.200000 -0.000300
14.250000 0.000031
14.300000 -0.000443
14.350000 -0.000087
14.400000 -0.000521
14.450000 -0.000126
14.500000 -0.000511
14.550000 -0.000075
14.600000 -0.000414
14.650000 0.000055
14.700000 -0.000254
14.750000 0.000227
14.800000 -0.000074
14.850000 0.000394
14.900000 0.000075
14.950000 0.000507
15.000000 0.000151
15.050000 0.000533
15.100000 0.000132
15.150000 0.000462
15.200000 0.000022
15.250000 0.000313
15.300000 -0.000149
15.350000 0.000126
15.400000 -0.000331
15.450000 -0.000046
15.500000 -0.000473
15.550000 -0.000155
15.600000 -0.000535
15.650000 -0.000173
15.700000 -0.000499
15.750000 -0.000094
15.800000 -0.000375
15.850000 0.000059
15.900000 -0.000196
15.950000 0.000245
16.000000 -0.000009
16.050000 0.000412
16.100000 0.000135
16.150000 0.000516
16.200000 0.000199
16.250000 0.000528
16.300000 0.000165
16.350000 0.000442
16.400000 0.000040
16.450000 0.000280
16.500000 -0.000141
16.550000 0.000084
16.600000 -0.000332
16.650000 -0.000096
16.700000 -0.000481
16.750000 -0.000210
16.800000 -0.000544
16.850000 -0.000226
16.900000 -0.000503
16.950000 -0.000137
17.000000 -0.000366
17.050000 0.000032
17.100000 -0.000168
17.150000 0.000237
17.200000 0.000037
17.250000 0.000421
17.300000 0.000194
17.350000 0.000533
17.400000 0.000260
17.450000 0.000541
17.500000 0.000217
17.550000 0.000442
17.600000 0.000077
17.650000 0.000263
17.700000 -0.000121
17.750000 0.000051
17.800000 -0.000326
17.850000 -0.000140
17.900000 -0.000482
17.950000 -0.000259
18.000000 -0.000549
18.050000 -0.000276
18.100000 -0.000508
18.150000 -0.000187
18.200000 -0.000369
18.250000 -0.000014
18.300000 -0.000165
18.350000 0.000200
18.400000 0.000052
18.450000 0.000398
18.500000 0.000226
18.550000 0.000529
18.600000 0.000311
18.650000 0.000556
18.700000 0.000285
18.750000 0.000469
18.800000 0.000151
18.850000 0.000289
18.900000 -0.000057
18.950000 0.000060
19.000000 -0.000284
19.050000 -0.000158
19.100000 -0.000471
19.150000 -0.000308
19.200000 -0.000566
19.250000 -0.000349
19.300000 -0.000543
19.350000 -0.000270
19.400000 -0.000406
19.450000 -0.000091
19.500000 -0.000190
19.550000 0.000140
19.600000 0.000048
19.650000 0.000363
19.700000 0.000249
19.750000 0.000521
19.800000 0.000362
19.850000 0.000573
19.900000 0.000357
19.950000 0.000506
20.000000 0.000238
20.050000 0.000335
20.100000 0.000034
20.150000 0.000102
20.200000 -0.000206
20.250000 -0.000137
20.300000 -0.000421
20.350000 -0.000322
20.400000 -0.000556
20.450000 -0.000406
20.500000 -0.000576
20.550000 -0.000367
20.600000 -0.000473
20.650000 -0.000213
20.700000 -0.000270
20.750000 0.000020
20.800000 -0.000014
20.850000 0.000274
20.900000 0.000228
20.950000 0.000483
21.000000 0.000397
21.050000 0.000593
21.100000 0.000447
21.150000 0.000573
21.200000 0.000366
21.250000 0.000427
21.300000 0.000172
21.350000 0.000190
21.400000 -0.000086
21.450000 -0.000079
21.500000 -0.000341
21.550000 -0.000312
21.600000 -0.000531
21.650000 -0.000453
21.700000 -0.000606
21.750000 -0.000466
21.800000 -0.000550
21.850000 -0.000350
21.900000 -0.000374
21.950000 -0.000132
22.000000 -0.000121
22.050000 0.000134
22.100000 0.000150
22.150000 0.000386
22.200000 0.000375
22.250000 0.000562
22.300000 0.000498
22.350000 0.000618
22.400000 0.000490
22.450000 0.000538
22.500000 0.000349
22.550000 0.000338
22.600000 0.000108
22.650000 0.000063
22.700000 -0.000177
22.750000 -0.000221
22.800000 -0.000435
22.850000 -0.000445
22.900000 -0.000603
22.950000 -0.000553
23.000000 -0.000636
23.050000 -0.000516
23.100000 -0.000525
23.150000 -0.000343
23.200000 -0.000293
23.250000 -0.000074
23.300000 0.000003
23.350000 0.000224
23.400000 0.000292
23.450000 0.000479
23.500000 0.000504
23.550000 0.000629
23.600000 0.000590
23.650000 0.000638
23.700000 0.000529
23.750000 0.000503
23.800000 0.000335
23.850000 0.000256
23.900000 0.000055
23.950000 -0.000048
24.000000 -0.000247
24.050000 -0.000338
24.100000 -0.000501
24.150000 -0.000548
24.200000 -0.000648
24.250000 -0.000628
24.300000 -0.000650
24.350000 -0.000559
24.400000 -0.000505
24.450000 -0.000352
24.500000 -0.000242
24.550000 -0.000055
24.600000 0.000079
24.650000 0.000265
24.700000 0.000385
24.750000 0.000532
24.800000 0.000603
24.850000 0.000681
24.900000 0.000680
24.950000 0.000673
25.000000 0.000596
25.050000 0.000509
25.100000 0.000368
25.150000 0.000225
25.200000 0.000050
25.250000 -0.000114
25.300000 -0.000283
25.350000 -0.000428
25.400000 -0.000554
25.450000 -0.000646
25.500000 -0.000699
25.550000 -0.000717
25.600000 -0.000685
25.650000 -0.000626
25.700000 -0.000514
25.750000 -0.000393
25.800000 -0.000225
25.850000 -0.000070
25.900000 0.000120
25.950000 0.000271
26.000000 0.000443
26.050000 0.000553
26.100000 0.000675
26.150000 0.000713
26.200000 0.000761
26.250000 0.000713
26.300000 0.000681
26.350000 0.000550
26.400000 0.000449
26.450000 0.000255
26.500000 0.000114
26.550000 -0.000108
26.600000 -0.000249
26.650000 -0.000458
26.700000 -0.000559
26.750000 -0.000715
26.800000 -0.000742
26.850000 -0.000819
26.900000 -0.000754
26.950000 -0.000745
27.000000 -0.000590
27.050000 -0.000507
27.100000 -0.000285
27.150000 -0.000159
27.200000 0.000093
27.250000 0.000222
27.300000 0.000461
27.350000 0.000549
27.400000 0.000736
27.450000 0.000750
27.500000 0.000859
27.550000 0.000781
27.600000 0.000802
27.650000 0.000634
27.700000 0.000579
27.750000 0.000340
27.800000 0.000236
27.850000 -0.000040
27.900000 -0.000153
27.950000 -0.000425
28.000000 -0.000507
28.050000 -0.000734
28.100000 -0.000747
28.150000 -0.000899
28.200000 -0.000821
28.250000 -0.000883
28.300000 -0.000708
28.350000 -0.000685
28.400000 -0.000429
28.450000 -0.000345
28.500000 -0.000040
28.550000 0.000066
28.600000 0.000377
28.650000 0.000459
28.700000 0.000731
28.750000 0.000747
28.800000 0.000944
28.850000 0.000865
28.900000 0.000966
28.950000 0.000784
29.000000 0.000792
29.050000 0.000520
29.100000 0.000459
29.150000 0.000129
29.200000 0.000038
29.250000 -0.000306
29.300000 -0.000381
29.350000 -0.000693
29.400000 -0.000709
29.450000 -0.000951
29.500000 -0.000877
29.550000 -0.001027
29.600000 -0.000850
29.650000 -0.000904
29.700000 -0.000631
29.750000 -0.000606
29.800000 -0.000263
29.850000 -0.000194
29.900000 0.000179
29.950000 0.000250
30.000000 0.000608
30.050000 0.000635
30.100000 0.000935
30.150000 0.000879
30.200000 0.001090
30.250000 0.000929
30.300000 0.001038
30.350000 0.000770
30.400000 0.000785
30.450000 0.000429
30.500000 0.000380
30.550000 -0.000025
30.600000 -0.000094
30.650000 -0.000500
30.700000 -0.000538
30.750000 -0.000897
30.800000 -0.000858
30.850000 -0.001130
30.900000 -0.000986
30.950000 -0.001150
31.000000 -0.000892
31.050000 -0.000954
31.100000 -0.000596
31.150000 -0.000580
31.200000 -0.000157
31.250000 -0.000104
31.300000 0.000337
31.350000 0.000376
31.400000 0.000787
31.450000 0.000766
31.500000 0.001104
31.550000 0.000988
31.600000 0.001226
31.650000 0.000996
31.700000 0.001126
31.750000 0.000786
31.800000 0.000822
31.850000 0.000396
31.900000 0.000370
31.950000 -0.000102
32.000000 -0.000143
32.050000 -0.000611
32.100000 -0.000616
32.150000 -0.001031
32.200000 -0.000954
32.250000 -0.001276
32.300000 -0.001086
32.350000 -0.001292
32.400000 -0.000979
32.450000 -0.001074
32.500000 -0.000652
32.550000 -0.000660
32.600000 -0.000165
32.650000 -0.000131
32.700000 0.000385
32.750000 0.000406
32.800000 0.000889
32.850000 0.000845
32.900000 0.001247
32.950000 0.001097
33.000000 0.001388
33.050000 0.001114
33.100000 0.001285
33.150000 0.000890
33.200000 0.000958
33.250000 0.000469
33.300000 0.000469
33.350000 -0.000071
33.400000 -0.000090
33.450000 -0.000629
33.500000 -0.000614
33.550000 -0.001101
33.600000 -0.001005
33.650000 -0.001398
33.700000 -0.001185
33.750000 -0.001460
33.800000 -0.001118
33.850000 -0.001272
33.900000 -0.000810
33.950000 -0.000863
34.000000 -0.000314
34.050000 -0.000309
34.100000 0.000280
34.150000 0.000289
34.200000 0.000859
34.250000 0.000815
34.300000 0.001313
34.350000 0.001167
34.400000 0.001551
34.450000 0.001272
34.500000 0.001525
34.550000 0.001109
34.600000 0.001238
34.650000 0.000705
34.700000 0.000742
34.750000 0.000135
34.800000 0.000131
34.850000 -0.000495
34.900000 -0.000480
34.950000 -0.001067
35.000000 -0.000979
35.050000 -0.001476
35.100000 -0.001274
35.150000 -0.001649
35.200000 -0.001310
35.250000 -0.001553
35.300000 -0.001079
35.350000 -0.001203
35.400000 -0.000618
35.450000 -0.000659
35.500000 -0.000008
35.550000 -0.000016
35.600000 0.000645
35.650000 0.000612
35.700000 0.001226
35.750000 0.001111
35.800000 0.001626
35.850000 0.001386
35.900000 0.001769
35.950000 0.001382
36.000000 0.001623
36.050000 0.001094
36.100000 0.001210
36.150000 0.000567
36.200000 0.000601
36.250000 -0.000104
36.300000 -0.000094
36.350000 -0.000798
36.400000 -0.000749
36.450000 -0.001390
36.500000 -0.001244
36.550000 -0.001771
36.600000 -0.001488
36.650000 -0.001873
36.700000 -0.001435
36.750000 -0.001676
36.800000 -0.001096
36.850000 -0.001215
36.900000 -0.000527
36.950000 -0.000570
37.000000 0.000172
37.050000 0.000148
37.100000 0.000885
37.150000 0.000816
37.200000 0.001488
37.250000 0.001321
37.300000 0.001878
37.350000 0.001572
37.400000 0.001984
37.450000 0.001522
37.500000 0.001784
37.550000 0.001172
37.600000 0.001305
37.650000 0.000575
37.700000 0.000623
37.750000 -0.000169
37.800000 -0.000146
37.850000 -0.000935
37.900000 -0.000868
37.950000 -0.001589
38.000000 -0.001416
38.050000 -0.002013
38.100000 -0.001690
38.150000 -0.002131
38.200000 -0.001639
38.250000 -0.001919
38.300000 -0.001269
38.350000 -0.001413
38.400000 -0.000641
38.450000 -0.000697
38.500000 0.000139
38.550000 0.000107
38.600000 0.000939
38.650000 0.000864
38.700000 0.001628
38.750000 0.001449
38.800000 0.002091
38.850000 0.001764
38.900000 0.002251
38.950000 0.001755
39.000000 0.002080
39.050000 0.001420
39.100000 0.001600
39.150000 0.000808
39.200000 0.000886
39.250000 0.000012
39.300000 0.000049
39.350000 -0.000840
39.400000 -0.000777
39.450000 -0.001610
39.500000 -0.001452
39.550000 -0.002169
39.600000 -0.001862
39.650000 -0.002418
39.700000 -0.001932
39.750000 -0.002310
39.800000 -0.001643
39.850000 -0.001857
39.900000 -0.001038
39.950000 -0.001131
40.000000 -0.000214
40.050000 -0.000250
40.100000 0.000695
40.150000 0.000642
40.200000 0.001541
40.250000 0.001400
40.300000 0.002187
40.350000 0.001902
40.400000 0.002530
40.450000 0.002066
40.500000 0.002515
40.550000 0.001866
40.600000 0.002143
40.650000 0.001329
40.700000 0.001469
40.750000 0.000536
40.800000 0.000594
40.850000 -0.000394
40.900000 -0.000349
40.950000 -0.001321
41.000000 -0.001216
41.050000 -0.002100
41.100000 -0.001869
41.150000 -0.002607
41.200000 -0.002202
41.250000 -0.002756
41.300000 -0.002153
41.350000 -0.002517
41.400000 -0.001723
41.450000 -0.001917
41.500000 -0.000971
41.550000 -0.001047
41.600000 -0.000010
41.650000 -0.000040
41.700000 0.001010
41.750000 0.000945
41.800000 0.001928
41.850000 0.001754
41.900000 0.002602
41.950000 0.002259
42.000000 0.002926
42.050000 0.002382
42.100000 0.002849
42.150000 0.002103
42.200000 0.002384
42.250000 0.001462
42.300000 0.001597
42.350000 0.000552
42.400000 0.000604
42.450000 -0.000495
42.500000 -0.000452
42.550000 -0.001527
42.600000 -0.001416
42.650000 -0.002394
42.700000 -0.002146
42.750000 -0.002964
42.800000 -0.002528
42.850000 -0.003148
42.900000 -0.002498
42.950000 -0.002910
43.000000 -0.002051
43.050000 -0.002276
43.100000 -0.001244
43.150000 -0.001331
43.200000 -0.000190
43.250000 -0.000213
43.300000 0.000957
43.350000 0.000914
43.400000 0.002026
43.450000 0.001879
43.500000 0.002856
43.550000 0.002536
43.600000 0.003320
43.650000 0.002782
43.700000 0.003345
43.750000 0.002577
43.800000 0.002923
43.850000 0.001945
43.900000 0.002108
43.950000 0.000967
44.000000 0.001006
44.050000 -0.000229
44.100000 -0.000239
44.150000 -0.001489
44.200000 -0.001469
44.250000 -0.002655
44.300000 -0.002528
44.350000 -0.003581
44.400000 -0.003286
44.450000 -0.004156
44.500000 -0.003654
44.550000 -0.004313
44.600000 -0.003593
44.650000 -0.004044
44.700000 -0.003120
44.750000 -0.003389
44.800000 -0.002299
44.850000 -0.002433
44.900000 -0.001227
44.950000 -0.001276
