-30.000000 -0.000337
-29.950000 -0.000337
-29.900000 -0.000659
-29.850000 -0.000634
-29.800000 -0.000909
-29.750000 -0.000826
-29.700000 -0.001026
-29.650000 -0.000860
-29.600000 -0.000968
-29.550000 -0.000714
-29.500000 -0.000734
-29.450000 -0.000407
-29.400000 -0.000364
-29.350000 0.000001
-29.300000 0.000065
-29.250000 0.000423
-29.200000 0.000460
-29.150000 0.000763
-29.100000 0.000731
-29.050000 0.000944
-29.000000 0.000814
-28.950000 0.000921
-28.900000 0.000690
-28.850000 0.000697
-28.800000 0.000383
-28.750000 0.000321
-28.700000 -0.000037
-28.650000 -0.000123
-28.600000 -0.000474
-28.550000 -0.000533
-28.500000 -0.000828
-28.450000 -0.000814
-28.400000 -0.001014
-28.350000 -0.000899
-28.300000 -0.000987
-28.250000 -0.000765
-28.200000 -0.000748
-28.150000 -0.000438
-28.100000 -0.000346
-28.050000 0.000012
-28.000000 0.000130
-27.950000 0.000484
-27.900000 0.000575
-27.850000 0.000871
-27.800000 0.000887
-27.750000 0.001085
-27.700000 0.000994
-27.650000 0.001073
-27.600000 0.000867
-27.550000 0.000833
-27.500000 0.000532
-27.450000 0.000414
-27.400000 0.000057
-27.350000 -0.000095
-27.300000 -0.000454
-27.250000 -0.000583
-27.200000 -0.000888
-27.150000 -0.000944
-27.100000 -0.001150
-27.050000 -0.001096
-27.000000 -0.001177
-26.950000 -0.001000
-26.900000 -0.000958
-26.850000 -0.000673
-26.800000 -0.000535
-26.750000 -0.000181
-26.700000 0.000005
-26.650000 0.000372
-26.600000 0.000547
-26.550000 0.000869
-26.500000 0.000975
-26.450000 0.001200
-26.400000 0.001195
-26.350000 0.001291
-26.300000 0.001156
-26.250000 0.001119
-26.200000 0.000863
-26.150000 0.000713
-26.100000 0.000370
-26.050000 0.000155
-26.000000 -0.000220
-25.950000 -0.000442
-25.900000 -0.000788
-25.850000 -0.000955
-25.800000 -0.001212
-25.750000 -0.001273
-25.700000 -0.001401
-25.650000 -0.001327
-25.600000 -0.001311
-25.550000 -0.001099
-25.500000 -0.000953
-25.450000 -0.000632
-25.400000 -0.000395
-25.350000 -0.000017
-25.300000 0.000251
-25.250000 0.000622
-25.200000 0.000856
-25.150000 0.001157
-25.100000 0.001297
-25.050000 0.001475
-25.000000 0.001480
-24.950000 0.001508
-24.900000 0.001365
-24.850000 0.001243
-24.800000 0.000967
-24.750000 0.000726
-24.700000 0.000360
-24.650000 0.000054
-24.600000 -0.000339
-24.550000 -0.000642
-24.500000 -0.000992
-24.450000 -0.001224
-24.400000 -0.001470
-24.350000 -0.001576
-24.300000 -0.001673
-24.250000 -0.001623
-24.200000 -0.001555
-24.150000 -0.001350
-24.100000 -0.001133
-24.050000 -0.000804
-24.000000 -0.000483
-23.950000 -0.000085
-23.900000 0.000275
-23.850000 0.000672
-23.800000 0.000998
-23.750000 0.001320
-23.700000 0.001546
-23.650000 0.001735
-23.600000 0.001811
-23.550000 0.001831
-23.500000 0.001736
-23.450000 0.001582
-23.400000 0.001328
-23.350000 0.001028
-23.300000 0.000657
-23.250000 0.000266
-23.200000 -0.000157
-23.150000 -0.000566
-23.100000 -0.000962
-23.050000 -0.001312
-23.000000 -0.001609
-22.950000 -0.001834
-22.900000 -0.001975
-22.850000 -0.002029
-22.800000 -0.001985
-22.750000 -0.001856
-22.700000 -0.001629
-22.650000 -0.001338
-22.600000 -0.000965
-22.550000 -0.000562
-22.500000 -0.000107
-22.450000 0.000337
-22.400000 0.000796
-22.350000 0.001197
-22.300000 0.001580
-22.250000 0.001864
-22.200000 0.002102
-22.150000 0.002211
-22.100000 0.002262
-22.050000 0.002171
-22.000000 0.002025
-21.950000 0.001741
-21.900000 0.001425
-21.850000 0.000989
-21.800000 0.000558
-21.750000 0.000041
-21.700000 -0.000427
-21.650000 -0.000943
-21.600000 -0.001361
-21.550000 -0.001791
-21.500000 -0.002081
-21.450000 -0.002355
-21.400000 -0.002457
-21.350000 -0.002530
-21.300000 -0.002416
-21.250000 -0.002276
-21.200000 -0.001955
-21.150000 -0.001629
-21.100000 -0.001142
-21.050000 -0.000689
-21.000000 -0.000109
-20.950000 0.000389
-20.900000 0.000974
-20.850000 0.001427
-20.800000 0.001927
-20.750000 0.002249
-20.700000 0.002587
-20.650000 0.002713
-20.600000 0.002838
-20.550000 0.002734
-20.500000 0.002630
-20.450000 0.002298
-20.400000 0.001987
-20.350000 0.001467
-20.300000 0.001004
-20.250000 0.000367
-20.200000 -0.000166
-20.150000 -0.000830
-20.100000 -0.001336
-20.050000 -0.001931
-20.000000 -0.002318
-19.950000 -0.002757
-19.900000 -0.002947
-19.850000 -0.003167
-19.800000 -0.003115
-19.750000 -0.003088
-19.700000 -0.002785
-19.650000 -0.002521
-19.600000 -0.001997
-19.550000 -0.001546
-19.500000 -0.000866
-19.450000 -0.000307
-19.400000 0.000439
-19.350000 0.001009
-19.300000 0.001719
-19.250000 0.002199
-19.200000 0.002776
-19.150000 0.003076
-19.100000 0.003441
-19.050000 0.003496
-19.000000 0.003603
-18.950000 0.003386
-18.900000 0.003225
-18.850000 0.002748
-18.800000 0.002353
-18.750000 0.001667
-18.700000 0.001107
-18.650000 0.000297
-18.600000 -0.000333
-18.550000 -0.001165
-18.500000 -0.001757
-18.450000 -0.002503
-18.400000 -0.002953
-18.350000 -0.003516
-18.300000 -0.003739
-18.250000 -0.004047
-18.200000 -0.003990
-18.150000 -0.004009
-18.100000 -0.003655
-18.050000 -0.003392
-18.000000 -0.002770
-17.950000 -0.002272
-17.900000 -0.001450
-17.850000 -0.000800
-17.800000 0.000128
-17.750000 0.000822
-17.700000 0.001741
-17.650000 0.002366
-17.600000 0.003163
-17.550000 0.003609
-17.500000 0.004187
-17.450000 0.004372
-17.400000 0.004662
-17.350000 0.004536
-17.300000 0.004510
-17.250000 0.004064
-17.200000 0.003736
-17.150000 0.003007
-17.100000 0.002433
-17.050000 0.001495
-17.000000 0.000765
-16.950000 -0.000278
-16.900000 -0.001049
-16.850000 -0.002076
-16.800000 -0.002766
-16.750000 -0.003657
-16.700000 -0.004152
-16.650000 -0.004803
-16.600000 -0.005013
-16.550000 -0.005350
-16.500000 -0.005221
-16.450000 -0.005213
-16.400000 -0.004734
-16.350000 -0.004393
-16.300000 -0.003600
-16.250000 -0.002982
-16.200000 -0.001951
-16.150000 -0.001150
-16.100000 0.000012
-16.050000 0.000878
-16.000000 0.002043
-15.950000 0.002844
-15.900000 0.003886
-15.850000 0.004499
-15.800000 0.005301
-15.750000 0.005622
-15.700000 0.006098
-15.650000 0.006061
-15.600000 0.006164
-15.550000 0.005743
-15.500000 0.005471
-15.450000 0.004689
-15.400000 0.004089
-15.350000 0.003013
-15.300000 0.002170
-15.250000 0.000903
-15.200000 -0.000064
-15.150000 -0.001393
-15.100000 -0.002350
-15.050000 -0.003604
-15.000000 -0.004414
-14.950000 -0.005462
-14.900000 -0.006004
-14.850000 -0.006736
-14.800000 -0.006917
-14.750000 -0.007260
-14.700000 -0.007029
-14.650000 -0.006954
-14.600000 -0.006304
-14.550000 -0.005832
-14.500000 -0.004809
-14.450000 -0.004006
-14.400000 -0.002697
-14.350000 -0.001669
-14.300000 -0.000197
-14.250000 0.000921
-14.200000 0.002415
-14.150000 0.003479
-14.100000 0.004849
-14.050000 0.005715
-14.000000 0.006827
-13.950000 0.007373
-13.900000 0.008118
-13.850000 0.008255
-13.800000 0.008564
-13.750000 0.008243
-13.700000 0.008093
-13.650000 0.007316
-13.600000 0.006732
-13.550000 0.005550
-13.500000 0.004608
-13.450000 0.003115
-13.400000 0.001927
-13.350000 0.000255
-13.300000 -0.001037
-13.250000 -0.002739
-13.200000 -0.003978
-13.150000 -0.005554
-13.100000 -0.006589
-13.050000 -0.007893
-13.000000 -0.008588
-12.950000 -0.009500
-12.900000 -0.009754
-12.850000 -0.010192
-12.800000 -0.009945
-12.750000 -0.009874
-12.700000 -0.009116
-12.650000 -0.008551
-12.600000 -0.007324
-12.550000 -0.006332
-12.500000 -0.004724
-12.450000 -0.003416
-12.400000 -0.001556
-12.350000 -0.000073
-12.300000 0.001883
-12.250000 0.003378
-12.200000 0.005266
-12.150000 0.006607
-12.100000 0.008265
-12.050000 0.009299
-12.000000 0.010586
-11.950000 0.011186
-11.900000 0.011993
-11.850000 0.012071
-11.800000 0.012331
-11.750000 0.011844
-11.700000 0.011539
-11.650000 0.010496
-11.600000 0.009661
-11.550000 0.008121
-11.500000 0.006840
-11.450000 0.004908
-11.400000 0.003305
-11.350000 0.001124
-11.300000 -0.000644
-11.250000 -0.002907
-11.200000 -0.004666
-11.150000 -0.006835
-11.100000 -0.008409
-11.050000 -0.010311
-11.000000 -0.011538
-10.950000 -0.013022
-10.900000 -0.013764
-10.850000 -0.014713
-10.800000 -0.014872
-10.750000 -0.015210
-10.700000 -0.014737
-10.650000 -0.014439
-10.600000 -0.013336
-10.550000 -0.012432
-10.500000 -0.010754
-10.450000 -0.009323
-10.400000 -0.007174
-10.350000 -0.005342
-10.300000 -0.002865
-10.250000 -0.000791
-10.200000 0.001843
-10.150000 0.003979
-10.100000 0.006585
-10.050000 0.008598
-10.000000 0.010990
-9.950000 0.012700
-9.900000 0.014708
-9.850000 0.015956
-9.800000 0.017436
-9.750000 0.018095
-9.700000 0.018942
-9.650000 0.018927
-9.600000 0.019078
-9.550000 0.018353
-9.500000 0.017797
-9.450000 0.016378
-9.400000 0.015156
-9.350000 0.013108
-9.300000 0.011309
-9.250000 0.008742
-9.200000 0.006498
-9.150000 0.003564
-9.100000 0.001039
-9.050000 -0.002086
-9.000000 -0.004703
-8.950000 -0.007825
-8.900000 -0.010336
-8.850000 -0.013256
-8.800000 -0.015468
-8.750000 -0.017999
-8.700000 -0.019732
-8.650000 -0.021707
-8.600000 -0.022812
-8.550000 -0.024100
-8.500000 -0.024468
-8.450000 -0.024982
-8.400000 -0.024550
-8.350000 -0.024254
-8.300000 -0.023011
-8.250000 -0.021921
-8.200000 -0.019910
-8.150000 -0.018092
-8.100000 -0.015402
-8.050000 -0.012969
-8.000000 -0.009733
-7.950000 -0.006836
-7.900000 -0.003221
-7.850000 -0.000040
-7.800000 0.003762
-7.750000 0.007028
-7.700000 0.010814
-7.650000 0.013959
-7.600000 0.017524
-7.550000 0.020349
-7.500000 0.023502
-7.450000 0.025823
-7.400000 0.028392
-7.350000 0.030054
-7.300000 0.031899
-7.250000 0.032780
-7.200000 0.033799
-7.150000 0.033817
-7.100000 0.033948
-7.050000 0.033062
-7.000000 0.032289
-6.950000 0.030505
-6.900000 0.028854
-6.850000 0.026220
-6.800000 0.023762
-6.750000 0.020371
-6.700000 0.017217
-6.650000 0.013200
-6.600000 0.009499
-6.550000 0.005018
-6.500000 0.000947
-6.450000 -0.003808
-6.400000 -0.008051
-6.350000 -0.012875
-6.300000 -0.017082
-6.250000 -0.021763
-6.200000 -0.025721
-6.150000 -0.030051
-6.100000 -0.033554
-6.050000 -0.037336
-6.000000 -0.040198
-5.950000 -0.043254
-5.900000 -0.045312
-5.850000 -0.047496
-5.800000 -0.048621
-5.750000 -0.049823
-5.700000 -0.049927
-5.650000 -0.050080
-5.600000 -0.049117
-5.550000 -0.048199
-5.500000 -0.046171
-5.450000 -0.044205
-5.400000 -0.041156
-5.350000 -0.038208
-5.300000 -0.034223
-5.250000 -0.030396
-5.200000 -0.025595
-5.150000 -0.021025
-5.100000 -0.015558
-5.050000 -0.010404
-5.000000 -0.004442
-4.950000 0.001114
-4.900000 0.007385
-4.850000 0.013154
-4.800000 0.019542
-4.750000 0.025331
-4.700000 0.031643
-4.650000 0.037262
-4.600000 0.043314
-4.550000 0.048586
-4.500000 0.054207
-4.450000 0.058967
-4.400000 0.064001
-4.350000 0.068104
-4.300000 0.072415
-4.250000 0.075732
-4.200000 0.079202
-4.150000 0.081627
-4.100000 0.084160
-4.050000 0.085606
-4.000000 0.087124
-3.950000 0.087525
-3.900000 0.087973
-3.850000 0.087283
-3.800000 0.086626
-3.750000 0.084820
-3.700000 0.083040
-3.650000 0.080110
-3.600000 0.077207
-3.550000 0.073160
-3.500000 0.069150
-3.450000 0.064009
-3.400000 0.058922
-3.350000 0.052724
-3.300000 0.046603
-3.250000 0.039400
-3.200000 0.032305
-3.150000 0.024161
-3.100000 0.016164
-3.050000 0.007161
-3.000000 -0.001651
-2.950000 -0.011421
-2.900000 -0.020947
-2.850000 -0.031378
-2.800000 -0.041508
-2.750000 -0.052481
-2.700000 -0.063090
-2.650000 -0.074477
-2.600000 -0.085432
-2.550000 -0.097092
-2.500000 -0.108248
-2.450000 -0.120032
-2.400000 -0.131233
-2.350000 -0.142982
-2.300000 -0.154067
-2.250000 -0.165618
-2.200000 -0.176422
-2.150000 -0.187608
-2.100000 -0.197967
-2.050000 -0.208628
-2.000000 -0.218381
-1.950000 -0.228359
-1.900000 -0.237356
-1.850000 -0.246505
-1.800000 -0.254606
-1.750000 -0.262794
-1.700000 -0.269876
-1.650000 -0.276990
-1.600000 -0.282949
-1.550000 -0.288896
-1.500000 -0.293653
-1.450000 -0.298367
-1.400000 -0.301868
-1.350000 -0.305310
-1.300000 -0.307533
-1.250000 -0.309695
-1.200000 -0.310645
-1.150000 -0.311547
-1.100000 -0.311259
-1.050000 -0.310949
-1.000000 -0.309481
-0.950000 -0.308030
-0.900000 -0.305467
-0.850000 -0.302968
-0.800000 -0.299412
-0.750000 -0.295977
-0.700000 -0.291547
-0.650000 -0.287303
-0.600000 -0.282134
-0.550000 -0.277220
-0.500000 -0.271454
-0.450000 -0.266016
-0.400000 -0.259801
-0.350000 -0.253988
-0.300000 -0.247475
-0.250000 -0.241438
-0.200000 -0.234775
-0.150000 -0.228661
-0.100000 -0.221997
-0.050000 -0.215953
0.000000 -0.209435
0.050000 -0.203610
0.100000 -0.197387
0.150000 -0.191931
0.200000 -0.186156
0.250000 -0.181228
0.300000 -0.176063
0.350000 -0.171830
0.400000 -0.167451
0.450000 -0.164098
0.500000 -0.160703
0.550000 -0.158442
0.600000 -0.156260
0.650000 -0.155340
0.700000 -0.154646
0.750000 -0.155374
0.800000 -0.156506
0.850000 -0.159257
0.900000 -0.162637
0.950000 -0.167883
1.000000 -0.174037
1.050000 -0.182368
1.100000 -0.191958
1.150000 -0.204111
1.200000 -0.217960
1.250000 -0.234854
1.300000 -0.253982
1.350000 -0.276748
1.400000 -0.302406
1.450000 -0.332420
1.500000 -0.366113
1.550000 -0.405013
1.600000 -0.448510
1.650000 -0.498188
1.700000 -0.553493
1.750000 -0.616041
1.800000 -0.685299
1.850000 -0.762874
1.900000 -0.848194
1.950000 -0.942772
2.000000 -1.045897
2.050000 -1.158869
2.100000 -1.280691
2.150000 -1.412282
2.200000 -1.552171
2.250000 -1.700692
2.300000 -1.855697
2.350000 -2.016744
2.400000 -2.180842
2.450000 -2.346662
2.500000 -2.510340
2.550000 -2.669730
2.600000 -2.820297
2.650000 -2.959423
2.700000 -3.082389
2.750000 -3.186725
2.800000 -3.268248
2.850000 -3.325401
2.900000 -3.355283
2.950000 -3.357905
3.000000 -3.332142
3.050000 -3.279850
3.100000 -3.201704
3.150000 -3.101176
3.200000 -2.980293
3.250000 -2.843516
3.300000 -2.693485
3.350000 -2.534887
3.400000 -2.370243
3.450000 -2.203819
3.500000 -2.037502
3.550000 -1.874763
3.600000 -1.716625
3.650000 -1.565668
3.700000 -1.422065
3.750000 -1.287597
3.800000 -1.161742
3.850000 -1.045676
3.900000 -0.938382
3.950000 -0.840631
4.000000 -0.751108
4.050000 -0.670350
4.100000 -0.596891
4.150000 -0.531166
4.200000 -0.471661
4.250000 -0.418794
4.300000 -0.371069
4.350000 -0.328932
4.400000 -0.290943
4.450000 -0.257599
4.500000 -0.227531
4.550000 -0.201297
4.600000 -0.177598
4.650000 -0.157053
4.700000 -0.138431
4.750000 -0.122403
4.800000 -0.107799
4.850000 -0.095334
4.900000 -0.083892
4.950000 -0.074226
5.000000 -0.065262
5.050000 -0.057784
5.100000 -0.050757
5.150000 -0.044987
5.200000 -0.039470
5.250000 -0.035031
5.300000 -0.030692
5.350000 -0.027289
5.400000 -0.023869
5.450000 -0.021274
5.500000 -0.018568
5.550000 -0.016601
5.600000 -0.014452
5.650000 -0.012971
5.700000 -0.011253
5.750000 -0.010148
5.800000 -0.008764
5.850000 -0.007949
5.900000 -0.006823
5.950000 -0.006233
6.000000 -0.005308
6.050000 -0.004893
6.100000 -0.004126
6.150000 -0.003848
6.200000 -0.003206
6.250000 -0.003036
6.300000 -0.002492
6.350000 -0.002406
6.400000 -0.001939
6.450000 -0.001916
6.500000 -0.001507
6.550000 -0.001532
6.600000 -0.001168
6.650000 -0.001229
6.700000 -0.000899
6.750000 -0.000986
6.800000 -0.000684
6.850000 -0.000793
6.900000 -0.000514
6.950000 -0.000642
7.000000 -0.000384
7.050000 -0.000527
7.100000 -0.000285
7.150000 -0.000440
7.200000 -0.000212
7.250000 -0.000374
7.300000 -0.000155
7.350000 -0.000321
7.400000 -0.000107
7.450000 -0.000274
7.500000 -0.000064
7.550000 -0.000232
7.600000 -0.000028
7.650000 -0.000197
7.700000 0.000001
7.750000 -0.000171
7.800000 0.000021
7.850000 -0.000155
7.900000 0.000031
7.950000 -0.000146
8.000000 0.000036
8.050000 -0.000140
8.100000 0.000040
8.150000 -0.000133
8.200000 0.000047
8.250000 -0.000122
8.300000 0.000057
8.350000 -0.000109
8.400000 0.000068
8.450000 -0.000098
8.500000 0.000076
8.550000 -0.000091
8.600000 0.000078
8.650000 -0.000090
8.700000 0.000075
8.750000 -0.000093
8.800000 0.000069
8.850000 -0.000097
8.900000 0.000065
8.950000 -0.000096
9.000000 0.000066
9.050000 -0.000091
9.100000 0.000072
9.150000 -0.000081
9.200000 0.000079
9.250000 -0.000073
9.300000 0.000083
9.350000 -0.000070
9.400000 0.000082
9.450000 -0.000072
9.500000 0.000075
9.550000 -0.000078
9.600000 0.000067
9.650000 -0.000083
9.700000 0.000062
9.750000 -0.000084
9.800000 0.000063
9.850000 -0.000078
9.900000 0.000068
9.950000 -0.000069
10.000000 0.000075
10.050000 -0.000062
10.100000 0.000079
10.150000 -0.000059
10.200000 0.000076
10.250000 -0.000062
10.300000 0.000068
10.350000 -0.000069
10.400000 0.000059
10.450000 -0.000075
10.500000 0.000054
10.550000 -0.000075
10.600000 0.000055
10.650000 -0.000069
10.700000 0.000061
10.750000 -0.000060
10.800000 0.000068
10.850000 -0.000052
10.900000 0.000072
10.950000 -0.000049
11.000000 0.000069
11.050000 -0.000054
11.100000 0.000060
11.150000 -0.000061
11.200000 0.000051
11.250000 -0.000067
11.300000 0.000045
11.350000 -0.000068
11.400000 0.000046
11.450000 -0.000061
11.500000 0.000053
11.550000 -0.000051
11.600000 0.000061
11.650000 -0.000043
11.700000 0.000064
11.750000 -0.000040
11.800000 0.000061
11.850000 -0.000044
11.900000 0.000052
11.950000 -0.000052
12.000000 0.000042
12.050000 -0.000059
12.100000 0.000036
12.150000 -0.000060
12.200000 0.000036
12.250000 -0.000054
12.300000 0.000043
12.350000 -0.000043
12.400000 0.000052
12.450000 -0.000033
12.500000 0.000057
12.550000 -0.000030
12.600000 0.000054
12.650000 -0.000034
12.700000 0.000045
12.750000 -0.000043
12.800000 0.000033
12.850000 -0.000051
12.900000 0.000026
12.950000 -0.000052
13.000000 0.000026
13.050000 -0.000046
13.100000 0.000033
13.150000 -0.000035
13.200000 0.000042
13.250000 -0.000025
13.300000 0.000048
13.350000 -0.000020
13.400000 0.000047
13.450000 -0.000023
13.500000 0.000038
13.550000 -0.000033
13.600000 0.000025
13.650000 -0.000042
13.700000 0.000017
13.750000 -0.000045
13.800000 0.000015
13.850000 -0.000039
13.900000 0.000022
13.950000 -0.000028
14.000000 0.000032
14.050000 -0.000016
14.100000 0.000040
14.150000 -0.000010
14.200000 0.000040
14.250000 -0.000012
14.300000 0.000031
14.350000 -0.000021
14.400000 0.000018
14.450000 -0.000031
14.500000 0.000008
14.550000 -0.000037
14.600000 0.000004
14.650000 -0.000033
14.700000 0.000010
14.750000 -0.000022
14.800000 0.000021
14.850000 -0.000009
14.900000 0.000030
14.950000 0.000000
15.000000 0.000032
15.050000 -0.000000
15.100000 0.000026
15.150000 -0.000009
15.200000 0.000012
15.250000 -0.000020
15.300000 -0.000000
15.350000 -0.000028
15.400000 -0.000006
15.450000 -0.000027
15.500000 -0.000003
15.550000 -0.000017
15.600000 0.000008
15.650000 -0.000003
15.700000 0.000019
15.750000 0.000009
15.800000 0.000025
15.850000 0.000012
15.900000 0.000020
15.950000 0.000005
16.000000 0.000008
16.050000 -0.000007
16.100000 -0.000007
16.150000 -0.000018
16.200000 -0.000016
16.250000 -0.000021
16.300000 -0.000016
16.350000 -0.000013
16.400000 -0.000006
16.450000 0.000002
16.500000 0.000007
16.550000 0.000016
16.600000 0.000016
16.650000 0.000023
16.700000 0.000015
16.750000 0.000019
16.800000 0.000005
16.850000 0.000007
16.900000 -0.000011
16.950000 -0.000006
17.000000 -0.000024
17.050000 -0.000013
17.100000 -0.000029
17.150000 -0.000009
17.200000 -0.000022
17.250000 0.000004
17.300000 -0.000008
17.350000 0.000021
17.400000 0.000005
17.450000 0.000032
17.500000 0.000009
17.550000 0.000033
17.600000 0.000002
17.650000 0.000023
17.700000 -0.000013
17.750000 0.000009
17.800000 -0.000030
17.850000 -0.000003
17.900000 -0.000039
17.950000 -0.000005
18.000000 -0.000037
18.050000 0.000005
18.100000 -0.000025
18.150000 0.000022
18.200000 -0.000009
18.250000 0.000038
18.300000 0.000001
18.350000 0.000046
18.400000 -0.000000
18.450000 0.000040
18.500000 -0.000013
18.550000 0.000026
18.600000 -0.000031
18.650000 0.000010
18.700000 -0.000047
18.750000 0.000002
18.800000 -0.000051
18.850000 0.000006
18.900000 -0.000043
18.950000 0.000021
19.000000 -0.000027
19.050000 0.000040
19.100000 -0.000011
19.150000 0.000054
19.200000 -0.000005
19.250000 0.000056
19.300000 -0.000012
19.350000 0.000045
19.400000 -0.000029
19.450000 0.000028
19.500000 -0.000049
19.550000 0.000013
19.600000 -0.000061
19.650000 0.000009
19.700000 -0.000061
19.750000 0.000018
19.800000 -0.000048
19.850000 0.000037
19.900000 -0.000029
19.950000 0.000057
20.000000 -0.000015
20.050000 0.000068
20.100000 -0.000013
20.150000 0.000065
20.200000 -0.000025
20.250000 0.000049
20.300000 -0.000045
20.350000 0.000030
20.400000 -0.000065
20.450000 0.000017
20.500000 -0.000074
20.550000 0.000017
20.600000 -0.000069
20.650000 0.000031
20.700000 -0.000051
20.750000 0.000053
20.800000 -0.000031
20.850000 0.000073
20.900000 -0.000019
20.950000 0.000080
21.000000 -0.000021
21.050000 0.000072
21.100000 -0.000038
21.150000 0.000053
21.200000 -0.000061
21.250000 0.000033
21.300000 -0.000080
21.350000 0.000021
21.400000 -0.000086
21.450000 0.000026
21.500000 -0.000076
21.550000 0.000044
21.600000 -0.000055
21.650000 0.000068
21.700000 -0.000034
21.750000 0.000087
21.800000 -0.000024
21.850000 0.000092
21.900000 -0.000030
21.950000 0.000080
22.000000 -0.000050
22.050000 0.000058
22.100000 -0.000075
22.150000 0.000036
22.200000 -0.000094
22.250000 0.000026
22.300000 -0.000097
22.350000 0.000034
22.400000 -0.000084
22.450000 0.000055
22.500000 -0.000060
22.550000 0.000082
22.600000 -0.000038
22.650000 0.000100
22.700000 -0.000029
22.750000 0.000103
22.800000 -0.000037
22.850000 0.000088
22.900000 -0.000060
22.950000 0.000063
23.000000 -0.000088
23.050000 0.000040
23.100000 -0.000106
23.150000 0.000031
23.200000 -0.000108
23.250000 0.000041
23.300000 -0.000092
23.350000 0.000065
23.400000 -0.000066
23.450000 0.000093
23.500000 -0.000042
23.550000 0.000112
23.600000 -0.000033
23.650000 0.000114
23.700000 -0.000043
23.750000 0.000097
23.800000 -0.000069
23.850000 0.000069
23.900000 -0.000098
23.950000 0.000045
24.000000 -0.000118
24.050000 0.000035
24.100000 -0.000120
24.150000 0.000045
24.200000 -0.000102
24.250000 0.000072
24.300000 -0.000073
24.350000 0.000102
24.400000 -0.000047
24.450000 0.000124
24.500000 -0.000037
24.550000 0.000126
24.600000 -0.000047
24.650000 0.000108
24.700000 -0.000074
24.750000 0.000078
24.800000 -0.000106
24.850000 0.000050
24.900000 -0.000129
24.950000 0.000038
25.000000 -0.000132
25.050000 0.000047
25.100000 -0.000114
25.150000 0.000075
25.200000 -0.000083
25.250000 0.000109
25.300000 -0.000054
25.350000 0.000133
25.400000 -0.000039
25.450000 0.000138
25.500000 -0.000048
25.550000 0.000121
25.600000 -0.000075
25.650000 0.000089
25.700000 -0.000110
25.750000 0.000057
25.800000 -0.000138
25.850000 0.000041
25.900000 -0.000145
25.950000 0.000047
26.000000 -0.000128
26.050000 0.000074
26.100000 -0.000096
26.150000 0.000111
26.200000 -0.000062
26.250000 0.000141
26.300000 -0.000042
26.350000 0.000151
26.400000 -0.000046
26.450000 0.000137
26.500000 -0.000072
26.550000 0.000104
26.600000 -0.000110
26.650000 0.000067
26.700000 -0.000143
26.750000 0.000044
26.800000 -0.000157
26.850000 0.000044
26.900000 -0.000145
26.950000 0.000069
27.000000 -0.000113
27.050000 0.000108
27.100000 -0.000074
27.150000 0.000144
27.200000 -0.000046
27.250000 0.000162
27.300000 -0.000042
27.350000 0.000154
27.400000 -0.000064
27.450000 0.000123
27.500000 -0.000103
27.550000 0.000083
27.600000 -0.000143
27.650000 0.000050
27.700000 -0.000167
27.750000 0.000040
27.800000 -0.000164
27.850000 0.000058
27.900000 -0.000135
27.950000 0.000097
28.000000 -0.000093
28.050000 0.000141
28.100000 -0.000055
28.150000 0.000170
28.200000 -0.000039
28.250000 0.000173
28.300000 -0.000052
28.350000 0.000147
28.400000 -0.000089
28.450000 0.000105
28.500000 -0.000135
28.550000 0.000062
28.600000 -0.000171
28.650000 0.000039
28.700000 -0.000181
28.750000 0.000046
28.800000 -0.000161
28.850000 0.000080
28.900000 -0.000119
28.950000 0.000127
29.000000 -0.000072
29.050000 0.000169
29.100000 -0.000041
29.150000 0.000187
29.200000 -0.000040
29.250000 0.000174
29.300000 -0.000068
29.350000 0.000135
29.400000 -0.000116
29.450000 0.000085
29.500000 -0.000164
29.550000 0.000046
29.600000 -0.000191
29.650000 0.000035
29.700000 -0.000187
29.750000 0.000056
29.800000 -0.000152
29.850000 0.000102
29.900000 -0.000101
29.950000 0.000155
30.000000 -0.000054
30.050000 0.000192
30.100000 -0.000032
30.150000 0.000198
30.200000 -0.000044
30.250000 0.000171
30.300000 -0.000086
30.350000 0.000120
30.400000 -0.000141
30.450000 0.000067
30.500000 -0.000188
30.550000 0.000033
30.600000 -0.000206
30.650000 0.000033
30.700000 -0.000189
30.750000 0.000068
30.800000 -0.000142
30.850000 0.000123
30.900000 -0.000085
30.950000 0.000178
31.000000 -0.000040
31.050000 0.000210
31.100000 -0.000026
31.150000 0.000206
31.200000 -0.000049
31.250000 0.000166
31.300000 -0.000101
31.350000 0.000107
31.400000 -0.000162
31.450000 0.000052
31.500000 -0.000207
31.550000 0.000023
31.600000 -0.000219
31.650000 0.000032
31.700000 -0.000191
31.750000 0.000077
31.800000 -0.000135
31.850000 0.000140
31.900000 -0.000071
31.950000 0.000197
32.000000 -0.000027
32.050000 0.000226
32.100000 -0.000018
32.150000 0.000213
32.200000 -0.000051
32.250000 0.000165
32.300000 -0.000112
32.350000 0.000098
32.400000 -0.000178
32.450000 0.000039
32.500000 -0.000224
32.550000 0.000012
32.600000 -0.000231
32.650000 0.000027
32.700000 -0.000196
32.750000 0.000079
32.800000 -0.000131
32.850000 0.000150
32.900000 -0.000062
32.950000 0.000212
33.000000 -0.000015
33.050000 0.000240
33.100000 -0.000008
33.150000 0.000224
33.200000 -0.000046
33.250000 0.000169
33.300000 -0.000114
33.350000 0.000095
33.400000 -0.000187
33.450000 0.000030
33.500000 -0.000238
33.550000 -0.000001
33.600000 -0.000245
33.650000 0.000015
33.700000 -0.000207
33.750000 0.000073
33.800000 -0.000136
33.850000 0.000151
33.900000 -0.000058
33.950000 0.000220
34.000000 -0.000004
34.050000 0.000255
34.100000 0.000007
34.150000 0.000240
34.200000 -0.000031
34.250000 0.000182
34.300000 -0.000105
34.350000 0.000100
34.400000 -0.000187
34.450000 0.000025
34.500000 -0.000247
34.550000 -0.000015
34.600000 -0.000263
34.650000 -0.000004
34.700000 -0.000227
34.750000 0.000054
34.800000 -0.000151
34.850000 0.000139
34.900000 -0.000064
34.950000 0.000220
35.000000 0.000004
35.050000 0.000268
35.100000 0.000026
35.150000 0.000263
35.200000 -0.000006
35.250000 0.000206
35.300000 -0.000081
35.350000 0.000118
35.400000 -0.000174
35.450000 0.000029
35.500000 -0.000249
35.550000 -0.000027
35.600000 -0.000281
35.650000 -0.000031
35.700000 -0.000256
35.750000 0.000021
35.800000 -0.000181
35.850000 0.000110
35.900000 -0.000084
35.950000 0.000206
36.000000 0.000002
36.050000 0.000274
36.100000 0.000046
36.150000 0.000288
36.200000 0.000030
36.250000 0.000244
36.300000 -0.000039
36.350000 0.000154
36.400000 -0.000140
36.450000 0.000051
36.500000 -0.000236
36.550000 -0.000030
36.600000 -0.000293
36.650000 -0.000060
36.700000 -0.000291
36.750000 -0.000026
36.800000 -0.000228
36.850000 0.000059
36.900000 -0.000126
36.950000 0.000168
37.000000 -0.000020
37.050000 0.000262
37.100000 0.000055
37.150000 0.000309
37.200000 0.000070
37.250000 0.000290
37.300000 0.000020
37.350000 0.000212
37.400000 -0.000079
37.450000 0.000099
37.500000 -0.000194
37.550000 -0.000010
37.600000 -0.000286
37.650000 -0.000077
37.700000 -0.000322
37.750000 -0.000079
37.800000 -0.000288
37.850000 -0.000014
37.900000 -0.000195
37.950000 0.000097
38.000000 -0.000074
38.050000 0.000218
38.100000 0.000037
38.150000 0.000307
38.200000 0.000098
38.250000 0.000333
38.300000 0.000088
38.350000 0.000286
38.400000 0.000009
38.450000 0.000181
38.500000 -0.000113
38.550000 0.000051
38.600000 -0.000238
38.650000 -0.000061
38.700000 -0.000325
38.750000 -0.000117
38.800000 -0.000344
38.850000 -0.000098
38.900000 -0.000286
38.950000 -0.000008
39.000000 -0.000169
39.050000 0.000125
39.100000 -0.000031
39.150000 0.000256
39.200000 0.000084
39.250000 0.000342
39.300000 0.000137
39.350000 0.000355
39.400000 0.000110
39.450000 0.000288
39.500000 0.000010
39.550000 0.000161
39.600000 -0.000131
39.650000 0.000015
39.700000 -0.000269
39.750000 -0.000105
39.800000 -0.000358
39.850000 -0.000158
39.900000 -0.000369
39.950000 -0.000126
40.000000 -0.000295
40.050000 -0.000018
40.100000 -0.000159
40.150000 0.000132
40.200000 -0.000003
40.250000 0.000279
40.300000 0.000123
40.350000 0.000373
40.400000 0.000180
40.450000 0.000384
40.500000 0.000147
40.550000 0.000308
40.600000 0.000034
40.650000 0.000164
40.700000 -0.000126
40.750000 -0.000001
40.800000 -0.000282
40.850000 -0.000138
40.900000 -0.000386
40.950000 -0.000203
41.000000 -0.000404
41.050000 -0.000174
41.100000 -0.000327
41.150000 -0.000058
41.200000 -0.000178
41.250000 0.000110
41.300000 -0.000001
41.350000 0.000279
41.400000 0.000149
41.450000 0.000397
41.500000 0.000226
41.550000 0.000425
41.600000 0.000205
41.650000 0.000354
41.700000 0.000091
41.750000 0.000202
41.800000 -0.000084
41.850000 0.000015
41.900000 -0.000267
41.950000 -0.000153
42.000000 -0.000402
42.050000 -0.000249
42.100000 -0.000448
42.150000 -0.000243
42.200000 -0.000388
42.250000 -0.000135
42.300000 -0.000238
42.350000 0.000044
42.400000 -0.000040
42.450000 0.000242
42.500000 0.000146
42.550000 0.000400
42.600000 0.000267
42.650000 0.000470
42.700000 0.000283
42.750000 0.000429
42.800000 0.000189
42.850000 0.000286
42.900000 0.000011
42.950000 0.000082
43.000000 -0.000202
43.050000 -0.000126
43.100000 -0.000386
43.150000 -0.000276
43.200000 -0.000488
43.250000 -0.000324
43.300000 -0.000474
43.350000 -0.000253
43.400000 -0.000347
43.450000 -0.000082
43.500000 -0.000141
43.550000 0.000142
43.600000 0.000087
43.650000 0.000355
43.700000 0.000272
43.750000 0.000495
43.800000 0.000360
43.850000 0.000521
43.900000 0.000325
43.950000 0.000423
44.000000 0.000174
44.050000 0.000227
44.100000 -0.000051
44.150000 -0.000014
44.200000 -0.000288
44.250000 -0.000233
44.300000 -0.000470
44.350000 -0.000369
44.400000 -0.000546
44.450000 -0.000383
44.500000 -0.000495
44.550000 -0.000276
44.600000 -0.000338
44.650000 -0.000085
44.700000 -0.000128
44.750000 0.000119
44.800000 0.000053
44.850000 0.000251
44.900000 0.000119
44.950000 0.000231
