-30.000000 -0.000462
-29.950000 -0.000665
-29.900000 -0.001303
-29.850000 -0.001659
-29.800000 -0.002408
-29.750000 -0.002841
-29.700000 -0.003614
-29.650000 -0.004033
-29.600000 -0.004740
-29.550000 -0.005058
-29.500000 -0.005614
-29.450000 -0.005753
-29.400000 -0.006091
-29.350000 -0.005993
-29.300000 -0.006069
-29.250000 -0.005703
-29.200000 -0.005500
-29.150000 -0.004868
-29.100000 -0.004403
-29.050000 -0.003536
-29.000000 -0.002858
-28.950000 -0.001822
-28.900000 -0.001008
-28.850000 0.000110
-28.800000 0.000962
-28.750000 0.002057
-28.700000 0.002840
-28.650000 0.003808
-28.600000 0.004422
-28.550000 0.005167
-28.500000 0.005528
-28.450000 0.005981
-28.400000 0.006034
-28.350000 0.006158
-28.300000 0.005884
-28.250000 0.005678
-28.200000 0.005096
-28.150000 0.004594
-28.100000 0.003754
-28.050000 0.003023
-28.000000 0.002003
-27.950000 0.001131
-27.900000 0.000025
-27.850000 -0.000889
-27.800000 -0.001977
-27.750000 -0.002831
-27.700000 -0.003802
-27.650000 -0.004502
-27.600000 -0.005270
-27.550000 -0.005737
-27.500000 -0.006232
-27.450000 -0.006407
-27.400000 -0.006584
-27.350000 -0.006437
-27.300000 -0.006280
-27.250000 -0.005809
-27.200000 -0.005331
-27.150000 -0.004567
-27.100000 -0.003817
-27.050000 -0.002823
-27.000000 -0.001876
-26.950000 -0.000743
-26.900000 0.000298
-26.850000 0.001462
-26.800000 0.002483
-26.750000 0.003562
-26.700000 0.004449
-26.650000 0.005332
-26.600000 0.005984
-26.550000 0.006583
-26.500000 0.006926
-26.450000 0.007183
-26.400000 0.007175
-26.350000 0.007068
-26.300000 0.006708
-26.250000 0.006252
-26.200000 0.005572
-26.150000 0.004817
-26.100000 0.003881
-26.050000 0.002904
-26.000000 0.001799
-25.950000 0.000695
-25.900000 -0.000477
-25.850000 -0.001604
-25.800000 -0.002738
-25.750000 -0.003781
-25.700000 -0.004773
-25.650000 -0.005635
-25.600000 -0.006394
-25.550000 -0.006991
-25.500000 -0.007444
-25.450000 -0.007715
-25.400000 -0.007812
-25.350000 -0.007723
-25.300000 -0.007447
-25.250000 -0.006997
-25.200000 -0.006364
-25.150000 -0.005585
-25.100000 -0.004646
-25.050000 -0.003607
-25.000000 -0.002444
-24.950000 -0.001239
-24.900000 0.000040
-24.850000 0.001292
-24.800000 0.002565
-24.750000 0.003741
-24.700000 0.004886
-24.650000 0.005869
-24.600000 0.006775
-24.550000 0.007466
-24.500000 0.008051
-24.450000 0.008383
-24.400000 0.008596
-24.350000 0.008536
-24.300000 0.008363
-24.250000 0.007915
-24.200000 0.007376
-24.150000 0.006578
-24.100000 0.005726
-24.050000 0.004642
-24.000000 0.003555
-23.950000 0.002272
-23.900000 0.001044
-23.850000 -0.000335
-23.800000 -0.001598
-23.750000 -0.002964
-23.700000 -0.004149
-23.650000 -0.005390
-23.600000 -0.006389
-23.550000 -0.007401
-23.500000 -0.008116
-23.450000 -0.008810
-23.400000 -0.009165
-23.350000 -0.009478
-23.300000 -0.009424
-23.250000 -0.009325
-23.200000 -0.008849
-23.150000 -0.008345
-23.100000 -0.007472
-23.050000 -0.006607
-23.000000 -0.005402
-22.950000 -0.004257
-22.900000 -0.002816
-22.850000 -0.001499
-22.800000 0.000060
-22.750000 0.001422
-22.700000 0.002970
-22.650000 0.004249
-22.600000 0.005660
-22.550000 0.006736
-22.500000 0.007899
-22.450000 0.008673
-22.400000 0.009502
-22.350000 0.009902
-22.300000 0.010342
-22.250000 0.010328
-22.200000 0.010354
-22.150000 0.009917
-22.100000 0.009535
-22.050000 0.008698
-22.000000 0.007944
-21.950000 0.006755
-21.900000 0.005691
-21.850000 0.004225
-21.800000 0.002939
-21.750000 0.001293
-21.700000 -0.000110
-21.650000 -0.001821
-21.600000 -0.003219
-21.550000 -0.004870
-21.500000 -0.006136
-21.450000 -0.007602
-21.400000 -0.008615
-21.350000 -0.009781
-21.300000 -0.010438
-21.250000 -0.011213
-21.200000 -0.011437
-21.150000 -0.011764
-21.100000 -0.011517
-21.050000 -0.011376
-21.000000 -0.010660
-20.950000 -0.010075
-20.900000 -0.008933
-20.850000 -0.007965
-20.800000 -0.006473
-20.750000 -0.005213
-20.700000 -0.003477
-20.650000 -0.002038
-20.600000 -0.000176
-20.550000 0.001318
-20.500000 0.003180
-20.450000 0.004604
-20.400000 0.006344
-20.350000 0.007580
-20.300000 0.009087
-20.250000 0.010034
-20.200000 0.011214
-20.150000 0.011785
-20.100000 0.012565
-20.050000 0.012702
-20.000000 0.013033
-19.950000 0.012700
-19.900000 0.012563
-19.850000 0.011755
-19.800000 0.011163
-19.750000 0.009910
-19.700000 0.008908
-19.650000 0.007274
-19.600000 0.005943
-19.550000 0.004024
-19.500000 0.002475
-19.450000 0.000395
-19.400000 -0.001240
-19.350000 -0.003344
-19.300000 -0.004922
-19.250000 -0.006907
-19.200000 -0.008290
-19.150000 -0.010024
-19.100000 -0.011090
-19.050000 -0.012464
-19.000000 -0.013118
-18.950000 -0.014050
-18.900000 -0.014228
-18.850000 -0.014674
-18.800000 -0.014347
-18.750000 -0.014294
-18.700000 -0.013468
-18.650000 -0.012938
-18.600000 -0.011649
-18.550000 -0.010693
-18.500000 -0.009004
-18.450000 -0.007698
-18.400000 -0.005697
-18.350000 -0.004138
-18.300000 -0.001933
-18.250000 -0.000236
-18.200000 0.002053
-18.150000 0.003761
-18.100000 0.006004
-18.050000 0.007591
-18.000000 0.009656
-17.950000 0.010993
-17.900000 0.012755
-17.850000 0.013726
-17.800000 0.015077
-17.750000 0.015585
-17.700000 0.016445
-17.650000 0.016426
-17.600000 0.016747
-17.550000 0.016173
-17.500000 0.015949
-17.450000 0.014833
-17.400000 0.014097
-17.350000 0.012491
-17.300000 0.011311
-17.250000 0.009300
-17.200000 0.007775
-17.150000 0.005467
-17.100000 0.003714
-17.050000 0.001234
-17.000000 -0.000621
-16.950000 -0.003144
-16.900000 -0.004968
-16.850000 -0.007406
-16.800000 -0.009075
-16.750000 -0.011304
-16.700000 -0.012698
-16.650000 -0.014605
-16.600000 -0.015618
-16.550000 -0.017105
-16.500000 -0.017648
-16.450000 -0.018635
-16.400000 -0.018641
-16.350000 -0.019077
-16.300000 -0.018509
-16.250000 -0.018372
-16.200000 -0.017228
-16.150000 -0.016536
-16.100000 -0.014851
-16.050000 -0.013657
-16.000000 -0.011503
-15.950000 -0.009896
-15.900000 -0.007378
-15.850000 -0.005478
-15.800000 -0.002726
-15.750000 -0.000670
-15.700000 0.002172
-15.650000 0.004236
-15.600000 0.007020
-15.550000 0.008948
-15.500000 0.011536
-15.450000 0.013196
-15.400000 0.015463
-15.350000 0.016743
-15.300000 0.018590
-15.250000 0.019401
-15.200000 0.020752
-15.150000 0.021032
-15.100000 0.021837
-15.050000 0.021547
-15.000000 0.021781
-14.950000 0.020908
-14.900000 0.020570
-14.850000 0.019127
-14.800000 0.018241
-14.750000 0.016266
-14.700000 0.014885
-14.650000 0.012443
-14.600000 0.010646
-14.550000 0.007833
-14.500000 0.005729
-14.450000 0.002665
-14.400000 0.000386
-14.350000 -0.002788
-14.300000 -0.005093
-14.250000 -0.008224
-14.200000 -0.010403
-14.150000 -0.013339
-14.100000 -0.015244
-14.050000 -0.017847
-14.000000 -0.019348
-13.950000 -0.021499
-13.900000 -0.022492
-13.850000 -0.024101
-13.800000 -0.024513
-13.750000 -0.025523
-13.700000 -0.025311
-13.650000 -0.025694
-13.600000 -0.024847
-13.550000 -0.024609
-13.500000 -0.023144
-13.450000 -0.022314
-13.400000 -0.020275
-13.350000 -0.018907
-13.300000 -0.016361
-13.250000 -0.014533
-13.200000 -0.011565
-13.150000 -0.009375
-13.100000 -0.006093
-13.050000 -0.003656
-13.000000 -0.000185
-12.950000 0.002369
-12.900000 0.005893
-12.850000 0.008419
-12.800000 0.011850
-12.750000 0.014204
-12.700000 0.017396
-12.650000 0.019435
-12.600000 0.022254
-12.550000 0.023851
-12.500000 0.026180
-12.450000 0.027231
-12.400000 0.028981
-12.350000 0.029414
-12.300000 0.030527
-12.250000 0.030300
-12.200000 0.030753
-12.150000 0.029859
-12.100000 0.029657
-12.050000 0.028114
-12.000000 0.027289
-11.950000 0.025140
-11.900000 0.023743
-11.850000 0.021049
-11.800000 0.019150
-11.750000 0.015987
-11.700000 0.013671
-11.650000 0.010133
-11.600000 0.007500
-11.550000 0.003694
-11.500000 0.000860
-11.450000 -0.003088
-11.400000 -0.005992
-11.350000 -0.009948
-11.300000 -0.012780
-11.250000 -0.016597
-11.200000 -0.019212
-11.150000 -0.022746
-11.100000 -0.025000
-11.050000 -0.028114
-11.000000 -0.029879
-10.950000 -0.032453
-10.900000 -0.033622
-10.850000 -0.035562
-10.800000 -0.036056
-10.750000 -0.037300
-10.700000 -0.037074
-10.650000 -0.037594
-10.600000 -0.036636
-10.550000 -0.036437
-10.500000 -0.034766
-10.450000 -0.033881
-10.400000 -0.031543
-10.350000 -0.030027
-10.300000 -0.027087
-10.250000 -0.025014
-10.200000 -0.021552
-10.150000 -0.019010
-10.100000 -0.015120
-10.050000 -0.012207
-10.000000 -0.007993
-9.950000 -0.004819
-9.900000 -0.000398
-9.850000 0.002917
-9.800000 0.007419
-9.750000 0.010741
-9.700000 0.015189
-9.650000 0.018381
-9.600000 0.022636
-9.550000 0.025562
-9.500000 0.029490
-9.450000 0.032020
-9.400000 0.035500
-9.350000 0.037522
-9.300000 0.040452
-9.250000 0.041878
-9.200000 0.044183
-9.150000 0.044948
-9.100000 0.046577
-9.050000 0.046645
-9.000000 0.047571
-8.950000 0.046927
-8.900000 0.047147
-8.850000 0.045793
-8.800000 0.045319
-8.750000 0.043276
-8.700000 0.042132
-8.650000 0.039431
-8.600000 0.037654
-8.550000 0.034339
-8.500000 0.031980
-8.450000 0.028104
-8.400000 0.025225
-8.350000 0.020861
-8.300000 0.017541
-8.250000 0.012775
-8.200000 0.009110
-8.150000 0.004048
-8.100000 0.000152
-8.050000 -0.005083
-8.000000 -0.009080
-7.950000 -0.014353
-7.900000 -0.018312
-7.850000 -0.023481
-7.800000 -0.027260
-7.750000 -0.032186
-7.700000 -0.035652
-7.650000 -0.040207
-7.600000 -0.043238
-7.550000 -0.047313
-7.500000 -0.049809
-7.450000 -0.053311
-7.400000 -0.055192
-7.350000 -0.058052
-7.300000 -0.059255
-7.250000 -0.061418
-7.200000 -0.061898
-7.150000 -0.063325
-7.100000 -0.063049
-7.050000 -0.063713
-7.000000 -0.062659
-6.950000 -0.062545
-6.900000 -0.060706
-6.850000 -0.059817
-6.800000 -0.057205
-6.750000 -0.055560
-6.700000 -0.052206
-6.650000 -0.049850
-6.600000 -0.045809
-6.550000 -0.042808
-6.500000 -0.038159
-6.450000 -0.034601
-6.400000 -0.029441
-6.350000 -0.025431
-6.300000 -0.019869
-6.250000 -0.015522
-6.200000 -0.009676
-6.150000 -0.005108
-6.100000 0.000908
-6.050000 0.005585
-6.000000 0.011663
-5.950000 0.016347
-5.900000 0.022391
-5.850000 0.026994
-5.800000 0.032921
-5.750000 0.037364
-5.700000 0.043103
-5.650000 0.047319
-5.600000 0.052803
-5.550000 0.056729
-5.500000 0.061898
-5.450000 0.065471
-5.400000 0.070263
-5.350000 0.073423
-5.300000 0.077776
-5.250000 0.080462
-5.200000 0.084318
-5.150000 0.086475
-5.100000 0.089783
-5.050000 0.091365
-5.000000 0.094086
-4.950000 0.095061
-4.900000 0.097170
-4.850000 0.097524
-4.800000 0.099014
-4.750000 0.098744
-4.700000 0.099620
-4.650000 0.098738
-4.600000 0.099013
-4.550000 0.097532
-4.500000 0.097221
-4.450000 0.095154
-4.400000 0.094269
-4.350000 0.091626
-4.300000 0.090172
-4.250000 0.086957
-4.200000 0.084935
-4.150000 0.081145
-4.100000 0.078554
-4.050000 0.074190
-4.000000 0.071029
-3.950000 0.066093
-3.900000 0.062370
-3.850000 0.056873
-3.800000 0.052604
-3.750000 0.046568
-3.700000 0.041781
-3.650000 0.035239
-3.600000 0.029971
-3.550000 0.022965
-3.500000 0.017262
-3.450000 0.009840
-3.400000 0.003751
-3.350000 -0.004039
-3.300000 -0.010468
-3.250000 -0.018580
-3.200000 -0.025305
-3.150000 -0.033699
-3.100000 -0.040683
-3.050000 -0.049324
-3.000000 -0.056532
-2.950000 -0.065384
-2.900000 -0.072777
-2.850000 -0.081799
-2.800000 -0.089333
-2.750000 -0.098472
-2.700000 -0.106086
-2.650000 -0.115274
-2.600000 -0.122894
-2.550000 -0.132050
-2.500000 -0.139587
-2.450000 -0.148619
-2.400000 -0.155977
-2.350000 -0.164788
-2.300000 -0.171873
-2.250000 -0.180369
-2.200000 -0.187090
-2.150000 -0.195187
-2.100000 -0.201467
-2.050000 -0.209093
-2.000000 -0.214865
-1.950000 -0.221960
-1.900000 -0.227169
-1.850000 -0.233683
-1.800000 -0.238282
-1.750000 -0.244167
-1.700000 -0.248112
-1.650000 -0.253328
-1.600000 -0.256576
-1.550000 -0.261078
-1.500000 -0.263587
-1.450000 -0.267335
-1.400000 -0.269067
-1.350000 -0.272026
-1.300000 -0.272950
-1.250000 -0.275095
-1.200000 -0.275191
-1.150000 -0.276513
-1.100000 -0.275783
-1.050000 -0.276292
-1.000000 -0.274759
-0.950000 -0.274488
-0.900000 -0.272195
-0.850000 -0.271200
-0.800000 -0.268211
-0.750000 -0.266561
-0.700000 -0.262951
-0.650000 -0.260725
-0.600000 -0.256572
-0.550000 -0.253846
-0.500000 -0.249226
-0.450000 -0.246073
-0.400000 -0.241051
-0.350000 -0.237531
-0.300000 -0.232165
-0.250000 -0.228331
-0.200000 -0.222671
-0.150000 -0.218573
-0.100000 -0.212670
-0.050000 -0.208360
0.000000 -0.202266
0.050000 -0.197800
0.100000 -0.191578
0.150000 -0.187020
0.200000 -0.180735
0.250000 -0.176155
0.300000 -0.169876
0.350000 -0.165341
0.400000 -0.159135
0.450000 -0.154708
0.500000 -0.148631
0.550000 -0.144360
0.600000 -0.138453
0.650000 -0.134373
0.700000 -0.128662
0.750000 -0.124791
0.800000 -0.119288
0.850000 -0.115629
0.900000 -0.110333
0.950000 -0.106884
1.000000 -0.101788
1.050000 -0.098541
1.100000 -0.093640
1.150000 -0.090591
1.200000 -0.085883
1.250000 -0.083034
1.300000 -0.078525
1.350000 -0.075886
1.400000 -0.071589
1.450000 -0.069174
1.500000 -0.065106
1.550000 -0.062933
1.600000 -0.059109
1.650000 -0.057190
1.700000 -0.053617
1.750000 -0.051955
1.800000 -0.048629
1.850000 -0.047212
1.900000 -0.044118
1.950000 -0.042925
2.000000 -0.040034
2.050000 -0.039036
2.100000 -0.036321
2.150000 -0.035489
2.200000 -0.032923
2.250000 -0.032236
2.300000 -0.029803
2.350000 -0.029251
2.400000 -0.026949
2.450000 -0.026536
2.500000 -0.024374
2.550000 -0.024115
2.600000 -0.022114
2.650000 -0.022032
2.700000 -0.020216
2.750000 -0.020336
2.800000 -0.018727
2.850000 -0.019071
2.900000 -0.017690
2.950000 -0.018275
3.000000 -0.017138
3.050000 -0.017980
3.100000 -0.017102
3.150000 -0.018217
3.200000 -0.017619
3.250000 -0.019034
3.300000 -0.018749
3.350000 -0.020508
3.400000 -0.020594
3.450000 -0.022768
3.500000 -0.023315
3.550000 -0.026013
3.600000 -0.027150
3.650000 -0.030526
3.700000 -0.032432
3.750000 -0.036692
3.800000 -0.039600
3.850000 -0.045008
3.900000 -0.049217
3.950000 -0.056105
4.000000 -0.061982
4.050000 -0.070761
4.100000 -0.078764
4.150000 -0.089943
4.200000 -0.100640
4.250000 -0.114852
4.300000 -0.128952
4.350000 -0.146991
4.400000 -0.165381
4.450000 -0.188239
4.500000 -0.212027
4.550000 -0.240937
4.600000 -0.271489
4.650000 -0.307955
4.700000 -0.346918
4.750000 -0.392731
4.800000 -0.442034
4.850000 -0.499247
4.900000 -0.561046
4.950000 -0.631890
5.000000 -0.708445
5.050000 -0.795151
5.100000 -0.888585
5.150000 -0.993069
5.200000 -1.104973
5.250000 -1.228353
5.300000 -1.359206
5.350000 -1.501134
5.400000 -1.649553
5.450000 -1.807401
5.500000 -1.969307
5.550000 -2.137368
5.600000 -2.305297
5.650000 -2.474292
5.700000 -2.637197
5.750000 -2.794486
5.800000 -2.938451
5.850000 -3.069311
5.900000 -3.179417
5.950000 -3.269455
6.000000 -3.332620
6.050000 -3.370844
6.100000 -3.378867
6.150000 -3.360418
6.200000 -3.312119
6.250000 -3.239576
6.300000 -3.141112
6.350000 -3.023784
6.400000 -2.887003
6.450000 -2.738538
6.500000 -2.578096
6.550000 -2.413392
6.600000 -2.243748
6.650000 -2.076267
6.700000 -1.909476
6.750000 -1.749605
6.800000 -1.594262
6.850000 -1.448802
6.900000 -1.309998
6.950000 -1.182480
7.000000 -1.062379
7.050000 -0.953805
7.100000 -0.852454
7.150000 -0.762116
7.200000 -0.678232
7.250000 -0.604429
7.300000 -0.536029
7.350000 -0.476607
7.400000 -0.421454
7.450000 -0.374164
7.500000 -0.330050
7.550000 -0.292763
7.600000 -0.257666
7.650000 -0.228487
7.700000 -0.200647
7.750000 -0.177955
7.800000 -0.155892
7.850000 -0.138345
7.900000 -0.120848
7.950000 -0.107358
8.000000 -0.093456
8.050000 -0.083160
8.100000 -0.072087
8.150000 -0.064307
8.200000 -0.055464
8.250000 -0.049670
8.300000 -0.042587
8.350000 -0.038364
8.400000 -0.032671
8.450000 -0.029687
8.500000 -0.025088
8.550000 -0.023074
8.600000 -0.019323
8.650000 -0.018057
8.700000 -0.014952
8.750000 -0.014247
8.800000 -0.011618
8.850000 -0.011323
8.900000 -0.009034
8.950000 -0.009029
9.000000 -0.006979
9.050000 -0.007179
9.100000 -0.005297
9.150000 -0.005647
9.200000 -0.003894
9.250000 -0.004367
9.300000 -0.002725
9.350000 -0.003313
9.400000 -0.001780
9.450000 -0.002483
9.500000 -0.001061
9.550000 -0.001879
9.600000 -0.000565
9.650000 -0.001491
9.700000 -0.000274
9.750000 -0.001293
9.800000 -0.000151
9.850000 -0.001236
9.900000 -0.000140
9.950000 -0.001261
10.000000 -0.000178
10.050000 -0.001303
10.100000 -0.000205
10.150000 -0.001307
10.200000 -0.000173
10.250000 -0.001238
10.300000 -0.000060
10.350000 -0.001086
10.400000 0.000132
10.450000 -0.000867
10.500000 0.000374
10.550000 -0.000619
10.600000 0.000620
10.650000 -0.000394
10.700000 0.000817
10.750000 -0.000241
10.800000 0.000923
10.850000 -0.000194
10.900000 0.000914
10.950000 -0.000262
11.000000 0.000795
11.050000 -0.000428
11.100000 0.000600
11.150000 -0.000644
11.200000 0.000383
11.250000 -0.000853
11.300000 0.000203
11.350000 -0.000996
11.400000 0.000110
11.450000 -0.001035
11.500000 0.000133
11.550000 -0.000958
11.600000 0.000265
11.650000 -0.000785
11.700000 0.000473
11.750000 -0.000560
11.800000 0.000705
11.850000 -0.000340
11.900000 0.000903
11.950000 -0.000182
12.000000 0.001017
12.050000 -0.000123
12.100000 0.001022
12.150000 -0.000178
12.200000 0.000916
12.250000 -0.000334
12.300000 0.000726
12.350000 -0.000552
12.400000 0.000498
12.450000 -0.000781
12.500000 0.000287
12.550000 -0.000964
12.600000 0.000147
12.650000 -0.001058
12.700000 0.000112
12.750000 -0.001036
12.800000 0.000194
12.850000 -0.000902
12.900000 0.000377
12.950000 -0.000687
13.000000 0.000617
13.050000 -0.000442
13.100000 0.000855
13.150000 -0.000230
13.200000 0.001032
13.250000 -0.000105
13.300000 0.001101
13.350000 -0.000102
13.400000 0.001043
13.450000 -0.000223
13.500000 0.000870
13.550000 -0.000441
13.600000 0.000627
13.650000 -0.000699
13.700000 0.000374
13.750000 -0.000935
13.800000 0.000176
13.850000 -0.001087
13.900000 0.000083
13.950000 -0.001120
14.000000 0.000118
14.050000 -0.001025
14.100000 0.000271
14.150000 -0.000828
14.200000 0.000505
14.250000 -0.000576
14.300000 0.000763
14.350000 -0.000332
14.400000 0.000984
14.450000 -0.000151
14.500000 0.001118
14.550000 -0.000078
14.600000 0.001131
14.650000 -0.000130
14.700000 0.001021
14.750000 -0.000297
14.800000 0.000811
14.850000 -0.000542
14.900000 0.000550
14.950000 -0.000808
15.000000 0.000298
15.050000 -0.001034
15.100000 0.000117
15.150000 -0.001163
15.200000 0.000053
15.250000 -0.001163
15.300000 0.000124
15.350000 -0.001029
15.400000 0.000316
15.450000 -0.000793
15.500000 0.000586
15.550000 -0.000510
15.600000 0.000869
15.650000 -0.000249
15.700000 0.001095
15.750000 -0.000076
15.800000 0.001209
15.850000 -0.000033
15.900000 0.001182
15.950000 -0.000133
16.000000 0.001020
16.050000 -0.000352
16.100000 0.000763
16.150000 -0.000636
16.200000 0.000472
16.250000 -0.000919
16.300000 0.000218
16.350000 -0.001133
16.400000 0.000060
16.450000 -0.001230
16.500000 0.000034
16.550000 -0.001189
16.600000 0.000145
16.650000 -0.001018
16.700000 0.000369
16.750000 -0.000759
16.800000 0.000654
16.850000 -0.000467
16.900000 0.000939
16.950000 -0.000210
17.000000 0.001158
17.050000 -0.000045
17.100000 0.001261
17.150000 -0.000014
17.200000 0.001223
17.250000 -0.000125
17.300000 0.001047
17.350000 -0.000359
17.400000 0.000772
17.450000 -0.000663
17.500000 0.000460
17.550000 -0.000969
17.600000 0.000184
17.650000 -0.001203
17.700000 0.000010
17.750000 -0.001310
17.800000 -0.000019
17.850000 -0.001261
17.900000 0.000108
17.950000 -0.001067
18.000000 0.000362
18.050000 -0.000773
18.100000 0.000683
18.150000 -0.000446
18.200000 0.000998
18.250000 -0.000165
18.300000 0.001234
18.350000 0.000007
18.400000 0.001336
18.450000 0.000030
18.500000 0.001282
18.550000 -0.000101
18.600000 0.001086
18.650000 -0.000355
18.700000 0.000792
18.750000 -0.000675
18.800000 0.000466
18.850000 -0.000993
18.900000 0.000178
18.950000 -0.001237
19.000000 -0.000007
19.050000 -0.001356
19.100000 -0.000049
19.150000 -0.001322
19.200000 0.000063
19.250000 -0.001141
19.300000 0.000308
19.350000 -0.000848
19.400000 0.000636
19.450000 -0.000506
19.500000 0.000976
19.550000 -0.000191
19.600000 0.001252
19.650000 0.000027
19.700000 0.001401
19.750000 0.000095
19.800000 0.001386
19.850000 -0.000007
19.900000 0.001206
19.950000 -0.000259
20.000000 0.000900
20.050000 -0.000605
20.100000 0.000536
20.150000 -0.000968
20.200000 0.000197
20.250000 -0.001267
20.300000 -0.000040
20.350000 -0.001432
20.400000 -0.000122
20.450000 -0.001429
20.500000 -0.000030
20.550000 -0.001257
20.600000 0.000214
20.650000 -0.000956
20.700000 0.000558
20.750000 -0.000592
20.800000 0.000926
20.850000 -0.000243
20.900000 0.001240
20.950000 0.000017
21.000000 0.001434
21.050000 0.000132
21.100000 0.001467
21.150000 0.000078
21.200000 0.001332
21.250000 -0.000134
21.300000 0.001055
21.350000 -0.000464
21.400000 0.000693
21.450000 -0.000843
21.500000 0.000318
21.550000 -0.001195
21.600000 0.000012
21.650000 -0.001442
21.700000 -0.000160
21.750000 -0.001530
21.800000 -0.000155
21.850000 -0.001435
21.900000 0.000029
21.950000 -0.001173
22.000000 0.000358
22.050000 -0.000797
22.100000 0.000762
22.150000 -0.000390
22.200000 0.001153
22.250000 -0.000039
22.300000 0.001447
22.350000 0.000178
22.400000 0.001577
22.450000 0.000212
22.500000 0.001515
22.550000 0.000056
22.600000 0.001275
22.650000 -0.000257
22.700000 0.000909
22.750000 -0.000659
22.800000 0.000494
22.850000 -0.001067
22.900000 0.000117
22.950000 -0.001396
23.000000 -0.000145
23.050000 -0.001580
23.100000 -0.000239
23.150000 -0.001581
23.200000 -0.000145
23.250000 -0.001399
23.300000 0.000118
23.350000 -0.001070
23.400000 0.000500
23.450000 -0.000657
23.500000 0.000925
23.550000 -0.000243
23.600000 0.001309
23.650000 0.000089
23.700000 0.001573
23.750000 0.000270
23.800000 0.001661
23.850000 0.000257
23.900000 0.001550
23.950000 0.000049
24.000000 0.001257
24.050000 -0.000317
24.100000 0.000839
24.150000 -0.000767
24.200000 0.000381
24.250000 -0.001209
24.300000 -0.000020
24.350000 -0.001550
24.400000 -0.000279
24.450000 -0.001715
24.500000 -0.000340
24.550000 -0.001670
24.600000 -0.000189
24.650000 -0.001423
24.700000 0.000143
24.750000 -0.001025
24.800000 0.000587
24.850000 -0.000559
24.900000 0.001053
24.950000 -0.000118
25.000000 0.001448
25.050000 0.000210
25.100000 0.001695
25.150000 0.000362
25.200000 0.001746
25.250000 0.000307
25.300000 0.001591
25.350000 0.000057
25.400000 0.001259
25.450000 -0.000342
25.500000 0.000812
25.550000 -0.000816
25.600000 0.000335
25.650000 -0.001274
25.700000 -0.000080
25.750000 -0.001627
25.800000 -0.000351
25.850000 -0.001804
25.900000 -0.000423
25.950000 -0.001766
26.000000 -0.000275
26.050000 -0.001515
26.100000 0.000069
26.150000 -0.001096
26.200000 0.000545
26.250000 -0.000588
26.300000 0.001061
26.350000 -0.000092
26.400000 0.001513
26.450000 0.000291
26.500000 0.001808
26.550000 0.000482
26.600000 0.001886
26.650000 0.000441
26.700000 0.001730
26.750000 0.000176
26.800000 0.001369
26.850000 -0.000262
26.900000 0.000877
26.950000 -0.000786
27.000000 0.000348
27.050000 -0.001294
27.100000 -0.000114
27.150000 -0.001691
27.200000 -0.000425
27.250000 -0.001901
27.300000 -0.000525
27.350000 -0.001887
27.400000 -0.000396
27.450000 -0.001651
27.500000 -0.000062
27.550000 -0.001234
27.600000 0.000419
27.650000 -0.000712
27.700000 0.000960
27.750000 -0.000178
27.800000 0.001463
27.850000 0.000269
27.900000 0.001832
27.950000 0.000542
28.000000 0.001996
28.050000 0.000587
28.100000 0.001918
28.150000 0.000388
28.200000 0.001607
28.250000 -0.000022
28.300000 0.001117
28.350000 -0.000570
28.400000 0.000538
28.450000 -0.001153
28.500000 -0.000019
28.550000 -0.001658
28.600000 -0.000447
28.650000 -0.001989
28.700000 -0.000662
28.750000 -0.002078
28.800000 -0.000622
28.850000 -0.001909
28.900000 -0.000332
28.950000 -0.001513
29.000000 0.000152
29.050000 -0.000966
29.100000 0.000738
29.150000 -0.000368
29.200000 0.001320
29.250000 0.000171
29.300000 0.001792
29.350000 0.000555
29.400000 0.002071
29.450000 0.000715
29.500000 0.002107
29.550000 0.000625
29.600000 0.001893
29.650000 0.000296
29.700000 0.001464
29.750000 -0.000215
29.800000 0.000892
29.850000 -0.000823
29.900000 0.000275
29.950000 -0.001423
30.000000 -0.000279
30.050000 -0.001905
30.100000 -0.000667
30.150000 -0.002181
30.200000 -0.000816
30.250000 -0.002194
30.300000 -0.000692
30.350000 -0.001936
30.400000 -0.000310
30.450000 -0.001449
30.500000 0.000263
30.550000 -0.000816
30.600000 0.000925
30.650000 -0.000154
30.700000 0.001556
30.750000 0.000416
30.800000 0.002040
30.850000 0.000790
30.900000 0.002287
30.950000 0.000899
31.000000 0.002253
31.050000 0.000724
31.100000 0.001944
31.150000 0.000296
31.200000 0.001416
31.250000 -0.000309
31.300000 0.000762
31.350000 -0.000984
31.400000 0.000094
31.450000 -0.001615
31.500000 -0.000473
31.550000 -0.002096
31.600000 -0.000846
31.650000 -0.002344
31.700000 -0.000959
31.750000 -0.002317
31.800000 -0.000791
31.850000 -0.002015
31.900000 -0.000366
31.950000 -0.001483
32.000000 0.000251
32.050000 -0.000806
32.100000 0.000959
32.150000 -0.000096
32.200000 0.001640
32.250000 0.000525
32.300000 0.002173
32.350000 0.000946
32.400000 0.002463
32.450000 0.001089
32.500000 0.002451
32.550000 0.000923
32.600000 0.002135
32.650000 0.000471
32.700000 0.001566
32.750000 -0.000191
32.800000 0.000841
32.850000 -0.000947
32.900000 0.000086
32.950000 -0.001669
33.000000 -0.000570
33.050000 -0.002230
33.100000 -0.001014
33.150000 -0.002538
33.200000 -0.001172
33.250000 -0.002540
33.300000 -0.001018
33.350000 -0.002237
33.400000 -0.000580
33.450000 -0.001680
33.500000 0.000073
33.550000 -0.000959
33.600000 0.000833
33.650000 -0.000189
33.700000 0.001581
33.750000 0.000507
33.800000 0.002197
33.850000 0.001018
33.900000 0.002582
33.950000 0.001260
34.000000 0.002669
34.050000 0.001187
34.100000 0.002437
34.150000 0.000803
34.200000 0.001915
34.250000 0.000163
34.300000 0.001181
34.350000 -0.000635
34.400000 0.000352
34.450000 -0.001461
34.500000 -0.000436
34.550000 -0.002177
34.600000 -0.001049
34.650000 -0.002660
34.700000 -0.001382
34.750000 -0.002826
34.800000 -0.001375
34.850000 -0.002645
34.900000 -0.001027
34.950000 -0.002145
35.000000 -0.000395
35.050000 -0.001408
35.100000 0.000417
35.150000 -0.000553
35.200000 0.001280
35.250000 0.000283
35.300000 0.002055
35.350000 0.000967
35.400000 0.002622
35.450000 0.001395
35.500000 0.002894
35.550000 0.001501
35.600000 0.002828
35.650000 0.001266
35.700000 0.002433
35.750000 0.000725
35.800000 0.001766
35.850000 -0.000044
35.900000 0.000922
35.950000 -0.000929
36.000000 0.000029
36.050000 -0.001797
36.100000 -0.000780
36.150000 -0.002513
36.200000 -0.001375
36.250000 -0.002963
36.300000 -0.001660
36.350000 -0.003068
36.400000 -0.001579
36.450000 -0.002803
36.500000 -0.001138
36.550000 -0.002202
36.600000 -0.000400
36.650000 -0.001354
36.700000 0.000524
36.750000 -0.000391
36.800000 0.001487
36.850000 0.000535
36.900000 0.002338
36.950000 0.001277
37.000000 0.002942
37.050000 0.001720
37.100000 0.003207
37.150000 0.001796
37.200000 0.003093
37.250000 0.001497
37.300000 0.002619
37.350000 0.000867
37.400000 0.001857
37.450000 0.000001
37.500000 0.000917
37.550000 -0.000977
37.600000 -0.000064
37.650000 -0.001925
37.700000 -0.000945
37.750000 -0.002708
37.800000 -0.001600
37.850000 -0.003210
37.900000 -0.001929
37.950000 -0.003353
38.000000 -0.001879
38.050000 -0.003108
38.100000 -0.001447
38.150000 -0.002502
38.200000 -0.000688
38.250000 -0.001616
38.300000 0.000294
38.350000 -0.000574
38.400000 0.001357
38.450000 0.000471
38.500000 0.002344
38.550000 0.001362
38.600000 0.003103
38.650000 0.001960
38.700000 0.003516
38.750000 0.002172
38.800000 0.003517
38.850000 0.001962
38.900000 0.003103
38.950000 0.001359
39.000000 0.002334
39.050000 0.000453
39.100000 0.001323
39.150000 -0.000625
39.200000 0.000217
39.250000 -0.001720
39.300000 -0.000828
39.350000 -0.002678
39.400000 -0.001665
39.450000 -0.003365
39.500000 -0.002180
39.550000 -0.003689
39.600000 -0.002301
39.650000 -0.003601
39.700000 -0.002007
39.750000 -0.003110
39.800000 -0.001334
39.850000 -0.002276
39.900000 -0.000365
39.950000 -0.001204
40.000000 0.000772
40.050000 -0.000039
40.100000 0.001925
40.150000 0.001061
40.200000 0.002931
40.250000 0.001937
40.300000 0.003645
40.350000 0.002461
40.400000 0.003958
40.450000 0.002550
40.500000 0.003816
40.550000 0.002182
40.600000 0.003233
40.650000 0.001404
40.700000 0.002286
40.750000 0.000321
40.800000 0.001105
40.850000 -0.000916
40.900000 -0.000145
40.950000 -0.002134
41.000000 -0.001289
41.050000 -0.003164
41.100000 -0.002170
41.150000 -0.003866
41.200000 -0.002670
41.250000 -0.004148
41.300000 -0.002724
41.350000 -0.003972
41.400000 -0.002325
41.450000 -0.003362
41.500000 -0.001524
41.550000 -0.002395
41.600000 -0.000422
41.650000 -0.001191
41.700000 0.000844
41.750000 0.000098
41.800000 0.002115
41.850000 0.001309
41.900000 0.003226
41.950000 0.002283
42.000000 0.004028
42.050000 0.002886
42.100000 0.004408
42.150000 0.003027
42.200000 0.004303
42.250000 0.002677
42.300000 0.003715
42.350000 0.001870
42.400000 0.002714
42.450000 0.000706
42.500000 0.001426
42.550000 -0.000662
42.600000 0.000023
42.650000 -0.002052
42.700000 -0.001309
42.750000 -0.003280
42.800000 -0.002393
42.850000 -0.004183
42.900000 -0.003085
42.950000 -0.004642
43.000000 -0.003298
43.050000 -0.004601
43.100000 -0.003005
43.150000 -0.004066
43.200000 -0.002246
43.250000 -0.003106
43.300000 -0.001116
43.350000 -0.001841
43.400000 0.000245
43.450000 -0.000426
43.500000 0.001670
43.550000 0.000967
43.600000 0.002986
43.650000 0.002166
43.700000 0.004030
43.750000 0.003020
43.800000 0.004665
43.850000 0.003414
43.900000 0.004800
43.950000 0.003283
44.000000 0.004402
44.050000 0.002627
44.100000 0.003504
44.150000 0.001513
44.200000 0.002206
44.250000 0.000073
44.300000 0.000669
44.350000 -0.001508
44.400000 -0.000902
44.450000 -0.003013
44.500000 -0.002284
44.550000 -0.004217
44.600000 -0.003260
44.650000 -0.004916
44.700000 -0.003640
44.750000 -0.004940
44.800000 -0.003279
44.850000 -0.004170
44.900000 -0.002083
44.950000 -0.002534
