-30.000000 -0.000327
-29.950000 -0.000368
-29.900000 -0.000716
-29.850000 -0.000765
-29.800000 -0.001093
-29.750000 -0.001102
-29.700000 -0.001363
-29.650000 -0.001290
-29.600000 -0.001447
-29.550000 -0.001265
-29.500000 -0.001303
-29.450000 -0.001009
-29.400000 -0.000937
-29.350000 -0.000555
-29.300000 -0.000410
-29.250000 0.000017
-29.200000 0.000184
-29.150000 0.000598
-29.100000 0.000729
-29.050000 0.001073
-29.000000 0.001114
-28.950000 0.001344
-28.900000 0.001262
-28.850000 0.001354
-28.800000 0.001139
-28.750000 0.001098
-28.700000 0.000767
-28.650000 0.000623
-28.600000 0.000219
-28.550000 0.000024
-28.500000 -0.000397
-28.450000 -0.000583
-28.400000 -0.000957
-28.350000 -0.001074
-28.300000 -0.001348
-28.250000 -0.001349
-28.200000 -0.001486
-28.150000 -0.001348
-28.100000 -0.001339
-28.050000 -0.001066
-28.000000 -0.000930
-27.950000 -0.000555
-27.900000 -0.000336
-27.850000 0.000089
-27.800000 0.000330
-27.750000 0.000738
-27.700000 0.000936
-27.650000 0.001264
-27.600000 0.001362
-27.550000 0.001562
-27.500000 0.001521
-27.450000 0.001568
-27.400000 0.001378
-27.350000 0.001277
-27.300000 0.000957
-27.250000 0.000738
-27.200000 0.000332
-27.150000 0.000052
-27.100000 -0.000378
-27.050000 -0.000654
-27.000000 -0.001039
-26.950000 -0.001243
-26.900000 -0.001523
-26.850000 -0.001602
-26.800000 -0.001733
-26.750000 -0.001657
-26.700000 -0.001622
-26.650000 -0.001391
-26.600000 -0.001206
-26.550000 -0.000848
-26.500000 -0.000557
-26.450000 -0.000128
-26.400000 0.000207
-26.350000 0.000637
-26.300000 0.000944
-26.250000 0.001305
-26.200000 0.001516
-26.150000 0.001748
-26.100000 0.001815
-26.050000 0.001882
-26.000000 0.001780
-25.950000 0.001674
-25.900000 0.001413
-25.850000 0.001156
-25.800000 0.000773
-25.750000 0.000417
-25.700000 -0.000027
-25.650000 -0.000413
-25.600000 -0.000844
-25.550000 -0.001185
-25.500000 -0.001530
-25.450000 -0.001758
-25.400000 -0.001957
-25.350000 -0.002023
-25.300000 -0.002041
-25.250000 -0.001927
-25.200000 -0.001762
-25.150000 -0.001481
-25.100000 -0.001161
-25.050000 -0.000758
-25.000000 -0.000341
-24.950000 0.000118
-24.900000 0.000557
-24.850000 0.000993
-24.800000 0.001377
-24.750000 0.001715
-24.700000 0.001973
-24.650000 0.002153
-24.600000 0.002238
-24.550000 0.002225
-24.500000 0.002118
-24.450000 0.001911
-24.400000 0.001627
-24.350000 0.001257
-24.300000 0.000842
-24.250000 0.000368
-24.200000 -0.000108
-24.150000 -0.000607
-24.100000 -0.001061
-24.050000 -0.001502
-24.000000 -0.001853
-23.950000 -0.002163
-23.900000 -0.002346
-23.850000 -0.002472
-23.800000 -0.002451
-23.750000 -0.002371
-23.700000 -0.002142
-23.650000 -0.001870
-23.600000 -0.001463
-23.550000 -0.001046
-23.500000 -0.000521
-23.450000 -0.000030
-23.400000 0.000533
-23.350000 0.001013
-23.300000 0.001527
-23.250000 0.001912
-23.200000 0.002297
-23.150000 0.002514
-23.100000 0.002711
-23.050000 0.002715
-23.000000 0.002694
-22.950000 0.002472
-22.900000 0.002239
-22.850000 0.001816
-22.800000 0.001412
-22.750000 0.000845
-22.700000 0.000340
-22.650000 -0.000290
-22.600000 -0.000807
-22.550000 -0.001410
-22.500000 -0.001849
-22.450000 -0.002336
-22.400000 -0.002616
-22.350000 -0.002917
-22.300000 -0.002981
-22.250000 -0.003056
-22.200000 -0.002880
-22.150000 -0.002721
-22.100000 -0.002317
-22.050000 -0.001956
-22.000000 -0.001372
-21.950000 -0.000871
-21.900000 -0.000183
-21.850000 0.000372
-21.800000 0.001072
-21.750000 0.001583
-21.700000 0.002198
-21.650000 0.002574
-21.600000 0.003019
-21.550000 0.003188
-21.500000 0.003404
-21.450000 0.003322
-21.400000 0.003286
-21.350000 0.002948
-21.300000 0.002674
-21.250000 0.002113
-21.200000 0.001650
-21.150000 0.000932
-21.100000 0.000360
-21.050000 -0.000425
-21.000000 -0.001009
-20.950000 -0.001761
-20.900000 -0.002256
-20.850000 -0.002878
-20.800000 -0.003195
-20.750000 -0.003606
-20.700000 -0.003679
-20.650000 -0.003831
-20.600000 -0.003627
-20.550000 -0.003507
-20.500000 -0.003035
-20.450000 -0.002671
-20.400000 -0.001978
-20.350000 -0.001435
-20.300000 -0.000600
-20.250000 0.000032
-20.200000 0.000908
-20.150000 0.001522
-20.100000 0.002332
-20.050000 0.002823
-20.000000 0.003469
-19.950000 0.003749
-19.900000 0.004154
-19.850000 0.004161
-19.800000 0.004281
-19.750000 0.003991
-19.700000 0.003822
-19.650000 0.003251
-19.600000 0.002828
-19.550000 0.002030
-19.500000 0.001424
-19.450000 0.000485
-19.400000 -0.000205
-19.350000 -0.001178
-19.300000 -0.001840
-19.250000 -0.002734
-19.200000 -0.003256
-19.150000 -0.003967
-19.100000 -0.004257
-19.050000 -0.004703
-19.000000 -0.004697
-18.950000 -0.004835
-18.900000 -0.004507
-18.850000 -0.004331
-18.800000 -0.003699
-18.750000 -0.003249
-18.700000 -0.002370
-18.650000 -0.001718
-18.600000 -0.000681
-18.550000 0.000069
-18.500000 0.001153
-18.450000 0.001885
-18.400000 0.002896
-18.350000 0.003495
-18.300000 0.004322
-18.250000 0.004684
-18.200000 0.005239
-18.150000 0.005290
-18.100000 0.005517
-18.050000 0.005223
-18.000000 0.005107
-17.950000 0.004476
-17.900000 0.004048
-17.850000 0.003130
-17.800000 0.002460
-17.750000 0.001342
-17.700000 0.000532
-17.650000 -0.000673
-17.600000 -0.001503
-17.550000 -0.002670
-17.500000 -0.003395
-17.450000 -0.004402
-17.400000 -0.004909
-17.350000 -0.005653
-17.300000 -0.005850
-17.250000 -0.006259
-17.200000 -0.006092
-17.150000 -0.006130
-17.100000 -0.005589
-17.050000 -0.005267
-17.000000 -0.004383
-16.950000 -0.003756
-16.900000 -0.002605
-16.850000 -0.001766
-16.800000 -0.000454
-16.750000 0.000477
-16.700000 0.001821
-16.650000 0.002713
-16.600000 0.003955
-16.550000 0.004678
-16.500000 0.005698
-16.450000 0.006141
-16.400000 0.006840
-16.350000 0.006922
-16.300000 0.007238
-16.250000 0.006917
-16.200000 0.006831
-16.150000 0.006110
-16.100000 0.005647
-16.050000 0.004574
-16.000000 0.003802
-15.950000 0.002463
-15.900000 0.001486
-15.850000 0.000000
-15.800000 -0.001051
-15.750000 -0.002546
-15.700000 -0.003532
-15.650000 -0.004896
-15.600000 -0.005680
-15.550000 -0.006785
-15.500000 -0.007251
-15.450000 -0.007997
-15.400000 -0.008062
-15.350000 -0.008386
-15.300000 -0.008010
-15.250000 -0.007894
-15.200000 -0.007082
-15.150000 -0.006555
-15.100000 -0.005358
-15.050000 -0.004492
-15.000000 -0.003002
-14.950000 -0.001906
-14.900000 -0.000248
-14.850000 0.000943
-14.800000 0.002628
-14.750000 0.003765
-14.700000 0.005328
-14.650000 0.006268
-14.600000 0.007570
-14.550000 0.008185
-14.500000 0.009115
-14.450000 0.009310
-14.400000 0.009791
-14.350000 0.009511
-14.300000 0.009512
-14.250000 0.008750
-14.200000 0.008286
-14.150000 0.007081
-14.100000 0.006215
-14.050000 0.004648
-14.000000 0.003481
-13.950000 0.001672
-13.900000 0.000336
-13.850000 -0.001572
-13.800000 -0.002926
-13.750000 -0.004778
-13.700000 -0.005994
-13.650000 -0.007635
-13.600000 -0.008567
-13.550000 -0.009863
-13.500000 -0.010387
-13.450000 -0.011233
-13.400000 -0.011265
-13.350000 -0.011596
-13.300000 -0.011096
-13.250000 -0.010897
-13.200000 -0.009873
-13.150000 -0.009177
-13.100000 -0.007687
-13.050000 -0.006575
-13.000000 -0.004719
-12.950000 -0.003307
-12.900000 -0.001218
-12.850000 0.000346
-12.800000 0.002513
-12.750000 0.004069
-12.700000 0.006149
-12.650000 0.007534
-12.600000 0.009368
-12.550000 0.010431
-12.500000 0.011880
-12.450000 0.012494
-12.400000 0.013449
-12.350000 0.013526
-12.300000 0.013919
-12.250000 0.013414
-12.200000 0.013225
-12.150000 0.012143
-12.100000 0.011401
-12.050000 0.009793
-12.000000 0.008573
-11.950000 0.006536
-11.900000 0.004952
-11.850000 0.002619
-11.800000 0.000818
-11.750000 -0.001655
-11.700000 -0.003507
-11.650000 -0.005948
-11.600000 -0.007678
-11.550000 -0.009915
-11.500000 -0.011355
-11.450000 -0.013229
-11.400000 -0.014232
-11.350000 -0.015610
-11.300000 -0.016059
-11.250000 -0.016844
-11.200000 -0.016666
-11.150000 -0.016809
-11.100000 -0.015978
-11.050000 -0.015478
-11.000000 -0.014020
-10.950000 -0.012926
-10.900000 -0.010913
-10.850000 -0.009320
-10.800000 -0.006868
-10.750000 -0.004909
-10.700000 -0.002165
-10.650000 -0.000000
-10.600000 0.002866
-10.550000 0.005060
-10.500000 0.007868
-10.450000 0.009910
-10.400000 0.012482
-10.350000 0.014199
-10.300000 0.016370
-10.250000 0.017611
-10.200000 0.019242
-10.150000 0.019884
-10.100000 0.020875
-10.050000 0.020838
-10.000000 0.021128
-9.950000 0.020376
-9.900000 0.019954
-9.850000 0.018497
-9.800000 0.017398
-9.750000 0.015295
-9.700000 0.013597
-9.650000 0.010947
-9.600000 0.008769
-9.550000 0.005708
-9.500000 0.003200
-9.450000 -0.000108
-9.400000 -0.002771
-9.350000 -0.006144
-9.300000 -0.008773
-9.250000 -0.012019
-9.200000 -0.014424
-9.150000 -0.017356
-9.100000 -0.019356
-9.050000 -0.021804
-9.000000 -0.023242
-8.950000 -0.025063
-8.900000 -0.025814
-8.850000 -0.026904
-8.800000 -0.026884
-8.750000 -0.027182
-8.700000 -0.026354
-8.650000 -0.025845
-8.600000 -0.024219
-8.550000 -0.022937
-8.500000 -0.020568
-8.450000 -0.018589
-8.400000 -0.015576
-8.350000 -0.013019
-8.300000 -0.009497
-8.250000 -0.006513
-8.200000 -0.002647
-8.150000 0.000588
-8.100000 0.004613
-8.050000 0.007907
-8.000000 0.011896
-7.950000 0.015055
-7.900000 0.018816
-7.850000 0.021651
-7.800000 0.025003
-7.750000 0.027344
-7.700000 0.030128
-7.650000 0.031830
-7.600000 0.033914
-7.550000 0.034860
-7.500000 0.036146
-7.450000 0.036256
-7.400000 0.036681
-7.350000 0.035910
-7.300000 0.035449
-7.250000 0.033794
-7.200000 0.032463
-7.150000 0.029958
-7.100000 0.027813
-7.050000 0.024533
-7.000000 0.021666
-6.950000 0.017723
-6.900000 0.014262
-6.850000 0.009796
-6.800000 0.005897
-6.750000 0.001076
-6.700000 -0.003086
-6.650000 -0.008076
-6.600000 -0.012310
-6.550000 -0.017277
-6.500000 -0.021388
-6.450000 -0.026135
-6.400000 -0.029928
-6.350000 -0.034264
-6.300000 -0.037553
-6.250000 -0.041301
-6.200000 -0.043918
-6.150000 -0.046920
-6.100000 -0.048722
-6.050000 -0.050851
-6.000000 -0.051726
-5.950000 -0.052889
-5.900000 -0.052765
-5.850000 -0.052910
-5.800000 -0.051753
-5.750000 -0.050867
-5.700000 -0.048686
-5.650000 -0.046796
-5.600000 -0.043638
-5.550000 -0.040809
-5.500000 -0.036755
-5.450000 -0.033082
-5.400000 -0.028244
-5.350000 -0.023853
-5.300000 -0.018366
-5.250000 -0.013405
-5.200000 -0.007426
-5.150000 -0.002057
-5.100000 0.004245
-5.050000 0.009846
-5.000000 0.016295
-4.950000 0.021954
-4.900000 0.028374
-4.850000 0.033917
-4.800000 0.040140
-4.750000 0.045405
-4.700000 0.051275
-4.650000 0.056112
-4.600000 0.061487
-4.550000 0.065763
-4.500000 0.070516
-4.450000 0.074113
-4.400000 0.078136
-4.350000 0.080953
-4.300000 0.084153
-4.250000 0.086106
-4.200000 0.088408
-4.150000 0.089431
-4.100000 0.090778
-4.050000 0.090822
-4.000000 0.091173
-3.950000 0.090207
-3.900000 0.089540
-3.850000 0.087549
-3.800000 0.085856
-3.750000 0.082839
-3.700000 0.080125
-3.650000 0.076094
-3.600000 0.072375
-3.550000 0.067350
-3.500000 0.062655
-3.450000 0.056669
-3.400000 0.051034
-3.350000 0.044131
-3.300000 0.037606
-3.250000 0.029841
-3.200000 0.022486
-3.150000 0.013926
-3.100000 0.005816
-3.050000 -0.003460
-3.000000 -0.012241
-2.950000 -0.022143
-2.900000 -0.031502
-2.850000 -0.041931
-2.800000 -0.051764
-2.750000 -0.062612
-2.700000 -0.072806
-2.650000 -0.083957
-2.600000 -0.094391
-2.550000 -0.105719
-2.500000 -0.116263
-2.450000 -0.127633
-2.400000 -0.138146
-2.350000 -0.149416
-2.300000 -0.159755
-2.250000 -0.170777
-2.200000 -0.180795
-2.150000 -0.191421
-2.100000 -0.200971
-2.050000 -0.211059
-2.000000 -0.220000
-1.950000 -0.229413
-1.900000 -0.237614
-1.850000 -0.246225
-1.800000 -0.253565
-1.750000 -0.261261
-1.700000 -0.267634
-1.650000 -0.274316
-1.600000 -0.279632
-1.550000 -0.285220
-1.500000 -0.289410
-1.450000 -0.293845
-1.400000 -0.296862
-1.350000 -0.300111
-1.300000 -0.301935
-1.250000 -0.303991
-1.200000 -0.304628
-1.150000 -0.305511
-1.100000 -0.304993
-1.050000 -0.304745
-1.000000 -0.303126
-0.950000 -0.301813
-0.900000 -0.299167
-0.850000 -0.296870
-0.800000 -0.293286
-0.750000 -0.290101
-0.700000 -0.285682
-0.650000 -0.281717
-0.600000 -0.276576
-0.550000 -0.271948
-0.500000 -0.266206
-0.450000 -0.261040
-0.400000 -0.254824
-0.350000 -0.249248
-0.300000 -0.242685
-0.250000 -0.236824
-0.200000 -0.230038
-0.150000 -0.224014
-0.100000 -0.217124
-0.050000 -0.211053
0.000000 -0.204172
0.050000 -0.198162
0.100000 -0.191395
0.150000 -0.185550
0.200000 -0.178998
0.250000 -0.173419
0.300000 -0.167182
0.350000 -0.161968
0.400000 -0.156148
0.450000 -0.151401
0.500000 -0.146101
0.550000 -0.141928
0.600000 -0.137258
0.650000 -0.133774
0.700000 -0.129856
0.750000 -0.127191
0.800000 -0.124165
0.850000 -0.122470
0.900000 -0.120503
0.950000 -0.119966
1.000000 -0.119269
1.050000 -0.120124
1.100000 -0.120960
1.150000 -0.123507
1.200000 -0.126214
1.250000 -0.130833
1.300000 -0.135839
1.350000 -0.143012
1.400000 -0.150862
1.450000 -0.161200
1.500000 -0.172578
1.550000 -0.186849
1.600000 -0.202613
1.650000 -0.221774
1.700000 -0.242991
1.750000 -0.268227
1.800000 -0.296205
1.850000 -0.328952
1.900000 -0.365262
1.950000 -0.407228
2.000000 -0.453709
2.050000 -0.506852
2.100000 -0.565567
2.150000 -0.632030
2.200000 -0.705160
2.250000 -0.787112
2.300000 -0.876746
2.350000 -0.976105
2.400000 -1.083880
2.450000 -1.201870
2.500000 -1.328440
2.550000 -1.464966
2.600000 -1.609290
2.650000 -1.762158
2.700000 -1.920686
2.750000 -2.084802
2.800000 -2.250751
2.850000 -2.417560
2.900000 -2.580609
2.950000 -2.738154
3.000000 -2.884971
3.050000 -3.018951
3.100000 -3.134822
3.150000 -3.230786
3.200000 -3.302280
3.250000 -3.348592
3.300000 -3.366591
3.350000 -3.357252
3.400000 -3.319287
3.450000 -3.255531
3.500000 -3.166452
3.550000 -3.056409
3.600000 -2.927082
3.650000 -2.783660
3.700000 -2.628271
3.750000 -2.466166
3.800000 -2.299209
3.850000 -2.132114
3.900000 -1.966028
3.950000 -1.804817
4.000000 -1.648736
4.050000 -1.500761
4.100000 -1.360314
4.150000 -1.229607
4.200000 -1.107402
4.250000 -0.995349
4.300000 -0.891759
4.350000 -0.797919
4.400000 -0.711876
4.450000 -0.634718
4.500000 -0.564366
4.550000 -0.501831
4.600000 -0.445003
4.650000 -0.394887
4.700000 -0.349404
4.750000 -0.309597
4.800000 -0.273445
4.850000 -0.242048
4.900000 -0.213456
4.950000 -0.188833
5.000000 -0.166302
5.050000 -0.147085
5.100000 -0.129371
5.150000 -0.114439
5.200000 -0.100533
5.250000 -0.088977
5.300000 -0.078065
5.350000 -0.069157
5.400000 -0.060590
5.450000 -0.053753
5.500000 -0.047015
5.550000 -0.041788
5.600000 -0.036472
5.650000 -0.032496
5.700000 -0.028283
5.750000 -0.025277
5.800000 -0.021921
5.850000 -0.019668
5.900000 -0.016980
5.950000 -0.015313
6.000000 -0.013145
6.050000 -0.011936
6.100000 -0.010174
6.150000 -0.009322
6.200000 -0.007877
6.250000 -0.007301
6.300000 -0.006100
6.350000 -0.005736
6.400000 -0.004723
6.450000 -0.004519
6.500000 -0.003648
6.550000 -0.003567
6.600000 -0.002805
6.650000 -0.002817
6.700000 -0.002142
6.750000 -0.002229
6.800000 -0.001622
6.850000 -0.001770
6.900000 -0.001222
6.950000 -0.001419
7.000000 -0.000918
7.050000 -0.001154
7.100000 -0.000689
7.150000 -0.000954
7.200000 -0.000514
7.250000 -0.000798
7.300000 -0.000376
7.350000 -0.000670
7.400000 -0.000260
7.450000 -0.000562
7.500000 -0.000161
7.550000 -0.000469
7.600000 -0.000078
7.650000 -0.000394
7.700000 -0.000014
7.750000 -0.000339
7.800000 0.000029
7.850000 -0.000305
7.900000 0.000053
7.950000 -0.000286
8.000000 0.000065
8.050000 -0.000275
8.100000 0.000075
8.150000 -0.000263
8.200000 0.000088
8.250000 -0.000244
8.300000 0.000109
8.350000 -0.000220
8.400000 0.000132
8.450000 -0.000196
8.500000 0.000152
8.550000 -0.000179
8.600000 0.000162
8.650000 -0.000173
8.700000 0.000161
8.750000 -0.000178
8.800000 0.000151
8.850000 -0.000188
8.900000 0.000139
8.950000 -0.000196
9.000000 0.000134
9.050000 -0.000194
9.100000 0.000139
9.150000 -0.000183
9.200000 0.000152
9.250000 -0.000166
9.300000 0.000168
9.350000 -0.000150
9.400000 0.000178
9.450000 -0.000144
9.500000 0.000177
9.550000 -0.000149
9.600000 0.000166
9.650000 -0.000162
9.700000 0.000150
9.750000 -0.000175
9.800000 0.000137
9.850000 -0.000182
9.900000 0.000134
9.950000 -0.000177
10.000000 0.000143
10.050000 -0.000162
10.100000 0.000158
10.150000 -0.000145
10.200000 0.000172
10.250000 -0.000133
10.300000 0.000177
10.350000 -0.000133
10.400000 0.000169
10.450000 -0.000143
10.500000 0.000153
10.550000 -0.000159
10.600000 0.000136
10.650000 -0.000172
10.700000 0.000126
10.750000 -0.000174
10.800000 0.000129
10.850000 -0.000164
10.900000 0.000141
10.950000 -0.000146
11.000000 0.000158
11.050000 -0.000129
11.100000 0.000170
11.150000 -0.000121
11.200000 0.000170
11.250000 -0.000126
11.300000 0.000157
11.350000 -0.000140
11.400000 0.000138
11.450000 -0.000157
11.500000 0.000122
11.550000 -0.000167
11.600000 0.000116
11.650000 -0.000165
11.700000 0.000123
11.750000 -0.000151
11.800000 0.000139
11.850000 -0.000131
11.900000 0.000156
11.950000 -0.000115
12.000000 0.000165
12.050000 -0.000111
12.100000 0.000160
12.150000 -0.000120
12.200000 0.000144
12.250000 -0.000137
12.300000 0.000123
12.350000 -0.000154
12.400000 0.000108
12.450000 -0.000162
12.500000 0.000106
12.550000 -0.000155
12.600000 0.000117
12.650000 -0.000137
12.700000 0.000136
12.750000 -0.000116
12.800000 0.000152
12.850000 -0.000101
12.900000 0.000158
12.950000 -0.000101
13.000000 0.000149
13.050000 -0.000114
13.100000 0.000130
13.150000 -0.000133
13.200000 0.000108
13.250000 -0.000150
13.300000 0.000095
13.350000 -0.000154
13.400000 0.000096
13.450000 -0.000144
13.500000 0.000110
13.550000 -0.000123
13.600000 0.000131
13.650000 -0.000101
13.700000 0.000147
13.750000 -0.000088
13.800000 0.000150
13.850000 -0.000091
13.900000 0.000138
13.950000 -0.000107
14.000000 0.000116
14.050000 -0.000128
14.100000 0.000093
14.150000 -0.000144
14.200000 0.000081
14.250000 -0.000146
14.300000 0.000085
14.350000 -0.000132
14.400000 0.000103
14.450000 -0.000109
14.500000 0.000125
14.550000 -0.000086
14.600000 0.000141
14.650000 -0.000075
14.700000 0.000142
14.750000 -0.000080
14.800000 0.000127
14.850000 -0.000098
14.900000 0.000102
14.950000 -0.000121
15.000000 0.000079
15.050000 -0.000137
15.100000 0.000068
15.150000 -0.000138
15.200000 0.000074
15.250000 -0.000122
15.300000 0.000094
15.350000 -0.000096
15.400000 0.000118
15.450000 -0.000072
15.500000 0.000134
15.550000 -0.000061
15.600000 0.000134
15.650000 -0.000068
15.700000 0.000117
15.750000 -0.000088
15.800000 0.000090
15.850000 -0.000113
15.900000 0.000065
15.950000 -0.000130
16.000000 0.000054
16.050000 -0.000130
16.100000 0.000061
16.150000 -0.000112
16.200000 0.000083
16.250000 -0.000084
16.300000 0.000108
16.350000 -0.000059
16.400000 0.000126
16.450000 -0.000047
16.500000 0.000126
16.550000 -0.000054
16.600000 0.000108
16.650000 -0.000076
16.700000 0.000079
16.750000 -0.000103
16.800000 0.000053
16.850000 -0.000122
16.900000 0.000040
16.950000 -0.000122
17.000000 0.000046
17.050000 -0.000104
17.100000 0.000069
17.150000 -0.000075
17.200000 0.000097
17.250000 -0.000047
17.300000 0.000117
17.350000 -0.000032
17.400000 0.000119
17.450000 -0.000038
17.500000 0.000101
17.550000 -0.000061
17.600000 0.000071
17.650000 -0.000091
17.700000 0.000041
17.750000 -0.000112
17.800000 0.000025
17.850000 -0.000116
17.900000 0.000030
17.950000 -0.000098
18.000000 0.000053
18.050000 -0.000067
18.100000 0.000083
18.150000 -0.000036
18.200000 0.000107
18.250000 -0.000018
18.300000 0.000113
18.350000 -0.000021
18.400000 0.000096
18.450000 -0.000044
18.500000 0.000065
18.550000 -0.000075
18.600000 0.000032
18.650000 -0.000101
18.700000 0.000011
18.750000 -0.000109
18.800000 0.000012
18.850000 -0.000095
18.900000 0.000033
18.950000 -0.000064
19.000000 0.000066
19.050000 -0.000028
19.100000 0.000095
19.150000 -0.000004
19.200000 0.000106
19.250000 -0.000002
19.300000 0.000094
19.350000 -0.000022
19.400000 0.000063
19.450000 -0.000056
19.500000 0.000026
19.550000 -0.000087
19.600000 -0.000001
19.650000 -0.000102
19.700000 -0.000007
19.750000 -0.000093
19.800000 0.000011
19.850000 -0.000063
19.900000 0.000044
19.950000 -0.000025
20.000000 0.000078
20.050000 0.000006
20.100000 0.000098
20.150000 0.000016
20.200000 0.000093
20.250000 0.000002
20.300000 0.000065
20.350000 -0.000031
20.400000 0.000025
20.450000 -0.000068
20.500000 -0.000010
20.550000 -0.000092
20.600000 -0.000025
20.650000 -0.000092
20.700000 -0.000015
20.750000 -0.000067
20.800000 0.000017
20.850000 -0.000027
20.900000 0.000056
20.950000 0.000012
21.000000 0.000085
21.050000 0.000033
21.100000 0.000091
21.150000 0.000027
21.200000 0.000070
21.250000 -0.000002
21.300000 0.000030
21.350000 -0.000042
21.400000 -0.000012
21.450000 -0.000077
21.500000 -0.000039
21.550000 -0.000089
21.600000 -0.000040
21.650000 -0.000073
21.700000 -0.000015
21.750000 -0.000035
21.800000 0.000027
21.850000 0.000010
21.900000 0.000066
21.950000 0.000044
22.000000 0.000085
22.050000 0.000052
22.100000 0.000076
22.150000 0.000032
22.200000 0.000041
22.250000 -0.000009
22.300000 -0.000005
22.350000 -0.000052
22.400000 -0.000045
22.450000 -0.000079
22.500000 -0.000062
22.550000 -0.000078
22.600000 -0.000049
22.650000 -0.000049
22.700000 -0.000011
22.750000 -0.000002
22.800000 0.000035
22.850000 0.000044
22.900000 0.000070
22.950000 0.000070
23.000000 0.000079
23.050000 0.000065
23.100000 0.000057
23.150000 0.000032
23.200000 0.000011
23.250000 -0.000016
23.300000 -0.000039
23.350000 -0.000058
23.400000 -0.000074
23.450000 -0.000077
23.500000 -0.000080
23.550000 -0.000064
23.600000 -0.000054
23.650000 -0.000023
23.700000 -0.000007
23.750000 0.000030
23.800000 0.000041
23.850000 0.000074
23.900000 0.000071
23.950000 0.000092
24.000000 0.000070
24.050000 0.000076
24.100000 0.000036
24.150000 0.000033
24.200000 -0.000018
24.250000 -0.000020
24.300000 -0.000070
24.350000 -0.000061
24.400000 -0.000100
24.450000 -0.000072
24.500000 -0.000096
24.550000 -0.000048
24.600000 -0.000060
24.650000 0.000002
24.700000 -0.000006
24.750000 0.000060
24.800000 0.000044
24.850000 0.000102
24.900000 0.000070
24.950000 0.000112
25.000000 0.000059
25.050000 0.000087
25.100000 0.000016
25.150000 0.000035
25.200000 -0.000044
25.250000 -0.000021
25.300000 -0.000097
25.350000 -0.000061
25.400000 -0.000123
25.450000 -0.000066
25.500000 -0.000112
25.550000 -0.000034
25.600000 -0.000068
25.650000 0.000023
25.700000 -0.000008
25.750000 0.000085
25.800000 0.000044
25.850000 0.000127
25.900000 0.000067
25.950000 0.000133
26.000000 0.000051
26.050000 0.000101
26.100000 0.000000
26.150000 0.000042
26.200000 -0.000065
26.250000 -0.000019
26.300000 -0.000122
26.350000 -0.000059
26.400000 -0.000147
26.450000 -0.000062
26.500000 -0.000131
26.550000 -0.000025
26.600000 -0.000081
26.650000 0.000039
26.700000 -0.000015
26.750000 0.000106
26.800000 0.000042
26.850000 0.000151
26.900000 0.000065
26.950000 0.000156
27.000000 0.000046
27.050000 0.000119
27.100000 -0.000009
27.150000 0.000055
27.200000 -0.000081
27.250000 -0.000012
27.300000 -0.000142
27.350000 -0.000057
27.400000 -0.000170
27.450000 -0.000061
27.500000 -0.000155
27.550000 -0.000022
27.600000 -0.000100
27.650000 0.000047
27.700000 -0.000028
27.750000 0.000121
27.800000 0.000035
27.850000 0.000172
27.900000 0.000064
27.950000 0.000181
28.000000 0.000048
28.050000 0.000145
28.100000 -0.000010
28.150000 0.000077
28.200000 -0.000087
28.250000 0.000001
28.300000 -0.000158
28.350000 -0.000052
28.400000 -0.000194
28.450000 -0.000064
28.500000 -0.000183
28.550000 -0.000027
28.600000 -0.000129
28.650000 0.000045
28.700000 -0.000051
28.750000 0.000127
28.800000 0.000023
28.850000 0.000189
28.900000 0.000063
28.950000 0.000209
29.000000 0.000055
29.050000 0.000178
29.100000 0.000000
29.150000 0.000109
29.200000 -0.000082
29.250000 0.000025
29.300000 -0.000164
29.350000 -0.000042
29.400000 -0.000215
29.450000 -0.000068
29.500000 -0.000217
29.550000 -0.000041
29.600000 -0.000168
29.650000 0.000030
29.700000 -0.000086
29.750000 0.000120
29.800000 -0.000000
29.850000 0.000198
29.900000 0.000058
29.950000 0.000235
30.000000 0.000067
30.050000 0.000219
30.100000 0.000022
30.150000 0.000154
30.200000 -0.000062
30.250000 0.000063
30.300000 -0.000156
30.350000 -0.000021
30.400000 -0.000227
30.450000 -0.000069
30.500000 -0.000250
30.550000 -0.000061
30.600000 -0.000217
30.650000 0.000000
30.700000 -0.000138
30.750000 0.000095
30.800000 -0.000040
30.850000 0.000190
30.900000 0.000040
30.950000 0.000253
31.000000 0.000076
31.050000 0.000262
31.100000 0.000052
31.150000 0.000212
31.200000 -0.000024
31.250000 0.000120
31.300000 -0.000127
31.350000 0.000019
31.400000 -0.000221
31.450000 -0.000056
31.500000 -0.000275
31.550000 -0.000080
31.600000 -0.000269
31.650000 -0.000041
31.700000 -0.000205
31.750000 0.000048
31.800000 -0.000104
31.850000 0.000157
31.900000 -0.000000
31.950000 0.000250
32.000000 0.000070
32.050000 0.000295
32.100000 0.000082
32.150000 0.000276
32.200000 0.000029
32.250000 0.000198
32.300000 -0.000071
32.350000 0.000088
32.400000 -0.000185
32.450000 -0.000017
32.500000 -0.000276
32.550000 -0.000082
32.600000 -0.000313
32.650000 -0.000083
32.700000 -0.000282
32.750000 -0.000018
32.800000 -0.000193
32.850000 0.000092
32.900000 -0.000075
32.950000 0.000211
33.000000 0.000032
33.050000 0.000300
33.100000 0.000092
33.150000 0.000330
33.200000 0.000084
33.250000 0.000288
33.300000 0.000009
33.350000 0.000189
33.400000 -0.000110
33.450000 0.000064
33.500000 -0.000234
33.550000 -0.000045
33.600000 -0.000323
33.650000 -0.000102
33.700000 -0.000347
33.750000 -0.000087
33.800000 -0.000296
33.850000 -0.000002
33.900000 -0.000188
33.950000 0.000125
34.000000 -0.000057
34.050000 0.000254
34.100000 0.000056
34.150000 0.000343
34.200000 0.000112
34.250000 0.000364
34.300000 0.000092
34.350000 0.000308
34.400000 0.000000
34.450000 0.000192
34.500000 -0.000135
34.550000 0.000053
34.600000 -0.000270
34.650000 -0.000065
34.700000 -0.000363
34.750000 -0.000122
34.800000 -0.000383
34.850000 -0.000099
34.900000 -0.000323
34.950000 -0.000002
35.000000 -0.000200
35.050000 0.000140
35.100000 -0.000053
35.150000 0.000282
35.200000 0.000071
35.250000 0.000381
35.300000 0.000133
35.350000 0.000404
35.400000 0.000111
35.450000 0.000342
35.500000 0.000011
35.550000 0.000215
35.600000 -0.000138
35.650000 0.000060
35.700000 -0.000289
35.750000 -0.000074
35.800000 -0.000397
35.850000 -0.000144
35.900000 -0.000426
35.950000 -0.000127
36.000000 -0.000367
36.050000 -0.000026
36.100000 -0.000236
36.150000 0.000129
36.200000 -0.000073
36.250000 0.000290
36.300000 0.000072
36.350000 0.000410
36.400000 0.000154
36.450000 0.000450
36.500000 0.000146
36.550000 0.000397
36.600000 0.000048
36.650000 0.000265
36.700000 -0.000110
36.750000 0.000095
36.800000 -0.000283
36.850000 -0.000064
36.900000 -0.000418
36.950000 -0.000162
37.000000 -0.000474
37.050000 -0.000168
37.100000 -0.000432
37.150000 -0.000079
37.200000 -0.000304
37.250000 0.000081
37.300000 -0.000126
37.350000 0.000266
37.400000 0.000048
37.450000 0.000419
37.500000 0.000166
37.550000 0.000495
37.600000 0.000192
37.650000 0.000471
37.700000 0.000116
37.750000 0.000351
37.800000 -0.000041
37.850000 0.000170
37.900000 -0.000235
37.950000 -0.000020
38.000000 -0.000409
38.050000 -0.000163
38.100000 -0.000512
38.150000 -0.000215
38.200000 -0.000512
38.250000 -0.000160
38.300000 -0.000408
38.350000 -0.000011
38.400000 -0.000227
38.450000 0.000190
38.500000 -0.000022
38.550000 0.000386
38.600000 0.000148
38.650000 0.000520
38.700000 0.000233
38.750000 0.000551
38.800000 0.000206
38.850000 0.000470
38.900000 0.000074
38.950000 0.000298
39.000000 -0.000128
39.050000 0.000083
39.100000 -0.000343
39.150000 -0.000115
39.200000 -0.000512
39.250000 -0.000239
39.300000 -0.000583
39.350000 -0.000252
39.400000 -0.000537
39.450000 -0.000147
39.500000 -0.000383
39.550000 0.000048
39.600000 -0.000163
39.650000 0.000279
39.700000 0.000062
39.750000 0.000483
39.800000 0.000228
39.850000 0.000601
39.900000 0.000288
39.950000 0.000600
40.000000 0.000223
40.050000 0.000477
40.100000 0.000048
40.150000 0.000264
40.200000 -0.000189
40.250000 0.000020
40.300000 -0.000425
40.350000 -0.000190
40.400000 -0.000595
40.450000 -0.000306
40.500000 -0.000651
40.550000 -0.000295
40.600000 -0.000574
40.650000 -0.000157
40.700000 -0.000385
40.750000 0.000073
40.800000 -0.000132
40.850000 0.000334
40.900000 0.000118
40.950000 0.000555
41.000000 0.000295
41.050000 0.000677
41.100000 0.000350
41.150000 0.000663
41.200000 0.000267
41.250000 0.000516
41.300000 0.000064
41.350000 0.000273
41.400000 -0.000205
41.450000 -0.000003
41.500000 -0.000471
41.550000 -0.000240
41.600000 -0.000663
41.650000 -0.000372
41.700000 -0.000728
41.750000 -0.000364
41.800000 -0.000647
41.850000 -0.000214
41.900000 -0.000438
41.950000 0.000041
42.000000 -0.000154
42.050000 0.000337
42.100000 0.000132
42.150000 0.000595
42.200000 0.000345
42.250000 0.000748
42.300000 0.000427
42.350000 0.000755
42.400000 0.000356
42.450000 0.000610
42.500000 0.000145
42.550000 0.000349
42.600000 -0.000151
42.650000 0.000036
42.700000 -0.000460
42.750000 -0.000249
42.800000 -0.000703
42.850000 -0.000432
42.900000 -0.000815
42.950000 -0.000464
43.000000 -0.000766
43.050000 -0.000335
43.100000 -0.000565
43.150000 -0.000074
43.200000 -0.000259
43.250000 0.000256
43.300000 0.000074
43.350000 0.000573
43.400000 0.000353
43.450000 0.000796
43.500000 0.000506
43.550000 0.000868
43.600000 0.000491
43.650000 0.000768
43.700000 0.000311
43.750000 0.000518
43.800000 0.000007
43.850000 0.000179
43.900000 -0.000347
43.950000 -0.000167
44.000000 -0.000664
44.050000 -0.000433
44.100000 -0.000862
44.150000 -0.000550
44.200000 -0.000889
44.250000 -0.000484
44.300000 -0.000732
44.350000 -0.000244
44.400000 -0.000423
44.450000 0.000117
44.500000 -0.000033
44.550000 0.000513
44.600000 0.000344
44.650000 0.000845
44.700000 0.000607
44.750000 0.001018
44.800000 0.000671
44.850000 0.000959
44.900000 0.000479
44.950000 0.000625
