-30.000000 0.000664
-29.950000 0.000851
-29.900000 0.001672
-29.850000 0.001991
-29.800000 0.002894
-29.750000 0.003257
-29.700000 0.004145
-29.650000 0.004452
-29.600000 0.005227
-29.550000 0.005383
-29.500000 0.005957
-29.450000 0.005885
-29.400000 0.006194
-29.350000 0.005845
-29.300000 0.005857
-29.250000 0.005218
-29.200000 0.004937
-29.150000 0.004030
-29.100000 0.003498
-29.050000 0.002382
-29.000000 0.001674
-28.950000 0.000439
-28.900000 -0.000343
-28.850000 -0.001586
-28.800000 -0.002325
-28.750000 -0.003458
-28.700000 -0.004039
-28.650000 -0.004953
-28.600000 -0.005276
-28.550000 -0.005886
-28.500000 -0.005884
-28.450000 -0.006141
-28.400000 -0.005787
-28.350000 -0.005685
-28.300000 -0.004995
-28.250000 -0.004572
-28.200000 -0.003603
-28.150000 -0.002932
-28.100000 -0.001772
-28.050000 -0.000954
-28.000000 0.000290
-27.950000 0.001141
-27.900000 0.002351
-27.850000 0.003121
-27.800000 0.004185
-27.750000 0.004766
-27.700000 0.005588
-27.650000 0.005897
-27.600000 0.006403
-27.550000 0.006381
-27.500000 0.006531
-27.450000 0.006154
-27.400000 0.005944
-27.350000 0.005227
-27.300000 0.004689
-27.250000 0.003684
-27.200000 0.002889
-27.150000 0.001683
-27.100000 0.000733
-27.050000 -0.000560
-27.000000 -0.001544
-26.950000 -0.002796
-26.900000 -0.003684
-26.850000 -0.004770
-26.800000 -0.005442
-26.750000 -0.006250
-26.700000 -0.006611
-26.650000 -0.007064
-26.600000 -0.007053
-26.550000 -0.007113
-26.500000 -0.006717
-26.450000 -0.006391
-26.400000 -0.005637
-26.350000 -0.004975
-26.300000 -0.003933
-26.250000 -0.003019
-26.200000 -0.001785
-26.150000 -0.000728
-26.100000 0.000581
-26.050000 0.001661
-26.000000 0.002922
-25.950000 0.003905
-25.900000 0.005001
-25.850000 0.005774
-25.800000 0.006603
-25.750000 0.007075
-25.700000 0.007556
-25.650000 0.007662
-25.600000 0.007749
-25.550000 0.007460
-25.500000 0.007143
-25.450000 0.006469
-25.400000 0.005780
-25.350000 0.004775
-25.300000 0.003786
-25.250000 0.002538
-25.200000 0.001354
-25.150000 -0.000015
-25.100000 -0.001263
-25.050000 -0.002619
-25.000000 -0.003793
-24.950000 -0.004998
-24.900000 -0.005966
-24.850000 -0.006897
-24.800000 -0.007550
-24.750000 -0.008115
-24.700000 -0.008378
-24.650000 -0.008523
-24.600000 -0.008364
-24.550000 -0.008078
-24.500000 -0.007509
-24.450000 -0.006825
-24.400000 -0.005898
-24.350000 -0.004885
-24.300000 -0.003686
-24.250000 -0.002445
-24.200000 -0.001084
-24.150000 0.000268
-24.100000 0.001667
-24.050000 0.003002
-24.000000 0.004309
-23.950000 0.005498
-23.900000 0.006590
-23.850000 0.007517
-23.800000 0.008286
-23.750000 0.008854
-23.700000 0.009219
-23.650000 0.009363
-23.600000 0.009277
-23.550000 0.008973
-23.500000 0.008433
-23.450000 0.007701
-23.400000 0.006750
-23.350000 0.005654
-23.300000 0.004378
-23.250000 0.003022
-23.200000 0.001540
-23.150000 0.000056
-23.100000 -0.001491
-23.050000 -0.002957
-23.000000 -0.004423
-22.950000 -0.005728
-22.900000 -0.006977
-22.850000 -0.007994
-22.800000 -0.008911
-22.750000 -0.009542
-22.700000 -0.010047
-22.650000 -0.010231
-22.600000 -0.010280
-22.550000 -0.009994
-22.500000 -0.009586
-22.450000 -0.008847
-22.400000 -0.008020
-22.350000 -0.006884
-22.300000 -0.005709
-22.250000 -0.004263
-22.200000 -0.002843
-22.150000 -0.001203
-22.100000 0.000336
-22.050000 0.002036
-22.000000 0.003555
-21.950000 0.005172
-21.900000 0.006527
-21.850000 0.007919
-21.800000 0.008976
-21.750000 0.010020
-21.700000 0.010668
-21.650000 0.011269
-21.600000 0.011432
-21.550000 0.011537
-21.500000 0.011184
-21.450000 0.010785
-21.400000 0.009934
-21.350000 0.009072
-21.300000 0.007786
-21.250000 0.006546
-21.200000 0.004927
-21.150000 0.003425
-21.100000 0.001603
-21.050000 -0.000023
-21.000000 -0.001907
-20.950000 -0.003511
-20.900000 -0.005309
-20.850000 -0.006748
-20.800000 -0.008324
-20.750000 -0.009470
-20.700000 -0.010705
-20.650000 -0.011449
-20.600000 -0.012249
-20.550000 -0.012515
-20.500000 -0.012819
-20.450000 -0.012563
-20.400000 -0.012347
-20.350000 -0.011566
-20.300000 -0.010848
-20.250000 -0.009581
-20.200000 -0.008422
-20.150000 -0.006748
-20.100000 -0.005247
-20.050000 -0.003285
-20.000000 -0.001574
-19.950000 0.000531
-19.900000 0.002298
-19.850000 0.004386
-19.800000 0.006045
-19.750000 0.007957
-19.700000 0.009355
-19.650000 0.010945
-19.600000 0.011950
-19.550000 0.013104
-19.500000 0.013619
-19.450000 0.014259
-19.400000 0.014229
-19.350000 0.014320
-19.300000 0.013732
-19.250000 0.013282
-19.200000 0.012164
-19.150000 0.011221
-19.100000 0.009636
-19.050000 0.008281
-19.000000 0.006326
-18.950000 0.004667
-18.900000 0.002463
-18.850000 0.000632
-18.800000 -0.001680
-18.750000 -0.003535
-18.700000 -0.005804
-18.650000 -0.007528
-18.600000 -0.009598
-18.550000 -0.011040
-18.500000 -0.012766
-18.450000 -0.013789
-18.400000 -0.015048
-18.350000 -0.015546
-18.300000 -0.016247
-18.250000 -0.016151
-18.200000 -0.016251
-18.150000 -0.015539
-18.100000 -0.015041
-18.050000 -0.013742
-18.000000 -0.012697
-17.950000 -0.010886
-17.900000 -0.009390
-17.850000 -0.007180
-17.800000 -0.005362
-17.750000 -0.002894
-17.700000 -0.000903
-17.650000 0.001666
-17.600000 0.003671
-17.550000 0.006184
-17.500000 0.008046
-17.450000 0.010351
-17.400000 0.011926
-17.350000 0.013888
-17.300000 0.015051
-17.250000 0.016554
-17.200000 0.017202
-17.150000 0.018160
-17.100000 0.018221
-17.050000 0.018576
-17.000000 0.018012
-16.950000 0.017745
-16.900000 0.016556
-16.850000 0.015689
-16.800000 0.013919
-16.750000 0.012518
-16.700000 0.010254
-16.650000 0.008426
-16.600000 0.005793
-16.550000 0.003679
-16.500000 0.000833
-16.450000 -0.001401
-16.400000 -0.004290
-16.350000 -0.006469
-16.300000 -0.009226
-16.250000 -0.011181
-16.200000 -0.013642
-16.150000 -0.015221
-16.100000 -0.017246
-16.050000 -0.018323
-16.000000 -0.019804
-15.950000 -0.020287
-15.900000 -0.021150
-15.850000 -0.020984
-15.800000 -0.021194
-15.750000 -0.020362
-15.700000 -0.019920
-15.650000 -0.018443
-15.600000 -0.017389
-15.550000 -0.015324
-15.500000 -0.013733
-15.450000 -0.011171
-15.400000 -0.009149
-15.350000 -0.006215
-15.300000 -0.003899
-15.250000 -0.000741
-15.200000 0.001708
-15.150000 0.004923
-15.100000 0.007331
-15.050000 0.010425
-15.000000 0.012618
-14.950000 0.015419
-14.900000 0.017232
-14.850000 0.019587
-14.800000 0.020880
-14.750000 0.022666
-14.700000 0.023333
-14.650000 0.024465
-14.600000 0.024442
-14.550000 0.024876
-14.500000 0.024141
-14.450000 0.023876
-14.400000 0.022447
-14.350000 0.021518
-14.300000 0.019448
-14.250000 0.017923
-14.200000 0.015295
-14.150000 0.013271
-14.100000 0.010194
-14.050000 0.007793
-14.000000 0.004400
-13.950000 0.001763
-13.900000 -0.001796
-13.850000 -0.004509
-13.800000 -0.008069
-13.750000 -0.010688
-13.700000 -0.014075
-13.650000 -0.016428
-13.600000 -0.019473
-13.550000 -0.021396
-13.500000 -0.023943
-13.450000 -0.025291
-13.400000 -0.027210
-13.350000 -0.027870
-13.300000 -0.029067
-13.250000 -0.028966
-13.200000 -0.029392
-13.150000 -0.028505
-13.100000 -0.028156
-13.050000 -0.026502
-13.000000 -0.025421
-12.950000 -0.023063
-12.900000 -0.021330
-12.850000 -0.018366
-12.800000 -0.016094
-12.750000 -0.012648
-12.700000 -0.009971
-12.650000 -0.006185
-12.600000 -0.003251
-12.550000 0.000721
-12.500000 0.003754
-12.450000 0.007753
-12.400000 0.010724
-12.350000 0.014587
-12.300000 0.017333
-12.250000 0.020899
-12.200000 0.023264
-12.150000 0.026381
-12.100000 0.028218
-12.050000 0.030750
-12.000000 0.031936
-11.950000 0.033773
-11.900000 0.034213
-11.850000 0.035278
-11.800000 0.034915
-11.750000 0.035172
-11.700000 0.033990
-11.650000 0.033442
-11.600000 0.031465
-11.550000 0.030157
-11.500000 0.027449
-11.450000 0.025459
-11.400000 0.022112
-11.350000 0.019547
-11.300000 0.015680
-11.250000 0.012669
-11.200000 0.008417
-11.150000 0.005102
-11.100000 0.000615
-11.050000 -0.002850
-11.000000 -0.007416
-10.950000 -0.010872
-10.900000 -0.015354
-10.850000 -0.018637
-10.800000 -0.022872
-10.750000 -0.025818
-10.700000 -0.029643
-10.650000 -0.032095
-10.600000 -0.035358
-10.550000 -0.037171
-10.500000 -0.039738
-10.450000 -0.040792
-10.400000 -0.042558
-10.350000 -0.042764
-10.300000 -0.043661
-10.250000 -0.042972
-10.200000 -0.042974
-10.150000 -0.041388
-10.100000 -0.040515
-10.050000 -0.038071
-10.000000 -0.036383
-9.950000 -0.033160
-9.900000 -0.030749
-9.850000 -0.026852
-9.800000 -0.023835
-9.750000 -0.019391
-9.700000 -0.015903
-9.650000 -0.011050
-9.600000 -0.007233
-9.550000 -0.002118
-9.500000 0.001879
-9.450000 0.007103
-9.400000 0.011125
-9.350000 0.016304
-9.300000 0.020196
-9.250000 0.025174
-9.200000 0.028781
-9.150000 0.033405
-9.100000 0.036576
-9.050000 0.040701
-9.000000 0.043300
-8.950000 0.046796
-8.900000 0.048702
-8.850000 0.051462
-8.800000 0.052582
-8.750000 0.054526
-8.700000 0.054794
-8.650000 0.055874
-8.600000 0.055260
-8.550000 0.055459
-8.500000 0.053960
-8.450000 0.053292
-8.400000 0.050934
-8.350000 0.049436
-8.300000 0.046268
-8.250000 0.043996
-8.200000 0.040082
-8.150000 0.037109
-8.100000 0.032528
-8.050000 0.028938
-8.000000 0.023781
-7.950000 0.019673
-7.900000 0.014046
-7.850000 0.009536
-7.800000 0.003564
-7.750000 -0.001216
-7.700000 -0.007392
-7.650000 -0.012290
-7.600000 -0.018510
-7.550000 -0.023363
-7.500000 -0.029457
-7.450000 -0.034093
-7.400000 -0.039892
-7.350000 -0.044142
-7.300000 -0.049483
-7.250000 -0.053192
-7.200000 -0.057929
-7.150000 -0.060963
-7.100000 -0.064973
-7.050000 -0.067223
-7.000000 -0.070411
-6.950000 -0.071795
-6.900000 -0.074092
-6.850000 -0.074553
-6.800000 -0.075915
-6.750000 -0.075420
-6.700000 -0.075825
-6.650000 -0.074364
-6.600000 -0.073810
-6.550000 -0.071390
-6.500000 -0.069895
-6.450000 -0.066545
-6.400000 -0.064150
-6.350000 -0.059920
-6.300000 -0.056685
-6.250000 -0.051649
-6.200000 -0.047660
-6.150000 -0.041915
-6.100000 -0.037281
-6.050000 -0.030947
-6.000000 -0.025797
-5.950000 -0.019008
-5.900000 -0.013482
-5.850000 -0.006383
-5.800000 -0.000623
-5.750000 0.006644
-5.700000 0.012498
-5.650000 0.019803
-5.600000 0.025628
-5.550000 0.032853
-5.500000 0.038540
-5.450000 0.045586
-5.400000 0.051042
-5.350000 0.057824
-5.300000 0.062971
-5.250000 0.069411
-5.200000 0.074176
-5.150000 0.080206
-5.100000 0.084520
-5.050000 0.090073
-5.000000 0.093870
-4.950000 0.098882
-4.900000 0.102102
-4.850000 0.106515
-4.800000 0.109104
-4.750000 0.112870
-4.700000 0.114786
-4.650000 0.117870
-4.600000 0.119085
-4.550000 0.121466
-4.500000 0.121967
-4.450000 0.123639
-4.400000 0.123425
-4.350000 0.124392
-4.300000 0.123472
-4.250000 0.123745
-4.200000 0.122131
-4.150000 0.121720
-4.100000 0.119421
-4.050000 0.118334
-4.000000 0.115353
-3.950000 0.113589
-3.900000 0.109922
-3.850000 0.107475
-3.800000 0.103113
-3.750000 0.099972
-3.700000 0.094905
-3.650000 0.091062
-3.600000 0.085285
-3.550000 0.080739
-3.500000 0.074256
-3.450000 0.069017
-3.400000 0.061843
-3.350000 0.055930
-3.300000 0.048089
-3.250000 0.041530
-3.200000 0.033050
-3.150000 0.025874
-3.100000 0.016785
-3.050000 0.009018
-3.000000 -0.000656
-2.950000 -0.008990
-2.900000 -0.019228
-2.850000 -0.028111
-2.800000 -0.038895
-2.750000 -0.048306
-2.700000 -0.059613
-2.650000 -0.069526
-2.600000 -0.081323
-2.550000 -0.091697
-2.500000 -0.103935
-2.450000 -0.114711
-2.400000 -0.127320
-2.350000 -0.138419
-2.300000 -0.151310
-2.250000 -0.162632
-2.200000 -0.175696
-2.150000 -0.187127
-2.100000 -0.200244
-2.050000 -0.211657
-2.000000 -0.224698
-1.950000 -0.235963
-1.900000 -0.248797
-1.850000 -0.259784
-1.800000 -0.272282
-1.750000 -0.282862
-1.700000 -0.294896
-1.650000 -0.304941
-1.600000 -0.316381
-1.550000 -0.325761
-1.500000 -0.336477
-1.450000 -0.345058
-1.400000 -0.354914
-1.350000 -0.362560
-1.300000 -0.371417
-1.250000 -0.377991
-1.200000 -0.385718
-1.150000 -0.391093
-1.100000 -0.397570
-1.050000 -0.401639
-1.000000 -0.406774
-0.950000 -0.409461
-0.900000 -0.413195
-0.850000 -0.414459
-0.800000 -0.416774
-0.750000 -0.416616
-0.700000 -0.417529
-0.650000 -0.415987
-0.600000 -0.415552
-0.550000 -0.412691
-0.500000 -0.410985
-0.450000 -0.406892
-0.400000 -0.404009
-0.350000 -0.398784
-0.300000 -0.394829
-0.250000 -0.388581
-0.200000 -0.383665
-0.150000 -0.376507
-0.100000 -0.370747
-0.050000 -0.362798
0.000000 -0.356315
0.050000 -0.347702
0.100000 -0.340627
0.150000 -0.331483
0.200000 -0.323954
0.250000 -0.314420
0.300000 -0.306579
0.350000 -0.296799
0.400000 -0.288789
0.450000 -0.278902
0.500000 -0.270859
0.550000 -0.260994
0.600000 -0.253036
0.650000 -0.243303
0.700000 -0.235528
0.750000 -0.226010
0.800000 -0.218490
0.850000 -0.209247
0.900000 -0.202030
0.950000 -0.193100
1.000000 -0.186214
1.050000 -0.177620
1.100000 -0.171086
1.150000 -0.162844
1.200000 -0.156677
1.250000 -0.148805
1.300000 -0.143023
1.350000 -0.135540
1.400000 -0.130164
1.450000 -0.123089
1.500000 -0.118138
1.550000 -0.111491
1.600000 -0.106979
1.650000 -0.100768
1.700000 -0.096700
1.750000 -0.090922
1.800000 -0.087287
1.850000 -0.081927
1.900000 -0.078702
1.950000 -0.073730
2.000000 -0.070882
2.050000 -0.066260
2.100000 -0.063751
2.150000 -0.059442
2.200000 -0.057235
2.250000 -0.053205
2.300000 -0.051269
2.350000 -0.047494
2.400000 -0.045812
2.450000 -0.042278
2.500000 -0.040840
2.550000 -0.037545
2.600000 -0.036353
2.650000 -0.033299
2.700000 -0.032356
2.750000 -0.029545
2.800000 -0.028852
2.850000 -0.026282
2.900000 -0.025832
2.950000 -0.023490
3.000000 -0.023265
3.050000 -0.021131
3.100000 -0.021107
3.150000 -0.019157
3.200000 -0.019311
3.250000 -0.017522
3.300000 -0.017838
3.350000 -0.016201
3.400000 -0.016677
3.450000 -0.015200
3.500000 -0.015854
3.550000 -0.014565
3.600000 -0.015435
3.650000 -0.014383
3.700000 -0.015527
3.750000 -0.014777
3.800000 -0.016269
3.850000 -0.015903
3.900000 -0.017831
3.950000 -0.017944
4.000000 -0.020413
4.050000 -0.021123
4.100000 -0.024262
4.150000 -0.025711
4.200000 -0.029685
4.250000 -0.032066
4.300000 -0.037095
4.350000 -0.040661
4.400000 -0.047044
4.450000 -0.052146
4.500000 -0.060289
4.550000 -0.067396
4.600000 -0.077843
4.650000 -0.087585
4.700000 -0.101058
4.750000 -0.114258
4.800000 -0.131693
4.850000 -0.149414
4.900000 -0.172011
4.950000 -0.195599
5.000000 -0.224866
5.050000 -0.256004
5.100000 -0.293809
5.150000 -0.334561
5.200000 -0.383170
5.250000 -0.436006
5.300000 -0.498095
5.350000 -0.565881
5.400000 -0.644478
5.450000 -0.730365
5.500000 -0.828678
5.550000 -0.935841
5.600000 -1.056887
5.650000 -1.188022
5.700000 -1.333976
5.750000 -1.490486
5.800000 -1.661689
5.850000 -1.842526
5.900000 -2.036185
5.950000 -2.236455
6.000000 -2.445250
6.050000 -2.654951
6.100000 -2.866056
6.150000 -3.069570
6.200000 -3.264834
6.250000 -3.441992
6.300000 -3.600021
6.350000 -3.729249
6.400000 -3.829526
6.450000 -3.892698
6.500000 -3.920775
6.550000 -3.908217
6.600000 -3.859960
6.650000 -3.773417
6.700000 -3.656308
6.750000 -3.508397
6.800000 -3.339211
6.850000 -3.149640
6.900000 -2.949686
6.950000 -2.740075
7.000000 -2.530145
7.050000 -2.319557
7.100000 -2.116356
7.150000 -1.918778
7.200000 -1.733458
7.250000 -1.557278
7.300000 -1.395678
7.350000 -1.244494
7.400000 -1.108319
7.450000 -0.982300
7.500000 -0.870524
7.550000 -0.767759
7.600000 -0.677854
7.650000 -0.595419
7.700000 -0.524245
7.750000 -0.458923
7.800000 -0.403291
7.850000 -0.351994
7.900000 -0.308971
7.950000 -0.268952
8.000000 -0.235991
8.050000 -0.204911
8.100000 -0.179880
8.150000 -0.155806
8.200000 -0.136960
8.250000 -0.118325
8.300000 -0.104259
8.350000 -0.089807
8.400000 -0.079404
8.450000 -0.068143
8.500000 -0.060525
8.550000 -0.051679
8.600000 -0.046163
8.650000 -0.039136
8.700000 -0.035203
8.750000 -0.029545
8.800000 -0.026807
8.850000 -0.022184
8.900000 -0.020356
8.950000 -0.016528
9.000000 -0.015406
9.050000 -0.012198
9.100000 -0.011636
9.150000 -0.008923
9.200000 -0.008809
9.250000 -0.006493
9.300000 -0.006740
9.350000 -0.004739
9.400000 -0.005268
9.450000 -0.003507
9.500000 -0.004244
9.550000 -0.002651
9.600000 -0.003529
9.650000 -0.002040
9.700000 -0.002999
9.750000 -0.001560
9.800000 -0.002555
9.850000 -0.001131
9.900000 -0.002136
9.950000 -0.000712
10.000000 -0.001721
10.050000 -0.000299
10.100000 -0.001322
10.150000 0.000084
10.200000 -0.000971
10.250000 0.000398
10.300000 -0.000708
10.350000 0.000607
10.400000 -0.000562
10.450000 0.000694
10.500000 -0.000539
10.550000 0.000664
10.600000 -0.000619
10.650000 0.000549
10.700000 -0.000762
10.750000 0.000398
10.800000 -0.000913
10.850000 0.000265
10.900000 -0.001020
10.950000 0.000199
11.000000 -0.001044
11.050000 0.000225
11.100000 -0.000972
11.150000 0.000345
11.200000 -0.000817
11.250000 0.000531
11.300000 -0.000616
11.350000 0.000738
11.400000 -0.000423
11.450000 0.000909
11.500000 -0.000290
11.550000 0.000998
11.600000 -0.000256
11.650000 0.000980
11.700000 -0.000331
11.750000 0.000858
11.800000 -0.000495
11.850000 0.000668
11.900000 -0.000703
11.950000 0.000463
12.000000 -0.000894
12.050000 0.000303
12.100000 -0.001016
12.150000 0.000234
12.200000 -0.001033
12.250000 0.000275
12.300000 -0.000940
12.350000 0.000416
12.400000 -0.000765
12.450000 0.000618
12.500000 -0.000555
12.550000 0.000826
12.600000 -0.000368
12.650000 0.000985
12.700000 -0.000254
12.750000 0.001051
12.800000 -0.000244
12.850000 0.001008
12.900000 -0.000342
12.950000 0.000867
13.000000 -0.000522
13.050000 0.000663
13.100000 -0.000739
13.150000 0.000452
13.200000 -0.000935
13.250000 0.000289
13.300000 -0.001057
13.350000 0.000221
13.400000 -0.001071
13.450000 0.000268
13.500000 -0.000970
13.550000 0.000420
13.600000 -0.000781
13.650000 0.000638
13.700000 -0.000552
13.750000 0.000865
13.800000 -0.000347
13.850000 0.001038
13.900000 -0.000223
13.950000 0.001108
14.000000 -0.000216
14.050000 0.001056
14.100000 -0.000329
14.150000 0.000894
14.200000 -0.000532
14.250000 0.000668
14.300000 -0.000770
14.350000 0.000438
14.400000 -0.000980
14.450000 0.000266
14.500000 -0.001106
14.550000 0.000199
14.600000 -0.001114
14.650000 0.000253
14.700000 -0.001004
14.750000 0.000416
14.800000 -0.000804
14.850000 0.000644
14.900000 -0.000566
14.950000 0.000880
15.000000 -0.000352
15.050000 0.001063
15.100000 -0.000216
15.150000 0.001145
15.200000 -0.000195
15.250000 0.001105
15.300000 -0.000298
15.350000 0.000950
15.400000 -0.000500
15.450000 0.000718
15.500000 -0.000750
15.550000 0.000469
15.600000 -0.000985
15.650000 0.000268
15.700000 -0.001142
15.750000 0.000170
15.800000 -0.001178
15.850000 0.000202
15.900000 -0.001081
15.950000 0.000361
16.000000 -0.000875
16.050000 0.000604
16.100000 -0.000613
16.150000 0.000869
16.200000 -0.000366
16.250000 0.001086
16.300000 -0.000197
16.350000 0.001198
16.400000 -0.000153
16.450000 0.001175
16.500000 -0.000244
16.550000 0.001024
16.600000 -0.000448
16.650000 0.000784
16.700000 -0.000711
16.750000 0.000517
16.800000 -0.000968
16.850000 0.000290
16.900000 -0.001154
16.950000 0.000160
17.000000 -0.001223
17.050000 0.000159
17.100000 -0.001157
17.150000 0.000290
17.200000 -0.000972
17.250000 0.000522
17.300000 -0.000711
17.350000 0.000798
17.400000 -0.000439
17.450000 0.001052
17.500000 -0.000223
17.550000 0.001218
17.600000 -0.000120
17.650000 0.001253
17.700000 -0.000160
17.750000 0.001144
17.800000 -0.000334
17.850000 0.000917
17.900000 -0.000602
17.950000 0.000627
18.000000 -0.000897
18.050000 0.000349
18.100000 -0.001143
18.150000 0.000154
18.200000 -0.001277
18.250000 0.000092
18.300000 -0.001264
18.350000 0.000182
18.400000 -0.001106
18.450000 0.000400
18.500000 -0.000844
18.550000 0.000692
18.600000 -0.000542
18.650000 0.000986
18.700000 -0.000277
18.750000 0.001209
18.800000 -0.000113
18.850000 0.001307
18.900000 -0.000090
18.950000 0.001256
19.000000 -0.000213
19.050000 0.001069
19.100000 -0.000454
19.150000 0.000790
19.200000 -0.000757
19.250000 0.000484
19.300000 -0.001050
19.350000 0.000224
19.400000 -0.001262
19.450000 0.000074
19.500000 -0.001342
19.550000 0.000073
19.600000 -0.001266
19.650000 0.000225
19.700000 -0.001049
19.750000 0.000496
19.800000 -0.000742
19.850000 0.000822
19.900000 -0.000418
19.950000 0.001125
20.000000 -0.000158
20.050000 0.001328
20.100000 -0.000027
20.150000 0.001379
20.200000 -0.000060
20.250000 0.001266
20.300000 -0.000250
20.350000 0.001013
20.400000 -0.000551
20.450000 0.000683
20.500000 -0.000891
20.550000 0.000355
20.600000 -0.001188
20.650000 0.000109
20.700000 -0.001370
20.750000 0.000004
20.800000 -0.001395
20.850000 0.000063
20.900000 -0.001257
20.950000 0.000273
21.000000 -0.000988
21.050000 0.000586
21.100000 -0.000651
21.150000 0.000930
21.200000 -0.000322
21.250000 0.001226
21.300000 -0.000078
21.350000 0.001405
21.400000 0.000024
21.450000 0.001425
21.500000 -0.000043
21.550000 0.001276
21.600000 -0.000266
21.650000 0.000991
21.700000 -0.000599
21.750000 0.000633
21.800000 -0.000964
21.850000 0.000284
21.900000 -0.001275
21.950000 0.000030
22.000000 -0.001458
22.050000 -0.000069
22.100000 -0.001467
22.150000 0.000015
22.200000 -0.001296
22.250000 0.000264
22.300000 -0.000985
22.350000 0.000621
22.400000 -0.000606
22.450000 0.001001
22.500000 -0.000248
22.550000 0.001316
22.600000 0.000005
22.650000 0.001493
22.700000 0.000094
22.750000 0.001491
22.800000 -0.000000
22.850000 0.001311
22.900000 -0.000256
22.950000 0.000994
23.000000 -0.000617
23.050000 0.000611
23.100000 -0.001002
23.150000 0.000247
23.200000 -0.001326
23.250000 -0.000018
23.300000 -0.001518
23.350000 -0.000123
23.400000 -0.001531
23.450000 -0.000043
23.500000 -0.001361
23.550000 0.000210
23.600000 -0.001041
23.650000 0.000581
23.700000 -0.000640
23.750000 0.000990
23.800000 -0.000247
23.850000 0.001345
23.900000 0.000048
23.950000 0.001563
24.000000 0.000175
24.050000 0.001591
24.100000 0.000101
24.150000 0.001421
24.200000 -0.000159
24.250000 0.001087
24.300000 -0.000548
24.350000 0.000665
24.400000 -0.000979
24.450000 0.000251
24.500000 -0.001354
24.550000 -0.000062
24.600000 -0.001589
24.650000 -0.000205
24.700000 -0.001631
24.750000 -0.000145
24.800000 -0.001473
24.850000 0.000104
24.900000 -0.001148
24.950000 0.000488
25.000000 -0.000727
25.050000 0.000924
25.100000 -0.000300
25.150000 0.001320
25.200000 0.000043
25.250000 0.001591
25.300000 0.000226
25.350000 0.001678
25.400000 0.000210
25.450000 0.001559
25.500000 -0.000007
25.550000 0.001255
25.600000 -0.000382
25.650000 0.000829
25.700000 -0.000838
25.750000 0.000369
25.800000 -0.001277
25.850000 -0.000025
25.900000 -0.001603
25.950000 -0.000264
26.000000 -0.001742
26.050000 -0.000292
26.100000 -0.001658
26.150000 -0.000100
26.200000 -0.001368
26.250000 0.000273
26.300000 -0.000933
26.350000 0.000748
26.400000 -0.000446
26.450000 0.001220
26.500000 -0.000015
26.550000 0.001587
26.600000 0.000269
26.650000 0.001772
26.700000 0.000344
26.750000 0.001735
26.800000 0.000196
26.850000 0.001484
26.900000 -0.000145
26.950000 0.001072
27.000000 -0.000608
27.050000 0.000582
27.100000 -0.001099
27.150000 0.000115
27.200000 -0.001518
27.250000 -0.000233
27.300000 -0.001777
27.350000 -0.000389
27.400000 -0.001822
27.450000 -0.000319
27.500000 -0.001639
27.550000 -0.000032
27.600000 -0.001262
27.650000 0.000418
27.700000 -0.000763
27.750000 0.000941
27.800000 -0.000244
27.850000 0.001428
27.900000 0.000185
27.950000 0.001776
28.000000 0.000432
28.050000 0.001909
28.100000 0.000442
28.150000 0.001795
28.200000 0.000208
28.250000 0.001454
28.300000 -0.000222
28.350000 0.000956
28.400000 -0.000760
28.450000 0.000406
28.500000 -0.001295
28.550000 -0.000084
28.600000 -0.001715
28.650000 -0.000413
28.700000 -0.001936
28.750000 -0.000514
28.800000 -0.001913
28.850000 -0.000367
28.900000 -0.001650
28.950000 -0.000002
29.000000 -0.001200
29.050000 0.000511
29.100000 -0.000650
29.150000 0.001072
29.200000 -0.000106
29.250000 0.001572
29.300000 0.000324
29.350000 0.001911
29.400000 0.000555
29.450000 0.002020
29.500000 0.000536
29.550000 0.001873
29.600000 0.000266
29.650000 0.001492
29.700000 -0.000207
29.750000 0.000949
29.800000 -0.000794
29.850000 0.000349
29.900000 -0.001378
29.950000 -0.000188
30.000000 -0.001840
30.050000 -0.000551
30.100000 -0.002085
30.150000 -0.000664
30.200000 -0.002060
30.250000 -0.000502
30.300000 -0.001768
30.350000 -0.000094
30.400000 -0.001265
30.450000 0.000479
30.500000 -0.000651
30.550000 0.001103
30.600000 -0.000047
30.650000 0.001657
30.700000 0.000430
30.750000 0.002034
30.800000 0.000688
30.850000 0.002162
30.900000 0.000679
30.950000 0.002016
31.000000 0.000403
31.050000 0.001623
31.100000 -0.000090
31.150000 0.001052
31.200000 -0.000711
31.250000 0.000410
31.300000 -0.001345
31.350000 -0.000185
31.400000 -0.001872
31.450000 -0.000619
31.500000 -0.002191
31.550000 -0.000806
31.600000 -0.002235
31.650000 -0.000704
31.700000 -0.001990
31.750000 -0.000326
31.800000 -0.001496
31.850000 0.000261
31.900000 -0.000844
31.950000 0.000947
32.000000 -0.000157
32.050000 0.001601
32.100000 0.000431
32.150000 0.002095
32.200000 0.000807
32.250000 0.002333
32.300000 0.000896
32.350000 0.002268
32.400000 0.000680
32.450000 0.001912
32.500000 0.000199
32.550000 0.001330
32.600000 -0.000456
32.650000 0.000632
32.700000 -0.001165
32.750000 -0.000055
32.800000 -0.001798
32.850000 -0.000606
32.900000 -0.002241
32.950000 -0.000921
33.000000 -0.002414
33.050000 -0.000943
33.100000 -0.002283
33.150000 -0.000663
33.200000 -0.001866
33.250000 -0.000127
33.300000 -0.001233
33.350000 0.000575
33.400000 -0.000494
33.450000 0.001318
33.500000 0.000220
33.550000 0.001968
33.600000 0.000775
33.650000 0.002403
33.700000 0.001068
33.750000 0.002537
33.800000 0.001037
33.850000 0.002341
33.900000 0.000683
33.950000 0.001844
34.000000 0.000066
34.050000 0.001135
34.100000 -0.000703
34.150000 0.000342
34.200000 -0.001483
34.250000 -0.000390
34.300000 -0.002134
34.350000 -0.000929
34.400000 -0.002536
34.450000 -0.001178
34.500000 -0.002619
34.550000 -0.001092
34.600000 -0.002368
34.650000 -0.000687
34.700000 -0.001826
34.750000 -0.000032
34.800000 -0.001086
34.850000 0.000761
34.900000 -0.000274
34.950000 0.001558
35.000000 0.000473
35.050000 0.002222
35.100000 0.001026
35.150000 0.002638
35.200000 0.001287
35.250000 0.002731
35.300000 0.001205
35.350000 0.002476
35.400000 0.000786
35.450000 0.001908
35.500000 0.000094
35.550000 0.001121
35.600000 -0.000755
35.650000 0.000247
35.700000 -0.001614
35.750000 -0.000560
35.800000 -0.002331
35.850000 -0.001156
35.900000 -0.002778
35.950000 -0.001433
36.000000 -0.002873
36.050000 -0.001341
36.100000 -0.002596
36.150000 -0.000892
36.200000 -0.001994
36.250000 -0.000163
36.300000 -0.001169
36.350000 0.000722
36.400000 -0.000261
36.450000 0.001613
36.500000 0.000577
36.550000 0.002363
36.600000 0.001208
36.650000 0.002847
36.700000 0.001525
36.750000 0.002984
36.800000 0.001477
36.850000 0.002750
36.900000 0.001065
36.950000 0.002176
37.000000 0.000353
37.050000 0.001352
37.100000 -0.000550
37.150000 0.000406
37.200000 -0.001500
37.250000 -0.000509
37.300000 -0.002340
37.350000 -0.001240
37.400000 -0.002929
37.450000 -0.001661
37.500000 -0.003161
37.550000 -0.001693
37.600000 -0.002989
37.650000 -0.001324
37.700000 -0.002435
37.750000 -0.000608
37.800000 -0.001587
37.850000 0.000336
37.900000 -0.000584
37.950000 0.001355
38.000000 0.000408
38.050000 0.002279
38.100000 0.001227
38.150000 0.002957
38.200000 0.001738
38.250000 0.003280
38.300000 0.001861
38.350000 0.003195
38.400000 0.001574
38.450000 0.002716
38.500000 0.000921
38.550000 0.001915
38.600000 0.000004
38.650000 0.000914
38.700000 -0.001040
38.750000 -0.000133
38.800000 -0.002049
38.850000 -0.001066
38.900000 -0.002867
38.950000 -0.001738
39.000000 -0.003363
39.050000 -0.002038
39.100000 -0.003453
39.150000 -0.001912
39.200000 -0.003111
39.250000 -0.001367
39.300000 -0.002382
39.350000 -0.000483
39.400000 -0.001373
39.450000 0.000609
39.500000 -0.000241
39.550000 0.001736
39.600000 0.000836
39.650000 0.002718
39.700000 0.001686
39.750000 0.003398
39.800000 0.002170
39.850000 0.003665
39.900000 0.002211
39.950000 0.003477
40.000000 0.001803
40.050000 0.002863
40.100000 0.001007
40.150000 0.001914
40.200000 -0.000056
40.250000 0.000775
40.300000 -0.001228
40.350000 -0.000388
40.400000 -0.002336
40.450000 -0.001402
40.500000 -0.003216
40.550000 -0.002117
40.600000 -0.003736
40.650000 -0.002424
40.700000 -0.003815
40.750000 -0.002271
40.800000 -0.003432
40.850000 -0.001672
40.900000 -0.002634
40.950000 -0.000704
41.000000 -0.001530
41.050000 0.000494
41.100000 -0.000278
41.150000 0.001750
41.200000 0.000936
41.250000 0.002873
41.300000 0.001927
41.350000 0.003691
41.400000 0.002542
41.450000 0.004076
41.500000 0.002682
41.550000 0.003963
41.600000 0.002322
41.650000 0.003365
41.700000 0.001510
41.750000 0.002368
41.800000 0.000367
41.850000 0.001118
41.900000 -0.000942
41.950000 -0.000205
42.000000 -0.002228
42.050000 -0.001411
42.100000 -0.003309
42.150000 -0.002330
42.200000 -0.004031
42.250000 -0.002833
42.300000 -0.004293
42.350000 -0.002846
42.400000 -0.004052
42.450000 -0.002360
42.500000 -0.003334
42.550000 -0.001436
42.600000 -0.002230
42.650000 -0.000191
42.700000 -0.000885
42.750000 0.001205
42.800000 0.000516
42.850000 0.002559
42.900000 0.001777
42.950000 0.003678
43.000000 0.002715
43.050000 0.004397
43.100000 0.003190
43.150000 0.004605
43.200000 0.003126
43.250000 0.004266
43.300000 0.002526
43.350000 0.003422
43.400000 0.001470
43.450000 0.002190
43.500000 0.000107
43.550000 0.000742
43.600000 -0.001371
43.650000 -0.000718
43.700000 -0.002758
43.750000 -0.001987
43.800000 -0.003862
43.850000 -0.002890
43.900000 -0.004529
43.950000 -0.003302
44.000000 -0.004668
44.050000 -0.003165
44.100000 -0.004256
44.150000 -0.002494
44.200000 -0.003344
44.250000 -0.001374
44.300000 -0.002051
44.350000 0.000044
44.400000 -0.000555
44.450000 0.001558
44.500000 0.000920
44.550000 0.002931
44.600000 0.002132
44.650000 0.003917
44.700000 0.002837
44.750000 0.004283
44.800000 0.002820
44.850000 0.003836
44.900000 0.001910
44.950000 0.002434
