-30.000000 -0.000464
-29.950000 -0.000710
-29.900000 -0.001391
-29.850000 -0.001830
-29.800000 -0.002657
-29.750000 -0.003204
-29.700000 -0.004080
-29.650000 -0.004628
-29.600000 -0.005445
-29.550000 -0.005887
-29.500000 -0.006539
-29.450000 -0.006777
-29.400000 -0.007175
-29.350000 -0.007133
-29.300000 -0.007216
-29.250000 -0.006851
-29.200000 -0.006596
-29.150000 -0.005905
-29.100000 -0.005331
-29.050000 -0.004354
-29.000000 -0.003521
-28.950000 -0.002335
-28.900000 -0.001336
-28.850000 -0.000050
-28.800000 0.000996
-28.750000 0.002259
-28.700000 0.003227
-28.650000 0.004342
-28.600000 0.005113
-28.550000 0.005973
-28.500000 0.006451
-28.450000 0.006975
-28.400000 0.007099
-28.350000 0.007244
-28.300000 0.006991
-28.250000 0.006756
-28.200000 0.006145
-28.150000 0.005566
-28.100000 0.004650
-28.050000 0.003798
-28.000000 0.002661
-27.950000 0.001628
-27.900000 0.000373
-27.850000 -0.000730
-27.800000 -0.001990
-27.750000 -0.003047
-27.700000 -0.004196
-27.650000 -0.005094
-27.600000 -0.006024
-27.550000 -0.006662
-27.500000 -0.007281
-27.450000 -0.007580
-27.400000 -0.007823
-27.350000 -0.007735
-27.300000 -0.007573
-27.250000 -0.007089
-27.200000 -0.006535
-27.150000 -0.005690
-27.100000 -0.004799
-27.050000 -0.003668
-27.000000 -0.002534
-26.950000 -0.001227
-26.900000 0.000028
-26.850000 0.001381
-26.800000 0.002622
-26.750000 0.003884
-26.700000 0.004976
-26.650000 0.006022
-26.600000 0.006850
-26.550000 0.007575
-26.500000 0.008054
-26.450000 0.008391
-26.400000 0.008470
-26.350000 0.008391
-26.300000 0.008062
-26.250000 0.007577
-26.200000 0.006871
-26.150000 0.006028
-26.100000 0.005009
-26.050000 0.003887
-26.000000 0.002646
-25.950000 0.001348
-25.900000 -0.000003
-25.850000 -0.001359
-25.800000 -0.002700
-25.750000 -0.003991
-25.700000 -0.005196
-25.650000 -0.006301
-25.600000 -0.007255
-25.550000 -0.008066
-25.500000 -0.008672
-25.450000 -0.009103
-25.400000 -0.009290
-25.350000 -0.009290
-25.300000 -0.009027
-25.250000 -0.008586
-25.200000 -0.007885
-25.150000 -0.007039
-25.100000 -0.005959
-25.050000 -0.004787
-25.000000 -0.003425
-24.950000 -0.002041
-24.900000 -0.000526
-24.850000 0.000932
-24.800000 0.002458
-24.750000 0.003846
-24.700000 0.005243
-24.650000 0.006427
-24.600000 0.007569
-24.550000 0.008437
-24.500000 0.009226
-24.450000 0.009696
-24.400000 0.010069
-24.350000 0.010097
-24.300000 0.010027
-24.250000 0.009604
-24.200000 0.009101
-24.150000 0.008256
-24.100000 0.007367
-24.050000 0.006160
-24.000000 0.004960
-23.950000 0.003483
-23.900000 0.002076
-23.850000 0.000442
-23.800000 -0.001049
-23.750000 -0.002709
-23.700000 -0.004150
-23.650000 -0.005700
-23.600000 -0.006955
-23.550000 -0.008262
-23.500000 -0.009204
-23.450000 -0.010154
-23.400000 -0.010681
-23.350000 -0.011187
-23.300000 -0.011232
-23.250000 -0.011247
-23.200000 -0.010788
-23.150000 -0.010313
-23.100000 -0.009374
-23.050000 -0.008457
-23.000000 -0.007108
-22.950000 -0.005841
-22.900000 -0.004190
-22.850000 -0.002696
-22.800000 -0.000879
-22.750000 0.000702
-22.700000 0.002542
-22.650000 0.004063
-22.600000 0.005784
-22.550000 0.007111
-22.500000 0.008584
-22.450000 0.009600
-22.400000 0.010722
-22.350000 0.011335
-22.300000 0.012028
-22.250000 0.012176
-22.200000 0.012393
-22.150000 0.012046
-22.100000 0.011776
-22.050000 0.010938
-22.000000 0.010202
-21.950000 0.008915
-21.900000 0.007774
-21.850000 0.006114
-21.800000 0.004661
-21.750000 0.002740
-21.700000 0.001100
-21.650000 -0.000946
-21.600000 -0.002627
-21.550000 -0.004646
-21.500000 -0.006214
-21.450000 -0.008052
-21.400000 -0.009356
-21.350000 -0.010871
-21.300000 -0.011782
-21.250000 -0.012861
-21.200000 -0.013283
-21.150000 -0.013849
-21.100000 -0.013728
-21.050000 -0.013751
-21.000000 -0.013079
-20.950000 -0.012575
-20.900000 -0.011390
-20.850000 -0.010416
-20.800000 -0.008795
-20.750000 -0.007445
-20.700000 -0.005496
-20.650000 -0.003887
-20.600000 -0.001736
-20.550000 -0.000003
-20.500000 0.002212
-20.450000 0.003929
-20.400000 0.006068
-20.350000 0.007632
-20.300000 0.009559
-20.250000 0.010839
-20.200000 0.012431
-20.150000 0.013310
-20.100000 0.014461
-20.050000 0.014846
-20.000000 0.015478
-19.950000 0.015308
-19.900000 0.015377
-19.850000 0.014630
-19.800000 0.014135
-19.750000 0.012832
-19.700000 0.011819
-19.650000 0.010028
-19.600000 0.008585
-19.550000 0.006414
-19.500000 0.004667
-19.450000 0.002255
-19.400000 0.000354
-19.350000 -0.002141
-19.300000 -0.004034
-19.250000 -0.006449
-19.200000 -0.008174
-19.150000 -0.010357
-19.100000 -0.011771
-19.050000 -0.013588
-19.000000 -0.014572
-18.950000 -0.015919
-18.900000 -0.016385
-18.850000 -0.017193
-18.800000 -0.017087
-18.750000 -0.017320
-18.700000 -0.016626
-18.650000 -0.016284
-18.600000 -0.015020
-18.550000 -0.014140
-18.500000 -0.012358
-18.450000 -0.011007
-18.400000 -0.008792
-18.350000 -0.007071
-18.300000 -0.004538
-18.250000 -0.002575
-18.200000 0.000138
-18.150000 0.002193
-18.100000 0.004928
-18.050000 0.006914
-18.000000 0.009505
-17.950000 0.011259
-17.900000 0.013548
-17.850000 0.014918
-17.800000 0.016766
-17.750000 0.017627
-17.700000 0.018927
-17.650000 0.019192
-17.600000 0.019879
-17.550000 0.019504
-17.500000 0.019556
-17.450000 0.018543
-17.400000 0.017983
-17.350000 0.016375
-17.300000 0.015263
-17.250000 0.013138
-17.200000 0.011568
-17.150000 0.009030
-17.100000 0.007116
-17.050000 0.004291
-17.000000 0.002167
-16.950000 -0.000807
-16.900000 -0.002998
-16.850000 -0.005972
-16.800000 -0.008078
-16.750000 -0.010901
-16.700000 -0.012772
-16.650000 -0.015297
-16.600000 -0.016790
-16.550000 -0.018878
-16.500000 -0.019866
-16.450000 -0.021403
-16.400000 -0.021783
-16.350000 -0.022684
-16.300000 -0.022390
-16.250000 -0.022610
-16.200000 -0.021619
-16.150000 -0.021156
-16.100000 -0.019491
-16.050000 -0.018393
-16.000000 -0.016125
-15.950000 -0.014482
-15.900000 -0.011720
-15.850000 -0.009660
-15.800000 -0.006545
-15.750000 -0.004220
-15.700000 -0.000912
-15.650000 0.001515
-15.600000 0.004852
-15.550000 0.007218
-15.500000 0.010424
-15.450000 0.012575
-15.400000 0.015505
-15.350000 0.017305
-15.300000 0.019832
-15.250000 0.021162
-15.200000 0.023178
-15.150000 0.023942
-15.100000 0.025361
-15.050000 0.025485
-15.000000 0.026246
-14.950000 0.025683
-14.900000 0.025753
-14.850000 0.024488
-14.800000 0.023870
-14.750000 0.021923
-14.700000 0.020656
-14.650000 0.018087
-14.600000 0.016253
-14.550000 0.013161
-14.500000 0.010876
-14.450000 0.007395
-14.400000 0.004807
-14.350000 0.001096
-14.300000 -0.001628
-14.250000 -0.005395
-14.200000 -0.008077
-14.150000 -0.011725
-14.100000 -0.014194
-14.050000 -0.017556
-14.000000 -0.019655
-13.950000 -0.022585
-13.900000 -0.024179
-13.850000 -0.026558
-13.800000 -0.027543
-13.750000 -0.029280
-13.700000 -0.029580
-13.650000 -0.030615
-13.600000 -0.030187
-13.550000 -0.030492
-13.500000 -0.029322
-13.450000 -0.028899
-13.400000 -0.027004
-13.350000 -0.025884
-13.300000 -0.023312
-13.250000 -0.021559
-13.200000 -0.018388
-13.150000 -0.016097
-13.100000 -0.012437
-13.050000 -0.009733
-13.000000 -0.005724
-12.950000 -0.002759
-12.900000 0.001435
-12.850000 0.004490
-12.800000 0.008694
-12.750000 0.011659
-12.700000 0.015694
-12.650000 0.018396
-12.600000 0.022094
-12.550000 0.024375
-12.500000 0.027593
-12.450000 0.029324
-12.400000 0.031945
-12.350000 0.033027
-12.300000 0.034970
-12.250000 0.035335
-12.200000 0.036548
-12.150000 0.036159
-12.100000 0.036619
-12.050000 0.035467
-12.000000 0.035176
-11.950000 0.033275
-11.900000 0.032260
-11.850000 0.029647
-11.800000 0.027957
-11.750000 0.024693
-11.700000 0.022401
-11.650000 0.018574
-11.600000 0.015779
-11.550000 0.011499
-11.500000 0.008325
-11.450000 0.003729
-11.400000 0.000325
-11.350000 -0.004429
-11.300000 -0.007897
-11.250000 -0.012635
-11.200000 -0.015990
-11.150000 -0.020534
-11.100000 -0.023600
-11.050000 -0.027778
-11.000000 -0.030389
-10.950000 -0.034046
-10.900000 -0.036061
-10.850000 -0.039070
-10.800000 -0.040377
-10.750000 -0.042644
-10.700000 -0.043166
-10.650000 -0.044632
-10.600000 -0.044327
-10.550000 -0.044965
-10.500000 -0.043822
-10.450000 -0.043634
-10.400000 -0.041667
-10.350000 -0.040680
-10.300000 -0.037927
-10.250000 -0.036190
-10.200000 -0.032711
-10.150000 -0.030295
-10.100000 -0.026174
-10.050000 -0.023173
-10.000000 -0.018515
-9.950000 -0.015048
-9.900000 -0.009985
-9.850000 -0.006193
-9.800000 -0.000874
-9.750000 0.003084
-9.700000 0.008494
-9.650000 0.012449
-9.600000 0.017780
-9.550000 0.021566
-9.500000 0.026653
-9.450000 0.030110
-9.400000 0.034805
-9.350000 0.037794
-9.300000 0.041968
-9.250000 0.044373
-9.200000 0.047922
-9.150000 0.049653
-9.100000 0.052501
-9.050000 0.053494
-9.000000 0.055587
-8.950000 0.055798
-8.900000 0.057103
-8.850000 0.056508
-8.800000 0.057007
-8.750000 0.055595
-8.700000 0.055285
-8.650000 0.053058
-8.600000 0.051949
-8.550000 0.048925
-8.500000 0.047042
-8.450000 0.043257
-8.400000 0.040646
-8.350000 0.036156
-8.300000 0.032887
-8.250000 0.027777
-8.200000 0.023947
-8.150000 0.018326
-8.100000 0.014057
-8.050000 0.008059
-8.000000 0.003493
-7.950000 -0.002731
-7.900000 -0.007437
-7.850000 -0.013731
-7.800000 -0.018421
-7.750000 -0.024628
-7.700000 -0.029148
-7.650000 -0.035123
-7.600000 -0.039334
-7.550000 -0.044941
-7.500000 -0.048717
-7.450000 -0.053838
-7.400000 -0.057063
-7.350000 -0.061589
-7.300000 -0.064163
-7.250000 -0.067996
-7.200000 -0.069825
-7.150000 -0.072879
-7.100000 -0.073882
-7.050000 -0.076082
-7.000000 -0.076193
-6.950000 -0.077483
-6.900000 -0.076655
-6.850000 -0.076998
-6.800000 -0.075210
-6.750000 -0.074600
-6.700000 -0.071859
-6.650000 -0.070319
-6.600000 -0.066666
-6.550000 -0.064252
-6.500000 -0.059757
-6.450000 -0.056556
-6.400000 -0.051316
-6.350000 -0.047434
-6.300000 -0.041567
-6.250000 -0.037125
-6.200000 -0.030755
-6.150000 -0.025880
-6.100000 -0.019131
-6.050000 -0.013944
-6.000000 -0.006934
-5.950000 -0.001548
-5.900000 0.005616
-5.850000 0.011100
-5.800000 0.018321
-5.750000 0.023809
-5.700000 0.030997
-5.650000 0.036400
-5.600000 0.043464
-5.550000 0.048694
-5.500000 0.055546
-5.450000 0.060511
-5.400000 0.067062
-5.350000 0.071674
-5.300000 0.077835
-5.250000 0.082009
-5.200000 0.087702
-5.150000 0.091367
-5.100000 0.096526
-5.050000 0.099625
-5.000000 0.104204
-4.950000 0.106701
-4.900000 0.110673
-4.850000 0.112550
-4.800000 0.115904
-4.750000 0.117155
-4.700000 0.119892
-4.650000 0.120522
-4.600000 0.122647
-4.550000 0.122661
-4.500000 0.124178
-4.450000 0.123579
-4.400000 0.124489
-4.350000 0.123272
-4.300000 0.123567
-4.250000 0.121723
-4.200000 0.121390
-4.150000 0.118905
-4.100000 0.117929
-4.050000 0.114787
-4.000000 0.113156
-3.950000 0.109349
-3.900000 0.107057
-3.850000 0.102585
-3.800000 0.099638
-3.750000 0.094511
-3.700000 0.090925
-3.650000 0.085163
-3.600000 0.080962
-3.550000 0.074591
-3.500000 0.069800
-3.450000 0.062845
-3.400000 0.057485
-3.350000 0.049963
-3.300000 0.044048
-3.250000 0.035967
-3.200000 0.029500
-3.150000 0.020859
-3.100000 0.013835
-3.050000 0.004629
-3.000000 -0.002957
-2.950000 -0.012732
-2.900000 -0.020878
-2.850000 -0.031213
-2.800000 -0.039903
-2.750000 -0.050774
-2.700000 -0.059975
-2.650000 -0.071337
-2.600000 -0.080994
-2.550000 -0.092787
-2.500000 -0.102831
-2.450000 -0.114978
-2.400000 -0.125329
-2.350000 -0.137746
-2.300000 -0.148317
-2.250000 -0.160915
-2.200000 -0.171618
-2.150000 -0.184310
-2.100000 -0.195055
-2.050000 -0.207749
-2.000000 -0.218445
-1.950000 -0.231048
-1.900000 -0.241599
-1.850000 -0.254012
-1.800000 -0.264311
-1.750000 -0.276421
-1.700000 -0.286349
-1.650000 -0.298029
-1.600000 -0.307454
-1.550000 -0.318563
-1.500000 -0.327336
-1.450000 -0.337722
-1.400000 -0.345689
-1.350000 -0.355199
-1.300000 -0.362210
-1.250000 -0.370699
-1.200000 -0.376619
-1.150000 -0.383966
-1.100000 -0.388687
-1.050000 -0.394798
-1.000000 -0.398244
-0.950000 -0.403063
-0.900000 -0.405196
-0.850000 -0.408698
-0.800000 -0.409509
-0.750000 -0.411702
-0.700000 -0.411208
-0.650000 -0.412118
-0.600000 -0.410354
-0.550000 -0.410022
-0.500000 -0.407036
-0.450000 -0.405513
-0.400000 -0.401361
-0.350000 -0.398710
-0.300000 -0.393460
-0.250000 -0.389758
-0.200000 -0.383495
-0.150000 -0.378834
-0.100000 -0.371661
-0.050000 -0.366154
0.000000 -0.358193
0.050000 -0.351972
0.100000 -0.343363
0.150000 -0.336574
0.200000 -0.327468
0.250000 -0.320264
0.300000 -0.310814
0.350000 -0.303345
0.400000 -0.293696
0.450000 -0.286102
0.500000 -0.276383
0.550000 -0.268782
0.600000 -0.259102
0.650000 -0.251589
0.700000 -0.242030
0.750000 -0.234676
0.800000 -0.225298
0.850000 -0.218153
0.900000 -0.208999
0.950000 -0.202100
1.000000 -0.193202
1.050000 -0.186580
1.100000 -0.177968
1.150000 -0.171654
1.200000 -0.163361
1.250000 -0.157389
1.300000 -0.149453
1.350000 -0.143862
1.400000 -0.136318
1.450000 -0.131141
1.500000 -0.124022
1.550000 -0.119285
1.600000 -0.112607
1.650000 -0.108321
1.700000 -0.102085
1.750000 -0.098239
1.800000 -0.092428
1.850000 -0.088997
1.900000 -0.083578
1.950000 -0.080524
2.000000 -0.075455
2.050000 -0.072737
2.100000 -0.067978
2.150000 -0.065558
2.200000 -0.061077
2.250000 -0.058926
2.300000 -0.054701
2.350000 -0.052806
2.400000 -0.048827
2.450000 -0.047183
2.500000 -0.043452
2.550000 -0.042063
2.600000 -0.038582
2.650000 -0.037452
2.700000 -0.034226
2.750000 -0.033354
2.800000 -0.030377
2.850000 -0.029753
2.900000 -0.027010
2.950000 -0.026613
3.000000 -0.024077
3.050000 -0.023877
3.100000 -0.021514
3.150000 -0.021473
3.200000 -0.019246
3.250000 -0.019328
3.300000 -0.017204
3.350000 -0.017383
3.400000 -0.015342
3.450000 -0.015604
3.500000 -0.013640
3.550000 -0.013988
3.600000 -0.012114
3.650000 -0.012568
3.700000 -0.010807
3.750000 -0.011394
3.800000 -0.009777
3.850000 -0.010528
3.900000 -0.009083
3.950000 -0.010024
4.000000 -0.008772
4.050000 -0.009921
4.100000 -0.008879
4.150000 -0.010247
4.200000 -0.009424
4.250000 -0.011025
4.300000 -0.010438
4.350000 -0.012293
4.400000 -0.011975
4.450000 -0.014129
4.500000 -0.014140
4.550000 -0.016672
4.600000 -0.017111
4.650000 -0.020145
4.700000 -0.021161
4.750000 -0.024872
4.800000 -0.026669
4.850000 -0.031293
4.900000 -0.034142
4.950000 -0.039988
5.000000 -0.044237
5.050000 -0.051696
5.100000 -0.057788
5.150000 -0.067358
5.200000 -0.075852
5.250000 -0.088164
5.300000 -0.099774
5.350000 -0.115633
5.400000 -0.131269
5.450000 -0.151706
5.500000 -0.172531
5.550000 -0.198860
5.600000 -0.226354
5.650000 -0.260236
5.700000 -0.296258
5.750000 -0.339762
5.800000 -0.386599
5.850000 -0.442231
5.900000 -0.502606
5.950000 -0.573291
6.000000 -0.650298
6.050000 -0.739252
6.100000 -0.836159
6.150000 -0.946603
6.200000 -1.066452
6.250000 -1.201080
6.300000 -1.346005
6.350000 -1.506139
6.400000 -1.676352
6.450000 -1.860761
6.500000 -2.053241
6.550000 -2.256760
6.600000 -2.463877
6.650000 -2.676174
6.700000 -2.884771
6.750000 -3.089922
6.800000 -3.281597
6.850000 -3.459269
6.900000 -3.612576
6.950000 -3.741275
7.000000 -3.835925
7.050000 -3.897892
7.100000 -3.919923
7.150000 -3.906054
7.200000 -3.851942
7.250000 -3.764576
7.300000 -3.642330
7.350000 -3.494507
7.400000 -3.321195
7.450000 -3.132770
7.500000 -2.929710
7.550000 -2.722192
7.600000 -2.509976
7.650000 -2.302171
7.700000 -2.097221
7.750000 -1.902830
7.800000 -1.716029
7.850000 -1.543209
7.900000 -1.380210
7.950000 -1.232416
8.000000 -1.094821
8.050000 -0.972156
8.100000 -0.858904
8.150000 -0.759441
8.200000 -0.668001
8.250000 -0.588822
8.300000 -0.516057
8.350000 -0.453946
8.400000 -0.396662
8.450000 -0.348517
8.500000 -0.303761
8.550000 -0.266808
8.600000 -0.232001
8.650000 -0.203870
8.700000 -0.176851
8.750000 -0.155584
8.800000 -0.134593
8.850000 -0.118617
8.900000 -0.102254
8.950000 -0.090331
9.000000 -0.077505
9.050000 -0.068680
9.100000 -0.058559
9.150000 -0.052106
9.200000 -0.044061
9.250000 -0.039438
9.300000 -0.032997
9.350000 -0.029793
9.400000 -0.024603
9.450000 -0.022508
9.500000 -0.018294
9.550000 -0.017067
9.600000 -0.013613
9.650000 -0.013058
9.700000 -0.010186
9.750000 -0.010140
9.800000 -0.007699
9.850000 -0.008025
9.900000 -0.005889
9.950000 -0.006470
10.000000 -0.004536
10.050000 -0.005280
10.100000 -0.003467
10.150000 -0.004308
10.200000 -0.002563
10.250000 -0.003459
10.300000 -0.001754
10.350000 -0.002690
10.400000 -0.001021
10.450000 -0.002002
10.500000 -0.000380
10.550000 -0.001424
10.600000 0.000131
10.650000 -0.000995
10.700000 0.000476
10.750000 -0.000743
10.800000 0.000638
10.850000 -0.000672
10.900000 0.000630
10.950000 -0.000753
11.000000 0.000496
11.050000 -0.000928
11.100000 0.000305
11.150000 -0.001122
11.200000 0.000131
11.250000 -0.001265
11.300000 0.000037
11.350000 -0.001305
11.400000 0.000061
11.450000 -0.001221
11.500000 0.000206
11.550000 -0.001027
11.600000 0.000444
11.650000 -0.000764
11.700000 0.000721
11.750000 -0.000494
11.800000 0.000974
11.850000 -0.000279
11.900000 0.001145
11.950000 -0.000169
12.000000 0.001193
12.050000 -0.000190
12.100000 0.001109
12.150000 -0.000337
12.200000 0.000912
12.250000 -0.000577
12.300000 0.000650
12.350000 -0.000850
12.400000 0.000388
12.450000 -0.001089
12.500000 0.000192
12.550000 -0.001234
12.600000 0.000114
12.650000 -0.001245
12.700000 0.000177
12.750000 -0.001115
12.800000 0.000370
12.850000 -0.000876
12.900000 0.000646
12.950000 -0.000585
13.000000 0.000938
13.050000 -0.000317
13.100000 0.001170
13.150000 -0.000141
13.200000 0.001283
13.250000 -0.000103
13.300000 0.001249
13.350000 -0.000213
13.400000 0.001075
13.450000 -0.000444
13.500000 0.000807
13.550000 -0.000737
13.600000 0.000512
13.650000 -0.001022
13.700000 0.000262
13.750000 -0.001227
13.800000 0.000118
13.850000 -0.001306
13.900000 0.000114
13.950000 -0.001240
14.000000 0.000250
14.050000 -0.001046
14.100000 0.000496
14.150000 -0.000768
14.200000 0.000795
14.250000 -0.000472
14.300000 0.001076
14.350000 -0.000228
14.400000 0.001273
14.450000 -0.000094
14.500000 0.001340
14.550000 -0.000105
14.600000 0.001256
14.650000 -0.000263
14.700000 0.001039
14.750000 -0.000532
14.800000 0.000738
14.850000 -0.000852
14.900000 0.000424
14.950000 -0.001144
15.000000 0.000175
15.050000 -0.001339
15.100000 0.000054
15.150000 -0.001384
15.200000 0.000093
15.250000 -0.001268
15.300000 0.000285
15.350000 -0.001016
15.400000 0.000586
15.450000 -0.000690
15.500000 0.000922
15.550000 -0.000369
15.600000 0.001212
15.650000 -0.000133
15.700000 0.001386
15.750000 -0.000037
15.800000 0.001403
15.850000 -0.000105
15.900000 0.001260
15.950000 -0.000319
16.000000 0.000993
16.050000 -0.000628
16.100000 0.000664
16.150000 -0.000962
16.200000 0.000349
16.250000 -0.001245
16.300000 0.000120
16.350000 -0.001412
16.400000 0.000029
16.450000 -0.001426
16.500000 0.000099
16.550000 -0.001281
16.600000 0.000316
16.650000 -0.001008
16.700000 0.000634
16.750000 -0.000667
16.800000 0.000983
16.850000 -0.000336
16.900000 0.001283
16.950000 -0.000091
17.000000 0.001463
17.050000 0.000007
17.100000 0.001477
17.150000 -0.000069
17.200000 0.001320
17.250000 -0.000304
17.300000 0.001024
17.350000 -0.000648
17.400000 0.000657
17.450000 -0.001020
17.500000 0.000306
17.550000 -0.001333
17.600000 0.000055
17.650000 -0.001512
17.700000 -0.000036
17.750000 -0.001515
17.800000 0.000055
17.850000 -0.001340
17.900000 0.000307
17.950000 -0.001030
18.000000 0.000662
18.050000 -0.000656
18.100000 0.001038
18.150000 -0.000304
18.200000 0.001351
18.250000 -0.000053
18.300000 0.001531
18.350000 0.000042
18.400000 0.001540
18.450000 -0.000040
18.500000 0.001376
18.550000 -0.000281
18.600000 0.001075
18.650000 -0.000631
18.700000 0.000700
18.750000 -0.001015
18.800000 0.000333
18.850000 -0.001350
18.900000 0.000054
18.950000 -0.001561
19.000000 -0.000072
19.050000 -0.001599
19.100000 -0.000014
19.150000 -0.001452
19.200000 0.000220
19.250000 -0.001146
19.300000 0.000584
19.350000 -0.000749
19.400000 0.000997
19.450000 -0.000349
19.500000 0.001366
19.550000 -0.000037
19.600000 0.001606
19.650000 0.000113
19.700000 0.001661
19.750000 0.000065
19.800000 0.001517
19.850000 -0.000172
19.900000 0.001205
19.950000 -0.000546
20.000000 0.000795
20.050000 -0.000973
20.100000 0.000379
20.150000 -0.001358
20.200000 0.000050
20.250000 -0.001617
20.300000 -0.000120
20.350000 -0.001694
20.400000 -0.000097
20.450000 -0.001575
20.500000 0.000116
20.550000 -0.001285
20.600000 0.000472
20.650000 -0.000886
20.700000 0.000896
20.750000 -0.000462
20.800000 0.001301
20.850000 -0.000102
20.900000 0.001602
20.950000 0.000120
21.000000 0.001735
21.050000 0.000152
21.100000 0.001669
21.150000 -0.000015
21.200000 0.001412
21.250000 -0.000352
21.300000 0.001016
21.350000 -0.000791
21.400000 0.000561
21.450000 -0.001240
21.500000 0.000146
21.550000 -0.001601
21.600000 -0.000136
21.650000 -0.001792
21.700000 -0.000222
21.750000 -0.001770
21.800000 -0.000087
21.850000 -0.001534
21.900000 0.000240
21.950000 -0.001136
22.000000 0.000691
22.050000 -0.000661
22.100000 0.001167
22.150000 -0.000213
22.200000 0.001567
22.250000 0.000114
22.300000 0.001806
22.350000 0.000248
22.400000 0.001833
22.450000 0.000164
22.500000 0.001645
22.550000 -0.000121
22.600000 0.001281
22.650000 -0.000548
22.700000 0.000817
22.750000 -0.001029
22.800000 0.000347
22.850000 -0.001468
22.900000 -0.000034
22.950000 -0.001776
23.000000 -0.000250
23.050000 -0.001890
23.100000 -0.000253
23.150000 -0.001785
23.200000 -0.000041
23.250000 -0.001478
23.300000 0.000349
23.350000 -0.001027
23.400000 0.000843
23.450000 -0.000520
23.500000 0.001340
23.550000 -0.000061
23.600000 0.001738
23.650000 0.000252
23.700000 0.001952
23.750000 0.000350
23.800000 0.001931
23.850000 0.000207
23.900000 0.001675
23.950000 -0.000151
24.000000 0.001235
24.050000 -0.000652
24.100000 0.000703
24.150000 -0.001190
24.200000 0.000189
24.250000 -0.001655
24.300000 -0.000199
24.350000 -0.001950
24.400000 -0.000383
24.450000 -0.002016
24.500000 -0.000325
24.550000 -0.001840
24.600000 -0.000037
24.650000 -0.001459
24.700000 0.000421
24.750000 -0.000948
24.800000 0.000960
24.850000 -0.000410
24.900000 0.001475
24.950000 0.000053
25.000000 0.001865
25.050000 0.000349
25.100000 0.002056
25.150000 0.000421
25.200000 0.002007
25.250000 0.000252
25.300000 0.001726
25.350000 -0.000131
25.400000 0.001262
25.450000 -0.000657
25.500000 0.000701
25.550000 -0.001227
25.600000 0.000152
25.650000 -0.001731
25.700000 -0.000277
25.750000 -0.002064
25.800000 -0.000495
25.850000 -0.002157
25.900000 -0.000454
25.950000 -0.001985
26.000000 -0.000156
26.050000 -0.001577
26.100000 0.000343
26.150000 -0.001013
26.200000 0.000945
26.250000 -0.000406
26.300000 0.001529
26.350000 0.000122
26.400000 0.001978
26.450000 0.000467
26.500000 0.002203
26.550000 0.000561
26.600000 0.002163
26.650000 0.000387
26.700000 0.001866
26.750000 -0.000021
26.800000 0.001370
26.850000 -0.000583
26.900000 0.000769
26.950000 -0.001196
27.000000 0.000176
27.050000 -0.001744
27.100000 -0.000300
27.150000 -0.002127
27.200000 -0.000570
27.250000 -0.002273
27.300000 -0.000582
27.350000 -0.002150
27.400000 -0.000329
27.450000 -0.001778
27.500000 0.000148
27.550000 -0.001221
27.600000 0.000763
27.650000 -0.000578
27.700000 0.001405
27.750000 0.000031
27.800000 0.001952
27.850000 0.000489
27.900000 0.002298
27.950000 0.000703
28.000000 0.002371
28.050000 0.000628
28.100000 0.002151
28.150000 0.000271
28.200000 0.001675
28.250000 -0.000302
28.300000 0.001033
28.350000 -0.000984
28.400000 0.000347
28.450000 -0.001643
28.500000 -0.000252
28.550000 -0.002154
28.600000 -0.000650
28.650000 -0.002421
28.700000 -0.000773
28.750000 -0.002397
28.800000 -0.000601
28.850000 -0.002086
28.900000 -0.000166
28.950000 -0.001548
29.000000 0.000452
29.050000 -0.000878
29.100000 0.001144
29.150000 -0.000196
29.200000 0.001788
29.250000 0.000379
29.300000 0.002270
29.350000 0.000745
29.400000 0.002504
29.450000 0.000834
29.500000 0.002443
29.550000 0.000624
29.600000 0.002092
29.650000 0.000146
29.700000 0.001508
29.750000 -0.000520
29.800000 0.000790
29.850000 -0.001259
29.900000 0.000065
29.950000 -0.001938
30.000000 -0.000534
30.050000 -0.002429
30.100000 -0.000894
30.150000 -0.002640
30.200000 -0.000943
30.250000 -0.002525
30.300000 -0.000667
30.350000 -0.002101
30.400000 -0.000114
30.450000 -0.001443
30.500000 0.000618
30.550000 -0.000671
30.600000 0.001396
30.650000 0.000075
30.700000 0.002078
30.750000 0.000662
30.800000 0.002544
30.850000 0.000987
30.900000 0.002714
30.950000 0.000994
31.000000 0.002558
31.050000 0.000683
31.100000 0.002106
31.150000 0.000108
31.200000 0.001434
31.250000 -0.000634
31.300000 0.000653
31.350000 -0.001421
31.400000 -0.000106
31.450000 -0.002121
31.500000 -0.000717
31.550000 -0.002615
31.600000 -0.001073
31.650000 -0.002816
31.700000 -0.001107
31.750000 -0.002680
31.800000 -0.000805
31.850000 -0.002224
31.900000 -0.000211
31.950000 -0.001517
32.000000 0.000579
32.050000 -0.000678
32.100000 0.001431
32.150000 0.000149
32.200000 0.002196
32.250000 0.000818
32.300000 0.002737
32.350000 0.001208
32.400000 0.002957
32.450000 0.001247
32.500000 0.002814
32.550000 0.000926
32.600000 0.002329
32.650000 0.000300
32.700000 0.001588
32.750000 -0.000525
32.800000 0.000715
32.850000 -0.001408
32.900000 -0.000140
32.950000 -0.002200
33.000000 -0.000836
33.050000 -0.002770
33.100000 -0.001258
33.150000 -0.003027
33.200000 -0.001339
33.250000 -0.002929
33.300000 -0.001066
33.350000 -0.002490
33.400000 -0.000478
33.450000 -0.001777
33.500000 0.000332
33.550000 -0.000900
33.600000 0.001240
33.650000 0.000004
33.700000 0.002102
33.750000 0.000788
33.800000 0.002776
33.850000 0.001323
33.900000 0.003147
33.950000 0.001512
34.000000 0.003144
34.050000 0.001316
34.100000 0.002759
34.150000 0.000757
34.200000 0.002047
34.250000 -0.000078
34.300000 0.001123
34.350000 -0.001052
34.400000 0.000139
34.450000 -0.002005
34.500000 -0.000742
34.550000 -0.002776
34.600000 -0.001371
34.650000 -0.003237
34.700000 -0.001645
34.750000 -0.003312
34.800000 -0.001520
34.850000 -0.002990
34.900000 -0.001015
34.950000 -0.002323
35.000000 -0.000214
35.050000 -0.001418
35.100000 0.000758
35.150000 -0.000417
35.200000 0.001750
35.250000 0.000527
35.300000 0.002609
35.350000 0.001270
35.400000 0.003205
35.450000 0.001696
35.500000 0.003443
35.550000 0.001738
35.600000 0.003284
35.650000 0.001381
35.700000 0.002742
35.750000 0.000673
35.800000 0.001892
35.850000 -0.000286
35.900000 0.000857
35.950000 -0.001355
36.000000 -0.000204
36.050000 -0.002365
36.100000 -0.001124
36.150000 -0.003156
36.200000 -0.001753
36.250000 -0.003595
36.300000 -0.001983
36.350000 -0.003605
36.400000 -0.001773
36.450000 -0.003180
36.500000 -0.001150
36.550000 -0.002383
36.600000 -0.000212
36.650000 -0.001339
36.700000 0.000895
36.750000 -0.000211
36.800000 0.002000
36.850000 0.000829
36.900000 0.002934
36.950000 0.001623
37.000000 0.003558
37.050000 0.002054
37.100000 0.003779
37.150000 0.002058
37.200000 0.003565
37.250000 0.001635
37.300000 0.002947
37.350000 0.000844
37.400000 0.002010
37.450000 -0.000204
37.500000 0.000886
37.550000 -0.001363
37.600000 -0.000266
37.650000 -0.002465
37.700000 -0.001280
37.750000 -0.003350
37.800000 -0.002003
37.850000 -0.003881
37.900000 -0.002322
37.950000 -0.003972
38.000000 -0.002178
38.050000 -0.003595
38.100000 -0.001582
38.150000 -0.002797
38.200000 -0.000612
38.250000 -0.001689
38.300000 0.000592
38.350000 -0.000435
38.400000 0.001849
38.450000 0.000778
38.500000 0.002970
38.550000 0.001766
38.600000 0.003786
38.650000 0.002381
38.700000 0.004176
38.750000 0.002532
38.800000 0.004082
38.850000 0.002200
38.900000 0.003521
38.950000 0.001432
39.000000 0.002574
39.050000 0.000340
39.100000 0.001373
39.150000 -0.000926
39.200000 0.000085
39.250000 -0.002191
39.300000 -0.001116
39.350000 -0.003284
39.400000 -0.002063
39.450000 -0.004051
39.500000 -0.002624
39.550000 -0.004383
39.600000 -0.002715
39.650000 -0.004226
39.700000 -0.002313
39.750000 -0.003589
39.800000 -0.001462
39.850000 -0.002550
39.900000 -0.000270
39.950000 -0.001244
40.000000 0.001103
40.050000 0.000149
40.100000 0.002465
40.150000 0.001433
40.200000 0.003621
40.250000 0.002420
40.300000 0.004402
40.350000 0.002965
40.400000 0.004689
40.450000 0.002985
40.500000 0.004438
40.550000 0.002473
40.600000 0.003681
40.650000 0.001499
40.700000 0.002523
40.750000 0.000199
40.800000 0.001125
40.850000 -0.001249
40.900000 -0.000324
40.950000 -0.002648
41.000000 -0.001629
41.050000 -0.003814
41.100000 -0.002619
41.150000 -0.004595
41.200000 -0.003166
41.250000 -0.004888
41.300000 -0.003196
41.350000 -0.004651
41.400000 -0.002699
41.450000 -0.003906
41.500000 -0.001730
41.550000 -0.002740
41.600000 -0.000404
41.650000 -0.001295
41.700000 0.001112
41.750000 0.000245
41.800000 0.002624
41.850000 0.001679
41.900000 0.003929
41.950000 0.002810
42.000000 0.004846
42.050000 0.003481
42.100000 0.005243
42.150000 0.003590
42.200000 0.005057
42.250000 0.003114
42.300000 0.004304
42.350000 0.002109
42.400000 0.003079
42.450000 0.000707
42.500000 0.001544
42.550000 -0.000909
42.600000 -0.000100
42.650000 -0.002526
42.700000 -0.001639
42.750000 -0.003935
42.800000 -0.002874
42.850000 -0.004956
42.900000 -0.003651
42.950000 -0.005463
43.000000 -0.003874
43.050000 -0.005394
43.100000 -0.003517
43.150000 -0.004758
43.200000 -0.002622
43.250000 -0.003628
43.300000 -0.001292
43.350000 -0.002137
43.400000 0.000314
43.450000 -0.000462
43.500000 0.002005
43.550000 0.001194
43.600000 0.003573
43.650000 0.002623
43.700000 0.004814
43.750000 0.003635
43.800000 0.005559
43.850000 0.004088
43.900000 0.005698
43.950000 0.003905
44.000000 0.005195
44.050000 0.003094
44.100000 0.004098
44.150000 0.001746
44.200000 0.002540
44.250000 0.000030
44.300000 0.000719
44.350000 -0.001832
44.400000 -0.001121
44.450000 -0.003585
44.500000 -0.002725
44.550000 -0.004975
44.600000 -0.003845
44.650000 -0.005771
44.700000 -0.004270
44.750000 -0.005783
44.800000 -0.003837
44.850000 -0.004875
44.900000 -0.002434
44.950000 -0.002961
