-30.000000 0.001963
-29.950000 0.001898
-29.900000 0.003770
-29.850000 0.003593
-29.800000 0.005313
-29.750000 0.004955
-29.700000 0.006450
-29.650000 0.005842
-29.600000 0.007049
-29.550000 0.006138
-29.500000 0.007021
-29.450000 0.005788
-29.400000 0.006345
-29.350000 0.004808
-29.300000 0.005077
-29.250000 0.003291
-29.200000 0.003344
-29.150000 0.001397
-29.100000 0.001333
-29.050000 -0.000669
-29.000000 -0.000739
-28.950000 -0.002684
-28.900000 -0.002648
-28.850000 -0.004429
-28.800000 -0.004190
-28.750000 -0.005718
-28.700000 -0.005199
-28.650000 -0.006412
-28.600000 -0.005565
-28.550000 -0.006431
-28.500000 -0.005243
-28.450000 -0.005768
-28.400000 -0.004261
-28.350000 -0.004483
-28.300000 -0.002715
-28.250000 -0.002709
-28.200000 -0.000768
-28.150000 -0.000637
-28.100000 0.001365
-28.050000 0.001503
-28.000000 0.003442
-27.950000 0.003463
-27.900000 0.005218
-27.850000 0.005010
-27.800000 0.006482
-27.750000 0.005958
-27.700000 0.007077
-27.650000 0.006189
-27.600000 0.006929
-27.550000 0.005671
-27.500000 0.006048
-27.450000 0.004459
-27.400000 0.004532
-27.350000 0.002688
-27.300000 0.002548
-27.250000 0.000554
-27.200000 0.000314
-27.150000 -0.001711
-27.100000 -0.001929
-27.050000 -0.003864
-27.000000 -0.003941
-26.950000 -0.005676
-26.900000 -0.005512
-26.850000 -0.006956
-26.800000 -0.006473
-26.750000 -0.007564
-26.700000 -0.006718
-26.650000 -0.007428
-26.600000 -0.006208
-26.550000 -0.006547
-26.500000 -0.004981
-26.450000 -0.004995
-26.400000 -0.003149
-26.350000 -0.002921
-26.300000 -0.000892
-26.250000 -0.000532
-26.200000 0.001558
-26.150000 0.001921
-26.100000 0.003939
-26.050000 0.004171
-26.000000 0.005990
-25.950000 0.005971
-25.900000 0.007481
-25.850000 0.007119
-25.800000 0.008245
-25.750000 0.007485
-25.700000 0.008195
-25.650000 0.007027
-25.600000 0.007334
-25.550000 0.005792
-25.500000 0.005749
-25.450000 0.003906
-25.400000 0.003604
-25.350000 0.001563
-25.300000 0.001113
-25.250000 -0.001007
-25.200000 -0.001479
-25.150000 -0.003552
-25.100000 -0.003920
-25.050000 -0.005822
-25.000000 -0.005971
-24.950000 -0.007595
-24.900000 -0.007429
-24.850000 -0.008692
-24.800000 -0.008141
-24.750000 -0.008991
-24.700000 -0.008022
-24.650000 -0.008444
-24.600000 -0.007063
-24.550000 -0.007085
-24.500000 -0.005340
-24.450000 -0.005029
-24.400000 -0.003005
-24.350000 -0.002465
-24.300000 -0.000281
-24.250000 0.000359
-24.200000 0.002563
-24.150000 0.003160
-24.100000 0.005242
-24.050000 0.005655
-24.000000 0.007483
-23.950000 0.007592
-23.900000 0.009060
-23.850000 0.008776
-23.800000 0.009816
-23.750000 0.009092
-23.700000 0.009678
-23.650000 0.008511
-23.600000 0.008661
-23.550000 0.007088
-23.500000 0.006858
-23.450000 0.004953
-23.400000 0.004431
-23.350000 0.002295
-23.300000 0.001594
-23.250000 -0.000651
-23.200000 -0.001405
-23.150000 -0.003628
-23.100000 -0.004300
-23.050000 -0.006369
-23.000000 -0.006830
-22.950000 -0.008620
-22.900000 -0.008755
-22.850000 -0.010164
-22.800000 -0.009883
-22.750000 -0.010839
-22.700000 -0.010090
-22.650000 -0.010560
-22.600000 -0.009333
-22.550000 -0.009331
-22.500000 -0.007664
-22.450000 -0.007250
-22.400000 -0.005224
-22.350000 -0.004498
-22.300000 -0.002230
-22.250000 -0.001324
-22.200000 0.001045
-22.150000 0.001982
-22.100000 0.004300
-22.050000 0.005120
-22.000000 0.007242
-21.950000 0.007809
-21.900000 0.009612
-21.850000 0.009815
-21.800000 0.011204
-21.750000 0.010967
-21.700000 0.011884
-21.650000 0.011167
-21.600000 0.011593
-21.550000 0.010395
-21.500000 0.010346
-21.450000 0.008702
-21.400000 0.008232
-21.350000 0.006213
-21.300000 0.005407
-21.250000 0.003114
-21.200000 0.002089
-21.150000 -0.000350
-21.100000 -0.001458
-21.050000 -0.003899
-21.000000 -0.004939
-20.950000 -0.007229
-20.900000 -0.008052
-20.850000 -0.010047
-20.800000 -0.010518
-20.750000 -0.012097
-20.700000 -0.012110
-20.650000 -0.013186
-20.600000 -0.012677
-20.550000 -0.013208
-20.500000 -0.012159
-20.450000 -0.012153
-20.400000 -0.010593
-20.350000 -0.010103
-20.300000 -0.008109
-20.250000 -0.007228
-20.200000 -0.004909
-20.150000 -0.003760
-20.100000 -0.001249
-20.050000 0.000027
-20.000000 0.002583
-19.950000 0.003837
-19.900000 0.006293
-19.850000 0.007382
-19.800000 0.009598
-19.750000 0.010392
-19.700000 0.012247
-19.650000 0.012633
-19.600000 0.014029
-19.550000 0.013924
-19.500000 0.014792
-19.450000 0.014146
-19.400000 0.014453
-19.350000 0.013253
-19.300000 0.013009
-19.250000 0.011285
-19.200000 0.010542
-19.150000 0.008369
-19.100000 0.007221
-19.050000 0.004713
-19.000000 0.003292
-18.950000 0.000594
-18.900000 -0.000944
-18.850000 -0.003669
-18.800000 -0.005157
-18.750000 -0.007744
-18.700000 -0.009020
-18.650000 -0.011314
-18.600000 -0.012237
-18.550000 -0.014110
-18.500000 -0.014567
-18.450000 -0.015923
-18.400000 -0.015838
-18.350000 -0.016622
-18.300000 -0.015958
-18.250000 -0.016153
-18.200000 -0.014912
-18.150000 -0.014539
-18.100000 -0.012763
-18.050000 -0.011880
-18.000000 -0.009644
-17.950000 -0.008344
-17.900000 -0.005755
-17.850000 -0.004159
-17.800000 -0.001350
-17.750000 0.000398
-17.700000 0.003274
-17.650000 0.005016
-17.600000 0.007796
-17.550000 0.009368
-17.500000 0.011892
-17.450000 0.013138
-17.400000 0.015258
-17.350000 0.016044
-17.300000 0.017640
-17.250000 0.017864
-17.200000 0.018855
-17.150000 0.018457
-17.100000 0.018805
-17.050000 0.017771
-17.000000 0.017487
-16.950000 0.015850
-16.900000 0.014987
-16.850000 0.012821
-16.800000 0.011472
-16.750000 0.008883
-16.700000 0.007166
-16.650000 0.004285
-16.600000 0.002340
-16.550000 -0.000688
-16.500000 -0.002710
-16.450000 -0.005730
-16.400000 -0.007673
-16.350000 -0.010530
-16.300000 -0.012242
-16.250000 -0.014785
-16.200000 -0.016119
-16.150000 -0.018211
-16.100000 -0.019041
-16.050000 -0.020568
-16.000000 -0.020794
-15.950000 -0.021673
-15.900000 -0.021233
-15.850000 -0.021423
-15.800000 -0.020299
-15.750000 -0.019805
-15.700000 -0.018026
-15.650000 -0.016903
-15.600000 -0.014546
-15.550000 -0.012891
-15.500000 -0.010071
-15.450000 -0.008017
-15.400000 -0.004883
-15.350000 -0.002588
-15.300000 0.000696
-15.250000 0.003064
-15.200000 0.006327
-15.150000 0.008599
-15.100000 0.011678
-15.050000 0.013697
-15.000000 0.016443
-14.950000 0.018070
-14.900000 0.020355
-14.850000 0.021473
-14.800000 0.023192
-14.750000 0.023710
-14.700000 0.024786
-14.650000 0.024641
-14.600000 0.025026
-14.550000 0.024185
-14.500000 0.023865
-14.450000 0.022333
-14.400000 0.021330
-14.350000 0.019149
-14.300000 0.017526
-14.250000 0.014780
-14.200000 0.012640
-14.150000 0.009449
-14.100000 0.006930
-14.050000 0.003448
-14.000000 0.000714
-13.950000 -0.002887
-13.900000 -0.005657
-13.850000 -0.009196
-13.800000 -0.011822
-13.750000 -0.015123
-13.700000 -0.017438
-13.650000 -0.020342
-13.600000 -0.022197
-13.550000 -0.024570
-13.500000 -0.025846
-13.450000 -0.027583
-13.400000 -0.028190
-13.350000 -0.029218
-13.300000 -0.029101
-13.250000 -0.029382
-13.200000 -0.028518
-13.150000 -0.028045
-13.100000 -0.026447
-13.050000 -0.025250
-13.000000 -0.022963
-12.950000 -0.021106
-12.900000 -0.018211
-12.850000 -0.015791
-12.800000 -0.012403
-12.750000 -0.009550
-12.700000 -0.005812
-12.650000 -0.002683
-12.600000 0.001238
-12.550000 0.004468
-12.500000 0.008390
-12.450000 0.011539
-12.400000 0.015281
-12.350000 0.018170
-12.300000 0.021561
-12.250000 0.024030
-12.200000 0.026923
-12.150000 0.028838
-12.100000 0.031113
-12.050000 0.032372
-12.000000 0.033943
-11.950000 0.034477
-11.900000 0.035292
-11.850000 0.035063
-11.800000 0.035099
-11.750000 0.034097
-11.700000 0.033358
-11.650000 0.031602
-11.600000 0.030119
-11.550000 0.027652
-11.500000 0.025483
-11.450000 0.022379
-11.400000 0.019610
-11.350000 0.015968
-11.300000 0.012715
-11.250000 0.008664
-11.200000 0.005069
-11.150000 0.000765
-11.100000 -0.003007
-11.050000 -0.007392
-11.000000 -0.011162
-10.950000 -0.015444
-10.900000 -0.019028
-10.850000 -0.023026
-10.800000 -0.026249
-10.750000 -0.029794
-10.700000 -0.032497
-10.650000 -0.035444
-10.600000 -0.037496
-10.550000 -0.039731
-10.500000 -0.041032
-10.450000 -0.042472
-10.400000 -0.042960
-10.350000 -0.043556
-10.300000 -0.043197
-10.250000 -0.042935
-10.200000 -0.041728
-10.150000 -0.040618
-10.100000 -0.038589
-10.050000 -0.036673
-10.000000 -0.033875
-9.950000 -0.031218
-9.900000 -0.027732
-9.850000 -0.024429
-9.800000 -0.020363
-9.750000 -0.016534
-9.700000 -0.012022
-9.650000 -0.007815
-9.600000 -0.003014
-9.550000 0.001405
-9.500000 0.006323
-9.450000 0.010780
-9.400000 0.015638
-9.350000 0.019956
-9.300000 0.024582
-9.250000 0.028598
-9.200000 0.032837
-9.150000 0.036403
-9.100000 0.040121
-9.050000 0.043118
-9.000000 0.046205
-8.950000 0.048534
-8.900000 0.050905
-8.850000 0.052492
-8.800000 0.054084
-8.750000 0.054877
-8.700000 0.055647
-8.650000 0.055610
-8.600000 0.055529
-8.550000 0.054645
-8.500000 0.053706
-8.450000 0.051975
-8.400000 0.050188
-8.350000 0.047630
-8.300000 0.045027
-8.250000 0.041689
-8.200000 0.038330
-8.150000 0.034283
-8.100000 0.030254
-8.050000 0.025600
-8.000000 0.021013
-7.950000 0.015878
-7.900000 0.010872
-7.850000 0.005400
-7.800000 0.000126
-7.750000 -0.005525
-7.700000 -0.010906
-7.650000 -0.016577
-7.600000 -0.021909
-7.550000 -0.027444
-7.500000 -0.032575
-7.450000 -0.037828
-7.400000 -0.042617
-7.350000 -0.047452
-7.300000 -0.051766
-7.250000 -0.056054
-7.200000 -0.059771
-7.150000 -0.063396
-7.100000 -0.066402
-7.050000 -0.069253
-7.000000 -0.071447
-6.950000 -0.073432
-6.900000 -0.074728
-6.850000 -0.075771
-6.800000 -0.076107
-6.750000 -0.076162
-6.700000 -0.075506
-6.650000 -0.074557
-6.600000 -0.072910
-6.550000 -0.070975
-6.500000 -0.068374
-6.450000 -0.065506
-6.400000 -0.062020
-6.350000 -0.058300
-6.300000 -0.054022
-6.250000 -0.049556
-6.200000 -0.044596
-6.150000 -0.039499
-6.100000 -0.033979
-6.050000 -0.028373
-6.000000 -0.022414
-5.950000 -0.016420
-5.900000 -0.010140
-5.850000 -0.003872
-5.800000 0.002615
-5.750000 0.009044
-5.700000 0.015629
-5.650000 0.022111
-5.600000 0.028685
-5.550000 0.035110
-5.500000 0.041564
-5.450000 0.047824
-5.400000 0.054049
-5.350000 0.060036
-5.300000 0.065929
-5.250000 0.071543
-5.200000 0.077007
-5.150000 0.082160
-5.100000 0.087116
-5.050000 0.091738
-5.000000 0.096125
-4.950000 0.100165
-4.900000 0.103942
-4.850000 0.107368
-4.800000 0.110513
-4.750000 0.113307
-4.700000 0.115806
-4.650000 0.117961
-4.600000 0.119807
-4.550000 0.121314
-4.500000 0.122499
-4.450000 0.123350
-4.400000 0.123865
-4.350000 0.124047
-4.300000 0.123875
-4.250000 0.123373
-4.200000 0.122501
-4.150000 0.121300
-4.100000 0.119712
-4.050000 0.117802
-4.000000 0.115493
-3.950000 0.112871
-3.900000 0.109843
-3.850000 0.106515
-3.800000 0.102780
-3.750000 0.098764
-3.700000 0.094340
-3.650000 0.089656
-3.600000 0.084567
-3.550000 0.079236
-3.500000 0.073501
-3.450000 0.067543
-3.400000 0.061176
-3.350000 0.054598
-3.300000 0.047605
-3.250000 0.040410
-3.200000 0.032790
-3.150000 0.024976
-3.100000 0.016726
-3.050000 0.008292
-3.000000 -0.000584
-2.950000 -0.009629
-2.900000 -0.019116
-2.850000 -0.028748
-2.800000 -0.038813
-2.750000 -0.048991
-2.700000 -0.059586
-2.650000 -0.070254
-2.600000 -0.081316
-2.550000 -0.092406
-2.500000 -0.103861
-2.450000 -0.115297
-2.400000 -0.127068
-2.350000 -0.138771
-2.300000 -0.150778
-2.250000 -0.162667
-2.200000 -0.174827
-2.150000 -0.186817
-2.100000 -0.199042
-2.050000 -0.211040
-2.000000 -0.223232
-1.950000 -0.235133
-1.900000 -0.247179
-1.850000 -0.258863
-1.800000 -0.270634
-1.750000 -0.281962
-1.700000 -0.293313
-1.650000 -0.304133
-1.600000 -0.314904
-1.550000 -0.325054
-1.500000 -0.335082
-1.450000 -0.344401
-1.400000 -0.353530
-1.350000 -0.361867
-1.300000 -0.369956
-1.250000 -0.377182
-1.200000 -0.384115
-1.150000 -0.390128
-1.100000 -0.395818
-1.050000 -0.400547
-1.000000 -0.404935
-0.950000 -0.408334
-0.900000 -0.411389
-0.850000 -0.413436
-0.800000 -0.415144
-0.750000 -0.415836
-0.700000 -0.416202
-0.650000 -0.415551
-0.600000 -0.414597
-0.550000 -0.412632
-0.500000 -0.410396
-0.450000 -0.407170
-0.400000 -0.403714
-0.350000 -0.399301
-0.300000 -0.394715
-0.250000 -0.389217
-0.200000 -0.383617
-0.150000 -0.377162
-0.100000 -0.370687
-0.050000 -0.363424
0.000000 -0.356228
0.050000 -0.348316
0.100000 -0.340561
0.150000 -0.332159
0.200000 -0.324000
0.250000 -0.315259
0.300000 -0.306839
0.350000 -0.297892
0.400000 -0.289335
0.450000 -0.280296
0.500000 -0.271704
0.550000 -0.262666
0.600000 -0.254124
0.650000 -0.245164
0.700000 -0.236744
0.750000 -0.227929
0.800000 -0.219695
0.850000 -0.211087
0.900000 -0.203099
0.950000 -0.194759
1.000000 -0.187076
1.050000 -0.179061
1.100000 -0.171740
1.150000 -0.164104
1.200000 -0.157194
1.250000 -0.149978
1.300000 -0.143512
1.350000 -0.136743
1.400000 -0.130738
1.450000 -0.124421
1.500000 -0.118873
1.550000 -0.112996
1.600000 -0.107885
1.650000 -0.102423
1.700000 -0.097718
1.750000 -0.092638
1.800000 -0.088309
1.850000 -0.083581
1.900000 -0.079601
1.950000 -0.075202
2.000000 -0.071553
2.050000 -0.067472
2.100000 -0.064146
2.150000 -0.060378
2.200000 -0.057373
2.250000 -0.053917
2.300000 -0.051233
2.350000 -0.048089
2.400000 -0.045721
2.450000 -0.042879
2.500000 -0.040814
2.550000 -0.038256
2.600000 -0.036471
2.650000 -0.034170
2.700000 -0.032634
2.750000 -0.030555
2.800000 -0.029232
2.850000 -0.027342
2.900000 -0.026200
2.950000 -0.024468
3.000000 -0.023482
3.050000 -0.021890
3.100000 -0.021049
3.150000 -0.019595
3.200000 -0.018903
3.250000 -0.017597
3.300000 -0.017073
3.350000 -0.015937
3.400000 -0.015605
3.450000 -0.014668
3.500000 -0.014556
3.550000 -0.013844
3.600000 -0.013979
3.650000 -0.013517
3.700000 -0.013921
3.750000 -0.013732
3.800000 -0.014429
3.850000 -0.014538
3.900000 -0.015562
3.950000 -0.016013
4.000000 -0.017417
4.050000 -0.018281
4.100000 -0.020155
4.150000 -0.021542
4.200000 -0.024021
4.250000 -0.026095
4.300000 -0.029374
4.350000 -0.032361
4.400000 -0.036703
4.450000 -0.040906
4.500000 -0.046655
4.550000 -0.052465
4.600000 -0.060064
4.650000 -0.067982
4.700000 -0.077997
4.750000 -0.088661
4.800000 -0.101813
4.850000 -0.116038
4.900000 -0.133246
4.950000 -0.152071
5.000000 -0.174508
5.050000 -0.199254
5.100000 -0.228409
5.150000 -0.260746
5.200000 -0.298481
5.250000 -0.340480
5.300000 -0.389084
5.350000 -0.443252
5.400000 -0.505447
5.450000 -0.574704
5.500000 -0.653578
5.550000 -0.741135
5.600000 -0.839949
5.650000 -0.949016
5.700000 -1.070800
5.750000 -1.204056
5.800000 -1.350924
5.850000 -1.509665
5.900000 -1.681799
5.950000 -1.864758
6.000000 -2.059091
6.050000 -2.261052
6.100000 -2.469899
6.150000 -2.680469
6.200000 -2.890613
6.250000 -3.093813
6.300000 -3.286808
6.350000 -3.462278
6.400000 -3.616670
6.450000 -3.742934
6.500000 -3.838482
6.550000 -3.897858
6.600000 -3.920701
6.650000 -3.904207
6.700000 -3.850950
6.750000 -3.761053
6.800000 -3.639825
6.850000 -3.489664
6.900000 -3.317606
6.950000 -3.127083
7.000000 -2.925530
7.050000 -2.716146
7.100000 -2.505662
7.150000 -2.296179
7.200000 -2.093131
7.250000 -1.897193
7.300000 -1.712408
7.350000 -1.538117
7.400000 -1.377198
7.450000 -1.227964
7.500000 -1.092475
7.550000 -0.968369
7.600000 -0.857219
7.650000 -0.756290
7.700000 -0.666927
7.750000 -0.586236
7.800000 -0.515509
7.850000 -0.451828
7.900000 -0.396531
7.950000 -0.346752
8.000000 -0.303928
8.050000 -0.265275
8.100000 -0.232350
8.150000 -0.202461
8.200000 -0.177285
8.250000 -0.154218
8.300000 -0.135048
8.350000 -0.117248
8.400000 -0.102703
8.450000 -0.088950
8.500000 -0.077959
8.550000 -0.067314
8.600000 -0.059056
8.650000 -0.050802
8.700000 -0.044653
8.750000 -0.038247
8.800000 -0.033730
8.850000 -0.028754
8.900000 -0.025501
8.950000 -0.021629
9.000000 -0.019350
9.050000 -0.016322
9.100000 -0.014785
9.150000 -0.012391
9.200000 -0.011404
9.250000 -0.009473
9.300000 -0.008883
9.350000 -0.007277
9.400000 -0.006964
9.450000 -0.005579
9.500000 -0.005453
9.550000 -0.004215
9.600000 -0.004218
9.650000 -0.003084
9.700000 -0.003186
9.750000 -0.002137
9.800000 -0.002328
9.850000 -0.001361
9.900000 -0.001644
9.950000 -0.000766
10.000000 -0.001148
10.050000 -0.000363
10.100000 -0.000843
10.150000 -0.000145
10.200000 -0.000713
10.250000 -0.000086
10.300000 -0.000717
10.350000 -0.000131
10.400000 -0.000794
10.450000 -0.000217
10.500000 -0.000878
10.550000 -0.000277
10.600000 -0.000910
10.650000 -0.000265
10.700000 -0.000855
10.750000 -0.000160
10.800000 -0.000711
10.850000 0.000024
10.900000 -0.000504
10.950000 0.000249
11.000000 -0.000280
11.050000 0.000466
11.100000 -0.000092
11.150000 0.000621
11.200000 0.000015
11.250000 0.000679
11.300000 0.000016
11.350000 0.000629
11.400000 -0.000088
11.450000 0.000487
11.500000 -0.000266
11.550000 0.000291
11.600000 -0.000472
11.650000 0.000096
11.700000 -0.000648
11.750000 -0.000042
11.800000 -0.000745
11.850000 -0.000084
11.900000 -0.000734
11.950000 -0.000014
12.000000 -0.000615
12.050000 0.000153
12.100000 -0.000419
12.150000 0.000373
12.200000 -0.000198
12.250000 0.000586
12.300000 -0.000014
12.350000 0.000734
12.400000 0.000081
12.450000 0.000775
12.500000 0.000059
12.550000 0.000698
12.600000 -0.000075
12.650000 0.000524
12.700000 -0.000284
12.750000 0.000300
12.800000 -0.000512
12.850000 0.000089
12.900000 -0.000698
12.950000 -0.000052
13.000000 -0.000792
13.050000 -0.000085
13.100000 -0.000769
13.150000 -0.000002
13.200000 -0.000637
13.250000 0.000176
13.300000 -0.000431
13.350000 0.000403
13.400000 -0.000204
13.450000 0.000621
13.500000 -0.000015
13.550000 0.000774
13.600000 0.000085
13.650000 0.000822
13.700000 0.000069
13.750000 0.000749
13.800000 -0.000061
13.850000 0.000575
13.900000 -0.000276
13.950000 0.000341
14.000000 -0.000519
14.050000 0.000110
14.100000 -0.000728
14.150000 -0.000056
14.200000 -0.000846
14.250000 -0.000111
14.300000 -0.000840
14.350000 -0.000037
14.400000 -0.000709
14.450000 0.000149
14.500000 -0.000487
14.550000 0.000398
14.600000 -0.000234
14.650000 0.000644
14.700000 -0.000018
14.750000 0.000823
14.800000 0.000105
14.850000 0.000887
14.900000 0.000099
14.950000 0.000819
15.000000 -0.000032
15.050000 0.000639
15.100000 -0.000256
15.150000 0.000393
15.200000 -0.000514
15.250000 0.000145
15.300000 -0.000742
15.350000 -0.000042
15.400000 -0.000882
15.450000 -0.000120
15.500000 -0.000899
15.550000 -0.000068
15.600000 -0.000788
15.650000 0.000101
15.700000 -0.000577
15.750000 0.000348
15.800000 -0.000316
15.850000 0.000612
15.900000 -0.000072
15.950000 0.000827
16.000000 0.000094
16.050000 0.000938
16.100000 0.000136
16.150000 0.000914
16.200000 0.000040
16.250000 0.000759
16.300000 -0.000173
16.350000 0.000509
16.400000 -0.000450
16.450000 0.000228
16.500000 -0.000721
16.550000 -0.000010
16.600000 -0.000916
16.650000 -0.000142
16.700000 -0.000984
16.750000 -0.000134
16.800000 -0.000906
16.850000 0.000015
16.900000 -0.000702
16.950000 0.000266
17.000000 -0.000426
17.050000 0.000557
17.100000 -0.000146
17.150000 0.000814
17.200000 0.000066
17.250000 0.000974
17.300000 0.000158
17.350000 0.000999
17.400000 0.000108
17.450000 0.000882
17.500000 -0.000074
17.550000 0.000653
17.600000 -0.000344
17.650000 0.000365
17.700000 -0.000637
17.750000 0.000090
17.800000 -0.000884
17.850000 -0.000107
17.900000 -0.001024
17.950000 -0.000175
18.000000 -0.001022
18.050000 -0.000095
18.100000 -0.000875
18.150000 0.000117
18.200000 -0.000616
18.250000 0.000413
18.300000 -0.000308
18.350000 0.000722
18.400000 -0.000025
18.450000 0.000966
18.500000 0.000159
18.550000 0.001084
18.600000 0.000197
18.650000 0.001045
18.700000 0.000075
18.750000 0.000855
18.800000 -0.000177
18.850000 0.000563
18.900000 -0.000497
18.950000 0.000241
19.000000 -0.000808
19.050000 -0.000033
19.100000 -0.001034
19.150000 -0.000190
19.200000 -0.001119
19.250000 -0.000193
19.300000 -0.001045
19.350000 -0.000041
19.400000 -0.000830
19.450000 0.000231
19.500000 -0.000525
19.550000 0.000558
19.600000 -0.000202
19.650000 0.000864
19.700000 0.000064
19.750000 0.001080
19.800000 0.000209
19.850000 0.001153
19.900000 0.000198
19.950000 0.001065
20.000000 0.000031
20.050000 0.000834
20.100000 -0.000258
20.150000 0.000511
20.200000 -0.000602
20.250000 0.000171
20.300000 -0.000923
20.350000 -0.000104
20.400000 -0.001142
20.450000 -0.000247
20.500000 -0.001206
20.550000 -0.000220
20.600000 -0.001095
20.650000 -0.000026
20.700000 -0.000834
20.750000 0.000292
20.800000 -0.000485
20.850000 0.000659
20.900000 -0.000130
20.950000 0.000986
21.000000 0.000144
21.050000 0.001196
21.100000 0.000272
21.150000 0.001241
21.200000 0.000223
21.250000 0.001109
21.300000 0.000010
21.350000 0.000833
21.400000 -0.000319
21.450000 0.000477
21.500000 -0.000689
21.550000 0.000121
21.600000 -0.001017
21.650000 -0.000153
21.700000 -0.001228
21.750000 -0.000284
21.800000 -0.001276
21.850000 -0.000239
21.900000 -0.001147
21.950000 -0.000027
22.000000 -0.000869
22.050000 0.000308
22.100000 -0.000502
22.150000 0.000694
22.200000 -0.000126
22.250000 0.001044
22.300000 0.000171
22.350000 0.001277
22.400000 0.000319
22.450000 0.001337
22.500000 0.000281
22.550000 0.001207
22.600000 0.000060
22.650000 0.000914
22.700000 -0.000296
22.750000 0.000522
22.800000 -0.000707
22.850000 0.000123
22.900000 -0.001078
22.950000 -0.000191
23.000000 -0.001323
23.050000 -0.000347
23.100000 -0.001387
23.150000 -0.000308
23.200000 -0.001254
23.250000 -0.000083
23.300000 -0.000956
23.350000 0.000277
23.400000 -0.000560
23.450000 0.000693
23.500000 -0.000153
23.550000 0.001074
23.600000 0.000175
23.650000 0.001338
23.700000 0.000353
23.750000 0.001426
23.800000 0.000341
23.850000 0.001320
23.900000 0.000140
23.950000 0.001040
24.000000 -0.000211
24.050000 0.000644
24.100000 -0.000638
24.150000 0.000215
24.200000 -0.001051
24.250000 -0.000152
24.300000 -0.001358
24.350000 -0.000376
24.400000 -0.001491
24.450000 -0.000403
24.500000 -0.001416
24.550000 -0.000222
24.600000 -0.001145
24.650000 0.000131
24.700000 -0.000735
24.750000 0.000581
24.800000 -0.000276
24.850000 0.001029
24.900000 0.000130
24.950000 0.001376
25.000000 0.000391
25.050000 0.001543
25.100000 0.000450
25.150000 0.001495
25.200000 0.000291
25.250000 0.001242
25.300000 -0.000049
25.350000 0.000839
25.400000 -0.000499
25.450000 0.000372
25.500000 -0.000963
25.550000 -0.000058
25.600000 -0.001343
25.650000 -0.000362
25.700000 -0.001561
25.750000 -0.000477
25.800000 -0.001572
25.850000 -0.000376
25.900000 -0.001371
25.950000 -0.000078
26.000000 -0.000997
26.050000 0.000359
26.100000 -0.000525
26.150000 0.000847
26.200000 -0.000051
26.250000 0.001286
26.300000 0.000324
26.350000 0.001582
26.400000 0.000518
26.450000 0.001669
26.500000 0.000486
26.550000 0.001524
26.600000 0.000229
26.650000 0.001174
26.700000 -0.000203
26.750000 0.000689
26.800000 -0.000720
26.850000 0.000173
26.900000 -0.001214
26.950000 -0.000265
27.000000 -0.001578
27.050000 -0.000529
27.100000 -0.001735
27.150000 -0.000565
27.200000 -0.001652
27.250000 -0.000362
27.300000 -0.001346
27.350000 0.000036
27.400000 -0.000882
27.450000 0.000548
27.500000 -0.000354
27.550000 0.001071
27.600000 0.000131
27.650000 0.001499
27.700000 0.000475
27.750000 0.001748
27.800000 0.000610
27.850000 0.001767
27.900000 0.000507
27.950000 0.001551
28.000000 0.000181
28.050000 0.001137
28.100000 -0.000306
28.150000 0.000606
28.200000 -0.000861
28.250000 0.000061
28.300000 -0.001373
28.350000 -0.000387
28.400000 -0.001739
28.450000 -0.000645
28.500000 -0.001880
28.550000 -0.000655
28.600000 -0.001763
28.650000 -0.000409
28.700000 -0.001406
28.750000 0.000047
28.800000 -0.000879
28.850000 0.000622
28.900000 -0.000290
28.950000 0.001201
29.000000 0.000242
29.050000 0.001665
29.100000 0.000609
29.150000 0.001921
29.200000 0.000736
29.250000 0.001917
29.300000 0.000597
29.350000 0.001655
29.400000 0.000220
29.450000 0.001187
29.500000 -0.000322
29.550000 0.000603
29.600000 -0.000924
29.650000 0.000017
29.700000 -0.001472
29.750000 -0.000461
29.800000 -0.001862
29.850000 -0.000738
29.900000 -0.002017
29.950000 -0.000759
30.000000 -0.001906
30.050000 -0.000515
30.100000 -0.001546
30.150000 -0.000048
30.200000 -0.000998
30.250000 0.000559
30.300000 -0.000366
30.350000 0.001191
30.400000 0.000230
30.450000 0.001726
30.500000 0.000672
30.550000 0.002057
30.600000 0.000869
30.650000 0.002114
30.700000 0.000777
30.750000 0.001882
30.800000 0.000411
30.850000 0.001403
30.900000 -0.000162
30.950000 0.000769
31.000000 -0.000831
31.050000 0.000102
31.100000 -0.001468
31.150000 -0.000468
31.200000 -0.001950
31.250000 -0.000834
31.300000 -0.002186
31.350000 -0.000925
31.400000 -0.002133
31.450000 -0.000725
31.500000 -0.001801
31.550000 -0.000271
31.600000 -0.001250
31.650000 0.000356
31.700000 -0.000580
31.750000 0.001043
31.800000 0.000087
31.850000 0.001665
31.900000 0.000631
31.950000 0.002109
32.000000 0.000950
32.050000 0.002292
32.100000 0.000982
32.150000 0.002174
32.200000 0.000714
32.250000 0.001771
32.300000 0.000188
32.350000 0.001150
32.400000 -0.000505
32.450000 0.000422
32.500000 -0.001238
32.550000 -0.000278
32.600000 -0.001876
32.650000 -0.000818
32.700000 -0.002295
32.750000 -0.001092
32.800000 -0.002414
32.850000 -0.001046
32.900000 -0.002209
32.950000 -0.000686
33.000000 -0.001715
33.050000 -0.000078
33.100000 -0.001024
33.150000 0.000668
33.200000 -0.000262
33.250000 0.001417
33.300000 0.000435
33.350000 0.002035
33.400000 0.000942
33.450000 0.002413
33.500000 0.001170
33.550000 0.002484
33.600000 0.001078
33.650000 0.002235
33.700000 0.000679
33.750000 0.001707
33.800000 0.000039
33.850000 0.000986
33.900000 -0.000736
33.950000 0.000195
34.000000 -0.001512
34.050000 -0.000529
34.100000 -0.002155
34.150000 -0.001058
34.200000 -0.002548
34.250000 -0.001293
34.300000 -0.002616
34.350000 -0.001185
34.400000 -0.002339
34.450000 -0.000745
34.500000 -0.001759
34.550000 -0.000045
34.600000 -0.000974
34.650000 0.000792
34.700000 -0.000124
34.750000 0.001620
34.800000 0.000641
34.850000 0.002290
34.900000 0.001183
34.950000 0.002683
35.000000 0.001406
35.050000 0.002730
35.100000 0.001270
35.150000 0.002422
35.200000 0.000801
35.250000 0.001814
35.300000 0.000076
35.350000 0.001007
35.400000 -0.000782
35.450000 0.000137
35.500000 -0.001631
35.550000 -0.000653
35.600000 -0.002332
35.650000 -0.001231
35.700000 -0.002766
35.750000 -0.001499
35.800000 -0.002858
35.850000 -0.001407
35.900000 -0.002587
35.950000 -0.000963
36.000000 -0.001989
36.050000 -0.000233
36.100000 -0.001159
36.150000 0.000667
36.200000 -0.000230
36.250000 0.001589
36.300000 0.000642
36.350000 0.002376
36.400000 0.001307
36.450000 0.002891
36.500000 0.001646
36.550000 0.003041
36.600000 0.001596
36.650000 0.002796
36.700000 0.001162
36.750000 0.002193
36.800000 0.000413
36.850000 0.001333
36.900000 -0.000525
36.950000 0.000358
37.000000 -0.001498
37.050000 -0.000571
37.100000 -0.002346
37.150000 -0.001301
37.200000 -0.002932
37.250000 -0.001716
37.300000 -0.003161
37.350000 -0.001748
37.400000 -0.002998
37.450000 -0.001392
37.500000 -0.002464
37.550000 -0.000699
37.600000 -0.001640
37.650000 0.000227
37.700000 -0.000650
37.750000 0.001245
37.800000 0.000352
37.850000 0.002195
37.900000 0.001209
37.950000 0.002925
38.000000 0.001779
38.050000 0.003312
38.100000 0.001964
38.150000 0.003287
38.200000 0.001724
38.250000 0.002843
38.300000 0.001090
38.350000 0.002045
38.400000 0.000158
38.450000 0.001017
38.500000 -0.000926
38.550000 -0.000077
38.600000 -0.001988
38.650000 -0.001061
38.700000 -0.002856
38.750000 -0.001777
38.800000 -0.003393
38.850000 -0.002110
38.900000 -0.003512
38.950000 -0.002009
39.000000 -0.003195
39.050000 -0.001487
39.100000 -0.002492
39.150000 -0.000626
39.200000 -0.001508
39.250000 0.000446
39.300000 -0.000390
39.350000 0.001569
39.400000 0.000696
39.450000 0.002579
39.500000 0.001589
39.550000 0.003322
39.600000 0.002152
39.650000 0.003684
39.700000 0.002295
39.750000 0.003601
39.800000 0.001985
39.850000 0.003076
39.900000 0.001260
39.950000 0.002178
40.000000 0.000219
40.050000 0.001035
40.100000 -0.000984
40.150000 -0.000181
40.200000 -0.002167
40.250000 -0.001283
40.300000 -0.003147
40.350000 -0.002100
40.400000 -0.003769
40.450000 -0.002502
40.500000 -0.003937
40.550000 -0.002426
40.600000 -0.003621
40.650000 -0.001880
40.700000 -0.002867
40.750000 -0.000946
40.800000 -0.001788
40.850000 0.000240
40.900000 -0.000540
40.950000 0.001505
41.000000 0.000695
41.050000 0.002667
41.100000 0.001741
41.150000 0.003561
41.200000 0.002449
41.250000 0.004058
41.300000 0.002716
41.350000 0.004085
41.400000 0.002497
41.450000 0.003629
41.500000 0.001816
41.550000 0.002745
41.600000 0.000758
41.650000 0.001550
41.700000 -0.000535
41.750000 0.000206
41.800000 -0.001882
41.850000 -0.001094
41.900000 -0.003088
41.950000 -0.002160
42.000000 -0.003975
42.050000 -0.002831
42.100000 -0.004405
42.150000 -0.003002
42.200000 -0.004310
42.250000 -0.002641
42.300000 -0.003697
42.350000 -0.001796
42.400000 -0.002651
42.450000 -0.000587
42.500000 -0.001321
42.550000 0.000818
42.600000 0.000107
42.650000 0.002220
42.700000 0.001434
42.750000 0.003427
42.800000 0.002478
42.850000 0.004274
42.900000 0.003098
42.950000 0.004646
43.000000 0.003208
43.050000 0.004490
43.100000 0.002788
43.150000 0.003820
43.200000 0.001889
43.250000 0.002720
43.300000 0.000622
43.350000 0.001329
43.400000 -0.000849
43.450000 -0.000171
43.500000 -0.002328
43.550000 -0.001576
43.600000 -0.003611
43.650000 -0.002690
43.700000 -0.004513
43.750000 -0.003346
43.800000 -0.004897
43.850000 -0.003438
43.900000 -0.004691
43.950000 -0.002937
44.000000 -0.003908
44.050000 -0.001895
44.100000 -0.002641
44.150000 -0.000442
44.200000 -0.001050
44.250000 0.001234
44.300000 0.000654
44.350000 0.002912
44.400000 0.002248
44.450000 0.004367
44.500000 0.003513
44.550000 0.005397
44.600000 0.004265
44.650000 0.005836
44.700000 0.004362
44.750000 0.005567
44.800000 0.003710
44.850000 0.004521
44.900000 0.002261
44.950000 0.002667
