-30.000000 0.000056
-29.950000 -0.000036
-29.900000 -0.000054
-29.850000 -0.000208
-29.800000 -0.000262
-29.750000 -0.000431
-29.700000 -0.000473
-29.650000 -0.000613
-29.600000 -0.000602
-29.550000 -0.000678
-29.500000 -0.000590
-29.450000 -0.000590
-29.400000 -0.000424
-29.350000 -0.000360
-29.300000 -0.000138
-29.250000 -0.000040
-29.200000 0.000199
-29.150000 0.000287
-29.100000 0.000499
-29.050000 0.000535
-29.000000 0.000682
-28.950000 0.000635
-28.900000 0.000697
-28.850000 0.000558
-28.800000 0.000536
-28.750000 0.000320
-28.700000 0.000239
-28.650000 -0.000021
-28.600000 -0.000118
-28.550000 -0.000375
-28.500000 -0.000442
-28.450000 -0.000651
-28.400000 -0.000646
-28.350000 -0.000773
-28.300000 -0.000673
-28.250000 -0.000707
-28.200000 -0.000513
-28.150000 -0.000466
-28.100000 -0.000202
-28.050000 -0.000110
-28.000000 0.000182
-27.950000 0.000273
-27.900000 0.000542
-27.850000 0.000582
-27.800000 0.000784
-27.750000 0.000736
-27.700000 0.000844
-27.650000 0.000692
-27.600000 0.000701
-27.550000 0.000456
-27.500000 0.000389
-27.450000 0.000083
-27.400000 -0.000017
-27.350000 -0.000335
-27.300000 -0.000415
-27.250000 -0.000693
-27.200000 -0.000705
-27.150000 -0.000899
-27.100000 -0.000811
-27.050000 -0.000900
-27.000000 -0.000701
-26.950000 -0.000690
-26.900000 -0.000398
-26.850000 -0.000316
-26.800000 0.000027
-26.750000 0.000131
-26.700000 0.000472
-26.650000 0.000543
-26.600000 0.000828
-26.550000 0.000816
-26.500000 0.001005
-26.450000 0.000880
-26.400000 0.000956
-26.350000 0.000715
-26.300000 0.000687
-26.250000 0.000354
-26.200000 0.000260
-26.150000 -0.000118
-26.100000 -0.000226
-26.050000 -0.000591
-26.000000 -0.000654
-25.950000 -0.000952
-25.900000 -0.000920
-25.850000 -0.001110
-25.800000 -0.000955
-25.750000 -0.001023
-25.700000 -0.000747
-25.650000 -0.000707
-25.600000 -0.000337
-25.550000 -0.000232
-25.500000 0.000181
-25.450000 0.000295
-25.400000 0.000688
-25.350000 0.000748
-25.300000 0.001064
-25.250000 0.001021
-25.200000 0.001220
-25.150000 0.001045
-25.100000 0.001113
-25.050000 0.000809
-25.000000 0.000762
-24.950000 0.000360
-24.900000 0.000244
-24.850000 -0.000203
-24.800000 -0.000327
-24.750000 -0.000753
-24.700000 -0.000821
-24.650000 -0.001164
-24.600000 -0.001122
-24.550000 -0.001340
-24.500000 -0.001158
-24.450000 -0.001235
-24.400000 -0.000913
-24.350000 -0.000866
-24.300000 -0.000436
-24.250000 -0.000310
-24.200000 0.000171
-24.150000 0.000311
-24.100000 0.000776
-24.050000 0.000862
-24.000000 0.001244
-23.950000 0.001217
-23.900000 0.001469
-23.850000 0.001294
-23.800000 0.001394
-23.750000 0.001067
-23.700000 0.001030
-23.650000 0.000580
-23.600000 0.000449
-23.550000 -0.000067
-23.500000 -0.000227
-23.450000 -0.000738
-23.400000 -0.000853
-23.350000 -0.001288
-23.300000 -0.001293
-23.250000 -0.001595
-23.200000 -0.001446
-23.150000 -0.001588
-23.100000 -0.001274
-23.050000 -0.001260
-23.000000 -0.000804
-22.950000 -0.000675
-22.900000 -0.000130
-22.850000 0.000050
-22.800000 0.000611
-22.750000 0.000766
-22.700000 0.001266
-22.650000 0.001321
-22.600000 0.001694
-22.550000 0.001595
-22.500000 0.001801
-22.450000 0.001525
-22.400000 0.001556
-22.350000 0.001115
-22.300000 0.001003
-22.250000 0.000442
-22.200000 0.000247
-22.150000 -0.000361
-22.100000 -0.000560
-22.050000 -0.001135
-22.000000 -0.001257
-21.950000 -0.001720
-21.900000 -0.001698
-21.850000 -0.001995
-21.800000 -0.001788
-21.750000 -0.001895
-21.700000 -0.001499
-21.650000 -0.001433
-21.600000 -0.000881
-21.550000 -0.000690
-21.500000 -0.000048
-21.450000 0.000191
-21.400000 0.000840
-21.350000 0.001040
-21.300000 0.001610
-21.250000 0.001688
-21.200000 0.002105
-21.150000 0.002003
-21.100000 0.002225
-21.050000 0.001916
-21.000000 0.001935
-20.950000 0.001433
-20.900000 0.001282
-20.850000 0.000638
-20.800000 0.000383
-20.750000 -0.000325
-20.700000 -0.000596
-20.650000 -0.001275
-20.600000 -0.001470
-20.550000 -0.002032
-20.500000 -0.002070
-20.450000 -0.002447
-20.400000 -0.002276
-20.350000 -0.002433
-20.300000 -0.002038
-20.250000 -0.001982
-20.200000 -0.001390
-20.150000 -0.001168
-20.100000 -0.000443
-20.050000 -0.000132
-20.000000 0.000635
-19.950000 0.000939
-19.900000 0.001650
-19.850000 0.001849
-19.800000 0.002414
-19.750000 0.002428
-19.700000 0.002781
-19.650000 0.002562
-19.600000 0.002675
-19.550000 0.002216
-19.500000 0.002102
-19.450000 0.001438
-19.400000 0.001154
-19.350000 0.000358
-19.300000 -0.000009
-19.250000 -0.000839
-19.200000 -0.001187
-19.150000 -0.001946
-19.100000 -0.002170
-19.050000 -0.002763
-19.000000 -0.002782
-18.950000 -0.003141
-18.900000 -0.002905
-18.850000 -0.003002
-18.800000 -0.002506
-18.750000 -0.002358
-18.700000 -0.001640
-18.650000 -0.001306
-18.600000 -0.000444
-18.550000 -0.000016
-18.500000 0.000887
-18.450000 0.001297
-18.400000 0.002127
-18.350000 0.002411
-18.300000 0.003067
-18.250000 0.003133
-18.200000 0.003539
-18.150000 0.003331
-18.100000 0.003453
-18.050000 0.002960
-18.000000 0.002808
-17.950000 0.002065
-17.900000 0.001698
-17.850000 0.000781
-17.800000 0.000292
-17.750000 -0.000692
-17.700000 -0.001188
-17.650000 -0.002120
-17.600000 -0.002503
-17.550000 -0.003268
-17.500000 -0.003436
-17.450000 -0.003945
-17.400000 -0.003826
-17.350000 -0.004029
-17.300000 -0.003596
-17.250000 -0.003491
-17.200000 -0.002767
-17.150000 -0.002401
-17.100000 -0.001454
-17.050000 -0.000915
-17.000000 0.000148
-16.950000 0.000743
-16.900000 0.001799
-16.850000 0.002321
-16.800000 0.003243
-16.750000 0.003573
-16.700000 0.004253
-16.650000 0.004298
-16.600000 0.004661
-16.550000 0.004371
-16.500000 0.004391
-16.450000 0.003763
-16.400000 0.003465
-16.350000 0.002548
-16.300000 0.002003
-16.250000 0.000892
-16.200000 0.000212
-16.150000 -0.000971
-16.100000 -0.001653
-16.050000 -0.002769
-16.000000 -0.003319
-15.950000 -0.004238
-15.900000 -0.004535
-15.850000 -0.005154
-15.800000 -0.005112
-15.750000 -0.005367
-15.700000 -0.004949
-15.650000 -0.004829
-15.600000 -0.004050
-15.550000 -0.003595
-15.500000 -0.002522
-15.450000 -0.001824
-15.400000 -0.000567
-15.350000 0.000249
-15.300000 0.001552
-15.250000 0.002340
-15.200000 0.003542
-15.150000 0.004158
-15.100000 0.005123
-15.050000 0.005445
-15.000000 0.006067
-14.950000 0.006009
-14.900000 0.006227
-14.850000 0.005754
-14.800000 0.005559
-14.750000 0.004691
-14.700000 0.004131
-14.650000 0.002941
-14.600000 0.002112
-14.550000 0.000719
-14.500000 -0.000243
-14.450000 -0.001693
-14.400000 -0.002633
-14.350000 -0.003981
-14.300000 -0.004745
-14.250000 -0.005843
-14.200000 -0.006293
-14.150000 -0.007023
-14.100000 -0.007063
-14.050000 -0.007351
-14.000000 -0.006932
-13.950000 -0.006760
-13.900000 -0.005894
-13.850000 -0.005299
-13.800000 -0.004053
-13.750000 -0.003130
-13.700000 -0.001620
-13.650000 -0.000505
-13.600000 0.001118
-13.550000 0.002263
-13.500000 0.003829
-13.450000 0.004835
-13.400000 0.006180
-13.350000 0.006891
-13.300000 0.007874
-13.250000 0.008168
-13.200000 0.008689
-13.150000 0.008491
-13.100000 0.008503
-13.050000 0.007795
-13.000000 0.007308
-12.950000 0.006132
-12.900000 0.005218
-12.850000 0.003670
-12.800000 0.002449
-12.750000 0.000673
-12.700000 -0.000695
-12.650000 -0.002528
-12.600000 -0.003863
-12.550000 -0.005570
-12.500000 -0.006692
-12.450000 -0.008101
-12.400000 -0.008851
-12.350000 -0.009820
-12.300000 -0.010077
-12.250000 -0.010511
-12.200000 -0.010206
-12.150000 -0.010066
-12.100000 -0.009193
-12.050000 -0.008502
-12.000000 -0.007115
-11.950000 -0.005958
-11.900000 -0.004169
-11.850000 -0.002682
-11.800000 -0.000648
-11.750000 0.000996
-11.700000 0.003089
-11.650000 0.004695
-11.600000 0.006651
-11.550000 0.008027
-11.500000 0.009661
-11.450000 0.010634
-11.400000 0.011792
-11.350000 0.012229
-11.300000 0.012800
-11.250000 0.012618
-11.200000 0.012550
-11.150000 0.011728
-11.100000 0.011030
-11.050000 0.009608
-11.000000 0.008352
-10.950000 0.006433
-10.900000 0.004747
-10.850000 0.002482
-10.800000 0.000540
-10.750000 -0.001882
-10.700000 -0.003879
-10.650000 -0.006249
-10.600000 -0.008091
-10.550000 -0.010199
-10.500000 -0.011685
-10.450000 -0.013345
-10.400000 -0.014304
-10.350000 -0.015365
-10.300000 -0.015671
-10.250000 -0.016036
-10.200000 -0.015622
-10.150000 -0.015255
-10.100000 -0.014119
-10.050000 -0.013050
-10.000000 -0.011255
-9.950000 -0.009579
-9.900000 -0.007248
-9.850000 -0.005115
-9.800000 -0.002420
-9.750000 -0.000023
-9.700000 0.002827
-9.650000 0.005271
-9.600000 0.008051
-9.550000 0.010317
-9.500000 0.012808
-9.450000 0.014682
-9.400000 0.016681
-9.350000 0.017980
-9.300000 0.019324
-9.250000 0.019906
-9.200000 0.020482
-9.150000 0.020263
-9.100000 0.020015
-9.050000 0.018972
-9.000000 0.017911
-8.950000 0.016086
-8.900000 0.014284
-8.850000 0.011780
-8.800000 0.009370
-8.750000 0.006347
-8.700000 0.003510
-8.650000 0.000168
-8.600000 -0.002878
-8.550000 -0.006308
-8.500000 -0.009325
-8.450000 -0.012602
-8.400000 -0.015348
-8.350000 -0.018234
-8.300000 -0.020482
-8.250000 -0.022765
-8.200000 -0.024319
-8.150000 -0.025825
-8.100000 -0.026537
-8.050000 -0.027144
-8.000000 -0.026924
-7.950000 -0.026574
-7.900000 -0.025396
-7.850000 -0.024096
-7.800000 -0.022001
-7.750000 -0.019826
-7.700000 -0.016917
-7.650000 -0.014000
-7.600000 -0.010440
-7.550000 -0.006965
-7.500000 -0.002958
-7.450000 0.000851
-7.400000 0.005068
-7.350000 0.008965
-7.300000 0.013140
-7.250000 0.016871
-7.200000 0.020752
-7.150000 0.024071
-7.100000 0.027421
-7.050000 0.030106
-7.000000 0.032719
-6.950000 0.034581
-6.900000 0.036290
-6.850000 0.037187
-6.800000 0.037875
-6.750000 0.037715
-6.700000 0.037319
-6.650000 0.036069
-6.600000 0.034583
-6.550000 0.032266
-6.500000 0.029743
-6.450000 0.026439
-6.400000 0.022987
-6.350000 0.018832
-6.300000 0.014610
-6.250000 0.009785
-6.200000 0.004997
-6.150000 -0.000278
-6.100000 -0.005398
-6.050000 -0.010872
-6.000000 -0.016065
-5.950000 -0.021476
-5.900000 -0.026473
-5.850000 -0.031551
-5.800000 -0.036088
-5.750000 -0.040574
-5.700000 -0.044402
-5.650000 -0.048060
-5.600000 -0.050959
-5.550000 -0.053590
-5.500000 -0.055382
-5.450000 -0.056831
-5.400000 -0.057387
-5.350000 -0.057554
-5.300000 -0.056803
-5.250000 -0.055645
-5.200000 -0.053574
-5.150000 -0.051107
-5.100000 -0.047762
-5.050000 -0.044061
-5.000000 -0.039541
-4.950000 -0.034729
-4.900000 -0.029183
-4.850000 -0.023430
-4.800000 -0.017045
-4.750000 -0.010556
-4.700000 -0.003550
-4.650000 0.003447
-4.600000 0.010838
-4.550000 0.018103
-4.500000 0.025634
-4.450000 0.032920
-4.400000 0.040349
-4.350000 0.047420
-4.300000 0.054513
-4.250000 0.061141
-4.200000 0.067682
-4.150000 0.073660
-4.100000 0.079451
-4.050000 0.084592
-4.000000 0.089459
-3.950000 0.093604
-3.900000 0.097397
-3.850000 0.100409
-3.800000 0.103007
-3.750000 0.104774
-3.700000 0.106079
-3.650000 0.106516
-3.600000 0.106452
-3.550000 0.105496
-3.500000 0.104010
-3.450000 0.101617
-3.400000 0.098676
-3.350000 0.094823
-3.300000 0.090411
-3.250000 0.085090
-3.200000 0.079210
-3.150000 0.072433
-3.100000 0.065105
-3.050000 0.056899
-3.000000 0.048159
-2.950000 0.038570
-2.900000 0.028470
-2.850000 0.017558
-2.800000 0.006168
-2.750000 -0.005988
-2.700000 -0.018580
-2.650000 -0.031881
-2.600000 -0.045567
-2.550000 -0.059895
-2.500000 -0.074544
-2.450000 -0.089758
-2.400000 -0.105216
-2.350000 -0.121150
-2.300000 -0.137241
-2.250000 -0.153705
-2.200000 -0.170226
-2.150000 -0.187008
-2.100000 -0.203737
-2.050000 -0.220603
-2.000000 -0.237295
-1.950000 -0.253990
-1.900000 -0.270384
-1.850000 -0.286641
-1.800000 -0.302464
-1.750000 -0.318006
-1.700000 -0.332979
-1.650000 -0.347529
-1.600000 -0.361378
-1.550000 -0.374669
-1.500000 -0.387136
-1.450000 -0.398918
-1.400000 -0.409768
-1.350000 -0.419824
-1.300000 -0.428857
-1.250000 -0.437007
-1.200000 -0.444065
-1.150000 -0.450175
-1.100000 -0.455152
-1.050000 -0.459144
-1.000000 -0.461987
-0.950000 -0.463837
-0.900000 -0.464555
-0.850000 -0.464300
-0.800000 -0.462956
-0.750000 -0.460688
-0.700000 -0.457400
-0.650000 -0.453262
-0.600000 -0.448197
-0.550000 -0.442374
-0.500000 -0.435736
-0.450000 -0.428449
-0.400000 -0.420470
-0.350000 -0.411962
-0.300000 -0.402895
-0.250000 -0.393426
-0.200000 -0.383535
-0.150000 -0.373370
-0.100000 -0.362919
-0.050000 -0.352323
0.000000 -0.341576
0.050000 -0.330806
0.100000 -0.320014
0.150000 -0.309318
0.200000 -0.298724
0.250000 -0.288338
0.300000 -0.278173
0.350000 -0.268325
0.400000 -0.258815
0.450000 -0.249729
0.500000 -0.241099
0.550000 -0.233005
0.600000 -0.225492
0.650000 -0.218636
0.700000 -0.212498
0.750000 -0.207155
0.800000 -0.202689
0.850000 -0.199183
0.900000 -0.196745
0.950000 -0.195471
1.000000 -0.195502
1.050000 -0.196954
1.100000 -0.200012
1.150000 -0.204822
1.200000 -0.211622
1.250000 -0.220599
1.300000 -0.232055
1.350000 -0.246233
1.400000 -0.263515
1.450000 -0.284210
1.500000 -0.308793
1.550000 -0.337656
1.600000 -0.371378
1.650000 -0.410443
1.700000 -0.455543
1.750000 -0.507254
1.800000 -0.566372
1.850000 -0.633551
1.900000 -0.709661
1.950000 -0.795382
2.000000 -0.891589
2.050000 -0.998891
2.100000 -1.118033
2.150000 -1.249388
2.200000 -1.393364
2.250000 -1.549844
2.300000 -1.718613
2.350000 -1.898740
2.400000 -2.089044
2.450000 -2.287450
2.500000 -2.491510
2.550000 -2.697779
2.600000 -2.902448
2.650000 -3.100783
2.700000 -3.287913
2.750000 -3.458370
2.800000 -3.607036
2.850000 -3.728757
2.900000 -3.819385
2.950000 -3.875355
3.000000 -3.894698
3.050000 -3.876441
3.100000 -3.821461
3.150000 -3.731620
3.200000 -3.610424
3.250000 -3.461932
3.300000 -3.291298
3.350000 -3.103576
3.400000 -2.904291
3.450000 -2.698268
3.500000 -2.490341
3.550000 -2.284276
3.600000 -2.083643
3.650000 -1.890831
3.700000 -1.708055
3.750000 -1.536413
3.800000 -1.376981
3.850000 -1.229861
3.900000 -1.095324
3.950000 -0.972818
4.000000 -0.862132
4.050000 -0.762353
4.100000 -0.673041
4.150000 -0.593132
4.200000 -0.522126
4.250000 -0.458944
4.300000 -0.403127
4.350000 -0.353651
4.400000 -0.310148
4.450000 -0.271683
4.500000 -0.237999
4.550000 -0.208254
4.600000 -0.182301
4.650000 -0.159390
4.700000 -0.139470
4.750000 -0.121870
4.800000 -0.106627
4.850000 -0.093130
4.900000 -0.081492
4.950000 -0.071152
5.000000 -0.062282
5.050000 -0.054362
5.100000 -0.047612
5.150000 -0.041542
5.200000 -0.036414
5.250000 -0.031757
5.300000 -0.027867
5.350000 -0.024290
5.400000 -0.021346
5.450000 -0.018591
5.500000 -0.016369
5.550000 -0.014241
5.600000 -0.012570
5.650000 -0.010920
5.700000 -0.009668
5.750000 -0.008379
5.800000 -0.007447
5.850000 -0.006434
5.900000 -0.005746
5.950000 -0.004942
6.000000 -0.004441
6.050000 -0.003798
6.100000 -0.003441
6.150000 -0.002921
6.200000 -0.002674
6.250000 -0.002248
6.300000 -0.002087
6.350000 -0.001732
6.400000 -0.001636
6.450000 -0.001334
6.500000 -0.001287
6.550000 -0.001024
6.600000 -0.001016
6.650000 -0.000783
6.700000 -0.000804
6.750000 -0.000595
6.800000 -0.000641
6.850000 -0.000450
6.900000 -0.000516
6.950000 -0.000340
7.000000 -0.000421
7.050000 -0.000255
7.100000 -0.000348
7.150000 -0.000189
7.200000 -0.000290
7.250000 -0.000135
7.300000 -0.000243
7.350000 -0.000091
7.400000 -0.000204
7.450000 -0.000055
7.500000 -0.000174
7.550000 -0.000027
7.600000 -0.000152
7.650000 -0.000008
7.700000 -0.000138
7.750000 0.000006
7.800000 -0.000127
7.850000 0.000017
7.900000 -0.000118
7.950000 0.000027
8.000000 -0.000109
8.050000 0.000038
8.100000 -0.000100
8.150000 0.000049
8.200000 -0.000092
8.250000 0.000056
8.300000 -0.000088
8.350000 0.000060
8.400000 -0.000087
8.450000 0.000061
8.500000 -0.000088
8.550000 0.000061
8.600000 -0.000089
8.650000 0.000063
8.700000 -0.000087
8.750000 0.000067
8.800000 -0.000083
8.850000 0.000073
8.900000 -0.000080
8.950000 0.000077
9.000000 -0.000078
9.050000 0.000078
9.100000 -0.000080
9.150000 0.000077
9.200000 -0.000083
9.250000 0.000075
9.300000 -0.000086
9.350000 0.000074
9.400000 -0.000086
9.450000 0.000077
9.500000 -0.000084
9.550000 0.000081
9.600000 -0.000081
9.650000 0.000085
9.700000 -0.000079
9.750000 0.000086
9.800000 -0.000081
9.850000 0.000085
9.900000 -0.000084
9.950000 0.000082
10.000000 -0.000088
10.050000 0.000080
10.100000 -0.000090
10.150000 0.000081
10.200000 -0.000088
10.250000 0.000085
10.300000 -0.000085
10.350000 0.000089
10.400000 -0.000082
10.450000 0.000091
10.500000 -0.000083
10.550000 0.000090
10.600000 -0.000086
10.650000 0.000087
10.700000 -0.000091
10.750000 0.000084
10.800000 -0.000094
10.850000 0.000084
10.900000 -0.000093
10.950000 0.000087
11.000000 -0.000090
11.050000 0.000092
11.100000 -0.000086
11.150000 0.000095
11.200000 -0.000085
11.250000 0.000095
11.300000 -0.000088
11.350000 0.000092
11.400000 -0.000093
11.450000 0.000088
11.500000 -0.000097
11.550000 0.000087
11.600000 -0.000097
11.650000 0.000089
11.700000 -0.000095
11.750000 0.000093
11.800000 -0.000090
11.850000 0.000098
11.900000 -0.000088
11.950000 0.000099
12.000000 -0.000089
12.050000 0.000097
12.100000 -0.000094
12.150000 0.000093
12.200000 -0.000099
12.250000 0.000089
12.300000 -0.000101
12.350000 0.000090
12.400000 -0.000099
12.450000 0.000094
12.500000 -0.000095
12.550000 0.000099
12.600000 -0.000091
12.650000 0.000102
12.700000 -0.000090
12.750000 0.000101
12.800000 -0.000094
12.850000 0.000097
12.900000 -0.000099
12.950000 0.000093
13.000000 -0.000103
13.050000 0.000091
13.100000 -0.000103
13.150000 0.000094
13.200000 -0.000100
13.250000 0.000099
13.300000 -0.000095
13.350000 0.000104
13.400000 -0.000092
13.450000 0.000105
13.500000 -0.000093
13.550000 0.000102
13.600000 -0.000098
13.650000 0.000097
13.700000 -0.000104
13.750000 0.000093
13.800000 -0.000106
13.850000 0.000093
13.900000 -0.000104
13.950000 0.000097
14.000000 -0.000099
14.050000 0.000103
14.100000 -0.000094
14.150000 0.000107
14.200000 -0.000093
14.250000 0.000106
14.300000 -0.000096
14.350000 0.000101
14.400000 -0.000102
14.450000 0.000095
14.500000 -0.000107
14.550000 0.000093
14.600000 -0.000107
14.650000 0.000095
14.700000 -0.000103
14.750000 0.000101
14.800000 -0.000097
14.850000 0.000106
14.900000 -0.000093
14.950000 0.000108
15.000000 -0.000094
15.050000 0.000105
15.100000 -0.000099
15.150000 0.000099
15.200000 -0.000105
15.250000 0.000094
15.300000 -0.000109
15.350000 0.000093
15.400000 -0.000107
15.450000 0.000097
15.500000 -0.000102
15.550000 0.000104
15.600000 -0.000095
15.650000 0.000109
15.700000 -0.000092
15.750000 0.000109
15.800000 -0.000095
15.850000 0.000104
15.900000 -0.000101
15.950000 0.000097
16.000000 -0.000107
16.050000 0.000092
16.100000 -0.000110
16.150000 0.000093
16.200000 -0.000106
16.250000 0.000098
16.300000 -0.000099
16.350000 0.000105
16.400000 -0.000093
16.450000 0.000110
16.500000 -0.000091
16.550000 0.000108
16.600000 -0.000095
16.650000 0.000101
16.700000 -0.000103
16.750000 0.000094
16.800000 -0.000109
16.850000 0.000090
16.900000 -0.000109
16.950000 0.000092
17.000000 -0.000104
17.050000 0.000099
17.100000 -0.000096
17.150000 0.000106
17.200000 -0.000090
17.250000 0.000109
17.300000 -0.000090
17.350000 0.000106
17.400000 -0.000095
17.450000 0.000098
17.500000 -0.000103
17.550000 0.000091
17.600000 -0.000109
17.650000 0.000088
17.700000 -0.000108
17.750000 0.000091
17.800000 -0.000101
17.850000 0.000099
17.900000 -0.000092
17.950000 0.000106
18.000000 -0.000087
18.050000 0.000108
18.100000 -0.000088
18.150000 0.000104
18.200000 -0.000094
18.250000 0.000095
18.300000 -0.000103
18.350000 0.000087
18.400000 -0.000108
18.450000 0.000085
18.500000 -0.000106
18.550000 0.000089
18.600000 -0.000098
18.650000 0.000098
18.700000 -0.000088
18.750000 0.000106
18.800000 -0.000083
18.850000 0.000107
18.900000 -0.000085
18.950000 0.000101
19.000000 -0.000093
19.050000 0.000091
19.100000 -0.000102
19.150000 0.000083
19.200000 -0.000106
19.250000 0.000081
19.300000 -0.000103
19.350000 0.000087
19.400000 -0.000094
19.450000 0.000096
19.500000 -0.000084
19.550000 0.000104
19.600000 -0.000079
19.650000 0.000105
19.700000 -0.000081
19.750000 0.000098
19.800000 -0.000090
19.850000 0.000087
19.900000 -0.000099
19.950000 0.000078
20.000000 -0.000104
20.050000 0.000076
20.100000 -0.000101
20.150000 0.000083
20.200000 -0.000091
20.250000 0.000093
20.300000 -0.000080
20.350000 0.000101
20.400000 -0.000074
20.450000 0.000102
20.500000 -0.000076
20.550000 0.000095
20.600000 -0.000085
20.650000 0.000083
20.700000 -0.000096
20.750000 0.000073
20.800000 -0.000101
20.850000 0.000071
20.900000 -0.000098
20.950000 0.000077
21.000000 -0.000087
21.050000 0.000089
21.100000 -0.000075
21.150000 0.000098
21.200000 -0.000068
21.250000 0.000099
21.300000 -0.000070
21.350000 0.000092
21.400000 -0.000080
21.450000 0.000079
21.500000 -0.000092
21.550000 0.000068
21.600000 -0.000098
21.650000 0.000065
21.700000 -0.000095
21.750000 0.000071
21.800000 -0.000084
21.850000 0.000083
21.900000 -0.000071
21.950000 0.000093
22.000000 -0.000062
22.050000 0.000096
22.100000 -0.000063
22.150000 0.000089
22.200000 -0.000073
22.250000 0.000076
22.300000 -0.000085
22.350000 0.000063
22.400000 -0.000094
22.450000 0.000057
22.500000 -0.000093
22.550000 0.000063
22.600000 -0.000082
22.650000 0.000075
22.700000 -0.000067
22.750000 0.000088
22.800000 -0.000056
22.850000 0.000093
22.900000 -0.000055
22.950000 0.000087
23.000000 -0.000064
23.050000 0.000073
23.100000 -0.000078
23.150000 0.000058
23.200000 -0.000089
23.250000 0.000050
23.300000 -0.000090
23.350000 0.000053
23.400000 -0.000080
23.450000 0.000065
23.500000 -0.000064
23.550000 0.000080
23.600000 -0.000050
23.650000 0.000088
23.700000 -0.000046
23.750000 0.000085
23.800000 -0.000053
23.850000 0.000072
23.900000 -0.000067
23.950000 0.000055
24.000000 -0.000081
24.050000 0.000043
24.100000 -0.000086
24.150000 0.000043
24.200000 -0.000079
24.250000 0.000053
24.300000 -0.000063
24.350000 0.000070
24.400000 -0.000046
24.450000 0.000082
24.500000 -0.000037
24.550000 0.000083
24.600000 -0.000041
24.650000 0.000072
24.700000 -0.000055
24.750000 0.000053
24.800000 -0.000071
24.850000 0.000037
24.900000 -0.000081
24.950000 0.000032
25.000000 -0.000078
25.050000 0.000040
25.100000 -0.000063
25.150000 0.000056
25.200000 -0.000044
25.250000 0.000073
25.300000 -0.000030
25.350000 0.000079
25.400000 -0.000028
25.450000 0.000072
25.500000 -0.000039
25.550000 0.000054
25.600000 -0.000058
25.650000 0.000035
25.700000 -0.000073
25.750000 0.000023
25.800000 -0.000076
25.850000 0.000025
25.900000 -0.000065
25.950000 0.000040
26.000000 -0.000045
26.050000 0.000059
26.100000 -0.000026
26.150000 0.000073
26.200000 -0.000017
26.250000 0.000072
26.300000 -0.000023
26.350000 0.000058
26.400000 -0.000040
26.450000 0.000036
26.500000 -0.000060
26.550000 0.000017
26.600000 -0.000071
26.650000 0.000011
26.700000 -0.000068
26.750000 0.000021
26.800000 -0.000050
26.850000 0.000041
26.900000 -0.000027
26.950000 0.000061
27.000000 -0.000009
27.050000 0.000070
27.100000 -0.000006
27.150000 0.000062
27.200000 -0.000019
27.250000 0.000042
27.300000 -0.000041
27.350000 0.000017
27.400000 -0.000061
27.450000 0.000002
27.500000 -0.000067
27.550000 0.000002
27.600000 -0.000056
27.650000 0.000018
27.700000 -0.000033
27.750000 0.000042
27.800000 -0.000008
27.850000 0.000060
27.900000 0.000006
27.950000 0.000064
28.000000 0.000002
28.050000 0.000050
28.100000 -0.000017
28.150000 0.000025
28.200000 -0.000042
28.250000 -0.000000
28.300000 -0.000059
28.350000 -0.000012
28.400000 -0.000061
28.450000 -0.000006
28.500000 -0.000044
28.550000 0.000015
28.600000 -0.000016
28.650000 0.000041
28.700000 0.000009
28.750000 0.000058
28.800000 0.000019
28.850000 0.000057
28.900000 0.000010
28.950000 0.000038
29.000000 -0.000014
29.050000 0.000008
29.100000 -0.000041
29.150000 -0.000017
29.200000 -0.000057
29.250000 -0.000026
29.300000 -0.000054
29.350000 -0.000014
29.400000 -0.000032
29.450000 0.000012
29.500000 -0.000001
29.550000 0.000039
29.600000 0.000024
29.650000 0.000055
29.700000 0.000032
29.750000 0.000050
29.800000 0.000019
29.850000 0.000026
29.900000 -0.000009
29.950000 -0.000006
30.000000 -0.000038
30.050000 -0.000032
30.100000 -0.000053
30.150000 -0.000039
30.200000 -0.000047
30.250000 -0.000024
30.300000 -0.000021
30.350000 0.000006
30.400000 0.000013
30.450000 0.000036
30.500000 0.000040
30.550000 0.000052
30.600000 0.000046
30.650000 0.000044
30.700000 0.000029
30.750000 0.000017
30.800000 -0.000002
30.850000 -0.000019
30.900000 -0.000034
30.950000 -0.000047
31.000000 -0.000050
31.050000 -0.000053
31.100000 -0.000042
31.150000 -0.000036
31.200000 -0.000013
31.250000 -0.000002
31.300000 0.000024
31.350000 0.000031
31.400000 0.000054
31.450000 0.000049
31.500000 0.000061
31.550000 0.000041
31.600000 0.000043
31.650000 0.000011
31.700000 0.000008
31.750000 -0.000029
31.800000 -0.000028
31.850000 -0.000060
31.900000 -0.000047
31.950000 -0.000069
32.000000 -0.000040
32.050000 -0.000051
32.100000 -0.000009
32.150000 -0.000014
32.200000 0.000032
32.250000 0.000024
32.300000 0.000066
32.350000 0.000045
32.400000 0.000077
32.450000 0.000040
32.500000 0.000060
32.550000 0.000009
32.600000 0.000022
32.650000 -0.000034
32.700000 -0.000018
32.750000 -0.000071
32.800000 -0.000044
32.850000 -0.000085
32.900000 -0.000041
32.950000 -0.000070
33.000000 -0.000011
33.050000 -0.000032
33.100000 0.000035
33.150000 0.000012
33.200000 0.000075
33.250000 0.000041
33.300000 0.000094
33.350000 0.000042
33.400000 0.000081
33.450000 0.000014
33.500000 0.000043
33.550000 -0.000033
33.600000 -0.000004
33.650000 -0.000078
33.700000 -0.000038
33.750000 -0.000101
33.800000 -0.000044
33.850000 -0.000093
33.900000 -0.000018
33.950000 -0.000056
34.000000 0.000029
34.050000 -0.000006
34.100000 0.000079
34.150000 0.000033
34.200000 0.000108
34.250000 0.000046
34.300000 0.000105
34.350000 0.000024
34.400000 0.000071
34.450000 -0.000023
34.500000 0.000019
34.550000 -0.000077
34.600000 -0.000027
34.650000 -0.000113
34.700000 -0.000047
34.750000 -0.000118
34.800000 -0.000031
34.850000 -0.000087
34.900000 0.000015
34.950000 -0.000034
35.000000 0.000072
35.050000 0.000017
35.100000 0.000116
35.150000 0.000046
35.200000 0.000129
35.250000 0.000039
35.300000 0.000105
35.350000 -0.000003
35.400000 0.000053
35.450000 -0.000063
35.500000 -0.000005
35.550000 -0.000115
35.600000 -0.000043
35.650000 -0.000139
35.700000 -0.000046
35.750000 -0.000123
35.800000 -0.000010
35.850000 -0.000074
35.900000 0.000050
35.950000 -0.000012
36.000000 0.000110
36.050000 0.000037
36.100000 0.000146
36.150000 0.000052
36.200000 0.000142
36.250000 0.000025
36.300000 0.000099
36.350000 -0.000033
36.400000 0.000034
36.450000 -0.000100
36.500000 -0.000025
36.550000 -0.000148
36.600000 -0.000054
36.650000 -0.000158
36.700000 -0.000040
36.750000 -0.000124
36.800000 0.000012
36.850000 -0.000061
36.900000 0.000083
36.950000 0.000007
37.000000 0.000144
37.050000 0.000051
37.100000 0.000170
37.150000 0.000053
37.200000 0.000150
37.250000 0.000011
37.300000 0.000092
37.350000 -0.000060
37.400000 0.000018
37.450000 -0.000132
37.500000 -0.000042
37.550000 -0.000176
37.600000 -0.000063
37.650000 -0.000174
37.700000 -0.000035
37.750000 -0.000126
37.800000 0.000031
37.850000 -0.000051
37.900000 0.000111
37.950000 0.000023
38.000000 0.000173
38.050000 0.000064
38.100000 0.000193
38.150000 0.000057
38.200000 0.000161
38.250000 0.000002
38.300000 0.000090
38.350000 -0.000080
38.400000 0.000007
38.450000 -0.000159
38.500000 -0.000056
38.550000 -0.000202
38.600000 -0.000073
38.650000 -0.000193
38.700000 -0.000036
38.750000 -0.000134
38.800000 0.000041
38.850000 -0.000048
38.900000 0.000131
38.950000 0.000033
39.000000 0.000198
39.050000 0.000078
39.100000 0.000217
39.150000 0.000067
39.200000 0.000179
39.250000 0.000003
39.300000 0.000098
39.350000 -0.000090
39.400000 0.000004
39.450000 -0.000178
39.500000 -0.000067
39.550000 -0.000227
39.600000 -0.000088
39.650000 -0.000218
39.700000 -0.000048
39.750000 -0.000154
39.800000 0.000038
39.850000 -0.000056
39.900000 0.000139
39.950000 0.000037
40.000000 0.000218
40.050000 0.000092
40.100000 0.000245
40.150000 0.000086
40.200000 0.000208
40.250000 0.000020
40.300000 0.000121
40.350000 -0.000083
40.400000 0.000014
40.450000 -0.000185
40.500000 -0.000073
40.550000 -0.000250
40.600000 -0.000108
40.650000 -0.000252
40.700000 -0.000075
40.750000 -0.000189
40.800000 0.000014
40.850000 -0.000083
40.900000 0.000129
40.950000 0.000028
41.000000 0.000227
41.050000 0.000104
41.100000 0.000274
41.150000 0.000115
41.200000 0.000251
41.250000 0.000057
41.300000 0.000164
41.350000 -0.000052
41.400000 0.000044
41.450000 -0.000173
41.500000 -0.000066
41.550000 -0.000264
41.600000 -0.000128
41.650000 -0.000291
41.700000 -0.000116
41.750000 -0.000243
41.800000 -0.000035
41.850000 -0.000136
41.900000 0.000090
41.950000 -0.000006
42.000000 0.000215
42.050000 0.000101
42.100000 0.000295
42.150000 0.000147
42.200000 0.000302
42.250000 0.000114
42.300000 0.000232
42.350000 0.000011
42.400000 0.000107
42.450000 -0.000127
42.500000 -0.000031
42.550000 -0.000253
42.600000 -0.000133
42.650000 -0.000323
42.700000 -0.000163
42.750000 -0.000311
42.800000 -0.000109
42.850000 -0.000220
42.900000 0.000013
42.950000 -0.000079
43.000000 0.000162
43.050000 0.000065
43.100000 0.000287
43.150000 0.000162
43.200000 0.000347
43.250000 0.000178
43.300000 0.000318
43.350000 0.000105
43.400000 0.000209
43.450000 -0.000033
43.500000 0.000054
43.550000 -0.000192
43.600000 -0.000096
43.650000 -0.000319
43.700000 -0.000188
43.750000 -0.000370
43.800000 -0.000193
43.850000 -0.000327
43.900000 -0.000105
43.950000 -0.000202
44.000000 0.000047
44.050000 -0.000035
44.100000 0.000215
44.150000 0.000119
44.200000 0.000342
44.250000 0.000207
44.300000 0.000383
44.350000 0.000198
44.400000 0.000323
44.450000 0.000090
44.500000 0.000176
44.550000 -0.000085
44.600000 -0.000012
44.650000 -0.000270
44.700000 -0.000179
44.750000 -0.000402
44.800000 -0.000261
44.850000 -0.000422
44.900000 -0.000210
44.950000 -0.000293
