-30.000000 0.000000
-29.600000 0.000000
-29.200000 0.000000
-28.800000 0.000000
-28.400000 0.000000
-28.000000 0.000000
-27.600000 0.000000
-27.200000 0.000000
-26.800000 0.000000
-26.400000 0.000000
-26.000000 0.000000
-25.600000 -0.000000
-25.200000 -0.000000
-24.800000 -0.000000
-24.400000 -0.000000
-24.000000 0.000000
-23.600000 0.000000
-23.200000 -0.000000
-22.800000 -0.000000
-22.400000 0.000000
-22.000000 -0.000000
-21.600000 -0.000000
-21.200000 0.000000
-20.800000 -0.000001
-20.400000 0.000003
-20.000000 0.000001
-19.600000 -0.000073
-19.200000 0.000513
-18.800000 -0.002216
-18.400000 0.006621
-18.000000 0.265364
-17.600000 -5262254.741399
-17.200000 774374481773927858176.000000
-16.800000 -6552077950828218446050481538299337563905175060480.000000
-16.400000 181073116569466546894409926166479880885641765287338165392319772455955944276678655611114878953798919782400.000000
-16.000000 -53256262682322295648425295272347093695930643433170059019363703141651312621725879388797045048952407268910067252838250790738716586955000050739617069927700909782967067455070583015713109546896522890039953941874895486976.000000
-15.600000 -nan
-15.200000 -nan
-14.800000 -nan
-14.400000 -nan
-14.000000 -nan
-13.600000 -nan
-13.200000 -nan
-12.800000 -nan
-12.400000 -nan
-12.000000 -nan
-11.600000 -nan
-11.200000 -nan
-10.800000 -nan
-10.400000 -nan
-10.000000 -nan
-9.600000 -nan
-9.200000 -nan
-8.800000 -nan
-8.400000 -nan
-8.000000 -nan
-7.600000 -nan
-7.200000 -nan
-6.800000 -nan
-6.400000 -nan
-6.000000 -nan
-5.600000 -nan
-5.200000 -nan
-4.800000 -nan
-4.400000 -nan
-4.000000 -nan
-3.600000 -nan
-3.200000 -nan
-2.800000 -nan
-2.400000 -nan
-2.000000 -nan
-1.600000 -nan
-1.200000 -nan
-0.800000 -nan
-0.400000 -nan
0.000000 -nan
0.400000 -nan
0.800000 -nan
1.200000 -nan
1.600000 -nan
2.000000 -nan
2.400000 -nan
2.800000 -nan
3.200000 -nan
3.600000 -nan
4.000000 -nan
4.400000 -nan
4.800000 -nan
5.200000 -nan
5.600000 -nan
6.000000 -nan
6.400000 -nan
6.800000 -nan
7.200000 -nan
7.600000 -nan
8.000000 -nan
8.400000 -nan
8.800000 -nan
9.200000 -nan
9.600000 -nan
10.000000 -nan
10.400000 -nan
10.800000 -nan
11.200000 -nan
11.600000 -nan
12.000000 -nan
12.400000 -nan
12.800000 -nan
13.200000 -nan
13.600000 -nan
14.000000 -nan
14.400000 -nan
14.800000 -nan
15.200000 -nan
15.600000 -nan
16.000000 -nan
16.400000 -nan
16.800000 -nan
17.200000 -nan
17.600000 -nan
18.000000 -inf
18.400000 -187663169627080484558556998733121029561897803041357599413184646589231692747389072534343304699595398091086470959431680636737438272020683825539557859279302094292382646272.000000
18.800000 -369234611890554786870386099917094955245514133390569426520254228733614424663785472.000000
19.200000 -8968755776022074103732131049366355968.000000
19.600000 -762582970766274.625000
20.000000 -3809.512521
20.400000 -0.004460
20.800000 -0.000002
21.200000 -0.000000
21.600000 -0.000000
22.000000 0.000000
22.400000 -0.000000
22.800000 0.000000
23.200000 0.000000
23.600000 -0.000000
24.000000 -0.000000
24.400000 -0.000000
24.800000 -0.000000
25.200000 -0.000000
25.600000 -0.000000
26.000000 -0.000000
26.400000 -0.000000
26.800000 -0.000000
27.200000 -0.000000
27.600000 -0.000000
28.000000 -0.000000
28.400000 -0.000000
28.800000 -0.000000
29.200000 -0.000000
29.600000 -0.000000
