-30.000000 0.001200
-29.950000 0.000806
-29.900000 0.001634
-29.850000 0.000888
-29.800000 0.001403
-29.750000 0.000381
-29.700000 0.000673
-29.650000 -0.000527
-29.600000 -0.000355
-29.550000 -0.001624
-29.500000 -0.001460
-29.450000 -0.002692
-29.400000 -0.002438
-29.350000 -0.003541
-29.300000 -0.003116
-29.250000 -0.004024
-29.200000 -0.003376
-29.150000 -0.004054
-29.100000 -0.003164
-29.050000 -0.003607
-29.000000 -0.002489
-28.950000 -0.002729
-28.900000 -0.001427
-28.850000 -0.001520
-28.800000 -0.000105
-28.750000 -0.000131
-28.700000 0.001312
-28.650000 0.001262
-28.600000 0.002640
-28.550000 0.002473
-28.500000 0.003699
-28.450000 0.003337
-28.400000 0.004342
-28.350000 0.003731
-28.300000 0.004475
-28.250000 0.003591
-28.200000 0.004070
-28.150000 0.002928
-28.100000 0.003174
-28.050000 0.001823
-28.000000 0.001901
-27.950000 0.000417
-27.900000 0.000414
-27.850000 -0.001109
-27.800000 -0.001097
-27.750000 -0.002560
-27.700000 -0.002438
-27.650000 -0.003753
-27.600000 -0.003440
-27.550000 -0.004536
-27.500000 -0.003975
-27.450000 -0.004810
-27.400000 -0.003973
-27.350000 -0.004536
-27.300000 -0.003428
-27.250000 -0.003740
-27.200000 -0.002398
-27.150000 -0.002511
-27.100000 -0.001001
-27.050000 -0.000992
-27.000000 0.000599
-26.950000 0.000636
-26.900000 0.002209
-26.850000 0.002173
-26.800000 0.003628
-26.750000 0.003423
-26.700000 0.004674
-26.650000 0.004224
-26.600000 0.005208
-26.550000 0.004467
-26.500000 0.005154
-26.450000 0.004112
-26.400000 0.004512
-26.350000 0.003197
-26.300000 0.003356
-26.250000 0.001831
-26.200000 0.001825
-26.150000 0.000176
-26.100000 0.000101
-26.050000 -0.001570
-26.000000 -0.001610
-25.950000 -0.003200
-25.900000 -0.003107
-25.850000 -0.004523
-25.800000 -0.004213
-25.750000 -0.005384
-25.700000 -0.004797
-25.650000 -0.005677
-25.600000 -0.004784
-25.550000 -0.005360
-25.500000 -0.004165
-25.450000 -0.004459
-25.400000 -0.003000
-25.350000 -0.003065
-25.300000 -0.001411
-25.250000 -0.001330
-25.200000 0.000426
-25.150000 0.000552
-25.100000 0.002301
-25.050000 0.002362
-25.000000 0.003996
-24.950000 0.003886
-24.900000 0.005307
-24.850000 0.004939
-24.800000 0.006074
-24.750000 0.005392
-24.700000 0.006201
-24.650000 0.005185
-24.600000 0.005670
-24.550000 0.004338
-24.500000 0.004535
-24.450000 0.002944
-24.400000 0.002923
-24.350000 0.001154
-24.300000 0.001010
-24.250000 -0.000835
-24.200000 -0.000998
-24.150000 -0.002811
-24.100000 -0.002884
-24.050000 -0.004560
-24.000000 -0.004444
-23.950000 -0.005890
-23.900000 -0.005504
-23.850000 -0.006652
-23.800000 -0.005940
-23.750000 -0.006752
-23.700000 -0.005692
-23.650000 -0.006163
-23.600000 -0.004771
-23.550000 -0.004935
-23.500000 -0.003262
-23.450000 -0.003187
-23.400000 -0.001317
-23.350000 -0.001101
-23.300000 0.000857
-23.250000 0.001098
-23.200000 0.003025
-23.150000 0.003173
-23.100000 0.004952
-23.050000 0.004895
-23.000000 0.006427
-22.950000 0.006077
-22.900000 0.007288
-22.850000 0.006591
-22.800000 0.007443
-22.750000 0.006378
-22.700000 0.006872
-22.650000 0.005458
-22.600000 0.005629
-22.550000 0.003919
-22.500000 0.003834
-22.450000 0.001909
-22.400000 0.001661
-22.350000 -0.000379
-22.300000 -0.000681
-22.250000 -0.002720
-22.200000 -0.002961
-22.150000 -0.004884
-22.100000 -0.004948
-22.050000 -0.006646
-22.000000 -0.006435
-21.950000 -0.007820
-21.900000 -0.007258
-21.850000 -0.008271
-21.800000 -0.007318
-21.750000 -0.007937
-21.700000 -0.006592
-21.650000 -0.006839
-21.600000 -0.005143
-21.550000 -0.005077
-21.500000 -0.003108
-21.450000 -0.002822
-21.400000 -0.000686
-21.350000 -0.000296
-21.300000 0.001885
-21.250000 0.002254
-21.200000 0.004355
-21.150000 0.004580
-21.100000 0.006485
-21.050000 0.006459
-21.000000 0.008071
-20.950000 0.007712
-20.900000 0.008963
-20.850000 0.008216
-20.800000 0.009068
-20.750000 0.007915
-20.700000 0.008367
-20.650000 0.006823
-20.600000 0.006909
-20.550000 0.005024
-20.500000 0.004811
-20.450000 0.002669
-20.400000 0.002254
-20.350000 -0.000036
-20.300000 -0.000533
-20.250000 -0.002844
-20.200000 -0.003292
-20.150000 -0.005491
-20.100000 -0.005761
-20.050000 -0.007724
-20.000000 -0.007700
-19.950000 -0.009325
-19.900000 -0.008919
-19.850000 -0.010135
-19.800000 -0.009298
-19.750000 -0.010074
-19.700000 -0.008794
-19.650000 -0.009142
-19.600000 -0.007449
-19.550000 -0.007417
-19.500000 -0.005378
-19.450000 -0.005047
-19.400000 -0.002757
-19.350000 -0.002233
-19.300000 0.000194
-19.250000 0.000789
-19.200000 0.003226
-19.150000 0.003763
-19.100000 0.006082
-19.050000 0.006437
-19.000000 0.008518
-18.950000 0.008577
-18.900000 0.010315
-18.850000 0.009987
-18.800000 0.011307
-18.750000 0.010530
-18.700000 0.011388
-18.650000 0.010139
-18.600000 0.010531
-18.550000 0.008828
-18.500000 0.008792
-18.450000 0.006693
-18.400000 0.006307
-18.350000 0.003906
-18.300000 0.003280
-18.250000 0.000699
-18.200000 -0.000037
-18.150000 -0.002662
-18.100000 -0.003369
-18.050000 -0.005900
-18.000000 -0.006442
-17.950000 -0.008749
-17.900000 -0.009006
-17.850000 -0.010978
-17.800000 -0.010852
-17.750000 -0.012405
-17.700000 -0.011826
-17.650000 -0.012907
-17.600000 -0.011839
-17.550000 -0.012429
-17.500000 -0.010872
-17.450000 -0.010989
-17.400000 -0.008980
-17.350000 -0.008679
-17.300000 -0.006291
-17.250000 -0.005663
-17.200000 -0.003001
-17.150000 -0.002165
-17.100000 0.000641
-17.050000 0.001547
-17.000000 0.004352
-16.950000 0.005180
-16.900000 0.007839
-16.850000 0.008447
-16.800000 0.010823
-16.750000 0.011087
-16.700000 0.013069
-16.650000 0.012892
-16.600000 0.014400
-16.550000 0.013719
-16.500000 0.014710
-16.450000 0.013502
-16.400000 0.013971
-16.350000 0.012250
-16.300000 0.012228
-16.250000 0.010042
-16.200000 0.009594
-16.150000 0.007023
-16.100000 0.006243
-16.050000 0.003393
-16.000000 0.002397
-15.950000 -0.000607
-15.900000 -0.001684
-15.850000 -0.004700
-15.800000 -0.005713
-15.750000 -0.008595
-15.700000 -0.009399
-15.650000 -0.012005
-15.600000 -0.012466
-15.550000 -0.014671
-15.500000 -0.014675
-15.450000 -0.016383
-15.400000 -0.015851
-15.350000 -0.017001
-15.300000 -0.015894
-15.250000 -0.016467
-15.200000 -0.014787
-15.150000 -0.014808
-15.100000 -0.012601
-15.050000 -0.012132
-15.000000 -0.009478
-14.950000 -0.008616
-14.900000 -0.005624
-14.850000 -0.004489
-14.800000 -0.001287
-14.750000 -0.000015
-14.700000 0.003255
-14.650000 0.004521
-14.600000 0.007715
-14.550000 0.008832
-14.500000 0.011810
-14.450000 0.012641
-14.400000 0.015272
-14.350000 0.015695
-14.300000 0.017868
-14.250000 0.017783
-14.200000 0.019411
-14.150000 0.018747
-14.100000 0.019777
-14.050000 0.018500
-14.000000 0.018918
-13.950000 0.017035
-13.900000 0.016868
-13.850000 0.014426
-13.800000 0.013740
-13.750000 0.010823
-13.700000 0.009720
-13.650000 0.006443
-13.600000 0.005048
-13.550000 0.001547
-13.500000 0.000003
-13.450000 -0.003575
-13.400000 -0.005118
-13.350000 -0.008623
-13.300000 -0.010016
-13.250000 -0.013302
-13.200000 -0.014405
-13.150000 -0.017337
-13.100000 -0.018023
-13.050000 -0.020485
-13.000000 -0.020647
-12.950000 -0.022543
-12.900000 -0.022102
-12.850000 -0.023368
-12.800000 -0.022275
-12.750000 -0.022882
-12.700000 -0.021127
-12.650000 -0.021083
-12.600000 -0.018695
-12.550000 -0.018051
-12.500000 -0.015100
-12.450000 -0.013943
-12.400000 -0.010533
-12.350000 -0.008983
-12.300000 -0.005247
-12.250000 -0.003447
-12.200000 0.000466
-12.150000 0.002361
-12.100000 0.006294
-12.050000 0.008129
-12.000000 0.011928
-11.950000 0.013554
-11.900000 0.017076
-11.850000 0.018359
-11.800000 0.021477
-11.750000 0.022296
-11.700000 0.024902
-11.650000 0.025161
-11.600000 0.027169
-11.550000 0.026793
-11.500000 0.028142
-11.450000 0.027085
-11.400000 0.027743
-11.350000 0.025990
-11.300000 0.025958
-11.250000 0.023528
-11.200000 0.022845
-11.150000 0.019794
-11.100000 0.018532
-11.050000 0.014947
-11.000000 0.013211
-10.950000 0.009213
-10.900000 0.007133
-10.850000 0.002861
-10.800000 0.000585
-10.750000 -0.003807
-10.700000 -0.006122
-10.650000 -0.010476
-10.600000 -0.012673
-10.550000 -0.016836
-10.500000 -0.018767
-10.450000 -0.022594
-10.400000 -0.024121
-10.350000 -0.027484
-10.300000 -0.028486
-10.250000 -0.031273
-10.200000 -0.031649
-10.150000 -0.033771
-10.100000 -0.033444
-10.050000 -0.034836
-10.000000 -0.033757
-9.950000 -0.034387
-9.900000 -0.032539
-9.850000 -0.032408
-9.800000 -0.029812
-9.750000 -0.028959
-9.700000 -0.025672
-9.650000 -0.024171
-9.600000 -0.020285
-9.550000 -0.018243
-9.500000 -0.013877
-9.450000 -0.011424
-9.400000 -0.006718
-9.350000 -0.004001
-9.300000 0.000897
-9.250000 0.003727
-9.200000 0.008665
-9.150000 0.011458
-9.100000 0.016288
-9.050000 0.018901
-9.000000 0.023482
-8.950000 0.025780
-8.900000 0.029984
-8.850000 0.031842
-8.800000 0.035552
-8.750000 0.036861
-8.700000 0.039973
-8.650000 0.040638
-8.600000 0.043067
-8.550000 0.043011
-8.500000 0.044694
-8.450000 0.043867
-8.400000 0.044764
-8.350000 0.043143
-8.300000 0.043246
-8.250000 0.040837
-8.200000 0.040168
-8.150000 0.037007
-8.100000 0.035617
-8.050000 0.031768
-8.000000 0.029732
-7.950000 0.025282
-7.900000 0.022696
-7.850000 0.017747
-7.800000 0.014721
-7.750000 0.009390
-7.700000 0.006044
-7.650000 0.000454
-7.600000 -0.003084
-7.550000 -0.008800
-7.500000 -0.012394
-7.450000 -0.018096
-7.400000 -0.021604
-7.350000 -0.027149
-7.300000 -0.030424
-7.250000 -0.035665
-7.200000 -0.038562
-7.150000 -0.043355
-7.100000 -0.045736
-7.050000 -0.049950
-7.000000 -0.051690
-6.950000 -0.055211
-6.900000 -0.056209
-6.850000 -0.058949
-6.800000 -0.059131
-6.750000 -0.061028
-6.700000 -0.060349
-6.650000 -0.061376
-6.600000 -0.059822
-6.550000 -0.059976
-6.500000 -0.057557
-6.450000 -0.056863
-6.400000 -0.053614
-6.350000 -0.052116
-6.300000 -0.048090
-6.250000 -0.045848
-6.200000 -0.041114
-6.150000 -0.038206
-6.100000 -0.032848
-6.050000 -0.029365
-6.000000 -0.023482
-5.950000 -0.019528
-5.900000 -0.013232
-5.850000 -0.008926
-5.800000 -0.002341
-5.750000 0.002189
-5.700000 0.008934
-5.650000 0.013557
-5.600000 0.020330
-5.550000 0.024917
-5.500000 0.031594
-5.450000 0.036025
-5.400000 0.042492
-5.350000 0.046662
-5.300000 0.052821
-5.250000 0.056639
-5.200000 0.062407
-5.150000 0.065797
-5.100000 0.071104
-5.050000 0.074001
-5.000000 0.078787
-4.950000 0.081134
-4.900000 0.085345
-4.850000 0.087092
-4.800000 0.090679
-4.750000 0.091781
-4.700000 0.094702
-4.650000 0.095118
-4.600000 0.097337
-4.550000 0.097038
-4.500000 0.098531
-4.450000 0.097496
-4.400000 0.098249
-4.350000 0.096472
-4.300000 0.096484
-4.250000 0.093969
-4.200000 0.093250
-4.150000 0.090012
-4.100000 0.088579
-4.050000 0.084636
-4.000000 0.082509
-3.950000 0.077883
-3.900000 0.075081
-3.850000 0.069790
-3.800000 0.066333
-3.750000 0.060395
-3.700000 0.056299
-3.650000 0.049731
-3.600000 0.045017
-3.550000 0.037843
-3.500000 0.032537
-3.450000 0.024788
-3.400000 0.018927
-3.350000 0.010646
-3.300000 0.004278
-3.250000 -0.004481
-3.200000 -0.011298
-3.150000 -0.020475
-3.100000 -0.027675
-3.050000 -0.037201
-3.000000 -0.044716
-2.950000 -0.054523
-2.900000 -0.062283
-2.850000 -0.072300
-2.800000 -0.080237
-2.750000 -0.090395
-2.700000 -0.098437
-2.650000 -0.108663
-2.600000 -0.116736
-2.550000 -0.126953
-2.500000 -0.134974
-2.450000 -0.145095
-2.400000 -0.152974
-2.350000 -0.162904
-2.300000 -0.170542
-2.250000 -0.180177
-2.200000 -0.187468
-2.150000 -0.196703
-2.100000 -0.203542
-2.050000 -0.212273
-2.000000 -0.218559
-1.950000 -0.226690
-1.900000 -0.232335
-1.850000 -0.239786
-1.800000 -0.244716
-1.750000 -0.251419
-1.700000 -0.255575
-1.650000 -0.261479
-1.600000 -0.264815
-1.550000 -0.269880
-1.500000 -0.272359
-1.450000 -0.276553
-1.400000 -0.278149
-1.350000 -0.281448
-1.300000 -0.282143
-1.250000 -0.284534
-1.200000 -0.284319
-1.150000 -0.285801
-1.100000 -0.284684
-1.050000 -0.285273
-1.000000 -0.283279
-0.950000 -0.283011
-0.900000 -0.280186
-0.850000 -0.279117
-0.800000 -0.275524
-0.750000 -0.273724
-0.700000 -0.269443
-0.650000 -0.266996
-0.600000 -0.262113
-0.550000 -0.259107
-0.500000 -0.253710
-0.450000 -0.250232
-0.400000 -0.244407
-0.350000 -0.240540
-0.300000 -0.234365
-0.250000 -0.230184
-0.200000 -0.223731
-0.150000 -0.219306
-0.100000 -0.212645
-0.050000 -0.208043
0.000000 -0.201240
0.050000 -0.196529
0.100000 -0.189652
0.150000 -0.184900
0.200000 -0.178017
0.250000 -0.173292
0.300000 -0.166471
0.350000 -0.161839
0.400000 -0.155140
0.450000 -0.150655
0.500000 -0.144129
0.550000 -0.139835
0.600000 -0.133517
0.650000 -0.129442
0.700000 -0.123354
0.750000 -0.119515
0.800000 -0.113669
0.850000 -0.110072
0.900000 -0.104473
0.950000 -0.101123
1.000000 -0.095774
1.050000 -0.092676
1.100000 -0.087584
1.150000 -0.084746
1.200000 -0.079921
1.250000 -0.077356
1.300000 -0.072813
1.350000 -0.070535
1.400000 -0.066288
1.450000 -0.064310
1.500000 -0.060369
1.550000 -0.058701
1.600000 -0.055073
1.650000 -0.053718
1.700000 -0.050405
1.750000 -0.049362
1.800000 -0.046364
1.850000 -0.045633
1.900000 -0.042951
1.950000 -0.042540
2.000000 -0.040186
2.050000 -0.040114
2.100000 -0.038117
2.150000 -0.038420
2.200000 -0.036829
2.250000 -0.037570
2.300000 -0.036458
2.350000 -0.037721
2.400000 -0.037185
2.450000 -0.039082
2.500000 -0.039247
2.550000 -0.041916
2.600000 -0.042937
2.650000 -0.046551
2.700000 -0.048621
2.750000 -0.053399
2.800000 -0.056765
2.850000 -0.062986
2.900000 -0.067967
2.950000 -0.075994
3.000000 -0.083005
3.050000 -0.093312
3.100000 -0.102892
3.150000 -0.116091
3.200000 -0.128932
3.250000 -0.145805
3.300000 -0.162785
3.350000 -0.184313
3.400000 -0.206526
3.450000 -0.233920
3.500000 -0.262703
3.550000 -0.297430
3.600000 -0.334380
3.650000 -0.378172
3.700000 -0.425151
3.750000 -0.479990
3.800000 -0.539084
3.850000 -0.607134
3.900000 -0.680553
3.950000 -0.764019
4.000000 -0.853892
4.050000 -0.954743
4.100000 -1.062770
4.150000 -1.182304
4.200000 -1.309225
4.250000 -1.447441
4.300000 -1.592314
4.350000 -1.747120
4.400000 -1.906490
4.450000 -2.072875
4.500000 -2.240021
4.550000 -2.409459
4.600000 -2.574050
4.650000 -2.734527
4.700000 -2.883120
4.750000 -3.020171
4.800000 -3.137841
4.850000 -3.236761
4.900000 -3.309794
4.950000 -3.358657
5.000000 -3.377657
5.050000 -3.370222
5.100000 -3.332535
5.150000 -3.269917
5.200000 -3.180348
5.250000 -3.070710
5.300000 -2.940230
5.350000 -2.796644
5.400000 -2.639645
5.450000 -2.477032
5.500000 -2.308239
5.550000 -2.140519
5.600000 -1.972572
5.650000 -1.810785
5.700000 -1.652954
5.750000 -1.504554
5.800000 -1.362535
5.850000 -1.231592
5.900000 -1.108007
5.950000 -0.995905
6.000000 -0.891114
6.050000 -0.797391
6.100000 -0.710301
6.150000 -0.633400
6.200000 -0.562134
6.250000 -0.499977
6.300000 -0.442350
6.350000 -0.392722
6.400000 -0.346543
6.450000 -0.307319
6.500000 -0.270559
6.550000 -0.239824
6.600000 -0.210694
6.650000 -0.186789
6.700000 -0.163761
6.750000 -0.145290
6.800000 -0.127093
6.850000 -0.112906
6.900000 -0.098505
6.950000 -0.087672
7.000000 -0.076238
7.050000 -0.068021
7.100000 -0.058900
7.150000 -0.052724
7.200000 -0.045408
7.250000 -0.040826
7.300000 -0.034925
7.350000 -0.031593
7.400000 -0.026804
7.450000 -0.024457
7.500000 -0.020545
7.550000 -0.018973
7.600000 -0.015749
7.650000 -0.014782
7.700000 -0.012093
7.750000 -0.011591
7.800000 -0.009309
7.850000 -0.009156
7.900000 -0.007176
7.950000 -0.007277
8.000000 -0.005514
8.050000 -0.005797
8.100000 -0.004191
8.150000 -0.004605
8.200000 -0.003115
8.250000 -0.003629
8.300000 -0.002234
8.350000 -0.002835
8.400000 -0.001525
8.450000 -0.002207
8.500000 -0.000980
8.550000 -0.001739
8.600000 -0.000591
8.650000 -0.001422
8.700000 -0.000343
8.750000 -0.001232
8.800000 -0.000205
8.850000 -0.001133
8.900000 -0.000137
8.950000 -0.001082
9.000000 -0.000094
9.050000 -0.001035
9.100000 -0.000040
9.150000 -0.000964
9.200000 0.000048
9.250000 -0.000856
9.300000 0.000171
9.350000 -0.000719
9.400000 0.000314
9.450000 -0.000575
9.500000 0.000449
9.550000 -0.000453
9.600000 0.000547
9.650000 -0.000382
9.700000 0.000585
9.750000 -0.000375
9.800000 0.000560
9.850000 -0.000427
9.900000 0.000483
9.950000 -0.000517
10.000000 0.000385
10.050000 -0.000612
10.100000 0.000300
10.150000 -0.000675
10.200000 0.000260
10.250000 -0.000684
10.300000 0.000281
10.350000 -0.000632
10.400000 0.000359
10.450000 -0.000533
10.500000 0.000468
10.550000 -0.000418
10.600000 0.000576
10.650000 -0.000322
10.700000 0.000648
10.750000 -0.000277
10.800000 0.000661
10.850000 -0.000295
10.900000 0.000611
10.950000 -0.000370
11.000000 0.000514
11.050000 -0.000478
11.100000 0.000400
11.150000 -0.000584
11.200000 0.000306
11.250000 -0.000656
11.300000 0.000260
11.350000 -0.000669
11.400000 0.000278
11.450000 -0.000619
11.500000 0.000354
11.550000 -0.000519
11.600000 0.000465
11.650000 -0.000401
11.700000 0.000578
11.750000 -0.000300
11.800000 0.000656
11.850000 -0.000248
11.900000 0.000674
11.950000 -0.000263
12.000000 0.000624
12.050000 -0.000341
12.100000 0.000521
12.150000 -0.000458
12.200000 0.000397
12.250000 -0.000577
12.300000 0.000290
12.350000 -0.000659
12.400000 0.000234
12.450000 -0.000679
12.500000 0.000248
12.550000 -0.000629
12.600000 0.000327
12.650000 -0.000524
12.700000 0.000446
12.750000 -0.000397
12.800000 0.000568
12.850000 -0.000286
12.900000 0.000656
12.950000 -0.000226
13.000000 0.000681
13.050000 -0.000234
13.100000 0.000637
13.150000 -0.000308
13.200000 0.000535
13.250000 -0.000427
13.300000 0.000406
13.350000 -0.000554
13.400000 0.000287
13.450000 -0.000650
13.500000 0.000216
13.550000 -0.000687
13.600000 0.000214
13.650000 -0.000651
13.700000 0.000283
13.750000 -0.000551
13.800000 0.000403
13.850000 -0.000416
13.900000 0.000538
13.950000 -0.000288
14.000000 0.000646
14.050000 -0.000205
14.100000 0.000694
14.150000 -0.000193
14.200000 0.000664
14.250000 -0.000258
14.300000 0.000566
14.350000 -0.000379
14.400000 0.000428
14.450000 -0.000519
14.500000 0.000292
14.550000 -0.000636
14.600000 0.000199
14.650000 -0.000694
14.700000 0.000177
14.750000 -0.000675
14.800000 0.000232
14.850000 -0.000585
14.900000 0.000348
14.950000 -0.000449
15.000000 0.000490
15.050000 -0.000307
15.100000 0.000617
15.150000 -0.000201
15.200000 0.000691
15.250000 -0.000161
15.300000 0.000690
15.350000 -0.000200
15.400000 0.000612
15.450000 -0.000308
15.500000 0.000478
15.550000 -0.000454
15.600000 0.000327
15.650000 -0.000595
15.700000 0.000203
15.750000 -0.000688
15.800000 0.000143
15.850000 -0.000706
15.900000 0.000166
15.950000 -0.000640
16.000000 0.000266
16.050000 -0.000509
16.100000 0.000415
16.150000 -0.000350
16.200000 0.000568
16.250000 -0.000211
16.300000 0.000679
16.350000 -0.000132
16.400000 0.000715
16.450000 -0.000138
16.500000 0.000665
16.550000 -0.000225
16.600000 0.000543
16.650000 -0.000369
16.700000 0.000383
16.750000 -0.000528
16.800000 0.000232
16.850000 -0.000656
16.900000 0.000132
16.950000 -0.000716
17.000000 0.000112
17.050000 -0.000691
17.100000 0.000178
17.150000 -0.000586
17.200000 0.000311
17.250000 -0.000429
17.300000 0.000475
17.350000 -0.000265
17.400000 0.000624
17.450000 -0.000138
17.500000 0.000714
17.550000 -0.000087
17.600000 0.000718
17.650000 -0.000127
17.700000 0.000632
17.750000 -0.000248
17.800000 0.000480
17.850000 -0.000417
17.900000 0.000303
17.950000 -0.000585
18.000000 0.000153
18.050000 -0.000702
18.100000 0.000072
18.150000 -0.000735
18.200000 0.000085
18.250000 -0.000673
18.300000 0.000187
18.350000 -0.000533
18.400000 0.000351
18.450000 -0.000354
18.500000 0.000529
18.550000 -0.000185
18.600000 0.000671
18.650000 -0.000075
18.700000 0.000738
18.750000 -0.000052
18.800000 0.000710
18.850000 -0.000124
18.900000 0.000594
18.950000 -0.000271
19.000000 0.000421
19.050000 -0.000454
19.100000 0.000237
19.150000 -0.000622
19.200000 0.000092
19.250000 -0.000729
19.300000 0.000026
19.350000 -0.000743
19.400000 0.000060
19.450000 -0.000659
19.500000 0.000184
19.550000 -0.000498
19.600000 0.000367
19.650000 -0.000301
19.700000 0.000558
19.750000 -0.000124
19.800000 0.000704
19.850000 -0.000016
19.900000 0.000762
19.950000 -0.000008
20.000000 0.000714
20.050000 -0.000103
20.100000 0.000574
20.150000 -0.000274
20.200000 0.000378
20.250000 -0.000475
20.300000 0.000181
20.350000 -0.000651
20.400000 0.000034
20.450000 -0.000753
20.500000 -0.000021
20.550000 -0.000754
20.600000 0.000028
20.650000 -0.000652
20.700000 0.000171
20.750000 -0.000473
20.800000 0.000368
20.850000 -0.000265
20.900000 0.000568
20.950000 -0.000081
21.000000 0.000718
21.050000 0.000030
21.100000 0.000777
21.150000 0.000037
21.200000 0.000726
21.250000 -0.000063
21.300000 0.000578
21.350000 -0.000246
21.400000 0.000368
21.450000 -0.000463
21.500000 0.000152
21.550000 -0.000657
21.600000 -0.000011
21.650000 -0.000774
21.700000 -0.000078
21.750000 -0.000781
21.800000 -0.000029
21.850000 -0.000674
21.900000 0.000123
21.950000 -0.000480
22.000000 0.000339
22.050000 -0.000251
22.100000 0.000560
22.150000 -0.000047
22.200000 0.000728
22.250000 0.000079
22.300000 0.000799
22.350000 0.000094
22.400000 0.000752
22.450000 -0.000005
22.500000 0.000600
22.550000 -0.000194
22.600000 0.000381
22.650000 -0.000424
22.700000 0.000149
22.750000 -0.000637
22.800000 -0.000036
22.850000 -0.000777
22.900000 -0.000127
22.950000 -0.000807
23.000000 -0.000099
23.050000 -0.000717
23.100000 0.000042
23.150000 -0.000527
23.200000 0.000263
23.250000 -0.000284
23.300000 0.000507
23.350000 -0.000049
23.400000 0.000711
23.450000 0.000116
23.500000 0.000820
23.550000 0.000167
23.600000 0.000804
23.650000 0.000091
23.700000 0.000665
23.750000 -0.000095
23.800000 0.000438
23.850000 -0.000343
23.900000 0.000180
23.950000 -0.000589
24.000000 -0.000043
24.050000 -0.000770
24.100000 -0.000176
24.150000 -0.000839
24.200000 -0.000183
24.250000 -0.000779
24.300000 -0.000065
24.350000 -0.000603
24.400000 0.000151
24.450000 -0.000354
24.500000 0.000411
24.550000 -0.000093
24.600000 0.000651
24.650000 0.000116
24.700000 0.000811
24.750000 0.000223
24.800000 0.000850
24.850000 0.000198
24.900000 0.000756
24.950000 0.000046
25.000000 0.000549
25.050000 -0.000198
25.100000 0.000278
25.150000 -0.000474
25.200000 0.000008
25.250000 -0.000713
25.300000 -0.000192
25.350000 -0.000855
25.400000 -0.000271
25.450000 -0.000860
25.500000 -0.000209
25.550000 -0.000727
25.600000 -0.000019
25.650000 -0.000486
25.700000 0.000252
25.750000 -0.000195
25.800000 0.000537
25.850000 0.000072
25.900000 0.000765
25.950000 0.000253
26.000000 0.000881
26.050000 0.000302
26.100000 0.000855
26.150000 0.000209
26.200000 0.000693
26.250000 -0.000006
26.300000 0.000432
26.350000 -0.000291
26.400000 0.000133
26.450000 -0.000579
26.500000 -0.000134
26.550000 -0.000802
26.600000 -0.000305
26.650000 -0.000905
26.700000 -0.000339
26.750000 -0.000860
26.800000 -0.000224
26.850000 -0.000675
26.900000 0.000014
26.950000 -0.000391
27.000000 0.000320
27.050000 -0.000074
27.100000 0.000622
27.150000 0.000200
27.200000 0.000845
27.250000 0.000365
27.300000 0.000935
27.350000 0.000379
27.400000 0.000866
27.450000 0.000238
27.500000 0.000654
27.550000 -0.000026
27.600000 0.000348
27.650000 -0.000349
27.700000 0.000020
27.750000 -0.000656
27.800000 -0.000253
27.850000 -0.000873
27.900000 -0.000409
27.950000 -0.000951
28.000000 -0.000410
28.050000 -0.000869
28.100000 -0.000257
28.150000 -0.000646
28.200000 0.000018
28.250000 -0.000330
28.300000 0.000351
28.350000 0.000009
28.400000 0.000668
28.450000 0.000293
28.500000 0.000896
28.550000 0.000457
28.600000 0.000979
28.650000 0.000460
28.700000 0.000895
28.750000 0.000299
28.800000 0.000660
28.850000 0.000009
28.900000 0.000324
28.950000 -0.000346
29.000000 -0.000036
29.050000 -0.000683
29.100000 -0.000337
29.150000 -0.000924
29.200000 -0.000509
29.250000 -0.001010
29.300000 -0.000511
29.350000 -0.000921
29.400000 -0.000342
29.450000 -0.000675
29.500000 -0.000039
29.550000 -0.000327
29.600000 0.000328
29.650000 0.000046
29.700000 0.000677
29.750000 0.000359
29.800000 0.000931
29.850000 0.000545
29.900000 0.001031
29.950000 0.000561
30.000000 0.000955
30.050000 0.000403
30.100000 0.000717
30.150000 0.000103
30.200000 0.000365
30.250000 -0.000275
30.300000 -0.000025
30.350000 -0.000648
30.400000 -0.000368
30.450000 -0.000934
30.500000 -0.000587
30.550000 -0.001067
30.600000 -0.000632
30.650000 -0.001013
30.700000 -0.000488
30.750000 -0.000780
30.800000 -0.000185
30.850000 -0.000418
30.900000 0.000211
30.950000 -0.000004
31.000000 0.000613
31.050000 0.000370
31.100000 0.000931
31.150000 0.000621
31.200000 0.001094
31.250000 0.000694
31.300000 0.001065
31.350000 0.000571
31.400000 0.000849
31.450000 0.000280
31.500000 0.000491
31.550000 -0.000118
31.600000 0.000068
31.650000 -0.000537
31.700000 -0.000333
31.750000 -0.000890
31.800000 -0.000626
31.850000 -0.001101
31.900000 -0.000749
31.950000 -0.001123
32.000000 -0.000674
32.050000 -0.000948
32.100000 -0.000414
32.150000 -0.000608
32.200000 -0.000019
32.250000 -0.000172
32.300000 0.000428
32.350000 0.000269
32.400000 0.000833
32.450000 0.000622
32.500000 0.001107
32.550000 0.000809
32.600000 0.001189
32.650000 0.000787
32.700000 0.001058
32.750000 0.000559
32.800000 0.000738
32.850000 0.000171
32.900000 0.000296
32.950000 -0.000295
33.000000 -0.000176
33.050000 -0.000741
33.100000 -0.000579
33.150000 -0.001074
33.200000 -0.000830
33.250000 -0.001223
33.300000 -0.000877
33.350000 -0.001158
33.400000 -0.000710
33.450000 -0.000890
33.500000 -0.000360
33.550000 -0.000470
33.600000 0.000102
33.650000 0.000018
33.700000 0.000585
33.750000 0.000477
33.800000 0.000991
33.850000 0.000815
33.900000 0.001236
33.950000 0.000960
34.000000 0.001266
34.050000 0.000880
34.100000 0.001071
34.150000 0.000585
34.200000 0.000684
34.250000 0.000133
34.300000 0.000182
34.350000 -0.000387
34.400000 -0.000334
34.450000 -0.000867
34.500000 -0.000760
34.550000 -0.001209
34.600000 -0.001007
34.650000 -0.001340
34.700000 -0.001023
34.750000 -0.001233
34.800000 -0.000804
34.850000 -0.000907
34.900000 -0.000393
34.950000 -0.000426
35.000000 0.000128
35.050000 0.000117
35.100000 0.000658
35.150000 0.000615
35.200000 0.001094
35.250000 0.000972
35.300000 0.001348
35.350000 0.001118
35.400000 0.001371
35.450000 0.001021
35.500000 0.001153
35.550000 0.000698
35.600000 0.000732
35.650000 0.000206
35.700000 0.000185
35.750000 -0.000363
35.800000 -0.000383
35.850000 -0.000897
35.900000 -0.000864
35.950000 -0.001292
36.000000 -0.001159
36.050000 -0.001466
36.100000 -0.001208
36.150000 -0.001380
36.200000 -0.000998
36.250000 -0.001048
36.300000 -0.000566
36.350000 -0.000531
36.400000 0.000004
36.450000 0.000072
36.500000 0.000604
36.550000 0.000645
36.600000 0.001117
36.650000 0.001080
36.700000 0.001445
36.750000 0.001292
36.800000 0.001526
36.850000 0.001243
36.900000 0.001341
36.950000 0.000939
37.000000 0.000924
37.050000 0.000434
37.100000 0.000349
37.150000 -0.000180
37.200000 -0.000282
37.250000 -0.000792
37.300000 -0.000853
37.350000 -0.001287
37.400000 -0.001256
37.450000 -0.001572
37.500000 -0.001414
37.550000 -0.001587
37.600000 -0.001291
37.650000 -0.001325
37.700000 -0.000906
37.750000 -0.000828
37.800000 -0.000326
37.850000 -0.000185
37.900000 0.000343
37.950000 0.000486
38.000000 0.000977
38.050000 0.001059
38.100000 0.001455
38.150000 0.001427
38.200000 0.001689
38.250000 0.001520
38.300000 0.001632
38.350000 0.001322
38.400000 0.001293
38.450000 0.000866
38.500000 0.000733
38.550000 0.000233
38.600000 0.000049
38.650000 -0.000465
38.700000 -0.000638
38.750000 -0.001105
38.800000 -0.001208
38.850000 -0.001573
38.900000 -0.001559
38.950000 -0.001783
39.000000 -0.001625
39.050000 -0.001694
39.100000 -0.001389
39.150000 -0.001315
39.200000 -0.000888
39.250000 -0.000707
39.300000 -0.000206
39.350000 0.000028
39.400000 0.000541
39.450000 0.000759
39.500000 0.001217
39.550000 0.001357
39.600000 0.001702
39.650000 0.001711
39.700000 0.001903
39.750000 0.001757
39.800000 0.001783
39.850000 0.001482
39.900000 0.001359
39.950000 0.000933
40.000000 0.000703
40.050000 0.000205
40.100000 -0.000073
40.150000 -0.000578
40.200000 -0.000835
40.250000 -0.001280
40.300000 -0.001454
40.350000 -0.001783
40.400000 -0.001826
40.450000 -0.001999
40.500000 -0.001884
40.550000 -0.001889
40.600000 -0.001615
40.650000 -0.001465
40.700000 -0.001059
40.750000 -0.000793
40.800000 -0.000304
40.850000 0.000020
40.900000 0.000526
40.950000 0.000839
41.000000 0.001292
41.050000 0.001525
41.100000 0.001862
41.150000 0.001959
41.200000 0.002133
41.250000 0.002062
41.300000 0.002055
41.350000 0.001811
41.400000 0.001635
41.450000 0.001245
41.500000 0.000939
41.550000 0.000456
41.600000 0.000083
41.650000 -0.000425
41.700000 -0.000793
41.750000 -0.001252
41.800000 -0.001544
41.850000 -0.001889
41.900000 -0.002046
41.950000 -0.002230
42.000000 -0.002218
42.050000 -0.002218
42.100000 -0.002029
42.150000 -0.001851
42.200000 -0.001505
42.250000 -0.001184
42.300000 -0.000726
42.350000 -0.000316
42.400000 0.000189
42.450000 0.000617
42.500000 0.001095
42.550000 0.001467
42.600000 0.001847
42.650000 0.002096
42.700000 0.002319
42.750000 0.002397
42.800000 0.002429
42.850000 0.002315
42.900000 0.002150
42.950000 0.001856
43.000000 0.001521
43.050000 0.001089
43.100000 0.000639
43.150000 0.000133
43.200000 -0.000359
43.250000 -0.000861
43.300000 -0.001315
43.350000 -0.001734
43.400000 -0.002078
43.450000 -0.002349
43.500000 -0.002528
43.550000 -0.002609
43.600000 -0.002594
43.650000 -0.002470
43.700000 -0.002262
43.750000 -0.001950
43.800000 -0.001577
43.850000 -0.001120
43.900000 -0.000638
43.950000 -0.000098
44.000000 0.000423
44.050000 0.000971
44.100000 0.001454
44.150000 0.001935
44.200000 0.002310
44.250000 0.002659
44.300000 0.002871
44.350000 0.003046
44.400000 0.003067
44.450000 0.003056
44.500000 0.002890
44.550000 0.002713
44.600000 0.002397
44.650000 0.002107
44.700000 0.001705
44.750000 0.001376
44.800000 0.000970
44.850000 0.000685
44.900000 0.000356
44.950000 0.000190
