-30.000000 0.002192
-29.950000 0.001684
-29.900000 0.003386
-29.850000 0.002406
-29.800000 0.003670
-29.750000 0.002283
-29.700000 0.003186
-29.650000 0.001481
-29.600000 0.002121
-29.550000 0.000203
-29.500000 0.000690
-29.450000 -0.001329
-29.400000 -0.000883
-29.350000 -0.002893
-29.300000 -0.002381
-29.250000 -0.004280
-29.200000 -0.003608
-29.150000 -0.005311
-29.100000 -0.004403
-29.050000 -0.005847
-29.000000 -0.004656
-28.950000 -0.005808
-28.900000 -0.004317
-28.850000 -0.005178
-28.800000 -0.003404
-28.750000 -0.004009
-28.700000 -0.002005
-28.650000 -0.002422
-28.600000 -0.000269
-28.550000 -0.000590
-28.500000 0.001611
-28.450000 0.001279
-28.400000 0.003419
-28.350000 0.002970
-28.300000 0.004946
-28.250000 0.004284
-28.200000 0.006014
-28.150000 0.005070
-28.100000 0.006499
-28.050000 0.005236
-28.000000 0.006345
-27.950000 0.004763
-27.900000 0.005570
-27.850000 0.003704
-27.800000 0.004259
-27.750000 0.002171
-27.700000 0.002550
-27.650000 0.000328
-27.600000 0.000623
-27.550000 -0.001637
-27.500000 -0.001325
-27.450000 -0.003524
-27.400000 -0.003098
-27.350000 -0.005140
-27.300000 -0.004512
-27.250000 -0.006319
-27.200000 -0.005418
-27.150000 -0.006929
-27.100000 -0.005710
-27.050000 -0.006894
-27.000000 -0.005340
-26.950000 -0.006199
-26.900000 -0.004331
-26.850000 -0.004901
-26.800000 -0.002771
-26.750000 -0.003122
-26.700000 -0.000815
-26.650000 -0.001044
-26.600000 0.001333
-26.550000 0.001113
-26.500000 0.003445
-26.450000 0.003118
-26.400000 0.005293
-26.350000 0.004756
-26.300000 0.006680
-26.250000 0.005852
-26.200000 0.007460
-26.150000 0.006292
-26.100000 0.007552
-26.050000 0.006031
-26.000000 0.006949
-25.950000 0.005098
-25.900000 0.005713
-25.850000 0.003585
-25.800000 0.003964
-25.750000 0.001638
-25.700000 0.001868
-25.650000 -0.000559
-25.600000 -0.000375
-25.550000 -0.002799
-25.500000 -0.002555
-25.450000 -0.004871
-25.400000 -0.004466
-25.350000 -0.006576
-25.300000 -0.005919
-25.250000 -0.007742
-25.200000 -0.006764
-25.150000 -0.008244
-25.100000 -0.006901
-25.050000 -0.008012
-25.000000 -0.006298
-24.950000 -0.007051
-24.900000 -0.004995
-24.850000 -0.005438
-24.800000 -0.003107
-24.750000 -0.003323
-24.700000 -0.000813
-24.650000 -0.000910
-24.600000 0.001662
-24.550000 0.001563
-24.500000 0.004073
-24.450000 0.003850
-24.400000 0.006183
-24.350000 0.005728
-24.300000 0.007789
-24.250000 0.007021
-24.200000 0.008741
-24.150000 0.007608
-24.100000 0.008953
-24.050000 0.007438
-24.000000 0.008408
-23.950000 0.006526
-23.900000 0.007152
-23.850000 0.004950
-23.800000 0.005292
-23.750000 0.002843
-23.700000 0.002984
-23.650000 0.000380
-23.600000 0.000423
-23.550000 -0.002228
-23.500000 -0.002172
-23.450000 -0.004753
-23.400000 -0.004568
-23.350000 -0.006968
-23.300000 -0.006546
-23.250000 -0.008663
-23.200000 -0.007913
-23.150000 -0.009669
-23.100000 -0.008528
-23.050000 -0.009876
-23.000000 -0.008315
-22.950000 -0.009248
-22.900000 -0.007279
-22.850000 -0.007828
-22.800000 -0.005504
-22.750000 -0.005739
-22.700000 -0.003146
-22.650000 -0.003168
-22.600000 -0.000418
-22.550000 -0.000347
-22.500000 0.002435
-22.450000 0.002473
-22.400000 0.005163
-22.350000 0.005047
-22.300000 0.007532
-22.250000 0.007160
-22.200000 0.009347
-22.150000 0.008637
-22.100000 0.010458
-22.050000 0.009357
-22.000000 0.010773
-21.950000 0.009256
-21.900000 0.010258
-21.850000 0.008331
-21.800000 0.008940
-21.750000 0.006639
-21.700000 0.006906
-21.650000 0.004299
-21.600000 0.004306
-21.550000 0.001487
-21.500000 0.001340
-21.450000 -0.001575
-21.400000 -0.001752
-21.350000 -0.004634
-21.300000 -0.004710
-21.250000 -0.007429
-21.200000 -0.007278
-21.150000 -0.009713
-21.100000 -0.009227
-21.050000 -0.011285
-21.000000 -0.010382
-20.950000 -0.012000
-20.900000 -0.010639
-20.850000 -0.011794
-20.800000 -0.009972
-20.750000 -0.010682
-20.700000 -0.008435
-20.650000 -0.008754
-20.600000 -0.006153
-20.550000 -0.006165
-20.500000 -0.003307
-20.450000 -0.003119
-20.400000 -0.000117
-20.350000 0.000154
-20.300000 0.003179
-20.250000 0.003410
-20.200000 0.006337
-20.150000 0.006410
-20.100000 0.009124
-20.050000 0.008930
-20.000000 0.011330
-19.950000 0.010776
-19.900000 0.012779
-19.850000 0.011794
-19.800000 0.013342
-19.750000 0.011883
-19.700000 0.012951
-19.650000 0.011011
-19.600000 0.011610
-19.550000 0.009220
-19.500000 0.009400
-19.450000 0.006629
-19.400000 0.006477
-19.350000 0.003427
-19.300000 0.003058
-19.250000 -0.000144
-19.200000 -0.000595
-19.150000 -0.003811
-19.100000 -0.004204
-19.050000 -0.007295
-19.000000 -0.007497
-18.950000 -0.010338
-18.900000 -0.010231
-18.850000 -0.012716
-18.800000 -0.012210
-18.750000 -0.014261
-18.700000 -0.013293
-18.650000 -0.014864
-18.600000 -0.013403
-18.550000 -0.014478
-18.500000 -0.012525
-18.450000 -0.013122
-18.400000 -0.010708
-18.350000 -0.010874
-18.300000 -0.008061
-18.250000 -0.007869
-18.200000 -0.004746
-18.150000 -0.004298
-18.100000 -0.000974
-18.050000 -0.000389
-18.000000 0.003005
-17.950000 0.003592
-17.900000 0.006919
-17.850000 0.007366
-17.800000 0.010487
-17.750000 0.010662
-17.700000 0.013450
-17.650000 0.013235
-17.600000 0.015585
-17.550000 0.014892
-17.500000 0.016735
-17.450000 0.015511
-17.400000 0.016812
-17.350000 0.015045
-17.300000 0.015811
-17.250000 0.013525
-17.200000 0.013800
-17.150000 0.011054
-17.100000 0.010910
-17.050000 0.007790
-17.000000 0.007323
-16.950000 0.003935
-16.900000 0.003258
-16.850000 -0.000280
-16.800000 -0.001043
-16.750000 -0.004604
-16.700000 -0.005323
-16.650000 -0.008775
-16.600000 -0.009321
-16.550000 -0.012537
-16.500000 -0.012784
-16.450000 -0.015644
-16.400000 -0.015482
-16.350000 -0.017885
-16.300000 -0.017222
-16.250000 -0.019091
-16.200000 -0.017868
-16.150000 -0.019160
-16.100000 -0.017352
-16.050000 -0.018061
-16.000000 -0.015683
-15.950000 -0.015846
-15.900000 -0.012953
-15.850000 -0.012644
-15.800000 -0.009328
-15.750000 -0.008652
-15.700000 -0.005032
-15.650000 -0.004119
-15.600000 -0.000331
-15.550000 0.000679
-15.500000 0.004493
-15.450000 0.005457
-15.400000 0.009157
-15.350000 0.009942
-15.300000 0.013401
-15.250000 0.013886
-15.200000 0.016993
-15.150000 0.017076
-15.100000 0.019737
-15.050000 0.019334
-15.000000 0.021476
-14.950000 0.020526
-14.900000 0.022099
-14.850000 0.020564
-14.800000 0.021544
-14.750000 0.019416
-14.700000 0.019809
-14.650000 0.017110
-14.600000 0.016958
-14.550000 0.013745
-14.500000 0.013120
-14.450000 0.009485
-14.400000 0.008495
-14.350000 0.004557
-14.300000 0.003333
-14.250000 -0.000767
-14.200000 -0.002078
-14.150000 -0.006189
-14.100000 -0.007436
-14.050000 -0.011407
-14.000000 -0.012442
-13.950000 -0.016134
-13.900000 -0.016826
-13.850000 -0.020116
-13.800000 -0.020355
-13.750000 -0.023147
-13.700000 -0.022847
-13.650000 -0.025069
-13.600000 -0.024175
-13.550000 -0.025783
-13.500000 -0.024264
-13.450000 -0.025244
-13.400000 -0.023098
-13.350000 -0.023459
-13.300000 -0.020711
-13.250000 -0.020493
-13.200000 -0.017194
-13.150000 -0.016462
-13.100000 -0.012694
-13.050000 -0.011542
-13.000000 -0.007409
-12.950000 -0.005956
-12.900000 -0.001589
-12.850000 0.000026
-12.800000 0.004479
-12.750000 0.006105
-12.700000 0.010491
-12.650000 0.011973
-12.600000 0.016141
-12.550000 0.017334
-12.500000 0.021146
-12.450000 0.021924
-12.400000 0.025268
-12.350000 0.025529
-12.300000 0.028317
-12.250000 0.027989
-12.200000 0.030162
-12.150000 0.029201
-12.100000 0.030728
-12.050000 0.029114
-12.000000 0.029988
-11.950000 0.027726
-11.900000 0.027962
-11.850000 0.025079
-11.800000 0.024714
-11.750000 0.021257
-11.700000 0.020350
-11.650000 0.016389
-11.600000 0.015021
-11.550000 0.010649
-11.500000 0.008924
-11.450000 0.004255
-11.400000 0.002298
-11.350000 -0.002534
-11.300000 -0.004580
-11.250000 -0.009427
-11.200000 -0.011412
-11.150000 -0.016120
-11.100000 -0.017890
-11.050000 -0.022309
-11.000000 -0.023719
-10.950000 -0.027712
-10.900000 -0.028636
-10.850000 -0.032088
-10.800000 -0.032424
-10.750000 -0.035249
-10.700000 -0.034926
-10.650000 -0.037067
-10.600000 -0.036043
-10.550000 -0.037473
-10.500000 -0.035735
-10.450000 -0.036451
-10.400000 -0.034009
-10.350000 -0.034035
-10.300000 -0.030920
-10.250000 -0.030296
-10.200000 -0.026561
-10.150000 -0.025351
-10.100000 -0.021068
-10.050000 -0.019354
-10.000000 -0.014617
-9.950000 -0.012502
-9.900000 -0.007424
-9.850000 -0.005033
-9.800000 0.000254
-9.750000 0.002783
-9.700000 0.008135
-9.650000 0.010655
-9.600000 0.015923
-9.550000 0.018287
-9.500000 0.023328
-9.450000 0.025399
-9.400000 0.030083
-9.350000 0.031738
-9.300000 0.035954
-9.250000 0.037094
-9.200000 0.040752
-9.150000 0.041298
-9.100000 0.044331
-9.050000 0.044229
-9.000000 0.046592
-8.950000 0.045804
-8.900000 0.047470
-8.850000 0.045976
-8.800000 0.046932
-8.750000 0.044729
-8.700000 0.044977
-8.650000 0.042071
-8.600000 0.041627
-8.550000 0.038043
-8.500000 0.036939
-8.450000 0.032719
-8.400000 0.031006
-8.350000 0.026213
-8.300000 0.023967
-8.250000 0.018686
-8.200000 0.016003
-8.150000 0.010343
-8.100000 0.007342
-8.050000 0.001428
-8.000000 -0.001758
-7.950000 -0.007789
-7.900000 -0.011023
-7.850000 -0.017030
-7.800000 -0.020173
-7.750000 -0.026024
-7.700000 -0.028946
-7.650000 -0.034516
-7.600000 -0.037100
-7.550000 -0.042277
-7.500000 -0.044418
-7.450000 -0.049103
-7.400000 -0.050707
-7.350000 -0.054812
-7.300000 -0.055798
-7.250000 -0.059246
-7.200000 -0.059539
-7.150000 -0.062264
-7.100000 -0.061806
-7.050000 -0.063754
-7.000000 -0.062501
-6.950000 -0.063640
-6.900000 -0.061569
-6.850000 -0.061886
-6.800000 -0.058998
-6.750000 -0.058510
-6.700000 -0.054833
-6.650000 -0.053580
-6.600000 -0.049171
-6.550000 -0.047222
-6.500000 -0.042160
-6.450000 -0.039604
-6.400000 -0.033985
-6.350000 -0.030926
-6.300000 -0.024860
-6.250000 -0.021407
-6.200000 -0.015003
-6.150000 -0.011267
-6.100000 -0.004631
-6.050000 -0.000713
-6.000000 0.006055
-5.950000 0.010058
-5.900000 0.016866
-5.850000 0.020867
-5.800000 0.027630
-5.750000 0.031544
-5.700000 0.038177
-5.650000 0.041920
-5.600000 0.048340
-5.550000 0.051828
-5.500000 0.057950
-5.450000 0.061099
-5.400000 0.066843
-5.350000 0.069575
-5.300000 0.074865
-5.250000 0.077112
-5.200000 0.081887
-5.150000 0.083594
-5.100000 0.087809
-5.050000 0.088939
-5.000000 0.092564
-4.950000 0.093096
-4.900000 0.096117
-4.850000 0.096042
-4.800000 0.098455
-4.750000 0.097774
-4.700000 0.099581
-4.650000 0.098295
-4.600000 0.099498
-4.550000 0.097608
-4.500000 0.098206
-4.450000 0.095711
-4.400000 0.095701
-4.350000 0.092596
-4.300000 0.091971
-4.250000 0.088249
-4.200000 0.087006
-4.150000 0.082666
-4.100000 0.080805
-4.050000 0.075850
-4.000000 0.073381
-3.950000 0.067828
-3.900000 0.064773
-3.850000 0.058648
-3.800000 0.055037
-3.750000 0.048377
-3.700000 0.044250
-3.650000 0.037095
-3.600000 0.032495
-3.550000 0.024887
-3.500000 0.019853
-3.450000 0.011829
-3.400000 0.006395
-3.350000 -0.002012
-3.300000 -0.007816
-3.250000 -0.016579
-3.200000 -0.022726
-3.150000 -0.031816
-3.100000 -0.038274
-3.050000 -0.047657
-3.000000 -0.054385
-2.950000 -0.064013
-2.900000 -0.070959
-2.850000 -0.080770
-2.800000 -0.087865
-2.750000 -0.097785
-2.700000 -0.104946
-2.650000 -0.114890
-2.600000 -0.122030
-2.550000 -0.131906
-2.500000 -0.138936
-2.450000 -0.148656
-2.400000 -0.155487
-2.350000 -0.164968
-2.300000 -0.171522
-2.250000 -0.180687
-2.200000 -0.186890
-2.150000 -0.195672
-2.100000 -0.201459
-2.050000 -0.209792
-2.000000 -0.215101
-1.950000 -0.222924
-1.900000 -0.227693
-1.850000 -0.234944
-1.800000 -0.239109
-1.750000 -0.245723
-1.700000 -0.249218
-1.650000 -0.255131
-1.600000 -0.257894
-1.550000 -0.263044
-1.500000 -0.265018
-1.450000 -0.269355
-1.400000 -0.270499
-1.350000 -0.273991
-1.300000 -0.274282
-1.250000 -0.276919
-1.200000 -0.276361
-1.150000 -0.278157
-1.100000 -0.276775
-1.050000 -0.277767
-1.000000 -0.275605
-0.950000 -0.275843
-0.900000 -0.272956
-0.850000 -0.272499
-0.800000 -0.268948
-0.750000 -0.267856
-0.700000 -0.263698
-0.650000 -0.262026
-0.600000 -0.257316
-0.550000 -0.255117
-0.500000 -0.249908
-0.450000 -0.247235
-0.400000 -0.241581
-0.350000 -0.238490
-0.300000 -0.232449
-0.250000 -0.229004
-0.200000 -0.222644
-0.150000 -0.218916
-0.100000 -0.212312
-0.050000 -0.208380
0.000000 -0.201613
0.050000 -0.197557
0.100000 -0.190709
0.150000 -0.186608
0.200000 -0.179751
0.250000 -0.175675
0.300000 -0.168874
0.350000 -0.164879
0.400000 -0.158182
0.450000 -0.154307
0.500000 -0.147746
0.550000 -0.144018
0.600000 -0.137612
0.650000 -0.134042
0.700000 -0.127800
0.750000 -0.124396
0.800000 -0.118324
0.850000 -0.115093
0.900000 -0.109200
0.950000 -0.106154
1.000000 -0.100455
1.050000 -0.097613
1.100000 -0.092129
1.150000 -0.089513
1.200000 -0.084269
1.250000 -0.081902
1.300000 -0.076917
1.350000 -0.074815
1.400000 -0.070101
1.450000 -0.068271
1.500000 -0.063826
1.550000 -0.062259
1.600000 -0.058071
1.650000 -0.056748
1.700000 -0.052793
1.750000 -0.051689
1.800000 -0.047941
1.850000 -0.047031
1.900000 -0.043467
1.950000 -0.042730
2.000000 -0.039335
2.050000 -0.038762
2.100000 -0.035532
2.150000 -0.035125
2.200000 -0.032066
2.250000 -0.031835
2.300000 -0.028960
2.350000 -0.028922
2.400000 -0.026250
2.450000 -0.026421
2.500000 -0.023968
2.550000 -0.024363
2.600000 -0.022140
2.650000 -0.022769
2.700000 -0.020784
2.750000 -0.021652
2.800000 -0.019909
2.850000 -0.021021
2.900000 -0.019529
2.950000 -0.020897
3.000000 -0.019674
3.050000 -0.021325
3.100000 -0.020408
3.150000 -0.022394
3.200000 -0.021850
3.250000 -0.024253
3.300000 -0.024182
3.350000 -0.027120
3.400000 -0.027661
3.450000 -0.031294
3.500000 -0.032627
3.550000 -0.037157
3.600000 -0.039506
3.650000 -0.045182
3.700000 -0.048824
3.750000 -0.055954
3.800000 -0.061231
3.850000 -0.070195
3.900000 -0.077534
3.950000 -0.088813
4.000000 -0.098754
4.050000 -0.112959
4.100000 -0.126192
4.150000 -0.144097
4.200000 -0.161496
4.250000 -0.184085
4.300000 -0.206749
4.350000 -0.235245
4.400000 -0.264528
4.450000 -0.300424
4.500000 -0.337961
4.550000 -0.383031
4.600000 -0.430730
4.650000 -0.487006
4.700000 -0.547003
4.750000 -0.616697
4.800000 -0.691240
4.850000 -0.776578
4.900000 -0.867802
4.950000 -0.970735
5.000000 -1.080287
5.050000 -1.202026
5.100000 -1.330520
5.150000 -1.470892
5.200000 -1.617171
5.250000 -1.773827
5.300000 -1.934140
5.350000 -2.101745
5.400000 -2.269028
5.450000 -2.438716
5.500000 -2.602323
5.550000 -2.761806
5.600000 -2.908094
5.650000 -3.042807
5.700000 -3.156865
5.750000 -3.252249
5.800000 -3.320647
5.850000 -3.365188
5.900000 -3.379049
5.950000 -3.367099
6.000000 -3.324400
6.050000 -3.257698
6.100000 -3.163818
6.150000 -3.051017
6.200000 -2.917306
6.250000 -2.771733
6.300000 -2.612709
6.350000 -2.449295
6.400000 -2.279596
6.450000 -2.112093
6.500000 -1.944141
6.550000 -1.783341
6.600000 -1.626142
6.650000 -1.479242
6.700000 -1.338251
6.750000 -1.209098
6.800000 -1.086742
6.850000 -0.976549
6.900000 -0.873036
6.950000 -0.781214
7.000000 -0.695341
7.050000 -0.620238
7.100000 -0.550049
7.150000 -0.489520
7.200000 -0.432775
7.250000 -0.384561
7.300000 -0.339038
7.350000 -0.300996
7.400000 -0.264661
7.450000 -0.234884
7.500000 -0.205968
7.550000 -0.182831
7.600000 -0.159850
7.650000 -0.142006
7.700000 -0.123746
7.750000 -0.110103
7.800000 -0.095584
7.850000 -0.085268
7.900000 -0.073708
7.950000 -0.066017
8.000000 -0.056791
8.050000 -0.051164
8.100000 -0.043765
8.150000 -0.039748
8.200000 -0.033767
8.250000 -0.030991
8.300000 -0.026096
8.350000 -0.024261
8.400000 -0.020185
8.450000 -0.019055
8.500000 -0.015588
8.550000 -0.014981
8.600000 -0.011969
8.650000 -0.011753
8.700000 -0.009085
8.750000 -0.009169
8.800000 -0.006771
8.850000 -0.007098
8.900000 -0.004926
8.950000 -0.005459
9.000000 -0.003484
9.050000 -0.004200
9.100000 -0.002399
9.150000 -0.003276
9.200000 -0.001629
9.250000 -0.002644
9.300000 -0.001123
9.350000 -0.002245
9.400000 -0.000819
9.450000 -0.002014
9.500000 -0.000646
9.550000 -0.001878
9.600000 -0.000533
9.650000 -0.001769
9.700000 -0.000417
9.750000 -0.001633
9.800000 -0.000258
9.850000 -0.001443
9.900000 -0.000041
9.950000 -0.001200
10.000000 0.000220
10.050000 -0.000928
10.100000 0.000487
10.150000 -0.000674
10.200000 0.000712
10.250000 -0.000485
10.300000 0.000853
10.350000 -0.000396
10.400000 0.000884
10.450000 -0.000419
10.500000 0.000807
10.550000 -0.000538
10.600000 0.000653
10.650000 -0.000712
10.700000 0.000470
10.750000 -0.000887
10.800000 0.000313
10.850000 -0.001011
10.900000 0.000227
10.950000 -0.001047
11.000000 0.000239
11.050000 -0.000985
11.100000 0.000346
11.150000 -0.000837
11.200000 0.000521
11.250000 -0.000641
11.300000 0.000722
11.350000 -0.000445
11.400000 0.000896
11.450000 -0.000299
11.500000 0.001001
11.550000 -0.000239
11.600000 0.001008
11.650000 -0.000282
11.700000 0.000914
11.750000 -0.000417
11.800000 0.000742
11.850000 -0.000611
11.900000 0.000535
11.950000 -0.000814
12.000000 0.000346
12.050000 -0.000972
12.100000 0.000226
12.150000 -0.001042
12.200000 0.000208
12.250000 -0.001002
12.300000 0.000299
12.350000 -0.000861
12.400000 0.000477
12.450000 -0.000654
12.500000 0.000695
12.550000 -0.000435
12.600000 0.000896
12.650000 -0.000262
12.700000 0.001025
12.750000 -0.000182
12.800000 0.001047
12.850000 -0.000215
12.900000 0.000956
12.950000 -0.000353
13.000000 0.000776
13.050000 -0.000558
13.100000 0.000554
13.150000 -0.000778
13.200000 0.000347
13.250000 -0.000956
13.300000 0.000206
13.350000 -0.001046
13.400000 0.000167
13.450000 -0.001028
13.500000 0.000238
13.550000 -0.000904
13.600000 0.000403
13.650000 -0.000704
13.700000 0.000620
13.750000 -0.000477
13.800000 0.000838
13.850000 -0.000278
13.900000 0.001000
13.950000 -0.000158
14.000000 0.001066
14.050000 -0.000147
14.100000 0.001016
14.150000 -0.000252
14.200000 0.000858
14.250000 -0.000448
14.300000 0.000632
14.350000 -0.000686
14.400000 0.000392
14.450000 -0.000907
14.500000 0.000200
14.550000 -0.001052
14.600000 0.000107
14.650000 -0.001082
14.700000 0.000138
14.750000 -0.000988
14.800000 0.000285
14.850000 -0.000792
14.900000 0.000512
14.950000 -0.000544
15.000000 0.000761
15.050000 -0.000306
15.100000 0.000968
15.150000 -0.000139
15.200000 0.001080
15.250000 -0.000083
15.300000 0.001071
15.350000 -0.000152
15.400000 0.000942
15.450000 -0.000327
15.500000 0.000726
15.550000 -0.000566
15.600000 0.000475
15.650000 -0.000810
15.700000 0.000248
15.750000 -0.001002
15.800000 0.000099
15.850000 -0.001094
15.900000 0.000064
15.950000 -0.001063
16.000000 0.000154
16.050000 -0.000915
16.100000 0.000348
16.150000 -0.000681
16.200000 0.000602
16.250000 -0.000417
16.300000 0.000855
16.350000 -0.000185
16.400000 0.001045
16.450000 -0.000045
16.500000 0.001122
16.550000 -0.000031
16.600000 0.001065
16.650000 -0.000151
16.700000 0.000885
16.750000 -0.000377
16.800000 0.000623
16.850000 -0.000653
16.900000 0.000345
16.950000 -0.000911
17.000000 0.000118
17.050000 -0.001087
17.100000 -0.000001
17.150000 -0.001136
17.200000 0.000017
17.250000 -0.001047
17.300000 0.000167
17.350000 -0.000841
17.400000 0.000412
17.450000 -0.000567
17.500000 0.000693
17.550000 -0.000290
17.600000 0.000943
17.650000 -0.000076
17.700000 0.001103
17.750000 0.000026
17.800000 0.001137
17.850000 -0.000006
17.900000 0.001035
17.950000 -0.000166
18.000000 0.000820
18.050000 -0.000419
18.100000 0.000539
18.150000 -0.000706
18.200000 0.000256
18.250000 -0.000963
18.300000 0.000036
18.350000 -0.001127
18.400000 -0.000068
18.450000 -0.001159
18.500000 -0.000030
18.550000 -0.001046
18.600000 0.000146
18.650000 -0.000812
18.700000 0.000421
18.750000 -0.000509
18.800000 0.000729
18.850000 -0.000208
18.900000 0.000998
18.950000 0.000018
19.000000 0.001162
19.050000 0.000114
19.100000 0.001179
19.150000 0.000057
19.200000 0.001046
19.250000 -0.000140
19.300000 0.000791
19.350000 -0.000431
19.400000 0.000476
19.450000 -0.000747
19.500000 0.000173
19.550000 -0.001014
19.600000 -0.000049
19.650000 -0.001172
19.700000 -0.000139
19.750000 -0.001184
19.800000 -0.000078
19.850000 -0.001047
19.900000 0.000120
19.950000 -0.000793
20.000000 0.000411
20.050000 -0.000477
20.100000 0.000730
20.150000 -0.000167
20.200000 0.001008
20.250000 0.000068
20.300000 0.001181
20.350000 0.000175
20.400000 0.001209
20.450000 0.000128
20.500000 0.001082
20.550000 -0.000067
20.600000 0.000824
20.650000 -0.000369
20.700000 0.000490
20.750000 -0.000711
20.800000 0.000154
20.850000 -0.001015
20.900000 -0.000106
20.950000 -0.001209
21.000000 -0.000228
21.050000 -0.001247
21.100000 -0.000183
21.150000 -0.001116
21.200000 0.000021
21.250000 -0.000845
21.300000 0.000337
21.350000 -0.000496
21.400000 0.000694
21.450000 -0.000147
21.500000 0.001010
21.550000 0.000124
21.600000 0.001214
21.650000 0.000256
21.700000 0.001262
21.750000 0.000222
21.800000 0.001142
21.850000 0.000030
21.900000 0.000882
21.950000 -0.000278
22.000000 0.000537
22.050000 -0.000636
22.100000 0.000180
22.150000 -0.000967
22.200000 -0.000113
22.250000 -0.001201
22.300000 -0.000279
22.350000 -0.001285
22.400000 -0.000282
22.450000 -0.001199
22.500000 -0.000118
22.550000 -0.000959
22.600000 0.000182
22.650000 -0.000610
22.700000 0.000555
22.750000 -0.000227
22.800000 0.000921
22.850000 0.000108
22.900000 0.001199
22.950000 0.000319
23.000000 0.001326
23.050000 0.000358
23.100000 0.001268
23.150000 0.000212
23.200000 0.001036
23.250000 -0.000088
23.300000 0.000679
23.350000 -0.000476
23.400000 0.000275
23.450000 -0.000868
23.500000 -0.000088
23.550000 -0.001177
23.600000 -0.000332
23.650000 -0.001337
23.700000 -0.000404
23.750000 -0.001313
23.800000 -0.000291
23.850000 -0.001111
23.900000 -0.000017
23.950000 -0.000773
24.000000 0.000360
24.050000 -0.000370
24.100000 0.000762
24.150000 0.000016
24.200000 0.001107
24.250000 0.000307
24.300000 0.001323
24.350000 0.000442
24.400000 0.001364
24.450000 0.000392
24.500000 0.001218
24.550000 0.000164
24.600000 0.000913
24.650000 -0.000199
24.700000 0.000506
24.750000 -0.000623
24.800000 0.000080
24.850000 -0.001022
24.900000 -0.000276
24.950000 -0.001311
25.000000 -0.000486
25.050000 -0.001424
25.100000 -0.000501
25.150000 -0.001334
25.200000 -0.000315
25.250000 -0.001056
25.300000 0.000035
25.350000 -0.000646
25.400000 0.000477
25.450000 -0.000190
25.500000 0.000916
25.550000 0.000215
25.600000 0.001261
25.650000 0.000486
25.700000 0.001438
25.750000 0.000567
25.800000 0.001413
25.850000 0.000442
25.900000 0.001190
25.950000 0.000138
26.000000 0.000815
26.050000 -0.000283
26.100000 0.000362
26.150000 -0.000739
26.200000 -0.000079
26.250000 -0.001138
26.300000 -0.000423
26.350000 -0.001403
26.400000 -0.000601
26.450000 -0.001479
26.500000 -0.000576
26.550000 -0.001349
26.600000 -0.000351
26.650000 -0.001033
26.700000 0.000035
26.750000 -0.000589
26.800000 0.000509
26.850000 -0.000104
26.900000 0.000976
26.950000 0.000327
27.000000 0.001342
27.050000 0.000615
27.100000 0.001531
27.150000 0.000698
27.200000 0.001498
27.250000 0.000556
27.300000 0.001247
27.350000 0.000214
27.400000 0.000825
27.450000 -0.000260
27.500000 0.000317
27.550000 -0.000771
27.600000 -0.000175
27.650000 -0.001215
27.700000 -0.000553
27.750000 -0.001502
27.800000 -0.000742
27.850000 -0.001578
27.900000 -0.000705
27.950000 -0.001426
28.000000 -0.000452
28.050000 -0.001078
28.100000 -0.000032
28.150000 -0.000599
28.200000 0.000476
28.250000 -0.000081
28.300000 0.000976
28.350000 0.000382
28.400000 0.001373
28.450000 0.000701
28.500000 0.001593
28.550000 0.000815
28.600000 0.001590
28.650000 0.000699
28.700000 0.001360
28.750000 0.000371
28.800000 0.000942
28.850000 -0.000113
28.900000 0.000410
28.950000 -0.000663
29.000000 -0.000136
29.050000 -0.001173
29.100000 -0.000590
29.150000 -0.001542
29.200000 -0.000862
29.250000 -0.001696
29.300000 -0.000895
29.350000 -0.001600
29.400000 -0.000679
29.450000 -0.001269
29.500000 -0.000255
29.550000 -0.000766
29.600000 0.000298
29.650000 -0.000186
29.700000 0.000872
29.750000 0.000360
29.800000 0.001357
29.850000 0.000768
29.900000 0.001663
29.950000 0.000962
30.000000 0.001731
30.050000 0.000908
30.100000 0.001551
30.150000 0.000616
30.200000 0.001156
30.250000 0.000140
30.300000 0.000616
30.350000 -0.000435
30.400000 0.000026
30.450000 -0.001007
30.500000 -0.000509
30.550000 -0.001474
30.600000 -0.000892
30.650000 -0.001750
30.700000 -0.001052
30.750000 -0.001780
30.800000 -0.000954
30.850000 -0.001552
30.900000 -0.000611
30.950000 -0.001102
31.000000 -0.000079
31.050000 -0.000506
31.100000 0.000547
31.150000 0.000127
31.200000 0.001152
31.250000 0.000680
31.300000 0.001622
31.350000 0.001049
31.400000 0.001866
31.450000 0.001162
31.500000 0.001837
31.550000 0.000996
31.600000 0.001537
31.650000 0.000581
31.700000 0.001020
31.750000 -0.000008
31.800000 0.000380
31.850000 -0.000664
31.900000 -0.000267
31.950000 -0.001268
32.000000 -0.000807
32.050000 -0.001714
32.100000 -0.001145
32.150000 -0.001924
32.200000 -0.001223
32.250000 -0.001860
32.300000 -0.001026
32.350000 -0.001534
32.400000 -0.000589
32.450000 -0.000998
32.500000 0.000017
32.550000 -0.000341
32.600000 0.000691
32.650000 0.000327
32.700000 0.001319
32.750000 0.000891
32.800000 0.001790
32.850000 0.001253
32.900000 0.002018
32.950000 0.001341
33.000000 0.001956
33.050000 0.001135
33.100000 0.001608
33.150000 0.000664
33.200000 0.001028
33.250000 0.000007
33.300000 0.000316
33.350000 -0.000722
33.400000 -0.000403
33.450000 -0.001393
33.500000 -0.001001
33.550000 -0.001886
33.600000 -0.001372
33.650000 -0.002113
33.700000 -0.001450
33.750000 -0.002033
33.800000 -0.001222
33.850000 -0.001661
33.900000 -0.000728
33.950000 -0.001060
34.000000 -0.000052
34.050000 -0.000332
34.100000 0.000693
34.150000 0.000403
34.200000 0.001382
34.250000 0.001023
34.300000 0.001902
34.350000 0.001427
34.400000 0.002167
34.450000 0.001548
34.500000 0.002131
34.550000 0.001361
34.600000 0.001795
34.650000 0.000893
34.700000 0.001207
34.750000 0.000215
34.800000 0.000458
34.850000 -0.000568
34.900000 -0.000331
34.950000 -0.001325
35.000000 -0.001030
35.050000 -0.001930
35.100000 -0.001518
35.150000 -0.002273
35.200000 -0.001708
35.250000 -0.002293
35.300000 -0.001560
35.350000 -0.001978
35.400000 -0.001097
35.450000 -0.001379
35.500000 -0.000393
35.550000 -0.000595
35.600000 0.000433
35.650000 0.000245
35.700000 0.001244
35.750000 0.001000
35.800000 0.001907
35.850000 0.001548
35.900000 0.002313
35.950000 0.001802
36.000000 0.002398
36.050000 0.001722
36.100000 0.002149
36.150000 0.001320
36.200000 0.001604
36.250000 0.000659
36.300000 0.000846
36.350000 -0.000161
36.400000 -0.000010
36.450000 -0.001014
36.500000 -0.000833
36.550000 -0.001769
36.600000 -0.001495
36.650000 -0.002304
36.700000 -0.001888
36.750000 -0.002532
36.800000 -0.001945
36.850000 -0.002407
36.900000 -0.001648
36.950000 -0.001942
37.000000 -0.001037
37.050000 -0.001201
37.100000 -0.000202
37.150000 -0.000299
37.200000 0.000726
37.250000 0.000623
37.300000 0.001598
37.350000 0.001414
37.400000 0.002271
37.450000 0.001947
37.500000 0.002635
37.550000 0.002134
37.600000 0.002631
37.650000 0.001946
37.700000 0.002259
37.750000 0.001412
37.800000 0.001578
37.850000 0.000616
37.900000 0.000692
37.950000 -0.000320
38.000000 -0.000265
38.050000 -0.001255
38.100000 -0.001150
38.150000 -0.002052
38.200000 -0.001834
38.250000 -0.002590
38.300000 -0.002213
38.350000 -0.002788
38.400000 -0.002228
38.450000 -0.002612
38.500000 -0.001872
38.550000 -0.002080
38.600000 -0.001189
38.650000 -0.001263
38.700000 -0.000273
38.750000 -0.000277
38.800000 0.000741
38.850000 0.000735
38.900000 0.001704
38.950000 0.001618
39.000000 0.002467
39.050000 0.002236
39.100000 0.002908
39.150000 0.002488
39.200000 0.002954
39.250000 0.002330
39.300000 0.002591
39.350000 0.001782
39.400000 0.001871
39.450000 0.000923
39.500000 0.000900
39.550000 -0.000117
39.600000 -0.000177
39.650000 -0.001183
39.700000 -0.001200
39.750000 -0.002119
39.800000 -0.002021
39.850000 -0.002789
39.900000 -0.002523
39.950000 -0.003098
40.000000 -0.002635
40.050000 -0.003002
40.100000 -0.002340
40.150000 -0.002512
40.200000 -0.001677
40.250000 -0.001692
40.300000 -0.000734
40.350000 -0.000650
40.400000 0.000364
40.450000 0.000472
40.500000 0.001464
40.550000 0.001519
40.600000 0.002413
40.650000 0.002340
40.700000 0.003069
40.750000 0.002813
40.800000 0.003332
40.850000 0.002861
40.900000 0.003154
40.950000 0.002467
41.000000 0.002550
41.050000 0.001681
41.100000 0.001601
41.150000 0.000610
41.200000 0.000440
41.250000 -0.000593
41.300000 -0.000768
41.350000 -0.001756
41.400000 -0.001852
41.450000 -0.002714
41.500000 -0.002656
41.550000 -0.003330
41.600000 -0.003069
41.650000 -0.003518
41.700000 -0.003034
41.750000 -0.003254
41.800000 -0.002557
41.850000 -0.002574
41.900000 -0.001702
41.950000 -0.001566
42.000000 -0.000582
42.050000 -0.000362
42.100000 0.000659
42.150000 0.000882
42.200000 0.001859
42.250000 0.002004
42.300000 0.002859
42.350000 0.002855
42.400000 0.003523
42.450000 0.003314
42.500000 0.003753
42.550000 0.003312
42.600000 0.003507
42.650000 0.002834
42.700000 0.002805
42.750000 0.001936
42.800000 0.001732
42.850000 0.000731
42.900000 0.000427
42.950000 -0.000622
43.000000 -0.000935
43.050000 -0.001938
43.100000 -0.002168
43.150000 -0.003038
43.200000 -0.003104
43.250000 -0.003772
43.300000 -0.003617
43.350000 -0.004040
43.400000 -0.003638
43.450000 -0.003807
43.500000 -0.003166
43.550000 -0.003103
43.600000 -0.002261
43.650000 -0.002019
43.700000 -0.001038
43.750000 -0.000689
43.800000 0.000350
43.850000 0.000724
43.900000 0.001737
43.950000 0.002050
44.000000 0.002956
44.050000 0.003135
44.100000 0.003867
44.150000 0.003852
44.200000 0.004365
44.250000 0.004126
44.300000 0.004402
44.350000 0.003937
44.400000 0.003992
44.450000 0.003335
44.500000 0.003218
44.550000 0.002432
44.600000 0.002221
44.650000 0.001398
44.700000 0.001195
44.750000 0.000441
44.800000 0.000353
44.850000 -0.000226
44.900000 -0.000099
44.950000 -0.000415
