-30.000000 -0.001225
-29.950000 -0.000964
-29.900000 -0.001930
-29.850000 -0.001414
-29.800000 -0.002136
-29.750000 -0.001390
-29.700000 -0.001902
-29.650000 -0.000972
-29.600000 -0.001328
-29.550000 -0.000276
-29.500000 -0.000548
-29.450000 0.000549
-29.400000 0.000282
-29.350000 0.001347
-29.300000 0.001010
-29.250000 0.001972
-29.200000 0.001504
-29.150000 0.002312
-29.100000 0.001674
-29.050000 0.002304
-29.000000 0.001488
-28.950000 0.001946
-28.900000 0.000972
-28.850000 0.001293
-28.800000 0.000211
-28.750000 0.000456
-28.700000 -0.000667
-28.650000 -0.000424
-28.600000 -0.001511
-28.550000 -0.001195
-28.500000 -0.002173
-28.450000 -0.001720
-28.400000 -0.002536
-28.350000 -0.001904
-28.300000 -0.002532
-28.250000 -0.001710
-28.200000 -0.002155
-28.150000 -0.001167
-28.100000 -0.001466
-28.050000 -0.000360
-28.000000 -0.000575
-27.950000 0.000578
-27.900000 0.000372
-27.850000 0.001494
-27.800000 0.001219
-27.750000 0.002237
-27.700000 0.001826
-27.650000 0.002681
-27.600000 0.002089
-27.550000 0.002749
-27.500000 0.001957
-27.450000 0.002421
-27.400000 0.001446
-27.350000 0.001745
-27.300000 0.000630
-27.250000 0.000822
-27.200000 -0.000362
-27.150000 -0.000201
-27.100000 -0.001372
-27.050000 -0.001157
-27.000000 -0.002234
-26.950000 -0.001890
-26.900000 -0.002806
-26.850000 -0.002277
-26.800000 -0.002991
-26.750000 -0.002251
-26.700000 -0.002753
-26.650000 -0.001811
-26.600000 -0.002126
-26.550000 -0.001021
-26.500000 -0.001202
-26.450000 -0.000001
-26.400000 -0.000125
-26.350000 0.001092
-26.300000 0.000942
-26.250000 0.002089
-26.200000 0.001832
-26.150000 0.002834
-26.100000 0.002403
-26.050000 0.003206
-26.000000 0.002560
-25.950000 0.003140
-25.900000 0.002271
-25.850000 0.002636
-25.800000 0.001571
-25.750000 0.001764
-25.700000 0.000560
-25.650000 0.000651
-25.600000 -0.000610
-25.550000 -0.000533
-25.500000 -0.001762
-25.450000 -0.001609
-25.400000 -0.002719
-25.350000 -0.002410
-25.300000 -0.003332
-25.250000 -0.002811
-25.200000 -0.003503
-25.150000 -0.002746
-25.100000 -0.003202
-25.050000 -0.002220
-25.000000 -0.002466
-24.950000 -0.001302
-24.900000 -0.001398
-24.850000 -0.000123
-24.800000 -0.000149
-24.750000 0.001150
-24.700000 0.001101
-24.650000 0.002330
-24.600000 0.002170
-24.550000 0.003244
-24.500000 0.002896
-24.450000 0.003752
-24.400000 0.003165
-24.350000 0.003769
-24.300000 0.002929
-24.250000 0.003285
-24.200000 0.002214
-24.150000 0.002361
-24.100000 0.001114
-24.050000 0.001123
-24.000000 -0.000216
-23.950000 -0.000254
-23.900000 -0.001589
-23.850000 -0.001575
-23.800000 -0.002809
-23.750000 -0.002652
-23.700000 -0.003703
-23.650000 -0.003330
-23.600000 -0.004139
-23.550000 -0.003510
-23.500000 -0.004051
-23.450000 -0.003156
-23.400000 -0.003440
-23.350000 -0.002309
-23.300000 -0.002381
-23.250000 -0.001075
-23.200000 -0.001012
-23.150000 0.000382
-23.100000 0.000484
-23.050000 0.001865
-23.000000 0.001904
-22.950000 0.003170
-22.900000 0.003050
-22.850000 0.004113
-22.800000 0.003758
-22.750000 0.004559
-22.700000 0.003925
-22.650000 0.004437
-22.600000 0.003520
-22.550000 0.003757
-22.500000 0.002588
-22.450000 0.002602
-22.400000 0.001248
-22.350000 0.001119
-22.300000 -0.000329
-22.250000 -0.000502
-22.200000 -0.001938
-22.150000 -0.002050
-22.100000 -0.003371
-22.050000 -0.003321
-22.000000 -0.004436
-21.950000 -0.004145
-21.900000 -0.004988
-21.850000 -0.004406
-21.800000 -0.004944
-21.750000 -0.004057
-21.700000 -0.004296
-21.650000 -0.003131
-21.600000 -0.003116
-21.550000 -0.001736
-21.500000 -0.001547
-21.450000 -0.000044
-21.400000 0.000215
-21.350000 0.001731
-21.300000 0.001948
-21.250000 0.003363
-21.200000 0.003430
-21.150000 0.004644
-21.100000 0.004471
-21.050000 0.005409
-21.000000 0.004934
-20.950000 0.005553
-20.900000 0.004756
-20.850000 0.005051
-20.800000 0.003946
-20.750000 0.003953
-20.700000 0.002593
-20.650000 0.002382
-20.600000 0.000850
-20.550000 0.000518
-20.500000 -0.001077
-20.450000 -0.001417
-20.400000 -0.002959
-20.350000 -0.003190
-20.300000 -0.004565
-20.250000 -0.004581
-20.200000 -0.005693
-20.150000 -0.005413
-20.100000 -0.006198
-20.050000 -0.005575
-20.000000 -0.006007
-19.950000 -0.005036
-19.900000 -0.005132
-19.850000 -0.003850
-19.800000 -0.003665
-19.750000 -0.002148
-19.700000 -0.001773
-19.650000 -0.000121
-19.600000 0.000333
-19.550000 0.002000
-19.500000 0.002411
-19.450000 0.003974
-19.400000 0.004225
-19.350000 0.005573
-19.300000 0.005564
-19.250000 0.006607
-19.200000 0.006265
-19.150000 0.006949
-19.100000 0.006236
-19.050000 0.006543
-19.000000 0.005463
-18.950000 0.005419
-18.900000 0.004020
-18.850000 0.003690
-18.800000 0.002054
-18.750000 0.001538
-18.700000 -0.000223
-18.650000 -0.000803
-18.600000 -0.002561
-18.550000 -0.003076
-18.500000 -0.004703
-18.450000 -0.005029
-18.400000 -0.006409
-18.350000 -0.006444
-18.300000 -0.007488
-18.250000 -0.007159
-18.200000 -0.007814
-18.150000 -0.007086
-18.100000 -0.007339
-18.050000 -0.006220
-18.000000 -0.006098
-17.950000 -0.004637
-17.900000 -0.004207
-17.850000 -0.002489
-17.800000 -0.001853
-17.750000 0.000008
-17.700000 0.000726
-17.650000 0.002600
-17.600000 0.003265
-17.550000 0.005014
-17.500000 0.005494
-17.450000 0.006996
-17.400000 0.007176
-17.350000 0.008330
-17.300000 0.008128
-17.250000 0.008868
-17.200000 0.008240
-17.150000 0.008543
-17.100000 0.007487
-17.050000 0.007376
-17.000000 0.005933
-16.950000 0.005468
-16.900000 0.003719
-16.850000 0.002996
-16.800000 0.001052
-16.750000 0.000193
-16.700000 -0.001816
-16.650000 -0.002674
-16.600000 -0.004609
-16.550000 -0.005326
-16.500000 -0.007051
-16.450000 -0.007500
-16.400000 -0.008897
-16.350000 -0.008973
-16.300000 -0.009952
-16.250000 -0.009584
-16.200000 -0.010097
-16.150000 -0.009257
-16.100000 -0.009299
-16.050000 -0.008007
-16.000000 -0.007619
-15.950000 -0.005938
-15.900000 -0.005203
-15.850000 -0.003233
-15.800000 -0.002266
-15.750000 -0.000135
-15.700000 0.000926
-15.650000 0.003076
-15.600000 0.004086
-15.550000 0.006109
-15.500000 0.006926
-15.450000 0.008687
-15.400000 0.009186
-15.350000 0.010571
-15.300000 0.010651
-15.250000 0.011576
-15.200000 0.011174
-15.150000 0.011595
-15.100000 0.010686
-15.050000 0.010602
-15.000000 0.009209
-14.950000 0.008664
-14.900000 0.006852
-14.850000 0.005932
-14.800000 0.003806
-14.750000 0.002632
-14.700000 0.000325
-14.650000 -0.000959
-14.600000 -0.003296
-14.550000 -0.004537
-14.500000 -0.006749
-14.450000 -0.007796
-14.400000 -0.009739
-14.350000 -0.010455
-14.300000 -0.012005
-14.250000 -0.012282
-14.200000 -0.013346
-14.150000 -0.013108
-14.100000 -0.013632
-14.050000 -0.012846
-14.000000 -0.012816
-13.950000 -0.011491
-13.900000 -0.010940
-13.850000 -0.009132
-13.800000 -0.008136
-13.750000 -0.005940
-13.700000 -0.004613
-13.650000 -0.002158
-13.600000 -0.000642
-13.550000 0.001919
-13.500000 0.003465
-13.450000 0.005970
-13.400000 0.007383
-13.350000 0.009674
-13.300000 0.010804
-13.250000 0.012739
-13.200000 0.013456
-13.150000 0.014920
-13.100000 0.015126
-13.050000 0.016038
-13.000000 0.015671
-12.950000 0.015991
-12.900000 0.015030
-12.850000 0.014757
-12.800000 0.013225
-12.750000 0.012403
-12.700000 0.010362
-12.650000 0.009073
-12.600000 0.006627
-12.550000 0.004991
-12.500000 0.002274
-12.450000 0.000439
-12.400000 -0.002392
-12.350000 -0.004261
-12.300000 -0.007036
-12.250000 -0.008769
-12.200000 -0.011320
-12.150000 -0.012756
-12.100000 -0.014932
-12.050000 -0.015929
-12.000000 -0.017603
-11.950000 -0.018052
-11.900000 -0.019130
-11.850000 -0.018958
-11.800000 -0.019389
-11.750000 -0.018563
-11.700000 -0.018336
-11.650000 -0.016869
-11.600000 -0.016017
-11.550000 -0.013963
-11.500000 -0.012561
-11.450000 -0.010013
-11.400000 -0.008174
-11.350000 -0.005262
-11.300000 -0.003128
-11.250000 -0.000007
-11.200000 0.002256
-11.150000 0.005416
-11.100000 0.007634
-11.050000 0.010657
-11.000000 0.012658
-10.950000 0.015377
-10.900000 0.017003
-10.850000 0.019272
-10.800000 0.020390
-10.750000 0.022090
-10.700000 0.022596
-10.650000 0.023642
-10.600000 0.023471
-10.550000 0.023814
-10.500000 0.022936
-10.450000 0.022567
-10.400000 0.020993
-10.350000 0.019944
-10.300000 0.017725
-10.250000 0.016065
-10.200000 0.013288
-10.150000 0.011124
-10.100000 0.007913
-10.050000 0.005382
-10.000000 0.001889
-9.950000 -0.000846
-9.900000 -0.004451
-9.850000 -0.007213
-9.800000 -0.010748
-9.750000 -0.013357
-9.700000 -0.016646
-9.650000 -0.018928
-9.600000 -0.021804
-9.550000 -0.023605
-9.500000 -0.025927
-9.450000 -0.027116
-9.400000 -0.028769
-9.350000 -0.029249
-9.300000 -0.030152
-9.250000 -0.029861
-9.200000 -0.029971
-9.150000 -0.028887
-9.100000 -0.028201
-9.050000 -0.026342
-9.000000 -0.024901
-8.950000 -0.022326
-8.900000 -0.020209
-8.850000 -0.017018
-8.800000 -0.014341
-8.750000 -0.010664
-8.700000 -0.007573
-8.650000 -0.003569
-8.600000 -0.000230
-8.550000 0.003929
-8.500000 0.007340
-8.450000 0.011475
-8.400000 0.014779
-8.350000 0.018717
-8.300000 0.021744
-8.250000 0.025320
-8.200000 0.027915
-8.150000 0.030981
-8.100000 0.033006
-8.050000 0.035436
-8.000000 0.036776
-7.950000 0.038469
-7.900000 0.039037
-7.850000 0.039919
-7.800000 0.039657
-7.750000 0.039688
-7.700000 0.038575
-7.650000 0.037750
-7.600000 0.035797
-7.550000 0.034147
-7.500000 0.031402
-7.450000 0.028992
-7.400000 0.025537
-7.350000 0.022461
-7.300000 0.018405
-7.250000 0.014786
-7.200000 0.010259
-7.150000 0.006238
-7.100000 0.001393
-7.050000 -0.002873
-7.000000 -0.007874
-6.950000 -0.012216
-6.900000 -0.017202
-6.850000 -0.021445
-6.800000 -0.026238
-6.750000 -0.030207
-6.700000 -0.034633
-6.650000 -0.038157
-6.600000 -0.042053
-6.550000 -0.044975
-6.500000 -0.048192
-6.450000 -0.050376
-6.400000 -0.052792
-6.350000 -0.054131
-6.300000 -0.055654
-6.250000 -0.056072
-6.200000 -0.056645
-6.150000 -0.056103
-6.100000 -0.055701
-6.050000 -0.054192
-6.000000 -0.052827
-5.950000 -0.050376
-5.900000 -0.048088
-5.850000 -0.044751
-5.800000 -0.041608
-5.750000 -0.037466
-5.700000 -0.033563
-5.650000 -0.028723
-5.600000 -0.024177
-5.550000 -0.018766
-5.500000 -0.013713
-5.450000 -0.007873
-5.400000 -0.002462
-5.350000 0.003654
-5.300000 0.009267
-5.250000 0.015501
-5.200000 0.021162
-5.150000 0.027362
-5.100000 0.032921
-5.050000 0.038943
-5.000000 0.044262
-4.950000 0.049973
-4.900000 0.054926
-4.850000 0.060208
-4.800000 0.064683
-4.750000 0.069430
-4.700000 0.073326
-4.650000 0.077444
-4.600000 0.080675
-4.550000 0.084082
-4.500000 0.086573
-4.450000 0.089202
-4.400000 0.090892
-4.350000 0.092689
-4.300000 0.093533
-4.250000 0.094461
-4.200000 0.094428
-4.150000 0.094464
-4.100000 0.093538
-4.050000 0.092672
-4.000000 0.090850
-3.950000 0.089083
-3.900000 0.086369
-3.850000 0.083710
-3.800000 0.080117
-3.750000 0.076580
-3.700000 0.072124
-3.650000 0.067731
-3.600000 0.062437
-3.550000 0.057214
-3.500000 0.051114
-3.450000 0.045100
-3.400000 0.038235
-3.350000 0.031476
-3.300000 0.023899
-3.250000 0.016452
-3.200000 0.008226
-3.150000 0.000157
-3.100000 -0.008648
-3.050000 -0.017264
-3.000000 -0.026571
-2.950000 -0.035654
-2.900000 -0.045380
-2.850000 -0.054845
-2.800000 -0.064902
-2.750000 -0.074657
-2.700000 -0.084950
-2.650000 -0.094896
-2.600000 -0.105321
-2.550000 -0.115349
-2.500000 -0.125792
-2.450000 -0.135785
-2.400000 -0.146125
-2.350000 -0.155958
-2.300000 -0.166069
-2.250000 -0.175615
-2.200000 -0.185370
-2.150000 -0.194503
-2.100000 -0.203777
-2.050000 -0.212377
-2.000000 -0.221055
-1.950000 -0.229008
-1.900000 -0.236982
-1.850000 -0.244187
-1.800000 -0.251358
-1.750000 -0.257721
-1.700000 -0.264002
-1.650000 -0.269443
-1.600000 -0.274760
-1.550000 -0.279210
-1.500000 -0.283503
-1.450000 -0.286912
-1.400000 -0.290141
-1.350000 -0.292479
-1.300000 -0.294624
-1.250000 -0.295884
-1.200000 -0.296951
-1.150000 -0.297151
-1.100000 -0.297168
-1.050000 -0.296346
-1.000000 -0.295362
-0.950000 -0.293577
-0.900000 -0.291658
-0.850000 -0.288980
-0.800000 -0.286202
-0.750000 -0.282714
-0.700000 -0.279163
-0.650000 -0.274954
-0.600000 -0.270722
-0.550000 -0.265886
-0.500000 -0.261072
-0.450000 -0.255711
-0.400000 -0.250417
-0.350000 -0.244635
-0.300000 -0.238968
-0.250000 -0.232872
-0.200000 -0.226937
-0.150000 -0.220632
-0.100000 -0.214531
-0.050000 -0.208115
0.000000 -0.201943
0.050000 -0.195505
0.100000 -0.189346
0.150000 -0.182963
0.200000 -0.176888
0.250000 -0.170629
0.300000 -0.164703
0.350000 -0.158628
0.400000 -0.152907
0.450000 -0.147070
0.500000 -0.141608
0.550000 -0.136064
0.600000 -0.130913
0.650000 -0.125712
0.700000 -0.120924
0.750000 -0.116116
0.800000 -0.111740
0.850000 -0.107375
0.900000 -0.103460
0.950000 -0.099586
1.000000 -0.096181
1.050000 -0.092851
1.100000 -0.090012
1.150000 -0.087286
1.200000 -0.085080
1.250000 -0.083035
1.300000 -0.081552
1.350000 -0.080289
1.400000 -0.079645
1.450000 -0.079301
1.500000 -0.079652
1.550000 -0.080404
1.600000 -0.081953
1.650000 -0.084031
1.700000 -0.087040
1.750000 -0.090741
1.800000 -0.095542
1.850000 -0.101243
1.900000 -0.108263
1.950000 -0.116444
2.000000 -0.126225
2.050000 -0.137499
2.100000 -0.150732
2.150000 -0.165873
2.200000 -0.183429
2.250000 -0.203415
2.300000 -0.226382
2.350000 -0.252420
2.400000 -0.282134
2.450000 -0.315694
2.500000 -0.353760
2.550000 -0.396580
2.600000 -0.444866
2.650000 -0.498937
2.700000 -0.559536
2.750000 -0.627025
2.800000 -0.702139
2.850000 -0.785230
2.900000 -0.876958
2.950000 -0.977570
3.000000 -1.087537
3.050000 -1.206869
3.100000 -1.335687
3.150000 -1.473581
3.200000 -1.620119
3.250000 -1.774263
3.300000 -1.934824
3.350000 -2.099947
3.400000 -2.267542
3.450000 -2.434859
3.500000 -2.598928
3.550000 -2.756242
3.600000 -2.903227
3.650000 -3.036053
3.700000 -3.151116
3.750000 -3.244953
3.800000 -3.314700
3.850000 -3.358050
3.900000 -3.373602
3.950000 -3.360792
4.000000 -3.320074
4.050000 -3.252771
4.100000 -3.161076
4.150000 -3.047832
4.200000 -2.916399
4.250000 -2.770429
4.300000 -2.613667
4.350000 -2.449799
4.400000 -2.282250
4.450000 -2.114155
4.500000 -1.948173
4.550000 -1.786589
4.600000 -1.631146
4.650000 -1.483250
4.700000 -1.343794
4.750000 -1.213444
4.800000 -1.092424
4.850000 -0.980864
4.900000 -0.878531
4.950000 -0.785220
5.000000 -0.700423
5.050000 -0.623765
5.100000 -0.554603
5.150000 -0.492503
5.200000 -0.436783
5.250000 -0.387023
5.300000 -0.342555
5.350000 -0.303019
5.400000 -0.267787
5.450000 -0.236574
5.500000 -0.208810
5.550000 -0.184291
5.600000 -0.162499
5.650000 -0.143310
5.700000 -0.126258
5.750000 -0.111287
5.800000 -0.097974
5.850000 -0.086328
5.900000 -0.075955
5.950000 -0.066919
6.000000 -0.058852
6.050000 -0.051860
6.100000 -0.045592
6.150000 -0.040195
6.200000 -0.035327
6.250000 -0.031168
6.300000 -0.027383
6.350000 -0.024181
6.400000 -0.021228
6.450000 -0.018762
6.500000 -0.016450
6.550000 -0.014551
6.600000 -0.012731
6.650000 -0.011272
6.700000 -0.009835
6.750000 -0.008721
6.800000 -0.007585
6.850000 -0.006746
6.900000 -0.005848
6.950000 -0.005228
7.000000 -0.004519
7.050000 -0.004071
7.100000 -0.003508
7.150000 -0.003192
7.200000 -0.002738
7.250000 -0.002521
7.300000 -0.002143
7.350000 -0.001996
7.400000 -0.001671
7.450000 -0.001574
7.500000 -0.001286
7.550000 -0.001227
7.600000 -0.000968
7.650000 -0.000943
7.700000 -0.000710
7.750000 -0.000718
7.800000 -0.000513
7.850000 -0.000553
7.900000 -0.000373
7.950000 -0.000444
8.000000 -0.000285
8.050000 -0.000379
8.100000 -0.000233
8.150000 -0.000341
8.200000 -0.000198
8.250000 -0.000311
8.300000 -0.000163
8.350000 -0.000275
8.400000 -0.000118
8.450000 -0.000226
8.500000 -0.000061
8.550000 -0.000169
8.600000 -0.000001
8.650000 -0.000117
8.700000 0.000047
8.750000 -0.000082
8.800000 0.000072
8.850000 -0.000072
8.900000 0.000072
8.950000 -0.000087
9.000000 0.000052
9.050000 -0.000115
9.100000 0.000026
9.150000 -0.000141
9.200000 0.000009
9.250000 -0.000152
9.300000 0.000012
9.350000 -0.000141
9.400000 0.000036
9.450000 -0.000111
9.500000 0.000075
9.550000 -0.000073
9.600000 0.000113
9.650000 -0.000044
9.700000 0.000135
9.750000 -0.000037
9.800000 0.000134
9.850000 -0.000053
9.900000 0.000110
9.950000 -0.000088
10.000000 0.000075
10.050000 -0.000125
10.100000 0.000044
10.150000 -0.000150
10.200000 0.000033
10.250000 -0.000152
10.300000 0.000046
10.350000 -0.000130
10.400000 0.000080
10.450000 -0.000094
10.500000 0.000121
10.550000 -0.000059
10.600000 0.000152
10.650000 -0.000041
10.700000 0.000160
10.750000 -0.000048
10.800000 0.000144
10.850000 -0.000078
10.900000 0.000109
10.950000 -0.000119
11.000000 0.000071
11.050000 -0.000155
11.100000 0.000047
11.150000 -0.000171
11.200000 0.000047
11.250000 -0.000160
11.300000 0.000073
11.350000 -0.000128
11.400000 0.000114
11.450000 -0.000087
11.500000 0.000155
11.550000 -0.000056
11.600000 0.000178
11.650000 -0.000049
11.700000 0.000174
11.750000 -0.000069
11.800000 0.000146
11.850000 -0.000109
11.900000 0.000104
11.950000 -0.000152
12.000000 0.000068
12.050000 -0.000183
12.100000 0.000052
12.150000 -0.000187
12.200000 0.000065
12.250000 -0.000165
12.300000 0.000101
12.350000 -0.000124
12.400000 0.000147
12.450000 -0.000083
12.500000 0.000184
12.550000 -0.000058
12.600000 0.000198
12.650000 -0.000061
12.700000 0.000184
12.750000 -0.000092
12.800000 0.000146
12.850000 -0.000138
12.900000 0.000101
12.950000 -0.000183
13.000000 0.000067
13.050000 -0.000206
13.100000 0.000061
13.150000 -0.000201
13.200000 0.000084
13.250000 -0.000168
13.300000 0.000128
13.350000 -0.000121
13.400000 0.000177
13.450000 -0.000081
13.500000 0.000210
13.550000 -0.000063
13.600000 0.000215
13.650000 -0.000076
13.700000 0.000190
13.750000 -0.000116
13.800000 0.000145
13.850000 -0.000167
13.900000 0.000099
13.950000 -0.000209
14.000000 0.000070
14.050000 -0.000227
14.100000 0.000071
14.150000 -0.000212
14.200000 0.000103
14.250000 -0.000172
14.300000 0.000153
14.350000 -0.000121
14.400000 0.000203
14.450000 -0.000082
14.500000 0.000233
14.550000 -0.000069
14.600000 0.000231
14.650000 -0.000091
14.700000 0.000198
14.750000 -0.000137
14.800000 0.000147
14.850000 -0.000192
14.900000 0.000099
14.950000 -0.000234
15.000000 0.000074
15.050000 -0.000246
15.100000 0.000081
15.150000 -0.000224
15.200000 0.000120
15.250000 -0.000177
15.300000 0.000176
15.350000 -0.000123
15.400000 0.000227
15.450000 -0.000084
15.500000 0.000254
15.550000 -0.000076
15.600000 0.000247
15.650000 -0.000103
15.700000 0.000208
15.750000 -0.000155
15.800000 0.000152
15.850000 -0.000214
15.900000 0.000102
15.950000 -0.000255
16.000000 0.000078
16.050000 -0.000265
16.100000 0.000089
16.150000 -0.000238
16.200000 0.000133
16.250000 -0.000185
16.300000 0.000194
16.350000 -0.000128
16.400000 0.000248
16.450000 -0.000088
16.500000 0.000275
16.550000 -0.000081
16.600000 0.000264
16.650000 -0.000112
16.700000 0.000221
16.750000 -0.000169
16.800000 0.000161
16.850000 -0.000231
16.900000 0.000107
16.950000 -0.000275
17.000000 0.000082
17.050000 -0.000284
17.100000 0.000095
17.150000 -0.000256
17.200000 0.000142
17.250000 -0.000199
17.300000 0.000206
17.350000 -0.000137
17.400000 0.000265
17.450000 -0.000093
17.500000 0.000295
17.550000 -0.000084
17.600000 0.000286
17.650000 -0.000116
17.700000 0.000240
17.750000 -0.000176
17.800000 0.000175
17.850000 -0.000244
17.900000 0.000115
17.950000 -0.000293
18.000000 0.000085
18.050000 -0.000306
18.100000 0.000096
18.150000 -0.000278
18.200000 0.000144
18.250000 -0.000218
18.300000 0.000213
18.350000 -0.000151
18.400000 0.000278
18.450000 -0.000100
18.500000 0.000314
18.550000 -0.000086
18.600000 0.000309
18.650000 -0.000114
18.700000 0.000264
18.750000 -0.000176
18.800000 0.000196
18.850000 -0.000249
18.900000 0.000129
18.950000 -0.000307
19.000000 0.000089
19.050000 -0.000329
19.100000 0.000092
19.150000 -0.000305
19.200000 0.000138
19.250000 -0.000246
19.300000 0.000210
19.350000 -0.000172
19.400000 0.000284
19.450000 -0.000110
19.500000 0.000331
19.550000 -0.000085
19.600000 0.000335
19.650000 -0.000106
19.700000 0.000295
19.750000 -0.000167
19.800000 0.000225
19.850000 -0.000245
19.900000 0.000149
19.950000 -0.000314
20.000000 0.000097
20.050000 -0.000349
20.100000 0.000088
20.150000 -0.000336
20.200000 0.000125
20.250000 -0.000282
20.300000 0.000197
20.350000 -0.000203
20.400000 0.000278
20.450000 -0.000130
20.500000 0.000341
20.550000 -0.000088
20.600000 0.000362
20.650000 -0.000094
20.700000 0.000333
20.750000 -0.000147
20.800000 0.000265
20.850000 -0.000228
20.900000 0.000181
20.950000 -0.000310
21.000000 0.000112
21.050000 -0.000364
21.100000 0.000083
21.150000 -0.000369
21.200000 0.000105
21.250000 -0.000325
21.300000 0.000172
21.350000 -0.000246
21.400000 0.000260
21.450000 -0.000161
21.500000 0.000339
21.550000 -0.000099
21.600000 0.000381
21.650000 -0.000083
21.700000 0.000373
21.750000 -0.000119
21.800000 0.000315
21.850000 -0.000197
21.900000 0.000228
21.950000 -0.000289
22.000000 0.000142
22.050000 -0.000365
22.100000 0.000088
22.150000 -0.000397
22.200000 0.000084
22.250000 -0.000374
22.300000 0.000135
22.350000 -0.000304
22.400000 0.000223
22.450000 -0.000210
22.500000 0.000318
22.550000 -0.000125
22.600000 0.000388
22.650000 -0.000079
22.700000 0.000408
22.750000 -0.000089
22.800000 0.000372
22.850000 -0.000152
22.900000 0.000291
22.950000 -0.000248
23.000000 0.000193
23.050000 -0.000343
23.100000 0.000111
23.150000 -0.000407
23.200000 0.000074
23.250000 -0.000417
23.300000 0.000095
23.350000 -0.000370
23.400000 0.000168
23.450000 -0.000280
23.500000 0.000270
23.550000 -0.000178
23.600000 0.000367
23.650000 -0.000098
23.700000 0.000426
23.750000 -0.000068
23.800000 0.000426
23.850000 -0.000101
23.900000 0.000367
23.950000 -0.000184
24.000000 0.000268
24.050000 -0.000293
24.100000 0.000163
24.150000 -0.000389
24.200000 0.000086
24.250000 -0.000442
24.300000 0.000065
24.350000 -0.000433
24.400000 0.000107
24.450000 -0.000365
24.500000 0.000199
24.550000 -0.000259
24.600000 0.000311
24.650000 -0.000151
24.700000 0.000408
24.750000 -0.000077
24.800000 0.000457
24.850000 -0.000061
24.900000 0.000441
24.950000 -0.000110
25.000000 0.000365
25.050000 -0.000210
25.100000 0.000253
25.150000 -0.000328
25.200000 0.000141
25.250000 -0.000426
25.300000 0.000067
25.350000 -0.000472
25.400000 0.000055
25.450000 -0.000450
25.500000 0.000112
25.550000 -0.000366
25.600000 0.000219
25.650000 -0.000247
25.700000 0.000342
25.750000 -0.000132
25.800000 0.000442
25.850000 -0.000058
25.900000 0.000486
25.950000 -0.000050
26.000000 0.000459
26.050000 -0.000112
26.100000 0.000370
26.150000 -0.000224
26.200000 0.000247
26.250000 -0.000351
26.300000 0.000127
26.350000 -0.000455
26.400000 0.000051
26.450000 -0.000500
26.500000 0.000042
26.550000 -0.000472
26.600000 0.000106
26.650000 -0.000379
26.700000 0.000224
26.750000 -0.000249
26.800000 0.000358
26.850000 -0.000123
26.900000 0.000467
26.950000 -0.000042
27.000000 0.000515
27.050000 -0.000033
27.100000 0.000487
27.150000 -0.000099
27.200000 0.000390
27.250000 -0.000221
27.300000 0.000255
27.350000 -0.000360
27.400000 0.000123
27.450000 -0.000475
27.500000 0.000036
27.550000 -0.000529
27.600000 0.000022
27.650000 -0.000504
27.700000 0.000086
27.750000 -0.000407
27.800000 0.000210
27.850000 -0.000268
27.900000 0.000356
27.950000 -0.000128
28.000000 0.000480
28.050000 -0.000031
28.100000 0.000543
28.150000 -0.000008
28.200000 0.000525
28.250000 -0.000069
28.300000 0.000429
28.350000 -0.000194
28.400000 0.000285
28.450000 -0.000348
28.500000 0.000136
28.550000 -0.000482
28.600000 0.000028
28.650000 -0.000556
28.700000 -0.000005
28.750000 -0.000547
28.800000 0.000048
28.850000 -0.000455
28.900000 0.000172
28.950000 -0.000309
29.000000 0.000331
29.050000 -0.000152
29.100000 0.000476
29.150000 -0.000030
29.200000 0.000566
29.250000 0.000018
29.300000 0.000571
29.350000 -0.000022
29.400000 0.000488
29.450000 -0.000141
29.500000 0.000342
29.550000 -0.000305
29.600000 0.000175
29.650000 -0.000464
29.700000 0.000036
29.750000 -0.000572
29.800000 -0.000031
29.850000 -0.000595
29.900000 -0.000006
29.950000 -0.000525
30.000000 0.000105
30.050000 -0.000382
30.100000 0.000271
30.150000 -0.000207
30.200000 0.000443
30.250000 -0.000051
30.300000 0.000571
30.350000 0.000038
30.400000 0.000616
30.450000 0.000035
30.500000 0.000565
30.550000 -0.000062
30.600000 0.000431
30.650000 -0.000225
30.700000 0.000251
30.750000 -0.000408
30.800000 0.000078
30.850000 -0.000559
30.900000 -0.000038
30.950000 -0.000633
31.000000 -0.000063
31.050000 -0.000608
31.100000 0.000013
31.150000 -0.000488
31.200000 0.000169
31.250000 -0.000307
31.300000 0.000362
31.350000 -0.000116
31.400000 0.000536
31.450000 0.000028
31.500000 0.000642
31.550000 0.000085
31.600000 0.000646
31.650000 0.000037
31.700000 0.000548
31.750000 -0.000105
31.800000 0.000374
31.850000 -0.000300
31.900000 0.000172
31.950000 -0.000495
32.000000 -0.000001
32.050000 -0.000634
32.100000 -0.000096
32.150000 -0.000678
32.200000 -0.000085
32.250000 -0.000613
32.300000 0.000031
32.350000 -0.000454
32.400000 0.000221
32.450000 -0.000246
32.500000 0.000434
32.550000 -0.000045
32.600000 0.000609
32.650000 0.000092
32.700000 0.000698
32.750000 0.000126
32.800000 0.000674
32.850000 0.000044
32.900000 0.000541
32.950000 -0.000131
33.000000 0.000336
33.050000 -0.000352
33.100000 0.000114
33.150000 -0.000560
33.200000 -0.000064
33.250000 -0.000695
33.300000 -0.000148
33.350000 -0.000722
33.400000 -0.000114
33.450000 -0.000630
33.500000 0.000030
33.550000 -0.000443
33.600000 0.000247
33.650000 -0.000210
33.700000 0.000479
33.750000 0.000006
33.800000 0.000664
33.850000 0.000146
33.900000 0.000750
33.950000 0.000172
34.000000 0.000713
34.050000 0.000074
34.100000 0.000560
34.150000 -0.000124
34.200000 0.000330
34.250000 -0.000370
34.300000 0.000085
34.350000 -0.000598
34.400000 -0.000110
34.450000 -0.000747
34.500000 -0.000203
34.550000 -0.000776
34.600000 -0.000165
34.650000 -0.000675
34.700000 -0.000007
34.750000 -0.000469
34.800000 0.000232
34.850000 -0.000213
34.900000 0.000489
34.950000 0.000029
35.000000 0.000698
35.050000 0.000192
35.100000 0.000804
35.150000 0.000233
35.200000 0.000776
35.250000 0.000138
35.300000 0.000619
35.350000 -0.000070
35.400000 0.000373
35.450000 -0.000339
35.500000 0.000098
35.550000 -0.000600
35.600000 -0.000132
35.650000 -0.000784
35.700000 -0.000258
35.750000 -0.000842
35.800000 -0.000245
35.850000 -0.000758
35.900000 -0.000094
35.950000 -0.000550
36.000000 0.000157
36.050000 -0.000270
36.100000 0.000446
36.150000 0.000010
36.200000 0.000698
36.250000 0.000219
36.300000 0.000850
36.350000 0.000304
36.400000 0.000861
36.450000 0.000241
36.500000 0.000727
36.550000 0.000044
36.600000 0.000478
36.650000 -0.000240
36.700000 0.000176
36.750000 -0.000541
36.800000 -0.000106
36.850000 -0.000784
36.900000 -0.000295
36.950000 -0.000906
37.000000 -0.000342
37.050000 -0.000874
37.100000 -0.000233
37.150000 -0.000693
37.200000 0.000007
37.250000 -0.000407
37.300000 0.000321
37.350000 -0.000084
37.400000 0.000630
37.450000 0.000194
37.500000 0.000860
37.550000 0.000360
37.600000 0.000950
37.650000 0.000371
37.700000 0.000879
37.750000 0.000222
37.800000 0.000660
37.850000 -0.000053
37.900000 0.000344
37.950000 -0.000388
38.000000 0.000007
38.050000 -0.000705
38.100000 -0.000270
38.150000 -0.000924
38.200000 -0.000420
38.250000 -0.000993
38.300000 -0.000403
38.350000 -0.000889
38.400000 -0.000221
38.450000 -0.000637
38.500000 0.000086
38.550000 -0.000292
38.600000 0.000446
38.650000 0.000062
38.700000 0.000771
38.750000 0.000341
38.800000 0.000985
38.850000 0.000477
38.900000 0.001034
38.950000 0.000437
39.000000 0.000904
39.050000 0.000226
39.100000 0.000624
39.150000 -0.000106
39.200000 0.000256
39.250000 -0.000485
39.300000 -0.000113
39.350000 -0.000822
39.400000 -0.000399
39.450000 -0.001038
39.500000 -0.000534
39.550000 -0.001080
39.600000 -0.000482
39.650000 -0.000935
39.700000 -0.000254
39.750000 -0.000633
39.800000 0.000102
39.850000 -0.000241
39.900000 0.000506
39.950000 0.000152
40.000000 0.000863
40.050000 0.000454
40.100000 0.001090
40.150000 0.000595
40.200000 0.001133
40.250000 0.000540
40.300000 0.000980
40.350000 0.000298
40.400000 0.000662
40.450000 -0.000077
40.500000 0.000249
40.550000 -0.000502
40.600000 -0.000167
40.650000 -0.000883
40.700000 -0.000493
40.750000 -0.001133
40.800000 -0.000655
40.850000 -0.001193
40.900000 -0.000612
40.950000 -0.001047
41.000000 -0.000373
41.050000 -0.000724
41.100000 0.000015
41.150000 -0.000290
41.200000 0.000467
41.250000 0.000158
41.300000 0.000884
41.350000 0.000521
41.400000 0.001171
41.450000 0.000717
41.500000 0.001262
41.550000 0.000701
41.600000 0.001135
41.650000 0.000472
41.700000 0.000813
41.750000 0.000077
41.800000 0.000365
41.850000 -0.000398
41.900000 -0.000114
41.950000 -0.000852
42.000000 -0.000521
42.050000 -0.001187
42.100000 -0.000768
42.150000 -0.001328
42.200000 -0.000798
42.250000 -0.001242
42.300000 -0.000601
42.350000 -0.000942
42.400000 -0.000216
42.450000 -0.000488
42.500000 0.000279
42.550000 0.000025
42.600000 0.000780
42.650000 0.000489
42.700000 0.001179
42.750000 0.000804
42.800000 0.001390
42.850000 0.000901
42.900000 0.001363
42.950000 0.000755
43.000000 0.001102
43.050000 0.000394
43.100000 0.000656
43.150000 -0.000109
43.200000 0.000118
43.250000 -0.000652
43.300000 -0.000404
43.350000 -0.001122
43.400000 -0.000800
43.450000 -0.001420
43.500000 -0.000988
43.550000 -0.001484
43.600000 -0.000927
43.650000 -0.001296
43.700000 -0.000624
43.750000 -0.000891
43.800000 -0.000140
43.850000 -0.000348
43.900000 0.000430
43.950000 0.000222
44.000000 0.000969
44.050000 0.000703
44.100000 0.001363
44.150000 0.000994
44.200000 0.001531
44.250000 0.001032
44.300000 0.001434
44.350000 0.000808
44.400000 0.001092
44.450000 0.000371
44.500000 0.000580
44.550000 -0.000182
44.600000 0.000017
44.650000 -0.000717
44.700000 -0.000456
44.750000 -0.001088
44.800000 -0.000694
44.850000 -0.001158
44.900000 -0.000572
44.950000 -0.000817
