-30.000000 0.002561
-29.950000 0.002087
-29.900000 0.004179
-29.850000 0.003242
-29.800000 0.004887
-29.750000 0.003522
-29.700000 0.004764
-29.650000 0.003030
-29.600000 0.003943
-29.550000 0.001923
-29.500000 0.002602
-29.450000 0.000402
-29.400000 0.000957
-29.350000 -0.001309
-29.300000 -0.000761
-29.250000 -0.002980
-29.200000 -0.002331
-29.150000 -0.004401
-29.100000 -0.003559
-29.050000 -0.005401
-29.000000 -0.004302
-28.950000 -0.005866
-28.900000 -0.004476
-28.850000 -0.005744
-28.800000 -0.004060
-28.750000 -0.005046
-28.700000 -0.003097
-28.650000 -0.003845
-28.600000 -0.001689
-28.550000 -0.002266
-28.500000 0.000020
-28.450000 -0.000474
-28.400000 0.001847
-28.350000 0.001338
-28.300000 0.003595
-28.250000 0.002972
-28.200000 0.005066
-28.150000 0.004237
-28.100000 0.006088
-28.050000 0.004982
-28.000000 0.006531
-27.950000 0.005108
-27.900000 0.006332
-27.850000 0.004586
-27.800000 0.005501
-27.750000 0.003466
-27.700000 0.004123
-27.650000 0.001868
-27.600000 0.002348
-27.550000 -0.000033
-27.500000 0.000375
-27.450000 -0.002026
-27.400000 -0.001582
-27.350000 -0.003894
-27.300000 -0.003311
-27.250000 -0.005437
-27.200000 -0.004628
-27.150000 -0.006493
-27.100000 -0.005396
-27.050000 -0.006954
-27.000000 -0.005536
-26.950000 -0.006769
-26.900000 -0.005031
-26.850000 -0.005955
-26.800000 -0.003925
-26.750000 -0.004585
-26.700000 -0.002323
-26.650000 -0.002789
-26.600000 -0.000378
-26.550000 -0.000741
-26.500000 0.001722
-26.450000 0.001356
-26.400000 0.003763
-26.350000 0.003288
-26.300000 0.005534
-26.250000 0.004850
-26.200000 0.006842
-26.150000 0.005866
-26.100000 0.007537
-26.050000 0.006218
-26.000000 0.007532
-25.950000 0.005854
-25.900000 0.006817
-25.850000 0.004804
-25.800000 0.005458
-25.750000 0.003171
-25.700000 0.003594
-25.650000 0.001124
-25.600000 0.001416
-25.550000 -0.001129
-25.500000 -0.000855
-25.450000 -0.003360
-25.400000 -0.002991
-25.350000 -0.005349
-25.300000 -0.004784
-25.250000 -0.006904
-25.200000 -0.006063
-25.150000 -0.007876
-25.100000 -0.006705
-25.050000 -0.008171
-25.000000 -0.006645
-24.950000 -0.007754
-24.900000 -0.005878
-24.850000 -0.006652
-24.800000 -0.004464
-24.750000 -0.004955
-24.700000 -0.002522
-24.650000 -0.002812
-24.600000 -0.000225
-24.550000 -0.000415
-24.500000 0.002214
-24.450000 0.002008
-24.400000 0.004562
-24.350000 0.004223
-24.300000 0.006587
-24.250000 0.006006
-24.200000 0.008082
-24.150000 0.007174
-24.100000 0.008891
-24.050000 0.007603
-24.000000 0.008927
-23.950000 0.007243
-23.900000 0.008179
-23.850000 0.006124
-23.800000 0.006716
-23.750000 0.004352
-23.700000 0.004676
-23.650000 0.002092
-23.600000 0.002249
-23.550000 -0.000447
-23.500000 -0.000344
-23.450000 -0.003036
-23.400000 -0.002872
-23.350000 -0.005447
-23.300000 -0.005114
-23.250000 -0.007470
-23.200000 -0.006874
-23.150000 -0.008927
-23.100000 -0.007993
-23.050000 -0.009681
-23.000000 -0.008363
-22.950000 -0.009654
-22.900000 -0.007934
-22.850000 -0.008827
-22.800000 -0.006723
-22.750000 -0.007253
-22.700000 -0.004817
-22.650000 -0.005054
-22.600000 -0.002371
-22.550000 -0.002414
-22.500000 0.000403
-22.450000 0.000433
-22.400000 0.003259
-22.350000 0.003232
-22.300000 0.005936
-22.250000 0.005726
-22.200000 0.008190
-22.150000 0.007690
-22.100000 0.009818
-22.050000 0.008945
-22.000000 0.010672
-21.950000 0.009381
-21.900000 0.010680
-21.850000 0.008961
-21.800000 0.009842
-21.750000 0.007722
-21.700000 0.008227
-21.650000 0.005765
-21.600000 0.005967
-21.550000 0.003247
-21.500000 0.003241
-21.450000 0.000366
-21.400000 0.000260
-21.350000 -0.002655
-21.300000 -0.002742
-21.250000 -0.005579
-21.200000 -0.005528
-21.150000 -0.008170
-21.100000 -0.007869
-21.050000 -0.010209
-21.000000 -0.009562
-20.950000 -0.011515
-20.900000 -0.010447
-20.850000 -0.011956
-20.800000 -0.010430
-20.750000 -0.011474
-20.700000 -0.009489
-20.650000 -0.010090
-20.600000 -0.007688
-20.550000 -0.007906
-20.500000 -0.005166
-20.450000 -0.005099
-20.400000 -0.002130
-20.350000 -0.001897
-20.300000 0.001172
-20.250000 0.001440
-20.200000 0.004476
-20.150000 0.004645
-20.100000 0.007520
-20.050000 0.007471
-20.000000 0.010073
-19.950000 0.009703
-19.900000 0.011942
-19.850000 0.011175
-19.800000 0.012988
-19.750000 0.011775
-19.700000 0.013129
-19.650000 0.011452
-19.600000 0.012344
-19.550000 0.010214
-19.500000 0.010672
-19.450000 0.008135
-19.400000 0.008217
-19.350000 0.005345
-19.300000 0.005139
-19.250000 0.002032
-19.200000 0.001651
-19.150000 -0.001568
-19.100000 -0.001994
-19.050000 -0.005189
-19.000000 -0.005521
-18.950000 -0.008552
-18.900000 -0.008654
-18.850000 -0.011391
-18.800000 -0.011143
-18.750000 -0.013480
-18.700000 -0.012789
-18.650000 -0.014650
-18.600000 -0.013461
-18.550000 -0.014810
-18.500000 -0.013106
-18.450000 -0.013947
-18.400000 -0.011753
-18.350000 -0.012127
-18.300000 -0.009500
-18.250000 -0.009480
-18.200000 -0.006504
-18.150000 -0.006185
-18.100000 -0.002966
-18.050000 -0.002462
-18.000000 0.000881
-17.950000 0.001447
-17.900000 0.004789
-17.850000 0.005290
-17.800000 0.008502
-17.750000 0.008809
-17.700000 0.011768
-17.650000 0.011765
-17.600000 0.014359
-17.550000 0.013943
-17.500000 0.016080
-17.450000 0.015174
-17.400000 0.016794
-17.350000 0.015351
-17.300000 0.016426
-17.250000 0.014439
-17.200000 0.014979
-17.150000 0.012480
-17.100000 0.012538
-17.050000 0.009595
-17.000000 0.009257
-16.950000 0.005973
-16.900000 0.005353
-16.850000 0.001853
-16.800000 0.001085
-16.750000 -0.002492
-16.700000 -0.003268
-16.650000 -0.006782
-16.600000 -0.007428
-16.550000 -0.010746
-16.500000 -0.011135
-16.450000 -0.014139
-16.400000 -0.014162
-16.350000 -0.016753
-16.300000 -0.016322
-16.250000 -0.018424
-16.200000 -0.017474
-16.150000 -0.019035
-16.100000 -0.017531
-16.050000 -0.018528
-16.000000 -0.016462
-15.950000 -0.016906
-15.900000 -0.014303
-15.850000 -0.014237
-15.800000 -0.011161
-15.750000 -0.010663
-15.700000 -0.007207
-15.650000 -0.006389
-15.600000 -0.002677
-15.550000 -0.001672
-15.500000 0.002152
-15.450000 0.003195
-15.400000 0.006981
-15.350000 0.007910
-15.300000 0.011510
-15.250000 0.012185
-15.200000 0.015465
-15.150000 0.015764
-15.100000 0.018615
-15.050000 0.018440
-15.000000 0.020780
-14.950000 0.020066
-14.900000 0.021842
-14.850000 0.020551
-14.800000 0.021742
-14.750000 0.019866
-14.700000 0.020479
-14.650000 0.018038
-14.600000 0.018105
-14.550000 0.015146
-14.500000 0.014727
-14.450000 0.011321
-14.400000 0.010499
-14.350000 0.006741
-14.300000 0.005624
-14.250000 0.001632
-14.200000 0.000347
-14.150000 -0.003742
-14.100000 -0.005052
-14.050000 -0.009089
-14.000000 -0.010271
-13.950000 -0.014104
-13.900000 -0.015010
-13.850000 -0.018495
-13.800000 -0.018989
-13.750000 -0.022003
-13.700000 -0.021976
-13.650000 -0.024425
-13.600000 -0.023798
-13.550000 -0.025623
-13.500000 -0.024357
-13.450000 -0.025535
-13.400000 -0.023625
-13.350000 -0.024168
-13.300000 -0.021641
-13.250000 -0.021591
-13.200000 -0.018504
-13.150000 -0.017928
-13.100000 -0.014359
-13.050000 -0.013347
-13.000000 -0.009392
-12.950000 -0.008050
-12.900000 -0.003825
-12.850000 -0.002275
-12.800000 0.002091
-12.750000 0.003716
-12.700000 0.008086
-12.650000 0.009643
-12.600000 0.013873
-12.550000 0.015220
-12.500000 0.019169
-12.450000 0.020169
-12.400000 0.023706
-12.350000 0.024236
-12.300000 0.027249
-12.250000 0.027209
-12.200000 0.029612
-12.150000 0.028933
-12.100000 0.030673
-12.050000 0.029318
-12.000000 0.030376
-11.950000 0.028343
-11.900000 0.028732
-11.850000 0.026050
-11.800000 0.025816
-11.750000 0.022542
-11.700000 0.021751
-11.650000 0.017964
-11.600000 0.016703
-11.550000 0.012495
-11.500000 0.010865
-11.450000 0.006344
-11.400000 0.004458
-11.350000 -0.000258
-11.300000 -0.002276
-11.250000 -0.007057
-11.200000 -0.009073
-11.150000 -0.013780
-11.100000 -0.015651
-11.050000 -0.020141
-11.000000 -0.021725
-10.950000 -0.025855
-10.900000 -0.027013
-10.850000 -0.030653
-10.800000 -0.031263
-10.750000 -0.034302
-10.700000 -0.034267
-10.650000 -0.036622
-10.600000 -0.035876
-10.550000 -0.037499
-10.500000 -0.036012
-10.450000 -0.036891
-10.400000 -0.034666
-10.350000 -0.034821
-10.300000 -0.031896
-10.250000 -0.031377
-10.200000 -0.027813
-10.150000 -0.026694
-10.100000 -0.022575
-10.050000 -0.020947
-10.000000 -0.016370
-9.950000 -0.014337
-9.900000 -0.009412
-9.850000 -0.007087
-9.800000 -0.001932
-9.750000 0.000563
-9.700000 0.005823
-9.650000 0.008359
-9.600000 0.013593
-9.550000 0.016037
-9.500000 0.021110
-9.450000 0.023327
-9.400000 0.028104
-9.350000 0.029962
-9.300000 0.034316
-9.250000 0.035695
-9.200000 0.039515
-9.150000 0.040313
-9.100000 0.043508
-9.050000 0.043647
-9.000000 0.046154
-8.950000 0.045585
-8.900000 0.047368
-8.850000 0.046068
-8.800000 0.047117
-8.750000 0.045088
-8.700000 0.045415
-8.650000 0.042678
-8.600000 0.042312
-8.550000 0.038904
-8.500000 0.037886
-8.450000 0.033854
-8.400000 0.032240
-8.350000 0.027644
-8.300000 0.025500
-8.250000 0.020414
-8.200000 0.017820
-8.150000 0.012332
-8.100000 0.009387
-8.050000 0.003604
-8.000000 0.000420
-7.950000 -0.005536
-7.900000 -0.008829
-7.850000 -0.014823
-7.800000 -0.018086
-7.750000 -0.023977
-7.700000 -0.027066
-7.650000 -0.032710
-7.600000 -0.035486
-7.550000 -0.040751
-7.500000 -0.043087
-7.450000 -0.047852
-7.400000 -0.049638
-7.350000 -0.053805
-7.300000 -0.054953
-7.250000 -0.058445
-7.200000 -0.058890
-7.150000 -0.061652
-7.100000 -0.061349
-7.050000 -0.063344
-7.000000 -0.062264
-6.950000 -0.063472
-6.900000 -0.061602
-6.850000 -0.062016
-6.800000 -0.059356
-6.750000 -0.058984
-6.700000 -0.055550
-6.650000 -0.054419
-6.600000 -0.050247
-6.550000 -0.048402
-6.500000 -0.043551
-6.450000 -0.041060
-6.400000 -0.035609
-6.350000 -0.032563
-6.300000 -0.026612
-6.250000 -0.023119
-6.200000 -0.016781
-6.150000 -0.012960
-6.100000 -0.006356
-6.050000 -0.002326
-6.000000 0.004425
-5.950000 0.008547
-5.900000 0.015335
-5.850000 0.019444
-5.800000 0.026168
-5.750000 0.030170
-5.700000 0.036744
-5.650000 0.040560
-5.600000 0.046908
-5.550000 0.050465
-5.500000 0.056519
-5.450000 0.059753
-5.400000 0.065449
-5.350000 0.068298
-5.300000 0.073576
-5.250000 0.075980
-5.200000 0.080782
-5.150000 0.082683
-5.100000 0.086953
-5.050000 0.088300
-5.000000 0.091990
-4.950000 0.092740
-4.900000 0.095813
-4.850000 0.095935
-4.800000 0.098369
-4.750000 0.097849
-4.700000 0.099635
-4.650000 0.098471
-4.600000 0.099615
-4.550000 0.097817
-4.500000 0.098332
-4.450000 0.095916
-4.400000 0.095818
-4.350000 0.092798
-4.300000 0.092098
-4.250000 0.088484
-4.200000 0.087191
-4.150000 0.082988
-4.100000 0.081104
-4.050000 0.076313
-4.000000 0.073838
-3.950000 0.068460
-3.900000 0.065399
-3.850000 0.059443
-3.800000 0.055807
-3.750000 0.049289
-3.700000 0.045102
-3.650000 0.038052
-3.600000 0.033347
-3.550000 0.025804
-3.500000 0.020625
-3.450000 0.012635
-3.400000 0.007031
-3.350000 -0.001356
-3.300000 -0.007334
-3.250000 -0.016068
-3.200000 -0.022372
-3.150000 -0.031406
-3.100000 -0.037991
-3.050000 -0.047280
-3.000000 -0.054104
-2.950000 -0.063607
-2.900000 -0.070625
-2.850000 -0.080297
-2.800000 -0.087461
-2.750000 -0.097248
-2.700000 -0.104500
-2.650000 -0.114338
-2.600000 -0.121606
-2.550000 -0.131415
-2.500000 -0.138614
-2.450000 -0.148305
-2.400000 -0.155340
-2.350000 -0.164814
-2.300000 -0.171586
-2.250000 -0.180745
-2.200000 -0.187159
-2.150000 -0.195911
-2.100000 -0.201880
-2.050000 -0.210145
-2.000000 -0.215597
-1.950000 -0.223309
-1.900000 -0.228183
-1.850000 -0.235287
-1.800000 -0.239532
-1.750000 -0.245981
-1.700000 -0.249552
-1.650000 -0.255302
-1.600000 -0.258157
-1.550000 -0.263166
-1.500000 -0.265264
-1.450000 -0.269492
-1.400000 -0.270795
-1.350000 -0.274209
-1.300000 -0.274687
-1.250000 -0.277263
-1.200000 -0.276901
-1.150000 -0.278632
-1.100000 -0.277433
-1.050000 -0.278332
-1.000000 -0.276320
-0.950000 -0.276423
-0.900000 -0.273643
-0.850000 -0.273003
-0.800000 -0.269519
-0.750000 -0.268206
-0.700000 -0.264091
-0.650000 -0.262183
-0.600000 -0.257517
-0.550000 -0.255094
-0.500000 -0.249953
-0.450000 -0.247087
-0.400000 -0.241543
-0.350000 -0.238300
-0.300000 -0.232414
-0.250000 -0.228853
-0.200000 -0.222680
-0.150000 -0.218855
-0.100000 -0.212449
-0.050000 -0.208415
0.000000 -0.201833
0.050000 -0.197649
0.100000 -0.190953
0.150000 -0.186684
0.200000 -0.179942
0.250000 -0.175657
0.300000 -0.168939
0.350000 -0.164708
0.400000 -0.158078
0.450000 -0.153961
0.500000 -0.147475
0.550000 -0.143518
0.600000 -0.137215
0.650000 -0.133450
0.700000 -0.127352
0.750000 -0.123794
0.800000 -0.117910
0.850000 -0.114562
0.900000 -0.108892
0.950000 -0.105751
1.000000 -0.100291
1.050000 -0.097353
1.100000 -0.092100
1.150000 -0.089365
1.200000 -0.084323
1.250000 -0.081798
1.300000 -0.076976
1.350000 -0.074674
1.400000 -0.070085
1.450000 -0.068020
1.500000 -0.063680
1.550000 -0.061864
1.600000 -0.057782
1.650000 -0.056222
1.700000 -0.052401
1.750000 -0.051094
1.800000 -0.047524
1.850000 -0.046455
1.900000 -0.043117
1.950000 -0.042264
2.000000 -0.039135
2.050000 -0.038472
2.100000 -0.035527
2.150000 -0.035033
2.200000 -0.032252
2.250000 -0.031914
2.300000 -0.029293
2.350000 -0.029112
2.400000 -0.026659
2.450000 -0.026649
2.500000 -0.024384
2.550000 -0.024571
2.600000 -0.022523
2.650000 -0.022938
2.700000 -0.021138
2.750000 -0.021813
2.800000 -0.020293
2.850000 -0.021258
2.900000 -0.020048
2.950000 -0.021333
3.000000 -0.020466
3.050000 -0.022109
3.100000 -0.021626
3.150000 -0.023676
3.200000 -0.023641
3.250000 -0.026174
3.300000 -0.026678
3.350000 -0.029806
3.400000 -0.030983
3.450000 -0.034866
3.500000 -0.036903
3.550000 -0.041758
3.600000 -0.044905
3.650000 -0.051017
3.700000 -0.055598
3.750000 -0.063333
3.800000 -0.069760
3.850000 -0.079579
3.900000 -0.088367
3.950000 -0.100845
4.000000 -0.112635
4.050000 -0.128486
4.100000 -0.144073
4.150000 -0.164182
4.200000 -0.184551
4.250000 -0.210012
4.300000 -0.236375
4.350000 -0.268527
4.400000 -0.302356
4.450000 -0.342812
4.500000 -0.385862
4.550000 -0.436513
4.600000 -0.490803
4.650000 -0.553778
4.700000 -0.621520
4.750000 -0.699073
4.800000 -0.782501
4.850000 -0.876774
4.900000 -0.977846
4.950000 -1.090491
5.000000 -1.210412
5.050000 -1.342020
5.100000 -1.480579
5.150000 -1.629934
5.200000 -1.784695
5.250000 -1.947938
5.300000 -2.113433
5.350000 -2.283345
5.400000 -2.450541
5.450000 -2.616305
5.500000 -2.772753
5.550000 -2.920591
5.600000 -3.051633
5.650000 -3.166597
5.700000 -3.257710
5.750000 -3.326482
5.800000 -3.366337
5.850000 -3.380297
5.900000 -3.363560
5.950000 -3.321024
6.000000 -3.249781
6.050000 -3.156456
6.100000 -3.039638
6.150000 -2.907087
6.200000 -2.758158
6.250000 -2.600955
6.300000 -2.434829
6.350000 -2.267529
6.400000 -2.097826
6.450000 -1.932683
6.500000 -1.770010
6.550000 -1.615848
6.600000 -1.467228
6.650000 -1.329346
6.700000 -1.198498
6.750000 -1.079221
6.800000 -0.967285
6.850000 -0.866778
6.900000 -0.773139
6.950000 -0.690193
7.000000 -0.613210
7.050000 -0.545883
7.100000 -0.483431
7.150000 -0.429507
7.200000 -0.379345
7.250000 -0.336616
7.300000 -0.296610
7.350000 -0.263043
7.400000 -0.231280
7.450000 -0.205095
7.500000 -0.179933
7.550000 -0.159626
7.600000 -0.139700
7.650000 -0.124037
7.700000 -0.108236
7.750000 -0.096226
7.800000 -0.083668
7.850000 -0.074527
7.900000 -0.064518
7.950000 -0.057632
8.000000 -0.049631
8.050000 -0.044523
8.100000 -0.038106
8.150000 -0.034400
8.200000 -0.029234
8.250000 -0.026633
8.300000 -0.022449
8.350000 -0.020709
8.400000 -0.017289
8.450000 -0.016211
8.500000 -0.013371
8.550000 -0.012789
8.600000 -0.010379
8.650000 -0.010157
8.700000 -0.008056
8.750000 -0.008089
8.800000 -0.006207
8.850000 -0.006419
8.900000 -0.004695
8.950000 -0.005038
9.000000 -0.003437
9.050000 -0.003888
9.100000 -0.002395
9.150000 -0.002948
9.200000 -0.001562
9.250000 -0.002216
9.300000 -0.000939
9.350000 -0.001695
9.400000 -0.000522
9.450000 -0.001372
9.500000 -0.000291
9.550000 -0.001216
9.600000 -0.000203
9.650000 -0.001176
9.700000 -0.000201
9.750000 -0.001190
9.800000 -0.000223
9.850000 -0.001200
9.900000 -0.000215
9.950000 -0.001161
10.000000 -0.000144
10.050000 -0.001050
10.100000 -0.000001
10.150000 -0.000873
10.200000 0.000198
10.250000 -0.000656
10.300000 0.000417
10.350000 -0.000441
10.400000 0.000611
10.450000 -0.000273
10.500000 0.000738
10.550000 -0.000188
10.600000 0.000771
10.650000 -0.000203
10.700000 0.000704
10.750000 -0.000311
10.800000 0.000557
10.850000 -0.000480
10.900000 0.000372
10.950000 -0.000662
11.000000 0.000200
11.050000 -0.000805
11.100000 0.000091
11.150000 -0.000866
11.200000 0.000078
11.250000 -0.000824
11.300000 0.000167
11.350000 -0.000688
11.400000 0.000335
11.450000 -0.000494
11.500000 0.000537
11.550000 -0.000292
11.600000 0.000719
11.650000 -0.000137
11.700000 0.000831
11.750000 -0.000070
11.800000 0.000843
11.850000 -0.000108
11.900000 0.000752
11.950000 -0.000240
12.000000 0.000582
12.050000 -0.000430
12.100000 0.000379
12.150000 -0.000628
12.200000 0.000194
12.250000 -0.000782
12.300000 0.000075
12.350000 -0.000852
12.400000 0.000053
12.450000 -0.000820
12.500000 0.000132
12.550000 -0.000692
12.600000 0.000294
12.650000 -0.000500
12.700000 0.000499
12.750000 -0.000290
12.800000 0.000694
12.850000 -0.000117
12.900000 0.000828
12.950000 -0.000026
13.000000 0.000864
13.050000 -0.000042
13.100000 0.000791
13.150000 -0.000163
13.200000 0.000623
13.250000 -0.000360
13.300000 0.000404
13.350000 -0.000582
13.400000 0.000190
13.450000 -0.000769
13.500000 0.000037
13.550000 -0.000870
13.600000 -0.000012
13.650000 -0.000858
13.700000 0.000055
13.750000 -0.000735
13.800000 0.000221
13.850000 -0.000532
13.900000 0.000442
13.950000 -0.000301
14.000000 0.000661
14.050000 -0.000103
14.100000 0.000820
14.150000 0.000013
14.200000 0.000880
14.250000 0.000018
14.300000 0.000825
14.350000 -0.000088
14.400000 0.000669
14.450000 -0.000279
14.500000 0.000450
14.550000 -0.000506
14.600000 0.000222
14.650000 -0.000715
14.700000 0.000041
14.750000 -0.000852
14.800000 -0.000049
14.850000 -0.000884
14.900000 -0.000025
14.950000 -0.000799
15.000000 0.000110
15.050000 -0.000615
15.100000 0.000325
15.150000 -0.000377
15.200000 0.000567
15.250000 -0.000142
15.300000 0.000774
15.350000 0.000030
15.400000 0.000893
15.450000 0.000093
15.500000 0.000891
15.550000 0.000030
15.600000 0.000765
15.650000 -0.000145
15.700000 0.000546
15.750000 -0.000389
15.800000 0.000288
15.850000 -0.000638
15.900000 0.000058
15.950000 -0.000829
16.000000 -0.000088
16.050000 -0.000914
16.100000 -0.000112
16.150000 -0.000872
16.200000 -0.000011
16.250000 -0.000712
16.300000 0.000192
16.350000 -0.000474
16.400000 0.000444
16.450000 -0.000217
16.500000 0.000686
16.550000 -0.000000
16.600000 0.000858
16.650000 0.000123
16.700000 0.000919
16.750000 0.000124
16.800000 0.000854
16.850000 0.000001
16.900000 0.000676
16.950000 -0.000216
17.000000 0.000426
17.050000 -0.000479
17.100000 0.000161
17.150000 -0.000724
17.200000 -0.000055
17.250000 -0.000892
17.300000 -0.000170
17.350000 -0.000940
17.400000 -0.000152
17.450000 -0.000852
17.500000 -0.000003
17.550000 -0.000646
17.600000 0.000242
17.650000 -0.000370
17.700000 0.000525
17.750000 -0.000092
17.800000 0.000776
17.850000 0.000121
17.900000 0.000931
17.950000 0.000214
18.000000 0.000952
18.050000 0.000166
18.100000 0.000832
18.150000 -0.000012
18.200000 0.000601
18.250000 -0.000277
18.300000 0.000313
18.350000 -0.000565
18.400000 0.000038
18.450000 -0.000806
18.500000 -0.000161
18.550000 -0.000945
18.600000 -0.000238
18.650000 -0.000949
18.700000 -0.000174
18.750000 -0.000817
18.800000 0.000014
18.850000 -0.000578
18.900000 0.000285
18.950000 -0.000286
19.000000 0.000576
19.050000 -0.000006
19.100000 0.000822
19.150000 0.000197
19.200000 0.000965
19.250000 0.000275
19.300000 0.000968
19.350000 0.000208
19.400000 0.000828
19.450000 0.000008
19.500000 0.000573
19.550000 -0.000282
19.600000 0.000260
19.650000 -0.000593
19.700000 -0.000038
19.750000 -0.000854
19.800000 -0.000250
19.850000 -0.000998
19.900000 -0.000324
19.950000 -0.000991
20.000000 -0.000240
20.050000 -0.000831
20.100000 -0.000019
20.150000 -0.000556
20.200000 0.000288
20.250000 -0.000229
20.300000 0.000610
20.350000 0.000073
20.400000 0.000870
20.450000 0.000282
20.500000 0.001009
20.550000 0.000350
20.600000 0.000997
20.650000 0.000263
20.700000 0.000835
20.750000 0.000042
20.800000 0.000560
20.850000 -0.000266
20.900000 0.000232
20.950000 -0.000591
21.000000 -0.000077
21.050000 -0.000862
21.100000 -0.000301
21.150000 -0.001018
21.200000 -0.000387
21.250000 -0.001024
21.300000 -0.000315
21.350000 -0.000873
21.400000 -0.000099
21.450000 -0.000595
21.500000 0.000218
21.550000 -0.000251
21.600000 0.000565
21.650000 0.000085
21.700000 0.000865
21.750000 0.000336
21.800000 0.001046
21.850000 0.000442
21.900000 0.001065
21.950000 0.000378
22.000000 0.000915
22.050000 0.000155
22.100000 0.000626
22.150000 -0.000177
22.200000 0.000264
22.250000 -0.000543
22.300000 -0.000090
22.350000 -0.000859
22.400000 -0.000356
22.450000 -0.001054
22.500000 -0.000476
22.550000 -0.001086
22.600000 -0.000424
22.650000 -0.000947
22.700000 -0.000212
22.750000 -0.000669
22.800000 0.000112
22.850000 -0.000310
22.900000 0.000480
22.950000 0.000053
23.000000 0.000813
23.050000 0.000344
23.100000 0.001040
23.150000 0.000501
23.200000 0.001112
23.250000 0.000489
23.300000 0.001010
23.350000 0.000309
23.400000 0.000753
23.450000 -0.000006
23.500000 0.000392
23.550000 -0.000389
23.600000 0.000001
23.650000 -0.000760
23.700000 -0.000335
23.750000 -0.001036
23.800000 -0.000541
23.850000 -0.001155
23.900000 -0.000571
23.950000 -0.001087
24.000000 -0.000414
24.050000 -0.000843
24.100000 -0.000102
24.150000 -0.000473
24.200000 0.000298
24.250000 -0.000059
24.300000 0.000699
24.350000 0.000312
24.400000 0.001012
24.450000 0.000557
24.500000 0.001170
24.550000 0.000626
24.600000 0.001139
24.650000 0.000504
24.700000 0.000927
24.750000 0.000218
24.800000 0.000577
24.850000 -0.000171
24.900000 0.000162
24.950000 -0.000584
25.000000 -0.000233
25.050000 -0.000935
25.100000 -0.000529
25.150000 -0.001154
25.200000 -0.000665
25.250000 -0.001194
25.300000 -0.000612
25.350000 -0.001043
25.400000 -0.000377
25.450000 -0.000729
25.500000 -0.000005
25.550000 -0.000312
25.600000 0.000430
25.650000 0.000125
25.700000 0.000840
25.750000 0.000492
25.800000 0.001136
25.850000 0.000709
25.900000 0.001255
25.950000 0.000728
26.000000 0.001166
26.050000 0.000542
26.100000 0.000885
26.150000 0.000186
26.200000 0.000468
26.250000 -0.000265
26.300000 -0.000000
26.350000 -0.000718
26.400000 -0.000420
26.450000 -0.001077
26.500000 -0.000706
26.550000 -0.001268
26.600000 -0.000799
26.650000 -0.001251
26.700000 -0.000680
26.750000 -0.001031
26.800000 -0.000376
26.850000 -0.000651
26.900000 0.000054
26.950000 -0.000187
27.000000 0.000522
27.050000 0.000270
27.100000 0.000939
27.150000 0.000632
27.200000 0.001222
27.250000 0.000828
27.300000 0.001314
27.350000 0.000819
27.400000 0.001195
27.450000 0.000602
27.500000 0.000883
27.550000 0.000215
27.600000 0.000435
27.650000 -0.000268
27.700000 -0.000066
27.750000 -0.000753
27.800000 -0.000518
27.850000 -0.001143
27.900000 -0.000832
27.950000 -0.001356
28.000000 -0.000939
28.050000 -0.001345
28.100000 -0.000816
28.150000 -0.001107
28.200000 -0.000483
28.250000 -0.000689
28.300000 -0.000006
28.350000 -0.000172
28.400000 0.000519
28.450000 0.000342
28.500000 0.000988
28.550000 0.000750
28.600000 0.001308
28.650000 0.000972
28.700000 0.001415
28.750000 0.000967
28.800000 0.001290
28.850000 0.000735
28.900000 0.000956
28.950000 0.000322
29.000000 0.000477
29.050000 -0.000193
29.100000 -0.000058
29.150000 -0.000716
29.200000 -0.000550
29.250000 -0.001147
29.300000 -0.000907
29.350000 -0.001407
29.400000 -0.001063
29.450000 -0.001442
29.500000 -0.000983
29.550000 -0.001243
29.600000 -0.000678
29.650000 -0.000839
29.700000 -0.000201
29.750000 -0.000303
29.800000 0.000362
29.850000 0.000267
29.900000 0.000904
29.950000 0.000761
30.000000 0.001318
30.050000 0.001082
30.100000 0.001522
30.150000 0.001165
30.200000 0.001472
30.250000 0.000991
30.300000 0.001175
30.350000 0.000591
30.400000 0.000685
30.450000 0.000042
30.500000 0.000095
30.550000 -0.000553
30.600000 -0.000483
30.650000 -0.001080
30.700000 -0.000942
30.750000 -0.001442
30.800000 -0.001198
30.850000 -0.001572
30.900000 -0.001204
30.950000 -0.001447
31.000000 -0.000960
31.050000 -0.001088
31.100000 -0.000510
31.150000 -0.000559
31.200000 0.000068
31.250000 0.000048
31.300000 0.000670
31.350000 0.000627
31.400000 0.001191
31.450000 0.001073
31.500000 0.001535
31.550000 0.001306
31.600000 0.001637
31.650000 0.001278
31.700000 0.001472
31.750000 0.000989
31.800000 0.001062
31.850000 0.000484
31.900000 0.000477
31.950000 -0.000148
32.000000 -0.000180
32.050000 -0.000792
32.100000 -0.000789
32.150000 -0.001329
32.200000 -0.001235
32.250000 -0.001656
32.300000 -0.001435
32.350000 -0.001712
32.400000 -0.001350
32.450000 -0.001483
32.500000 -0.000996
32.550000 -0.001011
32.600000 -0.000436
32.650000 -0.000380
32.700000 0.000229
32.750000 0.000297
32.800000 0.000882
32.850000 0.000903
32.900000 0.001407
32.950000 0.001333
33.000000 0.001715
33.050000 0.001513
33.100000 0.001752
33.150000 0.001413
33.200000 0.001510
33.250000 0.001046
33.300000 0.001026
33.350000 0.000472
33.400000 0.000377
33.450000 -0.000216
33.500000 -0.000328
33.550000 -0.000901
33.600000 -0.000970
33.650000 -0.001464
33.700000 -0.001438
33.750000 -0.001806
33.800000 -0.001645
33.850000 -0.001860
33.900000 -0.001549
33.950000 -0.001609
34.000000 -0.001160
34.050000 -0.001091
34.100000 -0.000542
34.150000 -0.000393
34.200000 0.000199
34.250000 0.000366
34.300000 0.000933
34.350000 0.001051
34.400000 0.001531
34.450000 0.001543
34.500000 0.001888
34.550000 0.001758
34.600000 0.001943
34.650000 0.001659
34.700000 0.001687
34.750000 0.001264
34.800000 0.001162
34.850000 0.000640
34.900000 0.000457
34.950000 -0.000110
35.000000 -0.000315
35.050000 -0.000865
35.100000 -0.001030
35.150000 -0.001502
35.200000 -0.001571
35.250000 -0.001916
35.300000 -0.001849
35.350000 -0.002038
35.400000 -0.001815
35.450000 -0.001840
35.500000 -0.001468
35.550000 -0.001348
35.600000 -0.000857
35.650000 -0.000635
35.700000 -0.000078
35.750000 0.000186
35.800000 0.000743
35.850000 0.000981
35.900000 0.001469
35.950000 0.001616
36.000000 0.001977
36.050000 0.001981
36.100000 0.002175
36.150000 0.002011
36.200000 0.002027
36.250000 0.001697
36.300000 0.001552
36.350000 0.001090
36.400000 0.000829
36.450000 0.000289
36.500000 -0.000025
36.550000 -0.000575
36.600000 -0.000871
36.650000 -0.001361
36.700000 -0.001573
36.750000 -0.001944
36.800000 -0.002023
36.850000 -0.002234
36.900000 -0.002148
36.950000 -0.002183
37.000000 -0.001931
37.050000 -0.001799
37.100000 -0.001402
37.150000 -0.001136
37.200000 -0.000639
37.250000 -0.000293
37.300000 0.000245
37.350000 0.000606
37.400000 0.001116
37.450000 0.001422
37.500000 0.001837
37.550000 0.002026
37.600000 0.002290
37.650000 0.002317
37.700000 0.002398
37.750000 0.002242
37.800000 0.002134
37.850000 0.001806
37.900000 0.001533
37.950000 0.001070
38.000000 0.000684
38.050000 0.000149
38.100000 -0.000281
38.150000 -0.000813
38.200000 -0.001210
38.250000 -0.001663
38.300000 -0.001955
38.350000 -0.002266
38.400000 -0.002400
38.450000 -0.002528
38.500000 -0.002477
38.550000 -0.002408
38.600000 -0.002174
38.650000 -0.001926
38.700000 -0.001537
38.750000 -0.001152
38.800000 -0.000663
38.850000 -0.000202
38.900000 0.000320
38.950000 0.000787
39.000000 0.001271
39.050000 0.001672
39.100000 0.002049
39.150000 0.002323
39.200000 0.002540
39.250000 0.002642
39.300000 0.002666
39.350000 0.002575
39.400000 0.002399
39.450000 0.002123
39.500000 0.001767
39.550000 0.001342
39.600000 0.000858
39.650000 0.000344
39.700000 -0.000201
39.750000 -0.000727
39.800000 -0.001250
39.850000 -0.001707
39.900000 -0.002131
39.950000 -0.002446
40.000000 -0.002707
40.050000 -0.002829
40.100000 -0.002889
40.150000 -0.002795
40.200000 -0.002648
40.250000 -0.002347
40.300000 -0.002018
40.350000 -0.001551
40.400000 -0.001091
40.450000 -0.000521
40.500000 -0.000003
40.550000 0.000595
40.600000 0.001092
40.650000 0.001638
40.700000 0.002040
40.750000 0.002464
40.800000 0.002707
40.850000 0.002957
40.900000 0.003000
40.950000 0.003046
41.000000 0.002874
41.050000 0.002715
41.100000 0.002339
41.150000 0.002001
41.200000 0.001461
41.250000 0.000995
41.300000 0.000354
41.350000 -0.000169
41.400000 -0.000834
41.450000 -0.001330
41.500000 -0.001935
41.550000 -0.002323
41.600000 -0.002790
41.650000 -0.003001
41.700000 -0.003271
41.750000 -0.003258
41.800000 -0.003302
41.850000 -0.003051
41.900000 -0.002871
41.950000 -0.002405
42.000000 -0.002038
42.050000 -0.001407
42.100000 -0.000918
42.150000 -0.000197
42.200000 0.000332
42.250000 0.001057
42.300000 0.001540
42.350000 0.002185
42.400000 0.002542
42.450000 0.003034
42.500000 0.003202
42.550000 0.003492
42.600000 0.003434
42.650000 0.003496
42.700000 0.003203
42.750000 0.003044
42.800000 0.002535
42.850000 0.002189
42.900000 0.001511
42.950000 0.001035
43.000000 0.000258
43.050000 -0.000272
43.100000 -0.001067
43.150000 -0.001564
43.200000 -0.002291
43.250000 -0.002669
43.300000 -0.003247
43.350000 -0.003436
43.400000 -0.003802
43.450000 -0.003750
43.500000 -0.003870
43.550000 -0.003559
43.600000 -0.003431
43.650000 -0.002877
43.700000 -0.002534
43.750000 -0.001787
43.800000 -0.001292
43.850000 -0.000426
43.900000 0.000136
43.950000 0.001031
44.000000 0.001570
44.050000 0.002404
44.100000 0.002833
44.150000 0.003528
44.200000 0.003780
44.250000 0.004282
44.300000 0.004315
44.350000 0.004596
44.400000 0.004400
44.450000 0.004465
44.500000 0.004060
44.550000 0.003942
44.600000 0.003374
44.650000 0.003134
44.700000 0.002472
44.750000 0.002183
44.800000 0.001506
44.850000 0.001250
44.900000 0.000638
44.950000 0.000487
