-30.000000 -0.000000
-29.950000 0.000000
-29.900000 0.000000
-29.850000 0.000000
-29.800000 0.000000
-29.750000 0.000000
-29.700000 -0.000000
-29.650000 -0.000000
-29.600000 -0.000000
-29.550000 0.000000
-29.500000 0.000000
-29.450000 0.000000
-29.400000 0.000000
-29.350000 0.000000
-29.300000 -0.000000
-29.250000 -0.000000
-29.200000 -0.000000
-29.150000 -0.000000
-29.100000 0.000000
-29.050000 0.000000
-29.000000 0.000000
-28.950000 0.000000
-28.900000 -0.000000
-28.850000 -0.000000
-28.800000 -0.000000
-28.750000 -0.000000
-28.700000 -0.000000
-28.650000 0.000000
-28.600000 0.000000
-28.550000 0.000000
-28.500000 0.000000
-28.450000 -0.000000
-28.400000 -0.000000
-28.350000 -0.000000
-28.300000 -0.000000
-28.250000 -0.000000
-28.200000 0.000000
-28.150000 0.000000
-28.100000 0.000000
-28.050000 0.000000
-28.000000 -0.000000
-27.950000 -0.000000
-27.900000 -0.000000
-27.850000 -0.000000
-27.800000 0.000000
-27.750000 0.000000
-27.700000 0.000000
-27.650000 0.000000
-27.600000 0.000000
-27.550000 -0.000000
-27.500000 -0.000000
-27.450000 -0.000000
-27.400000 -0.000000
-27.350000 0.000000
-27.300000 0.000000
-27.250000 0.000000
-27.200000 0.000000
-27.150000 0.000000
-27.100000 -0.000000
-27.050000 -0.000000
-27.000000 -0.000000
-26.950000 -0.000000
-26.900000 0.000000
-26.850000 0.000000
-26.800000 0.000000
-26.750000 0.000000
-26.700000 0.000000
-26.650000 -0.000000
-26.600000 -0.000000
-26.550000 -0.000000
-26.500000 -0.000000
-26.450000 0.000000
-26.400000 0.000000
-26.350000 0.000000
-26.300000 0.000000
-26.250000 0.000000
-26.200000 -0.000000
-26.150000 -0.000000
-26.100000 -0.000000
-26.050000 -0.000000
-26.000000 0.000000
-25.950000 0.000000
-25.900000 0.000000
-25.850000 0.000000
-25.800000 0.000000
-25.750000 -0.000000
-25.700000 -0.000000
-25.650000 -0.000000
-25.600000 -0.000000
-25.550000 0.000000
-25.500000 0.000000
-25.450000 0.000000
-25.400000 0.000000
-25.350000 0.000000
-25.300000 -0.000000
-25.250000 -0.000000
-25.200000 -0.000000
-25.150000 -0.000000
-25.100000 -0.000000
-25.050000 0.000000
-25.000000 0.000000
-24.950000 0.000000
-24.900000 0.000000
-24.850000 -0.000000
-24.800000 -0.000000
-24.750000 -0.000000
-24.700000 -0.000000
-24.650000 -0.000000
-24.600000 0.000000
-24.550000 0.000000
-24.500000 0.000000
-24.450000 0.000000
-24.400000 0.000000
-24.350000 -0.000000
-24.300000 -0.000000
-24.250000 -0.000000
-24.200000 -0.000000
-24.150000 -0.000000
-24.100000 0.000000
-24.050000 0.000000
-24.000000 0.000000
-23.950000 0.000000
-23.900000 0.000000
-23.850000 -0.000000
-23.800000 -0.000000
-23.750000 -0.000000
-23.700000 -0.000000
-23.650000 0.000000
-23.600000 0.000000
-23.550000 0.000000
-23.500000 0.000000
-23.450000 0.000000
-23.400000 -0.000000
-23.350000 -0.000000
-23.300000 -0.000000
-23.250000 -0.000000
-23.200000 -0.000000
-23.150000 0.000000
-23.100000 0.000000
-23.050000 0.000000
-23.000000 0.000000
-22.950000 0.000000
-22.900000 -0.000000
-22.850000 -0.000000
-22.800000 -0.000000
-22.750000 -0.000000
-22.700000 -0.000000
-22.650000 0.000000
-22.600000 0.000000
-22.550000 0.000000
-22.500000 0.000000
-22.450000 0.000000
-22.400000 -0.000000
-22.350000 -0.000000
-22.300000 -0.000000
-22.250000 -0.000000
-22.200000 -0.000000
-22.150000 0.000000
-22.100000 0.000000
-22.050000 0.000000
-22.000000 0.000000
-21.950000 0.000000
-21.900000 -0.000000
-21.850000 -0.000000
-21.800000 -0.000000
-21.750000 -0.000000
-21.700000 -0.000000
-21.650000 0.000000
-21.600000 0.000000
-21.550000 0.000000
-21.500000 0.000000
-21.450000 0.000000
-21.400000 -0.000000
-21.350000 -0.000000
-21.300000 -0.000000
-21.250000 -0.000000
-21.200000 -0.000000
-21.150000 -0.000000
-21.100000 0.000000
-21.050000 0.000000
-21.000000 0.000000
-20.950000 0.000000
-20.900000 0.000000
-20.850000 -0.000000
-20.800000 -0.000000
-20.750000 -0.000000
-20.700000 -0.000000
-20.650000 -0.000000
-20.600000 0.000000
-20.550000 0.000000
-20.500000 0.000000
-20.450000 0.000000
-20.400000 0.000000
-20.350000 -0.000000
-20.300000 -0.000000
-20.250000 -0.000000
-20.200000 -0.000000
-20.150000 -0.000000
-20.100000 -0.000000
-20.050000 0.000000
-20.000000 0.000000
-19.950000 0.000000
-19.900000 0.000000
-19.850000 0.000000
-19.800000 -0.000000
-19.750000 -0.000000
-19.700000 -0.000000
-19.650000 -0.000000
-19.600000 -0.000000
-19.550000 0.000000
-19.500000 0.000000
-19.450000 0.000000
-19.400000 0.000000
-19.350000 0.000000
-19.300000 0.000000
-19.250000 -0.000000
-19.200000 -0.000000
-19.150000 -0.000000
-19.100000 -0.000000
-19.050000 -0.000000
-19.000000 0.000000
-18.950000 0.000000
-18.900000 0.000000
-18.850000 0.000000
-18.800000 0.000000
-18.750000 0.000000
-18.700000 -0.000000
-18.650000 -0.000000
-18.600000 -0.000000
-18.550000 -0.000000
-18.500000 -0.000000
-18.450000 -0.000000
-18.400000 0.000000
-18.350000 0.000000
-18.300000 0.000000
-18.250000 0.000000
-18.200000 0.000000
-18.150000 -0.000000
-18.100000 -0.000000
-18.050000 -0.000000
-18.000000 -0.000000
-17.950000 -0.000000
-17.900000 -0.000000
-17.850000 0.000000
-17.800000 0.000000
-17.750000 0.000000
-17.700000 0.000000
-17.650000 0.000000
-17.600000 0.000000
-17.550000 -0.000000
-17.500000 -0.000000
-17.450000 -0.000000
-17.400000 -0.000000
-17.350000 -0.000000
-17.300000 -0.000000
-17.250000 0.000000
-17.200000 0.000000
-17.150000 0.000000
-17.100000 0.000000
-17.050000 0.000000
-17.000000 -0.000000
-16.950000 -0.000000
-16.900000 -0.000000
-16.850000 -0.000000
-16.800000 -0.000000
-16.750000 -0.000000
-16.700000 0.000000
-16.650000 0.000000
-16.600000 0.000000
-16.550000 0.000000
-16.500000 0.000000
-16.450000 0.000000
-16.400000 -0.000000
-16.350000 -0.000000
-16.300000 -0.000000
-16.250000 -0.000000
-16.200000 -0.000000
-16.150000 -0.000000
-16.100000 0.000000
-16.050000 0.000000
-16.000000 0.000000
-15.950000 0.000000
-15.900000 0.000000
-15.850000 0.000000
-15.800000 -0.000000
-15.750000 -0.000000
-15.700000 -0.000000
-15.650000 -0.000000
-15.600000 -0.000000
-15.550000 -0.000000
-15.500000 -0.000000
-15.450000 0.000000
-15.400000 0.000000
-15.350000 0.000001
-15.300000 0.000000
-15.250000 0.000000
-15.200000 0.000000
-15.150000 -0.000000
-15.100000 -0.000000
-15.050000 -0.000001
-15.000000 -0.000001
-14.950000 -0.000000
-14.900000 -0.000000
-14.850000 0.000000
-14.800000 0.000000
-14.750000 0.000001
-14.700000 0.000001
-14.650000 0.000001
-14.600000 0.000000
-14.550000 0.000000
-14.500000 -0.000000
-14.450000 -0.000001
-14.400000 -0.000001
-14.350000 -0.000001
-14.300000 -0.000001
-14.250000 -0.000000
-14.200000 0.000000
-14.150000 0.000001
-14.100000 0.000001
-14.050000 0.000001
-14.000000 0.000001
-13.950000 0.000001
-13.900000 0.000000
-13.850000 -0.000000
-13.800000 -0.000001
-13.750000 -0.000001
-13.700000 -0.000001
-13.650000 -0.000001
-13.600000 -0.000001
-13.550000 0.000000
-13.500000 0.000001
-13.450000 0.000001
-13.400000 0.000002
-13.350000 0.000002
-13.300000 0.000001
-13.250000 0.000000
-13.200000 -0.000000
-13.150000 -0.000001
-13.100000 -0.000002
-13.050000 -0.000002
-13.000000 -0.000002
-12.950000 -0.000001
-12.900000 -0.000000
-12.850000 0.000001
-12.800000 0.000002
-12.750000 0.000002
-12.700000 0.000003
-12.650000 0.000002
-12.600000 0.000002
-12.550000 0.000000
-12.500000 -0.000001
-12.450000 -0.000002
-12.400000 -0.000003
-12.350000 -0.000003
-12.300000 -0.000003
-12.250000 -0.000002
-12.200000 -0.000001
-12.150000 0.000001
-12.100000 0.000002
-12.050000 0.000004
-12.000000 0.000004
-11.950000 0.000004
-11.900000 0.000003
-11.850000 0.000001
-11.800000 -0.000001
-11.750000 -0.000003
-11.700000 -0.000004
-11.650000 -0.000005
-11.600000 -0.000005
-11.550000 -0.000004
-11.500000 -0.000002
-11.450000 0.000000
-11.400000 0.000003
-11.350000 0.000005
-11.300000 0.000006
-11.250000 0.000006
-11.200000 0.000005
-11.150000 0.000004
-11.100000 0.000001
-11.050000 -0.000002
-11.000000 -0.000005
-10.950000 -0.000007
-10.900000 -0.000008
-10.850000 -0.000008
-10.800000 -0.000006
-10.750000 -0.000003
-10.700000 0.000001
-10.650000 0.000004
-10.600000 0.000008
-10.550000 0.000010
-10.500000 0.000011
-10.450000 0.000009
-10.400000 0.000007
-10.350000 0.000003
-10.300000 -0.000002
-10.250000 -0.000007
-10.200000 -0.000011
-10.150000 -0.000013
-10.100000 -0.000014
-10.050000 -0.000012
-10.000000 -0.000008
-9.950000 -0.000002
-9.900000 0.000004
-9.850000 0.000010
-9.800000 0.000015
-9.750000 0.000017
-9.700000 0.000018
-9.650000 0.000015
-9.600000 0.000010
-9.550000 0.000003
-9.500000 -0.000005
-9.450000 -0.000012
-9.400000 -0.000019
-9.350000 -0.000023
-9.300000 -0.000024
-9.250000 -0.000021
-9.200000 -0.000015
-9.150000 -0.000007
-9.100000 0.000003
-9.050000 0.000014
-9.000000 0.000023
-8.950000 0.000029
-8.900000 0.000032
-8.850000 0.000030
-8.800000 0.000024
-8.750000 0.000014
-8.700000 0.000001
-8.650000 -0.000013
-8.600000 -0.000026
-8.550000 -0.000036
-8.500000 -0.000043
-8.450000 -0.000044
-8.400000 -0.000039
-8.350000 -0.000029
-8.300000 -0.000014
-8.250000 0.000004
-8.200000 0.000022
-8.150000 0.000039
-8.100000 0.000051
-8.050000 0.000058
-8.000000 0.000057
-7.950000 0.000049
-7.900000 0.000034
-7.850000 0.000014
-7.800000 -0.000011
-7.750000 -0.000036
-7.700000 -0.000058
-7.650000 -0.000076
-7.600000 -0.000086
-7.550000 -0.000087
-7.500000 -0.000078
-7.450000 -0.000059
-7.400000 -0.000032
-7.350000 -0.000000
-7.300000 0.000033
-7.250000 0.000065
-7.200000 0.000091
-7.150000 0.000107
-7.100000 0.000112
-7.050000 0.000103
-7.000000 0.000081
-6.950000 0.000047
-6.900000 0.000004
-6.850000 -0.000045
-6.800000 -0.000094
-6.750000 -0.000139
-6.700000 -0.000174
-6.650000 -0.000195
-6.600000 -0.000200
-6.550000 -0.000187
-6.500000 -0.000156
-6.450000 -0.000110
-6.400000 -0.000052
-6.350000 0.000013
-6.300000 0.000077
-6.250000 0.000134
-6.200000 0.000178
-6.150000 0.000203
-6.100000 0.000203
-6.050000 0.000178
-6.000000 0.000127
-5.950000 0.000052
-5.900000 -0.000043
-5.850000 -0.000151
-5.800000 -0.000265
-5.750000 -0.000374
-5.700000 -0.000471
-5.650000 -0.000547
-5.600000 -0.000595
-5.550000 -0.000610
-5.500000 -0.000590
-5.450000 -0.000537
-5.400000 -0.000453
-5.350000 -0.000345
-5.300000 -0.000225
-5.250000 -0.000102
-5.200000 0.000010
-5.150000 0.000099
-5.100000 0.000151
-5.050000 0.000157
-5.000000 0.000107
-4.950000 -0.000002
-4.900000 -0.000173
-4.850000 -0.000402
-4.800000 -0.000683
-4.750000 -0.001006
-4.700000 -0.001356
-4.650000 -0.001719
-4.600000 -0.002077
-4.550000 -0.002413
-4.500000 -0.002712
-4.450000 -0.002961
-4.400000 -0.003151
-4.350000 -0.003276
-4.300000 -0.003336
-4.250000 -0.003337
-4.200000 -0.003292
-4.150000 -0.003218
-4.100000 -0.003135
-4.050000 -0.003072
-4.000000 -0.003057
-3.950000 -0.003122
-3.900000 -0.003297
-3.850000 -0.003614
-3.800000 -0.004099
-3.750000 -0.004775
-3.700000 -0.005662
-3.650000 -0.006771
-3.600000 -0.008107
-3.550000 -0.009670
-3.500000 -0.011450
-3.450000 -0.013434
-3.400000 -0.015601
-3.350000 -0.017929
-3.300000 -0.020389
-3.250000 -0.022957
-3.200000 -0.025604
-3.150000 -0.028311
-3.100000 -0.031058
-3.050000 -0.033837
-3.000000 -0.036648
-2.950000 -0.039503
-2.900000 -0.042424
-2.850000 -0.045451
-2.800000 -0.048636
-2.750000 -0.052047
-2.700000 -0.055768
-2.650000 -0.059897
-2.600000 -0.064546
-2.550000 -0.069843
-2.500000 -0.075927
-2.450000 -0.082946
-2.400000 -0.091060
-2.350000 -0.100434
-2.300000 -0.111240
-2.250000 -0.123650
-2.200000 -0.137839
-2.150000 -0.153978
-2.100000 -0.172235
-2.050000 -0.192770
-2.000000 -0.215736
-1.950000 -0.241269
-1.900000 -0.269494
-1.850000 -0.300515
-1.800000 -0.334418
-1.750000 -0.371261
-1.700000 -0.411076
-1.650000 -0.453866
-1.600000 -0.499597
-1.550000 -0.548200
-1.500000 -0.599563
-1.450000 -0.653535
-1.400000 -0.709917
-1.350000 -0.768467
-1.300000 -0.828897
-1.250000 -0.890874
-1.200000 -0.954024
-1.150000 -1.017936
-1.100000 -1.082172
-1.050000 -1.146270
-1.000000 -1.209761
-0.950000 -1.272182
-0.900000 -1.333088
-0.850000 -1.392074
-0.800000 -1.448793
-0.750000 -1.502972
-0.700000 -1.554440
-0.650000 -1.603142
-0.600000 -1.649160
-0.550000 -1.692728
-0.500000 -1.734250
-0.450000 -1.774310
-0.400000 -1.813681
-0.350000 -1.853326
-0.300000 -1.894404
-0.250000 -1.938260
-0.200000 -1.986418
-0.150000 -2.040566
-0.100000 -2.102529
-0.050000 -2.174241
0.000000 -2.257701
0.050000 -2.354912
0.100000 -2.467810
0.150000 -2.598166
0.200000 -2.747464
0.250000 -2.916757
0.300000 -3.106492
0.350000 -3.316314
0.400000 -3.544863
0.450000 -3.789568
0.500000 -4.046478
0.550000 -4.310155
0.600000 -4.573669
0.650000 -4.828734
0.700000 -5.066019
0.750000 -5.275635
0.800000 -5.447788
0.850000 -5.573542
0.900000 -5.645597
0.950000 -5.658990
1.000000 -5.611588
1.050000 -5.504307
1.100000 -5.341017
1.150000 -5.128136
1.200000 -4.874005
1.250000 -4.588126
1.300000 -4.280386
1.350000 -3.960366
1.400000 -3.636789
1.450000 -3.317151
1.500000 -3.007533
1.550000 -2.712555
1.600000 -2.435462
1.650000 -2.178272
1.700000 -1.941975
1.750000 -1.726736
1.800000 -1.532099
1.850000 -1.357159
1.900000 -1.200715
1.950000 -1.061393
2.000000 -0.937736
2.050000 -0.828278
2.100000 -0.731591
2.150000 -0.646319
2.200000 -0.571201
2.250000 -0.505075
2.300000 -0.446890
2.350000 -0.395696
2.400000 -0.350650
2.450000 -0.310998
2.500000 -0.276079
2.550000 -0.245305
2.600000 -0.218166
2.650000 -0.194210
2.700000 -0.173045
2.750000 -0.154327
2.800000 -0.137756
2.850000 -0.123070
2.900000 -0.110042
2.950000 -0.098472
3.000000 -0.088185
3.050000 -0.079031
3.100000 -0.070876
3.150000 -0.063604
3.200000 -0.057113
3.250000 -0.051314
3.300000 -0.046129
3.350000 -0.041489
3.400000 -0.037334
3.450000 -0.033609
3.500000 -0.030269
3.550000 -0.027271
3.600000 -0.024579
3.650000 -0.022159
3.700000 -0.019984
3.750000 -0.018028
3.800000 -0.016267
3.850000 -0.014681
3.900000 -0.013254
3.950000 -0.011967
4.000000 -0.010807
4.050000 -0.009761
4.100000 -0.008818
4.150000 -0.007967
4.200000 -0.007200
4.250000 -0.006506
4.300000 -0.005881
4.350000 -0.005316
4.400000 -0.004805
4.450000 -0.004345
4.500000 -0.003928
4.550000 -0.003552
4.600000 -0.003212
4.650000 -0.002904
4.700000 -0.002627
4.750000 -0.002376
4.800000 -0.002149
4.850000 -0.001943
4.900000 -0.001758
4.950000 -0.001590
5.000000 -0.001438
5.050000 -0.001301
5.100000 -0.001177
5.150000 -0.001065
5.200000 -0.000963
5.250000 -0.000871
5.300000 -0.000788
5.350000 -0.000713
5.400000 -0.000645
5.450000 -0.000584
5.500000 -0.000528
5.550000 -0.000478
5.600000 -0.000432
5.650000 -0.000391
5.700000 -0.000354
5.750000 -0.000320
5.800000 -0.000290
5.850000 -0.000262
5.900000 -0.000237
5.950000 -0.000215
6.000000 -0.000194
6.050000 -0.000176
6.100000 -0.000159
6.150000 -0.000144
6.200000 -0.000130
6.250000 -0.000118
6.300000 -0.000107
6.350000 -0.000096
6.400000 -0.000087
6.450000 -0.000079
6.500000 -0.000071
6.550000 -0.000065
6.600000 -0.000058
6.650000 -0.000053
6.700000 -0.000048
6.750000 -0.000043
6.800000 -0.000039
6.850000 -0.000035
6.900000 -0.000032
6.950000 -0.000029
7.000000 -0.000026
7.050000 -0.000024
7.100000 -0.000022
7.150000 -0.000019
7.200000 -0.000018
7.250000 -0.000016
7.300000 -0.000014
7.350000 -0.000013
7.400000 -0.000012
7.450000 -0.000011
7.500000 -0.000010
7.550000 -0.000009
7.600000 -0.000008
7.650000 -0.000007
7.700000 -0.000006
7.750000 -0.000006
7.800000 -0.000005
7.850000 -0.000005
7.900000 -0.000004
7.950000 -0.000004
8.000000 -0.000004
8.050000 -0.000003
8.100000 -0.000003
8.150000 -0.000003
8.200000 -0.000002
8.250000 -0.000002
8.300000 -0.000002
8.350000 -0.000002
8.400000 -0.000002
8.450000 -0.000001
8.500000 -0.000001
8.550000 -0.000001
8.600000 -0.000001
8.650000 -0.000001
8.700000 -0.000001
8.750000 -0.000001
8.800000 -0.000001
8.850000 -0.000001
8.900000 -0.000001
8.950000 -0.000001
9.000000 -0.000000
9.050000 -0.000000
9.100000 -0.000000
9.150000 -0.000000
9.200000 -0.000000
9.250000 -0.000000
9.300000 -0.000000
9.350000 -0.000000
9.400000 -0.000000
9.450000 -0.000000
9.500000 -0.000000
9.550000 -0.000000
9.600000 -0.000000
9.650000 -0.000000
9.700000 -0.000000
9.750000 -0.000000
9.800000 -0.000000
9.850000 -0.000000
9.900000 -0.000000
9.950000 -0.000000
10.000000 -0.000000
10.050000 -0.000000
10.100000 -0.000000
10.150000 -0.000000
10.200000 -0.000000
10.250000 -0.000000
10.300000 -0.000000
10.350000 -0.000000
10.400000 -0.000000
10.450000 -0.000000
10.500000 -0.000000
10.550000 -0.000000
10.600000 -0.000000
10.650000 -0.000000
10.700000 -0.000000
10.750000 -0.000000
10.800000 -0.000000
10.850000 -0.000000
10.900000 -0.000000
10.950000 -0.000000
11.000000 -0.000000
11.050000 -0.000000
11.100000 -0.000000
11.150000 -0.000000
11.200000 -0.000000
11.250000 -0.000000
11.300000 -0.000000
11.350000 -0.000000
11.400000 -0.000000
11.450000 -0.000000
11.500000 -0.000000
11.550000 -0.000000
11.600000 -0.000000
11.650000 -0.000000
11.700000 -0.000000
11.750000 -0.000000
11.800000 -0.000000
11.850000 -0.000000
11.900000 -0.000000
11.950000 -0.000000
12.000000 -0.000000
12.050000 -0.000000
12.100000 -0.000000
12.150000 -0.000000
12.200000 -0.000000
12.250000 -0.000000
12.300000 0.000000
12.350000 0.000000
12.400000 -0.000000
12.450000 -0.000000
12.500000 -0.000000
12.550000 -0.000000
12.600000 -0.000000
12.650000 -0.000000
12.700000 -0.000000
12.750000 -0.000000
12.800000 -0.000000
12.850000 -0.000000
12.900000 0.000000
12.950000 0.000000
13.000000 0.000000
13.050000 0.000000
13.100000 0.000000
13.150000 -0.000000
13.200000 -0.000000
13.250000 -0.000000
13.300000 -0.000000
13.350000 -0.000000
13.400000 -0.000000
13.450000 -0.000000
13.500000 -0.000000
13.550000 0.000000
13.600000 0.000000
13.650000 0.000000
13.700000 0.000000
13.750000 0.000000
13.800000 0.000000
13.850000 -0.000000
13.900000 -0.000000
13.950000 -0.000000
14.000000 -0.000000
14.050000 -0.000000
14.100000 -0.000000
14.150000 -0.000000
14.200000 0.000000
14.250000 0.000000
14.300000 0.000000
14.350000 0.000000
14.400000 0.000000
14.450000 0.000000
14.500000 -0.000000
14.550000 -0.000000
14.600000 -0.000000
14.650000 -0.000000
14.700000 -0.000000
14.750000 -0.000000
14.800000 -0.000000
14.850000 0.000000
14.900000 0.000000
14.950000 0.000000
15.000000 0.000000
15.050000 0.000000
15.100000 0.000000
15.150000 -0.000000
15.200000 -0.000000
15.250000 -0.000000
15.300000 -0.000000
15.350000 -0.000000
15.400000 -0.000000
15.450000 0.000000
15.500000 0.000000
15.550000 0.000000
15.600000 0.000000
15.650000 0.000000
15.700000 0.000000
15.750000 0.000000
15.800000 -0.000000
15.850000 -0.000000
15.900000 -0.000000
15.950000 -0.000000
16.000000 -0.000000
16.050000 -0.000000
16.100000 0.000000
16.150000 0.000000
16.200000 0.000000
16.250000 0.000000
16.300000 0.000000
16.350000 0.000000
16.400000 -0.000000
16.450000 -0.000000
16.500000 -0.000000
16.550000 -0.000000
16.600000 -0.000000
16.650000 -0.000000
16.700000 0.000000
16.750000 0.000000
16.800000 0.000000
16.850000 0.000000
16.900000 0.000000
16.950000 0.000000
17.000000 -0.000000
17.050000 -0.000000
17.100000 -0.000000
17.150000 -0.000000
17.200000 -0.000000
17.250000 -0.000000
17.300000 0.000000
17.350000 0.000000
17.400000 0.000000
17.450000 0.000000
17.500000 0.000000
17.550000 0.000000
17.600000 -0.000000
17.650000 -0.000000
17.700000 -0.000000
17.750000 -0.000000
17.800000 -0.000000
17.850000 0.000000
17.900000 0.000000
17.950000 0.000000
18.000000 0.000000
18.050000 0.000000
18.100000 0.000000
18.150000 -0.000000
18.200000 -0.000000
18.250000 -0.000000
18.300000 -0.000000
18.350000 -0.000000
18.400000 -0.000000
18.450000 0.000000
18.500000 0.000000
18.550000 0.000000
18.600000 0.000000
18.650000 0.000000
18.700000 -0.000000
18.750000 -0.000000
18.800000 -0.000000
18.850000 -0.000000
18.900000 -0.000000
18.950000 -0.000000
19.000000 0.000000
19.050000 0.000000
19.100000 0.000000
19.150000 0.000000
19.200000 0.000000
19.250000 -0.000000
19.300000 -0.000000
19.350000 -0.000000
19.400000 -0.000000
19.450000 -0.000000
19.500000 -0.000000
19.550000 0.000000
19.600000 0.000000
19.650000 0.000000
19.700000 0.000000
19.750000 0.000000
19.800000 -0.000000
19.850000 -0.000000
19.900000 -0.000000
19.950000 -0.000000
20.000000 -0.000000
20.050000 -0.000000
20.100000 0.000000
20.150000 0.000000
20.200000 0.000000
20.250000 0.000000
20.300000 0.000000
20.350000 -0.000000
20.400000 -0.000000
20.450000 -0.000000
20.500000 -0.000000
20.550000 -0.000000
20.600000 0.000000
20.650000 0.000000
20.700000 0.000000
20.750000 0.000000
20.800000 0.000000
20.850000 0.000000
20.900000 -0.000000
20.950000 -0.000000
21.000000 -0.000000
21.050000 -0.000000
21.100000 -0.000000
21.150000 0.000000
21.200000 0.000000
21.250000 0.000000
21.300000 0.000000
21.350000 0.000000
21.400000 -0.000000
21.450000 -0.000000
21.500000 -0.000000
21.550000 -0.000000
21.600000 -0.000000
21.650000 0.000000
21.700000 0.000000
21.750000 0.000000
21.800000 0.000000
21.850000 0.000000
21.900000 -0.000000
21.950000 -0.000000
22.000000 -0.000000
22.050000 -0.000000
22.100000 -0.000000
22.150000 0.000000
22.200000 0.000000
22.250000 0.000000
22.300000 0.000000
22.350000 0.000000
22.400000 -0.000000
22.450000 -0.000000
22.500000 -0.000000
22.550000 -0.000000
22.600000 -0.000000
22.650000 0.000000
22.700000 0.000000
22.750000 0.000000
22.800000 0.000000
22.850000 0.000000
22.900000 -0.000000
22.950000 -0.000000
23.000000 -0.000000
23.050000 -0.000000
23.100000 -0.000000
23.150000 0.000000
23.200000 0.000000
23.250000 0.000000
23.300000 0.000000
23.350000 0.000000
23.400000 -0.000000
23.450000 -0.000000
23.500000 -0.000000
23.550000 -0.000000
23.600000 -0.000000
23.650000 0.000000
23.700000 0.000000
23.750000 0.000000
23.800000 0.000000
23.850000 0.000000
23.900000 -0.000000
23.950000 -0.000000
24.000000 -0.000000
24.050000 -0.000000
24.100000 -0.000000
24.150000 0.000000
24.200000 0.000000
24.250000 0.000000
24.300000 0.000000
24.350000 -0.000000
24.400000 -0.000000
24.450000 -0.000000
24.500000 -0.000000
24.550000 -0.000000
24.600000 0.000000
24.650000 0.000000
24.700000 0.000000
24.750000 0.000000
24.800000 0.000000
24.850000 -0.000000
24.900000 -0.000000
24.950000 -0.000000
25.000000 -0.000000
25.050000 -0.000000
25.100000 0.000000
25.150000 0.000000
25.200000 0.000000
25.250000 0.000000
25.300000 -0.000000
25.350000 -0.000000
25.400000 -0.000000
25.450000 -0.000000
25.500000 -0.000000
25.550000 0.000000
25.600000 0.000000
25.650000 0.000000
25.700000 0.000000
25.750000 0.000000
25.800000 -0.000000
25.850000 -0.000000
25.900000 -0.000000
25.950000 -0.000000
26.000000 0.000000
26.050000 0.000000
26.100000 0.000000
26.150000 0.000000
26.200000 0.000000
26.250000 -0.000000
26.300000 -0.000000
26.350000 -0.000000
26.400000 -0.000000
26.450000 0.000000
26.500000 0.000000
26.550000 0.000000
26.600000 0.000000
26.650000 0.000000
26.700000 -0.000000
26.750000 -0.000000
26.800000 -0.000000
26.850000 -0.000000
26.900000 0.000000
26.950000 0.000000
27.000000 0.000000
27.050000 0.000000
27.100000 0.000000
27.150000 -0.000000
27.200000 -0.000000
27.250000 -0.000000
27.300000 -0.000000
27.350000 0.000000
27.400000 0.000000
27.450000 0.000000
27.500000 0.000000
27.550000 0.000000
27.600000 -0.000000
27.650000 -0.000000
27.700000 -0.000000
27.750000 -0.000000
27.800000 0.000000
27.850000 0.000000
27.900000 0.000000
27.950000 0.000000
28.000000 0.000000
28.050000 -0.000000
28.100000 -0.000000
28.150000 -0.000000
28.200000 -0.000000
28.250000 0.000000
28.300000 0.000000
28.350000 0.000000
28.400000 0.000000
28.450000 -0.000000
28.500000 -0.000000
28.550000 -0.000000
28.600000 -0.000000
28.650000 -0.000000
28.700000 0.000000
28.750000 0.000000
28.800000 0.000000
28.850000 0.000000
28.900000 -0.000000
28.950000 -0.000000
29.000000 -0.000000
29.050000 -0.000000
29.100000 0.000000
29.150000 0.000000
29.200000 0.000000
29.250000 0.000000
29.300000 -0.000000
29.350000 -0.000000
29.400000 -0.000000
29.450000 -0.000000
29.500000 -0.000000
29.550000 0.000000
29.600000 0.000000
29.650000 0.000000
29.700000 0.000000
29.750000 -0.000000
29.800000 -0.000000
29.850000 -0.000000
29.900000 -0.000000
29.950000 0.000000
30.000000 0.000000
30.050000 0.000000
30.100000 0.000000
30.150000 -0.000000
30.200000 -0.000000
30.250000 -0.000000
30.300000 -0.000000
30.350000 0.000000
30.400000 0.000000
30.450000 0.000000
30.500000 0.000000
30.550000 0.000000
30.600000 -0.000000
30.650000 -0.000000
30.700000 -0.000000
30.750000 -0.000000
30.800000 0.000000
30.850000 0.000000
30.900000 0.000000
30.950000 0.000000
31.000000 -0.000000
31.050000 -0.000000
31.100000 -0.000000
31.150000 -0.000000
31.200000 0.000000
31.250000 0.000000
31.300000 0.000000
31.350000 0.000000
31.400000 -0.000000
31.450000 -0.000000
31.500000 -0.000000
31.550000 -0.000000
31.600000 0.000000
31.650000 0.000000
31.700000 0.000000
31.750000 0.000000
31.800000 -0.000000
31.850000 -0.000000
31.900000 -0.000000
31.950000 -0.000000
32.000000 0.000000
32.050000 0.000000
32.100000 0.000000
32.150000 0.000000
32.200000 -0.000000
32.250000 -0.000000
32.300000 -0.000000
32.350000 -0.000000
32.400000 0.000000
32.450000 0.000000
32.500000 0.000000
32.550000 0.000000
32.600000 -0.000000
32.650000 -0.000000
32.700000 -0.000000
32.750000 -0.000000
32.800000 0.000000
32.850000 0.000000
32.900000 0.000000
32.950000 0.000000
33.000000 -0.000000
33.050000 -0.000000
33.100000 -0.000000
33.150000 -0.000000
33.200000 0.000000
33.250000 0.000000
33.300000 0.000000
33.350000 0.000000
33.400000 -0.000000
33.450000 -0.000000
33.500000 -0.000000
33.550000 -0.000000
33.600000 0.000000
33.650000 0.000000
33.700000 0.000000
33.750000 0.000000
33.800000 -0.000000
33.850000 -0.000000
33.900000 -0.000000
33.950000 0.000000
34.000000 0.000000
34.050000 0.000000
34.100000 0.000000
34.150000 -0.000000
34.200000 -0.000000
34.250000 -0.000000
34.300000 -0.000000
34.350000 0.000000
34.400000 0.000000
34.450000 0.000000
34.500000 0.000000
34.550000 -0.000000
34.600000 -0.000000
34.650000 -0.000000
34.700000 -0.000000
34.750000 0.000000
34.800000 0.000000
34.850000 0.000000
34.900000 -0.000000
34.950000 -0.000000
35.000000 -0.000000
35.050000 -0.000000
35.100000 0.000000
35.150000 0.000000
35.200000 0.000000
35.250000 0.000000
35.300000 -0.000000
35.350000 -0.000000
35.400000 -0.000000
35.450000 -0.000000
35.500000 0.000000
35.550000 0.000000
35.600000 0.000000
35.650000 0.000000
35.700000 -0.000000
35.750000 -0.000000
35.800000 -0.000000
35.850000 0.000000
35.900000 0.000000
35.950000 0.000000
36.000000 0.000000
36.050000 -0.000000
36.100000 -0.000000
36.150000 -0.000000
36.200000 -0.000000
36.250000 0.000000
36.300000 0.000000
36.350000 0.000000
36.400000 -0.000000
36.450000 -0.000000
36.500000 -0.000000
36.550000 -0.000000
36.600000 0.000000
36.650000 0.000000
36.700000 0.000000
36.750000 0.000000
36.800000 -0.000000
36.850000 -0.000000
36.900000 -0.000000
36.950000 0.000000
37.000000 0.000000
37.050000 0.000000
37.100000 0.000000
37.150000 -0.000000
37.200000 -0.000000
37.250000 -0.000000
37.300000 -0.000000
37.350000 0.000000
37.400000 0.000000
37.450000 0.000000
37.500000 -0.000000
37.550000 -0.000000
37.600000 -0.000000
37.650000 -0.000000
37.700000 0.000000
37.750000 0.000000
37.800000 0.000000
37.850000 -0.000000
37.900000 -0.000000
37.950000 -0.000000
38.000000 -0.000000
38.050000 0.000000
38.100000 0.000000
38.150000 0.000000
38.200000 -0.000000
38.250000 -0.000000
38.300000 -0.000000
38.350000 -0.000000
38.400000 0.000000
38.450000 0.000000
38.500000 0.000000
38.550000 0.000000
38.600000 -0.000000
38.650000 -0.000000
38.700000 -0.000000
38.750000 0.000000
38.800000 0.000000
38.850000 0.000000
38.900000 0.000000
38.950000 -0.000000
39.000000 -0.000000
39.050000 -0.000000
39.100000 0.000000
39.150000 0.000000
39.200000 0.000000
39.250000 -0.000000
39.300000 -0.000000
39.350000 -0.000000
39.400000 -0.000000
39.450000 0.000000
39.500000 0.000000
39.550000 0.000000
39.600000 -0.000000
39.650000 -0.000000
39.700000 -0.000000
39.750000 -0.000000
39.800000 0.000000
39.850000 0.000000
39.900000 0.000000
39.950000 -0.000000
40.000000 -0.000000
40.050000 -0.000000
40.100000 -0.000000
40.150000 0.000000
40.200000 0.000000
40.250000 0.000000
40.300000 -0.000000
40.350000 -0.000000
40.400000 -0.000000
40.450000 -0.000000
40.500000 0.000000
40.550000 0.000000
40.600000 0.000000
40.650000 -0.000000
40.700000 -0.000000
40.750000 -0.000000
40.800000 0.000000
40.850000 0.000000
40.900000 0.000000
40.950000 0.000000
41.000000 -0.000000
41.050000 -0.000000
41.100000 -0.000000
41.150000 0.000000
41.200000 0.000000
41.250000 0.000000
41.300000 -0.000000
41.350000 -0.000000
41.400000 -0.000000
41.450000 -0.000000
41.500000 0.000000
41.550000 0.000000
41.600000 0.000000
41.650000 -0.000000
41.700000 -0.000000
41.750000 -0.000000
41.800000 0.000000
41.850000 0.000000
41.900000 0.000000
41.950000 0.000000
42.000000 -0.000000
42.050000 -0.000000
42.100000 -0.000000
42.150000 0.000000
42.200000 0.000000
42.250000 0.000000
42.300000 -0.000000
42.350000 -0.000000
42.400000 -0.000000
42.450000 -0.000000
42.500000 0.000000
42.550000 0.000000
42.600000 0.000000
42.650000 -0.000000
42.700000 -0.000000
42.750000 -0.000000
42.800000 0.000000
42.850000 0.000000
42.900000 0.000000
42.950000 0.000000
43.000000 -0.000000
43.050000 -0.000000
43.100000 -0.000000
43.150000 0.000000
43.200000 0.000000
43.250000 0.000000
43.300000 -0.000000
43.350000 -0.000000
43.400000 -0.000000
43.450000 -0.000000
43.500000 0.000000
43.550000 0.000000
43.600000 0.000000
43.650000 -0.000000
43.700000 -0.000000
43.750000 -0.000000
43.800000 0.000000
43.850000 0.000000
43.900000 0.000000
43.950000 -0.000000
44.000000 -0.000000
44.050000 -0.000000
44.100000 0.000000
44.150000 0.000000
44.200000 0.000000
44.250000 -0.000000
44.300000 -0.000000
44.350000 -0.000000
44.400000 -0.000000
44.450000 0.000000
44.500000 0.000000
44.550000 0.000000
44.600000 -0.000000
44.650000 -0.000000
44.700000 -0.000000
44.750000 0.000000
44.800000 0.000000
44.850000 -0.000000
44.900000 -0.000000
44.950000 -0.000000
