-30.000000 -0.000014
-29.950000 -0.000011
-29.900000 -0.000022
-29.850000 -0.000015
-29.800000 -0.000021
-29.750000 -0.000011
-29.700000 -0.000012
-29.650000 0.000001
-29.600000 0.000001
-29.550000 0.000013
-29.500000 0.000011
-29.450000 0.000021
-29.400000 0.000014
-29.350000 0.000018
-29.300000 0.000008
-29.250000 0.000008
-29.200000 -0.000005
-29.150000 -0.000006
-29.100000 -0.000017
-29.050000 -0.000015
-29.000000 -0.000022
-28.950000 -0.000016
-28.900000 -0.000017
-28.850000 -0.000006
-28.800000 -0.000005
-28.750000 0.000008
-28.700000 0.000010
-28.650000 0.000020
-28.600000 0.000018
-28.550000 0.000024
-28.500000 0.000017
-28.450000 0.000016
-28.400000 0.000005
-28.350000 0.000001
-28.300000 -0.000011
-28.250000 -0.000014
-28.200000 -0.000023
-28.150000 -0.000022
-28.100000 -0.000024
-28.050000 -0.000017
-28.000000 -0.000014
-27.950000 -0.000003
-27.900000 0.000003
-27.850000 0.000014
-27.800000 0.000018
-27.750000 0.000026
-27.700000 0.000024
-27.650000 0.000025
-27.600000 0.000018
-27.550000 0.000013
-27.500000 0.000002
-27.450000 -0.000006
-27.400000 -0.000017
-27.350000 -0.000022
-27.300000 -0.000028
-27.250000 -0.000027
-27.200000 -0.000026
-27.150000 -0.000019
-27.100000 -0.000012
-27.050000 -0.000001
-27.000000 0.000009
-26.950000 0.000019
-26.900000 0.000026
-26.850000 0.000031
-26.800000 0.000031
-26.750000 0.000028
-26.700000 0.000021
-26.650000 0.000011
-26.600000 0.000000
-26.550000 -0.000011
-26.500000 -0.000021
-26.450000 -0.000029
-26.400000 -0.000033
-26.350000 -0.000034
-26.300000 -0.000030
-26.250000 -0.000023
-26.200000 -0.000012
-26.150000 -0.000000
-26.100000 0.000013
-26.050000 0.000023
-26.000000 0.000033
-25.950000 0.000036
-25.900000 0.000038
-25.850000 0.000033
-25.800000 0.000026
-25.750000 0.000013
-25.700000 0.000002
-25.650000 -0.000014
-25.600000 -0.000024
-25.550000 -0.000036
-25.500000 -0.000039
-25.450000 -0.000043
-25.400000 -0.000037
-25.350000 -0.000031
-25.300000 -0.000016
-25.250000 -0.000005
-25.200000 0.000013
-25.150000 0.000024
-25.100000 0.000039
-25.050000 0.000043
-25.000000 0.000048
-24.950000 0.000042
-24.900000 0.000037
-24.850000 0.000021
-24.800000 0.000009
-24.750000 -0.000011
-24.700000 -0.000023
-24.650000 -0.000040
-24.600000 -0.000045
-24.550000 -0.000054
-24.500000 -0.000048
-24.450000 -0.000045
-24.400000 -0.000028
-24.350000 -0.000016
-24.300000 0.000006
-24.250000 0.000019
-24.200000 0.000040
-24.150000 0.000047
-24.100000 0.000059
-24.050000 0.000054
-24.000000 0.000054
-23.950000 0.000037
-23.900000 0.000026
-23.850000 0.000001
-23.800000 -0.000013
-23.750000 -0.000037
-23.700000 -0.000047
-23.650000 -0.000063
-23.600000 -0.000061
-23.550000 -0.000064
-23.500000 -0.000048
-23.450000 -0.000039
-23.400000 -0.000013
-23.350000 0.000002
-23.300000 0.000031
-23.250000 0.000043
-23.200000 0.000065
-23.150000 0.000066
-23.100000 0.000074
-23.050000 0.000061
-23.000000 0.000055
-22.950000 0.000029
-22.900000 0.000013
-22.850000 -0.000019
-22.800000 -0.000035
-22.750000 -0.000062
-22.700000 -0.000069
-22.650000 -0.000083
-22.600000 -0.000074
-22.550000 -0.000072
-22.500000 -0.000048
-22.450000 -0.000033
-22.400000 0.000001
-22.350000 0.000020
-22.300000 0.000053
-22.250000 0.000066
-22.200000 0.000088
-22.150000 0.000086
-22.100000 0.000090
-22.050000 0.000070
-22.000000 0.000058
-21.950000 0.000024
-21.900000 0.000003
-21.850000 -0.000035
-21.800000 -0.000054
-21.750000 -0.000084
-21.700000 -0.000091
-21.650000 -0.000105
-21.600000 -0.000092
-21.550000 -0.000086
-21.500000 -0.000056
-21.450000 -0.000035
-21.400000 0.000006
-21.350000 0.000031
-21.300000 0.000070
-21.250000 0.000086
-21.200000 0.000111
-21.150000 0.000109
-21.100000 0.000113
-21.050000 0.000090
-21.000000 0.000074
-20.950000 0.000034
-20.900000 0.000006
-20.850000 -0.000040
-20.800000 -0.000066
-20.750000 -0.000103
-20.700000 -0.000114
-20.650000 -0.000132
-20.600000 -0.000121
-20.550000 -0.000114
-20.500000 -0.000081
-20.450000 -0.000055
-20.400000 -0.000007
-20.350000 0.000026
-20.300000 0.000074
-20.250000 0.000100
-20.200000 0.000133
-20.150000 0.000139
-20.100000 0.000148
-20.050000 0.000128
-20.000000 0.000111
-19.950000 0.000068
-19.900000 0.000033
-19.850000 -0.000021
-19.800000 -0.000058
-19.750000 -0.000108
-19.700000 -0.000132
-19.650000 -0.000161
-19.600000 -0.000161
-19.550000 -0.000162
-19.500000 -0.000133
-19.450000 -0.000106
-19.400000 -0.000054
-19.350000 -0.000012
-19.300000 0.000048
-19.250000 0.000090
-19.200000 0.000140
-19.150000 0.000164
-19.100000 0.000189
-19.050000 0.000183
-19.000000 0.000176
-18.950000 0.000139
-18.900000 0.000103
-18.850000 0.000044
-18.800000 -0.000007
-18.750000 -0.000073
-18.700000 -0.000119
-18.650000 -0.000171
-18.600000 -0.000195
-18.550000 -0.000218
-18.500000 -0.000208
-18.450000 -0.000195
-18.400000 -0.000151
-18.350000 -0.000106
-18.300000 -0.000039
-18.250000 0.000020
-18.200000 0.000092
-18.150000 0.000146
-18.100000 0.000201
-18.050000 0.000228
-18.000000 0.000250
-17.950000 0.000239
-17.900000 0.000221
-17.850000 0.000172
-17.800000 0.000120
-17.750000 0.000045
-17.700000 -0.000024
-17.650000 -0.000104
-17.600000 -0.000166
-17.550000 -0.000228
-17.500000 -0.000262
-17.450000 -0.000286
-17.400000 -0.000279
-17.350000 -0.000259
-17.300000 -0.000208
-17.250000 -0.000149
-17.200000 -0.000067
-17.150000 0.000012
-17.100000 0.000102
-17.050000 0.000177
-17.000000 0.000249
-16.950000 0.000294
-16.900000 0.000327
-16.850000 0.000327
-16.800000 0.000310
-16.750000 0.000261
-16.700000 0.000199
-16.650000 0.000112
-16.600000 0.000022
-16.550000 -0.000079
-16.500000 -0.000169
-16.450000 -0.000257
-16.400000 -0.000320
-16.350000 -0.000368
-16.300000 -0.000383
-16.250000 -0.000377
-16.200000 -0.000336
-16.150000 -0.000276
-16.100000 -0.000188
-16.050000 -0.000089
-16.000000 0.000023
-15.950000 0.000132
-15.900000 0.000239
-15.850000 0.000327
-15.800000 0.000398
-15.750000 0.000438
-15.700000 0.000451
-15.650000 0.000430
-15.600000 0.000380
-15.550000 0.000300
-15.500000 0.000199
-15.450000 0.000078
-15.400000 -0.000048
-15.350000 -0.000177
-15.300000 -0.000295
-15.250000 -0.000397
-15.200000 -0.000472
-15.150000 -0.000519
-15.100000 -0.000530
-15.050000 -0.000506
-15.000000 -0.000446
-14.950000 -0.000355
-14.900000 -0.000237
-14.850000 -0.000100
-14.800000 0.000047
-14.750000 0.000195
-14.700000 0.000334
-14.650000 0.000455
-14.600000 0.000548
-14.550000 0.000608
-14.500000 0.000629
-14.450000 0.000610
-14.400000 0.000550
-14.350000 0.000454
-14.300000 0.000323
-14.250000 0.000171
-14.200000 0.000001
-14.150000 -0.000171
-14.100000 -0.000339
-14.050000 -0.000487
-14.000000 -0.000612
-13.950000 -0.000698
-13.900000 -0.000746
-13.850000 -0.000745
-13.800000 -0.000701
-13.750000 -0.000608
-13.700000 -0.000479
-13.650000 -0.000312
-13.600000 -0.000127
-13.550000 0.000076
-13.500000 0.000276
-13.450000 0.000469
-13.400000 0.000633
-13.350000 0.000770
-13.300000 0.000858
-13.250000 0.000903
-13.200000 0.000890
-13.150000 0.000829
-13.100000 0.000711
-13.050000 0.000555
-13.000000 0.000355
-12.950000 0.000135
-12.900000 -0.000105
-12.850000 -0.000339
-12.800000 -0.000568
-12.750000 -0.000762
-12.700000 -0.000927
-12.650000 -0.001035
-12.600000 -0.001095
-12.550000 -0.001087
-12.500000 -0.001025
-12.450000 -0.000896
-12.400000 -0.000722
-12.350000 -0.000494
-12.300000 -0.000241
-12.250000 0.000042
-12.200000 0.000322
-12.150000 0.000601
-12.100000 0.000846
-12.050000 0.001062
-12.000000 0.001216
-11.950000 0.001320
-11.900000 0.001346
-11.850000 0.001312
-11.800000 0.001196
-11.750000 0.001024
-11.700000 0.000783
-11.650000 0.000504
-11.600000 0.000180
-11.550000 -0.000151
-11.500000 -0.000496
-11.450000 -0.000815
-11.400000 -0.001112
-11.350000 -0.001350
-11.300000 -0.001538
-11.250000 -0.001643
-11.200000 -0.001679
-11.150000 -0.001621
-11.100000 -0.001493
-11.050000 -0.001274
-11.000000 -0.000998
-10.950000 -0.000653
-10.900000 -0.000278
-10.850000 0.000135
-10.800000 0.000541
-10.750000 0.000946
-10.700000 0.001305
-10.650000 0.001625
-10.600000 0.001866
-10.550000 0.002039
-10.500000 0.002108
-10.450000 0.002094
-10.400000 0.001969
-10.350000 0.001762
-10.300000 0.001455
-10.250000 0.001084
-10.200000 0.000640
-10.150000 0.000166
-10.100000 -0.000344
-10.050000 -0.000841
-10.000000 -0.001329
-9.950000 -0.001760
-9.900000 -0.002141
-9.850000 -0.002426
-9.800000 -0.002627
-9.750000 -0.002708
-9.700000 -0.002687
-9.650000 -0.002536
-9.600000 -0.002286
-9.550000 -0.001917
-9.500000 -0.001468
-9.450000 -0.000930
-9.400000 -0.000350
-9.350000 0.000278
-9.300000 0.000901
-9.250000 0.001520
-9.200000 0.002085
-9.150000 0.002596
-9.100000 0.003005
-9.050000 0.003321
-9.000000 0.003501
-8.950000 0.003562
-8.900000 0.003471
-8.850000 0.003254
-8.800000 0.002889
-8.750000 0.002414
-8.700000 0.001816
-8.650000 0.001143
-8.600000 0.000389
-8.550000 -0.000391
-8.500000 -0.001196
-8.450000 -0.001970
-8.400000 -0.002711
-8.350000 -0.003364
-8.300000 -0.003929
-8.250000 -0.004358
-8.200000 -0.004656
-8.150000 -0.004784
-8.100000 -0.004758
-8.050000 -0.004550
-8.000000 -0.004187
-7.950000 -0.003652
-7.900000 -0.002983
-7.850000 -0.002176
-7.800000 -0.001278
-7.750000 -0.000293
-7.700000 0.000725
-7.650000 0.001766
-7.600000 0.002774
-7.550000 0.003738
-7.500000 0.004601
-7.450000 0.005357
-7.400000 0.005955
-7.350000 0.006395
-7.300000 0.006635
-7.250000 0.006684
-7.200000 0.006514
-7.150000 0.006145
-7.100000 0.005561
-7.050000 0.004795
-7.000000 0.003844
-6.950000 0.002750
-6.900000 0.001522
-6.850000 0.000213
-6.800000 -0.001162
-6.750000 -0.002546
-6.700000 -0.003918
-6.650000 -0.005220
-6.600000 -0.006432
-6.550000 -0.007498
-6.500000 -0.008403
-6.450000 -0.009098
-6.400000 -0.009578
-6.350000 -0.009804
-6.300000 -0.009780
-6.250000 -0.009482
-6.200000 -0.008927
-6.150000 -0.008104
-6.100000 -0.007045
-6.050000 -0.005751
-6.000000 -0.004266
-5.950000 -0.002604
-5.900000 -0.000818
-5.850000 0.001067
-5.800000 0.002995
-5.750000 0.004933
-5.700000 0.006822
-5.650000 0.008629
-5.600000 0.010297
-5.550000 0.011796
-5.500000 0.013072
-5.450000 0.014103
-5.400000 0.014846
-5.350000 0.015285
-5.300000 0.015392
-5.250000 0.015162
-5.200000 0.014580
-5.150000 0.013655
-5.100000 0.012386
-5.050000 0.010796
-5.000000 0.008897
-4.950000 0.006726
-4.900000 0.004307
-4.850000 0.001686
-4.800000 -0.001099
-4.750000 -0.003995
-4.700000 -0.006959
-4.650000 -0.009930
-4.600000 -0.012863
-4.550000 -0.015696
-4.500000 -0.018381
-4.450000 -0.020861
-4.400000 -0.023092
-4.350000 -0.025023
-4.300000 -0.026615
-4.250000 -0.027829
-4.200000 -0.028634
-4.150000 -0.029004
-4.100000 -0.028921
-4.050000 -0.028372
-4.000000 -0.027352
-3.950000 -0.025862
-3.900000 -0.023913
-3.850000 -0.021521
-3.800000 -0.018708
-3.750000 -0.015504
-3.700000 -0.011945
-3.650000 -0.008071
-3.600000 -0.003929
-3.550000 0.000429
-3.500000 0.004952
-3.450000 0.009578
-3.400000 0.014250
-3.350000 0.018903
-3.300000 0.023475
-3.250000 0.027898
-3.200000 0.032110
-3.150000 0.036042
-3.100000 0.039632
-3.050000 0.042812
-3.000000 0.045521
-2.950000 0.047691
-2.900000 0.049268
-2.850000 0.050182
-2.800000 0.050382
-2.750000 0.049801
-2.700000 0.048390
-2.650000 0.046085
-2.600000 0.042836
-2.550000 0.038580
-2.500000 0.033271
-2.450000 0.026844
-2.400000 0.019254
-2.350000 0.010436
-2.300000 0.000343
-2.250000 -0.011090
-2.200000 -0.023910
-2.150000 -0.038184
-2.100000 -0.053958
-2.050000 -0.071300
-2.000000 -0.090255
-1.950000 -0.110889
-1.900000 -0.133244
-1.850000 -0.157383
-1.800000 -0.183339
-1.750000 -0.211167
-1.700000 -0.240889
-1.650000 -0.272542
-1.600000 -0.306130
-1.550000 -0.341668
-1.500000 -0.379130
-1.450000 -0.418499
-1.400000 -0.459709
-1.350000 -0.502700
-1.300000 -0.547355
-1.250000 -0.593560
-1.200000 -0.641135
-1.150000 -0.689902
-1.100000 -0.739611
-1.050000 -0.790011
-1.000000 -0.840780
-0.950000 -0.891592
-0.900000 -0.942057
-0.850000 -0.991784
-0.800000 -1.040323
-0.750000 -1.087238
-0.700000 -1.132044
-0.650000 -1.174289
-0.600000 -1.213488
-0.550000 -1.249208
-0.500000 -1.281006
-0.450000 -1.308514
-0.400000 -1.331371
-0.350000 -1.349316
-0.300000 -1.362112
-0.250000 -1.369633
-0.200000 -1.371795
-0.150000 -1.368626
-0.100000 -1.360200
-0.050000 -1.346704
0.000000 -1.328358
0.050000 -1.305487
0.100000 -1.278433
0.150000 -1.247627
0.200000 -1.213495
0.250000 -1.176532
0.300000 -1.137208
0.350000 -1.096042
0.400000 -1.053509
0.450000 -1.010118
0.500000 -0.966322
0.550000 -0.922595
0.600000 -0.879349
0.650000 -0.837016
0.700000 -0.795963
0.750000 -0.756583
0.800000 -0.719207
0.850000 -0.684201
0.900000 -0.651886
0.950000 -0.622627
1.000000 -0.596762
1.050000 -0.574697
1.100000 -0.556829
1.150000 -0.543650
1.200000 -0.535670
1.250000 -0.533527
1.300000 -0.537911
1.350000 -0.549672
1.400000 -0.569757
1.450000 -0.599311
1.500000 -0.639617
1.550000 -0.692196
1.600000 -0.758741
1.650000 -0.841209
1.700000 -0.941733
1.750000 -1.062693
1.800000 -1.206585
1.850000 -1.376036
1.900000 -1.573602
1.950000 -1.801680
2.000000 -2.062192
2.050000 -2.356353
2.100000 -2.684210
2.150000 -3.044273
2.200000 -3.432958
2.250000 -3.844209
2.300000 -4.269065
2.350000 -4.695600
2.400000 -5.109033
2.450000 -5.492423
2.500000 -5.827679
2.550000 -6.097153
2.600000 -6.285338
2.650000 -6.380718
2.700000 -6.377113
2.750000 -6.274566
2.800000 -6.079256
2.850000 -5.802762
2.900000 -5.460552
2.950000 -5.070284
3.000000 -4.649960
3.050000 -4.216489
3.100000 -3.784530
3.150000 -3.365954
3.200000 -2.969590
3.250000 -2.601441
3.300000 -2.264964
3.350000 -1.961601
3.400000 -1.691190
3.450000 -1.452474
3.500000 -1.243422
3.550000 -1.061600
3.600000 -0.904345
3.650000 -0.768996
3.700000 -0.652948
3.750000 -0.553787
3.800000 -0.469272
3.850000 -0.397413
3.900000 -0.336410
3.950000 -0.284713
4.000000 -0.240938
4.050000 -0.203916
4.100000 -0.172614
4.150000 -0.146172
4.200000 -0.123830
4.250000 -0.104966
4.300000 -0.089027
4.350000 -0.075570
4.400000 -0.064193
4.450000 -0.054583
4.500000 -0.046452
4.550000 -0.039578
4.600000 -0.033754
4.650000 -0.028825
4.700000 -0.024642
4.750000 -0.021097
4.800000 -0.018083
4.850000 -0.015525
4.900000 -0.013344
4.950000 -0.011490
5.000000 -0.009905
5.050000 -0.008556
5.100000 -0.007398
5.150000 -0.006411
5.200000 -0.005561
5.250000 -0.004835
5.300000 -0.004208
5.350000 -0.003671
5.400000 -0.003204
5.450000 -0.002804
5.500000 -0.002456
5.550000 -0.002156
5.600000 -0.001894
5.650000 -0.001668
5.700000 -0.001469
5.750000 -0.001298
5.800000 -0.001147
5.850000 -0.001016
5.900000 -0.000899
5.950000 -0.000799
6.000000 -0.000709
6.050000 -0.000632
6.100000 -0.000562
6.150000 -0.000501
6.200000 -0.000447
6.250000 -0.000399
6.300000 -0.000357
6.350000 -0.000319
6.400000 -0.000286
6.450000 -0.000256
6.500000 -0.000230
6.550000 -0.000206
6.600000 -0.000185
6.650000 -0.000166
6.700000 -0.000149
6.750000 -0.000134
6.800000 -0.000121
6.850000 -0.000108
6.900000 -0.000098
6.950000 -0.000088
7.000000 -0.000080
7.050000 -0.000071
7.100000 -0.000065
7.150000 -0.000058
7.200000 -0.000053
7.250000 -0.000047
7.300000 -0.000043
7.350000 -0.000038
7.400000 -0.000035
7.450000 -0.000031
7.500000 -0.000029
7.550000 -0.000025
7.600000 -0.000024
7.650000 -0.000020
7.700000 -0.000020
7.750000 -0.000016
7.800000 -0.000016
7.850000 -0.000013
7.900000 -0.000014
7.950000 -0.000010
8.000000 -0.000011
8.050000 -0.000008
8.100000 -0.000010
8.150000 -0.000007
8.200000 -0.000008
8.250000 -0.000005
8.300000 -0.000007
8.350000 -0.000004
8.400000 -0.000006
8.450000 -0.000003
8.500000 -0.000005
8.550000 -0.000002
8.600000 -0.000004
8.650000 -0.000001
8.700000 -0.000004
8.750000 -0.000001
8.800000 -0.000004
8.850000 -0.000000
8.900000 -0.000003
8.950000 0.000000
9.000000 -0.000003
9.050000 0.000000
9.100000 -0.000003
9.150000 0.000001
9.200000 -0.000003
9.250000 0.000001
9.300000 -0.000003
9.350000 0.000001
9.400000 -0.000002
9.450000 0.000001
9.500000 -0.000002
9.550000 0.000001
9.600000 -0.000002
9.650000 0.000001
9.700000 -0.000002
9.750000 0.000002
9.800000 -0.000002
9.850000 0.000002
9.900000 -0.000002
9.950000 0.000002
10.000000 -0.000002
10.050000 0.000002
10.100000 -0.000002
10.150000 0.000002
10.200000 -0.000002
10.250000 0.000002
10.300000 -0.000002
10.350000 0.000002
10.400000 -0.000002
10.450000 0.000002
10.500000 -0.000002
10.550000 0.000002
10.600000 -0.000002
10.650000 0.000002
10.700000 -0.000002
10.750000 0.000002
10.800000 -0.000002
10.850000 0.000002
10.900000 -0.000002
10.950000 0.000002
11.000000 -0.000002
11.050000 0.000002
11.100000 -0.000002
11.150000 0.000002
11.200000 -0.000002
11.250000 0.000002
11.300000 -0.000002
11.350000 0.000002
11.400000 -0.000002
11.450000 0.000002
11.500000 -0.000002
11.550000 0.000002
11.600000 -0.000002
11.650000 0.000002
11.700000 -0.000002
11.750000 0.000002
11.800000 -0.000002
11.850000 0.000002
11.900000 -0.000002
11.950000 0.000002
12.000000 -0.000002
12.050000 0.000002
12.100000 -0.000002
12.150000 0.000002
12.200000 -0.000002
12.250000 0.000002
12.300000 -0.000002
12.350000 0.000002
12.400000 -0.000002
12.450000 0.000002
12.500000 -0.000002
12.550000 0.000002
12.600000 -0.000002
12.650000 0.000002
12.700000 -0.000002
12.750000 0.000002
12.800000 -0.000002
12.850000 0.000002
12.900000 -0.000002
12.950000 0.000002
13.000000 -0.000002
13.050000 0.000002
13.100000 -0.000002
13.150000 0.000002
13.200000 -0.000002
13.250000 0.000002
13.300000 -0.000002
13.350000 0.000002
13.400000 -0.000002
13.450000 0.000002
13.500000 -0.000002
13.550000 0.000002
13.600000 -0.000002
13.650000 0.000002
13.700000 -0.000002
13.750000 0.000002
13.800000 -0.000002
13.850000 0.000001
13.900000 -0.000001
13.950000 0.000001
14.000000 -0.000001
14.050000 0.000001
14.100000 -0.000001
14.150000 0.000001
14.200000 -0.000001
14.250000 0.000001
14.300000 -0.000001
14.350000 0.000001
14.400000 -0.000001
14.450000 0.000001
14.500000 -0.000001
14.550000 0.000001
14.600000 -0.000001
14.650000 0.000001
14.700000 -0.000001
14.750000 0.000001
14.800000 -0.000001
14.850000 0.000001
14.900000 -0.000001
14.950000 0.000001
15.000000 -0.000001
15.050000 0.000001
15.100000 -0.000001
15.150000 0.000001
15.200000 -0.000001
15.250000 0.000001
15.300000 -0.000001
15.350000 0.000001
15.400000 -0.000001
15.450000 0.000001
15.500000 -0.000001
15.550000 0.000001
15.600000 -0.000000
15.650000 0.000000
15.700000 -0.000000
15.750000 0.000000
15.800000 -0.000000
15.850000 0.000000
15.900000 -0.000000
15.950000 0.000000
16.000000 -0.000000
16.050000 0.000000
16.100000 -0.000000
16.150000 0.000000
16.200000 -0.000000
16.250000 0.000000
16.300000 -0.000000
16.350000 -0.000000
16.400000 0.000000
16.450000 -0.000000
16.500000 0.000000
16.550000 -0.000000
16.600000 0.000000
16.650000 -0.000000
16.700000 0.000000
16.750000 -0.000000
16.800000 0.000000
16.850000 -0.000000
16.900000 0.000000
16.950000 -0.000000
17.000000 0.000000
17.050000 -0.000000
17.100000 0.000000
17.150000 -0.000001
17.200000 0.000001
17.250000 -0.000001
17.300000 0.000001
17.350000 -0.000001
17.400000 0.000001
17.450000 -0.000001
17.500000 0.000001
17.550000 -0.000001
17.600000 0.000001
17.650000 -0.000001
17.700000 0.000001
17.750000 -0.000001
17.800000 0.000001
17.850000 -0.000001
17.900000 0.000001
17.950000 -0.000001
18.000000 0.000001
18.050000 -0.000001
18.100000 0.000001
18.150000 -0.000001
18.200000 0.000001
18.250000 -0.000001
18.300000 0.000001
18.350000 -0.000001
18.400000 0.000001
18.450000 -0.000001
18.500000 0.000001
18.550000 -0.000001
18.600000 0.000001
18.650000 -0.000001
18.700000 0.000001
18.750000 -0.000001
18.800000 0.000001
18.850000 -0.000001
18.900000 0.000001
18.950000 -0.000001
19.000000 0.000001
19.050000 -0.000001
19.100000 0.000001
19.150000 -0.000001
19.200000 0.000001
19.250000 -0.000001
19.300000 0.000002
19.350000 -0.000002
19.400000 0.000002
19.450000 -0.000002
19.500000 0.000002
19.550000 -0.000002
19.600000 0.000002
19.650000 -0.000002
19.700000 0.000002
19.750000 -0.000002
19.800000 0.000002
19.850000 -0.000002
19.900000 0.000002
19.950000 -0.000002
20.000000 0.000002
20.050000 -0.000002
20.100000 0.000002
20.150000 -0.000002
20.200000 0.000002
20.250000 -0.000002
20.300000 0.000002
20.350000 -0.000002
20.400000 0.000002
20.450000 -0.000002
20.500000 0.000002
20.550000 -0.000002
20.600000 0.000002
20.650000 -0.000002
20.700000 0.000002
20.750000 -0.000002
20.800000 0.000002
20.850000 -0.000002
20.900000 0.000002
20.950000 -0.000002
21.000000 0.000002
21.050000 -0.000002
21.100000 0.000002
21.150000 -0.000002
21.200000 0.000002
21.250000 -0.000002
21.300000 0.000002
21.350000 -0.000002
21.400000 0.000002
21.450000 -0.000002
21.500000 0.000002
21.550000 -0.000002
21.600000 0.000002
21.650000 -0.000002
21.700000 0.000002
21.750000 -0.000002
21.800000 0.000002
21.850000 -0.000002
21.900000 0.000002
21.950000 -0.000002
22.000000 0.000002
22.050000 -0.000002
22.100000 0.000002
22.150000 -0.000002
22.200000 0.000002
22.250000 -0.000002
22.300000 0.000001
22.350000 -0.000002
22.400000 0.000001
22.450000 -0.000001
22.500000 0.000001
22.550000 -0.000001
22.600000 0.000001
22.650000 -0.000001
22.700000 0.000001
22.750000 -0.000001
22.800000 0.000001
22.850000 -0.000001
22.900000 0.000001
22.950000 -0.000001
23.000000 0.000001
23.050000 -0.000001
23.100000 0.000001
23.150000 -0.000001
23.200000 0.000001
23.250000 -0.000001
23.300000 0.000001
23.350000 -0.000001
23.400000 0.000001
23.450000 -0.000001
23.500000 0.000001
23.550000 -0.000001
23.600000 0.000001
23.650000 -0.000001
23.700000 0.000001
23.750000 -0.000001
23.800000 0.000001
23.850000 -0.000001
23.900000 0.000001
23.950000 -0.000001
24.000000 0.000001
24.050000 -0.000001
24.100000 0.000001
24.150000 -0.000001
24.200000 0.000001
24.250000 -0.000001
24.300000 0.000001
24.350000 -0.000001
24.400000 0.000001
24.450000 -0.000001
24.500000 0.000001
24.550000 -0.000001
24.600000 0.000001
24.650000 -0.000000
24.700000 0.000000
24.750000 -0.000000
24.800000 0.000000
24.850000 -0.000000
24.900000 0.000000
24.950000 -0.000000
25.000000 0.000000
25.050000 -0.000000
25.100000 0.000000
25.150000 -0.000000
25.200000 0.000000
25.250000 -0.000000
25.300000 0.000000
25.350000 -0.000000
25.400000 0.000000
25.450000 -0.000000
25.500000 0.000000
25.550000 -0.000000
25.600000 -0.000000
25.650000 0.000000
25.700000 -0.000000
25.750000 0.000000
25.800000 -0.000000
25.850000 0.000000
25.900000 -0.000000
25.950000 0.000000
26.000000 -0.000000
26.050000 0.000000
26.100000 -0.000000
26.150000 0.000000
26.200000 -0.000000
26.250000 0.000000
26.300000 -0.000000
26.350000 0.000000
26.400000 -0.000000
26.450000 0.000000
26.500000 -0.000001
26.550000 0.000000
26.600000 -0.000001
26.650000 0.000001
26.700000 -0.000001
26.750000 0.000001
26.800000 -0.000001
26.850000 0.000001
26.900000 -0.000001
26.950000 0.000001
27.000000 -0.000001
27.050000 0.000001
27.100000 -0.000001
27.150000 0.000001
27.200000 -0.000001
27.250000 0.000001
27.300000 -0.000001
27.350000 0.000001
27.400000 -0.000001
27.450000 0.000001
27.500000 -0.000001
27.550000 0.000001
27.600000 -0.000001
27.650000 0.000001
27.700000 -0.000001
27.750000 0.000001
27.800000 -0.000001
27.850000 0.000001
27.900000 -0.000001
27.950000 0.000001
28.000000 -0.000001
28.050000 0.000001
28.100000 -0.000001
28.150000 0.000001
28.200000 -0.000001
28.250000 0.000001
28.300000 -0.000001
28.350000 0.000001
28.400000 -0.000001
28.450000 0.000001
28.500000 -0.000001
28.550000 0.000001
28.600000 -0.000001
28.650000 0.000001
28.700000 -0.000001
28.750000 0.000001
28.800000 -0.000001
28.850000 0.000001
28.900000 -0.000001
28.950000 0.000001
29.000000 -0.000001
29.050000 0.000001
29.100000 -0.000001
29.150000 0.000001
29.200000 -0.000001
29.250000 0.000001
29.300000 -0.000001
29.350000 0.000001
29.400000 -0.000001
29.450000 0.000001
29.500000 -0.000001
29.550000 0.000001
29.600000 -0.000001
29.650000 0.000001
29.700000 -0.000001
29.750000 0.000001
29.800000 -0.000001
29.850000 0.000001
29.900000 -0.000001
29.950000 0.000001
30.000000 -0.000001
30.050000 0.000001
30.100000 -0.000001
30.150000 0.000001
30.200000 -0.000001
30.250000 0.000001
30.300000 -0.000001
30.350000 0.000001
30.400000 -0.000001
30.450000 0.000001
30.500000 -0.000001
30.550000 0.000001
30.600000 -0.000001
30.650000 0.000001
30.700000 -0.000001
30.750000 0.000001
30.800000 -0.000001
30.850000 0.000001
30.900000 -0.000001
30.950000 0.000001
31.000000 -0.000001
31.050000 0.000001
31.100000 -0.000001
31.150000 0.000001
31.200000 -0.000001
31.250000 0.000001
31.300000 -0.000001
31.350000 0.000001
31.400000 -0.000001
31.450000 0.000001
31.500000 -0.000001
31.550000 0.000001
31.600000 -0.000001
31.650000 0.000001
31.700000 -0.000001
31.750000 0.000001
31.800000 -0.000001
31.850000 0.000001
31.900000 -0.000001
31.950000 0.000001
32.000000 -0.000001
32.050000 0.000001
32.100000 -0.000001
32.150000 0.000001
32.200000 -0.000001
32.250000 0.000001
32.300000 -0.000001
32.350000 0.000001
32.400000 -0.000001
32.450000 0.000001
32.500000 -0.000001
32.550000 0.000001
32.600000 -0.000001
32.650000 0.000001
32.700000 -0.000001
32.750000 0.000001
32.800000 -0.000001
32.850000 0.000001
32.900000 -0.000001
32.950000 0.000001
33.000000 -0.000001
33.050000 0.000001
33.100000 -0.000000
33.150000 0.000001
33.200000 -0.000000
33.250000 0.000001
33.300000 -0.000000
33.350000 0.000000
33.400000 -0.000001
33.450000 0.000000
33.500000 -0.000000
33.550000 0.000000
33.600000 -0.000000
33.650000 0.000000
33.700000 -0.000000
33.750000 0.000000
33.800000 -0.000000
33.850000 0.000000
33.900000 -0.000000
33.950000 0.000000
34.000000 -0.000000
34.050000 -0.000000
34.100000 -0.000000
34.150000 -0.000000
34.200000 -0.000000
34.250000 0.000000
34.300000 0.000000
34.350000 0.000000
34.400000 0.000000
34.450000 0.000000
34.500000 0.000000
34.550000 -0.000000
34.600000 0.000000
34.650000 -0.000000
34.700000 0.000000
34.750000 -0.000000
34.800000 0.000000
34.850000 -0.000000
34.900000 0.000000
34.950000 -0.000000
35.000000 0.000001
35.050000 -0.000000
35.100000 0.000000
35.150000 -0.000000
35.200000 0.000000
35.250000 -0.000001
35.300000 0.000000
35.350000 -0.000001
35.400000 0.000000
35.450000 -0.000000
35.500000 0.000001
35.550000 -0.000000
35.600000 0.000001
35.650000 -0.000000
35.700000 0.000001
35.750000 -0.000001
35.800000 0.000000
35.850000 -0.000001
35.900000 0.000000
35.950000 -0.000001
36.000000 0.000001
36.050000 -0.000001
36.100000 0.000001
36.150000 -0.000001
36.200000 0.000001
36.250000 -0.000001
36.300000 0.000001
36.350000 -0.000001
36.400000 0.000001
36.450000 -0.000001
36.500000 0.000001
36.550000 -0.000001
36.600000 0.000001
36.650000 -0.000001
36.700000 0.000001
36.750000 -0.000001
36.800000 0.000001
36.850000 -0.000001
36.900000 0.000001
36.950000 -0.000001
37.000000 0.000001
37.050000 -0.000001
37.100000 0.000001
37.150000 -0.000001
37.200000 0.000001
37.250000 -0.000001
37.300000 0.000001
37.350000 -0.000001
37.400000 0.000001
37.450000 -0.000001
37.500000 0.000001
37.550000 -0.000001
37.600000 0.000001
37.650000 -0.000001
37.700000 0.000001
37.750000 -0.000001
37.800000 0.000001
37.850000 -0.000001
37.900000 0.000001
37.950000 -0.000001
38.000000 0.000001
38.050000 -0.000001
38.100000 0.000002
38.150000 -0.000001
38.200000 0.000001
38.250000 -0.000001
38.300000 0.000001
38.350000 -0.000001
38.400000 0.000001
38.450000 -0.000002
38.500000 0.000001
38.550000 -0.000001
38.600000 0.000001
38.650000 -0.000001
38.700000 0.000002
38.750000 -0.000001
38.800000 0.000002
38.850000 -0.000001
38.900000 0.000001
38.950000 -0.000001
39.000000 0.000001
39.050000 -0.000002
39.100000 0.000001
39.150000 -0.000001
39.200000 0.000001
39.250000 -0.000001
39.300000 0.000001
39.350000 -0.000000
39.400000 0.000002
39.450000 -0.000000
39.500000 0.000001
39.550000 -0.000001
39.600000 0.000001
39.650000 -0.000002
39.700000 0.000000
39.750000 -0.000002
39.800000 0.000000
39.850000 -0.000001
39.900000 0.000001
39.950000 -0.000000
40.000000 0.000002
40.050000 -0.000000
40.100000 0.000001
40.150000 -0.000000
40.200000 0.000001
40.250000 -0.000001
40.300000 0.000000
40.350000 -0.000002
40.400000 -0.000000
40.450000 -0.000001
40.500000 0.000000
40.550000 -0.000001
40.600000 0.000001
40.650000 0.000000
40.700000 0.000002
40.750000 0.000000
40.800000 0.000001
40.850000 -0.000000
40.900000 0.000000
40.950000 -0.000001
41.000000 -0.000000
41.050000 -0.000001
41.100000 -0.000000
41.150000 -0.000001
41.200000 0.000000
41.250000 -0.000000
41.300000 0.000001
41.350000 0.000001
41.400000 0.000001
41.450000 0.000000
41.500000 0.000001
41.550000 -0.000000
41.600000 -0.000000
41.650000 -0.000001
41.700000 -0.000001
41.750000 -0.000001
41.800000 -0.000000
41.850000 -0.000001
41.900000 0.000000
41.950000 0.000001
42.000000 0.000001
42.050000 0.000001
42.100000 0.000001
42.150000 0.000001
42.200000 0.000000
42.250000 -0.000000
42.300000 -0.000001
42.350000 -0.000001
42.400000 -0.000001
42.450000 -0.000001
42.500000 -0.000001
42.550000 -0.000000
42.600000 0.000000
42.650000 0.000001
42.700000 0.000001
42.750000 0.000002
42.800000 0.000001
42.850000 0.000001
42.900000 -0.000000
42.950000 -0.000000
43.000000 -0.000001
43.050000 -0.000001
43.100000 -0.000002
43.150000 -0.000001
43.200000 -0.000001
43.250000 0.000000
43.300000 0.000000
43.350000 0.000002
43.400000 0.000001
43.450000 0.000002
43.500000 0.000001
43.550000 0.000001
43.600000 -0.000000
43.650000 -0.000000
43.700000 -0.000002
43.750000 -0.000001
43.800000 -0.000002
43.850000 -0.000001
43.900000 -0.000001
43.950000 0.000000
44.000000 0.000000
44.050000 0.000002
44.100000 0.000001
44.150000 0.000003
44.200000 0.000001
44.250000 0.000002
44.300000 -0.000001
44.350000 -0.000000
44.400000 -0.000002
44.450000 -0.000001
44.500000 -0.000003
44.550000 -0.000001
44.600000 -0.000002
44.650000 0.000001
44.700000 0.000000
44.750000 0.000003
44.800000 0.000002
44.850000 0.000004
44.900000 0.000002
44.950000 0.000003
