-30.000000 0.000000
-29.950000 -0.000000
-29.900000 0.000000
-29.850000 -0.000001
-29.800000 -0.000001
-29.750000 -0.000001
-29.700000 -0.000001
-29.650000 -0.000001
-29.600000 0.000000
-29.550000 0.000000
-29.500000 0.000001
-29.450000 0.000001
-29.400000 0.000001
-29.350000 0.000001
-29.300000 0.000001
-29.250000 -0.000000
-29.200000 -0.000000
-29.150000 -0.000001
-29.100000 -0.000001
-29.050000 -0.000001
-29.000000 -0.000000
-28.950000 -0.000001
-28.900000 0.000000
-28.850000 0.000000
-28.800000 0.000001
-28.750000 0.000001
-28.700000 0.000001
-28.650000 0.000000
-28.600000 0.000001
-28.550000 -0.000001
-28.500000 -0.000000
-28.450000 -0.000001
-28.400000 -0.000001
-28.350000 -0.000001
-28.300000 -0.000000
-28.250000 -0.000000
-28.200000 0.000001
-28.150000 0.000001
-28.100000 0.000002
-28.050000 0.000001
-28.000000 0.000001
-27.950000 0.000000
-27.900000 0.000000
-27.850000 -0.000001
-27.800000 -0.000001
-27.750000 -0.000002
-27.700000 -0.000001
-27.650000 -0.000001
-27.600000 -0.000000
-27.550000 -0.000000
-27.500000 0.000001
-27.450000 0.000001
-27.400000 0.000002
-27.350000 0.000001
-27.300000 0.000001
-27.250000 0.000000
-27.200000 0.000000
-27.150000 -0.000001
-27.100000 -0.000001
-27.050000 -0.000002
-27.000000 -0.000002
-26.950000 -0.000002
-26.900000 -0.000000
-26.850000 -0.000000
-26.800000 0.000001
-26.750000 0.000001
-26.700000 0.000002
-26.650000 0.000002
-26.600000 0.000002
-26.550000 0.000001
-26.500000 0.000000
-26.450000 -0.000001
-26.400000 -0.000002
-26.350000 -0.000002
-26.300000 -0.000002
-26.250000 -0.000002
-26.200000 -0.000001
-26.150000 -0.000000
-26.100000 0.000001
-26.050000 0.000002
-26.000000 0.000002
-25.950000 0.000002
-25.900000 0.000002
-25.850000 0.000001
-25.800000 0.000000
-25.750000 -0.000001
-25.700000 -0.000002
-25.650000 -0.000003
-25.600000 -0.000003
-25.550000 -0.000002
-25.500000 -0.000001
-25.450000 -0.000000
-25.400000 0.000001
-25.350000 0.000002
-25.300000 0.000003
-25.250000 0.000003
-25.200000 0.000003
-25.150000 0.000002
-25.100000 0.000001
-25.050000 -0.000001
-25.000000 -0.000002
-24.950000 -0.000003
-24.900000 -0.000003
-24.850000 -0.000003
-24.800000 -0.000002
-24.750000 -0.000001
-24.700000 0.000000
-24.650000 0.000002
-24.600000 0.000003
-24.550000 0.000004
-24.500000 0.000004
-24.450000 0.000003
-24.400000 0.000002
-24.350000 0.000000
-24.300000 -0.000002
-24.250000 -0.000003
-24.200000 -0.000004
-24.150000 -0.000004
-24.100000 -0.000004
-24.050000 -0.000002
-24.000000 -0.000001
-23.950000 0.000001
-23.900000 0.000003
-23.850000 0.000004
-23.800000 0.000005
-23.750000 0.000005
-23.700000 0.000003
-23.650000 0.000002
-23.600000 -0.000000
-23.550000 -0.000002
-23.500000 -0.000004
-23.450000 -0.000005
-23.400000 -0.000005
-23.350000 -0.000004
-23.300000 -0.000003
-23.250000 -0.000001
-23.200000 0.000001
-23.150000 0.000004
-23.100000 0.000005
-23.050000 0.000006
-23.000000 0.000005
-22.950000 0.000005
-22.900000 0.000002
-22.850000 0.000000
-22.800000 -0.000003
-22.750000 -0.000004
-22.700000 -0.000006
-22.650000 -0.000006
-22.600000 -0.000006
-22.550000 -0.000004
-22.500000 -0.000002
-22.450000 0.000001
-22.400000 0.000003
-22.350000 0.000006
-22.300000 0.000007
-22.250000 0.000008
-22.200000 0.000006
-22.150000 0.000004
-22.100000 0.000001
-22.050000 -0.000002
-22.000000 -0.000005
-21.950000 -0.000007
-21.900000 -0.000009
-21.850000 -0.000008
-21.800000 -0.000007
-21.750000 -0.000004
-21.700000 -0.000001
-21.650000 0.000003
-21.600000 0.000006
-21.550000 0.000009
-21.500000 0.000009
-21.450000 0.000009
-21.400000 0.000007
-21.350000 0.000005
-21.300000 0.000000
-21.250000 -0.000003
-21.200000 -0.000007
-21.150000 -0.000009
-21.100000 -0.000011
-21.050000 -0.000010
-21.000000 -0.000008
-20.950000 -0.000005
-20.900000 -0.000001
-20.850000 0.000004
-20.800000 0.000008
-20.750000 0.000011
-20.700000 0.000012
-20.650000 0.000012
-20.600000 0.000009
-20.550000 0.000006
-20.500000 0.000001
-20.450000 -0.000004
-20.400000 -0.000009
-20.350000 -0.000012
-20.300000 -0.000014
-20.250000 -0.000013
-20.200000 -0.000011
-20.150000 -0.000007
-20.100000 -0.000002
-20.050000 0.000004
-20.000000 0.000009
-19.950000 0.000013
-19.900000 0.000016
-19.850000 0.000016
-19.800000 0.000013
-19.750000 0.000009
-19.700000 0.000003
-19.650000 -0.000003
-19.600000 -0.000009
-19.550000 -0.000014
-19.500000 -0.000017
-19.450000 -0.000018
-19.400000 -0.000016
-19.350000 -0.000012
-19.300000 -0.000006
-19.250000 0.000001
-19.200000 0.000008
-19.150000 0.000015
-19.100000 0.000019
-19.050000 0.000021
-19.000000 0.000020
-18.950000 0.000016
-18.900000 0.000010
-18.850000 0.000002
-18.800000 -0.000006
-18.750000 -0.000014
-18.700000 -0.000020
-18.650000 -0.000024
-18.600000 -0.000024
-18.550000 -0.000021
-18.500000 -0.000015
-18.450000 -0.000007
-18.400000 0.000002
-18.350000 0.000011
-18.300000 0.000020
-18.250000 0.000025
-18.200000 0.000028
-18.150000 0.000027
-18.100000 0.000022
-18.050000 0.000014
-18.000000 0.000005
-17.950000 -0.000006
-17.900000 -0.000016
-17.850000 -0.000025
-17.800000 -0.000030
-17.750000 -0.000032
-17.700000 -0.000029
-17.650000 -0.000023
-17.600000 -0.000013
-17.550000 -0.000002
-17.500000 0.000011
-17.450000 0.000022
-17.400000 0.000031
-17.350000 0.000036
-17.300000 0.000037
-17.250000 0.000033
-17.200000 0.000026
-17.150000 0.000014
-17.100000 0.000000
-17.050000 -0.000014
-17.000000 -0.000027
-16.950000 -0.000037
-16.900000 -0.000042
-16.850000 -0.000043
-16.800000 -0.000038
-16.750000 -0.000029
-16.700000 -0.000016
-16.650000 -0.000000
-16.600000 0.000016
-16.550000 0.000031
-16.500000 0.000043
-16.450000 0.000049
-16.400000 0.000051
-16.350000 0.000046
-16.300000 0.000035
-16.250000 0.000020
-16.200000 0.000002
-16.150000 -0.000017
-16.100000 -0.000034
-16.050000 -0.000048
-16.000000 -0.000057
-15.950000 -0.000060
-15.900000 -0.000055
-15.850000 -0.000045
-15.800000 -0.000028
-15.750000 -0.000008
-15.700000 0.000014
-15.650000 0.000035
-15.600000 0.000052
-15.550000 0.000065
-15.500000 0.000070
-15.450000 0.000068
-15.400000 0.000058
-15.350000 0.000041
-15.300000 0.000019
-15.250000 -0.000006
-15.200000 -0.000031
-15.150000 -0.000053
-15.100000 -0.000071
-15.050000 -0.000081
-15.000000 -0.000083
-14.950000 -0.000076
-14.900000 -0.000060
-14.850000 -0.000038
-14.800000 -0.000010
-14.750000 0.000020
-14.700000 0.000048
-14.650000 0.000073
-14.600000 0.000090
-14.550000 0.000099
-14.500000 0.000097
-14.450000 0.000085
-14.400000 0.000064
-14.350000 0.000036
-14.300000 0.000002
-14.250000 -0.000032
-14.200000 -0.000065
-14.150000 -0.000092
-14.100000 -0.000111
-14.050000 -0.000119
-14.000000 -0.000115
-13.950000 -0.000099
-13.900000 -0.000073
-13.850000 -0.000039
-13.800000 0.000001
-13.750000 0.000042
-13.700000 0.000080
-13.650000 0.000112
-13.600000 0.000134
-13.550000 0.000143
-13.500000 0.000139
-13.450000 0.000121
-13.400000 0.000091
-13.350000 0.000050
-13.300000 0.000004
-13.250000 -0.000045
-13.200000 -0.000091
-13.150000 -0.000130
-13.100000 -0.000159
-13.050000 -0.000173
-13.000000 -0.000172
-12.950000 -0.000154
-12.900000 -0.000121
-12.850000 -0.000076
-12.800000 -0.000022
-12.750000 0.000036
-12.700000 0.000092
-12.650000 0.000143
-12.600000 0.000182
-12.550000 0.000207
-12.500000 0.000213
-12.450000 0.000201
-12.400000 0.000170
-12.350000 0.000123
-12.300000 0.000062
-12.250000 -0.000005
-12.200000 -0.000075
-12.150000 -0.000141
-12.100000 -0.000197
-12.050000 -0.000238
-12.000000 -0.000260
-11.950000 -0.000260
-11.900000 -0.000239
-11.850000 -0.000195
-11.800000 -0.000134
-11.750000 -0.000059
-11.700000 0.000024
-11.650000 0.000109
-11.600000 0.000187
-11.550000 0.000253
-11.500000 0.000300
-11.450000 0.000325
-11.400000 0.000323
-11.350000 0.000296
-11.300000 0.000243
-11.250000 0.000168
-11.200000 0.000077
-11.150000 -0.000024
-11.100000 -0.000127
-11.050000 -0.000224
-11.000000 -0.000307
-10.950000 -0.000369
-10.900000 -0.000405
-10.850000 -0.000410
-10.800000 -0.000384
-10.750000 -0.000327
-10.700000 -0.000243
-10.650000 -0.000137
-10.600000 -0.000016
-10.550000 0.000111
-10.500000 0.000235
-10.450000 0.000346
-10.400000 0.000436
-10.350000 0.000497
-10.300000 0.000524
-10.250000 0.000513
-10.200000 0.000464
-10.150000 0.000380
-10.100000 0.000265
-10.050000 0.000125
-10.000000 -0.000029
-9.950000 -0.000187
-9.900000 -0.000339
-9.850000 -0.000472
-9.800000 -0.000579
-9.750000 -0.000649
-9.700000 -0.000678
-9.650000 -0.000660
-9.600000 -0.000597
-9.550000 -0.000490
-9.500000 -0.000345
-9.450000 -0.000171
-9.400000 0.000022
-9.350000 0.000222
-9.300000 0.000415
-9.250000 0.000590
-9.200000 0.000733
-9.150000 0.000834
-9.100000 0.000885
-9.050000 0.000881
-9.000000 0.000821
-8.950000 0.000706
-8.900000 0.000540
-8.850000 0.000334
-8.800000 0.000097
-8.750000 -0.000156
-8.700000 -0.000411
-8.650000 -0.000651
-8.600000 -0.000862
-8.550000 -0.001030
-8.500000 -0.001143
-8.450000 -0.001192
-8.400000 -0.001172
-8.350000 -0.001082
-8.300000 -0.000924
-8.250000 -0.000704
-8.200000 -0.000434
-8.150000 -0.000126
-8.100000 0.000203
-8.050000 0.000535
-8.000000 0.000852
-7.950000 0.001135
-7.900000 0.001368
-7.850000 0.001535
-7.800000 0.001624
-7.750000 0.001629
-7.700000 0.001544
-7.650000 0.001372
-7.600000 0.001118
-7.550000 0.000792
-7.500000 0.000408
-7.450000 -0.000015
-7.400000 -0.000458
-7.350000 -0.000898
-7.300000 -0.001313
-7.250000 -0.001680
-7.200000 -0.001980
-7.150000 -0.002195
-7.100000 -0.002309
-7.050000 -0.002315
-7.000000 -0.002207
-6.950000 -0.001986
-6.900000 -0.001657
-6.850000 -0.001233
-6.800000 -0.000729
-6.750000 -0.000166
-6.700000 0.000432
-6.650000 0.001039
-6.600000 0.001628
-6.550000 0.002170
-6.500000 0.002639
-6.450000 0.003012
-6.400000 0.003267
-6.350000 0.003388
-6.300000 0.003364
-6.250000 0.003190
-6.200000 0.002868
-6.150000 0.002402
-6.100000 0.001809
-6.050000 0.001105
-6.000000 0.000317
-5.950000 -0.000529
-5.900000 -0.001400
-5.850000 -0.002263
-5.800000 -0.003083
-5.750000 -0.003826
-5.700000 -0.004460
-5.650000 -0.004956
-5.600000 -0.005289
-5.550000 -0.005440
-5.500000 -0.005395
-5.450000 -0.005148
-5.400000 -0.004699
-5.350000 -0.004057
-5.300000 -0.003236
-5.250000 -0.002258
-5.200000 -0.001153
-5.150000 0.000048
-5.100000 0.001305
-5.050000 0.002577
-5.000000 0.003820
-4.950000 0.004991
-4.900000 0.006046
-4.850000 0.006944
-4.800000 0.007646
-4.750000 0.008119
-4.700000 0.008335
-4.650000 0.008274
-4.600000 0.007920
-4.550000 0.007268
-4.500000 0.006320
-4.450000 0.005086
-4.400000 0.003585
-4.350000 0.001842
-4.300000 -0.000108
-4.250000 -0.002227
-4.200000 -0.004468
-4.150000 -0.006782
-4.100000 -0.009117
-4.050000 -0.011416
-4.000000 -0.013625
-3.950000 -0.015690
-3.900000 -0.017558
-3.850000 -0.019181
-3.800000 -0.020514
-3.750000 -0.021522
-3.700000 -0.022173
-3.650000 -0.022446
-3.600000 -0.022327
-3.550000 -0.021813
-3.500000 -0.020909
-3.450000 -0.019632
-3.400000 -0.018008
-3.350000 -0.016072
-3.300000 -0.013871
-3.250000 -0.011459
-3.200000 -0.008900
-3.150000 -0.006262
-3.100000 -0.003626
-3.050000 -0.001074
-3.000000 0.001303
-2.950000 0.003414
-2.900000 0.005160
-2.850000 0.006441
-2.800000 0.007155
-2.750000 0.007200
-2.700000 0.006470
-2.650000 0.004863
-2.600000 0.002274
-2.550000 -0.001399
-2.500000 -0.006258
-2.450000 -0.012402
-2.400000 -0.019932
-2.350000 -0.028942
-2.300000 -0.039527
-2.250000 -0.051778
-2.200000 -0.065784
-2.150000 -0.081629
-2.100000 -0.099395
-2.050000 -0.119158
-2.000000 -0.140990
-1.950000 -0.164954
-1.900000 -0.191107
-1.850000 -0.219496
-1.800000 -0.250158
-1.750000 -0.283116
-1.700000 -0.318377
-1.650000 -0.355932
-1.600000 -0.395750
-1.550000 -0.437777
-1.500000 -0.481932
-1.450000 -0.528104
-1.400000 -0.576152
-1.350000 -0.625897
-1.300000 -0.677123
-1.250000 -0.729574
-1.200000 -0.782956
-1.150000 -0.836931
-1.100000 -0.891123
-1.050000 -0.945118
-1.000000 -0.998470
-0.950000 -1.050702
-0.900000 -1.101318
-0.850000 -1.149810
-0.800000 -1.195665
-0.750000 -1.238382
-0.700000 -1.277480
-0.650000 -1.312512
-0.600000 -1.343081
-0.550000 -1.368846
-0.500000 -1.389542
-0.450000 -1.404982
-0.400000 -1.415071
-0.350000 -1.419810
-0.300000 -1.419297
-0.250000 -1.413734
-0.200000 -1.403417
-0.150000 -1.388742
-0.100000 -1.370190
-0.050000 -1.348328
0.000000 -1.323797
0.050000 -1.297306
0.100000 -1.269627
0.150000 -1.241586
0.200000 -1.214064
0.250000 -1.187992
0.300000 -1.164355
0.350000 -1.144195
0.400000 -1.128617
0.450000 -1.118802
0.500000 -1.116016
0.550000 -1.121627
0.600000 -1.137120
0.650000 -1.164107
0.700000 -1.204344
0.750000 -1.259737
0.800000 -1.332337
0.850000 -1.424328
0.900000 -1.537990
0.950000 -1.675636
1.000000 -1.839519
1.050000 -2.031686
1.100000 -2.253787
1.150000 -2.506823
1.200000 -2.790834
1.250000 -3.104538
1.300000 -3.444944
1.350000 -3.806979
1.400000 -4.183192
1.450000 -4.563612
1.500000 -4.935857
1.550000 -5.285570
1.600000 -5.597220
1.650000 -5.855264
1.700000 -6.045556
1.750000 -6.156811
1.800000 -6.181895
1.850000 -6.118678
1.900000 -5.970300
1.950000 -5.744766
2.000000 -5.453983
2.050000 -5.112411
2.100000 -4.735587
2.150000 -4.338763
2.200000 -3.935813
2.250000 -3.538511
2.300000 -3.156172
2.350000 -2.795611
2.400000 -2.461318
2.450000 -2.155787
2.500000 -1.879892
2.550000 -1.633277
2.600000 -1.414708
2.650000 -1.222379
2.700000 -1.054144
2.750000 -0.907713
2.800000 -0.780778
2.850000 -0.671109
2.900000 -0.576610
2.950000 -0.495355
3.000000 -0.425602
3.050000 -0.365795
3.100000 -0.314560
3.150000 -0.270691
3.200000 -0.233138
3.250000 -0.200993
3.300000 -0.173469
3.350000 -0.149894
3.400000 -0.129689
3.450000 -0.112359
3.500000 -0.097483
3.550000 -0.084700
3.600000 -0.073703
3.650000 -0.064232
3.700000 -0.056065
3.750000 -0.049012
3.800000 -0.042914
3.850000 -0.037632
3.900000 -0.033051
3.950000 -0.029071
4.000000 -0.025609
4.050000 -0.022592
4.100000 -0.019958
4.150000 -0.017656
4.200000 -0.015640
4.250000 -0.013872
4.300000 -0.012319
4.350000 -0.010953
4.400000 -0.009750
4.450000 -0.008688
4.500000 -0.007750
4.550000 -0.006919
4.600000 -0.006184
4.650000 -0.005531
4.700000 -0.004951
4.750000 -0.004436
4.800000 -0.003977
4.850000 -0.003568
4.900000 -0.003203
4.950000 -0.002877
5.000000 -0.002586
5.050000 -0.002325
5.100000 -0.002092
5.150000 -0.001883
5.200000 -0.001696
5.250000 -0.001527
5.300000 -0.001376
5.350000 -0.001241
5.400000 -0.001119
5.450000 -0.001009
5.500000 -0.000910
5.550000 -0.000821
5.600000 -0.000741
5.650000 -0.000669
5.700000 -0.000604
5.750000 -0.000546
5.800000 -0.000493
5.850000 -0.000445
5.900000 -0.000402
5.950000 -0.000364
6.000000 -0.000329
6.050000 -0.000297
6.100000 -0.000268
6.150000 -0.000243
6.200000 -0.000219
6.250000 -0.000198
6.300000 -0.000179
6.350000 -0.000162
6.400000 -0.000147
6.450000 -0.000133
6.500000 -0.000120
6.550000 -0.000108
6.600000 -0.000098
6.650000 -0.000089
6.700000 -0.000080
6.750000 -0.000073
6.800000 -0.000066
6.850000 -0.000059
6.900000 -0.000054
6.950000 -0.000049
7.000000 -0.000044
7.050000 -0.000040
7.100000 -0.000036
7.150000 -0.000033
7.200000 -0.000030
7.250000 -0.000027
7.300000 -0.000024
7.350000 -0.000022
7.400000 -0.000020
7.450000 -0.000018
7.500000 -0.000016
7.550000 -0.000015
7.600000 -0.000013
7.650000 -0.000012
7.700000 -0.000011
7.750000 -0.000010
7.800000 -0.000009
7.850000 -0.000008
7.900000 -0.000007
7.950000 -0.000007
8.000000 -0.000006
8.050000 -0.000005
8.100000 -0.000005
8.150000 -0.000004
8.200000 -0.000004
8.250000 -0.000004
8.300000 -0.000003
8.350000 -0.000003
8.400000 -0.000003
8.450000 -0.000002
8.500000 -0.000002
8.550000 -0.000002
8.600000 -0.000002
8.650000 -0.000002
8.700000 -0.000001
8.750000 -0.000001
8.800000 -0.000001
8.850000 -0.000001
8.900000 -0.000001
8.950000 -0.000001
9.000000 -0.000001
9.050000 -0.000001
9.100000 -0.000001
9.150000 -0.000001
9.200000 -0.000001
9.250000 -0.000000
9.300000 -0.000000
9.350000 -0.000000
9.400000 -0.000000
9.450000 -0.000000
9.500000 -0.000000
9.550000 -0.000000
9.600000 -0.000000
9.650000 -0.000000
9.700000 -0.000000
9.750000 -0.000000
9.800000 -0.000000
9.850000 -0.000000
9.900000 -0.000000
9.950000 -0.000000
10.000000 -0.000000
10.050000 -0.000000
10.100000 -0.000000
10.150000 -0.000000
10.200000 -0.000000
10.250000 -0.000000
10.300000 -0.000000
10.350000 -0.000000
10.400000 -0.000000
10.450000 -0.000000
10.500000 -0.000000
10.550000 -0.000000
10.600000 -0.000000
10.650000 -0.000000
10.700000 0.000000
10.750000 -0.000000
10.800000 0.000000
10.850000 -0.000000
10.900000 0.000000
10.950000 -0.000000
11.000000 0.000000
11.050000 -0.000000
11.100000 0.000000
11.150000 -0.000000
11.200000 0.000000
11.250000 -0.000000
11.300000 0.000000
11.350000 -0.000000
11.400000 0.000000
11.450000 -0.000000
11.500000 0.000000
11.550000 -0.000000
11.600000 0.000000
11.650000 -0.000000
11.700000 0.000000
11.750000 -0.000000
11.800000 0.000000
11.850000 -0.000000
11.900000 0.000000
11.950000 -0.000000
12.000000 0.000000
12.050000 -0.000000
12.100000 0.000000
12.150000 -0.000000
12.200000 0.000000
12.250000 -0.000000
12.300000 0.000000
12.350000 -0.000000
12.400000 0.000000
12.450000 -0.000000
12.500000 0.000000
12.550000 -0.000000
12.600000 0.000000
12.650000 -0.000000
12.700000 0.000000
12.750000 -0.000000
12.800000 0.000000
12.850000 -0.000000
12.900000 0.000000
12.950000 -0.000000
13.000000 0.000000
13.050000 -0.000000
13.100000 0.000000
13.150000 -0.000000
13.200000 0.000000
13.250000 -0.000000
13.300000 0.000000
13.350000 -0.000000
13.400000 0.000000
13.450000 -0.000000
13.500000 -0.000000
13.550000 0.000000
13.600000 -0.000000
13.650000 0.000000
13.700000 -0.000000
13.750000 0.000000
13.800000 -0.000000
13.850000 0.000000
13.900000 -0.000000
13.950000 0.000000
14.000000 -0.000000
14.050000 0.000000
14.100000 -0.000000
14.150000 0.000000
14.200000 -0.000000
14.250000 0.000000
14.300000 -0.000000
14.350000 0.000000
14.400000 -0.000000
14.450000 0.000000
14.500000 -0.000000
14.550000 0.000000
14.600000 -0.000000
14.650000 0.000000
14.700000 -0.000000
14.750000 0.000000
14.800000 -0.000000
14.850000 0.000000
14.900000 -0.000000
14.950000 0.000000
15.000000 -0.000000
15.050000 0.000000
15.100000 -0.000000
15.150000 0.000000
15.200000 -0.000000
15.250000 0.000000
15.300000 -0.000000
15.350000 0.000000
15.400000 -0.000000
15.450000 0.000000
15.500000 -0.000000
15.550000 0.000000
15.600000 -0.000000
15.650000 0.000000
15.700000 -0.000000
15.750000 0.000000
15.800000 -0.000000
15.850000 0.000000
15.900000 -0.000000
15.950000 0.000000
16.000000 -0.000000
16.050000 0.000000
16.100000 -0.000000
16.150000 0.000000
16.200000 -0.000000
16.250000 0.000000
16.300000 -0.000000
16.350000 0.000000
16.400000 -0.000000
16.450000 0.000000
16.500000 -0.000000
16.550000 0.000000
16.600000 -0.000000
16.650000 0.000000
16.700000 -0.000000
16.750000 0.000000
16.800000 -0.000000
16.850000 0.000000
16.900000 -0.000000
16.950000 0.000000
17.000000 -0.000000
17.050000 0.000000
17.100000 -0.000000
17.150000 0.000000
17.200000 -0.000000
17.250000 0.000000
17.300000 -0.000000
17.350000 0.000000
17.400000 -0.000000
17.450000 -0.000000
17.500000 0.000000
17.550000 -0.000000
17.600000 0.000000
17.650000 -0.000000
17.700000 0.000000
17.750000 -0.000000
17.800000 0.000000
17.850000 -0.000000
17.900000 0.000000
17.950000 -0.000000
18.000000 0.000000
18.050000 -0.000000
18.100000 0.000000
18.150000 -0.000000
18.200000 0.000000
18.250000 -0.000000
18.300000 0.000000
18.350000 -0.000000
18.400000 0.000000
18.450000 -0.000000
18.500000 0.000000
18.550000 -0.000000
18.600000 0.000000
18.650000 -0.000000
18.700000 0.000000
18.750000 -0.000000
18.800000 0.000000
18.850000 -0.000000
18.900000 0.000000
18.950000 -0.000000
19.000000 0.000000
19.050000 -0.000000
19.100000 0.000000
19.150000 -0.000000
19.200000 0.000000
19.250000 -0.000000
19.300000 0.000000
19.350000 -0.000000
19.400000 0.000000
19.450000 -0.000000
19.500000 0.000000
19.550000 -0.000000
19.600000 0.000000
19.650000 -0.000000
19.700000 0.000000
19.750000 -0.000000
19.800000 0.000000
19.850000 -0.000000
19.900000 0.000000
19.950000 -0.000000
20.000000 0.000000
20.050000 -0.000000
20.100000 0.000000
20.150000 -0.000000
20.200000 0.000000
20.250000 -0.000000
20.300000 0.000000
20.350000 -0.000000
20.400000 0.000000
20.450000 -0.000000
20.500000 0.000000
20.550000 -0.000000
20.600000 0.000000
20.650000 -0.000000
20.700000 0.000000
20.750000 -0.000000
20.800000 0.000000
20.850000 -0.000000
20.900000 0.000000
20.950000 -0.000000
21.000000 0.000000
21.050000 -0.000000
21.100000 0.000000
21.150000 0.000000
21.200000 -0.000000
21.250000 0.000000
21.300000 -0.000000
21.350000 0.000000
21.400000 -0.000000
21.450000 0.000000
21.500000 -0.000000
21.550000 0.000000
21.600000 -0.000000
21.650000 0.000000
21.700000 -0.000000
21.750000 0.000000
21.800000 -0.000000
21.850000 0.000000
21.900000 -0.000000
21.950000 0.000000
22.000000 -0.000000
22.050000 0.000000
22.100000 -0.000000
22.150000 0.000000
22.200000 -0.000000
22.250000 0.000000
22.300000 -0.000000
22.350000 0.000000
22.400000 -0.000000
22.450000 0.000000
22.500000 -0.000000
22.550000 0.000000
22.600000 -0.000000
22.650000 0.000000
22.700000 -0.000000
22.750000 0.000000
22.800000 -0.000000
22.850000 0.000000
22.900000 -0.000000
22.950000 0.000000
23.000000 -0.000000
23.050000 0.000000
23.100000 -0.000000
23.150000 0.000000
23.200000 -0.000000
23.250000 0.000000
23.300000 -0.000000
23.350000 0.000000
23.400000 -0.000000
23.450000 0.000000
23.500000 -0.000000
23.550000 0.000000
23.600000 -0.000000
23.650000 0.000000
23.700000 -0.000000
23.750000 0.000000
23.800000 -0.000000
23.850000 0.000000
23.900000 -0.000000
23.950000 0.000000
24.000000 -0.000000
24.050000 0.000000
24.100000 -0.000000
24.150000 0.000000
24.200000 -0.000000
24.250000 0.000000
24.300000 -0.000000
24.350000 0.000000
24.400000 -0.000000
24.450000 0.000000
24.500000 -0.000000
24.550000 0.000000
24.600000 -0.000000
24.650000 0.000000
24.700000 -0.000000
24.750000 0.000000
24.800000 0.000000
24.850000 -0.000000
24.900000 0.000000
24.950000 -0.000000
25.000000 0.000000
25.050000 -0.000000
25.100000 0.000000
25.150000 -0.000000
25.200000 0.000000
25.250000 -0.000000
25.300000 0.000000
25.350000 -0.000000
25.400000 0.000000
25.450000 -0.000000
25.500000 0.000000
25.550000 -0.000000
25.600000 0.000000
25.650000 -0.000000
25.700000 0.000000
25.750000 -0.000000
25.800000 0.000000
25.850000 -0.000000
25.900000 0.000000
25.950000 -0.000000
26.000000 0.000000
26.050000 -0.000000
26.100000 0.000000
26.150000 -0.000000
26.200000 0.000000
26.250000 -0.000000
26.300000 0.000000
26.350000 -0.000000
26.400000 0.000000
26.450000 -0.000000
26.500000 0.000000
26.550000 -0.000000
26.600000 0.000000
26.650000 -0.000000
26.700000 0.000000
26.750000 -0.000000
26.800000 0.000000
26.850000 -0.000000
26.900000 0.000000
26.950000 -0.000000
27.000000 0.000000
27.050000 -0.000000
27.100000 0.000000
27.150000 -0.000000
27.200000 0.000000
27.250000 -0.000000
27.300000 0.000000
27.350000 -0.000000
27.400000 0.000000
27.450000 -0.000000
27.500000 0.000000
27.550000 -0.000000
27.600000 0.000000
27.650000 -0.000000
27.700000 0.000000
27.750000 -0.000000
27.800000 0.000000
27.850000 -0.000000
27.900000 0.000000
27.950000 -0.000000
28.000000 0.000000
28.050000 -0.000000
28.100000 0.000000
28.150000 -0.000000
28.200000 0.000000
28.250000 0.000000
28.300000 -0.000000
28.350000 0.000000
28.400000 -0.000000
28.450000 0.000000
28.500000 -0.000000
28.550000 0.000000
28.600000 -0.000000
28.650000 0.000000
28.700000 -0.000000
28.750000 0.000000
28.800000 -0.000000
28.850000 0.000000
28.900000 -0.000000
28.950000 0.000000
29.000000 -0.000000
29.050000 0.000000
29.100000 -0.000000
29.150000 0.000000
29.200000 -0.000000
29.250000 0.000000
29.300000 -0.000000
29.350000 0.000000
29.400000 -0.000000
29.450000 0.000000
29.500000 -0.000000
29.550000 0.000000
29.600000 -0.000000
29.650000 0.000000
29.700000 -0.000000
29.750000 0.000000
29.800000 -0.000000
29.850000 0.000000
29.900000 -0.000000
29.950000 0.000000
30.000000 -0.000000
30.050000 0.000000
30.100000 -0.000000
30.150000 0.000000
30.200000 -0.000000
30.250000 0.000000
30.300000 -0.000000
30.350000 0.000000
30.400000 -0.000000
30.450000 0.000000
30.500000 -0.000000
30.550000 0.000000
30.600000 -0.000000
30.650000 0.000000
30.700000 -0.000000
30.750000 0.000000
30.800000 -0.000000
30.850000 0.000000
30.900000 -0.000000
30.950000 0.000000
31.000000 -0.000000
31.050000 0.000000
31.100000 -0.000000
31.150000 0.000000
31.200000 -0.000000
31.250000 0.000000
31.300000 -0.000000
31.350000 0.000000
31.400000 -0.000000
31.450000 0.000000
31.500000 -0.000000
31.550000 -0.000000
31.600000 0.000000
31.650000 -0.000000
31.700000 0.000000
31.750000 -0.000000
31.800000 0.000000
31.850000 -0.000000
31.900000 0.000000
31.950000 -0.000000
32.000000 0.000000
32.050000 -0.000000
32.100000 0.000000
32.150000 -0.000000
32.200000 0.000000
32.250000 -0.000000
32.300000 0.000000
32.350000 -0.000000
32.400000 0.000000
32.450000 -0.000000
32.500000 0.000000
32.550000 -0.000000
32.600000 0.000000
32.650000 -0.000000
32.700000 0.000000
32.750000 -0.000000
32.800000 0.000000
32.850000 -0.000000
32.900000 0.000000
32.950000 -0.000000
33.000000 0.000000
33.050000 -0.000000
33.100000 0.000000
33.150000 -0.000000
33.200000 0.000000
33.250000 -0.000000
33.300000 0.000000
33.350000 -0.000000
33.400000 0.000000
33.450000 -0.000000
33.500000 0.000000
33.550000 -0.000000
33.600000 0.000000
33.650000 -0.000000
33.700000 0.000000
33.750000 -0.000000
33.800000 0.000000
33.850000 -0.000000
33.900000 0.000000
33.950000 -0.000000
34.000000 0.000000
34.050000 -0.000000
34.100000 0.000000
34.150000 -0.000000
34.200000 0.000000
34.250000 -0.000000
34.300000 0.000000
34.350000 -0.000000
34.400000 0.000000
34.450000 -0.000000
34.500000 0.000000
34.550000 -0.000000
34.600000 0.000000
34.650000 -0.000000
34.700000 0.000000
34.750000 0.000000
34.800000 -0.000000
34.850000 0.000000
34.900000 -0.000000
34.950000 0.000000
35.000000 -0.000000
35.050000 0.000000
35.100000 -0.000000
35.150000 0.000000
35.200000 -0.000000
35.250000 0.000000
35.300000 -0.000000
35.350000 0.000000
35.400000 -0.000000
35.450000 0.000000
35.500000 -0.000000
35.550000 0.000000
35.600000 -0.000000
35.650000 0.000000
35.700000 -0.000000
35.750000 0.000000
35.800000 -0.000000
35.850000 0.000000
35.900000 -0.000000
35.950000 0.000000
36.000000 -0.000000
36.050000 0.000000
36.100000 -0.000000
36.150000 0.000000
36.200000 -0.000000
36.250000 0.000000
36.300000 -0.000000
36.350000 0.000000
36.400000 -0.000000
36.450000 0.000000
36.500000 -0.000000
36.550000 0.000000
36.600000 -0.000000
36.650000 0.000000
36.700000 -0.000000
36.750000 0.000000
36.800000 -0.000000
36.850000 0.000000
36.900000 -0.000000
36.950000 0.000000
37.000000 -0.000000
37.050000 0.000000
37.100000 -0.000000
37.150000 0.000000
37.200000 -0.000000
37.250000 0.000000
37.300000 -0.000000
37.350000 0.000000
37.400000 -0.000000
37.450000 0.000000
37.500000 -0.000000
37.550000 0.000000
37.600000 -0.000000
37.650000 0.000000
37.700000 -0.000000
37.750000 0.000000
37.800000 0.000000
37.850000 -0.000000
37.900000 0.000000
37.950000 -0.000000
38.000000 0.000000
38.050000 -0.000000
38.100000 0.000000
38.150000 -0.000000
38.200000 0.000000
38.250000 -0.000000
38.300000 0.000000
38.350000 -0.000000
38.400000 0.000000
38.450000 -0.000000
38.500000 0.000000
38.550000 -0.000000
38.600000 0.000000
38.650000 -0.000000
38.700000 0.000000
38.750000 -0.000000
38.800000 0.000000
38.850000 -0.000000
38.900000 0.000000
38.950000 -0.000000
39.000000 0.000000
39.050000 -0.000000
39.100000 0.000000
39.150000 -0.000000
39.200000 0.000000
39.250000 -0.000000
39.300000 0.000000
39.350000 -0.000000
39.400000 0.000000
39.450000 -0.000000
39.500000 0.000000
39.550000 -0.000000
39.600000 0.000000
39.650000 -0.000000
39.700000 0.000000
39.750000 -0.000000
39.800000 0.000000
39.850000 -0.000000
39.900000 0.000000
39.950000 -0.000000
40.000000 0.000000
40.050000 -0.000000
40.100000 0.000000
40.150000 -0.000000
40.200000 0.000000
40.250000 -0.000000
40.300000 0.000000
40.350000 -0.000000
40.400000 0.000000
40.450000 -0.000000
40.500000 0.000000
40.550000 -0.000000
40.600000 0.000000
40.650000 -0.000000
40.700000 -0.000000
40.750000 -0.000000
40.800000 -0.000000
40.850000 0.000000
40.900000 -0.000000
40.950000 0.000000
41.000000 -0.000000
41.050000 0.000000
41.100000 -0.000000
41.150000 0.000000
41.200000 -0.000000
41.250000 0.000000
41.300000 -0.000000
41.350000 0.000000
41.400000 -0.000000
41.450000 0.000000
41.500000 -0.000000
41.550000 0.000000
41.600000 -0.000000
41.650000 0.000000
41.700000 -0.000000
41.750000 0.000000
41.800000 -0.000000
41.850000 0.000000
41.900000 -0.000000
41.950000 0.000000
42.000000 -0.000000
42.050000 0.000000
42.100000 -0.000000
42.150000 0.000000
42.200000 -0.000000
42.250000 0.000000
42.300000 -0.000000
42.350000 0.000000
42.400000 -0.000000
42.450000 0.000000
42.500000 -0.000000
42.550000 0.000000
42.600000 -0.000000
42.650000 0.000000
42.700000 -0.000000
42.750000 0.000000
42.800000 -0.000000
42.850000 0.000000
42.900000 -0.000000
42.950000 0.000000
43.000000 -0.000000
43.050000 -0.000000
43.100000 -0.000000
43.150000 0.000000
43.200000 0.000000
43.250000 0.000000
43.300000 0.000000
43.350000 0.000000
43.400000 -0.000000
43.450000 -0.000000
43.500000 -0.000000
43.550000 -0.000000
43.600000 -0.000000
43.650000 0.000000
43.700000 0.000000
43.750000 0.000000
43.800000 0.000000
43.850000 -0.000000
43.900000 -0.000000
43.950000 -0.000000
44.000000 -0.000000
44.050000 -0.000000
44.100000 0.000000
44.150000 0.000000
44.200000 0.000000
44.250000 0.000000
44.300000 0.000000
44.350000 -0.000000
44.400000 -0.000000
44.450000 -0.000000
44.500000 -0.000000
44.550000 -0.000000
44.600000 0.000000
44.650000 0.000000
44.700000 0.000000
44.750000 0.000000
44.800000 0.000000
44.850000 -0.000000
44.900000 -0.000000
44.950000 -0.000000
