-30.000000 0.000001
-29.950000 -0.000000
-29.900000 0.000000
-29.850000 -0.000001
-29.800000 -0.000001
-29.750000 -0.000002
-29.700000 -0.000001
-29.650000 -0.000001
-29.600000 -0.000000
-29.550000 -0.000000
-29.500000 0.000001
-29.450000 0.000001
-29.400000 0.000002
-29.350000 0.000001
-29.300000 0.000001
-29.250000 0.000000
-29.200000 0.000000
-29.150000 -0.000001
-29.100000 -0.000001
-29.050000 -0.000002
-29.000000 -0.000001
-28.950000 -0.000002
-28.900000 -0.000000
-28.850000 -0.000000
-28.800000 0.000001
-28.750000 0.000001
-28.700000 0.000002
-28.650000 0.000001
-28.600000 0.000002
-28.550000 0.000000
-28.500000 0.000000
-28.450000 -0.000002
-28.400000 -0.000001
-28.350000 -0.000002
-28.300000 -0.000001
-28.250000 -0.000002
-28.200000 -0.000000
-28.150000 -0.000000
-28.100000 0.000002
-28.050000 0.000001
-28.000000 0.000003
-27.950000 0.000002
-27.900000 0.000002
-27.850000 0.000000
-27.800000 0.000000
-27.750000 -0.000002
-27.700000 -0.000002
-27.650000 -0.000003
-27.600000 -0.000002
-27.550000 -0.000002
-27.500000 -0.000001
-27.450000 -0.000000
-27.400000 0.000002
-27.350000 0.000002
-27.300000 0.000003
-27.250000 0.000002
-27.200000 0.000002
-27.150000 0.000001
-27.100000 0.000000
-27.050000 -0.000002
-27.000000 -0.000002
-26.950000 -0.000003
-26.900000 -0.000003
-26.850000 -0.000003
-26.800000 -0.000001
-26.750000 -0.000001
-26.700000 0.000001
-26.650000 0.000002
-26.600000 0.000003
-26.550000 0.000003
-26.500000 0.000003
-26.450000 0.000002
-26.400000 0.000001
-26.350000 -0.000001
-26.300000 -0.000002
-26.250000 -0.000003
-26.200000 -0.000003
-26.150000 -0.000004
-26.100000 -0.000002
-26.050000 -0.000002
-26.000000 0.000000
-25.950000 0.000002
-25.900000 0.000003
-25.850000 0.000004
-25.800000 0.000004
-25.750000 0.000003
-25.700000 0.000002
-25.650000 0.000000
-25.600000 -0.000001
-25.550000 -0.000003
-25.500000 -0.000004
-25.450000 -0.000005
-25.400000 -0.000004
-25.350000 -0.000003
-25.300000 -0.000001
-25.250000 0.000000
-25.200000 0.000003
-25.150000 0.000004
-25.100000 0.000005
-25.050000 0.000005
-25.000000 0.000004
-24.950000 0.000002
-24.900000 0.000001
-24.850000 -0.000002
-24.800000 -0.000004
-24.750000 -0.000005
-24.700000 -0.000005
-24.650000 -0.000005
-24.600000 -0.000004
-24.550000 -0.000002
-24.500000 0.000000
-24.450000 0.000003
-24.400000 0.000005
-24.350000 0.000006
-24.300000 0.000006
-24.250000 0.000005
-24.200000 0.000003
-24.150000 0.000001
-24.100000 -0.000002
-24.050000 -0.000004
-24.000000 -0.000006
-23.950000 -0.000007
-23.900000 -0.000007
-23.850000 -0.000005
-23.800000 -0.000003
-23.750000 -0.000000
-23.700000 0.000002
-23.650000 0.000005
-23.600000 0.000007
-23.550000 0.000008
-23.500000 0.000007
-23.450000 0.000006
-23.400000 0.000003
-23.350000 -0.000000
-23.300000 -0.000004
-23.250000 -0.000006
-23.200000 -0.000008
-23.150000 -0.000008
-23.100000 -0.000008
-23.050000 -0.000005
-23.000000 -0.000003
-22.950000 0.000001
-22.900000 0.000004
-22.850000 0.000008
-22.800000 0.000009
-22.750000 0.000010
-22.700000 0.000008
-22.650000 0.000006
-22.600000 0.000002
-22.550000 -0.000001
-22.500000 -0.000005
-22.450000 -0.000008
-22.400000 -0.000011
-22.350000 -0.000010
-22.300000 -0.000010
-22.250000 -0.000007
-22.200000 -0.000003
-22.150000 0.000002
-22.100000 0.000005
-22.050000 0.000010
-22.000000 0.000011
-21.950000 0.000013
-21.900000 0.000011
-21.850000 0.000008
-21.800000 0.000003
-21.750000 -0.000001
-21.700000 -0.000007
-21.650000 -0.000010
-21.600000 -0.000013
-21.550000 -0.000013
-21.500000 -0.000013
-21.450000 -0.000009
-21.400000 -0.000005
-21.350000 0.000001
-21.300000 0.000006
-21.250000 0.000011
-21.200000 0.000014
-21.150000 0.000016
-21.100000 0.000014
-21.050000 0.000012
-21.000000 0.000007
-20.950000 0.000001
-20.900000 -0.000006
-20.850000 -0.000011
-20.800000 -0.000016
-20.750000 -0.000017
-20.700000 -0.000018
-20.650000 -0.000014
-20.600000 -0.000010
-20.550000 -0.000003
-20.500000 0.000004
-20.450000 0.000011
-20.400000 0.000016
-20.350000 0.000020
-20.300000 0.000020
-20.250000 0.000018
-20.200000 0.000013
-20.150000 0.000007
-20.100000 -0.000001
-20.050000 -0.000009
-20.000000 -0.000016
-19.950000 -0.000020
-19.900000 -0.000023
-19.850000 -0.000022
-19.800000 -0.000018
-19.750000 -0.000012
-19.700000 -0.000004
-19.650000 0.000006
-19.600000 0.000014
-19.550000 0.000021
-19.500000 0.000025
-19.450000 0.000026
-19.400000 0.000024
-19.350000 0.000018
-19.300000 0.000010
-19.250000 0.000000
-19.200000 -0.000010
-19.150000 -0.000019
-19.100000 -0.000026
-19.050000 -0.000030
-19.000000 -0.000030
-18.950000 -0.000026
-18.900000 -0.000018
-18.850000 -0.000008
-18.800000 0.000003
-18.750000 0.000015
-18.700000 0.000024
-18.650000 0.000031
-18.600000 0.000034
-18.550000 0.000033
-18.500000 0.000028
-18.450000 0.000019
-18.400000 0.000007
-18.350000 -0.000006
-18.300000 -0.000019
-18.250000 -0.000029
-18.200000 -0.000037
-18.150000 -0.000040
-18.100000 -0.000038
-18.050000 -0.000032
-18.000000 -0.000021
-17.950000 -0.000007
-17.900000 0.000008
-17.850000 0.000022
-17.800000 0.000034
-17.750000 0.000043
-17.700000 0.000046
-17.650000 0.000044
-17.600000 0.000037
-17.550000 0.000025
-17.500000 0.000010
-17.450000 -0.000008
-17.400000 -0.000024
-17.350000 -0.000039
-17.300000 -0.000048
-17.250000 -0.000054
-17.200000 -0.000052
-17.150000 -0.000045
-17.100000 -0.000031
-17.050000 -0.000015
-17.000000 0.000005
-16.950000 0.000024
-16.900000 0.000042
-16.850000 0.000054
-16.800000 0.000062
-16.750000 0.000061
-16.700000 0.000055
-16.650000 0.000041
-16.600000 0.000024
-16.550000 0.000001
-16.500000 -0.000021
-16.450000 -0.000042
-16.400000 -0.000058
-16.350000 -0.000070
-16.300000 -0.000073
-16.250000 -0.000069
-16.200000 -0.000056
-16.150000 -0.000038
-16.100000 -0.000014
-16.050000 0.000012
-16.000000 0.000038
-15.950000 0.000059
-15.900000 0.000076
-15.850000 0.000084
-15.800000 0.000085
-15.750000 0.000075
-15.700000 0.000058
-15.650000 0.000033
-15.600000 0.000005
-15.550000 -0.000026
-15.500000 -0.000054
-15.450000 -0.000078
-15.400000 -0.000094
-15.350000 -0.000101
-15.300000 -0.000098
-15.250000 -0.000085
-15.200000 -0.000061
-15.150000 -0.000032
-15.100000 0.000002
-15.050000 0.000037
-15.000000 0.000070
-14.950000 0.000096
-14.900000 0.000114
-14.850000 0.000120
-14.800000 0.000115
-14.750000 0.000098
-14.700000 0.000071
-14.650000 0.000035
-14.600000 -0.000004
-14.550000 -0.000046
-14.500000 -0.000083
-14.450000 -0.000114
-14.400000 -0.000135
-14.350000 -0.000143
-14.300000 -0.000138
-14.250000 -0.000119
-14.200000 -0.000088
-14.150000 -0.000048
-14.100000 -0.000001
-14.050000 0.000047
-14.000000 0.000092
-13.950000 0.000130
-13.900000 0.000158
-13.850000 0.000171
-13.800000 0.000169
-13.750000 0.000150
-13.700000 0.000118
-13.650000 0.000073
-13.600000 0.000020
-13.550000 -0.000037
-13.500000 -0.000092
-13.450000 -0.000141
-13.400000 -0.000179
-13.350000 -0.000202
-13.300000 -0.000207
-13.250000 -0.000195
-13.200000 -0.000164
-13.150000 -0.000118
-13.100000 -0.000059
-13.050000 0.000006
-13.000000 0.000074
-12.950000 0.000137
-12.900000 0.000191
-12.850000 0.000230
-12.800000 0.000250
-12.750000 0.000250
-12.700000 0.000228
-12.650000 0.000186
-12.600000 0.000126
-12.550000 0.000054
-12.500000 -0.000026
-12.450000 -0.000106
-12.400000 -0.000180
-12.350000 -0.000242
-12.300000 -0.000286
-12.250000 -0.000308
-12.200000 -0.000306
-12.150000 -0.000278
-12.100000 -0.000226
-12.050000 -0.000155
-12.000000 -0.000068
-11.950000 0.000028
-11.900000 0.000124
-11.850000 0.000215
-11.800000 0.000291
-11.750000 0.000348
-11.700000 0.000379
-11.650000 0.000382
-11.600000 0.000354
-11.550000 0.000298
-11.500000 0.000217
-11.450000 0.000117
-11.400000 0.000003
-11.350000 -0.000115
-11.300000 -0.000229
-11.250000 -0.000329
-11.200000 -0.000409
-11.150000 -0.000461
-11.100000 -0.000481
-11.050000 -0.000465
-11.000000 -0.000415
-10.950000 -0.000332
-10.900000 -0.000222
-10.850000 -0.000091
-10.800000 0.000051
-10.750000 0.000196
-10.700000 0.000331
-10.650000 0.000448
-10.600000 0.000538
-10.550000 0.000593
-10.500000 0.000608
-10.450000 0.000582
-10.400000 0.000513
-10.350000 0.000407
-10.300000 0.000268
-10.250000 0.000106
-10.200000 -0.000071
-10.150000 -0.000249
-10.100000 -0.000418
-10.050000 -0.000565
-10.000000 -0.000680
-9.950000 -0.000754
-9.900000 -0.000782
-9.850000 -0.000759
-9.800000 -0.000685
-9.750000 -0.000563
-9.700000 -0.000401
-9.650000 -0.000205
-9.600000 0.000011
-9.550000 0.000236
-9.500000 0.000454
-9.450000 0.000653
-9.400000 0.000818
-9.350000 0.000940
-9.300000 0.001008
-9.250000 0.001017
-9.200000 0.000963
-9.150000 0.000849
-9.100000 0.000678
-9.050000 0.000460
-9.000000 0.000204
-8.950000 -0.000074
-8.900000 -0.000360
-8.850000 -0.000635
-8.800000 -0.000886
-8.750000 -0.001095
-8.700000 -0.001251
-8.650000 -0.001340
-8.600000 -0.001356
-8.550000 -0.001296
-8.500000 -0.001161
-8.450000 -0.000954
-8.400000 -0.000685
-8.350000 -0.000366
-8.300000 -0.000014
-8.250000 0.000354
-8.200000 0.000719
-8.150000 0.001061
-8.100000 0.001360
-8.050000 0.001601
-8.000000 0.001766
-7.950000 0.001846
-7.900000 0.001833
-7.850000 0.001723
-7.800000 0.001520
-7.750000 0.001230
-7.700000 0.000863
-7.650000 0.000437
-7.600000 -0.000031
-7.550000 -0.000518
-7.500000 -0.001002
-7.450000 -0.001458
-7.400000 -0.001864
-7.350000 -0.002198
-7.300000 -0.002442
-7.250000 -0.002580
-7.200000 -0.002602
-7.150000 -0.002503
-7.100000 -0.002281
-7.050000 -0.001944
-7.000000 -0.001502
-6.950000 -0.000970
-6.900000 -0.000370
-6.850000 0.000275
-6.800000 0.000938
-6.750000 0.001590
-6.700000 0.002203
-6.650000 0.002749
-6.600000 0.003201
-6.550000 0.003536
-6.500000 0.003736
-6.450000 0.003787
-6.400000 0.003681
-6.350000 0.003415
-6.300000 0.002994
-6.250000 0.002429
-6.200000 0.001736
-6.150000 0.000936
-6.100000 0.000058
-6.050000 -0.000868
-6.000000 -0.001809
-5.950000 -0.002729
-5.900000 -0.003593
-5.850000 -0.004366
-5.800000 -0.005016
-5.750000 -0.005515
-5.700000 -0.005837
-5.650000 -0.005965
-5.600000 -0.005885
-5.550000 -0.005592
-5.500000 -0.005088
-5.450000 -0.004381
-5.400000 -0.003488
-5.350000 -0.002433
-5.300000 -0.001242
-5.250000 0.000047
-5.200000 0.001398
-5.150000 0.002768
-5.100000 0.004112
-5.050000 0.005386
-5.000000 0.006547
-4.950000 0.007550
-4.900000 0.008358
-4.850000 0.008936
-4.800000 0.009255
-4.750000 0.009291
-4.700000 0.009030
-4.650000 0.008462
-4.600000 0.007589
-4.550000 0.006417
-4.500000 0.004964
-4.450000 0.003252
-4.400000 0.001314
-4.350000 -0.000814
-4.300000 -0.003087
-4.250000 -0.005458
-4.200000 -0.007872
-4.150000 -0.010278
-4.100000 -0.012618
-4.050000 -0.014838
-4.000000 -0.016882
-3.950000 -0.018701
-3.900000 -0.020245
-3.850000 -0.021475
-3.800000 -0.022353
-3.750000 -0.022852
-3.700000 -0.022951
-3.650000 -0.022640
-3.600000 -0.021915
-3.550000 -0.020784
-3.500000 -0.019263
-3.450000 -0.017380
-3.400000 -0.015168
-3.350000 -0.012675
-3.300000 -0.009951
-3.250000 -0.007059
-3.200000 -0.004066
-3.150000 -0.001048
-3.100000 0.001917
-3.050000 0.004743
-3.000000 0.007342
-2.950000 0.009620
-2.900000 0.011485
-2.850000 0.012839
-2.800000 0.013586
-2.750000 0.013628
-2.700000 0.012866
-2.650000 0.011205
-2.600000 0.008547
-2.550000 0.004796
-2.500000 -0.000140
-2.450000 -0.006357
-2.400000 -0.013942
-2.350000 -0.022988
-2.300000 -0.033580
-2.250000 -0.045804
-2.200000 -0.059741
-2.150000 -0.075474
-2.100000 -0.093076
-2.050000 -0.112621
-2.000000 -0.134177
-1.950000 -0.157806
-1.900000 -0.183562
-1.850000 -0.211494
-1.800000 -0.241638
-1.750000 -0.274018
-1.700000 -0.308647
-1.650000 -0.345519
-1.600000 -0.384609
-1.550000 -0.425870
-1.500000 -0.469231
-1.450000 -0.514593
-1.400000 -0.561824
-1.350000 -0.610760
-1.300000 -0.661200
-1.250000 -0.712904
-1.200000 -0.765594
-1.150000 -0.818951
-1.100000 -0.872614
-1.050000 -0.926188
-1.000000 -0.979241
-0.950000 -1.031310
-0.900000 -1.081912
-0.850000 -1.130544
-0.800000 -1.176699
-0.750000 -1.219875
-0.700000 -1.259584
-0.650000 -1.295368
-0.600000 -1.326810
-0.550000 -1.353545
-0.500000 -1.375277
-0.450000 -1.391782
-0.400000 -1.402921
-0.350000 -1.408646
-0.300000 -1.409002
-0.250000 -1.404130
-0.200000 -1.394268
-0.150000 -1.379742
-0.100000 -1.360965
-0.050000 -1.338427
0.000000 -1.312694
0.050000 -1.284388
0.100000 -1.254191
0.150000 -1.222829
0.200000 -1.191072
0.250000 -1.159728
0.300000 -1.129641
0.350000 -1.101695
0.400000 -1.076814
0.450000 -1.055973
0.500000 -1.040207
0.550000 -1.030621
0.600000 -1.028410
0.650000 -1.034869
0.700000 -1.051416
0.750000 -1.079606
0.800000 -1.121145
0.850000 -1.177901
0.900000 -1.251901
0.950000 -1.345320
1.000000 -1.460449
1.050000 -1.599636
1.100000 -1.765188
1.150000 -1.959237
1.200000 -2.183543
1.250000 -2.439245
1.300000 -2.726540
1.350000 -3.044320
1.400000 -3.389767
1.450000 -3.757957
1.500000 -4.141544
1.550000 -4.530580
1.600000 -4.912601
1.650000 -5.273030
1.700000 -5.595979
1.750000 -5.865419
1.800000 -6.066624
1.850000 -6.187704
1.900000 -6.220968
1.950000 -6.163852
2.000000 -6.019244
2.050000 -5.795106
2.100000 -5.503506
2.150000 -5.159221
2.200000 -4.778219
2.250000 -4.376214
2.300000 -3.967535
2.350000 -3.564351
2.400000 -3.176295
2.450000 -2.810411
2.500000 -2.471338
2.550000 -2.161645
2.600000 -1.882230
2.650000 -1.632717
2.700000 -1.411829
2.750000 -1.217697
2.800000 -1.048113
2.850000 -0.900716
2.900000 -0.773136
2.950000 -0.663083
3.000000 -0.568411
3.050000 -0.487149
3.100000 -0.417516
3.150000 -0.357925
3.200000 -0.306976
3.250000 -0.263441
3.300000 -0.226254
3.350000 -0.194493
3.400000 -0.167362
3.450000 -0.144178
3.500000 -0.124359
3.550000 -0.107403
3.600000 -0.092887
3.650000 -0.080448
3.700000 -0.069778
3.750000 -0.060614
3.800000 -0.052736
3.850000 -0.045953
3.900000 -0.040106
3.950000 -0.035059
4.000000 -0.030695
4.050000 -0.026916
4.100000 -0.023639
4.150000 -0.020792
4.200000 -0.018316
4.250000 -0.016158
4.300000 -0.014274
4.350000 -0.012628
4.400000 -0.011186
4.450000 -0.009922
4.500000 -0.008811
4.550000 -0.007834
4.600000 -0.006973
4.650000 -0.006214
4.700000 -0.005543
4.750000 -0.004949
4.800000 -0.004423
4.850000 -0.003956
4.900000 -0.003541
4.950000 -0.003173
5.000000 -0.002844
5.050000 -0.002552
5.100000 -0.002291
5.150000 -0.002058
5.200000 -0.001849
5.250000 -0.001663
5.300000 -0.001496
5.350000 -0.001347
5.400000 -0.001212
5.450000 -0.001092
5.500000 -0.000984
5.550000 -0.000887
5.600000 -0.000800
5.650000 -0.000721
5.700000 -0.000651
5.750000 -0.000587
5.800000 -0.000530
5.850000 -0.000479
5.900000 -0.000432
5.950000 -0.000390
6.000000 -0.000352
6.050000 -0.000318
6.100000 -0.000287
6.150000 -0.000260
6.200000 -0.000235
6.250000 -0.000212
6.300000 -0.000192
6.350000 -0.000174
6.400000 -0.000157
6.450000 -0.000142
6.500000 -0.000128
6.550000 -0.000116
6.600000 -0.000105
6.650000 -0.000095
6.700000 -0.000086
6.750000 -0.000078
6.800000 -0.000070
6.850000 -0.000064
6.900000 -0.000057
6.950000 -0.000052
7.000000 -0.000047
7.050000 -0.000043
7.100000 -0.000038
7.150000 -0.000035
7.200000 -0.000031
7.250000 -0.000029
7.300000 -0.000026
7.350000 -0.000023
7.400000 -0.000021
7.450000 -0.000019
7.500000 -0.000017
7.550000 -0.000016
7.600000 -0.000014
7.650000 -0.000013
7.700000 -0.000011
7.750000 -0.000010
7.800000 -0.000009
7.850000 -0.000009
7.900000 -0.000008
7.950000 -0.000007
8.000000 -0.000006
8.050000 -0.000006
8.100000 -0.000005
8.150000 -0.000005
8.200000 -0.000004
8.250000 -0.000004
8.300000 -0.000003
8.350000 -0.000003
8.400000 -0.000003
8.450000 -0.000003
8.500000 -0.000002
8.550000 -0.000002
8.600000 -0.000002
8.650000 -0.000002
8.700000 -0.000002
8.750000 -0.000001
8.800000 -0.000001
8.850000 -0.000001
8.900000 -0.000001
8.950000 -0.000001
9.000000 -0.000001
9.050000 -0.000001
9.100000 -0.000001
9.150000 -0.000001
9.200000 -0.000001
9.250000 -0.000000
9.300000 -0.000000
9.350000 -0.000000
9.400000 -0.000000
9.450000 -0.000000
9.500000 -0.000000
9.550000 -0.000000
9.600000 -0.000000
9.650000 -0.000000
9.700000 -0.000000
9.750000 -0.000000
9.800000 -0.000000
9.850000 -0.000000
9.900000 -0.000000
9.950000 -0.000000
10.000000 -0.000000
10.050000 -0.000000
10.100000 -0.000000
10.150000 -0.000000
10.200000 -0.000000
10.250000 0.000000
10.300000 -0.000000
10.350000 0.000000
10.400000 -0.000000
10.450000 0.000000
10.500000 -0.000000
10.550000 0.000000
10.600000 -0.000000
10.650000 0.000000
10.700000 -0.000000
10.750000 0.000000
10.800000 -0.000000
10.850000 0.000000
10.900000 -0.000000
10.950000 0.000000
11.000000 -0.000000
11.050000 0.000000
11.100000 -0.000000
11.150000 0.000000
11.200000 -0.000000
11.250000 0.000000
11.300000 -0.000000
11.350000 0.000000
11.400000 -0.000000
11.450000 0.000000
11.500000 -0.000000
11.550000 0.000000
11.600000 -0.000000
11.650000 0.000000
11.700000 -0.000000
11.750000 0.000000
11.800000 -0.000000
11.850000 0.000000
11.900000 -0.000000
11.950000 0.000000
12.000000 -0.000000
12.050000 0.000000
12.100000 -0.000000
12.150000 0.000000
12.200000 -0.000000
12.250000 0.000000
12.300000 -0.000000
12.350000 0.000000
12.400000 -0.000000
12.450000 0.000000
12.500000 -0.000000
12.550000 0.000000
12.600000 -0.000000
12.650000 0.000000
12.700000 -0.000000
12.750000 0.000000
12.800000 -0.000000
12.850000 0.000000
12.900000 -0.000000
12.950000 0.000000
13.000000 -0.000000
13.050000 0.000000
13.100000 -0.000000
13.150000 0.000000
13.200000 -0.000000
13.250000 0.000000
13.300000 -0.000000
13.350000 0.000000
13.400000 -0.000000
13.450000 -0.000000
13.500000 0.000000
13.550000 -0.000000
13.600000 0.000000
13.650000 -0.000000
13.700000 0.000000
13.750000 -0.000000
13.800000 0.000000
13.850000 -0.000000
13.900000 0.000000
13.950000 -0.000000
14.000000 0.000000
14.050000 -0.000000
14.100000 0.000000
14.150000 -0.000000
14.200000 0.000000
14.250000 -0.000000
14.300000 0.000000
14.350000 -0.000000
14.400000 0.000000
14.450000 -0.000000
14.500000 0.000000
14.550000 -0.000000
14.600000 0.000000
14.650000 -0.000000
14.700000 0.000000
14.750000 -0.000000
14.800000 0.000000
14.850000 -0.000000
14.900000 0.000000
14.950000 -0.000000
15.000000 0.000000
15.050000 -0.000000
15.100000 0.000000
15.150000 -0.000000
15.200000 0.000000
15.250000 -0.000000
15.300000 0.000000
15.350000 -0.000000
15.400000 0.000000
15.450000 -0.000000
15.500000 0.000000
15.550000 -0.000000
15.600000 0.000000
15.650000 -0.000000
15.700000 0.000000
15.750000 -0.000000
15.800000 0.000000
15.850000 -0.000000
15.900000 0.000000
15.950000 -0.000000
16.000000 0.000000
16.050000 -0.000000
16.100000 0.000000
16.150000 -0.000000
16.200000 0.000000
16.250000 -0.000000
16.300000 0.000000
16.350000 -0.000000
16.400000 0.000000
16.450000 -0.000000
16.500000 0.000000
16.550000 -0.000000
16.600000 0.000000
16.650000 -0.000000
16.700000 0.000000
16.750000 -0.000000
16.800000 0.000000
16.850000 -0.000000
16.900000 0.000000
16.950000 -0.000000
17.000000 0.000000
17.050000 -0.000000
17.100000 0.000000
17.150000 -0.000000
17.200000 0.000000
17.250000 -0.000000
17.300000 0.000000
17.350000 -0.000000
17.400000 0.000000
17.450000 -0.000000
17.500000 0.000000
17.550000 -0.000000
17.600000 0.000000
17.650000 -0.000000
17.700000 0.000000
17.750000 -0.000000
17.800000 0.000000
17.850000 -0.000000
17.900000 -0.000000
17.950000 0.000000
18.000000 -0.000000
18.050000 0.000000
18.100000 -0.000000
18.150000 0.000000
18.200000 -0.000000
18.250000 0.000000
18.300000 -0.000000
18.350000 0.000000
18.400000 -0.000000
18.450000 0.000000
18.500000 -0.000000
18.550000 0.000000
18.600000 -0.000000
18.650000 0.000000
18.700000 -0.000000
18.750000 0.000000
18.800000 -0.000000
18.850000 0.000000
18.900000 -0.000000
18.950000 0.000000
19.000000 -0.000000
19.050000 0.000000
19.100000 -0.000000
19.150000 0.000000
19.200000 -0.000000
19.250000 0.000000
19.300000 -0.000000
19.350000 0.000000
19.400000 -0.000000
19.450000 0.000000
19.500000 -0.000000
19.550000 0.000000
19.600000 -0.000000
19.650000 0.000000
19.700000 -0.000000
19.750000 0.000000
19.800000 -0.000000
19.850000 0.000000
19.900000 -0.000000
19.950000 0.000000
20.000000 -0.000000
20.050000 0.000000
20.100000 -0.000000
20.150000 0.000000
20.200000 -0.000000
20.250000 0.000000
20.300000 -0.000000
20.350000 0.000000
20.400000 -0.000000
20.450000 0.000000
20.500000 -0.000000
20.550000 0.000000
20.600000 -0.000000
20.650000 0.000000
20.700000 -0.000000
20.750000 0.000000
20.800000 -0.000000
20.850000 0.000000
20.900000 -0.000000
20.950000 0.000000
21.000000 -0.000000
21.050000 0.000000
21.100000 -0.000000
21.150000 0.000000
21.200000 -0.000000
21.250000 0.000000
21.300000 -0.000000
21.350000 0.000000
21.400000 -0.000000
21.450000 0.000000
21.500000 -0.000000
21.550000 0.000000
21.600000 -0.000000
21.650000 0.000000
21.700000 -0.000000
21.750000 0.000000
21.800000 -0.000000
21.850000 0.000000
21.900000 -0.000000
21.950000 0.000000
22.000000 -0.000000
22.050000 0.000000
22.100000 -0.000000
22.150000 0.000000
22.200000 0.000000
22.250000 -0.000000
22.300000 0.000000
22.350000 -0.000000
22.400000 0.000000
22.450000 -0.000000
22.500000 0.000000
22.550000 -0.000000
22.600000 0.000000
22.650000 -0.000000
22.700000 0.000000
22.750000 -0.000000
22.800000 0.000000
22.850000 -0.000000
22.900000 0.000000
22.950000 -0.000000
23.000000 0.000000
23.050000 -0.000000
23.100000 0.000000
23.150000 -0.000000
23.200000 0.000000
23.250000 -0.000000
23.300000 0.000000
23.350000 -0.000000
23.400000 0.000000
23.450000 -0.000000
23.500000 0.000000
23.550000 -0.000000
23.600000 0.000000
23.650000 -0.000000
23.700000 0.000000
23.750000 -0.000000
23.800000 0.000000
23.850000 -0.000000
23.900000 0.000000
23.950000 -0.000000
24.000000 0.000000
24.050000 -0.000000
24.100000 0.000000
24.150000 -0.000000
24.200000 0.000000
24.250000 -0.000000
24.300000 0.000000
24.350000 -0.000000
24.400000 0.000000
24.450000 -0.000000
24.500000 0.000000
24.550000 -0.000000
24.600000 0.000000
24.650000 -0.000000
24.700000 0.000000
24.750000 -0.000000
24.800000 0.000000
24.850000 -0.000000
24.900000 0.000000
24.950000 -0.000000
25.000000 0.000000
25.050000 -0.000000
25.100000 0.000000
25.150000 -0.000000
25.200000 0.000000
25.250000 -0.000000
25.300000 0.000000
25.350000 -0.000000
25.400000 0.000000
25.450000 -0.000000
25.500000 0.000000
25.550000 -0.000000
25.600000 0.000000
25.650000 -0.000000
25.700000 0.000000
25.750000 -0.000000
25.800000 0.000000
25.850000 -0.000000
25.900000 0.000000
25.950000 -0.000000
26.000000 0.000000
26.050000 -0.000000
26.100000 0.000000
26.150000 -0.000000
26.200000 0.000000
26.250000 -0.000000
26.300000 -0.000000
26.350000 0.000000
26.400000 -0.000000
26.450000 0.000000
26.500000 -0.000000
26.550000 0.000000
26.600000 -0.000000
26.650000 0.000000
26.700000 -0.000000
26.750000 0.000000
26.800000 -0.000000
26.850000 0.000000
26.900000 -0.000000
26.950000 0.000000
27.000000 -0.000000
27.050000 0.000000
27.100000 -0.000000
27.150000 0.000000
27.200000 -0.000000
27.250000 0.000000
27.300000 -0.000000
27.350000 0.000000
27.400000 -0.000000
27.450000 0.000000
27.500000 -0.000000
27.550000 0.000000
27.600000 -0.000000
27.650000 0.000000
27.700000 -0.000000
27.750000 0.000000
27.800000 -0.000000
27.850000 0.000000
27.900000 -0.000000
27.950000 0.000000
28.000000 -0.000000
28.050000 0.000000
28.100000 -0.000000
28.150000 0.000000
28.200000 -0.000000
28.250000 0.000000
28.300000 -0.000000
28.350000 0.000000
28.400000 -0.000000
28.450000 0.000000
28.500000 -0.000000
28.550000 0.000000
28.600000 -0.000000
28.650000 0.000000
28.700000 -0.000000
28.750000 0.000000
28.800000 -0.000000
28.850000 0.000000
28.900000 -0.000000
28.950000 0.000000
29.000000 -0.000000
29.050000 0.000000
29.100000 -0.000000
29.150000 0.000000
29.200000 -0.000000
29.250000 0.000000
29.300000 -0.000000
29.350000 0.000000
29.400000 -0.000000
29.450000 0.000000
29.500000 -0.000000
29.550000 0.000000
29.600000 -0.000000
29.650000 0.000000
29.700000 -0.000000
29.750000 0.000000
29.800000 -0.000000
29.850000 0.000000
29.900000 -0.000000
29.950000 0.000000
30.000000 -0.000000
30.050000 0.000000
30.100000 -0.000000
30.150000 0.000000
30.200000 0.000000
30.250000 -0.000000
30.300000 0.000000
30.350000 -0.000000
30.400000 0.000000
30.450000 -0.000000
30.500000 0.000000
30.550000 -0.000000
30.600000 0.000000
30.650000 -0.000000
30.700000 0.000000
30.750000 -0.000000
30.800000 0.000000
30.850000 -0.000000
30.900000 0.000000
30.950000 -0.000000
31.000000 0.000000
31.050000 -0.000000
31.100000 0.000000
31.150000 -0.000000
31.200000 0.000000
31.250000 -0.000000
31.300000 0.000000
31.350000 -0.000000
31.400000 0.000000
31.450000 -0.000000
31.500000 0.000000
31.550000 -0.000000
31.600000 0.000000
31.650000 -0.000000
31.700000 0.000000
31.750000 -0.000000
31.800000 0.000000
31.850000 -0.000000
31.900000 0.000000
31.950000 -0.000000
32.000000 0.000000
32.050000 -0.000000
32.100000 0.000000
32.150000 -0.000000
32.200000 0.000000
32.250000 -0.000000
32.300000 0.000000
32.350000 -0.000000
32.400000 0.000000
32.450000 -0.000000
32.500000 0.000000
32.550000 -0.000000
32.600000 0.000000
32.650000 -0.000000
32.700000 0.000000
32.750000 -0.000000
32.800000 0.000000
32.850000 -0.000000
32.900000 0.000000
32.950000 -0.000000
33.000000 0.000000
33.050000 -0.000000
33.100000 0.000000
33.150000 -0.000000
33.200000 0.000000
33.250000 -0.000000
33.300000 0.000000
33.350000 -0.000000
33.400000 0.000000
33.450000 -0.000000
33.500000 0.000000
33.550000 -0.000000
33.600000 0.000000
33.650000 -0.000000
33.700000 0.000000
33.750000 -0.000000
33.800000 0.000000
33.850000 -0.000000
33.900000 0.000000
33.950000 -0.000000
34.000000 -0.000000
34.050000 0.000000
34.100000 -0.000000
34.150000 0.000000
34.200000 -0.000000
34.250000 0.000000
34.300000 -0.000000
34.350000 0.000000
34.400000 -0.000000
34.450000 0.000000
34.500000 -0.000000
34.550000 0.000000
34.600000 -0.000000
34.650000 0.000000
34.700000 -0.000000
34.750000 0.000000
34.800000 -0.000000
34.850000 0.000000
34.900000 -0.000000
34.950000 0.000000
35.000000 -0.000000
35.050000 0.000000
35.100000 -0.000000
35.150000 0.000000
35.200000 -0.000000
35.250000 0.000000
35.300000 -0.000000
35.350000 0.000000
35.400000 -0.000000
35.450000 0.000000
35.500000 -0.000000
35.550000 0.000000
35.600000 -0.000000
35.650000 0.000000
35.700000 -0.000000
35.750000 0.000000
35.800000 -0.000000
35.850000 0.000000
35.900000 -0.000000
35.950000 0.000000
36.000000 -0.000000
36.050000 0.000000
36.100000 -0.000000
36.150000 0.000000
36.200000 -0.000000
36.250000 0.000000
36.300000 -0.000000
36.350000 0.000000
36.400000 -0.000000
36.450000 0.000000
36.500000 -0.000000
36.550000 0.000000
36.600000 -0.000000
36.650000 0.000000
36.700000 -0.000000
36.750000 0.000000
36.800000 -0.000000
36.850000 0.000000
36.900000 -0.000000
36.950000 0.000000
37.000000 -0.000000
37.050000 0.000000
37.100000 -0.000000
37.150000 0.000000
37.200000 -0.000000
37.250000 0.000000
37.300000 -0.000000
37.350000 0.000000
37.400000 -0.000000
37.450000 0.000000
37.500000 -0.000000
37.550000 -0.000000
37.600000 0.000000
37.650000 -0.000000
37.700000 0.000000
37.750000 -0.000000
37.800000 0.000000
37.850000 -0.000000
37.900000 0.000000
37.950000 -0.000000
38.000000 0.000000
38.050000 -0.000000
38.100000 0.000000
38.150000 -0.000000
38.200000 0.000000
38.250000 -0.000000
38.300000 0.000000
38.350000 -0.000000
38.400000 0.000000
38.450000 -0.000000
38.500000 0.000000
38.550000 -0.000000
38.600000 0.000000
38.650000 -0.000000
38.700000 0.000000
38.750000 -0.000000
38.800000 0.000000
38.850000 -0.000000
38.900000 0.000000
38.950000 -0.000000
39.000000 0.000000
39.050000 -0.000000
39.100000 0.000000
39.150000 -0.000000
39.200000 0.000000
39.250000 -0.000000
39.300000 0.000000
39.350000 -0.000000
39.400000 0.000000
39.450000 -0.000000
39.500000 0.000000
39.550000 -0.000000
39.600000 0.000000
39.650000 -0.000000
39.700000 0.000000
39.750000 -0.000000
39.800000 0.000000
39.850000 -0.000000
39.900000 0.000000
39.950000 -0.000000
40.000000 0.000000
40.050000 -0.000000
40.100000 0.000000
40.150000 -0.000000
40.200000 0.000000
40.250000 -0.000000
40.300000 0.000000
40.350000 -0.000000
40.400000 0.000000
40.450000 -0.000000
40.500000 0.000000
40.550000 -0.000000
40.600000 0.000000
40.650000 -0.000000
40.700000 0.000000
40.750000 -0.000000
40.800000 -0.000000
40.850000 -0.000000
40.900000 -0.000000
40.950000 -0.000000
41.000000 0.000000
41.050000 0.000000
41.100000 0.000000
41.150000 0.000000
41.200000 -0.000000
41.250000 0.000000
41.300000 -0.000000
41.350000 -0.000000
41.400000 -0.000000
41.450000 0.000000
41.500000 -0.000000
41.550000 0.000000
41.600000 -0.000000
41.650000 0.000000
41.700000 -0.000000
41.750000 0.000000
41.800000 -0.000000
41.850000 0.000000
41.900000 -0.000000
41.950000 0.000000
42.000000 -0.000000
42.050000 0.000000
42.100000 -0.000000
42.150000 0.000000
42.200000 -0.000000
42.250000 0.000000
42.300000 -0.000000
42.350000 0.000000
42.400000 -0.000000
42.450000 0.000000
42.500000 -0.000000
42.550000 0.000000
42.600000 -0.000000
42.650000 0.000000
42.700000 -0.000000
42.750000 0.000000
42.800000 -0.000000
42.850000 0.000000
42.900000 -0.000000
42.950000 0.000000
43.000000 -0.000000
43.050000 0.000000
43.100000 -0.000000
43.150000 0.000000
43.200000 -0.000000
43.250000 0.000000
43.300000 -0.000000
43.350000 -0.000000
43.400000 -0.000000
43.450000 0.000000
43.500000 -0.000000
43.550000 0.000000
43.600000 0.000000
43.650000 0.000000
43.700000 -0.000000
43.750000 -0.000000
43.800000 -0.000000
43.850000 -0.000000
43.900000 -0.000000
43.950000 0.000000
44.000000 0.000000
44.050000 0.000000
44.100000 0.000000
44.150000 0.000000
44.200000 0.000000
44.250000 -0.000000
44.300000 -0.000000
44.350000 -0.000000
44.400000 -0.000000
44.450000 -0.000000
44.500000 0.000000
44.550000 0.000000
44.600000 0.000000
44.650000 0.000000
44.700000 0.000000
44.750000 -0.000000
44.800000 -0.000000
44.850000 -0.000000
44.900000 -0.000000
44.950000 -0.000000
