-30.000000 0.000014
-29.950000 0.000011
-29.900000 0.000022
-29.850000 0.000015
-29.800000 0.000023
-29.750000 0.000013
-29.700000 0.000019
-29.650000 0.000007
-29.600000 0.000010
-29.550000 -0.000002
-29.500000 0.000000
-29.450000 -0.000012
-29.400000 -0.000008
-29.350000 -0.000020
-29.300000 -0.000014
-29.250000 -0.000023
-29.200000 -0.000015
-29.150000 -0.000022
-29.100000 -0.000011
-29.050000 -0.000016
-29.000000 -0.000004
-28.950000 -0.000007
-28.900000 0.000006
-28.850000 0.000003
-28.800000 0.000016
-28.750000 0.000012
-28.700000 0.000022
-28.650000 0.000016
-28.600000 0.000025
-28.550000 0.000016
-28.500000 0.000022
-28.450000 0.000011
-28.400000 0.000015
-28.350000 0.000003
-28.300000 0.000005
-28.250000 -0.000008
-28.200000 -0.000005
-28.150000 -0.000018
-28.100000 -0.000014
-28.050000 -0.000024
-28.000000 -0.000018
-27.950000 -0.000026
-27.900000 -0.000017
-27.850000 -0.000023
-27.800000 -0.000012
-27.750000 -0.000015
-27.700000 -0.000002
-27.650000 -0.000004
-27.600000 0.000009
-27.550000 0.000007
-27.500000 0.000019
-27.450000 0.000015
-27.400000 0.000026
-27.350000 0.000020
-27.300000 0.000027
-27.250000 0.000019
-27.200000 0.000024
-27.150000 0.000012
-27.100000 0.000015
-27.050000 0.000002
-27.000000 0.000004
-26.950000 -0.000009
-26.900000 -0.000007
-26.850000 -0.000020
-26.800000 -0.000017
-26.750000 -0.000027
-26.700000 -0.000021
-26.650000 -0.000029
-26.600000 -0.000020
-26.550000 -0.000025
-26.500000 -0.000014
-26.450000 -0.000016
-26.400000 -0.000004
-26.350000 -0.000005
-26.300000 0.000009
-26.250000 0.000007
-26.200000 0.000020
-26.150000 0.000017
-26.100000 0.000028
-26.050000 0.000023
-26.000000 0.000030
-25.950000 0.000022
-25.900000 0.000027
-25.850000 0.000016
-25.800000 0.000019
-25.750000 0.000006
-25.700000 0.000007
-25.650000 -0.000007
-25.600000 -0.000006
-25.550000 -0.000019
-25.500000 -0.000017
-25.450000 -0.000028
-25.400000 -0.000024
-25.350000 -0.000032
-25.300000 -0.000025
-25.250000 -0.000030
-25.200000 -0.000020
-25.150000 -0.000022
-25.100000 -0.000010
-25.050000 -0.000010
-25.000000 0.000003
-24.950000 0.000003
-24.900000 0.000017
-24.850000 0.000016
-24.800000 0.000027
-24.750000 0.000024
-24.700000 0.000033
-24.650000 0.000027
-24.600000 0.000033
-24.550000 0.000024
-24.500000 0.000026
-24.450000 0.000015
-24.400000 0.000015
-24.350000 0.000001
-24.300000 0.000001
-24.250000 -0.000013
-24.200000 -0.000013
-24.150000 -0.000025
-24.100000 -0.000023
-24.050000 -0.000034
-24.000000 -0.000029
-23.950000 -0.000036
-23.900000 -0.000028
-23.850000 -0.000032
-23.800000 -0.000021
-23.750000 -0.000022
-23.700000 -0.000008
-23.650000 -0.000008
-23.600000 0.000006
-23.550000 0.000007
-23.500000 0.000021
-23.450000 0.000021
-23.400000 0.000032
-23.350000 0.000029
-23.300000 0.000038
-23.250000 0.000032
-23.200000 0.000037
-23.150000 0.000027
-23.100000 0.000029
-23.050000 0.000017
-23.000000 0.000016
-22.950000 0.000002
-22.900000 0.000001
-22.850000 -0.000014
-22.800000 -0.000015
-22.750000 -0.000028
-22.700000 -0.000027
-22.650000 -0.000037
-22.600000 -0.000034
-22.550000 -0.000040
-22.500000 -0.000033
-22.450000 -0.000037
-22.400000 -0.000026
-22.350000 -0.000026
-22.300000 -0.000013
-22.250000 -0.000011
-22.200000 0.000003
-22.150000 0.000005
-22.100000 0.000019
-22.050000 0.000021
-22.000000 0.000033
-21.950000 0.000032
-21.900000 0.000041
-21.850000 0.000037
-21.800000 0.000043
-21.750000 0.000035
-21.700000 0.000037
-21.650000 0.000026
-21.600000 0.000024
-21.550000 0.000011
-21.500000 0.000008
-21.450000 -0.000006
-21.400000 -0.000010
-21.350000 -0.000024
-21.300000 -0.000025
-21.250000 -0.000037
-21.200000 -0.000036
-21.150000 -0.000045
-21.100000 -0.000040
-21.050000 -0.000045
-21.000000 -0.000037
-20.950000 -0.000038
-20.900000 -0.000026
-20.850000 -0.000024
-20.800000 -0.000010
-20.750000 -0.000007
-20.700000 0.000008
-20.650000 0.000012
-20.600000 0.000026
-20.550000 0.000028
-20.500000 0.000040
-20.450000 0.000040
-20.400000 0.000048
-20.350000 0.000044
-20.300000 0.000048
-20.250000 0.000040
-20.200000 0.000040
-20.150000 0.000029
-20.100000 0.000026
-20.050000 0.000012
-20.000000 0.000008
-19.950000 -0.000007
-19.900000 -0.000012
-19.850000 -0.000026
-19.800000 -0.000030
-19.750000 -0.000041
-19.700000 -0.000042
-19.650000 -0.000051
-19.600000 -0.000048
-19.550000 -0.000052
-19.500000 -0.000045
-19.450000 -0.000045
-19.400000 -0.000034
-19.350000 -0.000031
-19.300000 -0.000018
-19.250000 -0.000012
-19.200000 0.000003
-19.150000 0.000009
-19.100000 0.000023
-19.050000 0.000028
-19.000000 0.000041
-18.950000 0.000043
-18.900000 0.000052
-18.850000 0.000051
-18.800000 0.000056
-18.750000 0.000051
-18.700000 0.000052
-18.650000 0.000042
-18.600000 0.000039
-18.550000 0.000026
-18.500000 0.000021
-18.450000 0.000006
-18.400000 -0.000001
-18.350000 -0.000016
-18.300000 -0.000023
-18.250000 -0.000036
-18.200000 -0.000041
-18.150000 -0.000052
-18.100000 -0.000053
-18.050000 -0.000060
-18.000000 -0.000057
-17.950000 -0.000059
-17.900000 -0.000052
-17.850000 -0.000050
-17.800000 -0.000038
-17.750000 -0.000033
-17.700000 -0.000019
-17.650000 -0.000011
-17.600000 0.000004
-17.550000 0.000012
-17.500000 0.000027
-17.450000 0.000034
-17.400000 0.000046
-17.350000 0.000051
-17.300000 0.000060
-17.250000 0.000060
-17.200000 0.000065
-17.150000 0.000061
-17.100000 0.000061
-17.050000 0.000053
-17.000000 0.000049
-16.950000 0.000037
-16.900000 0.000029
-16.850000 0.000015
-16.800000 0.000006
-16.750000 -0.000010
-16.700000 -0.000019
-16.650000 -0.000034
-16.600000 -0.000041
-16.550000 -0.000053
-16.500000 -0.000058
-16.450000 -0.000066
-16.400000 -0.000067
-16.350000 -0.000071
-16.300000 -0.000066
-16.250000 -0.000065
-16.200000 -0.000057
-16.150000 -0.000051
-16.100000 -0.000039
-16.050000 -0.000030
-16.000000 -0.000015
-15.950000 -0.000005
-15.900000 0.000011
-15.850000 0.000021
-15.800000 0.000036
-15.750000 0.000045
-15.700000 0.000057
-15.650000 0.000063
-15.600000 0.000071
-15.550000 0.000073
-15.500000 0.000076
-15.450000 0.000073
-15.400000 0.000072
-15.350000 0.000064
-15.300000 0.000058
-15.250000 0.000046
-15.200000 0.000037
-15.150000 0.000022
-15.100000 0.000011
-15.050000 -0.000005
-15.000000 -0.000017
-14.950000 -0.000033
-14.900000 -0.000043
-14.850000 -0.000056
-14.800000 -0.000064
-14.750000 -0.000074
-14.700000 -0.000077
-14.650000 -0.000082
-14.600000 -0.000081
-14.550000 -0.000081
-14.500000 -0.000075
-14.450000 -0.000070
-14.400000 -0.000060
-14.350000 -0.000051
-14.300000 -0.000037
-14.250000 -0.000025
-14.200000 -0.000009
-14.150000 0.000004
-14.100000 0.000020
-14.050000 0.000033
-14.000000 0.000048
-13.950000 0.000059
-13.900000 0.000071
-13.850000 0.000078
-13.800000 0.000085
-13.750000 0.000088
-13.700000 0.000091
-13.650000 0.000088
-13.600000 0.000086
-13.550000 0.000079
-13.500000 0.000071
-13.450000 0.000060
-13.400000 0.000048
-13.350000 0.000034
-13.300000 0.000020
-13.250000 0.000004
-13.200000 -0.000011
-13.150000 -0.000028
-13.100000 -0.000042
-13.050000 -0.000056
-13.000000 -0.000068
-12.950000 -0.000079
-12.900000 -0.000087
-12.850000 -0.000094
-12.800000 -0.000097
-12.750000 -0.000099
-12.700000 -0.000097
-12.650000 -0.000094
-12.600000 -0.000087
-12.550000 -0.000079
-12.500000 -0.000068
-12.450000 -0.000055
-12.400000 -0.000041
-12.350000 -0.000026
-12.300000 -0.000009
-12.250000 0.000007
-12.200000 0.000024
-12.150000 0.000040
-12.100000 0.000055
-12.050000 0.000069
-12.000000 0.000081
-11.950000 0.000091
-11.900000 0.000100
-11.850000 0.000105
-11.800000 0.000108
-11.750000 0.000109
-11.700000 0.000107
-11.650000 0.000102
-11.600000 0.000095
-11.550000 0.000086
-11.500000 0.000074
-11.450000 0.000061
-11.400000 0.000046
-11.350000 0.000030
-11.300000 0.000012
-11.250000 -0.000005
-11.200000 -0.000023
-11.150000 -0.000039
-11.100000 -0.000056
-11.050000 -0.000070
-11.000000 -0.000085
-10.950000 -0.000096
-10.900000 -0.000106
-10.850000 -0.000113
-10.800000 -0.000118
-10.750000 -0.000120
-10.700000 -0.000120
-10.650000 -0.000117
-10.600000 -0.000112
-10.550000 -0.000103
-10.500000 -0.000094
-10.450000 -0.000081
-10.400000 -0.000067
-10.350000 -0.000051
-10.300000 -0.000035
-10.250000 -0.000016
-10.200000 0.000001
-10.150000 0.000021
-10.100000 0.000038
-10.050000 0.000056
-10.000000 0.000071
-9.950000 0.000087
-9.900000 0.000099
-9.850000 0.000112
-9.800000 0.000120
-9.750000 0.000128
-9.700000 0.000131
-9.650000 0.000134
-9.600000 0.000132
-9.550000 0.000130
-9.500000 0.000123
-9.450000 0.000116
-9.400000 0.000104
-9.350000 0.000093
-9.300000 0.000076
-9.250000 0.000062
-9.200000 0.000043
-9.150000 0.000026
-9.100000 0.000006
-9.050000 -0.000011
-9.000000 -0.000032
-8.950000 -0.000049
-8.900000 -0.000068
-8.850000 -0.000083
-8.800000 -0.000100
-8.750000 -0.000111
-8.700000 -0.000125
-8.650000 -0.000132
-8.600000 -0.000141
-8.550000 -0.000144
-8.500000 -0.000149
-8.450000 -0.000146
-8.400000 -0.000146
-8.350000 -0.000139
-8.300000 -0.000133
-8.250000 -0.000121
-8.200000 -0.000112
-8.150000 -0.000096
-8.100000 -0.000083
-8.050000 -0.000064
-8.000000 -0.000048
-7.950000 -0.000027
-7.900000 -0.000011
-7.850000 0.000011
-7.800000 0.000028
-7.750000 0.000049
-7.700000 0.000065
-7.650000 0.000085
-7.600000 0.000098
-7.550000 0.000116
-7.500000 0.000126
-7.450000 0.000140
-7.400000 0.000146
-7.350000 0.000156
-7.300000 0.000158
-7.250000 0.000164
-7.200000 0.000161
-7.150000 0.000162
-7.100000 0.000154
-7.050000 0.000151
-7.000000 0.000140
-6.950000 0.000132
-6.900000 0.000117
-6.850000 0.000106
-6.800000 0.000088
-6.750000 0.000075
-6.700000 0.000054
-6.650000 0.000039
-6.600000 0.000017
-6.550000 0.000001
-6.500000 -0.000021
-6.450000 -0.000037
-6.400000 -0.000058
-6.350000 -0.000073
-6.300000 -0.000093
-6.250000 -0.000105
-6.200000 -0.000123
-6.150000 -0.000133
-6.100000 -0.000148
-6.050000 -0.000154
-6.000000 -0.000166
-5.950000 -0.000169
-5.900000 -0.000177
-5.850000 -0.000176
-5.800000 -0.000180
-5.750000 -0.000176
-5.700000 -0.000177
-5.650000 -0.000168
-5.600000 -0.000166
-5.550000 -0.000154
-5.500000 -0.000149
-5.450000 -0.000134
-5.400000 -0.000126
-5.350000 -0.000109
-5.300000 -0.000100
-5.250000 -0.000082
-5.200000 -0.000071
-5.150000 -0.000052
-5.100000 -0.000041
-5.050000 -0.000021
-5.000000 -0.000010
-4.950000 0.000009
-4.900000 0.000019
-4.850000 0.000037
-4.800000 0.000045
-4.750000 0.000062
-4.700000 0.000068
-4.650000 0.000082
-4.600000 0.000086
-4.550000 0.000097
-4.500000 0.000098
-4.450000 0.000106
-4.400000 0.000104
-4.350000 0.000109
-4.300000 0.000103
-4.250000 0.000105
-4.200000 0.000095
-4.150000 0.000093
-4.100000 0.000080
-4.050000 0.000074
-4.000000 0.000057
-3.950000 0.000047
-3.900000 0.000025
-3.850000 0.000011
-3.800000 -0.000015
-3.750000 -0.000034
-3.700000 -0.000065
-3.650000 -0.000088
-3.600000 -0.000124
-3.550000 -0.000153
-3.500000 -0.000195
-3.450000 -0.000229
-3.400000 -0.000278
-3.350000 -0.000320
-3.300000 -0.000376
-3.250000 -0.000426
-3.200000 -0.000491
-3.150000 -0.000552
-3.100000 -0.000628
-3.050000 -0.000701
-3.000000 -0.000791
-2.950000 -0.000879
-2.900000 -0.000986
-2.850000 -0.001092
-2.800000 -0.001219
-2.750000 -0.001348
-2.700000 -0.001500
-2.650000 -0.001657
-2.600000 -0.001841
-2.550000 -0.002032
-2.500000 -0.002253
-2.450000 -0.002487
-2.400000 -0.002756
-2.350000 -0.003041
-2.300000 -0.003368
-2.250000 -0.003717
-2.200000 -0.004114
-2.150000 -0.004542
-2.100000 -0.005025
-2.050000 -0.005548
-2.000000 -0.006138
-1.950000 -0.006778
-1.900000 -0.007497
-1.850000 -0.008280
-1.800000 -0.009157
-1.750000 -0.010114
-1.700000 -0.011184
-1.650000 -0.012355
-1.600000 -0.013660
-1.550000 -0.015089
-1.500000 -0.016680
-1.450000 -0.018426
-1.400000 -0.020366
-1.350000 -0.022495
-1.300000 -0.024859
-1.250000 -0.027456
-1.200000 -0.030335
-1.150000 -0.033500
-1.100000 -0.037004
-1.050000 -0.040857
-1.000000 -0.045120
-0.950000 -0.049807
-0.900000 -0.054987
-0.850000 -0.060682
-0.800000 -0.066970
-0.750000 -0.073882
-0.700000 -0.081504
-0.650000 -0.089880
-0.600000 -0.099106
-0.550000 -0.109238
-0.500000 -0.120384
-0.450000 -0.132613
-0.400000 -0.146048
-0.350000 -0.160771
-0.300000 -0.176918
-0.250000 -0.194587
-0.200000 -0.213927
-0.150000 -0.235050
-0.100000 -0.258119
-0.050000 -0.283254
0.000000 -0.310630
0.050000 -0.340372
0.100000 -0.372659
0.150000 -0.407614
0.200000 -0.445408
0.250000 -0.486151
0.300000 -0.529992
0.350000 -0.577009
0.400000 -0.627307
0.450000 -0.680909
0.500000 -0.737852
0.550000 -0.798073
0.600000 -0.861506
0.650000 -0.927972
0.700000 -0.997268
0.750000 -1.069062
0.800000 -1.142987
0.850000 -1.218528
0.900000 -1.295132
0.950000 -1.372094
1.000000 -1.448671
1.050000 -1.523984
1.100000 -1.597134
1.150000 -1.667115
1.200000 -1.732940
1.250000 -1.793562
1.300000 -1.848013
1.350000 -1.895322
1.400000 -1.934662
1.450000 -1.965270
1.500000 -1.986583
1.550000 -1.998156
1.600000 -1.999786
1.650000 -1.991414
1.700000 -1.973233
1.750000 -1.945576
1.800000 -1.909005
1.850000 -1.864184
1.900000 -1.811962
1.950000 -1.753227
2.000000 -1.688991
2.050000 -1.620240
2.100000 -1.548021
2.150000 -1.473299
2.200000 -1.397048
2.250000 -1.320117
2.300000 -1.243332
2.350000 -1.167372
2.400000 -1.092880
2.450000 -1.020342
2.500000 -0.950212
2.550000 -0.882796
2.600000 -0.818373
2.650000 -0.757094
2.700000 -0.699096
2.750000 -0.644405
2.800000 -0.593053
2.850000 -0.544975
2.900000 -0.500128
2.950000 -0.458388
3.000000 -0.419666
3.050000 -0.383800
3.100000 -0.350678
3.150000 -0.320122
3.200000 -0.292008
3.250000 -0.266158
3.300000 -0.242448
3.350000 -0.220704
3.400000 -0.200812
3.450000 -0.182610
3.500000 -0.165994
3.550000 -0.150815
3.600000 -0.136986
3.650000 -0.124369
3.700000 -0.112892
3.750000 -0.102433
3.800000 -0.092932
3.850000 -0.084280
3.900000 -0.076430
3.950000 -0.069285
4.000000 -0.062811
4.050000 -0.056919
4.100000 -0.051586
4.150000 -0.046733
4.200000 -0.042345
4.250000 -0.038352
4.300000 -0.034745
4.350000 -0.031461
4.400000 -0.028498
4.450000 -0.025800
4.500000 -0.023369
4.550000 -0.021152
4.600000 -0.019158
4.650000 -0.017338
4.700000 -0.015703
4.750000 -0.014209
4.800000 -0.012870
4.850000 -0.011643
4.900000 -0.010546
4.950000 -0.009539
5.000000 -0.008641
5.050000 -0.007814
5.100000 -0.007079
5.150000 -0.006400
5.200000 -0.005799
5.250000 -0.005242
5.300000 -0.004751
5.350000 -0.004293
5.400000 -0.003892
5.450000 -0.003516
5.500000 -0.003189
5.550000 -0.002879
5.600000 -0.002612
5.650000 -0.002357
5.700000 -0.002140
5.750000 -0.001930
5.800000 -0.001753
5.850000 -0.001579
5.900000 -0.001436
5.950000 -0.001293
6.000000 -0.001176
6.050000 -0.001058
6.100000 -0.000964
6.150000 -0.000866
6.200000 -0.000790
6.250000 -0.000709
6.300000 -0.000648
6.350000 -0.000580
6.400000 -0.000532
6.450000 -0.000474
6.500000 -0.000436
6.550000 -0.000387
6.600000 -0.000357
6.650000 -0.000316
6.700000 -0.000293
6.750000 -0.000258
6.800000 -0.000240
6.850000 -0.000211
6.900000 -0.000198
6.950000 -0.000172
7.000000 -0.000163
7.050000 -0.000141
7.100000 -0.000134
7.150000 -0.000115
7.200000 -0.000110
7.250000 -0.000093
7.300000 -0.000091
7.350000 -0.000075
7.400000 -0.000075
7.450000 -0.000061
7.500000 -0.000062
7.550000 -0.000049
7.600000 -0.000051
7.650000 -0.000040
7.700000 -0.000043
7.750000 -0.000032
7.800000 -0.000036
7.850000 -0.000026
7.900000 -0.000030
7.950000 -0.000021
8.000000 -0.000025
8.050000 -0.000016
8.100000 -0.000021
8.150000 -0.000012
8.200000 -0.000018
8.250000 -0.000009
8.300000 -0.000015
8.350000 -0.000007
8.400000 -0.000013
8.450000 -0.000005
8.500000 -0.000012
8.550000 -0.000004
8.600000 -0.000010
8.650000 -0.000003
8.700000 -0.000009
8.750000 -0.000002
8.800000 -0.000008
8.850000 -0.000000
8.900000 -0.000007
8.950000 0.000001
9.000000 -0.000006
9.050000 0.000001
9.100000 -0.000005
9.150000 0.000001
9.200000 -0.000005
9.250000 0.000001
9.300000 -0.000005
9.350000 0.000001
9.400000 -0.000005
9.450000 0.000002
9.500000 -0.000005
9.550000 0.000002
9.600000 -0.000004
9.650000 0.000003
9.700000 -0.000004
9.750000 0.000003
9.800000 -0.000003
9.850000 0.000003
9.900000 -0.000004
9.950000 0.000003
10.000000 -0.000004
10.050000 0.000003
10.100000 -0.000004
10.150000 0.000002
10.200000 -0.000004
10.250000 0.000003
10.300000 -0.000004
10.350000 0.000003
10.400000 -0.000003
10.450000 0.000004
10.500000 -0.000003
10.550000 0.000004
10.600000 -0.000003
10.650000 0.000004
10.700000 -0.000003
10.750000 0.000003
10.800000 -0.000004
10.850000 0.000003
10.900000 -0.000004
10.950000 0.000003
11.000000 -0.000004
11.050000 0.000003
11.100000 -0.000003
11.150000 0.000003
11.200000 -0.000003
11.250000 0.000004
11.300000 -0.000003
11.350000 0.000004
11.400000 -0.000003
11.450000 0.000003
11.500000 -0.000003
11.550000 0.000003
11.600000 -0.000004
11.650000 0.000003
11.700000 -0.000004
11.750000 0.000002
11.800000 -0.000004
11.850000 0.000003
11.900000 -0.000003
11.950000 0.000003
12.000000 -0.000003
12.050000 0.000004
12.100000 -0.000002
12.150000 0.000004
12.200000 -0.000003
12.250000 0.000003
12.300000 -0.000003
12.350000 0.000003
12.400000 -0.000003
12.450000 0.000002
12.500000 -0.000004
12.550000 0.000002
12.600000 -0.000003
12.650000 0.000003
12.700000 -0.000003
12.750000 0.000003
12.800000 -0.000002
12.850000 0.000004
12.900000 -0.000002
12.950000 0.000003
13.000000 -0.000002
13.050000 0.000003
13.100000 -0.000003
13.150000 0.000002
13.200000 -0.000003
13.250000 0.000002
13.300000 -0.000004
13.350000 0.000002
13.400000 -0.000003
13.450000 0.000003
13.500000 -0.000003
13.550000 0.000003
13.600000 -0.000002
13.650000 0.000003
13.700000 -0.000002
13.750000 0.000003
13.800000 -0.000002
13.850000 0.000003
13.900000 -0.000003
13.950000 0.000002
14.000000 -0.000003
14.050000 0.000002
14.100000 -0.000003
14.150000 0.000002
14.200000 -0.000003
14.250000 0.000002
14.300000 -0.000002
14.350000 0.000003
14.400000 -0.000002
14.450000 0.000003
14.500000 -0.000002
14.550000 0.000003
14.600000 -0.000002
14.650000 0.000003
14.700000 -0.000003
14.750000 0.000002
14.800000 -0.000003
14.850000 0.000002
14.900000 -0.000003
14.950000 0.000002
15.000000 -0.000003
15.050000 0.000002
15.100000 -0.000002
15.150000 0.000003
15.200000 -0.000002
15.250000 0.000003
15.300000 -0.000002
15.350000 0.000003
15.400000 -0.000002
15.450000 0.000003
15.500000 -0.000002
15.550000 0.000002
15.600000 -0.000003
15.650000 0.000001
15.700000 -0.000003
15.750000 0.000002
15.800000 -0.000003
15.850000 0.000002
15.900000 -0.000002
15.950000 0.000003
16.000000 -0.000002
16.050000 0.000003
16.100000 -0.000001
16.150000 0.000003
16.200000 -0.000002
16.250000 0.000002
16.300000 -0.000002
16.350000 0.000002
16.400000 -0.000003
16.450000 0.000001
16.500000 -0.000003
16.550000 0.000001
16.600000 -0.000003
16.650000 0.000002
16.700000 -0.000002
16.750000 0.000002
16.800000 -0.000001
16.850000 0.000003
16.900000 -0.000001
16.950000 0.000003
17.000000 -0.000001
17.050000 0.000002
17.100000 -0.000002
17.150000 0.000002
17.200000 -0.000003
17.250000 0.000001
17.300000 -0.000003
17.350000 0.000001
17.400000 -0.000003
17.450000 0.000001
17.500000 -0.000002
17.550000 0.000002
17.600000 -0.000001
17.650000 0.000003
17.700000 -0.000001
17.750000 0.000003
17.800000 -0.000001
17.850000 0.000002
17.900000 -0.000001
17.950000 0.000002
18.000000 -0.000002
18.050000 0.000001
18.100000 -0.000003
18.150000 0.000001
18.200000 -0.000003
18.250000 0.000001
18.300000 -0.000002
18.350000 0.000002
18.400000 -0.000001
18.450000 0.000002
18.500000 -0.000000
18.550000 0.000003
18.600000 -0.000000
18.650000 0.000002
18.700000 -0.000001
18.750000 0.000002
18.800000 -0.000002
18.850000 0.000001
18.900000 -0.000002
18.950000 0.000000
19.000000 -0.000003
19.050000 0.000000
19.100000 -0.000002
19.150000 0.000001
19.200000 -0.000001
19.250000 0.000002
19.300000 -0.000000
19.350000 0.000002
19.400000 -0.000000
19.450000 0.000002
19.500000 -0.000000
19.550000 0.000002
19.600000 -0.000001
19.650000 0.000001
19.700000 -0.000002
19.750000 0.000000
19.800000 -0.000002
19.850000 -0.000000
19.900000 -0.000002
19.950000 0.000001
20.000000 -0.000001
20.050000 0.000001
20.100000 -0.000000
20.150000 0.000002
20.200000 0.000000
20.250000 0.000002
20.300000 0.000000
20.350000 0.000002
20.400000 -0.000001
20.450000 0.000001
20.500000 -0.000002
20.550000 -0.000000
20.600000 -0.000002
20.650000 -0.000000
20.700000 -0.000002
20.750000 -0.000000
20.800000 -0.000001
20.850000 0.000001
20.900000 -0.000000
20.950000 0.000002
21.000000 0.000000
21.050000 0.000002
21.100000 0.000001
21.150000 0.000002
21.200000 0.000000
21.250000 0.000001
21.300000 -0.000001
21.350000 -0.000000
21.400000 -0.000002
21.450000 -0.000001
21.500000 -0.000002
21.550000 -0.000001
21.600000 -0.000002
21.650000 -0.000000
21.700000 -0.000001
21.750000 0.000001
21.800000 0.000000
21.850000 0.000002
21.900000 0.000001
21.950000 0.000002
22.000000 0.000001
22.050000 0.000001
22.100000 -0.000000
22.150000 0.000000
22.200000 -0.000001
22.250000 -0.000001
22.300000 -0.000002
22.350000 -0.000001
22.400000 -0.000002
22.450000 -0.000001
22.500000 -0.000001
22.550000 0.000000
22.600000 0.000000
22.650000 0.000001
22.700000 0.000001
22.750000 0.000002
22.800000 0.000001
22.850000 0.000002
22.900000 0.000001
22.950000 0.000001
23.000000 -0.000000
23.050000 -0.000000
23.100000 -0.000001
23.150000 -0.000001
23.200000 -0.000002
23.250000 -0.000002
23.300000 -0.000001
23.350000 -0.000001
23.400000 -0.000000
23.450000 0.000000
23.500000 0.000001
23.550000 0.000001
23.600000 0.000002
23.650000 0.000002
23.700000 0.000002
23.750000 0.000001
23.800000 0.000001
23.850000 0.000000
23.900000 -0.000000
23.950000 -0.000001
24.000000 -0.000001
24.050000 -0.000002
24.100000 -0.000002
24.150000 -0.000002
24.200000 -0.000001
24.250000 -0.000001
24.300000 0.000000
24.350000 0.000000
24.400000 0.000001
24.450000 0.000001
24.500000 0.000002
24.550000 0.000002
24.600000 0.000002
24.650000 0.000001
24.700000 0.000001
24.750000 -0.000000
24.800000 -0.000000
24.850000 -0.000002
24.900000 -0.000001
24.950000 -0.000002
25.000000 -0.000001
25.050000 -0.000002
25.100000 -0.000001
25.150000 -0.000001
25.200000 0.000001
25.250000 0.000000
25.300000 0.000002
25.350000 0.000001
25.400000 0.000003
25.450000 0.000001
25.500000 0.000002
25.550000 0.000001
25.600000 0.000001
25.650000 -0.000001
25.700000 -0.000000
25.750000 -0.000002
25.800000 -0.000001
25.850000 -0.000003
25.900000 -0.000001
25.950000 -0.000003
26.000000 -0.000000
26.050000 -0.000001
26.100000 0.000001
26.150000 0.000000
26.200000 0.000002
26.250000 0.000001
26.300000 0.000003
26.350000 0.000001
26.400000 0.000003
26.450000 0.000000
26.500000 0.000001
26.550000 -0.000001
26.600000 -0.000000
26.650000 -0.000003
26.700000 -0.000001
26.750000 -0.000003
26.800000 -0.000001
26.850000 -0.000003
26.900000 -0.000000
26.950000 -0.000002
27.000000 0.000001
27.050000 -0.000000
27.100000 0.000003
27.150000 0.000001
27.200000 0.000004
27.250000 0.000001
27.300000 0.000003
27.350000 0.000000
27.400000 0.000002
27.450000 -0.000001
27.500000 0.000000
27.550000 -0.000003
27.600000 -0.000001
27.650000 -0.000004
27.700000 -0.000001
27.750000 -0.000003
27.800000 -0.000000
27.850000 -0.000002
27.900000 0.000001
27.950000 -0.000000
28.000000 0.000003
28.050000 0.000001
28.100000 0.000004
28.150000 0.000001
28.200000 0.000004
28.250000 0.000000
28.300000 0.000002
28.350000 -0.000001
28.400000 0.000001
28.450000 -0.000003
28.500000 -0.000001
28.550000 -0.000004
28.600000 -0.000001
28.650000 -0.000004
28.700000 -0.000000
28.750000 -0.000003
28.800000 0.000001
28.850000 -0.000001
28.900000 0.000003
28.950000 0.000001
29.000000 0.000004
29.050000 0.000001
29.100000 0.000004
29.150000 0.000001
29.200000 0.000003
29.250000 -0.000001
29.300000 0.000001
29.350000 -0.000003
29.400000 -0.000000
29.450000 -0.000004
29.500000 -0.000001
29.550000 -0.000005
29.600000 -0.000001
29.650000 -0.000004
29.700000 0.000001
29.750000 -0.000002
29.800000 0.000003
29.850000 0.000000
29.900000 0.000005
29.950000 0.000001
30.000000 0.000005
30.050000 0.000001
30.100000 0.000004
30.150000 -0.000001
30.200000 0.000002
30.250000 -0.000003
30.300000 0.000000
30.350000 -0.000005
30.400000 -0.000001
30.450000 -0.000005
30.500000 -0.000001
30.550000 -0.000005
30.600000 0.000000
30.650000 -0.000003
30.700000 0.000002
30.750000 -0.000001
30.800000 0.000004
30.850000 0.000001
30.900000 0.000005
30.950000 0.000001
31.000000 0.000005
31.050000 0.000000
31.100000 0.000003
31.150000 -0.000002
31.200000 0.000001
31.250000 -0.000004
31.300000 -0.000001
31.350000 -0.000006
31.400000 -0.000001
31.450000 -0.000006
31.500000 -0.000000
31.550000 -0.000004
31.600000 0.000002
31.650000 -0.000002
31.700000 0.000004
31.750000 0.000000
31.800000 0.000006
31.850000 0.000001
31.900000 0.000006
31.950000 0.000001
32.000000 0.000005
32.050000 -0.000001
32.100000 0.000003
32.150000 -0.000003
32.200000 0.000000
32.250000 -0.000005
32.300000 -0.000001
32.350000 -0.000006
32.400000 -0.000001
32.450000 -0.000006
32.500000 0.000000
32.550000 -0.000003
32.600000 0.000003
32.650000 -0.000001
32.700000 0.000005
32.750000 0.000001
32.800000 0.000007
32.850000 0.000002
32.900000 0.000006
32.950000 0.000000
33.000000 0.000004
33.050000 -0.000002
33.100000 0.000002
33.150000 -0.000005
33.200000 -0.000001
33.250000 -0.000006
33.300000 -0.000002
33.350000 -0.000007
33.400000 -0.000001
33.450000 -0.000005
33.500000 0.000001
33.550000 -0.000003
33.600000 0.000004
33.650000 -0.000000
33.700000 0.000006
33.750000 0.000002
33.800000 0.000007
33.850000 0.000002
33.900000 0.000006
33.950000 0.000000
34.000000 0.000004
34.050000 -0.000003
34.100000 0.000001
34.150000 -0.000005
34.200000 -0.000001
34.250000 -0.000007
34.300000 -0.000002
34.350000 -0.000007
34.400000 -0.000001
34.450000 -0.000005
34.500000 0.000001
34.550000 -0.000003
34.600000 0.000005
34.650000 0.000000
34.700000 0.000007
34.750000 0.000002
34.800000 0.000008
34.850000 0.000002
34.900000 0.000007
34.950000 -0.000000
35.000000 0.000004
35.050000 -0.000003
35.100000 0.000001
35.150000 -0.000006
35.200000 -0.000001
35.250000 -0.000008
35.300000 -0.000002
35.350000 -0.000008
35.400000 -0.000001
35.450000 -0.000006
35.500000 0.000002
35.550000 -0.000003
35.600000 0.000005
35.650000 0.000000
35.700000 0.000007
35.750000 0.000002
35.800000 0.000008
35.850000 0.000002
35.900000 0.000007
35.950000 0.000000
36.000000 0.000004
36.050000 -0.000003
36.100000 0.000001
36.150000 -0.000006
36.200000 -0.000002
36.250000 -0.000008
36.300000 -0.000003
36.350000 -0.000008
36.400000 -0.000002
36.450000 -0.000006
36.500000 0.000001
36.550000 -0.000003
36.600000 0.000005
36.650000 0.000000
36.700000 0.000008
36.750000 0.000003
36.800000 0.000009
36.850000 0.000003
36.900000 0.000008
36.950000 0.000001
37.000000 0.000005
37.050000 -0.000003
37.100000 0.000002
37.150000 -0.000006
37.200000 -0.000002
37.250000 -0.000009
37.300000 -0.000003
37.350000 -0.000009
37.400000 -0.000002
37.450000 -0.000007
37.500000 0.000000
37.550000 -0.000004
37.600000 0.000004
37.650000 -0.000000
37.700000 0.000008
37.750000 0.000003
37.800000 0.000010
37.850000 0.000003
37.900000 0.000009
37.950000 0.000002
38.000000 0.000007
38.050000 -0.000002
38.100000 0.000003
38.150000 -0.000006
38.200000 -0.000001
38.250000 -0.000009
38.300000 -0.000003
38.350000 -0.000010
38.400000 -0.000003
38.450000 -0.000009
38.500000 -0.000001
38.550000 -0.000006
38.600000 0.000003
38.650000 -0.000002
38.700000 0.000007
38.750000 0.000002
38.800000 0.000010
38.850000 0.000004
38.900000 0.000010
38.950000 0.000003
39.000000 0.000009
39.050000 0.000000
39.100000 0.000005
39.150000 -0.000004
39.200000 0.000000
39.250000 -0.000008
39.300000 -0.000003
39.350000 -0.000011
39.400000 -0.000005
39.450000 -0.000011
39.500000 -0.000003
39.550000 -0.000008
39.600000 0.000000
39.650000 -0.000004
39.700000 0.000005
39.750000 0.000001
39.800000 0.000009
39.850000 0.000004
39.900000 0.000011
39.950000 0.000005
40.000000 0.000011
40.050000 0.000003
40.100000 0.000008
40.150000 -0.000001
40.200000 0.000003
40.250000 -0.000006
40.300000 -0.000002
40.350000 -0.000010
40.400000 -0.000005
40.450000 -0.000012
40.500000 -0.000005
40.550000 -0.000011
40.600000 -0.000003
40.650000 -0.000007
40.700000 0.000001
40.750000 -0.000002
40.800000 0.000006
40.850000 0.000002
40.900000 0.000010
40.950000 0.000005
41.000000 0.000012
41.050000 0.000006
41.100000 0.000011
41.150000 0.000003
41.200000 0.000007
41.250000 -0.000002
41.300000 0.000002
41.350000 -0.000007
41.400000 -0.000003
41.450000 -0.000011
41.500000 -0.000006
41.550000 -0.000013
41.600000 -0.000006
41.650000 -0.000011
41.700000 -0.000003
41.750000 -0.000007
41.800000 0.000002
41.850000 -0.000002
41.900000 0.000007
41.950000 0.000003
42.000000 0.000012
42.050000 0.000007
42.100000 0.000013
42.150000 0.000007
42.200000 0.000012
42.250000 0.000004
42.300000 0.000007
42.350000 -0.000002
42.400000 0.000002
42.450000 -0.000007
42.500000 -0.000004
42.550000 -0.000012
42.600000 -0.000007
42.650000 -0.000014
42.700000 -0.000007
42.750000 -0.000012
42.800000 -0.000004
42.850000 -0.000008
42.900000 0.000001
42.950000 -0.000002
43.000000 0.000007
43.050000 0.000004
43.100000 0.000012
43.150000 0.000008
43.200000 0.000014
43.250000 0.000008
43.300000 0.000013
43.350000 0.000005
43.400000 0.000009
43.450000 -0.000000
43.500000 0.000002
43.550000 -0.000007
43.600000 -0.000004
43.650000 -0.000012
43.700000 -0.000008
43.750000 -0.000015
43.800000 -0.000009
43.850000 -0.000014
43.900000 -0.000006
43.950000 -0.000010
44.000000 -0.000001
44.050000 -0.000004
44.100000 0.000006
44.150000 0.000003
44.200000 0.000011
44.250000 0.000008
44.300000 0.000015
44.350000 0.000009
44.400000 0.000014
44.450000 0.000007
44.500000 0.000011
44.550000 0.000002
44.600000 0.000005
44.650000 -0.000004
44.700000 -0.000002
44.750000 -0.000010
44.800000 -0.000006
44.850000 -0.000012
44.900000 -0.000006
44.950000 -0.000009
