-30.000000 -0.000002
-29.950000 -0.000002
-29.900000 -0.000004
-29.850000 -0.000004
-29.800000 -0.000005
-29.750000 -0.000005
-29.700000 -0.000005
-29.650000 -0.000004
-29.600000 -0.000004
-29.550000 -0.000002
-29.500000 -0.000001
-29.450000 0.000001
-29.400000 0.000002
-29.350000 0.000004
-29.300000 0.000004
-29.250000 0.000005
-29.200000 0.000004
-29.150000 0.000004
-29.100000 0.000003
-29.050000 0.000002
-29.000000 -0.000000
-28.950000 -0.000002
-28.900000 -0.000003
-28.850000 -0.000004
-28.800000 -0.000005
-28.750000 -0.000005
-28.700000 -0.000005
-28.650000 -0.000004
-28.600000 -0.000003
-28.550000 -0.000001
-28.500000 0.000001
-28.450000 0.000002
-28.400000 0.000004
-28.350000 0.000005
-28.300000 0.000005
-28.250000 0.000005
-28.200000 0.000005
-28.150000 0.000004
-28.100000 0.000003
-28.050000 0.000001
-28.000000 -0.000001
-27.950000 -0.000003
-27.900000 -0.000004
-27.850000 -0.000005
-27.800000 -0.000006
-27.750000 -0.000006
-27.700000 -0.000005
-27.650000 -0.000004
-27.600000 -0.000002
-27.550000 -0.000001
-27.500000 0.000001
-27.450000 0.000003
-27.400000 0.000005
-27.350000 0.000006
-27.300000 0.000006
-27.250000 0.000006
-27.200000 0.000006
-27.150000 0.000004
-27.100000 0.000003
-27.050000 0.000001
-27.000000 -0.000001
-26.950000 -0.000003
-26.900000 -0.000005
-26.850000 -0.000006
-26.800000 -0.000006
-26.750000 -0.000007
-26.700000 -0.000006
-26.650000 -0.000005
-26.600000 -0.000003
-26.550000 -0.000001
-26.500000 0.000001
-26.450000 0.000003
-26.400000 0.000005
-26.350000 0.000006
-26.300000 0.000008
-26.250000 0.000007
-26.200000 0.000007
-26.150000 0.000005
-26.100000 0.000004
-26.050000 0.000001
-26.000000 -0.000000
-25.950000 -0.000003
-25.900000 -0.000004
-25.850000 -0.000007
-25.800000 -0.000007
-25.750000 -0.000008
-25.700000 -0.000007
-25.650000 -0.000007
-25.600000 -0.000004
-25.550000 -0.000003
-25.500000 0.000000
-25.450000 0.000002
-25.400000 0.000005
-25.350000 0.000006
-25.300000 0.000008
-25.250000 0.000008
-25.200000 0.000009
-25.150000 0.000007
-25.100000 0.000006
-25.050000 0.000003
-25.000000 0.000002
-24.950000 -0.000002
-24.900000 -0.000003
-24.850000 -0.000007
-24.800000 -0.000007
-24.750000 -0.000010
-24.700000 -0.000008
-24.650000 -0.000009
-24.600000 -0.000007
-24.550000 -0.000006
-24.500000 -0.000002
-24.450000 -0.000001
-24.400000 0.000003
-24.350000 0.000005
-24.300000 0.000008
-24.250000 0.000008
-24.200000 0.000011
-24.150000 0.000009
-24.100000 0.000010
-24.050000 0.000006
-24.000000 0.000006
-23.950000 0.000001
-23.900000 -0.000000
-23.850000 -0.000005
-23.800000 -0.000006
-23.750000 -0.000009
-23.700000 -0.000009
-23.650000 -0.000011
-23.600000 -0.000009
-23.550000 -0.000010
-23.500000 -0.000006
-23.450000 -0.000005
-23.400000 -0.000001
-23.350000 0.000001
-23.300000 0.000006
-23.250000 0.000007
-23.200000 0.000011
-23.150000 0.000010
-23.100000 0.000012
-23.050000 0.000010
-23.000000 0.000011
-22.950000 0.000007
-22.900000 0.000006
-22.850000 0.000000
-22.800000 -0.000001
-22.750000 -0.000006
-22.700000 -0.000007
-22.650000 -0.000011
-22.600000 -0.000011
-22.550000 -0.000013
-22.500000 -0.000011
-22.450000 -0.000012
-22.400000 -0.000007
-22.350000 -0.000006
-22.300000 -0.000001
-22.250000 0.000001
-22.200000 0.000006
-22.150000 0.000008
-22.100000 0.000012
-22.050000 0.000012
-22.000000 0.000015
-21.950000 0.000012
-21.900000 0.000013
-21.850000 0.000008
-21.800000 0.000007
-21.750000 0.000002
-21.700000 -0.000000
-21.650000 -0.000006
-21.600000 -0.000007
-21.550000 -0.000012
-21.500000 -0.000012
-21.450000 -0.000016
-21.400000 -0.000013
-21.350000 -0.000014
-21.300000 -0.000010
-21.250000 -0.000009
-21.200000 -0.000003
-21.150000 -0.000001
-21.100000 0.000005
-21.050000 0.000007
-21.000000 0.000012
-20.950000 0.000013
-20.900000 0.000017
-20.850000 0.000015
-20.800000 0.000016
-20.750000 0.000012
-20.700000 0.000012
-20.650000 0.000006
-20.600000 0.000004
-20.550000 -0.000003
-20.500000 -0.000005
-20.450000 -0.000011
-20.400000 -0.000013
-20.350000 -0.000017
-20.300000 -0.000016
-20.250000 -0.000018
-20.200000 -0.000015
-20.150000 -0.000015
-20.100000 -0.000009
-20.050000 -0.000007
-20.000000 -0.000000
-19.950000 0.000002
-19.900000 0.000009
-19.850000 0.000011
-19.800000 0.000017
-19.750000 0.000017
-19.700000 0.000020
-19.650000 0.000018
-19.600000 0.000018
-19.550000 0.000013
-19.500000 0.000012
-19.450000 0.000005
-19.400000 0.000002
-19.350000 -0.000005
-19.300000 -0.000008
-19.250000 -0.000015
-19.200000 -0.000016
-19.150000 -0.000021
-19.100000 -0.000020
-19.050000 -0.000022
-19.000000 -0.000018
-18.950000 -0.000017
-18.900000 -0.000011
-18.850000 -0.000008
-18.800000 -0.000000
-18.750000 0.000003
-18.700000 0.000011
-18.650000 0.000013
-18.600000 0.000020
-18.550000 0.000020
-18.500000 0.000024
-18.450000 0.000022
-18.400000 0.000022
-18.350000 0.000017
-18.300000 0.000015
-18.250000 0.000008
-18.200000 0.000004
-18.150000 -0.000004
-18.100000 -0.000008
-18.050000 -0.000015
-18.000000 -0.000018
-17.950000 -0.000023
-17.900000 -0.000024
-17.850000 -0.000026
-17.800000 -0.000023
-17.750000 -0.000023
-17.700000 -0.000017
-17.650000 -0.000014
-17.600000 -0.000006
-17.550000 -0.000001
-17.500000 0.000007
-17.450000 0.000012
-17.400000 0.000019
-17.350000 0.000022
-17.300000 0.000027
-17.250000 0.000027
-17.200000 0.000029
-17.150000 0.000025
-17.100000 0.000024
-17.050000 0.000017
-17.000000 0.000013
-16.950000 0.000004
-16.900000 -0.000001
-16.850000 -0.000010
-16.800000 -0.000014
-16.750000 -0.000022
-16.700000 -0.000025
-16.650000 -0.000030
-16.600000 -0.000030
-16.550000 -0.000031
-16.500000 -0.000027
-16.450000 -0.000025
-16.400000 -0.000018
-16.350000 -0.000014
-16.300000 -0.000005
-16.250000 0.000001
-16.200000 0.000010
-16.150000 0.000016
-16.100000 0.000024
-16.050000 0.000027
-16.000000 0.000033
-15.950000 0.000033
-15.900000 0.000035
-15.850000 0.000031
-15.800000 0.000029
-15.750000 0.000022
-15.700000 0.000017
-15.650000 0.000008
-15.600000 0.000001
-15.550000 -0.000009
-15.500000 -0.000015
-15.450000 -0.000024
-15.400000 -0.000029
-15.350000 -0.000035
-15.300000 -0.000036
-15.250000 -0.000039
-15.200000 -0.000036
-15.150000 -0.000034
-15.100000 -0.000028
-15.050000 -0.000023
-15.000000 -0.000013
-14.950000 -0.000006
-14.900000 0.000004
-14.850000 0.000012
-14.800000 0.000022
-14.750000 0.000028
-14.700000 0.000036
-14.650000 0.000039
-14.600000 0.000042
-14.550000 0.000041
-14.500000 0.000041
-14.450000 0.000036
-14.400000 0.000031
-14.350000 0.000023
-14.300000 0.000015
-14.250000 0.000004
-14.200000 -0.000004
-14.150000 -0.000015
-14.100000 -0.000023
-14.050000 -0.000033
-14.000000 -0.000038
-13.950000 -0.000044
-13.900000 -0.000046
-13.850000 -0.000048
-13.800000 -0.000045
-13.750000 -0.000042
-13.700000 -0.000035
-13.650000 -0.000028
-13.600000 -0.000018
-13.550000 -0.000009
-13.500000 0.000003
-13.450000 0.000013
-13.400000 0.000024
-13.350000 0.000033
-13.300000 0.000041
-13.250000 0.000047
-13.200000 0.000052
-13.150000 0.000053
-13.100000 0.000053
-13.050000 0.000049
-13.000000 0.000044
-12.950000 0.000036
-12.900000 0.000028
-12.850000 0.000016
-12.800000 0.000006
-12.750000 -0.000007
-12.700000 -0.000018
-12.650000 -0.000030
-12.600000 -0.000039
-12.550000 -0.000048
-12.500000 -0.000054
-12.450000 -0.000059
-12.400000 -0.000060
-12.350000 -0.000059
-12.300000 -0.000055
-12.250000 -0.000050
-12.200000 -0.000041
-12.150000 -0.000032
-12.100000 -0.000020
-12.050000 -0.000008
-12.000000 0.000006
-11.950000 0.000018
-11.900000 0.000031
-11.850000 0.000042
-11.800000 0.000052
-11.750000 0.000059
-11.700000 0.000065
-11.650000 0.000068
-11.600000 0.000068
-11.550000 0.000065
-11.500000 0.000060
-11.450000 0.000052
-11.400000 0.000042
-11.350000 0.000031
-11.300000 0.000017
-11.250000 0.000003
-11.200000 -0.000011
-11.150000 -0.000025
-11.100000 -0.000038
-11.050000 -0.000051
-11.000000 -0.000061
-10.950000 -0.000069
-10.900000 -0.000075
-10.850000 -0.000077
-10.800000 -0.000078
-10.750000 -0.000075
-10.700000 -0.000069
-10.650000 -0.000061
-10.600000 -0.000050
-10.550000 -0.000037
-10.500000 -0.000023
-10.450000 -0.000008
-10.400000 0.000008
-10.350000 0.000024
-10.300000 0.000039
-10.250000 0.000053
-10.200000 0.000065
-10.150000 0.000075
-10.100000 0.000083
-10.050000 0.000088
-10.000000 0.000089
-9.950000 0.000089
-9.900000 0.000084
-9.850000 0.000077
-9.800000 0.000067
-9.750000 0.000055
-9.700000 0.000040
-9.650000 0.000025
-9.600000 0.000008
-9.550000 -0.000009
-9.500000 -0.000027
-9.450000 -0.000043
-9.400000 -0.000059
-9.350000 -0.000072
-9.300000 -0.000085
-9.250000 -0.000093
-9.200000 -0.000100
-9.150000 -0.000103
-9.100000 -0.000104
-9.050000 -0.000100
-9.000000 -0.000094
-8.950000 -0.000084
-8.900000 -0.000073
-8.850000 -0.000058
-8.800000 -0.000042
-8.750000 -0.000024
-8.700000 -0.000006
-8.650000 0.000014
-8.600000 0.000032
-8.550000 0.000052
-8.500000 0.000068
-8.450000 0.000084
-8.400000 0.000096
-8.350000 0.000108
-8.300000 0.000115
-8.250000 0.000120
-8.200000 0.000120
-8.150000 0.000119
-8.100000 0.000113
-8.050000 0.000105
-8.000000 0.000093
-7.950000 0.000079
-7.900000 0.000062
-7.850000 0.000044
-7.800000 0.000023
-7.750000 0.000004
-7.700000 -0.000019
-7.650000 -0.000039
-7.600000 -0.000060
-7.550000 -0.000078
-7.500000 -0.000096
-7.450000 -0.000110
-7.400000 -0.000124
-7.350000 -0.000132
-7.300000 -0.000140
-7.250000 -0.000142
-7.200000 -0.000143
-7.150000 -0.000138
-7.100000 -0.000133
-7.050000 -0.000121
-7.000000 -0.000110
-6.950000 -0.000092
-6.900000 -0.000076
-6.850000 -0.000054
-6.800000 -0.000034
-6.750000 -0.000010
-6.700000 0.000011
-6.650000 0.000036
-6.600000 0.000056
-6.550000 0.000079
-6.500000 0.000098
-6.450000 0.000117
-6.400000 0.000131
-6.350000 0.000145
-6.300000 0.000154
-6.250000 0.000162
-6.200000 0.000164
-6.150000 0.000165
-6.100000 0.000160
-6.050000 0.000155
-6.000000 0.000143
-5.950000 0.000131
-5.900000 0.000113
-5.850000 0.000096
-5.800000 0.000073
-5.750000 0.000052
-5.700000 0.000025
-5.650000 0.000002
-5.600000 -0.000026
-5.550000 -0.000051
-5.500000 -0.000079
-5.450000 -0.000103
-5.400000 -0.000130
-5.350000 -0.000152
-5.300000 -0.000175
-5.250000 -0.000193
-5.200000 -0.000213
-5.150000 -0.000226
-5.100000 -0.000241
-5.050000 -0.000249
-5.000000 -0.000258
-4.950000 -0.000261
-4.900000 -0.000265
-4.850000 -0.000263
-4.800000 -0.000263
-4.750000 -0.000257
-4.700000 -0.000253
-4.650000 -0.000243
-4.600000 -0.000237
-4.550000 -0.000226
-4.500000 -0.000219
-4.450000 -0.000208
-4.400000 -0.000202
-4.350000 -0.000194
-4.300000 -0.000191
-4.250000 -0.000186
-4.200000 -0.000189
-4.150000 -0.000191
-4.100000 -0.000200
-4.050000 -0.000211
-4.000000 -0.000230
-3.950000 -0.000251
-3.900000 -0.000282
-3.850000 -0.000317
-3.800000 -0.000362
-3.750000 -0.000412
-3.700000 -0.000474
-3.650000 -0.000542
-3.600000 -0.000624
-3.550000 -0.000714
-3.500000 -0.000819
-3.450000 -0.000933
-3.400000 -0.001064
-3.350000 -0.001207
-3.300000 -0.001369
-3.250000 -0.001545
-3.200000 -0.001744
-3.150000 -0.001960
-3.100000 -0.002202
-3.050000 -0.002465
-3.000000 -0.002759
-2.950000 -0.003078
-2.900000 -0.003434
-2.850000 -0.003821
-2.800000 -0.004251
-2.750000 -0.004721
-2.700000 -0.005241
-2.650000 -0.005810
-2.600000 -0.006441
-2.550000 -0.007132
-2.500000 -0.007897
-2.450000 -0.008735
-2.400000 -0.009664
-2.350000 -0.010683
-2.300000 -0.011811
-2.250000 -0.013051
-2.200000 -0.014423
-2.150000 -0.015932
-2.100000 -0.017601
-2.050000 -0.019439
-2.000000 -0.021470
-1.950000 -0.023708
-1.900000 -0.026181
-1.850000 -0.028905
-1.800000 -0.031915
-1.750000 -0.035231
-1.700000 -0.038893
-1.650000 -0.042928
-1.600000 -0.047381
-1.550000 -0.052287
-1.500000 -0.057697
-1.450000 -0.063656
-1.400000 -0.070223
-1.350000 -0.077451
-1.300000 -0.085412
-1.250000 -0.094168
-1.200000 -0.103803
-1.150000 -0.114390
-1.100000 -0.126025
-1.050000 -0.138798
-1.000000 -0.152817
-0.950000 -0.168184
-0.900000 -0.185023
-0.850000 -0.203451
-0.800000 -0.223605
-0.750000 -0.245615
-0.700000 -0.269631
-0.650000 -0.295792
-0.600000 -0.324255
-0.550000 -0.355167
-0.500000 -0.388685
-0.450000 -0.424951
-0.400000 -0.464111
-0.350000 -0.506291
-0.300000 -0.551611
-0.250000 -0.600158
-0.200000 -0.652005
-0.150000 -0.707176
-0.100000 -0.765668
-0.050000 -0.827414
0.000000 -0.892299
0.050000 -0.960130
0.100000 -1.030649
0.150000 -1.103502
0.200000 -1.178260
0.250000 -1.254385
0.300000 -1.331255
0.350000 -1.408145
0.400000 -1.484249
0.450000 -1.558673
0.500000 -1.630469
0.550000 -1.698632
0.600000 -1.762149
0.650000 -1.820001
0.700000 -1.871218
0.750000 -1.914890
0.800000 -1.950218
0.850000 -1.976526
0.900000 -1.993309
0.950000 -2.000229
1.000000 -1.997153
1.050000 -1.984139
1.100000 -1.961448
1.150000 -1.929522
1.200000 -1.888977
1.250000 -1.840563
1.300000 -1.785156
1.350000 -1.723704
1.400000 -1.657212
1.450000 -1.586697
1.500000 -1.513174
1.550000 -1.437611
1.600000 -1.360929
1.650000 -1.283964
1.700000 -1.207479
1.750000 -1.132131
1.800000 -1.058493
1.850000 -0.987034
1.900000 -0.918138
1.950000 -0.852097
2.000000 -0.789130
2.050000 -0.729379
2.100000 -0.672930
2.150000 -0.619808
2.200000 -0.570000
2.250000 -0.523450
2.300000 -0.480077
2.350000 -0.439770
2.400000 -0.402408
2.450000 -0.367849
2.500000 -0.335953
2.550000 -0.306564
2.600000 -0.279534
2.650000 -0.254708
2.700000 -0.231942
2.750000 -0.211087
2.800000 -0.192007
2.850000 -0.174567
2.900000 -0.158644
2.950000 -0.144114
3.000000 -0.130870
3.050000 -0.118803
3.100000 -0.107817
3.150000 -0.097820
3.200000 -0.088730
3.250000 -0.080465
3.300000 -0.072956
3.350000 -0.066135
3.400000 -0.059943
3.450000 -0.054321
3.500000 -0.049221
3.550000 -0.044593
3.600000 -0.040397
3.650000 -0.036591
3.700000 -0.033141
3.750000 -0.030013
3.800000 -0.027179
3.850000 -0.024611
3.900000 -0.022284
3.950000 -0.020176
4.000000 -0.018266
4.050000 -0.016536
4.100000 -0.014970
4.150000 -0.013551
4.200000 -0.012267
4.250000 -0.011103
4.300000 -0.010050
4.350000 -0.009096
4.400000 -0.008233
4.450000 -0.007452
4.500000 -0.006744
4.550000 -0.006104
4.600000 -0.005524
4.650000 -0.004999
4.700000 -0.004525
4.750000 -0.004095
4.800000 -0.003706
4.850000 -0.003353
4.900000 -0.003035
4.950000 -0.002746
5.000000 -0.002485
5.050000 -0.002249
5.100000 -0.002035
5.150000 -0.001842
5.200000 -0.001667
5.250000 -0.001508
5.300000 -0.001365
5.350000 -0.001235
5.400000 -0.001117
5.450000 -0.001011
5.500000 -0.000915
5.550000 -0.000828
5.600000 -0.000749
5.650000 -0.000678
5.700000 -0.000613
5.750000 -0.000555
5.800000 -0.000502
5.850000 -0.000455
5.900000 -0.000411
5.950000 -0.000372
6.000000 -0.000337
6.050000 -0.000305
6.100000 -0.000276
6.150000 -0.000250
6.200000 -0.000226
6.250000 -0.000205
6.300000 -0.000185
6.350000 -0.000168
6.400000 -0.000151
6.450000 -0.000137
6.500000 -0.000124
6.550000 -0.000112
6.600000 -0.000101
6.650000 -0.000092
6.700000 -0.000083
6.750000 -0.000075
6.800000 -0.000068
6.850000 -0.000062
6.900000 -0.000055
6.950000 -0.000051
7.000000 -0.000045
7.050000 -0.000042
7.100000 -0.000037
7.150000 -0.000034
7.200000 -0.000030
7.250000 -0.000028
7.300000 -0.000025
7.350000 -0.000023
7.400000 -0.000020
7.450000 -0.000019
7.500000 -0.000016
7.550000 -0.000016
7.600000 -0.000013
7.650000 -0.000013
7.700000 -0.000011
7.750000 -0.000011
7.800000 -0.000009
7.850000 -0.000009
7.900000 -0.000007
7.950000 -0.000007
8.000000 -0.000006
8.050000 -0.000006
8.100000 -0.000005
8.150000 -0.000005
8.200000 -0.000004
8.250000 -0.000004
8.300000 -0.000003
8.350000 -0.000004
8.400000 -0.000002
8.450000 -0.000003
8.500000 -0.000002
8.550000 -0.000003
8.600000 -0.000001
8.650000 -0.000002
8.700000 -0.000001
8.750000 -0.000002
8.800000 -0.000001
8.850000 -0.000002
8.900000 -0.000000
8.950000 -0.000002
9.000000 -0.000000
9.050000 -0.000001
9.100000 -0.000000
9.150000 -0.000001
9.200000 0.000000
9.250000 -0.000001
9.300000 0.000000
9.350000 -0.000001
9.400000 0.000000
9.450000 -0.000001
9.500000 0.000000
9.550000 -0.000001
9.600000 0.000000
9.650000 -0.000001
9.700000 0.000000
9.750000 -0.000001
9.800000 0.000001
9.850000 -0.000001
9.900000 0.000001
9.950000 -0.000001
10.000000 0.000001
10.050000 -0.000001
10.100000 0.000001
10.150000 -0.000001
10.200000 0.000001
10.250000 -0.000001
10.300000 0.000001
10.350000 -0.000001
10.400000 0.000001
10.450000 -0.000001
10.500000 0.000001
10.550000 -0.000001
10.600000 0.000001
10.650000 -0.000001
10.700000 0.000001
10.750000 -0.000001
10.800000 0.000001
10.850000 -0.000001
10.900000 0.000001
10.950000 -0.000001
11.000000 0.000001
11.050000 -0.000001
11.100000 0.000001
11.150000 -0.000001
11.200000 0.000001
11.250000 -0.000001
11.300000 0.000001
11.350000 -0.000001
11.400000 0.000001
11.450000 -0.000001
11.500000 0.000001
11.550000 -0.000001
11.600000 0.000001
11.650000 -0.000001
11.700000 0.000001
11.750000 -0.000001
11.800000 0.000001
11.850000 -0.000001
11.900000 0.000001
11.950000 -0.000001
12.000000 0.000001
12.050000 -0.000001
12.100000 0.000001
12.150000 -0.000001
12.200000 0.000001
12.250000 -0.000001
12.300000 0.000001
12.350000 -0.000001
12.400000 0.000001
12.450000 -0.000001
12.500000 0.000001
12.550000 -0.000001
12.600000 0.000001
12.650000 -0.000001
12.700000 0.000001
12.750000 -0.000001
12.800000 0.000001
12.850000 -0.000001
12.900000 0.000001
12.950000 -0.000001
13.000000 0.000001
13.050000 -0.000001
13.100000 0.000001
13.150000 -0.000001
13.200000 0.000001
13.250000 -0.000001
13.300000 0.000001
13.350000 -0.000001
13.400000 0.000001
13.450000 -0.000001
13.500000 0.000001
13.550000 -0.000001
13.600000 0.000001
13.650000 -0.000001
13.700000 0.000001
13.750000 -0.000001
13.800000 0.000001
13.850000 -0.000001
13.900000 0.000001
13.950000 -0.000001
14.000000 0.000001
14.050000 -0.000001
14.100000 0.000001
14.150000 -0.000001
14.200000 0.000001
14.250000 -0.000001
14.300000 0.000001
14.350000 -0.000001
14.400000 0.000001
14.450000 -0.000001
14.500000 0.000001
14.550000 -0.000001
14.600000 0.000001
14.650000 -0.000001
14.700000 0.000001
14.750000 -0.000001
14.800000 0.000001
14.850000 -0.000001
14.900000 0.000001
14.950000 -0.000001
15.000000 0.000001
15.050000 -0.000001
15.100000 0.000001
15.150000 -0.000001
15.200000 0.000001
15.250000 -0.000001
15.300000 0.000001
15.350000 -0.000001
15.400000 0.000001
15.450000 -0.000001
15.500000 0.000001
15.550000 -0.000001
15.600000 0.000001
15.650000 -0.000001
15.700000 0.000001
15.750000 -0.000001
15.800000 0.000001
15.850000 -0.000001
15.900000 0.000001
15.950000 -0.000001
16.000000 0.000001
16.050000 -0.000001
16.100000 0.000001
16.150000 -0.000001
16.200000 0.000001
16.250000 -0.000001
16.300000 0.000001
16.350000 -0.000001
16.400000 0.000001
16.450000 -0.000001
16.500000 0.000001
16.550000 -0.000001
16.600000 0.000001
16.650000 -0.000001
16.700000 0.000000
16.750000 -0.000001
16.800000 0.000000
16.850000 -0.000000
16.900000 0.000001
16.950000 -0.000000
17.000000 0.000000
17.050000 -0.000000
17.100000 0.000000
17.150000 -0.000000
17.200000 0.000000
17.250000 -0.000000
17.300000 0.000000
17.350000 -0.000000
17.400000 0.000000
17.450000 -0.000000
17.500000 0.000000
17.550000 -0.000000
17.600000 0.000000
17.650000 -0.000000
17.700000 0.000000
17.750000 -0.000000
17.800000 0.000000
17.850000 -0.000000
17.900000 0.000000
17.950000 -0.000000
18.000000 0.000000
18.050000 -0.000000
18.100000 0.000000
18.150000 -0.000000
18.200000 0.000000
18.250000 -0.000000
18.300000 0.000000
18.350000 -0.000000
18.400000 0.000000
18.450000 -0.000000
18.500000 0.000000
18.550000 -0.000000
18.600000 0.000000
18.650000 -0.000000
18.700000 0.000000
18.750000 -0.000000
18.800000 0.000000
18.850000 -0.000000
18.900000 0.000000
18.950000 -0.000000
19.000000 0.000000
19.050000 -0.000000
19.100000 0.000000
19.150000 -0.000000
19.200000 0.000000
19.250000 -0.000000
19.300000 0.000000
19.350000 -0.000000
19.400000 0.000000
19.450000 -0.000000
19.500000 0.000000
19.550000 -0.000000
19.600000 0.000000
19.650000 -0.000000
19.700000 -0.000000
19.750000 -0.000000
19.800000 0.000000
19.850000 -0.000000
19.900000 0.000000
19.950000 0.000000
20.000000 0.000000
20.050000 0.000000
20.100000 -0.000000
20.150000 0.000000
20.200000 -0.000000
20.250000 0.000000
20.300000 -0.000000
20.350000 0.000000
20.400000 -0.000000
20.450000 0.000000
20.500000 -0.000000
20.550000 0.000000
20.600000 -0.000000
20.650000 0.000000
20.700000 -0.000000
20.750000 0.000000
20.800000 -0.000000
20.850000 0.000000
20.900000 -0.000000
20.950000 0.000000
21.000000 -0.000000
21.050000 0.000000
21.100000 -0.000000
21.150000 0.000000
21.200000 -0.000000
21.250000 0.000000
21.300000 -0.000000
21.350000 0.000000
21.400000 -0.000000
21.450000 0.000000
21.500000 -0.000000
21.550000 0.000000
21.600000 -0.000000
21.650000 0.000000
21.700000 -0.000000
21.750000 0.000000
21.800000 -0.000000
21.850000 0.000000
21.900000 -0.000000
21.950000 0.000000
22.000000 -0.000000
22.050000 0.000000
22.100000 -0.000000
22.150000 0.000000
22.200000 -0.000000
22.250000 0.000000
22.300000 -0.000000
22.350000 0.000000
22.400000 -0.000000
22.450000 0.000000
22.500000 -0.000000
22.550000 0.000000
22.600000 -0.000000
22.650000 0.000000
22.700000 -0.000000
22.750000 0.000000
22.800000 -0.000000
22.850000 0.000000
22.900000 -0.000000
22.950000 0.000000
23.000000 -0.000000
23.050000 0.000001
23.100000 -0.000000
23.150000 0.000001
23.200000 -0.000000
23.250000 0.000000
23.300000 -0.000001
23.350000 0.000000
23.400000 -0.000001
23.450000 0.000000
23.500000 -0.000001
23.550000 0.000001
23.600000 -0.000000
23.650000 0.000001
23.700000 -0.000000
23.750000 0.000001
23.800000 -0.000000
23.850000 0.000001
23.900000 -0.000001
23.950000 0.000001
24.000000 -0.000001
24.050000 0.000000
24.100000 -0.000001
24.150000 0.000001
24.200000 -0.000001
24.250000 0.000001
24.300000 -0.000001
24.350000 0.000001
24.400000 -0.000001
24.450000 0.000001
24.500000 -0.000001
24.550000 0.000001
24.600000 -0.000001
24.650000 0.000001
24.700000 -0.000001
24.750000 0.000001
24.800000 -0.000001
24.850000 0.000001
24.900000 -0.000001
24.950000 0.000001
25.000000 -0.000001
25.050000 0.000001
25.100000 -0.000001
25.150000 0.000001
25.200000 -0.000001
25.250000 0.000001
25.300000 -0.000001
25.350000 0.000001
25.400000 -0.000001
25.450000 0.000001
25.500000 -0.000001
25.550000 0.000001
25.600000 -0.000001
25.650000 0.000001
25.700000 -0.000001
25.750000 0.000001
25.800000 -0.000001
25.850000 0.000001
25.900000 -0.000001
25.950000 0.000001
26.000000 -0.000001
26.050000 0.000001
26.100000 -0.000001
26.150000 0.000001
26.200000 -0.000001
26.250000 0.000001
26.300000 -0.000001
26.350000 0.000001
26.400000 -0.000001
26.450000 0.000001
26.500000 -0.000001
26.550000 0.000001
26.600000 -0.000001
26.650000 0.000001
26.700000 -0.000001
26.750000 0.000001
26.800000 -0.000001
26.850000 0.000001
26.900000 -0.000001
26.950000 0.000001
27.000000 -0.000001
27.050000 0.000001
27.100000 -0.000001
27.150000 0.000001
27.200000 -0.000001
27.250000 0.000001
27.300000 -0.000001
27.350000 0.000001
27.400000 -0.000001
27.450000 0.000001
27.500000 -0.000001
27.550000 0.000001
27.600000 -0.000001
27.650000 0.000001
27.700000 -0.000001
27.750000 0.000001
27.800000 -0.000001
27.850000 0.000001
27.900000 -0.000001
27.950000 0.000001
28.000000 -0.000001
28.050000 0.000001
28.100000 -0.000001
28.150000 0.000001
28.200000 -0.000001
28.250000 0.000001
28.300000 -0.000001
28.350000 0.000001
28.400000 -0.000001
28.450000 0.000001
28.500000 -0.000001
28.550000 0.000001
28.600000 -0.000001
28.650000 0.000001
28.700000 -0.000001
28.750000 0.000001
28.800000 -0.000001
28.850000 0.000001
28.900000 -0.000000
28.950000 0.000001
29.000000 -0.000000
29.050000 0.000001
29.100000 -0.000001
29.150000 0.000001
29.200000 -0.000001
29.250000 0.000000
29.300000 -0.000001
29.350000 0.000000
29.400000 -0.000001
29.450000 0.000001
29.500000 -0.000001
29.550000 0.000001
29.600000 -0.000000
29.650000 0.000001
29.700000 -0.000000
29.750000 0.000001
29.800000 -0.000001
29.850000 0.000000
29.900000 -0.000001
29.950000 0.000000
30.000000 -0.000001
30.050000 0.000000
30.100000 -0.000001
30.150000 0.000001
30.200000 -0.000000
30.250000 0.000001
30.300000 -0.000000
30.350000 0.000001
30.400000 -0.000000
30.450000 0.000001
30.500000 -0.000001
30.550000 0.000000
30.600000 -0.000001
30.650000 0.000000
30.700000 -0.000001
30.750000 0.000000
30.800000 -0.000000
30.850000 0.000001
30.900000 -0.000000
30.950000 0.000001
31.000000 -0.000000
31.050000 0.000001
31.100000 -0.000000
31.150000 0.000000
31.200000 -0.000000
31.250000 0.000000
31.300000 -0.000001
31.350000 0.000000
31.400000 -0.000001
31.450000 0.000000
31.500000 -0.000000
31.550000 0.000000
31.600000 -0.000000
31.650000 0.000001
31.700000 -0.000000
31.750000 0.000001
31.800000 -0.000000
31.850000 0.000000
31.900000 -0.000000
31.950000 0.000000
32.000000 -0.000001
32.050000 0.000000
32.100000 -0.000000
32.150000 0.000000
32.200000 -0.000000
32.250000 0.000000
32.300000 -0.000000
32.350000 0.000001
32.400000 0.000000
32.450000 0.000000
32.500000 -0.000000
32.550000 0.000000
32.600000 -0.000000
32.650000 -0.000000
32.700000 -0.000000
32.750000 -0.000000
32.800000 -0.000000
32.850000 0.000000
32.900000 -0.000000
32.950000 0.000000
33.000000 0.000000
33.050000 0.000000
33.100000 0.000000
33.150000 0.000000
33.200000 0.000000
33.250000 0.000000
33.300000 -0.000000
33.350000 -0.000000
33.400000 -0.000000
33.450000 -0.000000
33.500000 -0.000000
33.550000 -0.000000
33.600000 -0.000000
33.650000 0.000000
33.700000 0.000000
33.750000 0.000000
33.800000 0.000000
33.850000 0.000000
33.900000 0.000000
33.950000 0.000000
34.000000 -0.000000
34.050000 -0.000000
34.100000 -0.000000
34.150000 -0.000000
34.200000 -0.000000
34.250000 -0.000000
34.300000 -0.000000
34.350000 -0.000000
34.400000 0.000000
34.450000 0.000000
34.500000 0.000000
34.550000 0.000000
34.600000 0.000000
34.650000 0.000000
34.700000 0.000000
34.750000 -0.000000
34.800000 -0.000000
34.850000 -0.000001
34.900000 -0.000000
34.950000 -0.000000
35.000000 -0.000000
35.050000 -0.000000
35.100000 0.000000
35.150000 0.000000
35.200000 0.000001
35.250000 0.000000
35.300000 0.000001
35.350000 0.000000
35.400000 0.000000
35.450000 -0.000000
35.500000 -0.000000
35.550000 -0.000001
35.600000 -0.000000
35.650000 -0.000001
35.700000 -0.000000
35.750000 -0.000000
35.800000 0.000000
35.850000 -0.000000
35.900000 0.000001
35.950000 0.000000
36.000000 0.000001
36.050000 0.000000
36.100000 0.000001
36.150000 -0.000000
36.200000 0.000000
36.250000 -0.000001
36.300000 -0.000000
36.350000 -0.000001
36.400000 -0.000000
36.450000 -0.000001
36.500000 0.000000
36.550000 -0.000000
36.600000 0.000001
36.650000 0.000000
36.700000 0.000001
36.750000 0.000000
36.800000 0.000001
36.850000 -0.000000
36.900000 0.000000
36.950000 -0.000001
37.000000 0.000000
37.050000 -0.000001
37.100000 -0.000000
37.150000 -0.000001
37.200000 0.000000
37.250000 -0.000001
37.300000 0.000001
37.350000 -0.000000
37.400000 0.000001
37.450000 0.000000
37.500000 0.000001
37.550000 -0.000000
37.600000 0.000001
37.650000 -0.000000
37.700000 0.000000
37.750000 -0.000001
37.800000 -0.000000
37.850000 -0.000001
37.900000 -0.000000
37.950000 -0.000001
38.000000 0.000000
38.050000 -0.000000
38.100000 0.000001
38.150000 0.000000
38.200000 0.000001
38.250000 0.000000
38.300000 0.000001
38.350000 -0.000000
38.400000 0.000001
38.450000 -0.000001
38.500000 0.000000
38.550000 -0.000001
38.600000 -0.000000
38.650000 -0.000001
38.700000 0.000000
38.750000 -0.000001
38.800000 0.000001
38.850000 -0.000000
38.900000 0.000001
38.950000 0.000000
39.000000 0.000001
39.050000 0.000000
39.100000 0.000001
39.150000 -0.000000
39.200000 0.000000
39.250000 -0.000001
39.300000 -0.000000
39.350000 -0.000001
39.400000 -0.000000
39.450000 -0.000001
39.500000 0.000000
39.550000 -0.000001
39.600000 0.000001
39.650000 -0.000000
39.700000 0.000001
39.750000 0.000000
39.800000 0.000001
39.850000 -0.000000
39.900000 0.000001
39.950000 -0.000001
40.000000 0.000000
40.050000 -0.000001
40.100000 -0.000000
40.150000 -0.000001
40.200000 -0.000000
40.250000 -0.000001
40.300000 0.000000
40.350000 -0.000001
40.400000 0.000001
40.450000 0.000000
40.500000 0.000001
40.550000 0.000000
40.600000 0.000001
40.650000 -0.000000
40.700000 0.000001
40.750000 -0.000001
40.800000 0.000000
40.850000 -0.000001
40.900000 -0.000000
40.950000 -0.000002
41.000000 -0.000000
41.050000 -0.000001
41.100000 0.000000
41.150000 -0.000000
41.200000 0.000001
41.250000 0.000000
41.300000 0.000002
41.350000 0.000000
41.400000 0.000001
41.450000 0.000000
41.500000 0.000001
41.550000 -0.000001
41.600000 -0.000000
41.650000 -0.000001
41.700000 -0.000000
41.750000 -0.000002
41.800000 -0.000000
41.850000 -0.000001
41.900000 0.000000
41.950000 -0.000000
42.000000 0.000001
42.050000 0.000000
42.100000 0.000002
42.150000 0.000001
42.200000 0.000002
42.250000 0.000000
42.300000 0.000001
42.350000 -0.000001
42.400000 -0.000000
42.450000 -0.000002
42.500000 -0.000001
42.550000 -0.000002
42.600000 -0.000001
42.650000 -0.000001
42.700000 0.000000
42.750000 -0.000000
42.800000 0.000001
42.850000 0.000000
42.900000 0.000002
42.950000 0.000001
43.000000 0.000002
43.050000 0.000000
43.100000 0.000001
43.150000 -0.000001
43.200000 -0.000000
43.250000 -0.000001
43.300000 -0.000001
43.350000 -0.000002
43.400000 -0.000001
43.450000 -0.000002
43.500000 -0.000000
43.550000 -0.000001
43.600000 0.000001
43.650000 0.000001
43.700000 0.000002
43.750000 0.000001
43.800000 0.000002
43.850000 0.000001
43.900000 0.000001
43.950000 -0.000000
44.000000 0.000000
44.050000 -0.000001
44.100000 -0.000001
44.150000 -0.000002
44.200000 -0.000001
44.250000 -0.000002
44.300000 -0.000001
44.350000 -0.000001
44.400000 0.000000
44.450000 0.000000
44.500000 0.000002
44.550000 0.000001
44.600000 0.000002
44.650000 0.000001
44.700000 0.000002
44.750000 0.000001
44.800000 0.000001
44.850000 -0.000000
44.900000 -0.000000
44.950000 -0.000001
