-30.000000 -0.000019
-29.950000 -0.000014
-29.900000 -0.000028
-29.850000 -0.000019
-29.800000 -0.000028
-29.750000 -0.000015
-29.700000 -0.000022
-29.650000 -0.000006
-29.600000 -0.000011
-29.550000 0.000006
-29.500000 0.000002
-29.450000 0.000019
-29.400000 0.000014
-29.350000 0.000029
-29.300000 0.000021
-29.250000 0.000034
-29.200000 0.000023
-29.150000 0.000033
-29.100000 0.000020
-29.050000 0.000026
-29.000000 0.000011
-28.950000 0.000016
-28.900000 -0.000001
-28.850000 0.000002
-28.800000 -0.000015
-28.750000 -0.000011
-28.700000 -0.000027
-28.650000 -0.000021
-28.600000 -0.000034
-28.550000 -0.000026
-28.500000 -0.000037
-28.450000 -0.000025
-28.400000 -0.000033
-28.350000 -0.000018
-28.300000 -0.000023
-28.250000 -0.000006
-28.200000 -0.000010
-28.150000 0.000008
-28.100000 0.000004
-28.050000 0.000021
-28.000000 0.000017
-27.950000 0.000032
-27.900000 0.000025
-27.850000 0.000038
-27.800000 0.000028
-27.750000 0.000037
-27.700000 0.000024
-27.650000 0.000031
-27.600000 0.000015
-27.550000 0.000019
-27.500000 0.000002
-27.450000 0.000005
-27.400000 -0.000013
-27.350000 -0.000010
-27.300000 -0.000027
-27.250000 -0.000022
-27.200000 -0.000036
-27.150000 -0.000029
-27.100000 -0.000040
-27.050000 -0.000029
-27.000000 -0.000038
-26.950000 -0.000023
-26.900000 -0.000029
-26.850000 -0.000012
-26.800000 -0.000016
-26.750000 0.000003
-26.700000 -0.000000
-26.650000 0.000018
-26.600000 0.000014
-26.550000 0.000031
-26.500000 0.000025
-26.450000 0.000040
-26.400000 0.000031
-26.350000 0.000042
-26.300000 0.000030
-26.250000 0.000038
-26.200000 0.000023
-26.150000 0.000028
-26.100000 0.000011
-26.050000 0.000014
-26.000000 -0.000005
-25.950000 -0.000002
-25.900000 -0.000021
-25.850000 -0.000018
-25.800000 -0.000034
-25.750000 -0.000029
-25.700000 -0.000043
-25.650000 -0.000034
-25.600000 -0.000045
-25.550000 -0.000032
-25.500000 -0.000039
-25.450000 -0.000024
-25.400000 -0.000028
-25.350000 -0.000010
-25.300000 -0.000013
-25.250000 0.000006
-25.200000 0.000004
-25.150000 0.000023
-25.100000 0.000019
-25.050000 0.000036
-25.000000 0.000031
-24.950000 0.000045
-24.900000 0.000036
-24.850000 0.000047
-24.800000 0.000035
-24.750000 0.000042
-24.700000 0.000026
-24.650000 0.000030
-24.600000 0.000012
-24.550000 0.000014
-24.500000 -0.000005
-24.450000 -0.000004
-24.400000 -0.000023
-24.350000 -0.000020
-24.300000 -0.000038
-24.250000 -0.000032
-24.200000 -0.000047
-24.150000 -0.000039
-24.100000 -0.000050
-24.050000 -0.000038
-24.000000 -0.000045
-23.950000 -0.000029
-23.900000 -0.000034
-23.850000 -0.000016
-23.800000 -0.000018
-23.750000 0.000002
-23.700000 0.000001
-23.650000 0.000020
-23.600000 0.000018
-23.550000 0.000037
-23.500000 0.000032
-23.450000 0.000048
-23.400000 0.000041
-23.350000 0.000053
-23.300000 0.000042
-23.250000 0.000050
-23.200000 0.000035
-23.150000 0.000040
-23.100000 0.000022
-23.050000 0.000024
-23.000000 0.000004
-22.950000 0.000005
-22.900000 -0.000016
-22.850000 -0.000014
-22.800000 -0.000033
-22.750000 -0.000030
-22.700000 -0.000047
-22.650000 -0.000041
-22.600000 -0.000055
-22.550000 -0.000045
-22.500000 -0.000055
-22.450000 -0.000041
-22.400000 -0.000047
-22.350000 -0.000030
-22.300000 -0.000033
-22.250000 -0.000013
-22.200000 -0.000014
-22.150000 0.000007
-22.100000 0.000006
-22.050000 0.000027
-22.000000 0.000025
-21.950000 0.000044
-21.900000 0.000040
-21.850000 0.000055
-21.800000 0.000048
-21.750000 0.000059
-21.700000 0.000048
-21.650000 0.000055
-21.600000 0.000040
-21.550000 0.000044
-21.500000 0.000025
-21.450000 0.000026
-21.400000 0.000006
-21.350000 0.000006
-21.300000 -0.000015
-21.250000 -0.000015
-21.200000 -0.000035
-21.150000 -0.000034
-21.100000 -0.000051
-21.050000 -0.000047
-21.000000 -0.000061
-20.950000 -0.000052
-20.900000 -0.000063
-20.850000 -0.000050
-20.800000 -0.000056
-20.750000 -0.000039
-20.700000 -0.000042
-20.650000 -0.000022
-20.600000 -0.000022
-20.550000 -0.000001
-20.500000 0.000000
-20.450000 0.000021
-20.400000 0.000022
-20.350000 0.000042
-20.300000 0.000040
-20.250000 0.000057
-20.200000 0.000052
-20.150000 0.000065
-20.100000 0.000056
-20.050000 0.000066
-20.000000 0.000053
-19.950000 0.000058
-19.900000 0.000041
-19.850000 0.000042
-19.800000 0.000022
-19.750000 0.000022
-19.700000 0.000000
-19.650000 -0.000002
-19.600000 -0.000023
-19.550000 -0.000024
-19.500000 -0.000045
-19.450000 -0.000044
-19.400000 -0.000061
-19.350000 -0.000056
-19.300000 -0.000070
-19.250000 -0.000061
-19.200000 -0.000070
-19.150000 -0.000057
-19.100000 -0.000062
-19.050000 -0.000045
-19.000000 -0.000046
-18.950000 -0.000026
-18.900000 -0.000025
-18.850000 -0.000003
-18.800000 -0.000001
-18.750000 0.000021
-18.700000 0.000023
-18.650000 0.000044
-18.600000 0.000044
-18.550000 0.000062
-18.500000 0.000059
-18.450000 0.000073
-18.400000 0.000066
-18.350000 0.000076
-18.300000 0.000064
-18.250000 0.000069
-18.200000 0.000053
-18.150000 0.000055
-18.100000 0.000035
-18.050000 0.000034
-18.000000 0.000012
-17.950000 0.000009
-17.900000 -0.000013
-17.850000 -0.000016
-17.800000 -0.000038
-17.750000 -0.000040
-17.700000 -0.000059
-17.650000 -0.000058
-17.600000 -0.000074
-17.550000 -0.000069
-17.500000 -0.000081
-17.450000 -0.000071
-17.400000 -0.000079
-17.350000 -0.000065
-17.300000 -0.000068
-17.250000 -0.000050
-17.200000 -0.000049
-17.150000 -0.000028
-17.100000 -0.000024
-17.050000 -0.000002
-17.000000 0.000002
-16.950000 0.000025
-16.900000 0.000029
-16.850000 0.000050
-16.800000 0.000052
-16.750000 0.000070
-16.700000 0.000068
-16.650000 0.000082
-16.600000 0.000077
-16.550000 0.000087
-16.500000 0.000076
-16.450000 0.000082
-16.400000 0.000067
-16.350000 0.000068
-16.300000 0.000049
-16.250000 0.000047
-16.200000 0.000025
-16.150000 0.000021
-16.100000 -0.000002
-16.050000 -0.000008
-16.000000 -0.000030
-15.950000 -0.000035
-15.900000 -0.000056
-15.850000 -0.000058
-15.800000 -0.000077
-15.750000 -0.000075
-15.700000 -0.000089
-15.650000 -0.000084
-15.600000 -0.000093
-15.550000 -0.000083
-15.500000 -0.000087
-15.450000 -0.000073
-15.400000 -0.000073
-15.350000 -0.000055
-15.300000 -0.000052
-15.250000 -0.000030
-15.200000 -0.000025
-15.150000 -0.000002
-15.100000 0.000004
-15.050000 0.000028
-15.000000 0.000033
-14.950000 0.000055
-14.900000 0.000059
-14.850000 0.000078
-14.800000 0.000078
-14.750000 0.000094
-14.700000 0.000090
-14.650000 0.000100
-14.600000 0.000092
-14.550000 0.000097
-14.500000 0.000084
-14.450000 0.000085
-14.400000 0.000068
-14.350000 0.000065
-14.300000 0.000044
-14.250000 0.000039
-14.200000 0.000016
-14.150000 0.000009
-14.100000 -0.000014
-14.050000 -0.000022
-14.000000 -0.000044
-13.950000 -0.000050
-13.900000 -0.000071
-13.850000 -0.000075
-13.800000 -0.000092
-13.750000 -0.000092
-13.700000 -0.000105
-13.650000 -0.000100
-13.600000 -0.000108
-13.550000 -0.000098
-13.500000 -0.000102
-13.450000 -0.000087
-13.400000 -0.000086
-13.350000 -0.000068
-13.300000 -0.000064
-13.250000 -0.000042
-13.200000 -0.000035
-13.150000 -0.000012
-13.100000 -0.000004
-13.050000 0.000020
-13.000000 0.000028
-12.950000 0.000051
-12.900000 0.000057
-12.850000 0.000078
-12.800000 0.000082
-12.750000 0.000099
-12.700000 0.000100
-12.650000 0.000113
-12.600000 0.000109
-12.550000 0.000117
-12.500000 0.000108
-12.450000 0.000111
-12.400000 0.000098
-12.350000 0.000096
-12.300000 0.000079
-12.250000 0.000074
-12.200000 0.000053
-12.150000 0.000045
-12.100000 0.000022
-12.050000 0.000013
-12.000000 -0.000010
-11.950000 -0.000020
-11.900000 -0.000043
-11.850000 -0.000051
-11.800000 -0.000073
-11.750000 -0.000079
-11.700000 -0.000098
-11.650000 -0.000101
-11.600000 -0.000116
-11.550000 -0.000115
-11.500000 -0.000125
-11.450000 -0.000119
-11.400000 -0.000125
-11.350000 -0.000115
-11.300000 -0.000115
-11.250000 -0.000101
-11.200000 -0.000097
-11.150000 -0.000079
-11.100000 -0.000072
-11.050000 -0.000051
-11.000000 -0.000041
-10.950000 -0.000018
-10.900000 -0.000008
-10.850000 0.000015
-10.800000 0.000026
-10.750000 0.000049
-10.700000 0.000058
-10.650000 0.000079
-10.600000 0.000086
-10.550000 0.000105
-10.500000 0.000109
-10.450000 0.000124
-10.400000 0.000124
-10.350000 0.000134
-10.300000 0.000130
-10.250000 0.000136
-10.200000 0.000127
-10.150000 0.000128
-10.100000 0.000115
-10.050000 0.000112
-10.000000 0.000095
-9.950000 0.000088
-9.900000 0.000068
-9.850000 0.000059
-9.800000 0.000037
-9.750000 0.000027
-9.700000 0.000003
-9.650000 -0.000008
-9.600000 -0.000031
-9.550000 -0.000042
-9.500000 -0.000064
-9.450000 -0.000074
-9.400000 -0.000094
-9.350000 -0.000101
-9.300000 -0.000118
-9.250000 -0.000122
-9.200000 -0.000136
-9.150000 -0.000136
-9.100000 -0.000145
-9.050000 -0.000141
-9.000000 -0.000146
-8.950000 -0.000137
-8.900000 -0.000138
-8.850000 -0.000125
-8.800000 -0.000122
-8.750000 -0.000107
-8.700000 -0.000100
-8.650000 -0.000082
-8.600000 -0.000073
-8.550000 -0.000052
-8.500000 -0.000041
-8.450000 -0.000019
-8.400000 -0.000007
-8.350000 0.000015
-8.300000 0.000027
-8.250000 0.000049
-8.200000 0.000061
-8.150000 0.000081
-8.100000 0.000090
-8.050000 0.000109
-8.000000 0.000115
-7.950000 0.000131
-7.900000 0.000134
-7.850000 0.000146
-7.800000 0.000146
-7.750000 0.000154
-7.700000 0.000150
-7.650000 0.000154
-7.600000 0.000147
-7.550000 0.000148
-7.500000 0.000137
-7.450000 0.000135
-7.400000 0.000121
-7.350000 0.000115
-7.300000 0.000099
-7.250000 0.000091
-7.200000 0.000072
-7.150000 0.000061
-7.100000 0.000041
-7.050000 0.000030
-7.000000 0.000009
-6.950000 -0.000003
-6.900000 -0.000024
-6.850000 -0.000035
-6.800000 -0.000055
-6.750000 -0.000066
-6.700000 -0.000084
-6.650000 -0.000093
-6.600000 -0.000109
-6.550000 -0.000116
-6.500000 -0.000130
-6.450000 -0.000134
-6.400000 -0.000146
-6.350000 -0.000148
-6.300000 -0.000156
-6.250000 -0.000155
-6.200000 -0.000161
-6.150000 -0.000157
-6.100000 -0.000159
-6.050000 -0.000152
-6.000000 -0.000152
-5.950000 -0.000142
-5.900000 -0.000139
-5.850000 -0.000127
-5.800000 -0.000121
-5.750000 -0.000108
-5.700000 -0.000101
-5.650000 -0.000086
-5.600000 -0.000078
-5.550000 -0.000062
-5.500000 -0.000053
-5.450000 -0.000036
-5.400000 -0.000027
-5.350000 -0.000010
-5.300000 -0.000001
-5.250000 0.000015
-5.200000 0.000025
-5.150000 0.000040
-5.100000 0.000048
-5.050000 0.000062
-5.000000 0.000069
-4.950000 0.000082
-4.900000 0.000087
-4.850000 0.000097
-4.800000 0.000101
-4.750000 0.000109
-4.700000 0.000110
-4.650000 0.000117
-4.600000 0.000116
-4.550000 0.000121
-4.500000 0.000118
-4.450000 0.000121
-4.400000 0.000116
-4.350000 0.000117
-4.300000 0.000110
-4.250000 0.000109
-4.200000 0.000100
-4.150000 0.000096
-4.100000 0.000086
-4.050000 0.000080
-4.000000 0.000068
-3.950000 0.000060
-3.900000 0.000046
-3.850000 0.000036
-3.800000 0.000020
-3.750000 0.000008
-3.700000 -0.000009
-3.650000 -0.000022
-3.600000 -0.000042
-3.550000 -0.000057
-3.500000 -0.000079
-3.450000 -0.000097
-3.400000 -0.000122
-3.350000 -0.000143
-3.300000 -0.000171
-3.250000 -0.000197
-3.200000 -0.000228
-3.150000 -0.000259
-3.100000 -0.000296
-3.050000 -0.000331
-3.000000 -0.000374
-2.950000 -0.000417
-2.900000 -0.000468
-2.850000 -0.000519
-2.800000 -0.000580
-2.750000 -0.000642
-2.700000 -0.000715
-2.650000 -0.000791
-2.600000 -0.000879
-2.550000 -0.000972
-2.500000 -0.001079
-2.450000 -0.001194
-2.400000 -0.001324
-2.350000 -0.001464
-2.300000 -0.001623
-2.250000 -0.001795
-2.200000 -0.001988
-2.150000 -0.002199
-2.100000 -0.002435
-2.050000 -0.002693
-2.000000 -0.002982
-1.950000 -0.003298
-1.900000 -0.003651
-1.850000 -0.004039
-1.800000 -0.004471
-1.750000 -0.004946
-1.700000 -0.005474
-1.650000 -0.006056
-1.600000 -0.006701
-1.550000 -0.007412
-1.500000 -0.008201
-1.450000 -0.009070
-1.400000 -0.010032
-1.350000 -0.011094
-1.300000 -0.012268
-1.250000 -0.013564
-1.200000 -0.014997
-1.150000 -0.016579
-1.100000 -0.018327
-1.050000 -0.020256
-1.000000 -0.022387
-0.950000 -0.024739
-0.900000 -0.027336
-0.850000 -0.030201
-0.800000 -0.033364
-0.750000 -0.036852
-0.700000 -0.040701
-0.650000 -0.044944
-0.600000 -0.049623
-0.550000 -0.054779
-0.500000 -0.060463
-0.450000 -0.066723
-0.400000 -0.073618
-0.350000 -0.081209
-0.300000 -0.089562
-0.250000 -0.098751
-0.200000 -0.108854
-0.150000 -0.119956
-0.100000 -0.132150
-0.050000 -0.145533
0.000000 -0.160211
0.050000 -0.176298
0.100000 -0.193912
0.150000 -0.213182
0.200000 -0.234239
0.250000 -0.257226
0.300000 -0.282285
0.350000 -0.309566
0.400000 -0.339220
0.450000 -0.371400
0.500000 -0.406255
0.550000 -0.443932
0.600000 -0.484564
0.650000 -0.528277
0.700000 -0.575175
0.750000 -0.625339
0.800000 -0.678818
0.850000 -0.735626
0.900000 -0.795725
0.950000 -0.859030
1.000000 -0.925385
1.050000 -0.994570
1.100000 -1.066277
1.150000 -1.140119
1.200000 -1.215611
1.250000 -1.292176
1.300000 -1.369139
1.350000 -1.445738
1.400000 -1.521118
1.450000 -1.594360
1.500000 -1.664483
1.550000 -1.730479
1.600000 -1.791322
1.650000 -1.846021
1.700000 -1.893624
1.750000 -1.933279
1.800000 -1.964238
1.850000 -1.985912
1.900000 -1.997871
1.950000 -1.999881
2.000000 -1.991897
2.050000 -1.974085
2.100000 -1.946790
2.150000 -1.910547
2.200000 -1.866037
2.250000 -1.814081
2.300000 -1.755588
2.350000 -1.691543
2.400000 -1.622955
2.450000 -1.550850
2.500000 -1.476215
2.550000 -1.400004
2.600000 -1.323091
2.650000 -1.246285
2.700000 -1.170288
2.750000 -1.095726
2.800000 -1.023111
2.850000 -0.952878
2.900000 -0.885358
2.950000 -0.820813
3.000000 -0.759415
3.050000 -0.701286
3.100000 -0.646472
3.150000 -0.594988
3.200000 -0.546790
3.250000 -0.501817
3.300000 -0.459964
3.350000 -0.421123
3.400000 -0.385154
3.450000 -0.351924
3.500000 -0.321275
3.550000 -0.293065
3.600000 -0.267133
3.650000 -0.243338
3.700000 -0.221525
3.750000 -0.201560
3.800000 -0.183298
3.850000 -0.166619
3.900000 -0.151391
3.950000 -0.137508
4.000000 -0.124850
4.050000 -0.113327
4.100000 -0.102834
4.150000 -0.093293
4.200000 -0.084613
4.250000 -0.076728
4.300000 -0.069561
4.350000 -0.063056
4.400000 -0.057146
4.450000 -0.051788
4.500000 -0.046920
4.550000 -0.042511
4.600000 -0.038506
4.650000 -0.034881
4.700000 -0.031590
4.750000 -0.028612
4.800000 -0.025907
4.850000 -0.023463
4.900000 -0.021242
4.950000 -0.019236
5.000000 -0.017412
5.050000 -0.015767
5.100000 -0.014270
5.150000 -0.012921
5.200000 -0.011693
5.250000 -0.010587
5.300000 -0.009580
5.350000 -0.008674
5.400000 -0.007848
5.450000 -0.007106
5.500000 -0.006429
5.550000 -0.005822
5.600000 -0.005266
5.650000 -0.004770
5.700000 -0.004314
5.750000 -0.003908
5.800000 -0.003534
5.850000 -0.003202
5.900000 -0.002894
5.950000 -0.002622
6.000000 -0.002369
6.050000 -0.002147
6.100000 -0.001939
6.150000 -0.001758
6.200000 -0.001587
6.250000 -0.001440
6.300000 -0.001299
6.350000 -0.001180
6.400000 -0.001064
6.450000 -0.000967
6.500000 -0.000872
6.550000 -0.000793
6.600000 -0.000714
6.650000 -0.000651
6.700000 -0.000585
6.750000 -0.000533
6.800000 -0.000478
6.850000 -0.000436
6.900000 -0.000390
6.950000 -0.000357
7.000000 -0.000318
7.050000 -0.000292
7.100000 -0.000260
7.150000 -0.000240
7.200000 -0.000213
7.250000 -0.000197
7.300000 -0.000174
7.350000 -0.000163
7.400000 -0.000143
7.450000 -0.000134
7.500000 -0.000117
7.550000 -0.000111
7.600000 -0.000096
7.650000 -0.000091
7.700000 -0.000077
7.750000 -0.000074
7.800000 -0.000062
7.850000 -0.000060
7.900000 -0.000049
7.950000 -0.000049
8.000000 -0.000040
8.050000 -0.000041
8.100000 -0.000033
8.150000 -0.000035
8.200000 -0.000027
8.250000 -0.000030
8.300000 -0.000023
8.350000 -0.000026
8.400000 -0.000018
8.450000 -0.000021
8.500000 -0.000014
8.550000 -0.000017
8.600000 -0.000010
8.650000 -0.000014
8.700000 -0.000007
8.750000 -0.000011
8.800000 -0.000005
8.850000 -0.000010
8.900000 -0.000004
8.950000 -0.000009
9.000000 -0.000003
9.050000 -0.000009
9.100000 -0.000003
9.150000 -0.000008
9.200000 -0.000003
9.250000 -0.000008
9.300000 -0.000002
9.350000 -0.000007
9.400000 -0.000000
9.450000 -0.000005
9.500000 0.000001
9.550000 -0.000004
9.600000 0.000003
9.650000 -0.000003
9.700000 0.000003
9.750000 -0.000003
9.800000 0.000002
9.850000 -0.000004
9.900000 0.000002
9.950000 -0.000005
10.000000 0.000001
10.050000 -0.000005
10.100000 0.000001
10.150000 -0.000005
10.200000 0.000002
10.250000 -0.000004
10.300000 0.000003
10.350000 -0.000003
10.400000 0.000004
10.450000 -0.000002
10.500000 0.000004
10.550000 -0.000002
10.600000 0.000004
10.650000 -0.000003
10.700000 0.000003
10.750000 -0.000004
10.800000 0.000002
10.850000 -0.000005
10.900000 0.000002
10.950000 -0.000005
11.000000 0.000002
11.050000 -0.000005
11.100000 0.000002
11.150000 -0.000004
11.200000 0.000004
11.250000 -0.000003
11.300000 0.000005
11.350000 -0.000002
11.400000 0.000005
11.450000 -0.000002
11.500000 0.000005
11.550000 -0.000003
11.600000 0.000003
11.650000 -0.000004
11.700000 0.000002
11.750000 -0.000005
11.800000 0.000002
11.850000 -0.000005
11.900000 0.000002
11.950000 -0.000005
12.000000 0.000003
12.050000 -0.000004
12.100000 0.000004
12.150000 -0.000002
12.200000 0.000005
12.250000 -0.000002
12.300000 0.000005
12.350000 -0.000002
12.400000 0.000005
12.450000 -0.000003
12.500000 0.000003
12.550000 -0.000004
12.600000 0.000002
12.650000 -0.000005
12.700000 0.000002
12.750000 -0.000005
12.800000 0.000002
12.850000 -0.000005
12.900000 0.000003
12.950000 -0.000004
13.000000 0.000005
13.050000 -0.000002
13.100000 0.000005
13.150000 -0.000002
13.200000 0.000006
13.250000 -0.000002
13.300000 0.000005
13.350000 -0.000003
13.400000 0.000004
13.450000 -0.000005
13.500000 0.000002
13.550000 -0.000006
13.600000 0.000002
13.650000 -0.000006
13.700000 0.000002
13.750000 -0.000005
13.800000 0.000004
13.850000 -0.000004
13.900000 0.000005
13.950000 -0.000002
14.000000 0.000006
14.050000 -0.000002
14.100000 0.000006
14.150000 -0.000002
14.200000 0.000005
14.250000 -0.000004
14.300000 0.000004
14.350000 -0.000005
14.400000 0.000002
14.450000 -0.000006
14.500000 0.000002
14.550000 -0.000006
14.600000 0.000002
14.650000 -0.000005
14.700000 0.000004
14.750000 -0.000004
14.800000 0.000005
14.850000 -0.000002
14.900000 0.000006
14.950000 -0.000002
15.000000 0.000006
15.050000 -0.000002
15.100000 0.000005
15.150000 -0.000004
15.200000 0.000004
15.250000 -0.000005
15.300000 0.000003
15.350000 -0.000006
15.400000 0.000002
15.450000 -0.000006
15.500000 0.000002
15.550000 -0.000005
15.600000 0.000004
15.650000 -0.000004
15.700000 0.000005
15.750000 -0.000003
15.800000 0.000006
15.850000 -0.000002
15.900000 0.000006
15.950000 -0.000002
16.000000 0.000006
16.050000 -0.000004
16.100000 0.000004
16.150000 -0.000005
16.200000 0.000003
16.250000 -0.000006
16.300000 0.000002
16.350000 -0.000007
16.400000 0.000002
16.450000 -0.000006
16.500000 0.000004
16.550000 -0.000004
16.600000 0.000005
16.650000 -0.000003
16.700000 0.000006
16.750000 -0.000002
16.800000 0.000007
16.850000 -0.000002
16.900000 0.000006
16.950000 -0.000003
17.000000 0.000005
17.050000 -0.000005
17.100000 0.000003
17.150000 -0.000007
17.200000 0.000002
17.250000 -0.000007
17.300000 0.000002
17.350000 -0.000006
17.400000 0.000003
17.450000 -0.000005
17.500000 0.000005
17.550000 -0.000003
17.600000 0.000007
17.650000 -0.000002
17.700000 0.000007
17.750000 -0.000002
17.800000 0.000007
17.850000 -0.000003
17.900000 0.000005
17.950000 -0.000005
18.000000 0.000003
18.050000 -0.000006
18.100000 0.000002
18.150000 -0.000007
18.200000 0.000002
18.250000 -0.000007
18.300000 0.000003
18.350000 -0.000005
18.400000 0.000005
18.450000 -0.000004
18.500000 0.000006
18.550000 -0.000002
18.600000 0.000007
18.650000 -0.000002
18.700000 0.000007
18.750000 -0.000003
18.800000 0.000006
18.850000 -0.000004
18.900000 0.000004
18.950000 -0.000006
19.000000 0.000002
19.050000 -0.000007
19.100000 0.000002
19.150000 -0.000007
19.200000 0.000002
19.250000 -0.000006
19.300000 0.000004
19.350000 -0.000004
19.400000 0.000006
19.450000 -0.000003
19.500000 0.000007
19.550000 -0.000002
19.600000 0.000008
19.650000 -0.000002
19.700000 0.000007
19.750000 -0.000004
19.800000 0.000005
19.850000 -0.000006
19.900000 0.000003
19.950000 -0.000007
20.000000 0.000002
20.050000 -0.000008
20.100000 0.000002
20.150000 -0.000007
20.200000 0.000003
20.250000 -0.000005
20.300000 0.000005
20.350000 -0.000003
20.400000 0.000007
20.450000 -0.000002
20.500000 0.000008
20.550000 -0.000002
20.600000 0.000008
20.650000 -0.000003
20.700000 0.000006
20.750000 -0.000005
20.800000 0.000004
20.850000 -0.000007
20.900000 0.000002
20.950000 -0.000008
21.000000 0.000002
21.050000 -0.000008
21.100000 0.000002
21.150000 -0.000007
21.200000 0.000004
21.250000 -0.000005
21.300000 0.000006
21.350000 -0.000003
21.400000 0.000008
21.450000 -0.000001
21.500000 0.000008
21.550000 -0.000002
21.600000 0.000007
21.650000 -0.000003
21.700000 0.000005
21.750000 -0.000006
21.800000 0.000003
21.850000 -0.000008
21.900000 0.000002
21.950000 -0.000008
22.000000 0.000001
22.050000 -0.000008
22.100000 0.000003
22.150000 -0.000006
22.200000 0.000005
22.250000 -0.000004
22.300000 0.000007
22.350000 -0.000002
22.400000 0.000008
22.450000 -0.000001
22.500000 0.000008
22.550000 -0.000002
22.600000 0.000007
22.650000 -0.000004
22.700000 0.000005
22.750000 -0.000006
22.800000 0.000002
22.850000 -0.000008
22.900000 0.000001
22.950000 -0.000009
23.000000 0.000001
23.050000 -0.000008
23.100000 0.000003
23.150000 -0.000006
23.200000 0.000006
23.250000 -0.000003
23.300000 0.000008
23.350000 -0.000001
23.400000 0.000009
23.450000 -0.000001
23.500000 0.000008
23.550000 -0.000002
23.600000 0.000007
23.650000 -0.000005
23.700000 0.000004
23.750000 -0.000007
23.800000 0.000002
23.850000 -0.000009
23.900000 0.000001
23.950000 -0.000009
24.000000 0.000001
24.050000 -0.000008
24.100000 0.000003
24.150000 -0.000005
24.200000 0.000006
24.250000 -0.000003
24.300000 0.000008
24.350000 -0.000001
24.400000 0.000009
24.450000 -0.000001
24.500000 0.000008
24.550000 -0.000002
24.600000 0.000006
24.650000 -0.000005
24.700000 0.000004
24.750000 -0.000007
24.800000 0.000001
24.850000 -0.000009
24.900000 0.000000
24.950000 -0.000009
25.000000 0.000001
25.050000 -0.000008
25.100000 0.000003
25.150000 -0.000005
25.200000 0.000006
25.250000 -0.000002
25.300000 0.000009
25.350000 -0.000000
25.400000 0.000010
25.450000 -0.000000
25.500000 0.000009
25.550000 -0.000002
25.600000 0.000006
25.650000 -0.000005
25.700000 0.000003
25.750000 -0.000008
25.800000 0.000001
25.850000 -0.000009
25.900000 -0.000000
25.950000 -0.000009
26.000000 0.000001
26.050000 -0.000008
26.100000 0.000003
26.150000 -0.000005
26.200000 0.000006
26.250000 -0.000002
26.300000 0.000009
26.350000 -0.000000
26.400000 0.000010
26.450000 0.000000
26.500000 0.000009
26.550000 -0.000002
26.600000 0.000007
26.650000 -0.000004
26.700000 0.000004
26.750000 -0.000008
26.800000 0.000001
26.850000 -0.000010
26.900000 -0.000000
26.950000 -0.000010
27.000000 0.000000
27.050000 -0.000008
27.100000 0.000003
27.150000 -0.000005
27.200000 0.000006
27.250000 -0.000002
27.300000 0.000009
27.350000 0.000000
27.400000 0.000010
27.450000 0.000001
27.500000 0.000010
27.550000 -0.000001
27.600000 0.000007
27.650000 -0.000004
27.700000 0.000004
27.750000 -0.000007
27.800000 0.000001
27.850000 -0.000010
27.900000 -0.000001
27.950000 -0.000010
28.000000 -0.000001
28.050000 -0.000009
28.100000 0.000002
28.150000 -0.000006
28.200000 0.000005
28.250000 -0.000003
28.300000 0.000008
28.350000 0.000000
28.400000 0.000010
28.450000 0.000001
28.500000 0.000010
28.550000 0.000000
28.600000 0.000008
28.650000 -0.000002
28.700000 0.000005
28.750000 -0.000006
28.800000 0.000002
28.850000 -0.000009
28.900000 -0.000001
28.950000 -0.000011
29.000000 -0.000001
29.050000 -0.000010
29.100000 0.000000
29.150000 -0.000008
29.200000 0.000003
29.250000 -0.000004
29.300000 0.000007
29.350000 -0.000000
29.400000 0.000010
29.450000 0.000002
29.500000 0.000011
29.550000 0.000002
29.600000 0.000010
29.650000 -0.000001
29.700000 0.000007
29.750000 -0.000004
29.800000 0.000003
29.850000 -0.000008
29.900000 -0.000001
29.950000 -0.000011
30.000000 -0.000002
30.050000 -0.000011
30.100000 -0.000001
30.150000 -0.000009
30.200000 0.000001
30.250000 -0.000006
30.300000 0.000005
30.350000 -0.000002
30.400000 0.000009
30.450000 0.000001
30.500000 0.000011
30.550000 0.000003
30.600000 0.000011
30.650000 0.000001
30.700000 0.000009
30.750000 -0.000002
30.800000 0.000005
30.850000 -0.000006
30.900000 0.000001
30.950000 -0.000010
31.000000 -0.000002
31.050000 -0.000011
31.100000 -0.000003
31.150000 -0.000011
31.200000 -0.000001
31.250000 -0.000008
31.300000 0.000002
31.350000 -0.000004
31.400000 0.000007
31.450000 0.000000
31.500000 0.000010
31.550000 0.000003
31.600000 0.000012
31.650000 0.000003
31.700000 0.000011
31.750000 0.000001
31.800000 0.000008
31.850000 -0.000003
31.900000 0.000003
31.950000 -0.000007
32.000000 -0.000001
32.050000 -0.000011
32.100000 -0.000003
32.150000 -0.000012
32.200000 -0.000003
32.250000 -0.000011
32.300000 -0.000001
32.350000 -0.000007
32.400000 0.000003
32.450000 -0.000003
32.500000 0.000008
32.550000 0.000001
32.600000 0.000011
32.650000 0.000004
32.700000 0.000012
32.750000 0.000004
32.800000 0.000011
32.850000 0.000001
32.900000 0.000007
32.950000 -0.000003
33.000000 0.000002
33.050000 -0.000008
33.100000 -0.000002
33.150000 -0.000011
33.200000 -0.000004
33.250000 -0.000013
33.300000 -0.000004
33.350000 -0.000011
33.400000 -0.000001
33.450000 -0.000007
33.500000 0.000003
33.550000 -0.000002
33.600000 0.000008
33.650000 0.000002
33.700000 0.000012
33.750000 0.000005
33.800000 0.000013
33.850000 0.000005
33.900000 0.000011
33.950000 0.000002
34.000000 0.000007
34.050000 -0.000003
34.100000 0.000002
34.150000 -0.000008
34.200000 -0.000003
34.250000 -0.000012
34.300000 -0.000005
34.350000 -0.000013
34.400000 -0.000005
34.450000 -0.000011
34.500000 -0.000002
34.550000 -0.000007
34.600000 0.000003
34.650000 -0.000002
34.700000 0.000008
34.750000 0.000003
34.800000 0.000012
34.850000 0.000006
34.900000 0.000013
34.950000 0.000006
35.000000 0.000012
35.050000 0.000003
35.100000 0.000008
35.150000 -0.000002
35.200000 0.000002
35.250000 -0.000008
35.300000 -0.000003
35.350000 -0.000012
35.400000 -0.000006
35.450000 -0.000014
35.500000 -0.000007
35.550000 -0.000012
35.600000 -0.000004
35.650000 -0.000008
35.700000 0.000001
35.750000 -0.000003
35.800000 0.000007
35.850000 0.000003
35.900000 0.000012
35.950000 0.000006
36.000000 0.000014
36.050000 0.000007
36.100000 0.000013
36.150000 0.000005
36.200000 0.000009
36.250000 0.000000
36.300000 0.000004
36.350000 -0.000006
36.400000 -0.000002
36.450000 -0.000011
36.500000 -0.000007
36.550000 -0.000014
36.600000 -0.000008
36.650000 -0.000014
36.700000 -0.000006
36.750000 -0.000010
36.800000 -0.000002
36.850000 -0.000005
36.900000 0.000005
36.950000 0.000001
37.000000 0.000010
37.050000 0.000006
37.100000 0.000014
37.150000 0.000009
37.200000 0.000015
37.250000 0.000008
37.300000 0.000012
37.350000 0.000003
37.400000 0.000006
37.450000 -0.000003
37.500000 -0.000000
37.550000 -0.000009
37.600000 -0.000006
37.650000 -0.000014
37.700000 -0.000009
37.750000 -0.000015
37.800000 -0.000009
37.850000 -0.000013
37.900000 -0.000005
37.950000 -0.000008
38.000000 0.000001
38.050000 -0.000002
38.100000 0.000007
38.150000 0.000005
38.200000 0.000013
38.250000 0.000009
38.300000 0.000016
38.350000 0.000010
38.400000 0.000015
38.450000 0.000008
38.500000 0.000011
38.550000 0.000002
38.600000 0.000004
38.650000 -0.000005
38.700000 -0.000003
38.750000 -0.000011
38.800000 -0.000008
38.850000 -0.000015
38.900000 -0.000011
38.950000 -0.000016
39.000000 -0.000010
39.050000 -0.000013
39.100000 -0.000005
39.150000 -0.000007
39.200000 0.000002
39.250000 0.000001
39.300000 0.000009
39.350000 0.000007
39.400000 0.000014
39.450000 0.000011
39.500000 0.000017
39.550000 0.000012
39.600000 0.000015
39.650000 0.000008
39.700000 0.000010
39.750000 0.000002
39.800000 0.000003
39.850000 -0.000006
39.900000 -0.000005
39.950000 -0.000012
40.000000 -0.000010
40.050000 -0.000017
40.100000 -0.000013
40.150000 -0.000017
40.200000 -0.000011
40.250000 -0.000013
40.300000 -0.000006
40.350000 -0.000006
40.400000 0.000002
40.450000 0.000001
40.500000 0.000009
40.550000 0.000008
40.600000 0.000015
40.650000 0.000013
40.700000 0.000018
40.750000 0.000013
40.800000 0.000016
40.850000 0.000010
40.900000 0.000011
40.950000 0.000003
41.000000 0.000003
41.050000 -0.000005
41.100000 -0.000005
41.150000 -0.000013
41.200000 -0.000012
41.250000 -0.000017
41.300000 -0.000015
41.350000 -0.000018
41.400000 -0.000013
41.450000 -0.000015
41.500000 -0.000008
41.550000 -0.000008
41.600000 -0.000000
41.650000 0.000001
41.700000 0.000008
41.750000 0.000009
41.800000 0.000015
41.850000 0.000014
41.900000 0.000019
41.950000 0.000016
42.000000 0.000018
42.050000 0.000013
42.100000 0.000013
42.150000 0.000006
42.200000 0.000005
42.250000 -0.000002
42.300000 -0.000004
42.350000 -0.000011
42.400000 -0.000012
42.450000 -0.000017
42.500000 -0.000016
42.550000 -0.000020
42.600000 -0.000016
42.650000 -0.000018
42.700000 -0.000012
42.750000 -0.000012
42.800000 -0.000004
42.850000 -0.000003
42.900000 0.000005
42.950000 0.000007
43.000000 0.000013
43.050000 0.000014
43.100000 0.000019
43.150000 0.000018
43.200000 0.000021
43.250000 0.000017
43.300000 0.000017
43.350000 0.000012
43.400000 0.000010
43.450000 0.000003
43.500000 0.000001
43.550000 -0.000007
43.600000 -0.000009
43.650000 -0.000015
43.700000 -0.000016
43.750000 -0.000021
43.800000 -0.000019
43.850000 -0.000021
43.900000 -0.000018
43.950000 -0.000017
44.000000 -0.000012
44.050000 -0.000009
44.100000 -0.000002
44.150000 0.000001
44.200000 0.000008
44.250000 0.000011
44.300000 0.000017
44.350000 0.000018
44.400000 0.000022
44.450000 0.000022
44.500000 0.000023
44.550000 0.000021
44.600000 0.000020
44.650000 0.000016
44.700000 0.000014
44.750000 0.000009
44.800000 0.000007
44.850000 0.000002
44.900000 0.000001
44.950000 -0.000001
