-30.000000 -0.000012
-29.950000 -0.000011
-29.900000 -0.000022
-29.850000 -0.000019
-29.800000 -0.000027
-29.750000 -0.000022
-29.700000 -0.000028
-29.650000 -0.000020
-29.600000 -0.000023
-29.550000 -0.000013
-29.500000 -0.000015
-29.450000 -0.000003
-29.400000 -0.000004
-29.350000 0.000008
-29.300000 0.000007
-29.250000 0.000018
-29.200000 0.000015
-29.150000 0.000024
-29.100000 0.000019
-29.050000 0.000025
-29.000000 0.000018
-28.950000 0.000021
-28.900000 0.000011
-28.850000 0.000013
-28.800000 0.000002
-28.750000 0.000002
-28.700000 -0.000009
-28.650000 -0.000009
-28.600000 -0.000019
-28.550000 -0.000017
-28.500000 -0.000025
-28.450000 -0.000021
-28.400000 -0.000026
-28.350000 -0.000019
-28.300000 -0.000022
-28.250000 -0.000013
-28.200000 -0.000013
-28.150000 -0.000002
-28.100000 -0.000002
-28.050000 0.000009
-28.000000 0.000009
-27.950000 0.000020
-27.900000 0.000018
-27.850000 0.000026
-27.800000 0.000022
-27.750000 0.000028
-27.700000 0.000021
-27.650000 0.000024
-27.600000 0.000014
-27.550000 0.000015
-27.500000 0.000004
-27.450000 0.000003
-27.400000 -0.000008
-27.350000 -0.000009
-27.300000 -0.000019
-27.250000 -0.000018
-27.200000 -0.000027
-27.150000 -0.000024
-27.100000 -0.000029
-27.050000 -0.000023
-27.000000 -0.000026
-26.950000 -0.000017
-26.900000 -0.000017
-26.850000 -0.000007
-26.800000 -0.000005
-26.750000 0.000006
-26.700000 0.000007
-26.650000 0.000018
-26.600000 0.000018
-26.550000 0.000027
-26.500000 0.000025
-26.450000 0.000031
-26.400000 0.000026
-26.350000 0.000028
-26.300000 0.000020
-26.250000 0.000021
-26.200000 0.000011
-26.150000 0.000009
-26.100000 -0.000002
-26.050000 -0.000005
-26.000000 -0.000015
-25.950000 -0.000017
-25.900000 -0.000026
-25.850000 -0.000025
-25.800000 -0.000032
-25.750000 -0.000028
-25.700000 -0.000031
-25.650000 -0.000025
-25.600000 -0.000025
-25.550000 -0.000016
-25.500000 -0.000014
-25.450000 -0.000003
-25.400000 0.000000
-25.350000 0.000011
-25.300000 0.000014
-25.250000 0.000023
-25.200000 0.000024
-25.150000 0.000032
-25.100000 0.000030
-25.050000 0.000034
-25.000000 0.000029
-24.950000 0.000030
-24.900000 0.000022
-24.850000 0.000020
-24.800000 0.000010
-24.750000 0.000007
-24.700000 -0.000005
-24.650000 -0.000008
-24.600000 -0.000019
-24.550000 -0.000021
-24.500000 -0.000030
-24.450000 -0.000030
-24.400000 -0.000036
-24.350000 -0.000033
-24.300000 -0.000035
-24.250000 -0.000028
-24.200000 -0.000027
-24.150000 -0.000018
-24.100000 -0.000015
-24.050000 -0.000004
-24.000000 0.000000
-23.950000 0.000011
-23.900000 0.000015
-23.850000 0.000025
-23.800000 0.000027
-23.750000 0.000035
-23.700000 0.000034
-23.650000 0.000038
-23.600000 0.000034
-23.550000 0.000035
-23.500000 0.000027
-23.450000 0.000025
-23.400000 0.000015
-23.350000 0.000010
-23.300000 -0.000001
-23.250000 -0.000006
-23.200000 -0.000017
-23.150000 -0.000021
-23.100000 -0.000030
-23.050000 -0.000033
-23.000000 -0.000039
-22.950000 -0.000038
-22.900000 -0.000040
-22.850000 -0.000036
-22.800000 -0.000035
-22.750000 -0.000027
-22.700000 -0.000023
-22.650000 -0.000013
-22.600000 -0.000007
-22.550000 0.000004
-22.500000 0.000010
-22.450000 0.000021
-22.400000 0.000026
-22.350000 0.000034
-22.300000 0.000037
-22.250000 0.000042
-22.200000 0.000041
-22.150000 0.000042
-22.100000 0.000038
-22.050000 0.000036
-22.000000 0.000028
-21.950000 0.000022
-21.900000 0.000012
-21.850000 0.000005
-21.800000 -0.000006
-21.750000 -0.000013
-21.700000 -0.000023
-21.650000 -0.000029
-21.600000 -0.000037
-21.550000 -0.000040
-21.500000 -0.000045
-21.450000 -0.000044
-21.400000 -0.000045
-21.350000 -0.000041
-21.300000 -0.000038
-21.250000 -0.000030
-21.200000 -0.000024
-21.150000 -0.000014
-21.100000 -0.000006
-21.050000 0.000005
-21.000000 0.000013
-20.950000 0.000023
-20.900000 0.000030
-20.850000 0.000038
-20.800000 0.000042
-20.750000 0.000047
-20.700000 0.000048
-20.650000 0.000048
-20.600000 0.000045
-20.550000 0.000042
-20.500000 0.000035
-20.450000 0.000028
-20.400000 0.000019
-20.350000 0.000010
-20.300000 -0.000001
-20.250000 -0.000010
-20.200000 -0.000021
-20.150000 -0.000029
-20.100000 -0.000038
-20.050000 -0.000043
-20.000000 -0.000049
-19.950000 -0.000051
-19.900000 -0.000052
-19.850000 -0.000050
-19.800000 -0.000048
-19.750000 -0.000042
-19.700000 -0.000035
-19.650000 -0.000026
-19.600000 -0.000017
-19.550000 -0.000007
-19.500000 0.000004
-19.450000 0.000015
-19.400000 0.000024
-19.350000 0.000034
-19.300000 0.000042
-19.250000 0.000048
-19.200000 0.000053
-19.150000 0.000056
-19.100000 0.000056
-19.050000 0.000054
-19.000000 0.000051
-18.950000 0.000045
-18.900000 0.000037
-18.850000 0.000028
-18.800000 0.000018
-18.750000 0.000007
-18.700000 -0.000004
-18.650000 -0.000015
-18.600000 -0.000026
-18.550000 -0.000036
-18.500000 -0.000044
-18.450000 -0.000051
-18.400000 -0.000056
-18.350000 -0.000060
-18.300000 -0.000060
-18.250000 -0.000059
-18.200000 -0.000056
-18.150000 -0.000051
-18.100000 -0.000043
-18.050000 -0.000034
-18.000000 -0.000023
-17.950000 -0.000013
-17.900000 -0.000000
-17.850000 0.000011
-17.800000 0.000023
-17.750000 0.000034
-17.700000 0.000044
-17.650000 0.000052
-17.600000 0.000059
-17.550000 0.000062
-17.500000 0.000066
-17.450000 0.000065
-17.400000 0.000063
-17.350000 0.000058
-17.300000 0.000052
-17.250000 0.000043
-17.200000 0.000034
-17.150000 0.000022
-17.100000 0.000011
-17.050000 -0.000003
-17.000000 -0.000014
-16.950000 -0.000027
-16.900000 -0.000038
-16.850000 -0.000049
-16.800000 -0.000056
-16.750000 -0.000064
-16.700000 -0.000068
-16.650000 -0.000071
-16.600000 -0.000070
-16.550000 -0.000069
-16.500000 -0.000063
-16.450000 -0.000058
-16.400000 -0.000048
-16.350000 -0.000039
-16.300000 -0.000026
-16.250000 -0.000015
-16.200000 0.000000
-16.150000 0.000012
-16.100000 0.000026
-16.050000 0.000037
-16.000000 0.000050
-15.950000 0.000058
-15.900000 0.000068
-15.850000 0.000071
-15.800000 0.000077
-15.750000 0.000076
-15.700000 0.000077
-15.650000 0.000071
-15.600000 0.000068
-15.550000 0.000057
-15.500000 0.000050
-15.450000 0.000036
-15.400000 0.000025
-15.350000 0.000010
-15.300000 -0.000002
-15.250000 -0.000018
-15.200000 -0.000030
-15.150000 -0.000045
-15.100000 -0.000054
-15.050000 -0.000066
-15.000000 -0.000072
-14.950000 -0.000080
-14.900000 -0.000082
-14.850000 -0.000085
-14.800000 -0.000082
-14.750000 -0.000081
-14.700000 -0.000072
-14.650000 -0.000066
-14.600000 -0.000053
-14.550000 -0.000044
-14.500000 -0.000028
-14.450000 -0.000017
-14.400000 0.000001
-14.350000 0.000013
-14.300000 0.000030
-14.250000 0.000041
-14.200000 0.000057
-14.150000 0.000065
-14.100000 0.000077
-14.050000 0.000082
-14.000000 0.000090
-13.950000 0.000090
-13.900000 0.000093
-13.850000 0.000088
-13.800000 0.000086
-13.750000 0.000076
-13.700000 0.000070
-13.650000 0.000055
-13.600000 0.000046
-13.550000 0.000028
-13.500000 0.000016
-13.450000 -0.000002
-13.400000 -0.000015
-13.350000 -0.000033
-13.300000 -0.000045
-13.250000 -0.000062
-13.200000 -0.000070
-13.150000 -0.000084
-13.100000 -0.000088
-13.050000 -0.000098
-13.000000 -0.000098
-12.950000 -0.000102
-12.900000 -0.000097
-12.850000 -0.000097
-12.800000 -0.000086
-12.750000 -0.000081
-12.700000 -0.000066
-12.650000 -0.000058
-12.600000 -0.000039
-12.550000 -0.000028
-12.500000 -0.000008
-12.450000 0.000005
-12.400000 0.000025
-12.350000 0.000037
-12.300000 0.000056
-12.250000 0.000066
-12.200000 0.000082
-12.150000 0.000089
-12.100000 0.000101
-12.050000 0.000103
-12.000000 0.000111
-11.950000 0.000108
-11.900000 0.000111
-11.850000 0.000103
-11.800000 0.000101
-11.750000 0.000087
-11.700000 0.000081
-11.650000 0.000064
-11.600000 0.000053
-11.550000 0.000033
-11.500000 0.000021
-11.450000 -0.000001
-11.400000 -0.000013
-11.350000 -0.000035
-11.300000 -0.000047
-11.250000 -0.000067
-11.200000 -0.000076
-11.150000 -0.000094
-11.100000 -0.000099
-11.050000 -0.000113
-11.000000 -0.000114
-10.950000 -0.000122
-10.900000 -0.000119
-10.850000 -0.000122
-10.800000 -0.000114
-10.750000 -0.000112
-10.700000 -0.000098
-10.650000 -0.000092
-10.600000 -0.000074
-10.550000 -0.000065
-10.500000 -0.000044
-10.450000 -0.000032
-10.400000 -0.000009
-10.350000 0.000004
-10.300000 0.000027
-10.250000 0.000040
-10.200000 0.000062
-10.150000 0.000072
-10.100000 0.000092
-10.050000 0.000099
-10.000000 0.000115
-9.950000 0.000119
-9.900000 0.000131
-9.850000 0.000129
-9.800000 0.000136
-9.750000 0.000130
-9.700000 0.000132
-9.650000 0.000121
-9.600000 0.000118
-9.550000 0.000102
-9.500000 0.000095
-9.450000 0.000075
-9.400000 0.000065
-9.350000 0.000042
-9.300000 0.000030
-9.250000 0.000006
-9.200000 -0.000007
-9.150000 -0.000031
-9.100000 -0.000043
-9.050000 -0.000066
-9.000000 -0.000077
-8.950000 -0.000098
-8.900000 -0.000106
-8.850000 -0.000123
-8.800000 -0.000127
-8.750000 -0.000141
-8.700000 -0.000141
-8.650000 -0.000149
-8.600000 -0.000144
-8.550000 -0.000148
-8.500000 -0.000138
-8.450000 -0.000137
-8.400000 -0.000123
-8.350000 -0.000118
-8.300000 -0.000099
-8.250000 -0.000091
-8.200000 -0.000069
-8.150000 -0.000059
-8.100000 -0.000035
-8.050000 -0.000023
-8.000000 0.000002
-7.950000 0.000015
-7.900000 0.000040
-7.850000 0.000052
-7.800000 0.000075
-7.750000 0.000086
-7.700000 0.000107
-7.650000 0.000115
-7.600000 0.000133
-7.550000 0.000137
-7.500000 0.000151
-7.450000 0.000151
-7.400000 0.000162
-7.350000 0.000157
-7.300000 0.000163
-7.250000 0.000154
-7.200000 0.000156
-7.150000 0.000143
-7.100000 0.000141
-7.050000 0.000124
-7.000000 0.000119
-6.950000 0.000099
-6.900000 0.000090
-6.850000 0.000068
-6.800000 0.000057
-6.750000 0.000033
-6.700000 0.000022
-6.650000 -0.000004
-6.600000 -0.000015
-6.550000 -0.000040
-6.500000 -0.000051
-6.450000 -0.000075
-6.400000 -0.000084
-6.350000 -0.000106
-6.300000 -0.000113
-6.250000 -0.000133
-6.200000 -0.000137
-6.150000 -0.000154
-6.100000 -0.000155
-6.050000 -0.000168
-6.000000 -0.000166
-5.950000 -0.000176
-5.900000 -0.000170
-5.850000 -0.000177
-5.800000 -0.000167
-5.750000 -0.000170
-5.700000 -0.000157
-5.650000 -0.000157
-5.600000 -0.000141
-5.550000 -0.000139
-5.500000 -0.000121
-5.450000 -0.000116
-5.400000 -0.000096
-5.350000 -0.000089
-5.300000 -0.000068
-5.250000 -0.000061
-5.200000 -0.000039
-5.150000 -0.000031
-5.100000 -0.000009
-5.050000 -0.000002
-5.000000 0.000020
-4.950000 0.000026
-4.900000 0.000047
-4.850000 0.000052
-4.800000 0.000070
-4.750000 0.000073
-4.700000 0.000090
-4.650000 0.000090
-4.600000 0.000104
-4.550000 0.000102
-4.500000 0.000114
-4.450000 0.000109
-4.400000 0.000117
-4.350000 0.000109
-4.300000 0.000115
-4.250000 0.000104
-4.200000 0.000106
-4.150000 0.000092
-4.100000 0.000091
-4.050000 0.000073
-4.000000 0.000068
-3.950000 0.000047
-3.900000 0.000039
-3.850000 0.000014
-3.800000 0.000003
-3.750000 -0.000026
-3.700000 -0.000041
-3.650000 -0.000074
-3.600000 -0.000093
-3.550000 -0.000130
-3.500000 -0.000155
-3.450000 -0.000197
-3.400000 -0.000226
-3.350000 -0.000274
-3.300000 -0.000310
-3.250000 -0.000365
-3.200000 -0.000409
-3.150000 -0.000473
-3.100000 -0.000526
-3.050000 -0.000600
-3.000000 -0.000665
-2.950000 -0.000751
-2.900000 -0.000830
-2.850000 -0.000932
-2.800000 -0.001028
-2.750000 -0.001149
-2.700000 -0.001266
-2.650000 -0.001411
-2.600000 -0.001555
-2.550000 -0.001729
-2.500000 -0.001906
-2.450000 -0.002116
-2.400000 -0.002333
-2.350000 -0.002588
-2.300000 -0.002853
-2.250000 -0.003162
-2.200000 -0.003488
-2.150000 -0.003864
-2.100000 -0.004263
-2.050000 -0.004721
-2.000000 -0.005210
-1.950000 -0.005768
-1.900000 -0.006368
-1.850000 -0.007048
-1.800000 -0.007783
-1.750000 -0.008611
-1.700000 -0.009511
-1.650000 -0.010522
-1.600000 -0.011622
-1.550000 -0.012854
-1.500000 -0.014199
-1.450000 -0.015701
-1.400000 -0.017344
-1.350000 -0.019175
-1.300000 -0.021180
-1.250000 -0.023411
-1.200000 -0.025857
-1.150000 -0.028574
-1.100000 -0.031556
-1.050000 -0.034863
-1.000000 -0.038495
-0.950000 -0.042517
-0.900000 -0.046937
-0.850000 -0.051826
-0.800000 -0.057198
-0.750000 -0.063134
-0.700000 -0.069656
-0.650000 -0.076855
-0.600000 -0.084763
-0.550000 -0.093481
-0.500000 -0.103051
-0.450000 -0.113589
-0.400000 -0.125150
-0.350000 -0.137860
-0.300000 -0.151789
-0.250000 -0.167079
-0.200000 -0.183812
-0.150000 -0.202145
-0.100000 -0.222175
-0.050000 -0.244070
0.000000 -0.267940
0.050000 -0.293965
0.100000 -0.322262
0.150000 -0.353016
0.200000 -0.386345
0.250000 -0.422431
0.300000 -0.461382
0.350000 -0.503362
0.400000 -0.548456
0.450000 -0.596789
0.500000 -0.648398
0.550000 -0.703350
0.600000 -0.761604
0.650000 -0.823136
0.700000 -0.887798
0.750000 -0.955438
0.800000 -1.025768
0.850000 -1.098477
0.900000 -1.173103
0.950000 -1.249154
1.000000 -1.325978
1.050000 -1.402891
1.100000 -1.479058
1.150000 -1.553627
1.200000 -1.625617
1.250000 -1.694062
1.300000 -1.757914
1.350000 -1.816188
1.400000 -1.867874
1.450000 -1.912094
1.500000 -1.948005
1.550000 -1.974957
1.600000 -1.992396
1.650000 -2.000009
1.700000 -1.997613
1.750000 -1.985288
1.800000 -1.963246
1.850000 -1.931951
1.900000 -1.891974
1.950000 -1.844091
2.000000 -1.789135
2.050000 -1.728084
2.100000 -1.661907
2.150000 -1.591654
2.200000 -1.518307
2.250000 -1.442872
2.300000 -1.366238
2.350000 -1.289284
2.400000 -1.212742
2.450000 -1.137312
2.500000 -1.063538
2.550000 -0.991930
2.600000 -0.922843
2.650000 -0.856611
2.700000 -0.793422
2.750000 -0.733457
2.800000 -0.676772
2.850000 -0.623431
2.900000 -0.573389
2.950000 -0.526626
3.000000 -0.483028
3.050000 -0.442522
3.100000 -0.404952
3.150000 -0.370213
3.200000 -0.338128
3.250000 -0.308578
3.300000 -0.281381
3.350000 -0.256415
3.400000 -0.233501
3.450000 -0.212526
3.500000 -0.193318
3.550000 -0.175776
3.600000 -0.159741
3.650000 -0.145126
3.700000 -0.131786
3.750000 -0.119647
3.800000 -0.108580
3.850000 -0.098523
3.900000 -0.089363
3.950000 -0.081050
4.000000 -0.073481
4.050000 -0.066621
4.100000 -0.060378
4.150000 -0.054725
4.200000 -0.049581
4.250000 -0.044929
4.300000 -0.040695
4.350000 -0.036870
4.400000 -0.033387
4.450000 -0.030245
4.500000 -0.027382
4.550000 -0.024802
4.600000 -0.022451
4.650000 -0.020335
4.700000 -0.018403
4.750000 -0.016668
4.800000 -0.015083
4.850000 -0.013661
4.900000 -0.012360
4.950000 -0.011195
5.000000 -0.010127
5.050000 -0.009173
5.100000 -0.008296
5.150000 -0.007516
5.200000 -0.006795
5.250000 -0.006157
5.300000 -0.005565
5.350000 -0.005044
5.400000 -0.004558
5.450000 -0.004132
5.500000 -0.003732
5.550000 -0.003385
5.600000 -0.003057
5.650000 -0.002773
5.700000 -0.002503
5.750000 -0.002272
5.800000 -0.002050
5.850000 -0.001862
5.900000 -0.001678
5.950000 -0.001525
6.000000 -0.001373
6.050000 -0.001249
6.100000 -0.001123
6.150000 -0.001023
6.200000 -0.000919
6.250000 -0.000839
6.300000 -0.000752
6.350000 -0.000688
6.400000 -0.000616
6.450000 -0.000564
6.500000 -0.000504
6.550000 -0.000463
6.600000 -0.000412
6.650000 -0.000380
6.700000 -0.000337
6.750000 -0.000311
6.800000 -0.000275
6.850000 -0.000255
6.900000 -0.000224
6.950000 -0.000209
7.000000 -0.000183
7.050000 -0.000172
7.100000 -0.000149
7.150000 -0.000142
7.200000 -0.000122
7.250000 -0.000117
7.300000 -0.000100
7.350000 -0.000097
7.400000 -0.000081
7.450000 -0.000080
7.500000 -0.000066
7.550000 -0.000065
7.600000 -0.000053
7.650000 -0.000054
7.700000 -0.000042
7.750000 -0.000044
7.800000 -0.000034
7.850000 -0.000037
7.900000 -0.000027
7.950000 -0.000031
8.000000 -0.000022
8.050000 -0.000027
8.100000 -0.000018
8.150000 -0.000023
8.200000 -0.000014
8.250000 -0.000019
8.300000 -0.000011
8.350000 -0.000016
8.400000 -0.000008
8.450000 -0.000013
8.500000 -0.000005
8.550000 -0.000011
8.600000 -0.000004
8.650000 -0.000010
8.700000 -0.000003
8.750000 -0.000009
8.800000 -0.000002
8.850000 -0.000008
8.900000 -0.000002
8.950000 -0.000008
9.000000 -0.000001
9.050000 -0.000006
9.100000 0.000000
9.150000 -0.000005
9.200000 0.000001
9.250000 -0.000005
9.300000 0.000002
9.350000 -0.000004
9.400000 0.000002
9.450000 -0.000004
9.500000 0.000002
9.550000 -0.000004
9.600000 0.000001
9.650000 -0.000005
9.700000 0.000001
9.750000 -0.000004
9.800000 0.000002
9.850000 -0.000004
9.900000 0.000002
9.950000 -0.000003
10.000000 0.000003
10.050000 -0.000003
10.100000 0.000003
10.150000 -0.000003
10.200000 0.000003
10.250000 -0.000003
10.300000 0.000003
10.350000 -0.000003
10.400000 0.000002
10.450000 -0.000004
10.500000 0.000002
10.550000 -0.000004
10.600000 0.000002
10.650000 -0.000003
10.700000 0.000003
10.750000 -0.000002
10.800000 0.000003
10.850000 -0.000002
10.900000 0.000003
10.950000 -0.000002
11.000000 0.000003
11.050000 -0.000002
11.100000 0.000003
11.150000 -0.000003
11.200000 0.000002
11.250000 -0.000003
11.300000 0.000002
11.350000 -0.000003
11.400000 0.000002
11.450000 -0.000003
11.500000 0.000003
11.550000 -0.000002
11.600000 0.000003
11.650000 -0.000002
11.700000 0.000003
11.750000 -0.000002
11.800000 0.000003
11.850000 -0.000002
11.900000 0.000002
11.950000 -0.000003
12.000000 0.000002
12.050000 -0.000003
12.100000 0.000002
12.150000 -0.000003
12.200000 0.000002
12.250000 -0.000003
12.300000 0.000002
12.350000 -0.000002
12.400000 0.000003
12.450000 -0.000002
12.500000 0.000003
12.550000 -0.000001
12.600000 0.000003
12.650000 -0.000002
12.700000 0.000002
12.750000 -0.000003
12.800000 0.000002
12.850000 -0.000003
12.900000 0.000001
12.950000 -0.000003
13.000000 0.000001
13.050000 -0.000003
13.100000 0.000002
13.150000 -0.000002
13.200000 0.000003
13.250000 -0.000001
13.300000 0.000003
13.350000 -0.000001
13.400000 0.000003
13.450000 -0.000002
13.500000 0.000002
13.550000 -0.000002
13.600000 0.000001
13.650000 -0.000003
13.700000 0.000001
13.750000 -0.000003
13.800000 0.000001
13.850000 -0.000002
13.900000 0.000002
13.950000 -0.000002
14.000000 0.000002
14.050000 -0.000001
14.100000 0.000003
14.150000 -0.000001
14.200000 0.000003
14.250000 -0.000001
14.300000 0.000002
14.350000 -0.000002
14.400000 0.000001
14.450000 -0.000003
14.500000 0.000001
14.550000 -0.000003
14.600000 0.000001
14.650000 -0.000002
14.700000 0.000001
14.750000 -0.000002
14.800000 0.000002
14.850000 -0.000001
14.900000 0.000003
14.950000 -0.000001
15.000000 0.000003
15.050000 -0.000001
15.100000 0.000002
15.150000 -0.000001
15.200000 0.000001
15.250000 -0.000002
15.300000 0.000001
15.350000 -0.000003
15.400000 0.000000
15.450000 -0.000002
15.500000 0.000001
15.550000 -0.000002
15.600000 0.000002
15.650000 -0.000001
15.700000 0.000002
15.750000 -0.000000
15.800000 0.000002
15.850000 -0.000000
15.900000 0.000002
15.950000 -0.000001
16.000000 0.000001
16.050000 -0.000002
16.100000 0.000000
16.150000 -0.000002
16.200000 0.000000
16.250000 -0.000002
16.300000 0.000000
16.350000 -0.000002
16.400000 0.000001
16.450000 -0.000001
16.500000 0.000002
16.550000 -0.000000
16.600000 0.000002
16.650000 0.000000
16.700000 0.000002
16.750000 -0.000000
16.800000 0.000001
16.850000 -0.000001
16.900000 0.000000
16.950000 -0.000002
17.000000 -0.000000
17.050000 -0.000002
17.100000 -0.000000
17.150000 -0.000002
17.200000 0.000000
17.250000 -0.000001
17.300000 0.000001
17.350000 -0.000000
17.400000 0.000002
17.450000 0.000000
17.500000 0.000002
17.550000 0.000000
17.600000 0.000001
17.650000 -0.000000
17.700000 0.000001
17.750000 -0.000001
17.800000 -0.000000
17.850000 -0.000002
17.900000 -0.000001
17.950000 -0.000002
18.000000 -0.000000
18.050000 -0.000001
18.100000 0.000001
18.150000 -0.000000
18.200000 0.000002
18.250000 0.000001
18.300000 0.000002
18.350000 0.000001
18.400000 0.000002
18.450000 0.000000
18.500000 0.000001
18.550000 -0.000001
18.600000 -0.000000
18.650000 -0.000002
18.700000 -0.000001
18.750000 -0.000002
18.800000 -0.000001
18.850000 -0.000001
18.900000 -0.000000
18.950000 -0.000000
19.000000 0.000001
19.050000 0.000001
19.100000 0.000002
19.150000 0.000001
19.200000 0.000002
19.250000 0.000001
19.300000 0.000001
19.350000 0.000000
19.400000 0.000000
19.450000 -0.000001
19.500000 -0.000001
19.550000 -0.000002
19.600000 -0.000001
19.650000 -0.000002
19.700000 -0.000001
19.750000 -0.000001
19.800000 -0.000000
19.850000 0.000000
19.900000 0.000001
19.950000 0.000001
20.000000 0.000002
20.050000 0.000002
20.100000 0.000001
20.150000 0.000001
20.200000 0.000001
20.250000 0.000000
20.300000 -0.000001
20.350000 -0.000001
20.400000 -0.000002
20.450000 -0.000002
20.500000 -0.000002
20.550000 -0.000001
20.600000 -0.000001
20.650000 -0.000000
20.700000 -0.000000
20.750000 0.000001
20.800000 0.000001
20.850000 0.000002
20.900000 0.000001
20.950000 0.000002
21.000000 0.000001
21.050000 0.000001
21.100000 -0.000000
21.150000 0.000000
21.200000 -0.000001
21.250000 -0.000001
21.300000 -0.000002
21.350000 -0.000001
21.400000 -0.000002
21.450000 -0.000001
21.500000 -0.000001
21.550000 0.000000
21.600000 -0.000000
21.650000 0.000002
21.700000 0.000001
21.750000 0.000002
21.800000 0.000001
21.850000 0.000002
21.900000 0.000001
21.950000 0.000001
22.000000 -0.000001
22.050000 0.000000
22.100000 -0.000002
22.150000 -0.000001
22.200000 -0.000003
22.250000 -0.000001
22.300000 -0.000002
22.350000 -0.000001
22.400000 -0.000001
22.450000 0.000001
22.500000 -0.000000
22.550000 0.000002
22.600000 0.000001
22.650000 0.000003
22.700000 0.000001
22.750000 0.000003
22.800000 0.000000
22.850000 0.000002
22.900000 -0.000001
22.950000 0.000000
23.000000 -0.000002
23.050000 -0.000001
23.100000 -0.000003
23.150000 -0.000001
23.200000 -0.000003
23.250000 -0.000000
23.300000 -0.000002
23.350000 0.000001
23.400000 -0.000000
23.450000 0.000003
23.500000 0.000001
23.550000 0.000003
23.600000 0.000001
23.650000 0.000003
23.700000 0.000000
23.750000 0.000002
23.800000 -0.000001
23.850000 0.000000
23.900000 -0.000003
23.950000 -0.000001
24.000000 -0.000003
24.050000 -0.000001
24.100000 -0.000003
24.150000 -0.000000
24.200000 -0.000002
24.250000 0.000001
24.300000 -0.000000
24.350000 0.000003
24.400000 0.000001
24.450000 0.000004
24.500000 0.000001
24.550000 0.000003
24.600000 0.000000
24.650000 0.000002
24.700000 -0.000002
24.750000 0.000001
24.800000 -0.000003
24.850000 -0.000001
24.900000 -0.000004
24.950000 -0.000001
25.000000 -0.000004
25.050000 -0.000000
25.100000 -0.000002
25.150000 0.000002
25.200000 -0.000001
25.250000 0.000003
25.300000 0.000001
25.350000 0.000004
25.400000 0.000001
25.450000 0.000004
25.500000 0.000000
25.550000 0.000003
25.600000 -0.000002
25.650000 0.000001
25.700000 -0.000003
25.750000 -0.000000
25.800000 -0.000004
25.850000 -0.000001
25.900000 -0.000004
25.950000 -0.000000
26.000000 -0.000003
26.050000 0.000001
26.100000 -0.000001
26.150000 0.000003
26.200000 0.000000
26.250000 0.000004
26.300000 0.000001
26.350000 0.000005
26.400000 0.000000
26.450000 0.000003
26.500000 -0.000001
26.550000 0.000002
26.600000 -0.000003
26.650000 -0.000000
26.700000 -0.000005
26.750000 -0.000001
26.800000 -0.000005
26.850000 -0.000000
26.900000 -0.000004
26.950000 0.000001
27.000000 -0.000002
27.050000 0.000003
27.100000 -0.000000
27.150000 0.000005
27.200000 0.000001
27.250000 0.000005
27.300000 0.000001
27.350000 0.000004
27.400000 -0.000001
27.450000 0.000002
27.500000 -0.000003
27.550000 0.000000
27.600000 -0.000005
27.650000 -0.000001
27.700000 -0.000005
27.750000 -0.000001
27.800000 -0.000005
27.850000 0.000001
27.900000 -0.000003
27.950000 0.000003
28.000000 -0.000001
28.050000 0.000005
28.100000 0.000001
28.150000 0.000006
28.200000 0.000001
28.250000 0.000005
28.300000 -0.000000
28.350000 0.000004
28.400000 -0.000002
28.450000 0.000001
28.500000 -0.000004
28.550000 -0.000000
28.600000 -0.000006
28.650000 -0.000001
28.700000 -0.000006
28.750000 -0.000000
28.800000 -0.000004
28.850000 0.000002
28.900000 -0.000002
28.950000 0.000004
29.000000 -0.000000
29.050000 0.000006
29.100000 0.000001
29.150000 0.000006
29.200000 0.000000
29.250000 0.000005
29.300000 -0.000001
29.350000 0.000003
29.400000 -0.000004
29.450000 0.000001
29.500000 -0.000006
29.550000 -0.000001
29.600000 -0.000006
29.650000 -0.000001
29.700000 -0.000006
29.750000 0.000001
29.800000 -0.000004
29.850000 0.000003
29.900000 -0.000001
29.950000 0.000005
30.000000 0.000001
30.050000 0.000007
30.100000 0.000001
30.150000 0.000006
30.200000 -0.000000
30.250000 0.000004
30.300000 -0.000002
30.350000 0.000002
30.400000 -0.000005
30.450000 -0.000000
30.500000 -0.000007
30.550000 -0.000001
30.600000 -0.000007
30.650000 -0.000000
30.700000 -0.000005
30.750000 0.000002
30.800000 -0.000003
30.850000 0.000004
30.900000 -0.000000
30.950000 0.000006
31.000000 0.000001
31.050000 0.000007
31.100000 0.000001
31.150000 0.000006
31.200000 -0.000001
31.250000 0.000004
31.300000 -0.000003
31.350000 0.000001
31.400000 -0.000006
31.450000 -0.000001
31.500000 -0.000007
31.550000 -0.000001
31.600000 -0.000007
31.650000 -0.000000
31.700000 -0.000005
31.750000 0.000002
31.800000 -0.000003
31.850000 0.000005
31.900000 0.000000
31.950000 0.000007
32.000000 0.000001
32.050000 0.000008
32.100000 0.000001
32.150000 0.000006
32.200000 -0.000001
32.250000 0.000004
32.300000 -0.000004
32.350000 0.000001
32.400000 -0.000007
32.450000 -0.000001
32.500000 -0.000008
32.550000 -0.000002
32.600000 -0.000007
32.650000 -0.000000
32.700000 -0.000005
32.750000 0.000003
32.800000 -0.000002
32.850000 0.000006
32.900000 0.000000
32.950000 0.000008
33.000000 0.000002
33.050000 0.000008
33.100000 0.000001
33.150000 0.000007
33.200000 -0.000001
33.250000 0.000004
33.300000 -0.000004
33.350000 0.000001
33.400000 -0.000007
33.450000 -0.000001
33.500000 -0.000009
33.550000 -0.000002
33.600000 -0.000008
33.650000 -0.000000
33.700000 -0.000006
33.750000 0.000003
33.800000 -0.000002
33.850000 0.000006
33.900000 0.000000
33.950000 0.000008
34.000000 0.000002
34.050000 0.000009
34.100000 0.000002
34.150000 0.000007
34.200000 -0.000001
34.250000 0.000004
34.300000 -0.000004
34.350000 0.000001
34.400000 -0.000007
34.450000 -0.000002
34.500000 -0.000009
34.550000 -0.000002
34.600000 -0.000009
34.650000 -0.000001
34.700000 -0.000006
34.750000 0.000002
34.800000 -0.000003
34.850000 0.000006
34.900000 0.000000
34.950000 0.000008
35.000000 0.000002
35.050000 0.000010
35.100000 0.000002
35.150000 0.000008
35.200000 0.000000
35.250000 0.000005
35.300000 -0.000003
35.350000 0.000002
35.400000 -0.000007
35.450000 -0.000001
35.500000 -0.000009
35.550000 -0.000003
35.600000 -0.000010
35.650000 -0.000002
35.700000 -0.000008
35.750000 0.000001
35.800000 -0.000004
35.850000 0.000005
35.900000 -0.000000
35.950000 0.000008
36.000000 0.000002
36.050000 0.000010
36.100000 0.000003
36.150000 0.000010
36.200000 0.000001
36.250000 0.000007
36.300000 -0.000002
36.350000 0.000003
36.400000 -0.000006
36.450000 -0.000001
36.500000 -0.000009
36.550000 -0.000003
36.600000 -0.000011
36.650000 -0.000003
36.700000 -0.000009
36.750000 -0.000001
36.800000 -0.000006
36.850000 0.000003
36.900000 -0.000002
36.950000 0.000007
37.000000 0.000002
37.050000 0.000010
37.100000 0.000004
37.150000 0.000011
37.200000 0.000003
37.250000 0.000009
37.300000 0.000000
37.350000 0.000005
37.400000 -0.000004
37.450000 0.000001
37.500000 -0.000008
37.550000 -0.000003
37.600000 -0.000011
37.650000 -0.000004
37.700000 -0.000011
37.750000 -0.000003
37.800000 -0.000009
37.850000 0.000000
37.900000 -0.000004
37.950000 0.000005
38.000000 0.000000
38.050000 0.000009
38.100000 0.000003
38.150000 0.000011
38.200000 0.000004
38.250000 0.000011
38.300000 0.000003
38.350000 0.000008
38.400000 -0.000001
38.450000 0.000004
38.500000 -0.000006
38.550000 -0.000001
38.600000 -0.000010
38.650000 -0.000004
38.700000 -0.000012
38.750000 -0.000005
38.800000 -0.000011
38.850000 -0.000003
38.900000 -0.000008
38.950000 0.000001
39.000000 -0.000003
39.050000 0.000006
39.100000 0.000002
39.150000 0.000011
39.200000 0.000005
39.250000 0.000012
39.300000 0.000005
39.350000 0.000011
39.400000 0.000003
39.450000 0.000008
39.500000 -0.000002
39.550000 0.000003
39.600000 -0.000007
39.650000 -0.000002
39.700000 -0.000011
39.750000 -0.000005
39.800000 -0.000013
39.850000 -0.000006
39.900000 -0.000012
39.950000 -0.000003
40.000000 -0.000008
40.050000 0.000002
40.100000 -0.000003
40.150000 0.000007
40.200000 0.000002
40.250000 0.000011
40.300000 0.000006
40.350000 0.000013
40.400000 0.000006
40.450000 0.000012
40.500000 0.000004
40.550000 0.000008
40.600000 -0.000001
40.650000 0.000003
40.700000 -0.000007
40.750000 -0.000003
40.800000 -0.000012
40.850000 -0.000006
40.900000 -0.000014
40.950000 -0.000007
41.000000 -0.000013
41.050000 -0.000004
41.100000 -0.000009
41.150000 0.000001
41.200000 -0.000003
41.250000 0.000007
41.300000 0.000003
41.350000 0.000012
41.400000 0.000007
41.450000 0.000014
41.500000 0.000008
41.550000 0.000013
41.600000 0.000005
41.650000 0.000010
41.700000 0.000000
41.750000 0.000004
41.800000 -0.000006
41.850000 -0.000002
41.900000 -0.000012
41.950000 -0.000007
42.000000 -0.000015
42.050000 -0.000008
42.100000 -0.000014
42.150000 -0.000006
42.200000 -0.000011
42.250000 -0.000001
42.300000 -0.000005
42.350000 0.000005
42.400000 0.000002
42.450000 0.000011
42.500000 0.000007
42.550000 0.000015
42.600000 0.000009
42.650000 0.000015
42.700000 0.000008
42.750000 0.000012
42.800000 0.000003
42.850000 0.000006
42.900000 -0.000004
42.950000 -0.000001
43.000000 -0.000010
43.050000 -0.000006
43.100000 -0.000015
43.150000 -0.000010
43.200000 -0.000016
43.250000 -0.000009
43.300000 -0.000014
43.350000 -0.000005
43.400000 -0.000008
43.450000 0.000002
43.500000 -0.000001
43.550000 0.000009
43.600000 0.000006
43.650000 0.000014
43.700000 0.000010
43.750000 0.000017
43.800000 0.000010
43.850000 0.000015
43.900000 0.000007
43.950000 0.000011
44.000000 0.000001
44.050000 0.000004
44.100000 -0.000006
44.150000 -0.000004
44.200000 -0.000013
44.250000 -0.000009
44.300000 -0.000017
44.350000 -0.000011
44.400000 -0.000017
44.450000 -0.000009
44.500000 -0.000013
44.550000 -0.000004
44.600000 -0.000006
44.650000 0.000003
44.700000 0.000001
44.750000 0.000009
44.800000 0.000006
44.850000 0.000012
44.900000 0.000006
44.950000 0.000010
