-30.000000 -0.000033
-29.950000 -0.000019
-29.900000 -0.000040
-29.850000 -0.000014
-29.800000 -0.000025
-29.750000 0.000009
-29.700000 0.000005
-29.650000 0.000043
-29.600000 0.000040
-29.550000 0.000080
-29.500000 0.000076
-29.450000 0.000114
-29.400000 0.000107
-29.350000 0.000141
-29.300000 0.000130
-29.250000 0.000159
-29.200000 0.000142
-29.150000 0.000165
-29.100000 0.000141
-29.050000 0.000158
-29.000000 0.000128
-28.950000 0.000139
-28.900000 0.000102
-28.850000 0.000108
-28.800000 0.000065
-28.750000 0.000066
-28.700000 0.000020
-28.650000 0.000017
-28.600000 -0.000031
-28.550000 -0.000035
-28.500000 -0.000083
-28.450000 -0.000084
-28.400000 -0.000130
-28.350000 -0.000127
-28.300000 -0.000167
-28.250000 -0.000156
-28.200000 -0.000188
-28.150000 -0.000169
-28.100000 -0.000191
-28.050000 -0.000160
-28.000000 -0.000172
-27.950000 -0.000132
-27.900000 -0.000135
-27.850000 -0.000085
-27.800000 -0.000082
-27.750000 -0.000027
-27.700000 -0.000021
-27.650000 0.000035
-27.600000 0.000040
-27.550000 0.000093
-27.500000 0.000093
-27.450000 0.000140
-27.400000 0.000133
-27.350000 0.000172
-27.300000 0.000156
-27.250000 0.000185
-27.200000 0.000161
-27.150000 0.000183
-27.100000 0.000150
-27.050000 0.000165
-27.000000 0.000126
-26.950000 0.000136
-26.900000 0.000092
-26.850000 0.000097
-26.800000 0.000050
-26.750000 0.000053
-26.700000 0.000003
-26.650000 0.000004
-26.600000 -0.000047
-26.550000 -0.000046
-26.500000 -0.000096
-26.450000 -0.000093
-26.400000 -0.000141
-26.350000 -0.000133
-26.300000 -0.000176
-26.250000 -0.000162
-26.200000 -0.000198
-26.150000 -0.000176
-26.100000 -0.000203
-26.050000 -0.000170
-26.000000 -0.000187
-25.950000 -0.000145
-25.900000 -0.000153
-25.850000 -0.000103
-25.800000 -0.000104
-25.750000 -0.000046
-25.700000 -0.000043
-25.650000 0.000017
-25.600000 0.000022
-25.550000 0.000081
-25.500000 0.000083
-25.450000 0.000139
-25.400000 0.000134
-25.350000 0.000183
-25.300000 0.000170
-25.250000 0.000209
-25.200000 0.000185
-25.150000 0.000214
-25.100000 0.000181
-25.050000 0.000201
-25.000000 0.000158
-24.950000 0.000170
-24.900000 0.000121
-24.850000 0.000127
-24.800000 0.000074
-24.750000 0.000078
-24.700000 0.000022
-24.650000 0.000026
-24.600000 -0.000030
-24.550000 -0.000025
-24.500000 -0.000079
-24.450000 -0.000073
-24.400000 -0.000125
-24.350000 -0.000115
-24.300000 -0.000164
-24.250000 -0.000150
-24.200000 -0.000194
-24.150000 -0.000174
-24.100000 -0.000212
-24.050000 -0.000185
-24.000000 -0.000215
-23.950000 -0.000179
-23.900000 -0.000200
-23.850000 -0.000155
-23.800000 -0.000167
-23.750000 -0.000113
-23.700000 -0.000116
-23.650000 -0.000055
-23.600000 -0.000054
-23.550000 0.000012
-23.500000 0.000015
-23.450000 0.000080
-23.400000 0.000082
-23.350000 0.000143
-23.300000 0.000139
-23.250000 0.000193
-23.200000 0.000180
-23.150000 0.000225
-23.100000 0.000202
-23.050000 0.000237
-23.000000 0.000204
-22.950000 0.000229
-22.900000 0.000186
-22.850000 0.000203
-22.800000 0.000152
-22.750000 0.000163
-22.700000 0.000107
-22.650000 0.000113
-22.600000 0.000053
-22.550000 0.000057
-22.500000 -0.000003
-22.450000 0.000001
-22.400000 -0.000059
-22.350000 -0.000053
-22.300000 -0.000111
-22.250000 -0.000101
-22.200000 -0.000156
-22.150000 -0.000142
-22.100000 -0.000192
-22.050000 -0.000174
-22.000000 -0.000218
-21.950000 -0.000194
-21.900000 -0.000232
-21.850000 -0.000201
-21.800000 -0.000232
-21.750000 -0.000192
-21.700000 -0.000215
-21.650000 -0.000167
-21.600000 -0.000180
-21.550000 -0.000123
-21.500000 -0.000129
-21.450000 -0.000065
-21.400000 -0.000065
-21.350000 0.000005
-21.300000 0.000007
-21.250000 0.000078
-21.200000 0.000079
-21.150000 0.000146
-21.100000 0.000142
-21.050000 0.000202
-21.000000 0.000190
-20.950000 0.000241
-20.900000 0.000218
-20.850000 0.000258
-20.800000 0.000225
-20.750000 0.000255
-20.700000 0.000212
-20.650000 0.000234
-20.600000 0.000183
-20.550000 0.000199
-20.500000 0.000142
-20.450000 0.000153
-20.400000 0.000093
-20.350000 0.000101
-20.300000 0.000039
-20.250000 0.000046
-20.200000 -0.000017
-20.150000 -0.000010
-20.100000 -0.000073
-20.050000 -0.000065
-20.000000 -0.000126
-19.950000 -0.000116
-19.900000 -0.000174
-19.850000 -0.000161
-19.800000 -0.000216
-19.750000 -0.000197
-19.700000 -0.000246
-19.650000 -0.000221
-19.600000 -0.000263
-19.550000 -0.000230
-19.500000 -0.000263
-19.450000 -0.000221
-19.400000 -0.000245
-19.350000 -0.000193
-19.300000 -0.000208
-19.250000 -0.000147
-19.200000 -0.000154
-19.150000 -0.000086
-19.100000 -0.000087
-19.050000 -0.000015
-19.000000 -0.000013
-18.950000 0.000061
-18.900000 0.000062
-18.850000 0.000133
-18.800000 0.000129
-18.750000 0.000194
-18.700000 0.000183
-18.650000 0.000239
-18.600000 0.000219
-18.550000 0.000266
-18.500000 0.000236
-18.450000 0.000273
-18.400000 0.000235
-18.350000 0.000264
-18.300000 0.000218
-18.250000 0.000242
-18.200000 0.000191
-18.150000 0.000209
-18.100000 0.000154
-18.050000 0.000170
-18.000000 0.000111
-17.950000 0.000124
-17.900000 0.000062
-17.850000 0.000071
-17.800000 0.000007
-17.750000 0.000014
-17.700000 -0.000053
-17.650000 -0.000047
-17.600000 -0.000115
-17.550000 -0.000109
-17.500000 -0.000175
-17.450000 -0.000167
-17.400000 -0.000230
-17.350000 -0.000217
-17.300000 -0.000273
-17.250000 -0.000252
-17.200000 -0.000299
-17.150000 -0.000268
-17.100000 -0.000305
-17.050000 -0.000264
-17.000000 -0.000291
-16.950000 -0.000239
-16.900000 -0.000256
-16.850000 -0.000195
-16.800000 -0.000204
-16.750000 -0.000137
-16.700000 -0.000140
-16.650000 -0.000069
-16.600000 -0.000070
-16.550000 0.000003
-16.500000 0.000001
-16.450000 0.000072
-16.400000 0.000067
-16.350000 0.000134
-16.300000 0.000125
-16.250000 0.000186
-16.200000 0.000171
-16.150000 0.000227
-16.100000 0.000206
-16.050000 0.000256
-16.000000 0.000229
-15.950000 0.000274
-15.900000 0.000242
-15.850000 0.000282
-15.800000 0.000245
-15.750000 0.000280
-15.700000 0.000239
-15.650000 0.000269
-15.600000 0.000222
-15.550000 0.000246
-15.500000 0.000192
-15.450000 0.000209
-15.400000 0.000148
-15.350000 0.000157
-15.300000 0.000089
-15.250000 0.000093
-15.200000 0.000019
-15.150000 0.000018
-15.100000 -0.000058
-15.050000 -0.000059
-15.000000 -0.000134
-14.950000 -0.000133
-14.900000 -0.000204
-14.850000 -0.000196
-14.800000 -0.000260
-14.750000 -0.000244
-14.700000 -0.000298
-14.650000 -0.000273
-14.600000 -0.000318
-14.550000 -0.000283
-14.500000 -0.000319
-14.450000 -0.000276
-14.400000 -0.000305
-14.350000 -0.000255
-14.300000 -0.000278
-14.250000 -0.000223
-14.200000 -0.000242
-14.150000 -0.000183
-14.100000 -0.000199
-14.050000 -0.000138
-14.000000 -0.000151
-13.950000 -0.000088
-13.900000 -0.000100
-13.850000 -0.000035
-13.800000 -0.000045
-13.750000 0.000020
-13.700000 0.000012
-13.650000 0.000079
-13.600000 0.000071
-13.550000 0.000138
-13.500000 0.000130
-13.450000 0.000197
-13.400000 0.000187
-13.350000 0.000251
-13.300000 0.000238
-13.250000 0.000297
-13.200000 0.000278
-13.150000 0.000331
-13.100000 0.000304
-13.050000 0.000348
-13.000000 0.000311
-12.950000 0.000345
-12.900000 0.000299
-12.850000 0.000323
-12.800000 0.000267
-12.750000 0.000282
-12.700000 0.000218
-12.650000 0.000227
-12.600000 0.000158
-12.550000 0.000164
-12.500000 0.000093
-12.450000 0.000098
-12.400000 0.000029
-12.350000 0.000036
-12.300000 -0.000031
-12.250000 -0.000021
-12.200000 -0.000085
-12.150000 -0.000071
-12.100000 -0.000133
-12.050000 -0.000117
-12.000000 -0.000177
-11.950000 -0.000160
-11.900000 -0.000218
-11.850000 -0.000200
-11.800000 -0.000257
-11.750000 -0.000238
-11.700000 -0.000293
-11.650000 -0.000270
-11.600000 -0.000321
-11.550000 -0.000294
-11.500000 -0.000340
-11.450000 -0.000306
-11.400000 -0.000344
-11.350000 -0.000303
-11.300000 -0.000333
-11.250000 -0.000283
-11.200000 -0.000306
-11.150000 -0.000248
-11.100000 -0.000263
-11.050000 -0.000198
-11.000000 -0.000207
-10.950000 -0.000137
-10.900000 -0.000142
-10.850000 -0.000069
-10.800000 -0.000073
-10.750000 -0.000000
-10.700000 -0.000005
-10.650000 0.000066
-10.600000 0.000058
-10.550000 0.000125
-10.500000 0.000113
-10.450000 0.000175
-10.400000 0.000158
-10.350000 0.000215
-10.300000 0.000193
-10.250000 0.000246
-10.200000 0.000220
-10.150000 0.000270
-10.100000 0.000242
-10.050000 0.000290
-10.000000 0.000261
-9.950000 0.000307
-9.900000 0.000276
-9.850000 0.000321
-9.800000 0.000288
-9.750000 0.000330
-9.700000 0.000293
-9.650000 0.000331
-9.600000 0.000289
-9.550000 0.000320
-9.500000 0.000271
-9.450000 0.000294
-9.400000 0.000238
-9.350000 0.000254
-9.300000 0.000190
-9.250000 0.000199
-9.200000 0.000130
-9.150000 0.000136
-9.100000 0.000064
-9.050000 0.000069
-9.000000 -0.000003
-8.950000 0.000004
-8.900000 -0.000064
-8.850000 -0.000054
-8.800000 -0.000118
-8.750000 -0.000103
-8.700000 -0.000162
-8.650000 -0.000142
-8.600000 -0.000197
-8.550000 -0.000173
-8.500000 -0.000225
-8.450000 -0.000198
-8.400000 -0.000247
-8.350000 -0.000219
-8.300000 -0.000267
-8.250000 -0.000238
-8.200000 -0.000285
-8.150000 -0.000255
-8.100000 -0.000301
-8.050000 -0.000270
-8.000000 -0.000314
-7.950000 -0.000281
-7.900000 -0.000324
-7.850000 -0.000287
-7.800000 -0.000326
-7.750000 -0.000285
-7.700000 -0.000319
-7.650000 -0.000273
-7.600000 -0.000300
-7.550000 -0.000248
-7.500000 -0.000269
-7.450000 -0.000211
-7.400000 -0.000227
-7.350000 -0.000164
-7.300000 -0.000176
-7.250000 -0.000110
-7.200000 -0.000121
-7.150000 -0.000055
-7.100000 -0.000067
-7.050000 -0.000004
-7.000000 -0.000019
-6.950000 0.000040
-6.900000 0.000020
-6.850000 0.000075
-6.800000 0.000050
-6.750000 0.000101
-6.700000 0.000073
-6.650000 0.000121
-6.600000 0.000092
-6.550000 0.000139
-6.500000 0.000110
-6.450000 0.000159
-6.400000 0.000131
-6.350000 0.000182
-6.300000 0.000157
-6.250000 0.000210
-6.200000 0.000186
-6.150000 0.000239
-6.100000 0.000215
-6.050000 0.000267
-6.000000 0.000240
-5.950000 0.000288
-5.900000 0.000257
-5.850000 0.000300
-5.800000 0.000263
-5.750000 0.000300
-5.700000 0.000258
-5.650000 0.000290
-5.600000 0.000243
-5.550000 0.000270
-5.500000 0.000220
-5.450000 0.000245
-5.400000 0.000193
-5.350000 0.000217
-5.300000 0.000165
-5.250000 0.000190
-5.200000 0.000139
-5.150000 0.000166
-5.100000 0.000118
-5.050000 0.000148
-5.000000 0.000103
-4.950000 0.000135
-4.900000 0.000093
-4.850000 0.000129
-4.800000 0.000088
-4.750000 0.000125
-4.700000 0.000084
-4.650000 0.000120
-4.600000 0.000079
-4.550000 0.000112
-4.500000 0.000067
-4.450000 0.000097
-4.400000 0.000049
-4.350000 0.000076
-4.300000 0.000025
-4.250000 0.000049
-4.200000 -0.000003
-4.150000 0.000021
-4.100000 -0.000031
-4.050000 -0.000005
-4.000000 -0.000053
-3.950000 -0.000022
-3.900000 -0.000065
-3.850000 -0.000030
-3.800000 -0.000067
-3.750000 -0.000026
-3.700000 -0.000058
-3.650000 -0.000013
-3.600000 -0.000042
-3.550000 0.000005
-3.500000 -0.000023
-3.450000 0.000023
-3.400000 -0.000007
-3.350000 0.000037
-3.300000 0.000003
-3.250000 0.000043
-3.200000 0.000005
-3.150000 0.000041
-3.100000 -0.000001
-3.050000 0.000031
-3.000000 -0.000014
-2.950000 0.000017
-2.900000 -0.000029
-2.850000 0.000001
-2.800000 -0.000044
-2.750000 -0.000013
-2.700000 -0.000056
-2.650000 -0.000023
-2.600000 -0.000065
-2.550000 -0.000030
-2.500000 -0.000071
-2.450000 -0.000035
-2.400000 -0.000076
-2.350000 -0.000041
-2.300000 -0.000083
-2.250000 -0.000052
-2.200000 -0.000098
-2.150000 -0.000071
-2.100000 -0.000124
-2.050000 -0.000105
-2.000000 -0.000167
-1.950000 -0.000159
-1.900000 -0.000232
-1.850000 -0.000236
-1.800000 -0.000323
-1.750000 -0.000341
-1.700000 -0.000441
-1.650000 -0.000474
-1.600000 -0.000589
-1.550000 -0.000636
-1.500000 -0.000766
-1.450000 -0.000828
-1.400000 -0.000974
-1.350000 -0.001054
-1.300000 -0.001219
-1.250000 -0.001320
-1.200000 -0.001508
-1.150000 -0.001636
-1.100000 -0.001856
-1.050000 -0.002019
-1.000000 -0.002280
-0.950000 -0.002490
-0.900000 -0.002802
-0.850000 -0.003072
-0.800000 -0.003450
-0.750000 -0.003793
-0.700000 -0.004253
-0.650000 -0.004685
-0.600000 -0.005243
-0.550000 -0.005783
-0.500000 -0.006458
-0.450000 -0.007126
-0.400000 -0.007942
-0.350000 -0.008764
-0.300000 -0.009748
-0.250000 -0.010755
-0.200000 -0.011942
-0.150000 -0.013172
-0.100000 -0.014606
-0.050000 -0.016108
0.000000 -0.017842
0.050000 -0.019676
0.100000 -0.021776
0.150000 -0.024014
0.200000 -0.026561
0.250000 -0.029293
0.300000 -0.032386
0.350000 -0.035719
0.400000 -0.039475
0.450000 -0.043539
0.500000 -0.048099
0.550000 -0.053048
0.600000 -0.058582
0.650000 -0.064601
0.700000 -0.071309
0.750000 -0.078618
0.800000 -0.086739
0.850000 -0.095595
0.900000 -0.105411
0.950000 -0.116119
1.000000 -0.127956
1.050000 -0.140870
1.100000 -0.155110
1.150000 -0.170637
1.200000 -0.187716
1.250000 -0.206322
1.300000 -0.226733
1.350000 -0.248937
1.400000 -0.273225
1.450000 -0.299596
1.500000 -0.328347
1.550000 -0.359482
1.600000 -0.393299
1.650000 -0.429797
1.700000 -0.469262
1.750000 -0.511676
1.800000 -0.557295
1.850000 -0.606063
1.900000 -0.658188
1.950000 -0.713546
2.000000 -0.772269
2.050000 -0.834139
2.100000 -0.899175
2.150000 -0.967032
2.200000 -1.037583
2.250000 -1.110324
2.300000 -1.184955
2.350000 -1.260787
2.400000 -1.337333
2.450000 -1.413719
2.500000 -1.489276
2.550000 -1.562966
2.600000 -1.633985
2.650000 -1.701192
2.700000 -1.763723
2.750000 -1.820431
2.800000 -1.870504
2.850000 -1.912909
2.900000 -1.947014
2.950000 -1.972025
3.000000 -1.987603
3.050000 -1.993294
3.100000 -1.989132
3.150000 -1.975054
3.200000 -1.951483
3.250000 -1.918734
3.300000 -1.877574
3.350000 -1.828620
3.400000 -1.772890
3.450000 -1.711186
3.500000 -1.644651
3.550000 -1.574150
3.600000 -1.500826
3.650000 -1.425493
3.700000 -1.349198
3.750000 -1.272621
3.800000 -1.196652
3.850000 -1.121791
3.900000 -1.048741
3.950000 -0.977817
4.000000 -0.909536
4.050000 -0.844037
4.100000 -0.781677
4.150000 -0.722448
4.200000 -0.666574
4.250000 -0.613935
4.300000 -0.564659
4.350000 -0.518544
4.400000 -0.475651
4.450000 -0.435726
4.500000 -0.398790
4.550000 -0.364559
4.600000 -0.333034
4.650000 -0.303919
4.700000 -0.277208
4.750000 -0.252604
4.800000 -0.230107
4.850000 -0.209425
4.900000 -0.190569
4.950000 -0.173260
5.000000 -0.157519
5.050000 -0.143083
5.100000 -0.129988
5.150000 -0.117983
5.200000 -0.107120
5.250000 -0.097162
5.300000 -0.088173
5.350000 -0.079930
5.400000 -0.072509
5.450000 -0.065697
5.500000 -0.059583
5.550000 -0.053964
5.600000 -0.048936
5.650000 -0.044306
5.700000 -0.040178
5.750000 -0.036366
5.800000 -0.032983
5.850000 -0.029847
5.900000 -0.027077
5.950000 -0.024497
6.000000 -0.022231
6.050000 -0.020108
6.100000 -0.018255
6.150000 -0.016506
6.200000 -0.014991
6.250000 -0.013547
6.300000 -0.012308
6.350000 -0.011113
6.400000 -0.010099
6.450000 -0.009107
6.500000 -0.008277
6.550000 -0.007453
6.600000 -0.006774
6.650000 -0.006087
6.700000 -0.005534
6.750000 -0.004961
6.800000 -0.004513
6.850000 -0.004037
6.900000 -0.003678
6.950000 -0.003284
7.000000 -0.003000
7.050000 -0.002675
7.100000 -0.002456
7.150000 -0.002189
7.200000 -0.002022
7.250000 -0.001803
7.300000 -0.001678
7.350000 -0.001496
7.400000 -0.001403
7.450000 -0.001249
7.500000 -0.001179
7.550000 -0.001044
7.600000 -0.000991
7.650000 -0.000870
7.700000 -0.000828
7.750000 -0.000716
7.800000 -0.000683
7.850000 -0.000579
7.900000 -0.000554
7.950000 -0.000457
8.000000 -0.000439
8.050000 -0.000350
8.100000 -0.000341
8.150000 -0.000260
8.200000 -0.000260
8.250000 -0.000188
8.300000 -0.000197
8.350000 -0.000135
8.400000 -0.000152
8.450000 -0.000098
8.500000 -0.000125
8.550000 -0.000078
8.600000 -0.000111
8.650000 -0.000071
8.700000 -0.000109
8.750000 -0.000073
8.800000 -0.000114
8.850000 -0.000079
8.900000 -0.000121
8.950000 -0.000085
9.000000 -0.000125
9.050000 -0.000086
9.100000 -0.000123
9.150000 -0.000080
9.200000 -0.000112
9.250000 -0.000064
9.300000 -0.000091
9.350000 -0.000039
9.400000 -0.000063
9.450000 -0.000008
9.500000 -0.000031
9.550000 0.000023
9.600000 -0.000001
9.650000 0.000051
9.700000 0.000022
9.750000 0.000069
9.800000 0.000034
9.850000 0.000073
9.900000 0.000031
9.950000 0.000064
10.000000 0.000016
10.050000 0.000043
10.100000 -0.000009
10.150000 0.000016
10.200000 -0.000038
10.250000 -0.000012
10.300000 -0.000064
10.350000 -0.000034
10.400000 -0.000081
10.450000 -0.000046
10.500000 -0.000087
10.550000 -0.000046
10.600000 -0.000082
10.650000 -0.000035
10.700000 -0.000066
10.750000 -0.000017
10.800000 -0.000045
10.850000 0.000006
10.900000 -0.000023
10.950000 0.000028
11.000000 -0.000003
11.050000 0.000045
11.100000 0.000010
11.150000 0.000052
11.200000 0.000011
11.250000 0.000047
11.300000 -0.000001
11.350000 0.000027
11.400000 -0.000030
11.450000 -0.000010
11.500000 -0.000077
11.550000 -0.000067
11.600000 -0.000144
11.650000 -0.000146
11.700000 -0.000235
11.750000 -0.000250
11.800000 -0.000355
11.850000 -0.000387
11.900000 -0.000513
11.950000 -0.000572
12.000000 -0.000729
12.050000 -0.000827
12.100000 -0.001035
12.150000 -0.001195
12.200000 -0.001481
12.250000 -0.001738
12.300000 -0.002145
12.350000 -0.002552
12.400000 -0.003144
12.450000 -0.003778
12.500000 -0.004649
12.550000 -0.005624
12.600000 -0.006911
12.650000 -0.008393
12.700000 -0.010299
12.750000 -0.012535
12.800000 -0.015357
12.850000 -0.018709
12.900000 -0.022889
12.950000 -0.027894
13.000000 -0.034086
13.050000 -0.041539
13.100000 -0.050712
13.150000 -0.061791
13.200000 -0.075376
13.250000 -0.091822
13.300000 -0.111928
13.350000 -0.136291
13.400000 -0.166005
13.450000 -0.202010
13.500000 -0.245807
13.550000 -0.298818
13.600000 -0.363105
13.650000 -0.440733
13.700000 -0.534490
13.750000 -0.647250
13.800000 -0.782671
13.850000 -0.944520
13.900000 -1.137319
13.950000 -1.365573
14.000000 -1.634274
14.050000 -1.947932
14.100000 -2.310831
14.150000 -2.725724
14.200000 -3.193730
14.250000 -3.712664
14.300000 -4.276644
14.350000 -4.874359
14.400000 -5.488982
14.450000 -6.097278
14.500000 -6.671015
14.550000 -7.178134
14.600000 -7.586498
14.650000 -7.867102
14.700000 -7.998846
14.750000 -7.971162
14.800000 -7.786430
14.850000 -7.458906
14.900000 -7.013074
14.950000 -6.479261
15.000000 -5.890213
15.050000 -5.276730
15.100000 -4.665701
15.150000 -4.077950
15.200000 -3.528575
15.250000 -3.026681
15.300000 -2.576980
15.350000 -2.180171
15.400000 -1.834699
15.450000 -1.536974
15.500000 -1.282802
15.550000 -1.067239
15.600000 -0.885661
15.650000 -0.733317
15.700000 -0.606165
15.750000 -0.500246
15.800000 -0.412402
15.850000 -0.339566
15.900000 -0.279432
15.950000 -0.229713
16.000000 -0.188803
16.050000 -0.155029
16.100000 -0.127317
16.150000 -0.104447
16.200000 -0.085733
16.250000 -0.070279
16.300000 -0.057671
16.350000 -0.047243
16.400000 -0.038767
16.450000 -0.031734
16.500000 -0.026049
16.550000 -0.021308
16.600000 -0.017504
16.650000 -0.014307
16.700000 -0.011770
16.750000 -0.009613
16.800000 -0.007929
16.850000 -0.006471
16.900000 -0.005359
16.950000 -0.004369
17.000000 -0.003641
17.050000 -0.002964
17.100000 -0.002491
17.150000 -0.002021
17.200000 -0.001717
17.250000 -0.001384
17.300000 -0.001190
17.350000 -0.000945
17.400000 -0.000822
17.450000 -0.000635
17.500000 -0.000558
17.550000 -0.000409
17.600000 -0.000364
17.650000 -0.000240
17.700000 -0.000218
17.750000 -0.000116
17.800000 -0.000112
17.850000 -0.000027
17.900000 -0.000040
17.950000 0.000030
18.000000 0.000002
18.050000 0.000058
18.100000 0.000017
18.150000 0.000061
18.200000 0.000010
18.250000 0.000046
18.300000 -0.000012
18.350000 0.000019
18.400000 -0.000042
18.450000 -0.000012
18.500000 -0.000072
18.550000 -0.000040
18.600000 -0.000097
18.650000 -0.000059
18.700000 -0.000111
18.750000 -0.000067
18.800000 -0.000112
18.850000 -0.000062
18.900000 -0.000101
18.950000 -0.000045
19.000000 -0.000079
19.050000 -0.000019
19.100000 -0.000050
19.150000 0.000012
19.200000 -0.000018
19.250000 0.000044
19.300000 0.000013
19.350000 0.000073
19.400000 0.000040
19.450000 0.000096
19.500000 0.000058
19.550000 0.000110
19.600000 0.000066
19.650000 0.000111
19.700000 0.000061
19.750000 0.000099
19.800000 0.000042
19.850000 0.000075
19.900000 0.000013
19.950000 0.000041
20.000000 -0.000025
20.050000 0.000002
20.100000 -0.000064
20.150000 -0.000036
20.200000 -0.000098
20.250000 -0.000064
20.300000 -0.000120
20.350000 -0.000079
20.400000 -0.000126
20.450000 -0.000076
20.500000 -0.000115
20.550000 -0.000056
20.600000 -0.000088
20.650000 -0.000024
20.700000 -0.000051
20.750000 0.000016
20.800000 -0.000010
20.850000 0.000056
20.900000 0.000027
20.950000 0.000089
21.000000 0.000056
21.050000 0.000112
21.100000 0.000072
21.150000 0.000121
21.200000 0.000073
21.250000 0.000116
21.300000 0.000062
21.350000 0.000098
21.400000 0.000038
21.450000 0.000070
21.500000 0.000007
21.550000 0.000037
21.600000 -0.000028
21.650000 0.000002
21.700000 -0.000062
21.750000 -0.000031
21.800000 -0.000092
21.850000 -0.000056
21.900000 -0.000113
21.950000 -0.000072
22.000000 -0.000122
22.050000 -0.000075
22.100000 -0.000119
22.150000 -0.000065
22.200000 -0.000102
22.250000 -0.000042
22.300000 -0.000073
22.350000 -0.000008
22.400000 -0.000035
22.450000 0.000033
22.500000 0.000007
22.550000 0.000074
22.600000 0.000046
22.650000 0.000109
22.700000 0.000076
22.750000 0.000133
22.800000 0.000091
22.850000 0.000139
22.900000 0.000088
22.950000 0.000126
23.000000 0.000067
23.050000 0.000098
23.100000 0.000031
23.150000 0.000057
23.200000 -0.000012
23.250000 0.000013
23.300000 -0.000056
23.350000 -0.000029
23.400000 -0.000094
23.450000 -0.000061
23.500000 -0.000120
23.550000 -0.000080
23.600000 -0.000132
23.650000 -0.000085
23.700000 -0.000129
23.750000 -0.000075
23.800000 -0.000113
23.850000 -0.000054
23.900000 -0.000087
23.950000 -0.000023
24.000000 -0.000053
24.050000 0.000013
24.100000 -0.000016
24.150000 0.000051
24.200000 0.000022
24.250000 0.000086
24.300000 0.000054
24.350000 0.000114
24.400000 0.000078
24.450000 0.000132
24.500000 0.000089
24.550000 0.000137
24.600000 0.000086
24.650000 0.000126
24.700000 0.000068
24.750000 0.000101
24.800000 0.000037
24.850000 0.000064
24.900000 -0.000005
24.950000 0.000020
25.000000 -0.000051
25.050000 -0.000026
25.100000 -0.000095
25.150000 -0.000066
25.200000 -0.000130
25.250000 -0.000095
25.300000 -0.000150
25.350000 -0.000106
25.400000 -0.000151
25.450000 -0.000098
25.500000 -0.000134
25.550000 -0.000072
25.600000 -0.000101
25.650000 -0.000032
25.700000 -0.000057
25.750000 0.000014
25.800000 -0.000009
25.850000 0.000061
25.900000 0.000034
25.950000 0.000100
26.000000 0.000068
26.050000 0.000128
26.100000 0.000089
26.150000 0.000142
26.200000 0.000096
26.250000 0.000142
26.300000 0.000089
26.350000 0.000128
26.400000 0.000070
26.450000 0.000104
26.500000 0.000041
26.550000 0.000070
26.600000 0.000004
26.650000 0.000031
26.700000 -0.000037
26.750000 -0.000010
26.800000 -0.000078
26.850000 -0.000050
26.900000 -0.000115
26.950000 -0.000083
27.000000 -0.000143
27.050000 -0.000104
27.100000 -0.000156
27.150000 -0.000109
27.200000 -0.000153
27.250000 -0.000097
27.300000 -0.000132
27.350000 -0.000068
27.400000 -0.000095
27.450000 -0.000025
27.500000 -0.000048
27.550000 0.000025
27.600000 0.000004
27.650000 0.000077
27.700000 0.000053
27.750000 0.000121
27.800000 0.000092
27.850000 0.000153
27.900000 0.000115
27.950000 0.000167
28.000000 0.000119
28.050000 0.000162
28.100000 0.000105
28.150000 0.000139
28.200000 0.000075
28.250000 0.000102
28.300000 0.000033
28.350000 0.000057
28.400000 -0.000014
28.450000 0.000010
28.500000 -0.000059
28.550000 -0.000033
28.600000 -0.000099
28.650000 -0.000068
28.700000 -0.000128
28.750000 -0.000092
28.800000 -0.000146
28.850000 -0.000103
28.900000 -0.000151
28.950000 -0.000102
29.000000 -0.000143
29.050000 -0.000087
29.100000 -0.000122
29.150000 -0.000060
29.200000 -0.000090
29.250000 -0.000022
29.300000 -0.000047
29.350000 0.000023
29.400000 0.000000
29.450000 0.000071
29.500000 0.000047
29.550000 0.000114
29.600000 0.000085
29.650000 0.000145
29.700000 0.000106
29.750000 0.000154
29.800000 0.000102
29.850000 0.000136
29.900000 0.000068
29.950000 0.000085
