-30.000000 0.000014
-29.950000 0.000003
-29.900000 0.000006
-29.850000 -0.000014
-29.800000 -0.000017
-29.750000 -0.000043
-29.700000 -0.000049
-29.650000 -0.000076
-29.600000 -0.000081
-29.550000 -0.000105
-29.500000 -0.000106
-29.450000 -0.000125
-29.400000 -0.000120
-29.350000 -0.000133
-29.300000 -0.000120
-29.250000 -0.000126
-29.200000 -0.000106
-29.150000 -0.000105
-29.100000 -0.000078
-29.050000 -0.000072
-29.000000 -0.000040
-28.950000 -0.000031
-28.900000 0.000003
-28.850000 0.000014
-28.800000 0.000049
-28.750000 0.000058
-28.700000 0.000090
-28.650000 0.000095
-28.600000 0.000121
-28.550000 0.000119
-28.500000 0.000138
-28.450000 0.000128
-28.400000 0.000138
-28.350000 0.000117
-28.300000 0.000118
-28.250000 0.000089
-28.200000 0.000082
-28.150000 0.000046
-28.100000 0.000035
-28.050000 -0.000005
-28.000000 -0.000018
-27.950000 -0.000057
-27.900000 -0.000067
-27.850000 -0.000102
-27.800000 -0.000105
-27.750000 -0.000133
-27.700000 -0.000127
-27.650000 -0.000146
-27.600000 -0.000131
-27.550000 -0.000141
-27.500000 -0.000117
-27.450000 -0.000118
-27.400000 -0.000088
-27.350000 -0.000083
-27.300000 -0.000047
-27.250000 -0.000039
-27.200000 -0.000001
-27.150000 0.000008
-27.100000 0.000046
-27.050000 0.000054
-27.000000 0.000090
-26.950000 0.000093
-26.900000 0.000125
-26.850000 0.000122
-26.800000 0.000147
-26.750000 0.000136
-26.700000 0.000152
-26.650000 0.000132
-26.600000 0.000139
-26.550000 0.000110
-26.500000 0.000109
-26.450000 0.000072
-26.400000 0.000065
-26.350000 0.000022
-26.300000 0.000011
-26.250000 -0.000033
-26.200000 -0.000044
-26.150000 -0.000086
-26.100000 -0.000093
-26.050000 -0.000130
-26.000000 -0.000129
-25.950000 -0.000158
-25.900000 -0.000147
-25.850000 -0.000166
-25.800000 -0.000145
-25.750000 -0.000154
-25.700000 -0.000123
-25.650000 -0.000123
-25.600000 -0.000086
-25.550000 -0.000080
-25.500000 -0.000038
-25.450000 -0.000029
-25.400000 0.000015
-25.350000 0.000023
-25.300000 0.000065
-25.250000 0.000070
-25.200000 0.000109
-25.150000 0.000110
-25.100000 0.000143
-25.050000 0.000137
-25.000000 0.000163
-24.950000 0.000148
-24.900000 0.000166
-24.850000 0.000143
-24.800000 0.000153
-24.750000 0.000121
-24.700000 0.000122
-24.650000 0.000082
-24.600000 0.000076
-24.550000 0.000030
-24.500000 0.000020
-24.450000 -0.000028
-24.400000 -0.000039
-24.350000 -0.000086
-24.300000 -0.000093
-24.250000 -0.000136
-24.200000 -0.000136
-24.150000 -0.000170
-24.100000 -0.000161
-24.050000 -0.000185
-24.000000 -0.000165
-23.950000 -0.000179
-23.900000 -0.000149
-23.850000 -0.000153
-23.800000 -0.000113
-23.750000 -0.000110
-23.700000 -0.000065
-23.650000 -0.000057
-23.600000 -0.000009
-23.550000 -0.000000
-23.500000 0.000048
-23.450000 0.000055
-23.400000 0.000100
-23.350000 0.000102
-23.300000 0.000142
-23.250000 0.000138
-23.200000 0.000171
-23.150000 0.000160
-23.100000 0.000185
-23.050000 0.000165
-23.000000 0.000182
-22.950000 0.000153
-22.900000 0.000161
-22.850000 0.000124
-22.800000 0.000124
-22.750000 0.000079
-22.700000 0.000073
-22.650000 0.000022
-22.600000 0.000012
-22.550000 -0.000040
-22.500000 -0.000051
-22.450000 -0.000102
-22.400000 -0.000109
-22.350000 -0.000155
-22.300000 -0.000154
-22.250000 -0.000191
-22.200000 -0.000180
-22.150000 -0.000207
-22.100000 -0.000185
-22.050000 -0.000201
-22.000000 -0.000168
-21.950000 -0.000174
-21.900000 -0.000132
-21.850000 -0.000131
-21.800000 -0.000082
-21.750000 -0.000076
-21.700000 -0.000024
-21.650000 -0.000016
-21.600000 0.000036
-21.550000 0.000043
-21.500000 0.000093
-21.450000 0.000097
-21.400000 0.000142
-21.350000 0.000141
-21.300000 0.000180
-21.250000 0.000171
-21.200000 0.000203
-21.150000 0.000186
-21.100000 0.000209
-21.050000 0.000183
-21.000000 0.000197
-20.950000 0.000161
-20.900000 0.000166
-20.850000 0.000122
-20.800000 0.000119
-20.750000 0.000068
-20.700000 0.000059
-20.650000 0.000003
-20.600000 -0.000009
-20.550000 -0.000066
-20.500000 -0.000076
-20.450000 -0.000130
-20.400000 -0.000135
-20.350000 -0.000183
-20.300000 -0.000180
-20.250000 -0.000217
-20.200000 -0.000204
-20.150000 -0.000231
-20.100000 -0.000206
-20.050000 -0.000222
-20.000000 -0.000186
-19.950000 -0.000193
-19.900000 -0.000149
-19.850000 -0.000149
-19.800000 -0.000099
-19.750000 -0.000094
-19.700000 -0.000040
-19.650000 -0.000033
-19.600000 0.000022
-19.550000 0.000030
-19.500000 0.000084
-19.450000 0.000089
-19.400000 0.000140
-19.350000 0.000141
-19.300000 0.000187
-19.250000 0.000182
-19.200000 0.000222
-19.150000 0.000208
-19.100000 0.000239
-19.050000 0.000216
-19.000000 0.000236
-18.950000 0.000203
-18.900000 0.000213
-18.850000 0.000170
-18.800000 0.000170
-18.750000 0.000118
-18.700000 0.000111
-18.650000 0.000052
-18.600000 0.000041
-18.550000 -0.000021
-18.500000 -0.000033
-18.450000 -0.000093
-18.400000 -0.000102
-18.350000 -0.000158
-18.300000 -0.000161
-18.250000 -0.000208
-18.200000 -0.000202
-18.150000 -0.000240
-18.100000 -0.000224
-18.050000 -0.000252
-18.000000 -0.000226
-17.950000 -0.000244
-17.900000 -0.000209
-17.850000 -0.000219
-17.800000 -0.000176
-17.750000 -0.000180
-17.700000 -0.000130
-17.650000 -0.000129
-17.600000 -0.000074
-17.550000 -0.000068
-17.500000 -0.000010
-17.450000 -0.000002
-17.400000 0.000058
-17.350000 0.000067
-17.300000 0.000125
-17.250000 0.000132
-17.200000 0.000187
-17.150000 0.000188
-17.100000 0.000236
-17.050000 0.000229
-17.000000 0.000268
-16.950000 0.000251
-16.900000 0.000279
-16.850000 0.000250
-16.800000 0.000266
-16.750000 0.000225
-16.700000 0.000231
-16.650000 0.000181
-16.600000 0.000178
-16.550000 0.000121
-16.500000 0.000112
-16.450000 0.000051
-16.400000 0.000040
-16.350000 -0.000023
-16.300000 -0.000033
-16.250000 -0.000093
-16.200000 -0.000100
-16.150000 -0.000157
-16.100000 -0.000158
-16.050000 -0.000209
-16.000000 -0.000204
-15.950000 -0.000248
-15.900000 -0.000236
-15.850000 -0.000272
-15.800000 -0.000252
-15.750000 -0.000280
-15.700000 -0.000252
-15.650000 -0.000272
-15.600000 -0.000235
-15.550000 -0.000246
-15.500000 -0.000199
-15.450000 -0.000201
-15.400000 -0.000147
-15.350000 -0.000141
-15.300000 -0.000079
-15.250000 -0.000068
-15.200000 -0.000002
-15.150000 0.000012
-15.100000 0.000078
-15.050000 0.000091
-15.000000 0.000154
-14.950000 0.000162
-14.900000 0.000219
-14.850000 0.000218
-14.800000 0.000267
-14.750000 0.000257
-14.700000 0.000295
-14.650000 0.000275
-14.600000 0.000304
-14.550000 0.000274
-14.500000 0.000294
-14.450000 0.000256
-14.400000 0.000267
-14.350000 0.000222
-14.300000 0.000226
-14.250000 0.000175
-14.200000 0.000174
-14.150000 0.000117
-14.100000 0.000112
-14.050000 0.000052
-14.000000 0.000044
-13.950000 -0.000019
-13.900000 -0.000029
-13.850000 -0.000093
-13.800000 -0.000102
-13.750000 -0.000164
-13.700000 -0.000171
-13.650000 -0.000230
-13.600000 -0.000231
-13.550000 -0.000283
-13.500000 -0.000276
-13.450000 -0.000319
-13.400000 -0.000302
-13.350000 -0.000335
-13.300000 -0.000307
-13.250000 -0.000328
-13.200000 -0.000289
-13.150000 -0.000299
-13.100000 -0.000250
-13.050000 -0.000252
-13.000000 -0.000196
-12.950000 -0.000192
-12.900000 -0.000131
-12.850000 -0.000123
-12.800000 -0.000060
-12.750000 -0.000052
-12.700000 0.000012
-12.650000 0.000019
-12.600000 0.000082
-12.550000 0.000088
-12.500000 0.000148
-12.450000 0.000152
-12.400000 0.000209
-12.350000 0.000210
-12.300000 0.000263
-12.250000 0.000259
-12.200000 0.000307
-12.150000 0.000296
-12.100000 0.000337
-12.050000 0.000318
-12.000000 0.000350
-11.950000 0.000321
-11.900000 0.000343
-11.850000 0.000304
-11.800000 0.000316
-11.750000 0.000267
-11.700000 0.000270
-11.650000 0.000212
-11.600000 0.000208
-11.550000 0.000144
-11.500000 0.000135
-11.450000 0.000068
-11.400000 0.000057
-11.350000 -0.000011
-11.300000 -0.000021
-11.250000 -0.000087
-11.200000 -0.000094
-11.150000 -0.000156
-11.100000 -0.000159
-11.050000 -0.000216
-11.000000 -0.000214
-10.950000 -0.000266
-10.900000 -0.000259
-10.850000 -0.000306
-10.800000 -0.000294
-10.750000 -0.000336
-10.700000 -0.000318
-10.650000 -0.000354
-10.600000 -0.000330
-10.550000 -0.000359
-10.500000 -0.000328
-10.450000 -0.000349
-10.400000 -0.000309
-10.350000 -0.000322
-10.300000 -0.000273
-10.250000 -0.000277
-10.200000 -0.000219
-10.150000 -0.000216
-10.100000 -0.000152
-10.050000 -0.000144
-10.000000 -0.000076
-9.950000 -0.000065
-9.900000 0.000003
-9.850000 0.000014
-9.800000 0.000081
-9.750000 0.000088
-9.700000 0.000152
-9.650000 0.000155
-9.600000 0.000213
-9.550000 0.000211
-9.500000 0.000265
-9.450000 0.000258
-9.400000 0.000306
-9.350000 0.000294
-9.300000 0.000337
-9.250000 0.000320
-9.200000 0.000359
-9.150000 0.000337
-9.100000 0.000370
-9.050000 0.000343
-9.000000 0.000371
-8.950000 0.000337
-8.900000 0.000359
-8.850000 0.000318
-8.800000 0.000332
-8.750000 0.000284
-8.700000 0.000292
-8.650000 0.000236
-8.600000 0.000237
-8.550000 0.000175
-8.500000 0.000171
-8.450000 0.000105
-8.400000 0.000097
-8.350000 0.000030
-8.300000 0.000023
-8.250000 -0.000044
-8.200000 -0.000049
-8.150000 -0.000112
-8.100000 -0.000113
-8.050000 -0.000172
-8.000000 -0.000169
-7.950000 -0.000224
-7.900000 -0.000216
-7.850000 -0.000267
-7.800000 -0.000256
-7.750000 -0.000303
-7.700000 -0.000289
-7.650000 -0.000334
-7.600000 -0.000318
-7.550000 -0.000359
-7.500000 -0.000339
-7.450000 -0.000377
-7.400000 -0.000352
-7.350000 -0.000385
-7.300000 -0.000354
-7.250000 -0.000381
-7.200000 -0.000343
-7.150000 -0.000363
-7.100000 -0.000319
-7.050000 -0.000332
-7.000000 -0.000281
-6.950000 -0.000289
-6.900000 -0.000233
-6.850000 -0.000236
-6.800000 -0.000177
-6.750000 -0.000179
-6.700000 -0.000119
-6.650000 -0.000120
-6.600000 -0.000060
-6.550000 -0.000064
-6.500000 -0.000006
-6.450000 -0.000011
-6.400000 0.000044
-6.350000 0.000037
-6.300000 0.000090
-6.250000 0.000081
-6.200000 0.000133
-6.150000 0.000123
-6.100000 0.000175
-6.050000 0.000164
-6.000000 0.000216
-5.950000 0.000205
-5.900000 0.000257
-5.850000 0.000245
-5.800000 0.000294
-5.750000 0.000279
-5.700000 0.000326
-5.650000 0.000306
-5.600000 0.000348
-5.550000 0.000322
-5.500000 0.000358
-5.450000 0.000326
-5.400000 0.000356
-5.350000 0.000318
-5.300000 0.000343
-5.250000 0.000302
-5.200000 0.000324
-5.150000 0.000281
-5.100000 0.000301
-5.050000 0.000257
-5.000000 0.000278
-4.950000 0.000234
-4.900000 0.000256
-4.850000 0.000213
-4.800000 0.000235
-4.750000 0.000192
-4.700000 0.000215
-4.650000 0.000171
-4.600000 0.000193
-4.550000 0.000148
-4.500000 0.000167
-4.450000 0.000120
-4.400000 0.000137
-4.350000 0.000088
-4.300000 0.000103
-4.250000 0.000052
-4.200000 0.000066
-4.150000 0.000014
-4.100000 0.000029
-4.050000 -0.000022
-4.000000 -0.000006
-3.950000 -0.000054
-3.900000 -0.000035
-3.850000 -0.000080
-3.800000 -0.000056
-3.750000 -0.000098
-3.700000 -0.000072
-3.650000 -0.000111
-3.600000 -0.000083
-3.550000 -0.000122
-3.500000 -0.000094
-3.450000 -0.000135
-3.400000 -0.000109
-3.350000 -0.000153
-3.300000 -0.000131
-3.250000 -0.000179
-3.200000 -0.000161
-3.150000 -0.000213
-3.100000 -0.000199
-3.050000 -0.000254
-3.000000 -0.000243
-2.950000 -0.000301
-2.900000 -0.000291
-2.850000 -0.000352
-2.800000 -0.000345
-2.750000 -0.000409
-2.700000 -0.000407
-2.650000 -0.000476
-2.600000 -0.000480
-2.550000 -0.000558
-2.500000 -0.000571
-2.450000 -0.000661
-2.400000 -0.000689
-2.350000 -0.000795
-2.300000 -0.000841
-2.250000 -0.000968
-2.200000 -0.001036
-2.150000 -0.001188
-2.100000 -0.001284
-2.050000 -0.001465
-2.000000 -0.001593
-1.950000 -0.001809
-1.900000 -0.001974
-1.850000 -0.002231
-1.800000 -0.002440
-1.750000 -0.002744
-1.700000 -0.003005
-1.650000 -0.003368
-1.600000 -0.003693
-1.550000 -0.004126
-1.500000 -0.004530
-1.450000 -0.005051
-1.400000 -0.005552
-1.350000 -0.006183
-1.300000 -0.006805
-1.250000 -0.007570
-1.200000 -0.008341
-1.150000 -0.009270
-1.100000 -0.010224
-1.050000 -0.011354
-1.000000 -0.012528
-0.950000 -0.013902
-0.900000 -0.015343
-0.850000 -0.017010
-0.800000 -0.018774
-0.750000 -0.020796
-0.700000 -0.022951
-0.650000 -0.025403
-0.600000 -0.028031
-0.550000 -0.031004
-0.500000 -0.034207
-0.450000 -0.037814
-0.400000 -0.041714
-0.350000 -0.046091
-0.300000 -0.050838
-0.250000 -0.056146
-0.200000 -0.061918
-0.150000 -0.068354
-0.100000 -0.075363
-0.050000 -0.083156
0.000000 -0.091654
0.050000 -0.101078
0.100000 -0.111359
0.150000 -0.122732
0.200000 -0.135141
0.250000 -0.148834
0.300000 -0.163769
0.350000 -0.180207
0.400000 -0.198120
0.450000 -0.217785
0.500000 -0.239186
0.550000 -0.262612
0.600000 -0.288058
0.650000 -0.315822
0.700000 -0.345905
0.750000 -0.378608
0.800000 -0.413928
0.850000 -0.452159
0.900000 -0.493282
0.950000 -0.537568
1.000000 -0.584964
1.050000 -0.635695
1.100000 -0.689652
1.150000 -0.746988
1.200000 -0.807504
1.250000 -0.871250
1.300000 -0.937908
1.350000 -1.007388
1.400000 -1.079217
1.450000 -1.153140
1.500000 -1.228503
1.550000 -1.304865
1.600000 -1.381382
1.650000 -1.457430
1.700000 -1.531995
1.750000 -1.604302
1.800000 -1.673220
1.850000 -1.737894
1.900000 -1.797164
1.950000 -1.850202
2.000000 -1.895933
2.050000 -1.933683
2.100000 -1.962591
2.150000 -1.982254
2.200000 -1.992132
2.250000 -1.992183
2.300000 -1.982252
2.350000 -1.962691
2.400000 -1.933727
2.450000 -1.896073
2.500000 -1.850280
2.550000 -1.797332
2.600000 -1.737995
2.650000 -1.673404
2.700000 -1.604413
2.750000 -1.532185
2.800000 -1.457543
2.850000 -1.381572
2.900000 -1.304976
2.950000 -1.228691
3.000000 -1.153251
3.050000 -1.079406
3.100000 -1.007500
3.150000 -0.938100
3.200000 -0.871368
3.250000 -0.807702
3.300000 -0.747112
3.350000 -0.689857
3.400000 -0.635826
3.450000 -0.585173
3.500000 -0.537701
3.550000 -0.493493
3.600000 -0.452291
3.650000 -0.414135
3.700000 -0.378735
3.750000 -0.346105
3.800000 -0.315941
3.850000 -0.288249
3.900000 -0.262722
3.950000 -0.239369
4.000000 -0.217889
4.050000 -0.198299
4.100000 -0.180308
4.150000 -0.163947
4.200000 -0.148938
4.250000 -0.135325
4.300000 -0.122844
4.350000 -0.111553
4.400000 -0.101202
4.450000 -0.091861
4.500000 -0.083294
4.550000 -0.075583
4.600000 -0.068503
4.650000 -0.062149
4.700000 -0.056304
4.750000 -0.051075
4.800000 -0.046253
4.850000 -0.041953
4.900000 -0.037976
4.950000 -0.034444
5.000000 -0.031164
5.050000 -0.028265
5.100000 -0.025559
5.150000 -0.023182
5.200000 -0.020949
5.250000 -0.019002
5.300000 -0.017161
5.350000 -0.015570
5.400000 -0.014053
5.450000 -0.012756
5.500000 -0.011506
5.550000 -0.010453
5.600000 -0.009425
5.650000 -0.008572
5.700000 -0.007726
5.750000 -0.007037
5.800000 -0.006339
5.850000 -0.005784
5.900000 -0.005206
5.950000 -0.004758
6.000000 -0.004276
6.050000 -0.003914
6.100000 -0.003508
6.150000 -0.003215
6.200000 -0.002872
6.250000 -0.002635
6.300000 -0.002343
6.350000 -0.002153
6.400000 -0.001904
6.450000 -0.001754
6.500000 -0.001541
6.550000 -0.001426
6.600000 -0.001246
6.650000 -0.001162
6.700000 -0.001010
6.750000 -0.000951
6.800000 -0.000822
6.850000 -0.000785
6.900000 -0.000676
6.950000 -0.000656
7.000000 -0.000562
7.050000 -0.000555
7.100000 -0.000471
7.150000 -0.000473
7.200000 -0.000397
7.250000 -0.000404
7.300000 -0.000332
7.350000 -0.000342
7.400000 -0.000272
7.450000 -0.000285
7.500000 -0.000217
7.550000 -0.000231
7.600000 -0.000166
7.650000 -0.000184
7.700000 -0.000123
7.750000 -0.000145
7.800000 -0.000091
7.850000 -0.000120
7.900000 -0.000073
7.950000 -0.000111
8.000000 -0.000073
8.050000 -0.000120
8.100000 -0.000091
8.150000 -0.000148
8.200000 -0.000127
8.250000 -0.000193
8.300000 -0.000181
8.350000 -0.000256
8.400000 -0.000256
8.450000 -0.000343
8.500000 -0.000359
8.550000 -0.000465
8.600000 -0.000505
8.650000 -0.000642
8.700000 -0.000719
8.750000 -0.000905
8.800000 -0.001043
8.850000 -0.001303
8.900000 -0.001534
8.950000 -0.001909
9.000000 -0.002279
9.050000 -0.002823
9.100000 -0.003401
9.150000 -0.004198
9.200000 -0.005083
9.250000 -0.006253
9.300000 -0.007593
9.350000 -0.009317
9.400000 -0.011330
9.450000 -0.013873
9.500000 -0.016884
9.550000 -0.020643
9.600000 -0.025135
9.650000 -0.030698
9.700000 -0.037388
9.750000 -0.045629
9.800000 -0.055580
9.850000 -0.067790
9.900000 -0.082572
9.950000 -0.100657
10.000000 -0.122578
10.050000 -0.149331
10.100000 -0.181762
10.150000 -0.221241
10.200000 -0.269057
10.250000 -0.327095
10.300000 -0.397240
10.350000 -0.482062
10.400000 -0.584211
10.450000 -0.707096
10.500000 -0.854253
10.550000 -1.029980
10.600000 -1.238632
10.650000 -1.485137
10.700000 -1.774138
10.750000 -2.110270
10.800000 -2.497021
10.850000 -2.936668
10.900000 -3.428750
10.950000 -3.969674
11.000000 -4.550985
11.050000 -5.159052
11.100000 -5.773879
11.150000 -6.369930
11.200000 -6.916723
11.250000 -7.381893
11.300000 -7.734077
11.350000 -7.947630
11.400000 -8.005843
11.450000 -7.904237
11.500000 -7.650710
11.550000 -7.264827
11.600000 -6.774118
11.650000 -6.210700
11.700000 -5.606645
11.750000 -4.991364
11.800000 -4.388867
11.850000 -3.817479
11.900000 -3.289255
11.950000 -2.811303
12.000000 -2.386169
12.050000 -2.013551
12.100000 -1.690678
12.150000 -1.413771
12.200000 -1.178066
12.250000 -0.978896
12.300000 -0.811389
12.350000 -0.671279
12.400000 -0.554390
12.450000 -0.457302
12.500000 -0.376734
12.550000 -0.310142
12.600000 -0.255068
12.650000 -0.209711
12.700000 -0.172271
12.750000 -0.141522
12.800000 -0.116161
12.850000 -0.095383
12.900000 -0.078241
12.950000 -0.064231
13.000000 -0.052658
13.050000 -0.043226
13.100000 -0.035414
13.150000 -0.029072
13.200000 -0.023797
13.250000 -0.019539
13.300000 -0.015975
13.350000 -0.013120
13.400000 -0.010710
13.450000 -0.008802
13.500000 -0.007170
13.550000 -0.005902
13.600000 -0.004795
13.650000 -0.003959
13.700000 -0.003207
13.750000 -0.002662
13.800000 -0.002150
13.850000 -0.001801
13.900000 -0.001449
13.950000 -0.001231
14.000000 -0.000986
14.050000 -0.000854
14.100000 -0.000678
14.150000 -0.000601
14.200000 -0.000470
14.250000 -0.000428
14.300000 -0.000324
14.350000 -0.000304
14.400000 -0.000217
14.450000 -0.000210
14.500000 -0.000133
14.550000 -0.000135
14.600000 -0.000067
14.650000 -0.000077
14.700000 -0.000016
14.750000 -0.000034
14.800000 0.000019
14.850000 -0.000006
14.900000 0.000038
14.950000 0.000005
15.000000 0.000041
15.050000 0.000001
15.100000 0.000031
15.150000 -0.000013
15.200000 0.000014
15.250000 -0.000033
15.300000 -0.000006
15.350000 -0.000051
15.400000 -0.000022
15.450000 -0.000064
15.500000 -0.000030
15.550000 -0.000067
15.600000 -0.000029
15.650000 -0.000060
15.700000 -0.000017
15.750000 -0.000045
15.800000 0.000001
15.850000 -0.000024
15.900000 0.000023
15.950000 -0.000002
16.000000 0.000043
16.050000 0.000016
16.100000 0.000058
16.150000 0.000027
16.200000 0.000065
16.250000 0.000029
16.300000 0.000062
16.350000 0.000021
16.400000 0.000049
16.450000 0.000004
16.500000 0.000028
16.550000 -0.000018
16.600000 0.000005
16.650000 -0.000042
16.700000 -0.000017
16.750000 -0.000060
16.800000 -0.000031
16.850000 -0.000069
16.900000 -0.000035
16.950000 -0.000067
17.000000 -0.000027
17.050000 -0.000053
17.100000 -0.000008
17.150000 -0.000031
17.200000 0.000016
17.250000 -0.000005
17.300000 0.000041
17.350000 0.000017
17.400000 0.000061
17.450000 0.000032
17.500000 0.000070
17.550000 0.000036
17.600000 0.000068
17.650000 0.000028
17.700000 0.000055
17.750000 0.000011
17.800000 0.000034
17.850000 -0.000012
17.900000 0.000011
17.950000 -0.000035
18.000000 -0.000012
18.050000 -0.000055
18.100000 -0.000028
18.150000 -0.000067
18.200000 -0.000036
18.250000 -0.000070
18.300000 -0.000033
18.350000 -0.000062
18.400000 -0.000020
18.450000 -0.000044
18.500000 0.000001
18.550000 -0.000020
18.600000 0.000026
18.650000 0.000005
18.700000 0.000051
18.750000 0.000027
18.800000 0.000068
18.850000 0.000040
18.900000 0.000075
18.950000 0.000041
19.000000 0.000070
19.050000 0.000029
19.100000 0.000053
19.150000 0.000007
19.200000 0.000027
19.250000 -0.000020
19.300000 -0.000001
19.350000 -0.000047
19.400000 -0.000025
19.450000 -0.000067
19.500000 -0.000041
19.550000 -0.000077
19.600000 -0.000044
19.650000 -0.000073
19.700000 -0.000034
19.750000 -0.000058
19.800000 -0.000015
19.850000 -0.000035
19.900000 0.000010
19.950000 -0.000009
20.000000 0.000037
20.050000 0.000016
20.100000 0.000059
20.150000 0.000034
20.200000 0.000073
20.250000 0.000043
20.300000 0.000076
20.350000 0.000041
20.400000 0.000068
20.450000 0.000028
20.500000 0.000050
20.550000 0.000006
20.600000 0.000025
20.650000 -0.000021
20.700000 -0.000003
20.750000 -0.000049
20.800000 -0.000028
20.850000 -0.000070
20.900000 -0.000045
20.950000 -0.000081
21.000000 -0.000050
21.050000 -0.000079
21.100000 -0.000041
21.150000 -0.000064
21.200000 -0.000021
21.250000 -0.000038
21.300000 0.000008
21.350000 -0.000008
21.400000 0.000039
21.450000 0.000021
21.500000 0.000065
21.550000 0.000043
21.600000 0.000081
21.650000 0.000052
21.700000 0.000084
21.750000 0.000049
21.800000 0.000073
21.850000 0.000032
21.900000 0.000052
21.950000 0.000007
22.000000 0.000024
22.050000 -0.000022
22.100000 -0.000005
22.150000 -0.000049
22.200000 -0.000030
22.250000 -0.000071
22.300000 -0.000047
22.350000 -0.000082
22.400000 -0.000053
22.450000 -0.000082
22.500000 -0.000046
22.550000 -0.000070
22.600000 -0.000029
22.650000 -0.000047
22.700000 -0.000002
22.750000 -0.000018
22.800000 0.000029
22.850000 0.000013
22.900000 0.000058
22.950000 0.000040
23.000000 0.000080
23.050000 0.000057
23.100000 0.000090
23.150000 0.000060
23.200000 0.000086
23.250000 0.000048
23.300000 0.000068
23.350000 0.000024
23.400000 0.000039
23.450000 -0.000008
23.500000 0.000005
23.550000 -0.000042
23.600000 -0.000027
23.650000 -0.000070
23.700000 -0.000050
23.750000 -0.000088
23.800000 -0.000061
23.850000 -0.000092
23.900000 -0.000058
23.950000 -0.000082
24.000000 -0.000042
24.050000 -0.000060
24.100000 -0.000016
24.150000 -0.000031
24.200000 0.000015
24.250000 0.000001
24.300000 0.000046
24.350000 0.000030
24.400000 0.000072
24.450000 0.000052
24.500000 0.000088
24.550000 0.000063
24.600000 0.000093
24.650000 0.000061
24.700000 0.000084
24.750000 0.000045
24.800000 0.000063
24.850000 0.000019
24.900000 0.000032
24.950000 -0.000015
25.000000 -0.000003
25.050000 -0.000050
25.100000 -0.000036
25.150000 -0.000079
25.200000 -0.000061
25.250000 -0.000097
25.300000 -0.000072
25.350000 -0.000100
25.400000 -0.000067
25.450000 -0.000087
25.500000 -0.000047
25.550000 -0.000061
25.600000 -0.000015
25.650000 -0.000026
25.700000 0.000021
25.750000 0.000010
25.800000 0.000056
25.850000 0.000042
25.900000 0.000083
25.950000 0.000064
26.000000 0.000098
26.050000 0.000072
26.100000 0.000099
26.150000 0.000066
26.200000 0.000086
26.250000 0.000047
26.300000 0.000062
26.350000 0.000018
26.400000 0.000030
26.450000 -0.000016
26.500000 -0.000005
26.550000 -0.000051
26.600000 -0.000038
26.650000 -0.000080
26.700000 -0.000063
26.750000 -0.000100
26.800000 -0.000076
26.850000 -0.000106
26.900000 -0.000075
26.950000 -0.000097
27.000000 -0.000058
27.050000 -0.000073
27.100000 -0.000028
27.150000 -0.000038
27.200000 0.000010
27.250000 0.000002
27.300000 0.000050
27.350000 0.000040
27.400000 0.000084
27.450000 0.000069
27.500000 0.000106
27.550000 0.000084
27.600000 0.000113
27.650000 0.000081
27.700000 0.000102
27.750000 0.000063
27.800000 0.000077
27.850000 0.000032
27.900000 0.000042
27.950000 -0.000005
28.000000 0.000003
28.050000 -0.000044
28.100000 -0.000034
28.150000 -0.000077
28.200000 -0.000063
28.250000 -0.000101
28.300000 -0.000081
28.350000 -0.000112
28.400000 -0.000084
28.450000 -0.000108
28.500000 -0.000073
28.550000 -0.000090
28.600000 -0.000049
28.650000 -0.000061
28.700000 -0.000015
28.750000 -0.000023
28.800000 0.000024
28.850000 0.000017
28.900000 0.000063
28.950000 0.000054
29.000000 0.000096
29.050000 0.000080
29.100000 0.000115
29.150000 0.000092
29.200000 0.000119
29.250000 0.000087
29.300000 0.000106
29.350000 0.000066
29.400000 0.000077
29.450000 0.000033
29.500000 0.000041
29.550000 -0.000006
29.600000 0.000003
29.650000 -0.000040
29.700000 -0.000027
29.750000 -0.000063
29.800000 -0.000041
29.850000 -0.000067
29.900000 -0.000033
29.950000 -0.000047
