-30.000000 -0.000000
-29.950000 -0.000000
-29.900000 -0.000000
-29.850000 0.000000
-29.800000 0.000000
-29.750000 0.000000
-29.700000 0.000000
-29.650000 0.000000
-29.600000 -0.000000
-29.550000 -0.000000
-29.500000 -0.000000
-29.450000 -0.000000
-29.400000 -0.000000
-29.350000 0.000000
-29.300000 0.000000
-29.250000 0.000000
-29.200000 0.000000
-29.150000 0.000000
-29.100000 -0.000000
-29.050000 -0.000000
-29.000000 -0.000000
-28.950000 -0.000000
-28.900000 -0.000000
-28.850000 0.000000
-28.800000 0.000000
-28.750000 0.000000
-28.700000 0.000000
-28.650000 -0.000000
-28.600000 -0.000000
-28.550000 -0.000000
-28.500000 -0.000000
-28.450000 -0.000000
-28.400000 0.000000
-28.350000 0.000000
-28.300000 0.000000
-28.250000 0.000000
-28.200000 0.000000
-28.150000 -0.000000
-28.100000 -0.000000
-28.050000 -0.000000
-28.000000 -0.000000
-27.950000 -0.000000
-27.900000 0.000000
-27.850000 0.000000
-27.800000 0.000000
-27.750000 0.000000
-27.700000 0.000000
-27.650000 -0.000000
-27.600000 -0.000000
-27.550000 -0.000000
-27.500000 -0.000000
-27.450000 -0.000000
-27.400000 0.000000
-27.350000 0.000000
-27.300000 0.000000
-27.250000 0.000000
-27.200000 0.000000
-27.150000 -0.000000
-27.100000 -0.000000
-27.050000 -0.000000
-27.000000 -0.000000
-26.950000 -0.000000
-26.900000 0.000000
-26.850000 0.000000
-26.800000 0.000000
-26.750000 0.000000
-26.700000 0.000000
-26.650000 -0.000000
-26.600000 -0.000000
-26.550000 -0.000000
-26.500000 -0.000000
-26.450000 -0.000000
-26.400000 0.000000
-26.350000 0.000000
-26.300000 0.000000
-26.250000 0.000000
-26.200000 0.000000
-26.150000 0.000000
-26.100000 -0.000000
-26.050000 -0.000000
-26.000000 -0.000000
-25.950000 -0.000000
-25.900000 -0.000000
-25.850000 0.000000
-25.800000 0.000000
-25.750000 0.000000
-25.700000 0.000000
-25.650000 0.000000
-25.600000 -0.000000
-25.550000 -0.000000
-25.500000 -0.000000
-25.450000 -0.000000
-25.400000 -0.000000
-25.350000 0.000000
-25.300000 0.000000
-25.250000 0.000000
-25.200000 0.000000
-25.150000 0.000000
-25.100000 -0.000000
-25.050000 -0.000000
-25.000000 -0.000000
-24.950000 -0.000000
-24.900000 -0.000000
-24.850000 -0.000000
-24.800000 0.000000
-24.750000 0.000000
-24.700000 0.000000
-24.650000 0.000000
-24.600000 0.000000
-24.550000 -0.000000
-24.500000 -0.000000
-24.450000 -0.000000
-24.400000 -0.000000
-24.350000 -0.000000
-24.300000 0.000000
-24.250000 0.000000
-24.200000 0.000000
-24.150000 0.000000
-24.100000 0.000000
-24.050000 0.000000
-24.000000 -0.000000
-23.950000 -0.000000
-23.900000 -0.000000
-23.850000 -0.000000
-23.800000 -0.000000
-23.750000 0.000000
-23.700000 0.000000
-23.650000 0.000000
-23.600000 0.000000
-23.550000 0.000000
-23.500000 -0.000000
-23.450000 -0.000000
-23.400000 -0.000000
-23.350000 -0.000000
-23.300000 -0.000000
-23.250000 -0.000000
-23.200000 0.000000
-23.150000 0.000000
-23.100000 0.000000
-23.050000 0.000000
-23.000000 0.000000
-22.950000 -0.000000
-22.900000 -0.000000
-22.850000 -0.000000
-22.800000 -0.000000
-22.750000 -0.000000
-22.700000 -0.000000
-22.650000 0.000000
-22.600000 0.000000
-22.550000 0.000000
-22.500000 0.000000
-22.450000 0.000000
-22.400000 0.000000
-22.350000 -0.000000
-22.300000 -0.000000
-22.250000 -0.000000
-22.200000 -0.000000
-22.150000 -0.000000
-22.100000 0.000000
-22.050000 0.000000
-22.000000 0.000000
-21.950000 0.000000
-21.900000 0.000000
-21.850000 0.000000
-21.800000 -0.000000
-21.750000 -0.000000
-21.700000 -0.000000
-21.650000 -0.000000
-21.600000 -0.000000
-21.550000 -0.000000
-21.500000 0.000000
-21.450000 0.000000
-21.400000 0.000000
-21.350000 0.000000
-21.300000 0.000000
-21.250000 -0.000000
-21.200000 -0.000000
-21.150000 -0.000000
-21.100000 -0.000000
-21.050000 -0.000000
-21.000000 -0.000000
-20.950000 0.000000
-20.900000 0.000000
-20.850000 0.000000
-20.800000 0.000000
-20.750000 0.000000
-20.700000 0.000000
-20.650000 -0.000000
-20.600000 -0.000000
-20.550000 -0.000000
-20.500000 -0.000000
-20.450000 -0.000000
-20.400000 -0.000000
-20.350000 0.000000
-20.300000 0.000000
-20.250000 0.000000
-20.200000 0.000000
-20.150000 0.000000
-20.100000 0.000000
-20.050000 -0.000000
-20.000000 -0.000000
-19.950000 -0.000000
-19.900000 -0.000000
-19.850000 -0.000000
-19.800000 -0.000000
-19.750000 0.000000
-19.700000 0.000000
-19.650000 0.000000
-19.600000 0.000000
-19.550000 0.000000
-19.500000 0.000000
-19.450000 -0.000000
-19.400000 -0.000000
-19.350000 -0.000000
-19.300000 -0.000000
-19.250000 -0.000000
-19.200000 -0.000000
-19.150000 0.000000
-19.100000 0.000000
-19.050000 0.000000
-19.000000 0.000000
-18.950000 0.000000
-18.900000 0.000000
-18.850000 -0.000000
-18.800000 -0.000000
-18.750000 -0.000000
-18.700000 -0.000000
-18.650000 -0.000000
-18.600000 -0.000000
-18.550000 -0.000000
-18.500000 0.000000
-18.450000 0.000000
-18.400000 0.000001
-18.350000 0.000000
-18.300000 0.000000
-18.250000 0.000000
-18.200000 -0.000000
-18.150000 -0.000000
-18.100000 -0.000001
-18.050000 -0.000001
-18.000000 -0.000000
-17.950000 -0.000000
-17.900000 0.000000
-17.850000 0.000000
-17.800000 0.000001
-17.750000 0.000001
-17.700000 0.000001
-17.650000 0.000000
-17.600000 0.000000
-17.550000 -0.000000
-17.500000 -0.000001
-17.450000 -0.000001
-17.400000 -0.000001
-17.350000 -0.000001
-17.300000 -0.000000
-17.250000 0.000000
-17.200000 0.000001
-17.150000 0.000001
-17.100000 0.000001
-17.050000 0.000001
-17.000000 0.000000
-16.950000 0.000000
-16.900000 -0.000000
-16.850000 -0.000001
-16.800000 -0.000001
-16.750000 -0.000001
-16.700000 -0.000001
-16.650000 -0.000000
-16.600000 0.000000
-16.550000 0.000001
-16.500000 0.000001
-16.450000 0.000001
-16.400000 0.000001
-16.350000 0.000001
-16.300000 0.000000
-16.250000 -0.000000
-16.200000 -0.000001
-16.150000 -0.000001
-16.100000 -0.000001
-16.050000 -0.000001
-16.000000 -0.000001
-15.950000 -0.000000
-15.900000 0.000001
-15.850000 0.000001
-15.800000 0.000002
-15.750000 0.000002
-15.700000 0.000001
-15.650000 0.000001
-15.600000 0.000000
-15.550000 -0.000001
-15.500000 -0.000001
-15.450000 -0.000002
-15.400000 -0.000002
-15.350000 -0.000002
-15.300000 -0.000001
-15.250000 0.000000
-15.200000 0.000001
-15.150000 0.000002
-15.100000 0.000002
-15.050000 0.000002
-15.000000 0.000002
-14.950000 0.000001
-14.900000 -0.000000
-14.850000 -0.000001
-14.800000 -0.000002
-14.750000 -0.000003
-14.700000 -0.000003
-14.650000 -0.000002
-14.600000 -0.000001
-14.550000 -0.000000
-14.500000 0.000001
-14.450000 0.000002
-14.400000 0.000003
-14.350000 0.000003
-14.300000 0.000003
-14.250000 0.000002
-14.200000 0.000000
-14.150000 -0.000001
-14.100000 -0.000003
-14.050000 -0.000004
-14.000000 -0.000004
-13.950000 -0.000004
-13.900000 -0.000003
-13.850000 -0.000001
-13.800000 0.000001
-13.750000 0.000003
-13.700000 0.000004
-13.650000 0.000005
-13.600000 0.000005
-13.550000 0.000004
-13.500000 0.000002
-13.450000 -0.000000
-13.400000 -0.000002
-13.350000 -0.000004
-13.300000 -0.000005
-13.250000 -0.000006
-13.200000 -0.000005
-13.150000 -0.000003
-13.100000 -0.000001
-13.050000 0.000001
-13.000000 0.000004
-12.950000 0.000006
-12.900000 0.000007
-12.850000 0.000007
-12.800000 0.000005
-12.750000 0.000003
-12.700000 0.000000
-12.650000 -0.000003
-12.600000 -0.000005
-12.550000 -0.000007
-12.500000 -0.000008
-12.450000 -0.000008
-12.400000 -0.000006
-12.350000 -0.000003
-12.300000 0.000000
-12.250000 0.000004
-12.200000 0.000007
-12.150000 0.000009
-12.100000 0.000010
-12.050000 0.000009
-12.000000 0.000007
-11.950000 0.000003
-11.900000 -0.000001
-11.850000 -0.000005
-11.800000 -0.000009
-11.750000 -0.000012
-11.700000 -0.000013
-11.650000 -0.000012
-11.600000 -0.000009
-11.550000 -0.000004
-11.500000 0.000001
-11.450000 0.000006
-11.400000 0.000011
-11.350000 0.000014
-11.300000 0.000016
-11.250000 0.000015
-11.200000 0.000012
-11.150000 0.000007
-11.100000 0.000000
-11.050000 -0.000006
-11.000000 -0.000012
-10.950000 -0.000017
-10.900000 -0.000019
-10.850000 -0.000019
-10.800000 -0.000016
-10.750000 -0.000010
-10.700000 -0.000003
-10.650000 0.000005
-10.600000 0.000013
-10.550000 0.000019
-10.500000 0.000023
-10.450000 0.000024
-10.400000 0.000022
-10.350000 0.000017
-10.300000 0.000009
-10.250000 -0.000000
-10.200000 -0.000010
-10.150000 -0.000020
-10.100000 -0.000027
-10.050000 -0.000030
-10.000000 -0.000031
-9.950000 -0.000027
-9.900000 -0.000019
-9.850000 -0.000008
-9.800000 0.000004
-9.750000 0.000016
-9.700000 0.000027
-9.650000 0.000035
-9.600000 0.000039
-9.550000 0.000039
-9.500000 0.000033
-9.450000 0.000023
-9.400000 0.000010
-9.350000 -0.000006
-9.300000 -0.000021
-9.250000 -0.000035
-9.200000 -0.000046
-9.150000 -0.000051
-9.100000 -0.000051
-9.050000 -0.000044
-9.000000 -0.000032
-8.950000 -0.000016
-8.900000 0.000003
-8.850000 0.000023
-8.800000 0.000042
-8.750000 0.000057
-8.700000 0.000066
-8.650000 0.000068
-8.600000 0.000062
-8.550000 0.000049
-8.500000 0.000030
-8.450000 0.000006
-8.400000 -0.000019
-8.350000 -0.000045
-8.300000 -0.000066
-8.250000 -0.000082
-8.200000 -0.000091
-8.150000 -0.000089
-8.100000 -0.000079
-8.050000 -0.000059
-8.000000 -0.000032
-7.950000 -0.000000
-7.900000 0.000033
-7.850000 0.000066
-7.800000 0.000093
-7.750000 0.000113
-7.700000 0.000122
-7.650000 0.000119
-7.600000 0.000104
-7.550000 0.000078
-7.500000 0.000042
-7.450000 0.000000
-7.400000 -0.000045
-7.350000 -0.000089
-7.300000 -0.000127
-7.250000 -0.000155
-7.200000 -0.000172
-7.150000 -0.000173
-7.100000 -0.000158
-7.050000 -0.000128
-7.000000 -0.000085
-6.950000 -0.000032
-6.900000 0.000027
-6.850000 0.000087
-6.800000 0.000142
-6.750000 0.000188
-6.700000 0.000220
-6.650000 0.000233
-6.600000 0.000227
-6.550000 0.000199
-6.500000 0.000152
-6.450000 0.000088
-6.400000 0.000011
-6.350000 -0.000074
-6.300000 -0.000159
-6.250000 -0.000239
-6.200000 -0.000306
-6.150000 -0.000355
-6.100000 -0.000380
-6.050000 -0.000380
-6.000000 -0.000352
-5.950000 -0.000297
-5.900000 -0.000218
-5.850000 -0.000120
-5.800000 -0.000010
-5.750000 0.000104
-5.700000 0.000215
-5.650000 0.000313
-5.600000 0.000389
-5.550000 0.000437
-5.500000 0.000450
-5.450000 0.000426
-5.400000 0.000362
-5.350000 0.000260
-5.300000 0.000123
-5.250000 -0.000041
-5.200000 -0.000225
-5.150000 -0.000419
-5.100000 -0.000612
-5.050000 -0.000792
-5.000000 -0.000948
-4.950000 -0.001071
-4.900000 -0.001151
-4.850000 -0.001184
-4.800000 -0.001166
-4.750000 -0.001097
-4.700000 -0.000981
-4.650000 -0.000824
-4.600000 -0.000636
-4.550000 -0.000429
-4.500000 -0.000217
-4.450000 -0.000017
-4.400000 0.000156
-4.350000 0.000285
-4.300000 0.000355
-4.250000 0.000353
-4.200000 0.000268
-4.150000 0.000092
-4.100000 -0.000178
-4.050000 -0.000544
-4.000000 -0.001001
-3.950000 -0.001541
-3.900000 -0.002154
-3.850000 -0.002825
-3.800000 -0.003537
-3.750000 -0.004272
-3.700000 -0.005010
-3.650000 -0.005734
-3.600000 -0.006424
-3.550000 -0.007065
-3.500000 -0.007646
-3.450000 -0.008157
-3.400000 -0.008595
-3.350000 -0.008961
-3.300000 -0.009263
-3.250000 -0.009514
-3.200000 -0.009733
-3.150000 -0.009945
-3.100000 -0.010182
-3.050000 -0.010478
-3.000000 -0.010873
-2.950000 -0.011411
-2.900000 -0.012139
-2.850000 -0.013105
-2.800000 -0.014358
-2.750000 -0.015948
-2.700000 -0.017922
-2.650000 -0.020329
-2.600000 -0.023212
-2.550000 -0.026613
-2.500000 -0.030572
-2.450000 -0.035122
-2.400000 -0.040295
-2.350000 -0.046119
-2.300000 -0.052617
-2.250000 -0.059810
-2.200000 -0.067716
-2.150000 -0.076353
-2.100000 -0.085735
-2.050000 -0.095879
-2.000000 -0.106799
-1.950000 -0.118516
-1.900000 -0.131051
-1.850000 -0.144430
-1.800000 -0.158687
-1.750000 -0.173862
-1.700000 -0.190003
-1.650000 -0.207169
-1.600000 -0.225430
-1.550000 -0.244867
-1.500000 -0.265575
-1.450000 -0.287663
-1.400000 -0.311252
-1.350000 -0.336481
-1.300000 -0.363500
-1.250000 -0.392475
-1.200000 -0.423584
-1.150000 -0.457017
-1.100000 -0.492973
-1.050000 -0.531657
-1.000000 -0.573277
-0.950000 -0.618042
-0.900000 -0.666150
-0.850000 -0.717787
-0.800000 -0.773118
-0.750000 -0.832275
-0.700000 -0.895351
-0.650000 -0.962384
-0.600000 -1.033350
-0.550000 -1.108144
-0.500000 -1.186571
-0.450000 -1.268330
-0.400000 -1.353005
-0.350000 -1.440049
-0.300000 -1.528786
-0.250000 -1.618396
-0.200000 -1.707927
-0.150000 -1.796298
-0.100000 -1.882315
-0.050000 -1.964693
0.000000 -2.042091
0.050000 -2.113144
0.100000 -2.176511
0.150000 -2.230921
0.200000 -2.275222
0.250000 -2.308431
0.300000 -2.329776
0.350000 -2.338730
0.400000 -2.335039
0.450000 -2.318732
0.500000 -2.290120
0.550000 -2.249782
0.600000 -2.198538
0.650000 -2.137413
0.700000 -2.067590
0.750000 -1.990368
0.800000 -1.907105
0.850000 -1.819175
0.900000 -1.727927
0.950000 -1.634643
1.000000 -1.540513
1.050000 -1.446614
1.100000 -1.353891
1.150000 -1.263156
1.200000 -1.175084
1.250000 -1.090216
1.300000 -1.008969
1.350000 -0.931647
1.400000 -0.858449
1.450000 -0.789486
1.500000 -0.724794
1.550000 -0.664343
1.600000 -0.608054
1.650000 -0.555805
1.700000 -0.507444
1.750000 -0.462796
1.800000 -0.421671
1.850000 -0.383868
1.900000 -0.349183
1.950000 -0.317412
2.000000 -0.288354
2.050000 -0.261812
2.100000 -0.237596
2.150000 -0.215527
2.200000 -0.195432
2.250000 -0.177151
2.300000 -0.160533
2.350000 -0.145435
2.400000 -0.131727
2.450000 -0.119287
2.500000 -0.108003
2.550000 -0.097772
2.600000 -0.088499
2.650000 -0.080097
2.700000 -0.072485
2.750000 -0.065592
2.800000 -0.059350
2.850000 -0.053699
2.900000 -0.048584
2.950000 -0.043954
3.000000 -0.039765
3.050000 -0.035973
3.100000 -0.032543
3.150000 -0.029440
3.200000 -0.026632
3.250000 -0.024092
3.300000 -0.021794
3.350000 -0.019715
3.400000 -0.017835
3.450000 -0.016134
3.500000 -0.014595
3.550000 -0.013203
3.600000 -0.011944
3.650000 -0.010805
3.700000 -0.009775
3.750000 -0.008843
3.800000 -0.008000
3.850000 -0.007238
3.900000 -0.006548
3.950000 -0.005924
4.000000 -0.005359
4.050000 -0.004849
4.100000 -0.004387
4.150000 -0.003969
4.200000 -0.003591
4.250000 -0.003249
4.300000 -0.002939
4.350000 -0.002659
4.400000 -0.002406
4.450000 -0.002177
4.500000 -0.001969
4.550000 -0.001782
4.600000 -0.001612
4.650000 -0.001459
4.700000 -0.001320
4.750000 -0.001194
4.800000 -0.001080
4.850000 -0.000978
4.900000 -0.000885
4.950000 -0.000800
5.000000 -0.000724
5.050000 -0.000655
5.100000 -0.000593
5.150000 -0.000536
5.200000 -0.000485
5.250000 -0.000439
5.300000 -0.000397
5.350000 -0.000360
5.400000 -0.000325
5.450000 -0.000294
5.500000 -0.000266
5.550000 -0.000241
5.600000 -0.000218
5.650000 -0.000197
5.700000 -0.000179
5.750000 -0.000162
5.800000 -0.000146
5.850000 -0.000132
5.900000 -0.000120
5.950000 -0.000108
6.000000 -0.000098
6.050000 -0.000089
6.100000 -0.000080
6.150000 -0.000073
6.200000 -0.000066
6.250000 -0.000059
6.300000 -0.000054
6.350000 -0.000049
6.400000 -0.000044
6.450000 -0.000040
6.500000 -0.000036
6.550000 -0.000033
6.600000 -0.000030
6.650000 -0.000027
6.700000 -0.000024
6.750000 -0.000022
6.800000 -0.000020
6.850000 -0.000018
6.900000 -0.000016
6.950000 -0.000015
7.000000 -0.000013
7.050000 -0.000012
7.100000 -0.000011
7.150000 -0.000010
7.200000 -0.000009
7.250000 -0.000008
7.300000 -0.000007
7.350000 -0.000007
7.400000 -0.000006
7.450000 -0.000005
7.500000 -0.000005
7.550000 -0.000004
7.600000 -0.000004
7.650000 -0.000004
7.700000 -0.000003
7.750000 -0.000003
7.800000 -0.000003
7.850000 -0.000002
7.900000 -0.000002
7.950000 -0.000002
8.000000 -0.000002
8.050000 -0.000002
8.100000 -0.000001
8.150000 -0.000001
8.200000 -0.000001
8.250000 -0.000001
8.300000 -0.000001
8.350000 -0.000001
8.400000 -0.000001
8.450000 -0.000001
8.500000 -0.000001
8.550000 -0.000001
8.600000 -0.000001
8.650000 -0.000000
8.700000 -0.000000
8.750000 -0.000000
8.800000 -0.000000
8.850000 -0.000000
8.900000 -0.000000
8.950000 -0.000000
9.000000 -0.000000
9.050000 -0.000000
9.100000 -0.000000
9.150000 -0.000000
9.200000 -0.000000
9.250000 -0.000000
9.300000 -0.000000
9.350000 -0.000000
9.400000 -0.000000
9.450000 -0.000000
9.500000 -0.000000
9.550000 -0.000000
9.600000 -0.000000
9.650000 -0.000000
9.700000 -0.000000
9.750000 -0.000000
9.800000 -0.000000
9.850000 -0.000000
9.900000 -0.000000
9.950000 -0.000000
10.000000 -0.000000
10.050000 -0.000000
10.100000 -0.000000
10.150000 -0.000000
10.200000 -0.000000
10.250000 -0.000000
10.300000 -0.000000
10.350000 -0.000000
10.400000 -0.000000
10.450000 -0.000000
10.500000 -0.000000
10.550000 -0.000000
10.600000 -0.000000
10.650000 -0.000000
10.700000 -0.000000
10.750000 -0.000000
10.800000 -0.000000
10.850000 -0.000000
10.900000 -0.000000
10.950000 -0.000000
11.000000 -0.000000
11.050000 -0.000000
11.100000 -0.000000
11.150000 -0.000000
11.200000 -0.000000
11.250000 -0.000000
11.300000 -0.000000
11.350000 -0.000000
11.400000 -0.000000
11.450000 -0.000000
11.500000 -0.000000
11.550000 -0.000000
11.600000 -0.000000
11.650000 -0.000000
11.700000 -0.000000
11.750000 -0.000000
11.800000 -0.000000
11.850000 -0.000000
11.900000 -0.000000
11.950000 0.000000
12.000000 0.000000
12.050000 0.000000
12.100000 0.000000
12.150000 0.000000
12.200000 0.000000
12.250000 -0.000000
12.300000 -0.000000
12.350000 -0.000000
12.400000 -0.000000
12.450000 -0.000000
12.500000 -0.000000
12.550000 -0.000000
12.600000 -0.000000
12.650000 -0.000000
12.700000 0.000000
12.750000 0.000000
12.800000 0.000000
12.850000 0.000000
12.900000 0.000000
12.950000 0.000000
13.000000 0.000000
13.050000 -0.000000
13.100000 -0.000000
13.150000 -0.000000
13.200000 -0.000000
13.250000 -0.000000
13.300000 -0.000000
13.350000 -0.000000
13.400000 -0.000000
13.450000 0.000000
13.500000 0.000000
13.550000 0.000000
13.600000 0.000000
13.650000 0.000000
13.700000 0.000000
13.750000 0.000000
13.800000 -0.000000
13.850000 -0.000000
13.900000 -0.000000
13.950000 -0.000000
14.000000 -0.000000
14.050000 -0.000000
14.100000 -0.000000
14.150000 -0.000000
14.200000 0.000000
14.250000 0.000000
14.300000 0.000000
14.350000 0.000000
14.400000 0.000000
14.450000 0.000000
14.500000 0.000000
14.550000 -0.000000
14.600000 -0.000000
14.650000 -0.000000
14.700000 -0.000000
14.750000 -0.000000
14.800000 -0.000000
14.850000 -0.000000
14.900000 0.000000
14.950000 0.000000
15.000000 0.000000
15.050000 0.000000
15.100000 0.000000
15.150000 0.000000
15.200000 0.000000
15.250000 -0.000000
15.300000 -0.000000
15.350000 -0.000000
15.400000 -0.000000
15.450000 -0.000000
15.500000 -0.000000
15.550000 -0.000000
15.600000 0.000000
15.650000 0.000000
15.700000 0.000000
15.750000 0.000000
15.800000 0.000000
15.850000 0.000000
15.900000 0.000000
15.950000 -0.000000
16.000000 -0.000000
16.050000 -0.000000
16.100000 -0.000000
16.150000 -0.000000
16.200000 -0.000000
16.250000 -0.000000
16.300000 0.000000
16.350000 0.000000
16.400000 0.000000
16.450000 0.000000
16.500000 0.000000
16.550000 0.000000
16.600000 -0.000000
16.650000 -0.000000
16.700000 -0.000000
16.750000 -0.000000
16.800000 -0.000000
16.850000 -0.000000
16.900000 -0.000000
16.950000 0.000000
17.000000 0.000000
17.050000 0.000000
17.100000 0.000000
17.150000 0.000000
17.200000 0.000000
17.250000 -0.000000
17.300000 -0.000000
17.350000 -0.000000
17.400000 -0.000000
17.450000 -0.000000
17.500000 -0.000000
17.550000 -0.000000
17.600000 0.000000
17.650000 0.000000
17.700000 0.000000
17.750000 0.000000
17.800000 0.000000
17.850000 0.000000
17.900000 -0.000000
17.950000 -0.000000
18.000000 -0.000000
18.050000 -0.000000
18.100000 -0.000000
18.150000 -0.000000
18.200000 -0.000000
18.250000 0.000000
18.300000 0.000000
18.350000 0.000000
18.400000 0.000000
18.450000 0.000000
18.500000 0.000000
18.550000 -0.000000
18.600000 -0.000000
18.650000 -0.000000
18.700000 -0.000000
18.750000 -0.000000
18.800000 -0.000000
18.850000 0.000000
18.900000 0.000000
18.950000 0.000000
19.000000 0.000000
19.050000 0.000000
19.100000 0.000000
19.150000 -0.000000
19.200000 -0.000000
19.250000 -0.000000
19.300000 -0.000000
19.350000 -0.000000
19.400000 -0.000000
19.450000 -0.000000
19.500000 0.000000
19.550000 0.000000
19.600000 0.000000
19.650000 0.000000
19.700000 0.000000
19.750000 0.000000
19.800000 -0.000000
19.850000 -0.000000
19.900000 -0.000000
19.950000 -0.000000
20.000000 -0.000000
20.050000 -0.000000
20.100000 0.000000
20.150000 0.000000
20.200000 0.000000
20.250000 0.000000
20.300000 0.000000
20.350000 0.000000
20.400000 -0.000000
20.450000 -0.000000
20.500000 -0.000000
20.550000 -0.000000
20.600000 -0.000000
20.650000 0.000000
20.700000 0.000000
20.750000 0.000000
20.800000 0.000000
20.850000 0.000000
20.900000 0.000000
20.950000 -0.000000
21.000000 -0.000000
21.050000 -0.000000
21.100000 -0.000000
21.150000 -0.000000
21.200000 -0.000000
21.250000 0.000000
21.300000 0.000000
21.350000 0.000000
21.400000 0.000000
21.450000 0.000000
21.500000 0.000000
21.550000 -0.000000
21.600000 -0.000000
21.650000 -0.000000
21.700000 -0.000000
21.750000 -0.000000
21.800000 -0.000000
21.850000 0.000000
21.900000 0.000000
21.950000 0.000000
22.000000 0.000000
22.050000 0.000000
22.100000 -0.000000
22.150000 -0.000000
22.200000 -0.000000
22.250000 -0.000000
22.300000 -0.000000
22.350000 -0.000000
22.400000 0.000000
22.450000 0.000000
22.500000 0.000000
22.550000 0.000000
22.600000 0.000000
22.650000 0.000000
22.700000 -0.000000
22.750000 -0.000000
22.800000 -0.000000
22.850000 -0.000000
22.900000 -0.000000
22.950000 0.000000
23.000000 0.000000
23.050000 0.000000
23.100000 0.000000
23.150000 0.000000
23.200000 0.000000
23.250000 -0.000000
23.300000 -0.000000
23.350000 -0.000000
23.400000 -0.000000
23.450000 -0.000000
23.500000 0.000000
23.550000 0.000000
23.600000 0.000000
23.650000 0.000000
23.700000 0.000000
23.750000 0.000000
23.800000 -0.000000
23.850000 -0.000000
23.900000 -0.000000
23.950000 -0.000000
24.000000 -0.000000
24.050000 0.000000
24.100000 0.000000
24.150000 0.000000
24.200000 0.000000
24.250000 0.000000
24.300000 -0.000000
24.350000 -0.000000
24.400000 -0.000000
24.450000 -0.000000
24.500000 -0.000000
24.550000 -0.000000
24.600000 0.000000
24.650000 0.000000
24.700000 0.000000
24.750000 0.000000
24.800000 0.000000
24.850000 -0.000000
24.900000 -0.000000
24.950000 -0.000000
25.000000 -0.000000
25.050000 -0.000000
25.100000 0.000000
25.150000 0.000000
25.200000 0.000000
25.250000 0.000000
25.300000 0.000000
25.350000 0.000000
25.400000 -0.000000
25.450000 -0.000000
25.500000 -0.000000
25.550000 -0.000000
25.600000 -0.000000
25.650000 0.000000
25.700000 0.000000
25.750000 0.000000
25.800000 0.000000
25.850000 0.000000
25.900000 -0.000000
25.950000 -0.000000
26.000000 -0.000000
26.050000 -0.000000
26.100000 -0.000000
26.150000 0.000000
26.200000 0.000000
26.250000 0.000000
26.300000 0.000000
26.350000 0.000000
26.400000 -0.000000
26.450000 -0.000000
26.500000 -0.000000
26.550000 -0.000000
26.600000 -0.000000
26.650000 0.000000
26.700000 0.000000
26.750000 0.000000
26.800000 0.000000
26.850000 0.000000
26.900000 -0.000000
26.950000 -0.000000
27.000000 -0.000000
27.050000 -0.000000
27.100000 -0.000000
27.150000 -0.000000
27.200000 0.000000
27.250000 0.000000
27.300000 0.000000
27.350000 0.000000
27.400000 0.000000
27.450000 -0.000000
27.500000 -0.000000
27.550000 -0.000000
27.600000 -0.000000
27.650000 0.000000
27.700000 0.000000
27.750000 0.000000
27.800000 0.000000
27.850000 0.000000
27.900000 -0.000000
27.950000 -0.000000
28.000000 -0.000000
28.050000 -0.000000
28.100000 -0.000000
28.150000 0.000000
28.200000 0.000000
28.250000 0.000000
28.300000 0.000000
28.350000 0.000000
28.400000 -0.000000
28.450000 -0.000000
28.500000 -0.000000
28.550000 -0.000000
28.600000 -0.000000
28.650000 0.000000
28.700000 0.000000
28.750000 0.000000
28.800000 0.000000
28.850000 0.000000
28.900000 -0.000000
28.950000 -0.000000
29.000000 -0.000000
29.050000 -0.000000
29.100000 -0.000000
29.150000 0.000000
29.200000 0.000000
29.250000 0.000000
29.300000 0.000000
29.350000 0.000000
29.400000 -0.000000
29.450000 -0.000000
29.500000 -0.000000
29.550000 -0.000000
29.600000 0.000000
29.650000 0.000000
29.700000 0.000000
29.750000 0.000000
29.800000 0.000000
29.850000 -0.000000
29.900000 -0.000000
29.950000 -0.000000
30.000000 -0.000000
30.050000 -0.000000
30.100000 0.000000
30.150000 0.000000
30.200000 0.000000
30.250000 0.000000
30.300000 0.000000
30.350000 -0.000000
30.400000 -0.000000
30.450000 -0.000000
30.500000 -0.000000
30.550000 0.000000
30.600000 0.000000
30.650000 0.000000
30.700000 0.000000
30.750000 0.000000
30.800000 -0.000000
30.850000 -0.000000
30.900000 -0.000000
30.950000 -0.000000
31.000000 -0.000000
31.050000 0.000000
31.100000 0.000000
31.150000 0.000000
31.200000 0.000000
31.250000 -0.000000
31.300000 -0.000000
31.350000 -0.000000
31.400000 -0.000000
31.450000 -0.000000
31.500000 0.000000
31.550000 0.000000
31.600000 0.000000
31.650000 0.000000
31.700000 -0.000000
31.750000 -0.000000
31.800000 -0.000000
31.850000 -0.000000
31.900000 -0.000000
31.950000 0.000000
32.000000 0.000000
32.050000 0.000000
32.100000 0.000000
32.150000 0.000000
32.200000 -0.000000
32.250000 -0.000000
32.300000 -0.000000
32.350000 -0.000000
32.400000 0.000000
32.450000 0.000000
32.500000 0.000000
32.550000 0.000000
32.600000 0.000000
32.650000 -0.000000
32.700000 -0.000000
32.750000 -0.000000
32.800000 -0.000000
32.850000 0.000000
32.900000 0.000000
32.950000 0.000000
33.000000 0.000000
33.050000 -0.000000
33.100000 -0.000000
33.150000 -0.000000
33.200000 -0.000000
33.250000 -0.000000
33.300000 0.000000
33.350000 0.000000
33.400000 0.000000
33.450000 0.000000
33.500000 -0.000000
33.550000 -0.000000
33.600000 -0.000000
33.650000 -0.000000
33.700000 -0.000000
33.750000 0.000000
33.800000 0.000000
33.850000 0.000000
33.900000 0.000000
33.950000 -0.000000
34.000000 -0.000000
34.050000 -0.000000
34.100000 -0.000000
34.150000 0.000000
34.200000 0.000000
34.250000 0.000000
34.300000 0.000000
34.350000 0.000000
34.400000 -0.000000
34.450000 -0.000000
34.500000 -0.000000
34.550000 -0.000000
34.600000 0.000000
34.650000 0.000000
34.700000 0.000000
34.750000 0.000000
34.800000 -0.000000
34.850000 -0.000000
34.900000 -0.000000
34.950000 -0.000000
35.000000 -0.000000
35.050000 0.000000
35.100000 0.000000
35.150000 0.000000
35.200000 0.000000
35.250000 -0.000000
35.300000 -0.000000
35.350000 -0.000000
35.400000 -0.000000
35.450000 0.000000
35.500000 0.000000
35.550000 0.000000
35.600000 0.000000
35.650000 0.000000
35.700000 -0.000000
35.750000 -0.000000
35.800000 -0.000000
35.850000 -0.000000
35.900000 0.000000
35.950000 0.000000
36.000000 0.000000
36.050000 0.000000
36.100000 -0.000000
36.150000 -0.000000
36.200000 -0.000000
36.250000 -0.000000
36.300000 0.000000
36.350000 0.000000
36.400000 0.000000
36.450000 0.000000
36.500000 -0.000000
36.550000 -0.000000
36.600000 -0.000000
36.650000 -0.000000
36.700000 -0.000000
36.750000 0.000000
36.800000 0.000000
36.850000 0.000000
36.900000 0.000000
36.950000 -0.000000
37.000000 -0.000000
37.050000 -0.000000
37.100000 -0.000000
37.150000 0.000000
37.200000 0.000000
37.250000 0.000000
37.300000 0.000000
37.350000 -0.000000
37.400000 -0.000000
37.450000 -0.000000
37.500000 -0.000000
37.550000 0.000000
37.600000 0.000000
37.650000 0.000000
37.700000 0.000000
37.750000 -0.000000
37.800000 -0.000000
37.850000 -0.000000
37.900000 -0.000000
37.950000 0.000000
38.000000 0.000000
38.050000 0.000000
38.100000 0.000000
38.150000 -0.000000
38.200000 -0.000000
38.250000 -0.000000
38.300000 -0.000000
38.350000 0.000000
38.400000 0.000000
38.450000 0.000000
38.500000 0.000000
38.550000 0.000000
38.600000 -0.000000
38.650000 -0.000000
38.700000 -0.000000
38.750000 0.000000
38.800000 0.000000
38.850000 0.000000
38.900000 0.000000
38.950000 0.000000
39.000000 -0.000000
39.050000 -0.000000
39.100000 -0.000000
39.150000 -0.000000
39.200000 0.000000
39.250000 0.000000
39.300000 0.000000
39.350000 -0.000000
39.400000 -0.000000
39.450000 -0.000000
39.500000 -0.000000
39.550000 -0.000000
39.600000 0.000000
39.650000 0.000000
39.700000 0.000000
39.750000 -0.000000
39.800000 -0.000000
39.850000 -0.000000
39.900000 -0.000000
39.950000 0.000000
40.000000 0.000000
40.050000 0.000000
40.100000 0.000000
40.150000 -0.000000
40.200000 -0.000000
40.250000 -0.000000
40.300000 -0.000000
40.350000 0.000000
40.400000 0.000000
40.450000 0.000000
40.500000 0.000000
40.550000 -0.000000
40.600000 -0.000000
40.650000 -0.000000
40.700000 -0.000000
40.750000 0.000000
40.800000 0.000000
40.850000 0.000000
40.900000 0.000000
40.950000 -0.000000
41.000000 -0.000000
41.050000 -0.000000
41.100000 -0.000000
41.150000 0.000000
41.200000 0.000000
41.250000 0.000000
41.300000 0.000000
41.350000 -0.000000
41.400000 -0.000000
41.450000 -0.000000
41.500000 0.000000
41.550000 0.000000
41.600000 0.000000
41.650000 0.000000
41.700000 -0.000000
41.750000 -0.000000
41.800000 -0.000000
41.850000 -0.000000
41.900000 0.000000
41.950000 0.000000
42.000000 0.000000
42.050000 0.000000
42.100000 -0.000000
42.150000 -0.000000
42.200000 -0.000000
42.250000 -0.000000
42.300000 0.000000
42.350000 0.000000
42.400000 0.000000
42.450000 0.000000
42.500000 -0.000000
42.550000 -0.000000
42.600000 -0.000000
42.650000 0.000000
42.700000 0.000000
42.750000 0.000000
42.800000 0.000000
42.850000 -0.000000
42.900000 -0.000000
42.950000 -0.000000
43.000000 -0.000000
43.050000 0.000000
43.100000 0.000000
43.150000 0.000000
43.200000 -0.000000
43.250000 -0.000000
43.300000 -0.000000
43.350000 -0.000000
43.400000 0.000000
43.450000 0.000000
43.500000 0.000000
43.550000 0.000000
43.600000 -0.000000
43.650000 -0.000000
43.700000 -0.000000
43.750000 -0.000000
43.800000 0.000000
43.850000 0.000000
43.900000 0.000000
43.950000 -0.000000
44.000000 -0.000000
44.050000 -0.000000
44.100000 -0.000000
44.150000 0.000000
44.200000 0.000000
44.250000 0.000000
44.300000 0.000000
44.350000 -0.000000
44.400000 -0.000000
44.450000 -0.000000
44.500000 0.000000
44.550000 0.000000
44.600000 0.000000
44.650000 0.000000
44.700000 -0.000000
44.750000 -0.000000
44.800000 -0.000000
44.850000 0.000000
44.900000 0.000000
44.950000 0.000000
