-30.000000 0.000524
-29.950000 0.000372
-29.900000 0.000750
-29.850000 0.000459
-29.800000 0.000711
-29.750000 0.000305
-29.700000 0.000461
-29.650000 -0.000025
-29.600000 0.000072
-29.550000 -0.000454
-29.500000 -0.000373
-29.450000 -0.000897
-29.400000 -0.000792
-29.350000 -0.001273
-29.300000 -0.001108
-29.250000 -0.001517
-29.200000 -0.001267
-29.150000 -0.001584
-29.100000 -0.001236
-29.050000 -0.001458
-29.000000 -0.001016
-28.950000 -0.001152
-28.900000 -0.000633
-28.850000 -0.000707
-28.800000 -0.000138
-28.750000 -0.000180
-28.700000 0.000404
-28.650000 0.000358
-28.600000 0.000922
-28.550000 0.000837
-28.500000 0.001348
-28.450000 0.001194
-28.400000 0.001626
-28.350000 0.001382
-28.300000 0.001718
-28.250000 0.001372
-28.200000 0.001608
-28.150000 0.001163
-28.100000 0.001307
-28.050000 0.000778
-28.000000 0.000850
-27.950000 0.000261
-27.900000 0.000292
-27.850000 -0.000322
-27.800000 -0.000295
-27.750000 -0.000896
-27.700000 -0.000835
-27.650000 -0.001385
-27.600000 -0.001255
-27.550000 -0.001723
-27.500000 -0.001497
-27.450000 -0.001862
-27.400000 -0.001527
-27.350000 -0.001783
-27.300000 -0.001340
-27.250000 -0.001495
-27.200000 -0.000958
-27.150000 -0.001033
-27.100000 -0.000430
-27.050000 -0.000456
-27.000000 0.000180
-26.950000 0.000165
-26.900000 0.000795
-26.850000 0.000754
-26.800000 0.001342
-26.750000 0.001239
-26.700000 0.001752
-26.650000 0.001560
-26.600000 0.001975
-26.550000 0.001676
-26.500000 0.001980
-26.450000 0.001567
-26.400000 0.001762
-26.350000 0.001243
-26.300000 0.001342
-26.250000 0.000738
-26.200000 0.000768
-26.150000 0.000111
-26.100000 0.000107
-26.050000 -0.000565
-26.000000 -0.000560
-25.950000 -0.001204
-25.900000 -0.001150
-25.850000 -0.001729
-25.800000 -0.001590
-25.750000 -0.002071
-25.700000 -0.001822
-25.650000 -0.002188
-25.600000 -0.001818
-25.550000 -0.002063
-25.500000 -0.001576
-25.450000 -0.001712
-25.400000 -0.001123
-25.350000 -0.001174
-25.300000 -0.000513
-25.250000 -0.000511
-25.200000 0.000185
-25.150000 0.000202
-25.100000 0.000893
-25.050000 0.000884
-25.000000 0.001530
-24.950000 0.001457
-24.900000 0.002024
-24.850000 0.001854
-24.800000 0.002315
-24.750000 0.002028
-24.700000 0.002366
-24.650000 0.001951
-24.600000 0.002164
-24.550000 0.001628
-24.500000 0.001728
-24.450000 0.001089
-24.400000 0.001103
-24.350000 0.000394
-24.300000 0.000359
-24.250000 -0.000380
-24.200000 -0.000421
-24.150000 -0.001144
-24.100000 -0.001145
-24.050000 -0.001810
-24.000000 -0.001732
-23.950000 -0.002302
-23.900000 -0.002112
-23.850000 -0.002562
-23.800000 -0.002244
-23.750000 -0.002562
-23.700000 -0.002111
-23.650000 -0.002301
-23.600000 -0.001726
-23.550000 -0.001804
-23.500000 -0.001128
-23.450000 -0.001123
-23.400000 -0.000380
-23.350000 -0.000327
-23.300000 0.000444
-23.250000 0.000501
-23.200000 0.001256
-23.150000 0.001275
-23.100000 0.001971
-23.050000 0.001910
-23.000000 0.002510
-22.950000 0.002335
-22.900000 0.002810
-22.850000 0.002499
-22.800000 0.002834
-22.750000 0.002378
-22.700000 0.002572
-22.650000 0.001980
-22.600000 0.002050
-22.550000 0.001345
-22.500000 0.001319
-22.450000 0.000537
-22.400000 0.000457
-22.350000 -0.000359
-22.300000 -0.000447
-22.250000 -0.001249
-22.200000 -0.001299
-22.150000 -0.002042
-22.100000 -0.002012
-22.050000 -0.002657
-22.000000 -0.002512
-21.950000 -0.003031
-21.900000 -0.002748
-21.850000 -0.003125
-21.800000 -0.002695
-21.750000 -0.002926
-21.700000 -0.002352
-21.650000 -0.002448
-21.600000 -0.001748
-21.550000 -0.001733
-21.500000 -0.000937
-21.450000 -0.000846
-21.400000 0.000005
-21.350000 0.000127
-21.300000 0.000987
-21.250000 0.001092
-21.200000 0.001911
-21.150000 0.001950
-21.100000 0.002683
-21.050000 0.002613
-21.000000 0.003221
-20.950000 0.003011
-20.900000 0.003470
-20.850000 0.003102
-20.800000 0.003401
-20.750000 0.002874
-20.700000 0.003020
-20.650000 0.002347
-20.600000 0.002362
-20.550000 0.001571
-20.500000 0.001487
-20.450000 0.000616
-20.400000 0.000475
-20.350000 -0.000430
-20.300000 -0.000581
-20.250000 -0.001473
-20.200000 -0.001586
-20.150000 -0.002419
-20.100000 -0.002449
-20.050000 -0.003179
-20.000000 -0.003086
-19.950000 -0.003680
-19.900000 -0.003436
-19.850000 -0.003869
-19.800000 -0.003457
-19.750000 -0.003722
-19.700000 -0.003142
-19.650000 -0.003245
-19.600000 -0.002511
-19.550000 -0.002475
-19.500000 -0.001618
-19.450000 -0.001480
-19.400000 -0.000542
-19.350000 -0.000348
-19.300000 0.000621
-19.250000 0.000818
-19.200000 0.001764
-19.150000 0.001912
-19.100000 0.002786
-19.050000 0.002836
-19.000000 0.003595
-18.950000 0.003510
-18.900000 0.004120
-18.850000 0.003874
-18.800000 0.004315
-18.750000 0.003895
-18.700000 0.004161
-18.650000 0.003566
-18.600000 0.003664
-18.550000 0.002909
-18.500000 0.002861
-18.450000 0.001973
-18.400000 0.001812
-18.350000 0.000830
-18.300000 0.000599
-18.250000 -0.000428
-18.200000 -0.000678
-18.150000 -0.001698
-18.100000 -0.001911
-18.050000 -0.002869
-18.000000 -0.002993
-17.950000 -0.003839
-17.900000 -0.003829
-17.850000 -0.004522
-17.800000 -0.004343
-17.750000 -0.004857
-17.700000 -0.004489
-17.650000 -0.004812
-17.600000 -0.004252
-17.550000 -0.004389
-17.500000 -0.003650
-17.450000 -0.003619
-17.400000 -0.002727
-17.350000 -0.002563
-17.300000 -0.001556
-17.250000 -0.001300
-17.200000 -0.000224
-17.150000 0.000075
-17.100000 0.001169
-17.050000 0.001458
-17.000000 0.002517
-16.950000 0.002744
-16.900000 0.003716
-16.850000 0.003832
-16.800000 0.004671
-16.750000 0.004633
-16.700000 0.005303
-16.650000 0.005079
-16.600000 0.005553
-16.550000 0.005126
-16.500000 0.005394
-16.450000 0.004762
-16.400000 0.004832
-16.350000 0.004010
-16.300000 0.003903
-16.250000 0.002921
-16.200000 0.002676
-16.150000 0.001577
-16.100000 0.001240
-16.050000 0.000076
-16.000000 -0.000298
-15.950000 -0.001472
-15.900000 -0.001827
-15.850000 -0.002957
-15.800000 -0.003239
-15.750000 -0.004271
-15.700000 -0.004431
-15.650000 -0.005321
-15.600000 -0.005319
-15.550000 -0.006029
-15.500000 -0.005834
-15.450000 -0.006341
-15.400000 -0.005933
-15.350000 -0.006225
-15.300000 -0.005601
-15.250000 -0.005680
-15.200000 -0.004849
-15.150000 -0.004734
-15.100000 -0.003722
-15.050000 -0.003445
-15.000000 -0.002292
-14.950000 -0.001898
-14.900000 -0.000655
-14.850000 -0.000199
-14.800000 0.001077
-14.750000 0.001534
-14.700000 0.002782
-14.650000 0.003181
-14.600000 0.004345
-14.550000 0.004632
-14.500000 0.005659
-14.450000 0.005787
-14.400000 0.006638
-14.350000 0.006572
-14.300000 0.007216
-14.250000 0.006934
-14.200000 0.007354
-14.150000 0.006844
-14.100000 0.007037
-14.050000 0.006301
-14.000000 0.006276
-13.950000 0.005330
-13.900000 0.005108
-13.850000 0.003982
-13.800000 0.003598
-13.750000 0.002331
-13.700000 0.001832
-13.650000 0.000477
-13.600000 -0.000082
-13.550000 -0.001468
-13.500000 -0.002026
-13.450000 -0.003380
-13.400000 -0.003876
-13.350000 -0.005138
-13.300000 -0.005513
-13.250000 -0.006629
-13.200000 -0.006832
-13.150000 -0.007758
-13.100000 -0.007752
-13.050000 -0.008454
-13.000000 -0.008213
-12.950000 -0.008674
-12.900000 -0.008187
-12.850000 -0.008401
-12.800000 -0.007671
-12.750000 -0.007647
-12.700000 -0.006688
-12.650000 -0.006447
-12.600000 -0.005286
-12.550000 -0.004861
-12.500000 -0.003535
-12.450000 -0.002968
-12.400000 -0.001525
-12.350000 -0.000868
-12.300000 0.000637
-12.250000 0.001325
-12.200000 0.002832
-12.150000 0.003490
-12.100000 0.004935
-12.050000 0.005501
-12.000000 0.006826
-11.950000 0.007243
-11.900000 0.008395
-11.850000 0.008617
-11.800000 0.009553
-11.750000 0.009542
-11.700000 0.010234
-11.650000 0.009968
-11.600000 0.010398
-11.550000 0.009869
-11.500000 0.010036
-11.450000 0.009246
-11.400000 0.009160
-11.350000 0.008126
-11.300000 0.007808
-11.250000 0.006557
-11.200000 0.006039
-11.150000 0.004607
-11.100000 0.003930
-11.050000 0.002362
-11.000000 0.001575
-10.950000 -0.000075
-10.900000 -0.000914
-10.850000 -0.002587
-10.800000 -0.003419
-10.750000 -0.005053
-10.700000 -0.005814
-10.650000 -0.007346
-10.600000 -0.007976
-10.550000 -0.009349
-10.500000 -0.009794
-10.450000 -0.010959
-10.400000 -0.011174
-10.350000 -0.012092
-10.300000 -0.012047
-10.250000 -0.012693
-10.200000 -0.012368
-10.150000 -0.012731
-10.100000 -0.012121
-10.050000 -0.012200
-10.000000 -0.011311
-9.950000 -0.011119
-9.900000 -0.009968
-9.850000 -0.009527
-9.800000 -0.008142
-9.750000 -0.007483
-9.700000 -0.005901
-9.650000 -0.005066
-9.600000 -0.003331
-9.550000 -0.002370
-9.500000 -0.000536
-9.450000 0.000496
-9.400000 0.002370
-9.350000 0.003411
-9.300000 0.005264
-9.250000 0.006253
-9.200000 0.008023
-9.150000 0.008899
-9.100000 0.010527
-9.050000 0.011236
-9.000000 0.012672
-8.950000 0.013167
-8.900000 0.014370
-8.850000 0.014614
-8.800000 0.015552
-8.750000 0.015520
-8.700000 0.016172
-8.650000 0.015848
-8.600000 0.016205
-8.550000 0.015583
-8.500000 0.015642
-8.450000 0.014724
-8.400000 0.014493
-8.350000 0.013291
-8.300000 0.012785
-8.250000 0.011321
-8.200000 0.010566
-8.150000 0.008870
-8.100000 0.007902
-8.050000 0.006014
-8.000000 0.004877
-7.950000 0.002846
-7.900000 0.001594
-7.850000 -0.000524
-7.800000 -0.001834
-7.750000 -0.003979
-7.700000 -0.005287
-7.650000 -0.007399
-7.600000 -0.008646
-7.550000 -0.010669
-7.500000 -0.011799
-7.450000 -0.013680
-7.400000 -0.014644
-7.350000 -0.016335
-7.300000 -0.017089
-7.250000 -0.018550
-7.200000 -0.019055
-7.150000 -0.020251
-7.100000 -0.020477
-7.050000 -0.021381
-7.000000 -0.021303
-6.950000 -0.021893
-6.900000 -0.021495
-6.850000 -0.021759
-6.800000 -0.021033
-6.750000 -0.020969
-6.700000 -0.019917
-6.650000 -0.019533
-6.600000 -0.018169
-6.550000 -0.017483
-6.500000 -0.015833
-6.450000 -0.014876
-6.400000 -0.012972
-6.350000 -0.011782
-6.300000 -0.009667
-6.250000 -0.008287
-6.200000 -0.006006
-6.150000 -0.004483
-6.100000 -0.002082
-6.050000 -0.000464
-6.000000 0.002009
-5.950000 0.003677
-5.900000 0.006175
-5.850000 0.007846
-5.800000 0.010323
-5.750000 0.011950
-5.700000 0.014362
-5.650000 0.015900
-5.600000 0.018200
-5.550000 0.019606
-5.500000 0.021750
-5.450000 0.022980
-5.400000 0.024929
-5.350000 0.025944
-5.300000 0.027661
-5.250000 0.028429
-5.200000 0.029885
-5.150000 0.030380
-5.100000 0.031552
-5.050000 0.031756
-5.000000 0.032630
-4.950000 0.032533
-4.900000 0.033102
-4.850000 0.032698
-4.800000 0.032959
-4.750000 0.032248
-4.700000 0.032204
-4.650000 0.031189
-4.600000 0.030843
-4.550000 0.029530
-4.500000 0.028888
-4.450000 0.027285
-4.400000 0.026358
-4.350000 0.024475
-4.300000 0.023275
-4.250000 0.021130
-4.200000 0.019676
-4.150000 0.017289
-4.100000 0.015607
-4.050000 0.013005
-4.000000 0.011123
-3.950000 0.008337
-3.900000 0.006286
-3.850000 0.003349
-3.800000 0.001164
-3.750000 -0.001890
-3.700000 -0.004178
-3.650000 -0.007319
-3.600000 -0.009677
-3.550000 -0.012874
-3.500000 -0.015274
-3.450000 -0.018498
-3.400000 -0.020912
-3.350000 -0.024134
-3.300000 -0.026533
-3.250000 -0.029726
-3.200000 -0.032081
-3.150000 -0.035214
-3.100000 -0.037494
-3.050000 -0.040537
-3.000000 -0.042713
-2.950000 -0.045636
-2.900000 -0.047678
-2.850000 -0.050453
-2.800000 -0.052335
-2.750000 -0.054938
-2.700000 -0.056638
-2.650000 -0.059050
-2.600000 -0.060553
-2.550000 -0.062761
-2.500000 -0.064056
-2.450000 -0.066052
-2.400000 -0.067132
-2.350000 -0.068911
-2.300000 -0.069774
-2.250000 -0.071332
-2.200000 -0.071973
-2.150000 -0.073308
-2.100000 -0.073725
-2.050000 -0.074835
-2.000000 -0.075026
-1.950000 -0.075910
-1.900000 -0.075877
-1.850000 -0.076537
-1.800000 -0.076284
-1.750000 -0.076728
-1.700000 -0.076263
-1.650000 -0.076502
-1.600000 -0.075841
-1.550000 -0.075890
-1.500000 -0.075049
-1.450000 -0.074928
-1.400000 -0.073928
-1.350000 -0.073657
-1.300000 -0.072517
-1.250000 -0.072115
-1.200000 -0.070854
-1.150000 -0.070340
-1.100000 -0.068975
-1.050000 -0.068363
-1.000000 -0.066909
-0.950000 -0.066216
-0.900000 -0.064688
-0.850000 -0.063927
-0.800000 -0.062341
-0.750000 -0.061531
-0.700000 -0.059904
-0.650000 -0.059064
-0.600000 -0.057419
-0.550000 -0.056571
-0.500000 -0.054931
-0.450000 -0.054100
-0.400000 -0.052490
-0.350000 -0.051700
-0.300000 -0.050145
-0.250000 -0.049420
-0.200000 -0.047942
-0.150000 -0.047304
-0.100000 -0.045925
-0.050000 -0.045396
0.000000 -0.044136
0.050000 -0.043738
0.100000 -0.042623
0.150000 -0.042382
0.200000 -0.041441
0.250000 -0.041391
0.300000 -0.040660
0.350000 -0.040843
0.400000 -0.040371
0.450000 -0.040840
0.500000 -0.040685
0.550000 -0.041504
0.600000 -0.041736
0.650000 -0.042983
0.700000 -0.043687
0.750000 -0.045453
0.800000 -0.046730
0.850000 -0.049124
0.900000 -0.051093
0.950000 -0.054249
1.000000 -0.057055
1.050000 -0.061132
1.100000 -0.064955
1.150000 -0.070152
1.200000 -0.075211
1.250000 -0.081773
1.300000 -0.088341
1.350000 -0.096570
1.400000 -0.104983
1.450000 -0.115248
1.500000 -0.125911
1.550000 -0.138659
1.600000 -0.152059
1.650000 -0.167820
1.700000 -0.184534
1.750000 -0.203932
1.800000 -0.224631
1.850000 -0.248385
1.900000 -0.273835
1.950000 -0.302759
2.000000 -0.333820
2.050000 -0.368811
2.100000 -0.406412
2.150000 -0.448422
2.200000 -0.493524
2.250000 -0.543506
2.300000 -0.597031
2.350000 -0.655847
2.400000 -0.718564
2.450000 -0.786851
2.500000 -0.859215
2.550000 -0.937195
2.600000 -1.019138
2.650000 -1.106386
2.700000 -1.197060
2.750000 -1.292241
2.800000 -1.389760
2.850000 -1.490385
2.900000 -1.591615
2.950000 -1.693880
3.000000 -1.794357
3.050000 -1.893174
3.100000 -1.987254
3.150000 -2.076536
3.200000 -2.157840
3.250000 -2.231106
3.300000 -2.293272
3.350000 -2.344514
3.400000 -2.382139
3.450000 -2.406798
3.500000 -2.416373
3.550000 -2.412164
3.600000 -2.392742
3.650000 -2.360099
3.700000 -2.313474
3.750000 -2.255462
3.800000 -2.185819
3.850000 -2.107545
3.900000 -2.020685
3.950000 -1.928397
4.000000 -1.830770
4.050000 -1.730894
4.100000 -1.628705
4.150000 -1.527059
4.200000 -1.425609
4.250000 -1.326894
4.300000 -1.230236
4.350000 -1.137840
4.400000 -1.048710
4.450000 -0.964748
4.500000 -0.884691
4.550000 -0.810199
4.600000 -0.739800
4.650000 -0.674980
4.700000 -0.614126
4.750000 -0.558606
4.800000 -0.506723
4.850000 -0.459775
4.900000 -0.416024
4.950000 -0.376737
5.000000 -0.340162
5.050000 -0.307564
5.100000 -0.277197
5.150000 -0.250336
5.200000 -0.225256
5.250000 -0.203252
5.300000 -0.182623
5.350000 -0.164688
5.400000 -0.147776
5.450000 -0.133225
5.500000 -0.119392
5.550000 -0.107639
5.600000 -0.096346
5.650000 -0.086894
5.700000 -0.077684
5.750000 -0.070113
5.800000 -0.062603
5.850000 -0.056563
5.900000 -0.050432
5.950000 -0.045632
6.000000 -0.040615
6.050000 -0.036813
6.100000 -0.032693
6.150000 -0.029693
6.200000 -0.026293
6.250000 -0.023939
6.300000 -0.021120
6.350000 -0.019286
6.400000 -0.016937
6.450000 -0.015527
6.500000 -0.013562
6.550000 -0.012498
6.600000 -0.010847
6.650000 -0.010067
6.700000 -0.008674
6.750000 -0.008127
6.800000 -0.006945
6.850000 -0.006586
6.900000 -0.005573
6.950000 -0.005362
7.000000 -0.004481
7.050000 -0.004385
7.100000 -0.003605
7.150000 -0.003595
7.200000 -0.002890
7.250000 -0.002945
7.300000 -0.002298
7.350000 -0.002402
7.400000 -0.001801
7.450000 -0.001946
7.500000 -0.001385
7.550000 -0.001568
7.600000 -0.001045
7.650000 -0.001264
7.700000 -0.000778
7.750000 -0.001032
7.800000 -0.000580
7.850000 -0.000865
7.900000 -0.000442
7.950000 -0.000750
8.000000 -0.000348
8.050000 -0.000672
8.100000 -0.000282
8.150000 -0.000612
8.200000 -0.000226
8.250000 -0.000555
8.300000 -0.000167
8.350000 -0.000491
8.400000 -0.000099
8.450000 -0.000418
8.500000 -0.000024
8.550000 -0.000342
8.600000 0.000049
8.650000 -0.000273
8.700000 0.000109
8.750000 -0.000222
8.800000 0.000148
8.850000 -0.000196
8.900000 0.000161
8.950000 -0.000195
9.000000 0.000149
9.050000 -0.000216
9.100000 0.000122
9.150000 -0.000245
9.200000 0.000093
9.250000 -0.000269
9.300000 0.000075
9.350000 -0.000276
9.400000 0.000078
9.450000 -0.000261
9.500000 0.000103
9.550000 -0.000226
9.600000 0.000144
9.650000 -0.000181
9.700000 0.000189
9.750000 -0.000139
9.800000 0.000223
9.850000 -0.000113
9.900000 0.000237
9.950000 -0.000110
10.000000 0.000227
10.050000 -0.000131
10.100000 0.000195
10.150000 -0.000169
10.200000 0.000154
10.250000 -0.000209
10.300000 0.000116
10.350000 -0.000239
10.400000 0.000094
10.450000 -0.000249
10.500000 0.000096
10.550000 -0.000235
10.600000 0.000120
10.650000 -0.000201
10.700000 0.000160
10.750000 -0.000156
10.800000 0.000203
10.850000 -0.000116
10.900000 0.000236
10.950000 -0.000093
11.000000 0.000246
11.050000 -0.000094
11.100000 0.000232
11.150000 -0.000119
11.200000 0.000196
11.250000 -0.000161
11.300000 0.000150
11.350000 -0.000206
11.400000 0.000108
11.450000 -0.000239
11.500000 0.000085
11.550000 -0.000249
11.600000 0.000088
11.650000 -0.000232
11.700000 0.000115
11.750000 -0.000194
11.800000 0.000159
11.850000 -0.000146
11.900000 0.000205
11.950000 -0.000104
12.000000 0.000238
12.050000 -0.000081
12.100000 0.000248
12.150000 -0.000084
12.200000 0.000231
12.250000 -0.000111
12.300000 0.000193
12.350000 -0.000156
12.400000 0.000144
12.450000 -0.000202
12.500000 0.000101
12.550000 -0.000237
12.600000 0.000076
12.650000 -0.000249
12.700000 0.000077
12.750000 -0.000233
12.800000 0.000104
12.850000 -0.000194
12.900000 0.000149
12.950000 -0.000144
13.000000 0.000199
13.050000 -0.000098
13.100000 0.000237
13.150000 -0.000070
13.200000 0.000251
13.250000 -0.000069
13.300000 0.000236
13.350000 -0.000097
13.400000 0.000196
13.450000 -0.000144
13.500000 0.000143
13.550000 -0.000196
13.600000 0.000094
13.650000 -0.000236
13.700000 0.000064
13.750000 -0.000251
13.800000 0.000063
13.850000 -0.000237
13.900000 0.000089
13.950000 -0.000198
14.000000 0.000136
14.050000 -0.000145
14.100000 0.000189
14.150000 -0.000094
14.200000 0.000231
14.250000 -0.000061
14.300000 0.000251
14.350000 -0.000056
14.400000 0.000240
14.450000 -0.000079
14.500000 0.000203
14.550000 -0.000125
14.600000 0.000150
14.650000 -0.000180
14.700000 0.000096
14.750000 -0.000227
14.800000 0.000058
14.850000 -0.000251
14.900000 0.000046
14.950000 -0.000246
15.000000 0.000067
15.050000 -0.000210
15.100000 0.000112
15.150000 -0.000155
15.200000 0.000170
15.250000 -0.000098
15.300000 0.000222
15.350000 -0.000054
15.400000 0.000251
15.450000 -0.000038
15.500000 0.000250
15.550000 -0.000055
15.600000 0.000217
15.650000 -0.000100
15.700000 0.000162
15.750000 -0.000158
15.800000 0.000102
15.850000 -0.000213
15.900000 0.000054
15.950000 -0.000248
16.000000 0.000033
16.050000 -0.000252
16.100000 0.000044
16.150000 -0.000225
16.200000 0.000084
16.250000 -0.000173
16.300000 0.000142
16.350000 -0.000111
16.400000 0.000200
16.450000 -0.000058
16.500000 0.000243
16.550000 -0.000027
16.600000 0.000256
16.650000 -0.000030
16.700000 0.000235
16.750000 -0.000065
16.800000 0.000186
16.850000 -0.000123
16.900000 0.000122
16.950000 -0.000186
17.000000 0.000062
17.050000 -0.000237
17.100000 0.000023
17.150000 -0.000259
17.200000 0.000017
17.250000 -0.000245
17.300000 0.000047
17.350000 -0.000199
17.400000 0.000103
17.450000 -0.000134
17.500000 0.000169
17.550000 -0.000069
17.600000 0.000226
17.650000 -0.000023
17.700000 0.000257
17.750000 -0.000008
17.800000 0.000252
17.850000 -0.000029
17.900000 0.000214
17.950000 -0.000080
18.000000 0.000152
18.050000 -0.000147
18.100000 0.000084
18.150000 -0.000210
18.200000 0.000028
18.250000 -0.000251
18.300000 0.000001
18.350000 -0.000260
18.400000 0.000010
18.450000 -0.000231
18.500000 0.000053
18.550000 -0.000173
18.600000 0.000119
18.650000 -0.000102
18.700000 0.000189
18.750000 -0.000036
18.800000 0.000243
18.850000 0.000004
18.900000 0.000265
18.950000 0.000008
19.000000 0.000247
19.050000 -0.000027
19.100000 0.000195
19.150000 -0.000091
19.200000 0.000122
19.250000 -0.000165
19.300000 0.000050
19.350000 -0.000229
19.400000 -0.000002
19.450000 -0.000263
19.500000 -0.000019
19.550000 -0.000259
19.600000 0.000003
19.650000 -0.000217
19.700000 0.000059
19.750000 -0.000149
19.800000 0.000133
19.850000 -0.000072
19.900000 0.000205
19.950000 -0.000008
20.000000 0.000254
20.050000 0.000025
20.100000 0.000267
20.150000 0.000020
20.200000 0.000241
20.250000 -0.000024
20.300000 0.000180
20.350000 -0.000095
20.400000 0.000101
20.450000 -0.000174
20.500000 0.000026
20.550000 -0.000239
20.600000 -0.000026
20.650000 -0.000271
20.700000 -0.000039
20.750000 -0.000261
20.800000 -0.000010
20.850000 -0.000211
20.900000 0.000055
20.950000 -0.000134
21.000000 0.000137
21.050000 -0.000050
21.100000 0.000214
21.150000 0.000017
21.200000 0.000264
21.250000 0.000049
21.300000 0.000274
21.350000 0.000037
21.400000 0.000240
21.450000 -0.000015
21.500000 0.000171
21.550000 -0.000093
21.600000 0.000086
21.650000 -0.000177
21.700000 0.000007
21.750000 -0.000244
21.800000 -0.000046
21.850000 -0.000276
21.900000 -0.000058
21.950000 -0.000265
22.000000 -0.000026
22.050000 -0.000212
22.100000 0.000042
22.150000 -0.000130
22.200000 0.000129
22.250000 -0.000041
22.300000 0.000212
22.350000 0.000032
22.400000 0.000269
22.450000 0.000070
22.500000 0.000283
22.550000 0.000062
22.600000 0.000250
22.650000 0.000008
22.700000 0.000177
22.750000 -0.000076
22.800000 0.000085
22.850000 -0.000169
22.900000 -0.000004
22.950000 -0.000246
23.000000 -0.000066
23.050000 -0.000285
23.100000 -0.000084
23.150000 -0.000277
23.200000 -0.000053
23.250000 -0.000223
23.300000 0.000019
23.350000 -0.000137
23.400000 0.000112
23.450000 -0.000041
23.500000 0.000203
23.550000 0.000041
23.600000 0.000268
23.650000 0.000088
23.700000 0.000291
23.750000 0.000088
23.800000 0.000265
23.850000 0.000040
23.900000 0.000196
23.950000 -0.000044
24.000000 0.000100
24.050000 -0.000143
24.100000 0.000002
24.150000 -0.000232
24.200000 -0.000075
24.250000 -0.000288
24.300000 -0.000109
24.350000 -0.000295
24.400000 -0.000091
24.450000 -0.000251
24.500000 -0.000025
24.550000 -0.000165
24.600000 0.000073
24.650000 -0.000060
24.700000 0.000177
24.750000 0.000038
24.800000 0.000260
24.850000 0.000104
24.900000 0.000302
24.950000 0.000121
25.000000 0.000291
25.050000 0.000085
25.100000 0.000229
25.150000 0.000004
25.200000 0.000132
25.250000 -0.000101
25.300000 0.000023
25.350000 -0.000204
25.400000 -0.000070
25.450000 -0.000280
25.500000 -0.000125
25.550000 -0.000309
25.600000 -0.000129
25.650000 -0.000284
25.700000 -0.000079
25.750000 -0.000210
25.800000 0.000012
25.850000 -0.000104
25.900000 0.000123
25.950000 0.000008
26.000000 0.000228
26.050000 0.000100
26.100000 0.000299
26.150000 0.000148
26.200000 0.000318
26.250000 0.000139
26.300000 0.000279
26.350000 0.000075
26.400000 0.000191
26.450000 -0.000030
26.500000 0.000074
26.550000 -0.000148
26.600000 -0.000042
26.650000 -0.000252
26.700000 -0.000129
26.750000 -0.000315
26.800000 -0.000165
26.850000 -0.000321
26.900000 -0.000143
26.950000 -0.000269
27.000000 -0.000067
27.050000 -0.000170
27.100000 0.000045
27.150000 -0.000049
27.200000 0.000166
27.250000 0.000067
27.300000 0.000267
27.350000 0.000150
27.400000 0.000325
27.450000 0.000180
27.500000 0.000324
27.550000 0.000150
27.600000 0.000264
27.650000 0.000067
27.700000 0.000159
27.750000 -0.000053
27.800000 0.000030
27.850000 -0.000180
27.900000 -0.000090
27.950000 -0.000284
28.000000 -0.000174
28.050000 -0.000339
28.100000 -0.000200
28.150000 -0.000332
28.200000 -0.000162
28.250000 -0.000262
28.300000 -0.000067
28.350000 -0.000146
28.400000 0.000061
28.450000 -0.000011
28.500000 0.000193
28.550000 0.000112
28.600000 0.000297
28.650000 0.000194
28.700000 0.000349
28.750000 0.000215
28.800000 0.000336
28.850000 0.000171
28.900000 0.000261
28.950000 0.000071
29.000000 0.000140
29.050000 -0.000061
29.100000 0.000001
29.150000 -0.000196
29.200000 -0.000125
29.250000 -0.000304
29.300000 -0.000210
29.350000 -0.000358
29.400000 -0.000233
29.450000 -0.000347
29.500000 -0.000190
29.550000 -0.000270
29.600000 -0.000087
29.650000 -0.000145
29.700000 0.000052
29.750000 0.000003
29.800000 0.000197
29.850000 0.000138
29.900000 0.000312
29.950000 0.000230
30.000000 0.000372
30.050000 0.000257
30.100000 0.000361
30.150000 0.000211
30.200000 0.000281
30.250000 0.000104
30.300000 0.000150
30.350000 -0.000042
30.400000 -0.000004
30.450000 -0.000192
30.500000 -0.000145
30.550000 -0.000314
30.600000 -0.000242
30.650000 -0.000379
30.700000 -0.000275
30.750000 -0.000374
30.800000 -0.000234
30.850000 -0.000298
30.900000 -0.000130
30.950000 -0.000168
31.000000 0.000016
31.050000 -0.000011
31.100000 0.000174
31.150000 0.000140
31.200000 0.000307
31.250000 0.000251
31.300000 0.000387
31.350000 0.000298
31.400000 0.000395
31.450000 0.000269
31.500000 0.000327
31.550000 0.000168
31.600000 0.000197
31.650000 0.000018
31.700000 0.000031
31.750000 -0.000151
31.800000 -0.000133
31.850000 -0.000299
31.900000 -0.000259
31.950000 -0.000394
32.000000 -0.000320
32.050000 -0.000415
32.100000 -0.000302
32.150000 -0.000356
32.200000 -0.000208
32.250000 -0.000229
32.300000 -0.000058
32.350000 -0.000062
32.400000 0.000115
32.450000 0.000110
32.500000 0.000275
32.550000 0.000252
32.600000 0.000388
32.650000 0.000333
32.700000 0.000430
32.750000 0.000336
32.800000 0.000391
32.850000 0.000260
32.900000 0.000278
32.950000 0.000118
33.000000 0.000112
33.050000 -0.000060
33.100000 -0.000071
33.150000 -0.000237
33.200000 -0.000235
33.250000 -0.000376
33.300000 -0.000345
33.350000 -0.000447
33.400000 -0.000375
33.450000 -0.000432
33.500000 -0.000318
33.550000 -0.000333
33.600000 -0.000185
33.650000 -0.000170
33.700000 -0.000004
33.750000 0.000023
33.800000 0.000188
33.850000 0.000206
33.900000 0.000350
33.950000 0.000341
34.000000 0.000448
34.050000 0.000400
34.100000 0.000462
34.150000 0.000371
34.200000 0.000389
34.250000 0.000259
34.300000 0.000242
34.350000 0.000087
34.400000 0.000050
34.450000 -0.000111
34.500000 -0.000148
34.550000 -0.000297
34.600000 -0.000314
34.650000 -0.000432
34.700000 -0.000413
34.750000 -0.000488
34.800000 -0.000426
34.850000 -0.000452
34.900000 -0.000346
34.950000 -0.000330
35.000000 -0.000189
35.050000 -0.000143
35.100000 0.000014
35.150000 0.000070
35.200000 0.000224
35.250000 0.000269
35.300000 0.000398
35.350000 0.000411
35.400000 0.000498
35.450000 0.000467
35.500000 0.000505
35.550000 0.000426
35.600000 0.000415
35.650000 0.000294
35.700000 0.000246
35.750000 0.000099
35.800000 0.000031
35.850000 -0.000122
35.900000 -0.000188
35.950000 -0.000325
36.000000 -0.000369
36.050000 -0.000472
36.100000 -0.000477
36.150000 -0.000533
36.200000 -0.000491
36.250000 -0.000495
36.300000 -0.000406
36.350000 -0.000365
36.400000 -0.000238
36.450000 -0.000165
36.500000 -0.000018
36.550000 0.000068
36.600000 0.000214
36.650000 0.000290
36.700000 0.000412
36.750000 0.000457
36.800000 0.000537
36.850000 0.000536
36.900000 0.000562
36.950000 0.000510
37.000000 0.000482
37.050000 0.000382
37.100000 0.000309
37.150000 0.000176
37.200000 0.000077
37.250000 -0.000069
37.300000 -0.000171
37.350000 -0.000305
37.400000 -0.000387
37.450000 -0.000488
37.500000 -0.000531
37.550000 -0.000583
37.600000 -0.000575
37.650000 -0.000571
37.700000 -0.000511
37.750000 -0.000454
37.800000 -0.000349
37.850000 -0.000253
37.900000 -0.000120
37.950000 -0.000003
38.000000 0.000136
38.050000 0.000251
38.100000 0.000373
38.150000 0.000463
38.200000 0.000547
38.250000 0.000592
38.300000 0.000623
38.350000 0.000615
38.400000 0.000587
38.450000 0.000523
38.500000 0.000441
38.550000 0.000332
38.600000 0.000211
38.650000 0.000076
38.700000 -0.000063
38.750000 -0.000199
38.800000 -0.000329
38.850000 -0.000441
38.900000 -0.000539
38.950000 -0.000605
39.000000 -0.000653
39.050000 -0.000661
39.100000 -0.000650
39.150000 -0.000597
39.200000 -0.000531
39.250000 -0.000425
39.300000 -0.000316
39.350000 -0.000174
39.400000 -0.000043
39.450000 0.000113
39.500000 0.000241
39.550000 0.000384
39.600000 0.000485
39.650000 0.000593
39.700000 0.000647
39.750000 0.000703
39.800000 0.000696
39.850000 0.000692
39.900000 0.000623
39.950000 0.000561
40.000000 0.000436
40.050000 0.000330
40.100000 0.000167
40.150000 0.000037
40.200000 -0.000139
40.250000 -0.000266
40.300000 -0.000429
40.350000 -0.000526
40.400000 -0.000650
40.450000 -0.000696
40.500000 -0.000763
40.550000 -0.000744
40.600000 -0.000746
40.650000 -0.000660
40.700000 -0.000602
40.750000 -0.000458
40.800000 -0.000354
40.850000 -0.000172
40.900000 -0.000045
40.950000 0.000149
41.000000 0.000272
41.050000 0.000452
41.100000 0.000545
41.150000 0.000685
41.200000 0.000726
41.250000 0.000810
41.300000 0.000785
41.350000 0.000804
41.400000 0.000711
41.450000 0.000666
41.500000 0.000512
41.550000 0.000417
41.600000 0.000220
41.650000 0.000097
41.700000 -0.000118
41.750000 -0.000243
41.800000 -0.000448
41.850000 -0.000546
41.900000 -0.000713
41.950000 -0.000759
42.000000 -0.000868
42.050000 -0.000844
42.100000 -0.000883
42.150000 -0.000786
42.200000 -0.000755
42.250000 -0.000591
42.300000 -0.000504
42.350000 -0.000291
42.400000 -0.000171
42.450000 0.000065
42.500000 0.000190
42.550000 0.000419
42.600000 0.000520
42.650000 0.000714
42.700000 0.000765
42.750000 0.000902
42.800000 0.000886
42.850000 0.000953
42.900000 0.000862
42.950000 0.000857
43.000000 0.000695
43.050000 0.000627
43.100000 0.000408
43.150000 0.000298
43.200000 0.000046
43.250000 -0.000081
43.300000 -0.000338
43.350000 -0.000451
43.400000 -0.000681
43.450000 -0.000752
43.500000 -0.000930
43.550000 -0.000934
43.600000 -0.001041
43.650000 -0.000966
43.700000 -0.000994
43.750000 -0.000838
43.800000 -0.000793
43.850000 -0.000568
43.900000 -0.000467
43.950000 -0.000196
44.000000 -0.000065
44.050000 0.000223
44.100000 0.000353
44.150000 0.000628
44.200000 0.000727
44.250000 0.000961
44.300000 0.001006
44.350000 0.001178
44.400000 0.001154
44.450000 0.001256
44.500000 0.001158
44.550000 0.001193
44.600000 0.001030
44.650000 0.001011
44.700000 0.000801
44.750000 0.000750
44.800000 0.000519
44.850000 0.000462
44.900000 0.000236
44.950000 0.000199
