-30.000000 0.000019
-29.950000 0.000022
-29.900000 0.000042
-29.850000 0.000043
-29.800000 0.000058
-29.750000 0.000053
-29.700000 0.000059
-29.650000 0.000045
-29.600000 0.000042
-29.550000 0.000021
-29.500000 0.000011
-29.450000 -0.000012
-29.400000 -0.000022
-29.350000 -0.000042
-29.300000 -0.000046
-29.250000 -0.000057
-29.200000 -0.000051
-29.150000 -0.000050
-29.100000 -0.000035
-29.050000 -0.000025
-29.000000 -0.000003
-28.950000 0.000010
-28.900000 0.000031
-28.850000 0.000041
-28.800000 0.000056
-28.750000 0.000057
-28.700000 0.000060
-28.650000 0.000050
-28.600000 0.000041
-28.550000 0.000023
-28.500000 0.000007
-28.450000 -0.000014
-28.400000 -0.000030
-28.350000 -0.000048
-28.300000 -0.000057
-28.250000 -0.000065
-28.200000 -0.000063
-28.150000 -0.000057
-28.100000 -0.000044
-28.050000 -0.000028
-28.000000 -0.000008
-27.950000 0.000012
-27.900000 0.000032
-27.850000 0.000050
-27.800000 0.000062
-27.750000 0.000069
-27.700000 0.000069
-27.650000 0.000064
-27.600000 0.000050
-27.550000 0.000035
-27.500000 0.000012
-27.450000 -0.000008
-27.400000 -0.000032
-27.350000 -0.000049
-27.300000 -0.000066
-27.250000 -0.000073
-27.200000 -0.000078
-27.150000 -0.000070
-27.100000 -0.000061
-27.050000 -0.000041
-27.000000 -0.000023
-26.950000 0.000005
-26.900000 0.000025
-26.850000 0.000051
-26.800000 0.000064
-26.750000 0.000081
-26.700000 0.000081
-26.650000 0.000083
-26.600000 0.000068
-26.550000 0.000057
-26.500000 0.000029
-26.450000 0.000010
-26.400000 -0.000022
-26.350000 -0.000041
-26.300000 -0.000069
-26.250000 -0.000078
-26.200000 -0.000093
-26.150000 -0.000087
-26.100000 -0.000087
-26.050000 -0.000065
-26.000000 -0.000051
-25.950000 -0.000018
-25.900000 0.000003
-25.850000 0.000039
-25.800000 0.000056
-25.750000 0.000085
-25.700000 0.000090
-25.650000 0.000105
-25.600000 0.000093
-25.550000 0.000090
-25.500000 0.000062
-25.450000 0.000046
-25.400000 0.000007
-25.350000 -0.000014
-25.300000 -0.000054
-25.250000 -0.000070
-25.200000 -0.000100
-25.150000 -0.000102
-25.100000 -0.000115
-25.050000 -0.000098
-25.000000 -0.000094
-24.950000 -0.000060
-24.900000 -0.000042
-24.850000 0.000002
-24.800000 0.000024
-24.750000 0.000067
-24.700000 0.000082
-24.650000 0.000114
-24.600000 0.000113
-24.550000 0.000127
-24.500000 0.000105
-24.450000 0.000100
-24.400000 0.000060
-24.350000 0.000041
-24.300000 -0.000008
-24.250000 -0.000031
-24.200000 -0.000079
-24.150000 -0.000093
-24.100000 -0.000128
-24.050000 -0.000125
-24.000000 -0.000140
-23.950000 -0.000115
-23.900000 -0.000109
-23.850000 -0.000065
-23.800000 -0.000044
-23.750000 0.000010
-23.700000 0.000034
-23.650000 0.000087
-23.600000 0.000102
-23.550000 0.000141
-23.500000 0.000138
-23.450000 0.000155
-23.400000 0.000128
-23.350000 0.000123
-23.300000 0.000075
-23.250000 0.000053
-23.200000 -0.000006
-23.150000 -0.000033
-23.100000 -0.000091
-23.050000 -0.000109
-23.000000 -0.000153
-22.950000 -0.000151
-22.900000 -0.000172
-22.850000 -0.000145
-22.800000 -0.000142
-22.750000 -0.000092
-22.700000 -0.000070
-22.650000 -0.000006
-22.600000 0.000024
-22.550000 0.000088
-22.500000 0.000110
-22.450000 0.000161
-22.400000 0.000164
-22.350000 0.000191
-22.300000 0.000167
-22.250000 0.000167
-22.200000 0.000117
-22.150000 0.000095
-22.100000 0.000027
-22.050000 -0.000005
-22.000000 -0.000077
-21.950000 -0.000105
-21.900000 -0.000165
-21.850000 -0.000174
-21.800000 -0.000210
-21.750000 -0.000191
-21.700000 -0.000198
-21.650000 -0.000150
-21.600000 -0.000131
-21.550000 -0.000061
-21.500000 -0.000026
-21.450000 0.000053
-21.400000 0.000087
-21.350000 0.000158
-21.300000 0.000176
-21.250000 0.000224
-21.200000 0.000215
-21.150000 0.000232
-21.100000 0.000190
-21.050000 0.000177
-21.000000 0.000108
-20.950000 0.000073
-20.900000 -0.000011
-20.850000 -0.000053
-20.800000 -0.000135
-20.750000 -0.000165
-20.700000 -0.000228
-20.650000 -0.000232
-20.600000 -0.000264
-20.550000 -0.000234
-20.500000 -0.000231
-20.450000 -0.000168
-20.400000 -0.000136
-20.350000 -0.000050
-20.300000 -0.000003
-20.250000 0.000089
-20.200000 0.000132
-20.150000 0.000212
-20.100000 0.000234
-20.050000 0.000285
-20.000000 0.000273
-19.950000 0.000287
-19.900000 0.000237
-19.850000 0.000215
-19.800000 0.000133
-19.750000 0.000085
-19.700000 -0.000014
-19.650000 -0.000069
-19.600000 -0.000165
-19.550000 -0.000207
-19.500000 -0.000282
-19.450000 -0.000293
-19.400000 -0.000331
-19.350000 -0.000303
-19.300000 -0.000299
-19.250000 -0.000231
-19.200000 -0.000191
-19.150000 -0.000093
-19.100000 -0.000033
-19.050000 0.000077
-19.000000 0.000138
-18.950000 0.000236
-18.900000 0.000276
-18.850000 0.000345
-18.800000 0.000347
-18.750000 0.000373
-18.700000 0.000329
-18.650000 0.000310
-18.600000 0.000225
-18.550000 0.000170
-18.500000 0.000058
-18.450000 -0.000014
-18.400000 -0.000133
-18.350000 -0.000200
-18.300000 -0.000302
-18.250000 -0.000341
-18.200000 -0.000405
-18.150000 -0.000400
-18.100000 -0.000416
-18.050000 -0.000361
-18.000000 -0.000329
-17.950000 -0.000230
-17.900000 -0.000161
-17.850000 -0.000036
-17.800000 0.000049
-17.750000 0.000178
-17.700000 0.000253
-17.650000 0.000360
-17.600000 0.000402
-17.550000 0.000466
-17.500000 0.000459
-17.450000 0.000469
-17.400000 0.000407
-17.350000 0.000365
-17.300000 0.000256
-17.250000 0.000174
-17.200000 0.000036
-17.150000 -0.000063
-17.100000 -0.000204
-17.050000 -0.000292
-17.000000 -0.000409
-16.950000 -0.000460
-16.900000 -0.000531
-16.850000 -0.000528
-16.800000 -0.000539
-16.750000 -0.000477
-16.700000 -0.000429
-16.650000 -0.000313
-16.600000 -0.000220
-16.550000 -0.000070
-16.500000 0.000044
-16.450000 0.000201
-16.400000 0.000307
-16.350000 0.000440
-16.300000 0.000510
-16.250000 0.000595
-16.200000 0.000607
-16.150000 0.000628
-16.100000 0.000574
-16.050000 0.000529
-16.000000 0.000413
-15.950000 0.000313
-15.900000 0.000154
-15.850000 0.000023
-15.800000 -0.000151
-15.750000 -0.000281
-15.700000 -0.000438
-15.650000 -0.000536
-15.600000 -0.000647
-15.550000 -0.000687
-15.500000 -0.000731
-15.450000 -0.000699
-15.400000 -0.000668
-15.350000 -0.000563
-15.300000 -0.000466
-15.250000 -0.000304
-15.200000 -0.000161
-15.150000 0.000030
-15.100000 0.000187
-15.050000 0.000375
-15.000000 0.000510
-14.950000 0.000659
-14.900000 0.000742
-14.850000 0.000826
-14.800000 0.000834
-14.750000 0.000836
-14.700000 0.000761
-14.650000 0.000683
-14.600000 0.000534
-14.550000 0.000390
-14.500000 0.000190
-14.450000 0.000011
-14.400000 -0.000207
-14.350000 -0.000386
-14.300000 -0.000583
-14.250000 -0.000723
-14.200000 -0.000865
-14.150000 -0.000935
-14.100000 -0.000995
-14.050000 -0.000977
-14.000000 -0.000944
-13.950000 -0.000835
-13.900000 -0.000715
-13.850000 -0.000529
-13.800000 -0.000344
-13.750000 -0.000109
-13.700000 0.000106
-13.650000 0.000350
-13.600000 0.000554
-13.550000 0.000767
-13.500000 0.000920
-13.450000 0.001064
-13.400000 0.001134
-13.350000 0.001183
-13.300000 0.001153
-13.250000 0.001097
-13.200000 0.000965
-13.150000 0.000813
-13.100000 0.000596
-13.050000 0.000374
-13.000000 0.000105
-12.950000 -0.000149
-12.900000 -0.000427
-12.850000 -0.000668
-12.800000 -0.000911
-12.750000 -0.001095
-12.700000 -0.001261
-12.650000 -0.001353
-12.600000 -0.001414
-12.550000 -0.001392
-12.500000 -0.001335
-12.450000 -0.001198
-12.400000 -0.001030
-12.350000 -0.000793
-12.300000 -0.000540
-12.250000 -0.000238
-12.200000 0.000060
-12.150000 0.000383
-12.100000 0.000677
-12.050000 0.000971
-12.000000 0.001213
-11.950000 0.001430
-11.900000 0.001577
-11.850000 0.001683
-11.800000 0.001707
-11.750000 0.001681
-11.700000 0.001572
-11.650000 0.001415
-11.600000 0.001183
-11.550000 0.000917
-11.500000 0.000592
-11.450000 0.000253
-11.400000 -0.000119
-11.350000 -0.000480
-11.300000 -0.000846
-11.250000 -0.001175
-11.200000 -0.001481
-11.150000 -0.001725
-11.100000 -0.001925
-11.050000 -0.002044
-11.000000 -0.002104
-10.950000 -0.002076
-10.900000 -0.001983
-10.850000 -0.001805
-10.800000 -0.001568
-10.750000 -0.001258
-10.700000 -0.000906
-10.650000 -0.000503
-10.600000 -0.000082
-10.550000 0.000361
-10.500000 0.000793
-10.450000 0.001217
-10.400000 0.001600
-10.350000 0.001945
-10.300000 0.002225
-10.250000 0.002442
-10.200000 0.002574
-10.150000 0.002629
-10.100000 0.002590
-10.050000 0.002469
-10.000000 0.002258
-9.950000 0.001971
-9.900000 0.001607
-9.850000 0.001185
-9.800000 0.000711
-9.750000 0.000204
-9.700000 -0.000325
-9.650000 -0.000854
-9.600000 -0.001371
-9.550000 -0.001856
-9.500000 -0.002296
-9.450000 -0.002674
-9.400000 -0.002978
-9.350000 -0.003197
-9.300000 -0.003322
-9.250000 -0.003348
-9.200000 -0.003272
-9.150000 -0.003095
-9.100000 -0.002819
-9.050000 -0.002452
-9.000000 -0.001999
-8.950000 -0.001478
-8.900000 -0.000897
-8.850000 -0.000277
-8.800000 0.000370
-8.750000 0.001020
-8.700000 0.001662
-8.650000 0.002268
-8.600000 0.002831
-8.550000 0.003323
-8.500000 0.003740
-8.450000 0.004057
-8.400000 0.004277
-8.350000 0.004376
-8.300000 0.004366
-8.250000 0.004228
-8.200000 0.003979
-8.150000 0.003608
-8.100000 0.003139
-8.050000 0.002564
-8.000000 0.001914
-7.950000 0.001187
-7.900000 0.000418
-7.850000 -0.000393
-7.800000 -0.001206
-7.750000 -0.002022
-7.700000 -0.002797
-7.650000 -0.003536
-7.600000 -0.004194
-7.550000 -0.004779
-7.500000 -0.005249
-7.450000 -0.005616
-7.400000 -0.005842
-7.350000 -0.005948
-7.300000 -0.005898
-7.250000 -0.005721
-7.200000 -0.005388
-7.150000 -0.004933
-7.100000 -0.004334
-7.050000 -0.003633
-7.000000 -0.002811
-6.950000 -0.001918
-6.900000 -0.000938
-6.850000 0.000075
-6.800000 0.001133
-6.750000 0.002180
-6.700000 0.003228
-6.650000 0.004218
-6.600000 0.005165
-6.550000 0.006011
-6.500000 0.006774
-6.450000 0.007397
-6.400000 0.007904
-6.350000 0.008242
-6.300000 0.008442
-6.250000 0.008454
-6.200000 0.008317
-6.150000 0.007987
-6.100000 0.007509
-6.050000 0.006846
-6.000000 0.006051
-5.950000 0.005089
-5.900000 0.004022
-5.850000 0.002821
-5.800000 0.001551
-5.750000 0.000187
-5.700000 -0.001201
-5.650000 -0.002637
-5.600000 -0.004048
-5.550000 -0.005458
-5.500000 -0.006791
-5.450000 -0.008075
-5.400000 -0.009234
-5.350000 -0.010299
-5.300000 -0.011196
-5.250000 -0.011960
-5.200000 -0.012521
-5.150000 -0.012921
-5.100000 -0.013094
-5.050000 -0.013088
-5.000000 -0.012843
-4.950000 -0.012413
-4.900000 -0.011744
-4.850000 -0.010899
-4.800000 -0.009828
-4.750000 -0.008600
-4.700000 -0.007171
-4.650000 -0.005616
-4.600000 -0.003895
-4.550000 -0.002088
-4.500000 -0.000159
-4.450000 0.001810
-4.400000 0.003852
-4.350000 0.005882
-4.300000 0.007934
-4.250000 0.009919
-4.200000 0.011874
-4.150000 0.013710
-4.100000 0.015466
-4.050000 0.017053
-4.000000 0.018512
-3.950000 0.019759
-3.900000 0.020838
-3.850000 0.021666
-3.800000 0.022294
-3.750000 0.022642
-3.700000 0.022765
-3.650000 0.022587
-3.600000 0.022169
-3.550000 0.021439
-3.500000 0.020461
-3.450000 0.019170
-3.400000 0.017634
-3.350000 0.015791
-3.300000 0.013714
-3.250000 0.011345
-3.200000 0.008762
-3.150000 0.005909
-3.100000 0.002867
-3.050000 -0.000417
-3.000000 -0.003858
-2.950000 -0.007508
-2.900000 -0.011280
-2.850000 -0.015224
-2.800000 -0.019251
-2.750000 -0.023412
-2.700000 -0.027617
-2.650000 -0.031916
-2.600000 -0.036220
-2.550000 -0.040580
-2.500000 -0.044907
-2.450000 -0.049256
-2.400000 -0.053536
-2.350000 -0.057807
-2.300000 -0.061980
-2.250000 -0.066118
-2.200000 -0.070135
-2.150000 -0.074097
-2.100000 -0.077922
-2.050000 -0.081680
-2.000000 -0.085295
-1.950000 -0.088841
-1.900000 -0.092245
-1.850000 -0.095589
-1.800000 -0.098805
-1.750000 -0.101978
-1.700000 -0.105049
-1.650000 -0.108109
-1.600000 -0.111104
-1.550000 -0.114134
-1.500000 -0.117150
-1.450000 -0.120261
-1.400000 -0.123427
-1.350000 -0.126762
-1.300000 -0.130237
-1.250000 -0.133976
-1.200000 -0.137958
-1.150000 -0.142319
-1.100000 -0.147049
-1.050000 -0.152295
-1.000000 -0.158060
-0.950000 -0.164506
-0.900000 -0.171650
-0.850000 -0.179669
-0.800000 -0.188596
-0.750000 -0.198628
-0.700000 -0.209816
-0.650000 -0.222375
-0.600000 -0.236379
-0.550000 -0.252064
-0.500000 -0.269525
-0.450000 -0.289023
-0.400000 -0.310674
-0.350000 -0.334760
-0.300000 -0.361419
-0.250000 -0.390952
-0.200000 -0.423512
-0.150000 -0.459410
-0.100000 -0.498805
-0.050000 -0.542006
0.000000 -0.589160
0.050000 -0.640550
0.100000 -0.696284
0.150000 -0.756588
0.200000 -0.821494
0.250000 -0.891127
0.300000 -0.965392
0.350000 -1.044257
0.400000 -1.127442
0.450000 -1.214699
0.500000 -1.305502
0.550000 -1.399330
0.600000 -1.495360
0.650000 -1.592759
0.700000 -1.690393
0.750000 -1.787123
0.800000 -1.881531
0.850000 -1.972241
0.900000 -2.057656
0.950000 -2.136300
1.000000 -2.206574
1.050000 -2.267102
1.100000 -2.316503
1.150000 -2.353736
1.200000 -2.377859
1.250000 -2.388362
1.300000 -2.384907
1.350000 -2.367626
1.400000 -2.336835
1.450000 -2.293299
1.500000 -2.237913
1.550000 -2.171940
1.600000 -2.096675
1.650000 -2.013670
1.700000 -1.924396
1.750000 -1.830464
1.800000 -1.733302
1.850000 -1.634391
1.900000 -1.534957
1.950000 -1.436220
2.000000 -1.339116
2.050000 -1.244555
2.100000 -1.153159
2.150000 -1.065532
2.200000 -0.982010
2.250000 -0.902933
2.300000 -0.828403
2.350000 -0.758556
2.400000 -0.693320
2.450000 -0.632688
2.500000 -0.576474
2.550000 -0.524579
2.600000 -0.476748
2.650000 -0.432834
2.700000 -0.392551
2.750000 -0.355731
2.800000 -0.322084
2.850000 -0.291441
2.900000 -0.263521
2.950000 -0.238171
3.000000 -0.215126
3.050000 -0.194254
3.100000 -0.175314
3.150000 -0.158193
3.200000 -0.142678
3.250000 -0.128678
3.300000 -0.116001
3.350000 -0.104579
3.400000 -0.094243
3.450000 -0.084942
3.500000 -0.076527
3.550000 -0.068964
3.600000 -0.062120
3.650000 -0.055977
3.700000 -0.050417
3.750000 -0.045431
3.800000 -0.040915
3.850000 -0.036871
3.900000 -0.033206
3.950000 -0.029927
4.000000 -0.026951
4.050000 -0.024294
4.100000 -0.021879
4.150000 -0.019726
4.200000 -0.017765
4.250000 -0.016020
4.300000 -0.014428
4.350000 -0.013014
4.400000 -0.011721
4.450000 -0.010576
4.500000 -0.009524
4.550000 -0.008597
4.600000 -0.007742
4.650000 -0.006991
4.700000 -0.006295
4.750000 -0.005687
4.800000 -0.005120
4.850000 -0.004628
4.900000 -0.004166
4.950000 -0.003767
5.000000 -0.003390
5.050000 -0.003068
5.100000 -0.002760
5.150000 -0.002499
5.200000 -0.002248
5.250000 -0.002037
5.300000 -0.001831
5.350000 -0.001660
5.400000 -0.001492
5.450000 -0.001354
5.500000 -0.001216
5.550000 -0.001105
5.600000 -0.000991
5.650000 -0.000902
5.700000 -0.000808
5.750000 -0.000736
5.800000 -0.000659
5.850000 -0.000601
5.900000 -0.000537
5.950000 -0.000491
6.000000 -0.000438
6.050000 -0.000401
6.100000 -0.000357
6.150000 -0.000328
6.200000 -0.000291
6.250000 -0.000269
6.300000 -0.000238
6.350000 -0.000220
6.400000 -0.000194
6.450000 -0.000180
6.500000 -0.000158
6.550000 -0.000147
6.600000 -0.000129
6.650000 -0.000121
6.700000 -0.000105
6.750000 -0.000099
6.800000 -0.000086
6.850000 -0.000081
6.900000 -0.000070
6.950000 -0.000066
7.000000 -0.000057
7.050000 -0.000054
7.100000 -0.000047
7.150000 -0.000044
7.200000 -0.000038
7.250000 -0.000036
7.300000 -0.000031
7.350000 -0.000030
7.400000 -0.000026
7.450000 -0.000024
7.500000 -0.000021
7.550000 -0.000020
7.600000 -0.000017
7.650000 -0.000016
7.700000 -0.000014
7.750000 -0.000013
7.800000 -0.000012
7.850000 -0.000011
7.900000 -0.000010
7.950000 -0.000009
8.000000 -0.000008
8.050000 -0.000007
8.100000 -0.000007
8.150000 -0.000005
8.200000 -0.000006
8.250000 -0.000004
8.300000 -0.000005
8.350000 -0.000003
8.400000 -0.000004
8.450000 -0.000002
8.500000 -0.000004
8.550000 -0.000002
8.600000 -0.000004
8.650000 -0.000001
8.700000 -0.000003
8.750000 -0.000000
8.800000 -0.000003
8.850000 0.000000
8.900000 -0.000003
8.950000 0.000001
9.000000 -0.000003
9.050000 0.000001
9.100000 -0.000003
9.150000 0.000001
9.200000 -0.000003
9.250000 0.000002
9.300000 -0.000003
9.350000 0.000002
9.400000 -0.000003
9.450000 0.000002
9.500000 -0.000003
9.550000 0.000002
9.600000 -0.000003
9.650000 0.000002
9.700000 -0.000003
9.750000 0.000003
9.800000 -0.000003
9.850000 0.000003
9.900000 -0.000003
9.950000 0.000003
10.000000 -0.000003
10.050000 0.000003
10.100000 -0.000004
10.150000 0.000003
10.200000 -0.000004
10.250000 0.000004
10.300000 -0.000004
10.350000 0.000004
10.400000 -0.000004
10.450000 0.000004
10.500000 -0.000004
10.550000 0.000004
10.600000 -0.000004
10.650000 0.000004
10.700000 -0.000004
10.750000 0.000004
10.800000 -0.000005
10.850000 0.000004
10.900000 -0.000005
10.950000 0.000005
11.000000 -0.000005
11.050000 0.000005
11.100000 -0.000005
11.150000 0.000005
11.200000 -0.000005
11.250000 0.000005
11.300000 -0.000005
11.350000 0.000005
11.400000 -0.000005
11.450000 0.000005
11.500000 -0.000005
11.550000 0.000005
11.600000 -0.000005
11.650000 0.000006
11.700000 -0.000005
11.750000 0.000006
11.800000 -0.000006
11.850000 0.000006
11.900000 -0.000006
11.950000 0.000006
12.000000 -0.000006
12.050000 0.000006
12.100000 -0.000006
12.150000 0.000006
12.200000 -0.000006
12.250000 0.000006
12.300000 -0.000006
12.350000 0.000006
12.400000 -0.000006
12.450000 0.000006
12.500000 -0.000006
12.550000 0.000006
12.600000 -0.000006
12.650000 0.000007
12.700000 -0.000006
12.750000 0.000007
12.800000 -0.000007
12.850000 0.000007
12.900000 -0.000007
12.950000 0.000007
13.000000 -0.000007
13.050000 0.000007
13.100000 -0.000007
13.150000 0.000007
13.200000 -0.000007
13.250000 0.000007
13.300000 -0.000007
13.350000 0.000007
13.400000 -0.000007
13.450000 0.000007
13.500000 -0.000007
13.550000 0.000007
13.600000 -0.000007
13.650000 0.000007
13.700000 -0.000007
13.750000 0.000007
13.800000 -0.000007
13.850000 0.000007
13.900000 -0.000007
13.950000 0.000008
14.000000 -0.000007
14.050000 0.000008
14.100000 -0.000007
14.150000 0.000007
14.200000 -0.000008
14.250000 0.000007
14.300000 -0.000008
14.350000 0.000008
14.400000 -0.000008
14.450000 0.000008
14.500000 -0.000008
14.550000 0.000008
14.600000 -0.000008
14.650000 0.000008
14.700000 -0.000008
14.750000 0.000008
14.800000 -0.000008
14.850000 0.000008
14.900000 -0.000008
14.950000 0.000008
15.000000 -0.000008
15.050000 0.000008
15.100000 -0.000008
15.150000 0.000008
15.200000 -0.000008
15.250000 0.000008
15.300000 -0.000008
15.350000 0.000008
15.400000 -0.000008
15.450000 0.000008
15.500000 -0.000008
15.550000 0.000008
15.600000 -0.000008
15.650000 0.000008
15.700000 -0.000008
15.750000 0.000008
15.800000 -0.000008
15.850000 0.000008
15.900000 -0.000008
15.950000 0.000008
16.000000 -0.000008
16.050000 0.000008
16.100000 -0.000008
16.150000 0.000008
16.200000 -0.000008
16.250000 0.000008
16.300000 -0.000008
16.350000 0.000008
16.400000 -0.000008
16.450000 0.000008
16.500000 -0.000008
16.550000 0.000008
16.600000 -0.000008
16.650000 0.000008
16.700000 -0.000008
16.750000 0.000008
16.800000 -0.000008
16.850000 0.000008
16.900000 -0.000008
16.950000 0.000008
17.000000 -0.000007
17.050000 0.000008
17.100000 -0.000008
17.150000 0.000008
17.200000 -0.000008
17.250000 0.000007
17.300000 -0.000008
17.350000 0.000007
17.400000 -0.000008
17.450000 0.000007
17.500000 -0.000007
17.550000 0.000008
17.600000 -0.000007
17.650000 0.000008
17.700000 -0.000007
17.750000 0.000007
17.800000 -0.000007
17.850000 0.000007
17.900000 -0.000007
17.950000 0.000007
18.000000 -0.000007
18.050000 0.000007
18.100000 -0.000007
18.150000 0.000007
18.200000 -0.000007
18.250000 0.000007
18.300000 -0.000007
18.350000 0.000007
18.400000 -0.000007
18.450000 0.000007
18.500000 -0.000007
18.550000 0.000006
18.600000 -0.000007
18.650000 0.000007
18.700000 -0.000007
18.750000 0.000007
18.800000 -0.000006
18.850000 0.000007
18.900000 -0.000006
18.950000 0.000006
19.000000 -0.000006
19.050000 0.000006
19.100000 -0.000006
19.150000 0.000006
19.200000 -0.000006
19.250000 0.000006
19.300000 -0.000006
19.350000 0.000006
19.400000 -0.000006
19.450000 0.000006
19.500000 -0.000006
19.550000 0.000006
19.600000 -0.000006
19.650000 0.000006
19.700000 -0.000006
19.750000 0.000005
19.800000 -0.000006
19.850000 0.000005
19.900000 -0.000006
19.950000 0.000005
20.000000 -0.000005
20.050000 0.000006
20.100000 -0.000005
20.150000 0.000005
20.200000 -0.000005
20.250000 0.000005
20.300000 -0.000005
20.350000 0.000005
20.400000 -0.000005
20.450000 0.000005
20.500000 -0.000005
20.550000 0.000005
20.600000 -0.000004
20.650000 0.000005
20.700000 -0.000004
20.750000 0.000005
20.800000 -0.000004
20.850000 0.000004
20.900000 -0.000004
20.950000 0.000004
21.000000 -0.000004
21.050000 0.000004
21.100000 -0.000004
21.150000 0.000004
21.200000 -0.000004
21.250000 0.000004
21.300000 -0.000003
21.350000 0.000004
21.400000 -0.000003
21.450000 0.000004
21.500000 -0.000003
21.550000 0.000003
21.600000 -0.000004
21.650000 0.000003
21.700000 -0.000004
21.750000 0.000003
21.800000 -0.000003
21.850000 0.000003
21.900000 -0.000003
21.950000 0.000003
22.000000 -0.000002
22.050000 0.000003
22.100000 -0.000002
22.150000 0.000003
22.200000 -0.000003
22.250000 0.000002
22.300000 -0.000003
22.350000 0.000002
22.400000 -0.000003
22.450000 0.000002
22.500000 -0.000002
22.550000 0.000002
22.600000 -0.000002
22.650000 0.000002
22.700000 -0.000001
22.750000 0.000002
22.800000 -0.000002
22.850000 0.000001
22.900000 -0.000002
22.950000 0.000001
23.000000 -0.000002
23.050000 0.000001
23.100000 -0.000001
23.150000 0.000001
23.200000 -0.000001
23.250000 0.000001
23.300000 -0.000000
23.350000 0.000001
23.400000 -0.000000
23.450000 0.000001
23.500000 -0.000001
23.550000 0.000000
23.600000 -0.000001
23.650000 -0.000000
23.700000 -0.000001
23.750000 0.000000
23.800000 -0.000000
23.850000 0.000000
23.900000 0.000000
23.950000 0.000001
24.000000 0.000001
24.050000 0.000000
24.100000 0.000000
24.150000 -0.000001
24.200000 -0.000000
24.250000 -0.000001
24.300000 -0.000000
24.350000 -0.000001
24.400000 0.000000
24.450000 -0.000001
24.500000 0.000001
24.550000 -0.000000
24.600000 0.000002
24.650000 -0.000000
24.700000 0.000002
24.750000 -0.000001
24.800000 0.000001
24.850000 -0.000002
24.900000 0.000001
24.950000 -0.000002
25.000000 0.000001
25.050000 -0.000002
25.100000 0.000002
25.150000 -0.000001
25.200000 0.000002
25.250000 -0.000001
25.300000 0.000003
25.350000 -0.000002
25.400000 0.000002
25.450000 -0.000002
25.500000 0.000002
25.550000 -0.000003
25.600000 0.000002
25.650000 -0.000003
25.700000 0.000002
25.750000 -0.000003
25.800000 0.000003
25.850000 -0.000002
25.900000 0.000003
25.950000 -0.000002
26.000000 0.000003
26.050000 -0.000003
26.100000 0.000003
26.150000 -0.000003
26.200000 0.000003
26.250000 -0.000004
26.300000 0.000002
26.350000 -0.000004
26.400000 0.000003
26.450000 -0.000003
26.500000 0.000004
26.550000 -0.000003
26.600000 0.000004
26.650000 -0.000003
26.700000 0.000004
26.750000 -0.000004
26.800000 0.000004
26.850000 -0.000004
26.900000 0.000003
26.950000 -0.000005
27.000000 0.000003
27.050000 -0.000005
27.100000 0.000004
27.150000 -0.000004
27.200000 0.000005
27.250000 -0.000003
27.300000 0.000005
27.350000 -0.000004
27.400000 0.000005
27.450000 -0.000004
27.500000 0.000004
27.550000 -0.000005
27.600000 0.000004
27.650000 -0.000006
27.700000 0.000004
27.750000 -0.000005
27.800000 0.000005
27.850000 -0.000005
27.900000 0.000006
27.950000 -0.000004
28.000000 0.000006
28.050000 -0.000004
28.100000 0.000006
28.150000 -0.000005
28.200000 0.000005
28.250000 -0.000006
28.300000 0.000004
28.350000 -0.000006
28.400000 0.000005
28.450000 -0.000006
28.500000 0.000005
28.550000 -0.000005
28.600000 0.000006
28.650000 -0.000004
28.700000 0.000007
28.750000 -0.000005
28.800000 0.000006
28.850000 -0.000006
28.900000 0.000005
28.950000 -0.000007
29.000000 0.000005
29.050000 -0.000007
29.100000 0.000005
29.150000 -0.000006
29.200000 0.000006
29.250000 -0.000005
29.300000 0.000007
29.350000 -0.000005
29.400000 0.000007
29.450000 -0.000005
29.500000 0.000007
29.550000 -0.000006
29.600000 0.000005
29.650000 -0.000007
29.700000 0.000005
29.750000 -0.000007
29.800000 0.000005
29.850000 -0.000007
29.900000 0.000006
29.950000 -0.000006
30.000000 0.000007
30.050000 -0.000005
30.100000 0.000008
30.150000 -0.000005
30.200000 0.000007
30.250000 -0.000006
30.300000 0.000006
30.350000 -0.000008
30.400000 0.000005
30.450000 -0.000008
30.500000 0.000005
30.550000 -0.000007
30.600000 0.000006
30.650000 -0.000006
30.700000 0.000008
30.750000 -0.000005
30.800000 0.000008
30.850000 -0.000005
30.900000 0.000007
30.950000 -0.000006
31.000000 0.000006
31.050000 -0.000008
31.100000 0.000005
31.150000 -0.000008
31.200000 0.000005
31.250000 -0.000007
31.300000 0.000006
31.350000 -0.000006
31.400000 0.000008
31.450000 -0.000005
31.500000 0.000008
31.550000 -0.000005
31.600000 0.000008
31.650000 -0.000006
31.700000 0.000006
31.750000 -0.000008
31.800000 0.000005
31.850000 -0.000008
31.900000 0.000005
31.950000 -0.000008
32.000000 0.000006
32.050000 -0.000006
32.100000 0.000008
32.150000 -0.000005
32.200000 0.000008
32.250000 -0.000004
32.300000 0.000008
32.350000 -0.000006
32.400000 0.000006
32.450000 -0.000007
32.500000 0.000005
32.550000 -0.000008
32.600000 0.000004
32.650000 -0.000008
32.700000 0.000005
32.750000 -0.000006
32.800000 0.000007
32.850000 -0.000005
32.900000 0.000008
32.950000 -0.000004
33.000000 0.000008
33.050000 -0.000005
33.100000 0.000006
33.150000 -0.000007
33.200000 0.000004
33.250000 -0.000008
33.300000 0.000004
33.350000 -0.000008
33.400000 0.000004
33.450000 -0.000007
33.500000 0.000006
33.550000 -0.000004
33.600000 0.000008
33.650000 -0.000003
33.700000 0.000008
33.750000 -0.000004
33.800000 0.000007
33.850000 -0.000005
33.900000 0.000005
33.950000 -0.000007
34.000000 0.000003
34.050000 -0.000008
34.100000 0.000003
34.150000 -0.000007
34.200000 0.000005
34.250000 -0.000005
34.300000 0.000007
34.350000 -0.000003
34.400000 0.000008
34.450000 -0.000002
34.500000 0.000007
34.550000 -0.000004
34.600000 0.000005
34.650000 -0.000006
34.700000 0.000003
34.750000 -0.000008
34.800000 0.000002
34.850000 -0.000007
34.900000 0.000003
34.950000 -0.000005
35.000000 0.000005
35.050000 -0.000003
35.100000 0.000007
35.150000 -0.000001
35.200000 0.000007
35.250000 -0.000002
35.300000 0.000006
35.350000 -0.000004
35.400000 0.000003
35.450000 -0.000007
35.500000 0.000001
35.550000 -0.000007
35.600000 0.000001
35.650000 -0.000006
35.700000 0.000003
35.750000 -0.000003
35.800000 0.000006
35.850000 -0.000001
35.900000 0.000007
35.950000 -0.000000
36.000000 0.000006
36.050000 -0.000002
36.100000 0.000004
36.150000 -0.000005
36.200000 0.000001
36.250000 -0.000007
36.300000 -0.000001
36.350000 -0.000007
36.400000 0.000001
36.450000 -0.000004
36.500000 0.000003
36.550000 -0.000001
36.600000 0.000006
36.650000 0.000001
36.700000 0.000007
36.750000 0.000001
36.800000 0.000005
36.850000 -0.000002
36.900000 0.000002
36.950000 -0.000005
37.000000 -0.000001
37.050000 -0.000007
37.100000 -0.000002
37.150000 -0.000006
37.200000 0.000000
37.250000 -0.000002
37.300000 0.000004
37.350000 0.000001
37.400000 0.000006
37.450000 0.000003
37.500000 0.000006
37.550000 0.000002
37.600000 0.000003
37.650000 -0.000002
37.700000 -0.000000
37.750000 -0.000005
37.800000 -0.000003
37.850000 -0.000006
37.900000 -0.000003
37.950000 -0.000005
38.000000 -0.000000
38.050000 -0.000001
38.100000 0.000004
38.150000 0.000003
38.200000 0.000006
38.250000 0.000005
38.300000 0.000005
38.350000 0.000003
38.400000 0.000002
38.450000 -0.000001
38.500000 -0.000002
38.550000 -0.000005
38.600000 -0.000005
38.650000 -0.000006
38.700000 -0.000005
38.750000 -0.000004
38.800000 -0.000001
38.850000 0.000001
38.900000 0.000003
38.950000 0.000005
39.000000 0.000006
39.050000 0.000006
39.100000 0.000005
39.150000 0.000004
39.200000 0.000001
39.250000 -0.000001
39.300000 -0.000004
39.350000 -0.000005
39.400000 -0.000007
39.450000 -0.000006
39.500000 -0.000006
39.550000 -0.000003
39.600000 -0.000002
39.650000 0.000002
39.700000 0.000003
39.750000 0.000007
39.800000 0.000006
39.850000 0.000008
39.900000 0.000005
39.950000 0.000005
40.000000 0.000000
40.050000 -0.000000
40.100000 -0.000006
40.150000 -0.000005
40.200000 -0.000009
40.250000 -0.000006
40.300000 -0.000008
40.350000 -0.000003
40.400000 -0.000004
40.450000 0.000003
40.500000 0.000002
40.550000 0.000008
40.600000 0.000006
40.650000 0.000010
40.700000 0.000005
40.750000 0.000007
40.800000 0.000000
40.850000 0.000001
40.900000 -0.000006
40.950000 -0.000004
41.000000 -0.000011
41.050000 -0.000006
41.100000 -0.000011
41.150000 -0.000003
41.200000 -0.000006
41.250000 0.000003
41.300000 0.000001
41.350000 0.000009
41.400000 0.000006
41.450000 0.000012
41.500000 0.000006
41.550000 0.000010
41.600000 0.000001
41.650000 0.000004
41.700000 -0.000006
41.750000 -0.000003
41.800000 -0.000012
41.850000 -0.000007
41.900000 -0.000013
41.950000 -0.000005
42.000000 -0.000009
42.050000 0.000002
42.100000 -0.000002
42.150000 0.000009
42.200000 0.000005
42.250000 0.000014
42.300000 0.000007
42.350000 0.000013
42.400000 0.000003
42.450000 0.000007
42.500000 -0.000005
42.550000 -0.000001
42.600000 -0.000012
42.650000 -0.000007
42.700000 -0.000016
42.750000 -0.000007
42.800000 -0.000013
42.850000 -0.000001
42.900000 -0.000005
42.950000 0.000008
43.000000 0.000003
43.050000 0.000015
43.100000 0.000008
43.150000 0.000017
43.200000 0.000006
43.250000 0.000012
43.300000 -0.000001
43.350000 0.000003
43.400000 -0.000011
43.450000 -0.000005
43.500000 -0.000017
43.550000 -0.000009
43.600000 -0.000018
43.650000 -0.000006
43.700000 -0.000011
43.750000 0.000003
43.800000 -0.000001
43.850000 0.000013
43.900000 0.000007
43.950000 0.000019
44.000000 0.000010
44.050000 0.000018
44.100000 0.000005
44.150000 0.000010
44.200000 -0.000006
44.250000 -0.000001
44.300000 -0.000016
44.350000 -0.000009
44.400000 -0.000021
44.450000 -0.000010
44.500000 -0.000017
44.550000 -0.000002
44.600000 -0.000007
44.650000 0.000010
44.700000 0.000005
44.750000 0.000021
44.800000 0.000013
44.850000 0.000025
44.900000 0.000012
44.950000 0.000018
